0.00000	0.00268
0.48212	0.00268
0.96423	0.00267
1.44635	0.00261
1.92847	0.00250
2.41059	0.00232
2.89270	0.00208
3.37482	0.00178
3.85694	0.00146
4.33906	0.00118
4.82117	0.00092
5.30329	0.00071
5.78541	0.00056
6.26753	0.00049
6.74964	0.00046
7.23176	0.00046
7.71388	0.00048
8.19599	0.00049
8.67811	0.00049
9.16023	0.00049
9.64235	0.00047
10.12446	0.00044
10.60658	0.00041
11.08870	0.00038
11.57082	0.00035
12.05293	0.00033
12.53505	0.00030
13.01717	0.00026
13.49928	0.00022
13.98140	0.00017
14.46352	0.00013
14.94564	0.00013
15.42775	0.00020
15.90987	0.00031
16.39199	0.00047
16.87411	0.00069
17.35622	0.00095
17.83834	0.00126
18.32046	0.00163
18.80258	0.00205
19.28469	0.00253
19.76681	0.00307
20.24893	0.00365
20.73104	0.00427
21.21316	0.00493
21.69528	0.00562
22.17740	0.00632
22.65951	0.00705
23.14163	0.00779
23.62375	0.00854
24.10587	0.00931
24.58798	0.01010
25.07010	0.01092
25.55222	0.01178
26.03433	0.01269
26.51645	0.01365
26.99857	0.01467
27.48069	0.01573
27.96280	0.01684
28.44492	0.01799
28.92704	0.01917
29.40916	0.02037
29.89127	0.02160
30.37339	0.02284
30.85551	0.02409
31.33763	0.02537
31.81974	0.02667
32.30186	0.02804
32.78398	0.02950
33.26609	0.03110
33.74821	0.03290
34.23033	0.03497
34.71245	0.03737
35.19456	0.04013
35.67668	0.04327
36.15880	0.04679
36.64092	0.05062
37.12303	0.05467
37.60515	0.05885
38.08727	0.06303
38.56938	0.06712
39.05150	0.07106
39.53362	0.07480
40.01574	0.07838
40.49785	0.08184
40.97997	0.08525
41.46209	0.08867
41.94421	0.09213
42.42632	0.09561
42.90844	0.09905
43.39056	0.10232
43.87268	0.10526
44.35479	0.10775
44.83691	0.10967
45.31903	0.11102
45.80114	0.11189
46.28326	0.11248
46.76538	0.11313
47.24750	0.11423
47.72961	0.11619
48.21173	0.11937
48.69385	0.12403
49.17597	0.13028
49.65808	0.13805
50.14020	0.14707
50.62232	0.15696
51.10443	0.16725
51.58655	0.17747
52.06867	0.18724
52.55079	0.19632
53.03290	0.20464
53.51502	0.21232
53.99714	0.21967
54.47926	0.22708
54.96137	0.23495
55.44349	0.24366
55.92561	0.25345
56.40773	0.26438
56.88984	0.27634
57.37196	0.28904
57.85408	0.30206
58.33619	0.31493
58.81831	0.32716
59.30043	0.33836
59.78255	0.34826
60.26466	0.35674
60.74678	0.36387
61.22890	0.36982
61.71102	0.37491
62.19313	0.37945
62.67525	0.38377
63.15737	0.38811
63.63948	0.39257
64.12160	0.39713
64.60372	0.40162
65.08584	0.40574
65.56795	0.40912
66.05007	0.41135
66.53219	0.41211
67.01431	0.41116
67.49642	0.40844
67.97854	0.40412
68.46066	0.39853
68.94278	0.39221
69.42489	0.38583
69.90701	0.38007
70.38913	0.37558
70.87124	0.37283
71.35336	0.37209
71.83548	0.37334
72.31760	0.37631
72.79971	0.38052
73.28183	0.38535
73.76395	0.39023
74.24607	0.39469
74.72818	0.39852
75.21030	0.40184
75.69242	0.40505
76.17453	0.40882
76.65665	0.41394
77.13877	0.42116
77.62089	0.43103
78.10300	0.44379
78.58512	0.45924
79.06724	0.47681
79.54936	0.49557
80.03147	0.51445
80.51359	0.53238
80.99571	0.54851
81.47783	0.56235
81.95994	0.57383
82.44206	0.58338
82.92418	0.59178
83.40629	0.60003
83.88841	0.60918
84.37053	0.62011
84.85265	0.63338
85.33476	0.64914
85.81688	0.66706
86.29900	0.68642
86.78112	0.70620
87.26323	0.72522
87.74535	0.74239
88.22747	0.75682
88.70958	0.76799
89.19170	0.77581
89.67382	0.78066
90.15594	0.78331
90.63805	0.78480
91.12017	0.78629
91.60229	0.78886
92.08441	0.79337
92.56652	0.80026
93.04864	0.80952
93.53076	0.82066
94.01288	0.83277
94.49499	0.84467
94.97711	0.85512
95.45923	0.86296
95.94134	0.86740
96.42346	0.86807
96.90558	0.86517
97.38770	0.85939
97.86981	0.85189
98.35193	0.84403
98.83405	0.83723
99.31617	0.83272
99.79828	0.83132
100.28040	0.83334
100.76252	0.83856
101.24464	0.84618
101.72675	0.85508
102.20887	0.86387
102.69099	0.87124
103.17310	0.87607
103.65522	0.87765
104.13734	0.87578
104.61946	0.87078
105.10157	0.86345
105.58369	0.85494
106.06581	0.84657
106.54793	0.83960
107.03004	0.83511
107.51216	0.83378
107.99428	0.83579
108.47639	0.84084
108.95851	0.84816
109.44063	0.85662
109.92275	0.86492
110.40486	0.87181
110.88698	0.87625
111.36910	0.87759
111.85122	0.87571
112.33333	0.87097
112.81545	0.86424
113.29757	0.85667
113.77969	0.84953
114.26180	0.84398
114.74392	0.84086
115.22604	0.84052
115.70815	0.84279
116.19027	0.84697
116.67239	0.85195
117.15451	0.85643
117.63662	0.85913
118.11874	0.85902
118.60086	0.85552
119.08298	0.84858
119.56509	0.83869
120.04721	0.82683
120.52933	0.81425
121.01144	0.80233
121.49356	0.79230
121.97568	0.78509
122.45780	0.78120
122.93991	0.78059
123.42203	0.78274
123.90415	0.78675
124.38627	0.79145
124.86838	0.79562
125.35050	0.79815
125.83262	0.79822
126.31474	0.79540
126.79685	0.78970
127.27897	0.78153
127.76109	0.77168
128.24320	0.76109
128.72532	0.75079
129.20744	0.74163
129.68956	0.73425
130.17167	0.72889
130.65379	0.72542
131.13591	0.72334
131.61803	0.72190
132.10014	0.72020
132.58226	0.71739
133.06438	0.71279
133.54649	0.70601
134.02861	0.69703
134.51073	0.68616
134.99285	0.67403
135.47496	0.66147
135.95708	0.64935
136.43920	0.63844
136.92132	0.62934
137.40343	0.62235
137.88555	0.61743
138.36767	0.61428
138.84979	0.61233
139.33190	0.61090
139.81402	0.60932
140.29614	0.60699
140.77825	0.60352
141.26037	0.59879
141.74249	0.59293
142.22461	0.58631
142.70672	0.57943
143.18884	0.57291
143.67096	0.56728
144.15308	0.56297
144.63519	0.56016
145.11731	0.55885
145.59943	0.55874
146.08154	0.55939
146.56366	0.56021
147.04578	0.56063
147.52790	0.56010
148.01001	0.55829
148.49213	0.55503
148.97425	0.55040
149.45637	0.54470
149.93848	0.53834
150.42060	0.53184
150.90272	0.52567
151.38484	0.52021
151.86695	0.51568
152.34907	0.51209
152.83119	0.50928
153.31330	0.50691
153.79542	0.50455
154.27754	0.50177
154.75966	0.49815
155.24177	0.49344
155.72389	0.48750
156.20601	0.48041
156.68813	0.47239
157.17024	0.46378
157.65236	0.45500
158.13448	0.44648
158.61659	0.43860
159.09871	0.43163
159.58083	0.42573
160.06295	0.42090
160.54506	0.41703
161.02718	0.41392
161.50930	0.41129
161.99142	0.40891
162.47353	0.40655
162.95565	0.40408
163.43777	0.40146
163.91989	0.39876
164.40200	0.39611
164.88412	0.39371
165.36624	0.39177
165.84835	0.39044
166.33047	0.38983
166.81259	0.38995
167.29471	0.39070
167.77682	0.39192
168.25894	0.39335
168.74106	0.39473
169.22318	0.39582
169.70529	0.39640
170.18741	0.39635
170.66953	0.39563
171.15164	0.39428
171.63376	0.39241
172.11588	0.39018
172.59800	0.38776
173.08011	0.38527
173.56223	0.38284
174.04435	0.38051
174.52647	0.37826
175.00858	0.37602
175.49070	0.37371
175.97282	0.37121
176.45494	0.36844
176.93705	0.36535
177.41917	0.36194
177.90129	0.35827
178.38340	0.35444
178.86552	0.35058
179.34764	0.34685
179.82976	0.34338
180.31187	0.34028
180.79399	0.33759
181.27611	0.33531
181.75823	0.33339
182.24034	0.33173
182.72246	0.33021
183.20458	0.32871
183.68669	0.32712
184.16881	0.32539
184.65093	0.32347
185.13305	0.32140
185.61516	0.31922
186.09728	0.31702
186.57940	0.31489
187.06152	0.31290
187.54363	0.31111
188.02575	0.30953
188.50787	0.30814
188.98999	0.30686
189.47210	0.30560
189.95422	0.30426
190.43634	0.30273
190.91845	0.30093
191.40057	0.29882
191.88269	0.29640
192.36481	0.29371
192.84692	0.29082
193.32904	0.28784
193.81116	0.28486
194.29328	0.28200
194.77539	0.27930
195.25751	0.27682
195.73963	0.27454
196.22174	0.27242
196.70386	0.27040
197.18598	0.26838
197.66810	0.26629
198.15021	0.26409
198.63233	0.26174
199.11445	0.25925
199.59657	0.25667
200.07868	0.25407
200.56080	0.25152
201.04292	0.24912
201.52504	0.24691
202.00715	0.24493
202.48927	0.24317
202.97139	0.24158
203.45350	0.24010
203.93562	0.23861
204.41774	0.23704
204.89986	0.23527
205.38197	0.23326
205.86409	0.23098
206.34621	0.22844
206.82833	0.22570
207.31044	0.22283
207.79256	0.21993
208.27468	0.21710
208.75680	0.21442
209.23891	0.21194
209.72103	0.20969
210.20315	0.20764
210.68526	0.20575
211.16738	0.20397
211.64950	0.20223
212.13162	0.20047
212.61373	0.19866
213.09585	0.19678
213.57797	0.19486
214.06009	0.19293
214.54220	0.19105
215.02432	0.18927
215.50644	0.18765
215.98855	0.18621
216.47067	0.18495
216.95279	0.18385
217.43491	0.18285
217.91702	0.18187
218.39914	0.18087
218.88126	0.17975
219.36338	0.17849
219.84549	0.17707
220.32761	0.17549
220.80973	0.17380
221.29185	0.17206
221.77396	0.17035
222.25608	0.16872
222.73820	0.16723
223.22031	0.16592
223.70243	0.16479
224.18455	0.16381
224.66667	0.16295
225.14878	0.16215
225.63090	0.16135
226.11302	0.16051
226.59514	0.15957
227.07725	0.15853
227.55937	0.15739
228.04149	0.15618
228.52360	0.15493
229.00572	0.15369
229.48784	0.15250
229.96996	0.15141
230.45207	0.15044
230.93419	0.14959
231.41631	0.14886
231.89843	0.14820
232.38054	0.14760
232.86266	0.14698
233.34478	0.14630
233.82690	0.14552
234.30901	0.14460
234.79113	0.14353
235.27325	0.14232
235.75536	0.14099
236.23748	0.13958
236.71960	0.13814
237.20172	0.13671
237.68383	0.13533
238.16595	0.13404
238.64807	0.13283
239.13019	0.13171
239.61230	0.13063
240.09442	0.12955
240.57654	0.12842
241.05865	0.12719
241.54077	0.12582
242.02289	0.12428
242.50501	0.12257
242.98712	0.12072
243.46924	0.11874
243.95136	0.11670
244.43348	0.11464
244.91559	0.11261
245.39771	0.11066
245.87983	0.10880
246.36195	0.10706
246.84406	0.10540
247.32618	0.10380
247.80830	0.10222
248.29041	0.10064
248.77253	0.09901
249.25465	0.09731
249.73677	0.09555
250.21888	0.09374
250.70100	0.09190
251.18312	0.09008
251.66524	0.08831
252.14735	0.08663
252.62947	0.08505
253.11159	0.08359
253.59370	0.08223
254.07582	0.08096
254.55794	0.07973
255.04006	0.07852
255.52217	0.07728
256.00429	0.07599
256.48641	0.07464
256.96853	0.07322
257.45064	0.07174
257.93276	0.07023
258.41488	0.06871
258.89700	0.06721
259.37911	0.06576
259.86123	0.06438
260.34335	0.06307
260.82546	0.06183
261.30758	0.06065
261.78970	0.05950
262.27182	0.05838
262.75393	0.05724
263.23605	0.05609
263.71817	0.05489
264.20029	0.05366
264.68240	0.05238
265.16452	0.05108
265.64664	0.04976
266.12875	0.04844
266.61087	0.04714
267.09299	0.04587
267.57511	0.04463
268.05722	0.04345
268.53934	0.04230
269.02146	0.04120
269.50358	0.04013
269.98569	0.03908
270.46781	0.03804
270.94993	0.03702
271.43205	0.03600
271.91416	0.03499
272.39628	0.03399
272.87840	0.03301
273.36051	0.03206
273.84263	0.03115
274.32475	0.03029
274.80687	0.02948
275.28898	0.02874
275.77110	0.02807
276.25322	0.02745
276.73534	0.02688
277.21745	0.02636
277.69957	0.02587
278.18169	0.02541
278.66380	0.02496
279.14592	0.02453
279.62804	0.02411
280.11016	0.02370
280.59227	0.02330
281.07439	0.02292
281.55651	0.02255
282.03863	0.02221
282.52074	0.02188
283.00286	0.02158
283.48498	0.02129
283.96710	0.02102
284.44921	0.02074
284.93133	0.02047
285.41345	0.02017
285.89556	0.01986
286.37768	0.01951
286.85980	0.01914
287.34192	0.01874
287.82403	0.01831
288.30615	0.01786
288.78827	0.01741
289.27039	0.01695
289.75250	0.01650
290.23462	0.01606
290.71674	0.01563
291.19885	0.01523
291.68097	0.01483
292.16309	0.01445
292.64521	0.01406
293.12732	0.01368
293.60944	0.01328
294.09156	0.01289
294.57368	0.01249
295.05579	0.01209
295.53791	0.01171
296.02003	0.01134
296.50215	0.01100
296.98426	0.01069
297.46638	0.01042
297.94850	0.01017
298.43061	0.00995
298.91273	0.00975
299.39485	0.00956
299.87697	0.00938
300.35908	0.00920
300.84120	0.00902
301.32332	0.00885
301.80544	0.00867
302.28755	0.00851
302.76967	0.00835
303.25179	0.00821
303.73391	0.00808
304.21602	0.00796
304.69814	0.00784
305.18026	0.00773
305.66237	0.00762
306.14449	0.00750
306.62661	0.00737
307.10873	0.00724
307.59084	0.00710
308.07296	0.00696
308.55508	0.00681
309.03720	0.00667
309.51931	0.00654
310.00143	0.00641
310.48355	0.00628
310.96566	0.00616
311.44778	0.00604
311.92990	0.00592
312.41202	0.00580
312.89413	0.00567
313.37625	0.00554
313.85837	0.00540
314.34049	0.00526
314.82260	0.00513
315.30472	0.00499
315.78684	0.00485
316.26896	0.00471
316.75107	0.00457
317.23319	0.00444
317.71531	0.00430
318.19742	0.00417
318.67954	0.00405
319.16166	0.00393
319.64378	0.00382
320.12589	0.00373
320.60801	0.00364
321.09013	0.00357
321.57225	0.00350
322.05436	0.00344
322.53648	0.00338
323.01860	0.00332
323.50071	0.00326
323.98283	0.00319
324.46495	0.00313
324.94707	0.00306
325.42918	0.00300
325.91130	0.00294
326.39342	0.00289
326.87554	0.00284
327.35765	0.00279
327.83977	0.00275
328.32189	0.00271
328.80401	0.00266
329.28612	0.00261
329.76824	0.00256
330.25036	0.00251
330.73247	0.00247
331.21459	0.00242
331.69671	0.00239
332.17883	0.00236
332.66094	0.00235
333.14306	0.00233
333.62518	0.00232
334.10730	0.00230
334.58941	0.00228
335.07153	0.00226
335.55365	0.00223
336.03576	0.00219
336.51788	0.00216
337.00000	0.00213
337.48212	0.00211
337.96423	0.00209
338.44635	0.00208
338.92847	0.00207
339.41059	0.00207
339.89270	0.00206
340.37482	0.00205
340.85694	0.00203
341.33906	0.00201
341.82117	0.00198
342.30329	0.00195
342.78541	0.00192
343.26752	0.00190
343.74964	0.00188
344.23176	0.00186
344.71388	0.00185
345.19599	0.00184
345.67811	0.00182
346.16023	0.00180
346.64235	0.00178
347.12446	0.00176
347.60658	0.00173
348.08870	0.00171
348.57081	0.00169
349.05293	0.00167
349.53505	0.00166
350.01717	0.00165
350.49928	0.00165
350.98140	0.00164
351.46352	0.00164
351.94564	0.00164
352.42775	0.00163
352.90987	0.00162
353.39199	0.00161
353.87411	0.00160
354.35622	0.00158
354.83834	0.00157
355.32046	0.00156
355.80257	0.00156
356.28469	0.00155
356.76681	0.00154
357.24893	0.00153
357.73104	0.00153
358.21316	0.00152
358.69528	0.00151
359.17740	0.00150
359.65951	0.00149
360.14163	0.00148
360.62375	0.00147
361.10586	0.00146
361.58798	0.00146
362.07010	0.00145
362.55222	0.00145
363.03433	0.00145
363.51645	0.00145
363.99857	0.00145
364.48069	0.00145
364.96280	0.00145
365.44492	0.00146
365.92704	0.00146
366.40916	0.00147
366.89127	0.00147
367.37339	0.00146
367.85551	0.00146
368.33762	0.00145
368.81974	0.00143
369.30186	0.00142
369.78398	0.00140
370.26609	0.00138
370.74821	0.00136
371.23033	0.00135
371.71245	0.00134
372.19456	0.00133
372.67668	0.00133
373.15880	0.00132
373.64091	0.00132
374.12303	0.00132
374.60515	0.00132
375.08727	0.00132
375.56938	0.00132
376.05150	0.00132
376.53362	0.00132
377.01574	0.00133
377.49785	0.00133
377.97997	0.00133
378.46209	0.00133
378.94421	0.00133
379.42632	0.00132
379.90844	0.00131
380.39056	0.00130
380.87267	0.00129
381.35479	0.00128
381.83691	0.00127
382.31903	0.00126
382.80114	0.00125
383.28326	0.00125
383.76538	0.00124
384.24750	0.00123
384.72961	0.00122
385.21173	0.00121
385.69385	0.00119
386.17596	0.00117
386.65808	0.00114
387.14020	0.00111
387.62232	0.00108
388.10443	0.00106
388.58655	0.00104
389.06867	0.00103
389.55079	0.00102
390.03290	0.00102
390.51502	0.00102
390.99714	0.00103
391.47926	0.00103
391.96137	0.00104
392.44349	0.00104
392.92561	0.00105
393.40772	0.00105
393.88984	0.00105
394.37196	0.00106
394.85408	0.00106
395.33619	0.00106
395.81831	0.00105
396.30043	0.00105
396.78255	0.00104
397.26466	0.00102
397.74678	0.00101
398.22890	0.00099
398.71102	0.00097
399.19313	0.00096
399.67525	0.00094
400.15737	0.00093
400.63948	0.00093
401.12160	0.00092
401.60372	0.00092
402.08584	0.00093
402.56795	0.00093
403.05007	0.00093
403.53219	0.00093
404.01431	0.00093
404.49642	0.00093
404.97854	0.00092
405.46066	0.00091
405.94277	0.00090
406.42489	0.00089
406.90701	0.00089
407.38913	0.00088
407.87124	0.00088
408.35336	0.00088
408.83548	0.00088
409.31760	0.00088
409.79971	0.00089
410.28183	0.00089
410.76395	0.00089
411.24607	0.00089
411.72818	0.00089
412.21030	0.00089
412.69242	0.00088
413.17453	0.00086
413.65665	0.00085
414.13877	0.00083
414.62089	0.00081
415.10300	0.00079
415.58512	0.00077
416.06724	0.00076
416.54936	0.00074
417.03147	0.00073
417.51359	0.00072
417.99571	0.00071
418.47782	0.00071
418.95994	0.00071
419.44206	0.00072
419.92418	0.00073
420.40629	0.00074
420.88841	0.00075
421.37053	0.00076
421.85265	0.00077
422.33476	0.00078
422.81688	0.00078
423.29900	0.00078
423.78112	0.00078
424.26323	0.00077
424.74535	0.00076
425.22747	0.00075
425.70958	0.00073
426.19170	0.00072
426.67382	0.00070
427.15594	0.00068
427.63805	0.00067
428.12017	0.00066
428.60229	0.00065
429.08441	0.00065
429.56652	0.00064
430.04864	0.00064
430.53076	0.00064
431.01287	0.00064
431.49499	0.00064
431.97711	0.00064
432.45923	0.00064
432.94134	0.00064
433.42346	0.00064
433.90558	0.00063
434.38770	0.00063
434.86981	0.00063
435.35193	0.00063
435.83405	0.00062
436.31617	0.00062
436.79828	0.00063
437.28040	0.00063
437.76252	0.00063
438.24463	0.00064
438.72675	0.00064
439.20887	0.00065
439.69099	0.00065
440.17310	0.00065
440.65522	0.00065
441.13734	0.00065
441.61946	0.00065
442.10157	0.00065
442.58369	0.00065
443.06581	0.00065
443.54792	0.00064
444.03004	0.00064
444.51216	0.00063
444.99428	0.00062
445.47639	0.00061
445.95851	0.00060
446.44063	0.00059
446.92275	0.00058
447.40486	0.00057
447.88698	0.00056
448.36910	0.00055
448.85122	0.00055
449.33333	0.00054
449.81545	0.00054
450.29757	0.00054
450.77968	0.00054
451.26180	0.00054
451.74392	0.00054
452.22604	0.00054
452.70815	0.00054
453.19027	0.00054
453.67239	0.00053
454.15451	0.00053
454.63662	0.00054
455.11874	0.00054
455.60086	0.00054
456.08297	0.00054
456.56509	0.00054
457.04721	0.00054
457.52933	0.00054
458.01144	0.00054
458.49356	0.00053
458.97568	0.00052
459.45780	0.00051
459.93991	0.00051
460.42203	0.00050
460.90415	0.00049
461.38627	0.00049
461.86838	0.00049
462.35050	0.00049
462.83262	0.00050
463.31473	0.00051
463.79685	0.00051
464.27897	0.00052
464.76109	0.00052
465.24320	0.00052
465.72532	0.00052
466.20744	0.00051
466.68956	0.00050
467.17167	0.00049
467.65379	0.00048
468.13591	0.00048
468.61802	0.00047
469.10014	0.00046
469.58226	0.00046
470.06438	0.00046
470.54649	0.00046
471.02861	0.00046
471.51073	0.00046
471.99285	0.00045
472.47496	0.00045
472.95708	0.00044
473.43920	0.00043
473.92132	0.00042
474.40343	0.00041
474.88555	0.00041
475.36767	0.00041
475.84978	0.00041
476.33190	0.00041
476.81402	0.00042
477.29614	0.00042
477.77825	0.00043
478.26037	0.00043
478.74249	0.00043
479.22461	0.00043
479.70672	0.00043
480.18884	0.00042
480.67096	0.00042
481.15307	0.00041
481.63519	0.00040
482.11731	0.00040
482.59943	0.00039
483.08154	0.00038
483.56366	0.00038
484.04578	0.00037
484.52790	0.00037
485.01001	0.00037
485.49213	0.00037
485.97425	0.00036
486.45637	0.00036
486.93848	0.00036
487.42060	0.00036
487.90272	0.00036
488.38483	0.00035
488.86695	0.00035
489.34907	0.00034
489.83119	0.00033
490.31330	0.00032
490.79542	0.00032
491.27754	0.00031
491.75966	0.00031
492.24177	0.00031
492.72389	0.00031
493.20601	0.00031
493.68812	0.00032
494.17024	0.00033
494.65236	0.00033
495.13448	0.00034
495.61659	0.00035
496.09871	0.00036
496.58083	0.00036
497.06295	0.00035
497.54506	0.00035
498.02718	0.00034
498.50930	0.00032
498.99142	0.00031
499.47353	0.00029
499.95565	0.00028
500.43777	0.00026
500.91988	0.00025
501.40200	0.00024
501.88412	0.00023
502.36624	0.00022
502.84835	0.00022
503.33047	0.00022
503.81259	0.00022
504.29471	0.00022
504.77682	0.00022
505.25894	0.00022
505.74106	0.00022
506.22318	0.00022
506.70529	0.00022
507.18741	0.00022
507.66953	0.00022
508.15164	0.00022
508.63376	0.00022
509.11588	0.00022
509.59800	0.00022
510.08011	0.00021
510.56223	0.00021
511.04435	0.00020
511.52647	0.00020
512.00858	0.00019
512.49070	0.00018
512.97282	0.00017
513.45493	0.00016
513.93705	0.00015
514.41917	0.00014
514.90129	0.00014
515.38340	0.00013
515.86552	0.00013
516.34764	0.00012
516.82976	0.00012
517.31187	0.00013
517.79399	0.00013
518.27611	0.00013
518.75823	0.00014
519.24034	0.00014
519.72246	0.00015
520.20458	0.00015
520.68669	0.00015
521.16881	0.00014
521.65093	0.00014
522.13305	0.00013
522.61516	0.00013
523.09728	0.00012
523.57940	0.00011
524.06152	0.00011
524.54363	0.00011
525.02575	0.00011
525.50787	0.00011
525.98998	0.00012
526.47210	0.00013
526.95422	0.00014
527.43634	0.00015
527.91845	0.00016
528.40057	0.00017
528.88269	0.00017
529.36481	0.00018
529.84692	0.00018
530.32904	0.00018
530.81116	0.00018
531.29328	0.00018
531.77539	0.00018
532.25751	0.00018
532.73963	0.00017
533.22174	0.00017
533.70386	0.00017
534.18598	0.00017
534.66810	0.00017
535.15021	0.00016
535.63233	0.00016
536.11445	0.00015
536.59657	0.00015
537.07868	0.00014
537.56080	0.00013
538.04292	0.00012
538.52503	0.00010
539.00715	0.00009
539.48927	0.00008
539.97139	0.00007
540.45350	0.00006
540.93562	0.00005
541.41774	0.00005
541.89986	0.00004
542.38197	0.00004
542.86409	0.00004
543.34621	0.00005
543.82833	0.00005
544.31044	0.00006
544.79256	0.00007
545.27468	0.00008
545.75679	0.00008
546.23891	0.00009
546.72103	0.00009
547.20315	0.00009
547.68526	0.00009
548.16738	0.00009
548.64950	0.00008
549.13162	0.00007
549.61373	0.00007
550.09585	0.00006
550.57797	0.00005
551.06008	0.00005
551.54220	0.00005
552.02432	0.00005
552.50644	0.00005
552.98855	0.00005
553.47067	0.00005
553.95279	0.00005
554.43491	0.00005
554.91702	0.00005
555.39914	0.00006
555.88126	0.00006
556.36338	0.00006
556.84549	0.00007
557.32761	0.00008
557.80973	0.00008
558.29184	0.00009
558.77396	0.00009
559.25608	0.00010
559.73820	0.00010
560.22031	0.00011
560.70243	0.00011
561.18455	0.00012
561.66667	0.00012
562.14878	0.00012
562.63090	0.00012
563.11302	0.00011
563.59513	0.00011
564.07725	0.00010
564.55937	0.00009
565.04149	0.00008
565.52360	0.00007
566.00572	0.00006
566.48784	0.00006
566.96996	0.00006
567.45207	0.00006
567.93419	0.00006
568.41631	0.00005
568.89843	0.00005
569.38054	0.00005
569.86266	0.00004
570.34478	0.00003
570.82689	0.00002
571.30901	0.00001
571.79113	0.00000
572.27325	0.00000
572.75536	0.00000
573.23748	0.00001
573.71960	0.00002
574.20172	0.00003
574.68383	0.00005
575.16595	0.00006
575.64807	0.00008
576.13018	0.00009
576.61230	0.00010
577.09442	0.00011
577.57654	0.00011
578.05865	0.00011
578.54077	0.00011
579.02289	0.00010
579.50501	0.00010
579.98712	0.00009
580.46924	0.00008
580.95136	0.00007
581.43348	0.00007
581.91559	0.00006
582.39771	0.00005
582.87983	0.00005
583.36194	0.00004
583.84406	0.00004
584.32618	0.00004
584.80830	0.00004
585.29041	0.00004
585.77253	0.00004
586.25465	0.00005
586.73677	0.00005
587.21888	0.00005
587.70100	0.00004
588.18312	0.00004
588.66523	0.00004
589.14735	0.00004
589.62947	0.00004
590.11159	0.00004
590.59370	0.00004
591.07582	0.00004
591.55794	0.00004
592.04006	0.00004
592.52217	0.00003
593.00429	0.00003
593.48641	0.00002
593.96853	0.00002
594.45064	0.00002
594.93276	0.00002
595.41488	0.00002
595.89699	0.00003
596.37911	0.00002
596.86123	0.00002
597.34335	0.00002
597.82546	0.00002
598.30758	0.00001
598.78970	0.00002
599.27182	0.00002
599.75393	0.00003
600.23605	0.00004
600.71817	0.00004
601.20029	0.00005
601.68240	0.00005
602.16452	0.00005
602.64664	0.00005
603.12875	0.00005
603.61087	0.00005
604.09299	0.00005
604.57511	0.00005
605.05722	0.00005
605.53934	0.00005
606.02146	0.00004
606.50358	0.00004
606.98569	0.00004
607.46781	0.00004
607.94993	0.00004
608.43204	0.00004
608.91416	0.00004
609.39628	0.00004
609.87840	0.00004
610.36051	0.00004
610.84263	0.00004
611.32475	0.00004
611.80687	0.00004
612.28898	0.00005
612.77110	0.00005
613.25322	0.00005
613.73534	0.00005
614.21745	0.00005
614.69957	0.00005
615.18169	0.00005
615.66380	0.00005
616.14592	0.00005
616.62804	0.00005
617.11016	0.00006
617.59227	0.00006
618.07439	0.00006
618.55651	0.00006
619.03863	0.00006
619.52074	0.00006
620.00286	0.00007
620.48498	0.00007
620.96709	0.00006
621.44921	0.00006
621.93133	0.00006
622.41345	0.00006
622.89556	0.00005
623.37768	0.00005
623.85980	0.00004
624.34192	0.00004
624.82403	0.00003
625.30615	0.00003
625.78827	0.00002
626.27039	0.00002
626.75250	0.00002
627.23462	0.00003
627.71674	0.00003
628.19885	0.00004
628.68097	0.00004
629.16309	0.00004
629.64521	0.00003
630.12732	0.00002
630.60944	0.00002
631.09156	0.00002
631.57368	0.00003
632.05579	0.00004
632.53791	0.00005
633.02003	0.00005
633.50214	0.00006
633.98426	0.00006
634.46638	0.00006
634.94850	0.00006
635.43061	0.00006
635.91273	0.00006
636.39485	0.00005
636.87697	0.00005
637.35908	0.00005
637.84120	0.00004
638.32332	0.00004
638.80544	0.00004
639.28755	0.00004
639.76967	0.00003
640.25179	0.00003
640.73390	0.00003
641.21602	0.00003
641.69814	0.00003
642.18026	0.00003
642.66237	0.00003
643.14449	0.00004
643.62661	0.00004
644.10873	0.00004
644.59084	0.00004
645.07296	0.00003
645.55508	0.00003
646.03719	0.00003
646.51931	0.00003
647.00143	0.00003
647.48355	0.00003
647.96566	0.00002
648.44778	0.00002
648.92990	0.00002
649.41202	0.00001
649.89413	0.00002
650.37625	0.00002
650.85837	0.00003
651.34049	0.00004
651.82260	0.00004
652.30472	0.00005
652.78684	0.00005
653.26895	0.00006
653.75107	0.00006
654.23319	0.00006
654.71531	0.00006
655.19742	0.00006
655.67954	0.00006
656.16166	0.00006
656.64378	0.00005
657.12589	0.00004
657.60801	0.00003
658.09013	0.00001
658.57224	-0.00001
659.05436	0.00000
659.53648	0.00003
660.01860	0.00005
660.50071	0.00006
660.98283	0.00007
661.46495	0.00007
661.94707	0.00007
662.42918	0.00007
662.91130	0.00006
663.39342	0.00005
663.87554	0.00004
664.35765	0.00002
664.83977	0.00002
665.32189	0.00002
665.80400	0.00002
666.28612	0.00002
666.76824	0.00003
667.25036	0.00003
667.73247	0.00003
668.21459	0.00003
668.69671	0.00003
669.17883	0.00003
669.66094	0.00002
670.14306	0.00002
670.62518	0.00001
671.10729	0.00001
671.58941	0.00001
672.07153	0.00001
672.55365	0.00001
673.03576	0.00001
673.51788	0.00001
674.00000	0.00001
674.48212	0.00001
674.96423	0.00001
675.44635	0.00001
675.92847	0.00001
676.41059	0.00002
676.89270	0.00002
677.37482	0.00002
677.85694	0.00002
678.33905	0.00002
678.82117	0.00002
679.30329	0.00002
679.78541	0.00002
680.26752	0.00003
680.74964	0.00003
681.23176	0.00003
681.71388	0.00003
682.19599	0.00004
682.67811	0.00004
683.16023	0.00004
683.64234	0.00004
684.12446	0.00003
684.60658	0.00002
685.08870	0.00001
685.57081	-0.00000
686.05293	0.00001
686.53505	0.00002
687.01717	0.00003
687.49928	0.00003
687.98140	0.00003
688.46352	0.00003
688.94564	0.00002
689.42775	0.00001
689.90987	0.00001
690.39199	0.00001
690.87410	0.00002
691.35622	0.00003
691.83834	0.00004
692.32046	0.00005
692.80257	0.00005
693.28469	0.00005
693.76681	0.00005
694.24893	0.00004
694.73104	0.00004
695.21316	0.00003
695.69528	0.00003
696.17740	0.00002
696.65951	0.00001
697.14163	0.00001
697.62375	0.00001
698.10586	0.00001
698.58798	0.00002
699.07010	0.00003
699.55222	0.00003
700.03433	0.00004
700.51645	0.00004
700.99857	0.00005
701.48069	0.00005
701.96280	0.00005
702.44492	0.00005
702.92704	0.00005
703.40915	0.00004
703.89127	0.00003
704.37339	0.00002
704.85551	0.00001
705.33762	0.00000
705.81974	0.00001
706.30186	0.00002
706.78398	0.00003
707.26609	0.00003
707.74821	0.00004
708.23033	0.00004
708.71245	0.00004
709.19456	0.00004
709.67668	0.00004
710.15880	0.00004
710.64091	0.00004
711.12303	0.00004
711.60515	0.00004
712.08727	0.00004
712.56938	0.00004
713.05150	0.00003
713.53362	0.00003
714.01574	0.00003
714.49785	0.00002
714.97997	0.00002
715.46209	0.00002
715.94420	0.00001
716.42632	0.00000
716.90844	0.00000
717.39056	0.00001
717.87267	0.00002
718.35479	0.00002
718.83691	0.00003
719.31903	0.00004
719.80114	0.00005
720.28326	0.00006
720.76538	0.00006
721.24750	0.00006
721.72961	0.00006
722.21173	0.00006
722.69385	0.00006
723.17596	0.00005
723.65808	0.00004
724.14020	0.00003
724.62232	0.00001
725.10443	0.00000
725.58655	-0.00001
726.06867	-0.00000
726.55079	0.00002
727.03290	0.00003
727.51502	0.00003
727.99714	0.00003
728.47925	0.00002
728.96137	0.00001
729.44349	-0.00000
729.92561	-0.00000
730.40772	0.00002
730.88984	0.00003
731.37196	0.00004
731.85408	0.00004
732.33619	0.00003
732.81831	0.00002
733.30043	0.00002
733.78255	0.00001
734.26466	0.00002
734.74678	0.00003
735.22890	0.00005
735.71101	0.00006
736.19313	0.00007
736.67525	0.00007
737.15737	0.00007
737.63948	0.00007
738.12160	0.00006
738.60372	0.00005
739.08584	0.00004
739.56795	0.00004
740.05007	0.00003
740.53219	0.00002
741.01430	0.00002
741.49642	0.00001
741.97854	0.00001
742.46066	0.00002
742.94277	0.00002
743.42489	0.00002
743.90701	0.00003
744.38913	0.00003
744.87124	0.00003
745.35336	0.00004
745.83548	0.00004
746.31760	0.00004
746.79971	0.00004
747.28183	0.00004
747.76395	0.00003
748.24606	0.00003
748.72818	0.00002
749.21030	0.00002
749.69242	0.00001
750.17453	0.00001
750.65665	0.00000
751.13877	0.00000
751.62089	0.00001
752.10300	0.00001
752.58512	0.00002
753.06724	0.00002
753.54935	0.00002
754.03147	0.00002
754.51359	0.00002
754.99571	0.00002
755.47782	0.00002
755.95994	0.00001
756.44206	0.00001
756.92418	0.00000
757.40629	0.00001
757.88841	0.00002
758.37053	0.00003
758.85265	0.00004
759.33476	0.00005
759.81688	0.00005
760.29900	0.00006
760.78111	0.00006
761.26323	0.00006
761.74535	0.00006
762.22747	0.00005
762.70958	0.00005
763.19170	0.00005
763.67382	0.00005
764.15594	0.00006
764.63805	0.00006
765.12017	0.00006
765.60229	0.00007
766.08440	0.00007
766.56652	0.00006
767.04864	0.00006
767.53076	0.00006
768.01287	0.00005
768.49499	0.00004
768.97711	0.00004
769.45923	0.00004
769.94134	0.00003
770.42346	0.00003
770.90558	0.00003
771.38770	0.00003
771.86981	0.00003
772.35193	0.00003
772.83405	0.00003
773.31616	0.00003
773.79828	0.00003
774.28040	0.00003
774.76252	0.00004
775.24463	0.00004
775.72675	0.00005
776.20887	0.00005
776.69099	0.00005
777.17310	0.00005
777.65522	0.00005
778.13734	0.00004
778.61945	0.00003
779.10157	0.00002
779.58369	0.00001
780.06581	0.00000
780.54792	0.00001
781.03004	0.00003
781.51216	0.00004
781.99428	0.00004
782.47639	0.00004
782.95851	0.00004
783.44063	0.00004
783.92275	0.00003
784.40486	0.00003
784.88698	0.00002
785.36910	0.00001
785.85121	0.00001
786.33333	0.00002
786.81545	0.00003
787.29757	0.00004
787.77968	0.00004
788.26180	0.00004
788.74392	0.00004
789.22604	0.00004
789.70815	0.00003
790.19027	0.00003
790.67239	0.00002
791.15451	0.00002
791.63662	0.00002
792.11874	0.00002
792.60086	0.00002
793.08297	0.00002
793.56509	0.00002
794.04721	0.00002
794.52933	0.00002
795.01144	0.00002
795.49356	0.00002
795.97568	0.00002
796.45780	0.00002
796.93991	0.00002
797.42203	0.00002
797.90415	0.00003
798.38626	0.00003
798.86838	0.00003
799.35050	0.00003
799.83262	0.00004
800.31473	0.00004
800.79685	0.00004
801.27897	0.00004
801.76109	0.00005
802.24320	0.00005
802.72532	0.00005
803.20744	0.00005
803.68956	0.00005
804.17167	0.00005
804.65379	0.00005
805.13591	0.00004
805.61802	0.00003
806.10014	0.00002
806.58226	0.00001
807.06438	0.00001
807.54649	0.00001
808.02861	0.00002
808.51073	0.00002
808.99285	0.00002
809.47496	0.00002
809.95708	0.00002
810.43920	0.00001
810.92131	-0.00000
811.40343	-0.00000
811.88555	0.00000
812.36767	0.00001
812.84978	0.00002
813.33190	0.00002
813.81402	0.00003
814.29614	0.00004
814.77825	0.00005
815.26037	0.00006
815.74249	0.00006
816.22461	0.00007
816.70672	0.00007
817.18884	0.00007
817.67096	0.00007
818.15307	0.00006
818.63519	0.00006
819.11731	0.00005
819.59943	0.00005
820.08154	0.00005
820.56366	0.00004
821.04578	0.00004
821.52790	0.00004
822.01001	0.00003
822.49213	0.00003
822.97425	0.00003
823.45636	0.00003
823.93848	0.00002
824.42060	0.00002
824.90272	0.00002
825.38483	0.00002
825.86695	0.00002
826.34907	0.00003
826.83119	0.00003
827.31330	0.00004
827.79542	0.00004
828.27754	0.00004
828.75966	0.00004
829.24177	0.00004
829.72389	0.00003
830.20601	0.00002
830.68812	0.00001
831.17024	0.00001
831.65236	0.00001
832.13448	0.00002
832.61659	0.00003
833.09871	0.00005
833.58083	0.00005
834.06295	0.00006
834.54506	0.00006
835.02718	0.00007
835.50930	0.00006
835.99141	0.00005
836.47353	0.00005
836.95565	0.00003
837.43777	0.00002
837.91988	-0.00000
838.40200	-0.00000
838.88412	0.00000
839.36624	0.00001
839.84835	0.00002
840.33047	0.00002
840.81259	0.00002
841.29471	0.00002
841.77682	0.00003
842.25894	0.00003
842.74106	0.00003
843.22317	0.00002
843.70529	0.00002
844.18741	0.00002
844.66953	0.00002
845.15164	0.00002
845.63376	0.00002
846.11588	0.00002
846.59800	0.00002
847.08011	0.00002
847.56223	0.00001
848.04435	0.00001
848.52646	0.00001
849.00858	0.00001
849.49070	0.00001
849.97282	0.00001
850.45493	0.00001
850.93705	0.00001
851.41917	0.00002
851.90129	0.00002
852.38340	0.00002
852.86552	0.00002
853.34764	0.00002
853.82976	0.00002
854.31187	0.00002
854.79399	0.00002
855.27611	0.00002
855.75822	0.00002
856.24034	0.00002
856.72246	0.00002
857.20458	0.00002
857.68669	0.00002
858.16881	0.00002
858.65093	0.00003
859.13305	0.00003
859.61516	0.00004
860.09728	0.00004
860.57940	0.00004
861.06151	0.00005
861.54363	0.00005
862.02575	0.00004
862.50787	0.00004
862.98998	0.00004
863.47210	0.00003
863.95422	0.00002
864.43634	0.00001
864.91845	0.00000
865.40057	0.00000
865.88269	0.00001
866.36481	0.00001
866.84692	0.00002
867.32904	0.00002
867.81116	0.00003
868.29327	0.00003
868.77539	0.00003
869.25751	0.00002
869.73963	0.00002
870.22174	0.00001
870.70386	0.00000
871.18598	0.00001
871.66810	0.00002
872.15021	0.00003
872.63233	0.00003
873.11445	0.00003
873.59656	0.00003
874.07868	0.00003
874.56080	0.00003
875.04292	0.00003
875.52503	0.00004
876.00715	0.00004
876.48927	0.00005
876.97139	0.00006
877.45350	0.00006
877.93562	0.00006
878.41774	0.00007
878.89986	0.00007
879.38197	0.00007
879.86409	0.00007
880.34621	0.00007
880.82832	0.00007
881.31044	0.00007
881.79256	0.00007
882.27468	0.00007
882.75679	0.00006
883.23891	0.00006
883.72103	0.00005
884.20315	0.00005
884.68526	0.00005
885.16738	0.00005
885.64950	0.00004
886.13161	0.00004
886.61373	0.00004
887.09585	0.00004
887.57797	0.00004
888.06008	0.00003
888.54220	0.00003
889.02432	0.00002
889.50644	0.00002
889.98855	0.00001
890.47067	0.00001
890.95279	0.00000
891.43491	0.00001
891.91702	0.00001
892.39914	0.00002
892.88126	0.00003
893.36337	0.00004
893.84549	0.00004
894.32761	0.00005
894.80973	0.00005
895.29184	0.00005
895.77396	0.00005
896.25608	0.00004
896.73820	0.00004
897.22031	0.00004
897.70243	0.00003
898.18455	0.00003
898.66667	0.00003
899.14878	0.00003
899.63090	0.00003
900.11302	0.00004
900.59513	0.00004
901.07725	0.00004
901.55937	0.00004
902.04149	0.00004
902.52360	0.00003
903.00572	0.00003
903.48784	0.00003
903.96996	0.00003
904.45207	0.00003
904.93419	0.00004
905.41631	0.00004
905.89842	0.00004
906.38054	0.00004
906.86266	0.00005
907.34478	0.00005
907.82689	0.00005
908.30901	0.00005
908.79113	0.00005
909.27325	0.00005
909.75536	0.00005
910.23748	0.00005
910.71960	0.00005
911.20172	0.00004
911.68383	0.00004
912.16595	0.00003
912.64807	0.00002
913.13018	0.00002
913.61230	0.00001
914.09442	0.00001
914.57654	0.00001
915.05865	0.00001
915.54077	0.00001
916.02289	0.00001
916.50501	0.00002
916.98712	0.00002
917.46924	0.00002
917.95136	0.00002
918.43347	0.00003
918.91559	0.00003
919.39771	0.00003
919.87983	0.00003
920.36194	0.00004
920.84406	0.00004
921.32618	0.00004
921.80830	0.00004
922.29041	0.00004
922.77253	0.00004
923.25465	0.00004
923.73677	0.00004
924.21888	0.00003
924.70100	0.00003
925.18312	0.00003
925.66523	0.00003
926.14735	0.00002
926.62947	0.00002
927.11159	0.00002
927.59370	0.00002
928.07582	0.00002
928.55794	0.00001
929.04006	0.00001
929.52217	0.00000
930.00429	-0.00000
930.48641	-0.00000
930.96852	0.00001
931.45064	0.00003
931.93276	0.00004
932.41488	0.00004
932.89699	0.00005
933.37911	0.00005
933.86123	0.00006
934.34335	0.00006
934.82546	0.00006
935.30758	0.00006
935.78970	0.00005
936.27182	0.00005
936.75393	0.00005
937.23605	0.00004
937.71817	0.00004
938.20028	0.00005
938.68240	0.00005
939.16452	0.00005
939.64664	0.00005
940.12875	0.00005
940.61087	0.00004
941.09299	0.00004
941.57511	0.00003
942.05722	0.00003
942.53934	0.00002
943.02146	0.00001
943.50357	0.00001
943.98569	0.00001
944.46781	0.00002
944.94993	0.00002
945.43204	0.00002
945.91416	0.00003
946.39628	0.00003
946.87840	0.00004
947.36051	0.00004
947.84263	0.00004
948.32475	0.00004
948.80687	0.00004
949.28898	0.00003
949.77110	0.00003
950.25322	0.00002
950.73533	0.00001
951.21745	0.00001
951.69957	0.00001
952.18169	0.00002
952.66380	0.00003
953.14592	0.00004
953.62804	0.00004
954.11016	0.00004
954.59227	0.00004
955.07439	0.00004
955.55651	0.00004
956.03862	0.00004
956.52074	0.00003
957.00286	0.00003
957.48498	0.00003
957.96709	0.00003
958.44921	0.00003
958.93133	0.00003
959.41345	0.00003
959.89556	0.00003
960.37768	0.00003
960.85980	0.00003
961.34192	0.00003
961.82403	0.00003
962.30615	0.00003
962.78827	0.00003
963.27038	0.00004
963.75250	0.00005
964.23462	0.00005
964.71674	0.00006
965.19885	0.00006
965.68097	0.00006
966.16309	0.00006
966.64521	0.00006
967.12732	0.00005
967.60944	0.00004
968.09156	0.00003
968.57367	0.00002
969.05579	0.00001
969.53791	0.00001
970.02003	0.00002
970.50214	0.00003
970.98426	0.00004
971.46638	0.00004
971.94850	0.00005
972.43061	0.00005
972.91273	0.00005
973.39485	0.00005
973.87697	0.00005
974.35908	0.00004
974.84120	0.00004
975.32332	0.00003
975.80543	0.00003
976.28755	0.00002
976.76967	0.00002
977.25179	0.00002
977.73390	0.00002
978.21602	0.00002
978.69814	0.00002
979.18026	0.00002
979.66237	0.00001
980.14449	0.00001
980.62661	0.00001
981.10872	0.00001
981.59084	0.00001
982.07296	0.00001
982.55508	0.00001
983.03719	0.00001
983.51931	0.00001
984.00143	0.00002
984.48355	0.00002
984.96566	0.00003
985.44778	0.00003
985.92990	0.00004
986.41202	0.00004
986.89413	0.00004
987.37625	0.00004
987.85837	0.00004
988.34048	0.00004
988.82260	0.00003
989.30472	0.00002
989.78684	0.00002
990.26895	0.00002
990.75107	0.00002
991.23319	0.00003
991.71531	0.00003
992.19742	0.00004
992.67954	0.00004
993.16166	0.00004
993.64378	0.00004
994.12589	0.00004
994.60801	0.00004
995.09013	0.00004
995.57224	0.00003
996.05436	0.00003
996.53648	0.00003
997.01860	0.00002
997.50071	0.00002
997.98283	0.00002
998.46495	0.00002
998.94707	0.00002
999.42918	0.00002
