0.00000	0.00221
0.48212	0.00221
0.96423	0.00223
1.44635	0.00223
1.92847	0.00216
2.41059	0.00205
2.89270	0.00186
3.37482	0.00163
3.85694	0.00136
4.33906	0.00111
4.82117	0.00087
5.30329	0.00068
5.78541	0.00053
6.26753	0.00044
6.74964	0.00039
7.23176	0.00037
7.71388	0.00037
8.19599	0.00038
8.67811	0.00039
9.16023	0.00040
9.64235	0.00041
10.12446	0.00043
10.60658	0.00045
11.08870	0.00047
11.57082	0.00049
12.05293	0.00049
12.53505	0.00049
13.01717	0.00046
13.49928	0.00041
13.98140	0.00025
14.46352	0.00004
14.94564	-0.00003
15.42775	0.00009
15.90987	0.00029
16.39199	0.00052
16.87411	0.00079
17.35622	0.00110
17.83834	0.00144
18.32046	0.00183
18.80258	0.00225
19.28469	0.00272
19.76681	0.00324
20.24893	0.00380
20.73104	0.00440
21.21316	0.00503
21.69528	0.00570
22.17740	0.00639
22.65951	0.00709
23.14163	0.00781
23.62375	0.00855
24.10587	0.00930
24.58798	0.01007
25.07010	0.01087
25.55222	0.01171
26.03433	0.01260
26.51645	0.01354
26.99857	0.01453
27.48069	0.01558
27.96280	0.01667
28.44492	0.01781
28.92704	0.01897
29.40916	0.02017
29.89127	0.02138
30.37339	0.02260
30.85551	0.02384
31.33763	0.02510
31.81974	0.02638
32.30186	0.02773
32.78398	0.02917
33.26609	0.03075
33.74821	0.03253
34.23033	0.03458
34.71245	0.03696
35.19456	0.03969
35.67668	0.04280
36.15880	0.04627
36.64092	0.05005
37.12303	0.05405
37.60515	0.05816
38.08727	0.06227
38.56938	0.06628
39.05150	0.07014
39.53362	0.07381
40.01574	0.07731
40.49785	0.08070
40.97997	0.08404
41.46209	0.08739
41.94421	0.09079
42.42632	0.09422
42.90844	0.09761
43.39056	0.10083
43.87268	0.10374
44.35479	0.10618
44.83691	0.10807
45.31903	0.10939
45.80114	0.11022
46.28326	0.11078
46.76538	0.11139
47.24750	0.11244
47.72961	0.11432
48.21173	0.11741
48.69385	0.12195
49.17597	0.12804
49.65808	0.13560
50.14020	0.14439
50.62232	0.15402
51.10443	0.16404
51.58655	0.17399
52.06867	0.18349
52.55079	0.19232
53.03290	0.20041
53.51502	0.20789
53.99714	0.21503
54.47926	0.22223
54.96137	0.22987
55.44349	0.23832
55.92561	0.24781
56.40773	0.25840
56.88984	0.26999
57.37196	0.28229
57.85408	0.29491
58.33619	0.30737
58.81831	0.31922
59.30043	0.33006
59.78255	0.33963
60.26466	0.34782
60.74678	0.35467
61.22890	0.36037
61.71102	0.36520
62.19313	0.36949
62.67525	0.37355
63.15737	0.37763
63.63948	0.38183
64.12160	0.38615
64.60372	0.39041
65.08584	0.39433
65.56795	0.39753
66.05007	0.39964
66.53219	0.40032
67.01431	0.39933
67.49642	0.39663
67.97854	0.39235
68.46066	0.38684
68.94278	0.38063
69.42489	0.37434
69.90701	0.36867
70.38913	0.36421
70.87124	0.36145
71.35336	0.36063
71.83548	0.36173
72.31760	0.36449
72.79971	0.36842
73.28183	0.37296
73.76395	0.37753
74.24607	0.38170
74.72818	0.38529
75.21030	0.38839
75.69242	0.39142
76.17453	0.39500
76.65665	0.39989
77.13877	0.40680
77.62089	0.41626
78.10300	0.42847
78.58512	0.44323
79.06724	0.45999
79.54936	0.47787
80.03147	0.49583
80.51359	0.51287
80.99571	0.52818
81.47783	0.54128
81.95994	0.55215
82.44206	0.56116
82.92418	0.56906
83.40629	0.57681
83.88841	0.58540
84.37053	0.59567
84.85265	0.60815
85.33476	0.62299
85.81688	0.63990
86.29900	0.65817
86.78112	0.67684
87.26323	0.69481
87.74535	0.71101
88.22747	0.72460
88.70958	0.73505
89.19170	0.74228
89.67382	0.74663
90.15594	0.74884
90.63805	0.74991
91.12017	0.75095
91.60229	0.75302
92.08441	0.75694
92.56652	0.76315
93.04864	0.77165
93.53076	0.78195
94.01288	0.79320
94.49499	0.80424
94.97711	0.81389
95.45923	0.82104
95.94134	0.82491
96.42346	0.82518
96.90558	0.82203
97.38770	0.81616
97.86981	0.80864
98.35193	0.80080
98.83405	0.79398
99.31617	0.78934
99.79828	0.78764
100.28040	0.78918
100.76252	0.79373
101.24464	0.80056
101.72675	0.80858
102.20887	0.81651
102.69099	0.82310
103.17310	0.82731
103.65522	0.82846
104.13734	0.82638
104.61946	0.82134
105.10157	0.81410
105.58369	0.80573
106.06581	0.79744
106.54793	0.79046
107.03004	0.78578
107.51216	0.78406
107.99428	0.78549
108.47639	0.78979
108.95851	0.79624
109.44063	0.80378
109.92275	0.81119
110.40486	0.81728
110.88698	0.82106
111.36910	0.82193
111.85122	0.81975
112.33333	0.81488
112.81545	0.80813
113.29757	0.80059
113.77969	0.79346
114.26180	0.78782
114.74392	0.78446
115.22604	0.78371
115.70815	0.78538
116.19027	0.78883
116.67239	0.79300
117.15451	0.79669
117.63662	0.79871
118.11874	0.79812
118.60086	0.79437
119.08298	0.78743
119.56509	0.77778
120.04721	0.76630
120.52933	0.75417
121.01144	0.74265
121.49356	0.73288
121.97568	0.72572
122.45780	0.72162
122.93991	0.72056
123.42203	0.72206
123.90415	0.72528
124.38627	0.72918
124.86838	0.73261
125.35050	0.73455
125.83262	0.73425
126.31474	0.73128
126.79685	0.72567
127.27897	0.71778
127.76109	0.70833
128.24320	0.69821
128.72532	0.68834
129.20744	0.67954
129.68956	0.67238
130.17167	0.66709
130.65379	0.66356
131.13591	0.66131
131.61803	0.65966
132.10014	0.65779
132.58226	0.65492
133.06438	0.65042
133.54649	0.64395
134.02861	0.63547
134.51073	0.62529
134.99285	0.61398
135.47496	0.60230
135.95708	0.59103
136.43920	0.58088
136.92132	0.57238
137.40343	0.56581
137.88555	0.56114
138.36767	0.55807
138.84979	0.55611
139.33190	0.55464
139.81402	0.55304
140.29614	0.55076
140.77825	0.54746
141.26037	0.54301
141.74249	0.53753
142.22461	0.53134
142.70672	0.52492
143.18884	0.51879
143.67096	0.51345
144.15308	0.50930
144.63519	0.50651
145.11731	0.50506
145.59943	0.50471
146.08154	0.50504
146.56366	0.50553
147.04578	0.50566
147.52790	0.50494
148.01001	0.50306
148.49213	0.49987
148.97425	0.49545
149.45637	0.49005
149.93848	0.48406
150.42060	0.47792
150.90272	0.47208
151.38484	0.46687
151.86695	0.46248
152.34907	0.45893
152.83119	0.45607
153.31330	0.45360
153.79542	0.45115
154.27754	0.44831
154.75966	0.44475
155.24177	0.44021
155.72389	0.43459
156.20601	0.42796
156.68813	0.42051
157.17024	0.41255
157.65236	0.40446
158.13448	0.39661
158.61659	0.38934
159.09871	0.38291
159.58083	0.37743
160.06295	0.37292
160.54506	0.36928
161.02718	0.36631
161.50930	0.36380
161.99142	0.36152
162.47353	0.35926
162.95565	0.35691
163.43777	0.35443
163.91989	0.35188
164.40200	0.34939
164.88412	0.34711
165.36624	0.34522
165.84835	0.34388
166.33047	0.34316
166.81259	0.34308
167.29471	0.34355
167.77682	0.34443
168.25894	0.34550
168.74106	0.34653
169.22318	0.34730
169.70529	0.34763
170.18741	0.34741
170.66953	0.34660
171.15164	0.34524
171.63376	0.34342
172.11588	0.34128
172.59800	0.33896
173.08011	0.33659
173.56223	0.33426
174.04435	0.33201
174.52647	0.32983
175.00858	0.32767
175.49070	0.32544
175.97282	0.32305
176.45494	0.32042
176.93705	0.31752
177.41917	0.31435
177.90129	0.31094
178.38340	0.30740
178.86552	0.30384
179.34764	0.30040
179.82976	0.29717
180.31187	0.29427
180.79399	0.29172
181.27611	0.28954
181.75823	0.28767
182.24034	0.28603
182.72246	0.28453
183.20458	0.28304
183.68669	0.28150
184.16881	0.27982
184.65093	0.27800
185.13305	0.27604
185.61516	0.27399
186.09728	0.27193
186.57940	0.26992
187.06152	0.26803
187.54363	0.26630
188.02575	0.26475
188.50787	0.26336
188.98999	0.26206
189.47210	0.26078
189.95422	0.25943
190.43634	0.25792
190.91845	0.25619
191.40057	0.25419
191.88269	0.25193
192.36481	0.24943
192.84692	0.24677
193.32904	0.24402
193.81116	0.24128
194.29328	0.23864
194.77539	0.23614
195.25751	0.23383
195.73963	0.23170
196.22174	0.22972
196.70386	0.22784
197.18598	0.22597
197.66810	0.22406
198.15021	0.22206
198.63233	0.21995
199.11445	0.21773
199.59657	0.21543
200.07868	0.21310
200.56080	0.21083
201.04292	0.20867
201.52504	0.20667
202.00715	0.20487
202.48927	0.20325
202.97139	0.20178
203.45350	0.20040
203.93562	0.19903
204.41774	0.19757
204.89986	0.19596
205.38197	0.19414
205.86409	0.19210
206.34621	0.18983
206.82833	0.18740
207.31044	0.18486
207.79256	0.18231
208.27468	0.17981
208.75680	0.17745
209.23891	0.17527
209.72103	0.17328
210.20315	0.17147
210.68526	0.16980
211.16738	0.16822
211.64950	0.16668
212.13162	0.16513
212.61373	0.16353
213.09585	0.16187
213.57797	0.16018
214.06009	0.15849
214.54220	0.15684
215.02432	0.15529
215.50644	0.15386
215.98855	0.15258
216.47067	0.15146
216.95279	0.15046
217.43491	0.14955
217.91702	0.14867
218.39914	0.14775
218.88126	0.14675
219.36338	0.14562
219.84549	0.14436
220.32761	0.14299
220.80973	0.14152
221.29185	0.14001
221.77396	0.13853
222.25608	0.13712
222.73820	0.13582
223.22031	0.13468
223.70243	0.13368
224.18455	0.13281
224.66667	0.13203
225.14878	0.13132
225.63090	0.13061
226.11302	0.12986
226.59514	0.12905
227.07725	0.12817
227.55937	0.12720
228.04149	0.12618
228.52360	0.12513
229.00572	0.12409
229.48784	0.12308
229.96996	0.12215
230.45207	0.12131
230.93419	0.12057
231.41631	0.11992
231.89843	0.11934
232.38054	0.11880
232.86266	0.11825
233.34478	0.11765
233.82690	0.11698
234.30901	0.11619
234.79113	0.11528
235.27325	0.11425
235.75536	0.11312
236.23748	0.11192
236.71960	0.11069
237.20172	0.10945
237.68383	0.10826
238.16595	0.10713
238.64807	0.10608
239.13019	0.10508
239.61230	0.10412
240.09442	0.10317
240.57654	0.10218
241.05865	0.10111
241.54077	0.09993
242.02289	0.09862
242.50501	0.09716
242.98712	0.09559
243.46924	0.09392
243.95136	0.09220
244.43348	0.09047
244.91559	0.08877
245.39771	0.08714
245.87983	0.08559
246.36195	0.08413
246.84406	0.08275
247.32618	0.08143
247.80830	0.08012
248.29041	0.07882
248.77253	0.07748
249.25465	0.07609
249.73677	0.07465
250.21888	0.07317
250.70100	0.07167
251.18312	0.07017
251.66524	0.06872
252.14735	0.06734
252.62947	0.06604
253.11159	0.06482
253.59370	0.06369
254.07582	0.06263
254.55794	0.06160
255.04006	0.06059
255.52217	0.05955
256.00429	0.05849
256.48641	0.05737
256.96853	0.05620
257.45064	0.05500
257.93276	0.05377
258.41488	0.05254
258.89700	0.05134
259.37911	0.05017
259.86123	0.04906
260.34335	0.04801
260.82546	0.04700
261.30758	0.04604
261.78970	0.04511
262.27182	0.04419
262.75393	0.04326
263.23605	0.04232
263.71817	0.04135
264.20029	0.04035
264.68240	0.03933
265.16452	0.03830
265.64664	0.03726
266.12875	0.03623
266.61087	0.03522
267.09299	0.03424
267.57511	0.03329
268.05722	0.03238
268.53934	0.03150
269.02146	0.03065
269.50358	0.02983
269.98569	0.02902
270.46781	0.02822
270.94993	0.02742
271.43205	0.02663
271.91416	0.02584
272.39628	0.02505
272.87840	0.02428
273.36051	0.02354
273.84263	0.02282
274.32475	0.02215
274.80687	0.02153
275.28898	0.02096
275.77110	0.02044
276.25322	0.01996
276.73534	0.01953
277.21745	0.01913
277.69957	0.01875
278.18169	0.01840
278.66380	0.01805
279.14592	0.01772
279.62804	0.01739
280.11016	0.01707
280.59227	0.01676
281.07439	0.01646
281.55651	0.01617
282.03863	0.01590
282.52074	0.01565
283.00286	0.01541
283.48498	0.01519
283.96710	0.01498
284.44921	0.01477
284.93133	0.01456
285.41345	0.01434
285.89556	0.01411
286.37768	0.01385
286.85980	0.01358
287.34192	0.01329
287.82403	0.01298
288.30615	0.01266
288.78827	0.01233
289.27039	0.01200
289.75250	0.01168
290.23462	0.01136
290.71674	0.01106
291.19885	0.01076
291.68097	0.01047
292.16309	0.01019
292.64521	0.00991
293.12732	0.00962
293.60944	0.00933
294.09156	0.00903
294.57368	0.00873
295.05579	0.00844
295.53791	0.00816
296.02003	0.00789
296.50215	0.00764
296.98426	0.00742
297.46638	0.00722
297.94850	0.00704
298.43061	0.00689
298.91273	0.00674
299.39485	0.00661
299.87697	0.00648
300.35908	0.00635
300.84120	0.00623
301.32332	0.00610
301.80544	0.00598
302.28755	0.00586
302.76967	0.00575
303.25179	0.00566
303.73391	0.00557
304.21602	0.00549
304.69814	0.00542
305.18026	0.00535
305.66237	0.00528
306.14449	0.00520
306.62661	0.00512
307.10873	0.00503
307.59084	0.00494
308.07296	0.00485
308.55508	0.00475
309.03720	0.00466
309.51931	0.00457
310.00143	0.00448
310.48355	0.00440
310.96566	0.00431
311.44778	0.00422
311.92990	0.00413
312.41202	0.00403
312.89413	0.00394
313.37625	0.00384
313.85837	0.00374
314.34049	0.00365
314.82260	0.00356
315.30472	0.00348
315.78684	0.00339
316.26896	0.00331
316.75107	0.00323
317.23319	0.00315
317.71531	0.00307
318.19742	0.00298
318.67954	0.00290
319.16166	0.00283
319.64378	0.00276
320.12589	0.00269
320.60801	0.00264
321.09013	0.00260
321.57225	0.00256
322.05436	0.00252
322.53648	0.00249
323.01860	0.00246
323.50071	0.00243
323.98283	0.00239
324.46495	0.00235
324.94707	0.00231
325.42918	0.00227
325.91130	0.00223
326.39342	0.00219
326.87554	0.00215
327.35765	0.00211
327.83977	0.00207
328.32189	0.00203
328.80401	0.00199
329.28612	0.00195
329.76824	0.00192
330.25036	0.00189
330.73247	0.00187
331.21459	0.00186
331.69671	0.00185
332.17883	0.00185
332.66094	0.00186
333.14306	0.00186
333.62518	0.00186
334.10730	0.00185
334.58941	0.00184
335.07153	0.00183
335.55365	0.00181
336.03576	0.00179
336.51788	0.00177
337.00000	0.00175
337.48212	0.00174
337.96423	0.00174
338.44635	0.00174
338.92847	0.00174
339.41059	0.00173
339.89270	0.00172
340.37482	0.00171
340.85694	0.00168
341.33906	0.00165
341.82117	0.00162
342.30329	0.00159
342.78541	0.00156
343.26752	0.00153
343.74964	0.00151
344.23176	0.00150
344.71388	0.00149
345.19599	0.00148
345.67811	0.00147
346.16023	0.00146
346.64235	0.00145
347.12446	0.00144
347.60658	0.00142
348.08870	0.00141
348.57081	0.00140
349.05293	0.00139
349.53505	0.00140
350.01717	0.00140
350.49928	0.00141
350.98140	0.00142
351.46352	0.00142
351.94564	0.00143
352.42775	0.00143
352.90987	0.00143
353.39199	0.00142
353.87411	0.00141
354.35622	0.00140
354.83834	0.00138
355.32046	0.00137
355.80257	0.00135
356.28469	0.00133
356.76681	0.00132
357.24893	0.00130
357.73104	0.00129
358.21316	0.00128
358.69528	0.00127
359.17740	0.00126
359.65951	0.00125
360.14163	0.00124
360.62375	0.00123
361.10586	0.00122
361.58798	0.00121
362.07010	0.00120
362.55222	0.00119
363.03433	0.00118
363.51645	0.00118
363.99857	0.00118
364.48069	0.00118
364.96280	0.00118
365.44492	0.00119
365.92704	0.00119
366.40916	0.00120
366.89127	0.00121
367.37339	0.00121
367.85551	0.00121
368.33762	0.00121
368.81974	0.00121
369.30186	0.00120
369.78398	0.00120
370.26609	0.00120
370.74821	0.00120
371.23033	0.00120
371.71245	0.00119
372.19456	0.00119
372.67668	0.00118
373.15880	0.00117
373.64091	0.00115
374.12303	0.00114
374.60515	0.00112
375.08727	0.00110
375.56938	0.00109
376.05150	0.00108
376.53362	0.00107
377.01574	0.00107
377.49785	0.00107
377.97997	0.00107
378.46209	0.00107
378.94421	0.00108
379.42632	0.00107
379.90844	0.00107
380.39056	0.00106
380.87267	0.00105
381.35479	0.00104
381.83691	0.00102
382.31903	0.00101
382.80114	0.00101
383.28326	0.00100
383.76538	0.00100
384.24750	0.00099
384.72961	0.00099
385.21173	0.00098
385.69385	0.00098
386.17596	0.00096
386.65808	0.00095
387.14020	0.00094
387.62232	0.00092
388.10443	0.00090
388.58655	0.00089
389.06867	0.00088
389.55079	0.00087
390.03290	0.00086
390.51502	0.00086
390.99714	0.00085
391.47926	0.00085
391.96137	0.00085
392.44349	0.00084
392.92561	0.00084
393.40772	0.00084
393.88984	0.00084
394.37196	0.00084
394.85408	0.00085
395.33619	0.00086
395.81831	0.00087
396.30043	0.00088
396.78255	0.00089
397.26466	0.00090
397.74678	0.00091
398.22890	0.00091
398.71102	0.00091
399.19313	0.00091
399.67525	0.00091
400.15737	0.00090
400.63948	0.00089
401.12160	0.00087
401.60372	0.00086
402.08584	0.00084
402.56795	0.00083
403.05007	0.00082
403.53219	0.00081
404.01431	0.00081
404.49642	0.00080
404.97854	0.00080
405.46066	0.00080
405.94277	0.00079
406.42489	0.00079
406.90701	0.00078
407.38913	0.00077
407.87124	0.00077
408.35336	0.00076
408.83548	0.00075
409.31760	0.00075
409.79971	0.00075
410.28183	0.00076
410.76395	0.00076
411.24607	0.00077
411.72818	0.00078
412.21030	0.00078
412.69242	0.00078
413.17453	0.00078
413.65665	0.00078
414.13877	0.00077
414.62089	0.00076
415.10300	0.00075
415.58512	0.00074
416.06724	0.00072
416.54936	0.00071
417.03147	0.00070
417.51359	0.00069
417.99571	0.00068
418.47782	0.00067
418.95994	0.00066
419.44206	0.00065
419.92418	0.00064
420.40629	0.00063
420.88841	0.00062
421.37053	0.00062
421.85265	0.00061
422.33476	0.00061
422.81688	0.00061
423.29900	0.00061
423.78112	0.00061
424.26323	0.00061
424.74535	0.00061
425.22747	0.00061
425.70958	0.00061
426.19170	0.00061
426.67382	0.00061
427.15594	0.00061
427.63805	0.00060
428.12017	0.00060
428.60229	0.00059
429.08441	0.00058
429.56652	0.00057
430.04864	0.00056
430.53076	0.00055
431.01287	0.00054
431.49499	0.00053
431.97711	0.00053
432.45923	0.00053
432.94134	0.00053
433.42346	0.00053
433.90558	0.00053
434.38770	0.00053
434.86981	0.00053
435.35193	0.00054
435.83405	0.00054
436.31617	0.00054
436.79828	0.00053
437.28040	0.00053
437.76252	0.00053
438.24463	0.00052
438.72675	0.00051
439.20887	0.00051
439.69099	0.00050
440.17310	0.00050
440.65522	0.00050
441.13734	0.00050
441.61946	0.00050
442.10157	0.00050
442.58369	0.00050
443.06581	0.00050
443.54792	0.00050
444.03004	0.00049
444.51216	0.00049
444.99428	0.00049
445.47639	0.00048
445.95851	0.00048
446.44063	0.00047
446.92275	0.00047
447.40486	0.00046
447.88698	0.00046
448.36910	0.00045
448.85122	0.00045
449.33333	0.00044
449.81545	0.00044
450.29757	0.00043
450.77968	0.00043
451.26180	0.00044
451.74392	0.00044
452.22604	0.00044
452.70815	0.00045
453.19027	0.00046
453.67239	0.00046
454.15451	0.00047
454.63662	0.00047
455.11874	0.00048
455.60086	0.00048
456.08297	0.00048
456.56509	0.00048
457.04721	0.00048
457.52933	0.00048
458.01144	0.00048
458.49356	0.00048
458.97568	0.00048
459.45780	0.00047
459.93991	0.00047
460.42203	0.00047
460.90415	0.00046
461.38627	0.00045
461.86838	0.00044
462.35050	0.00043
462.83262	0.00042
463.31473	0.00040
463.79685	0.00039
464.27897	0.00038
464.76109	0.00037
465.24320	0.00036
465.72532	0.00036
466.20744	0.00035
466.68956	0.00035
467.17167	0.00035
467.65379	0.00035
468.13591	0.00036
468.61802	0.00036
469.10014	0.00037
469.58226	0.00037
470.06438	0.00037
470.54649	0.00038
471.02861	0.00038
471.51073	0.00038
471.99285	0.00038
472.47496	0.00037
472.95708	0.00037
473.43920	0.00036
473.92132	0.00036
474.40343	0.00035
474.88555	0.00035
475.36767	0.00034
475.84978	0.00034
476.33190	0.00033
476.81402	0.00033
477.29614	0.00033
477.77825	0.00034
478.26037	0.00034
478.74249	0.00034
479.22461	0.00035
479.70672	0.00035
480.18884	0.00035
480.67096	0.00035
481.15307	0.00035
481.63519	0.00035
482.11731	0.00034
482.59943	0.00033
483.08154	0.00032
483.56366	0.00031
484.04578	0.00030
484.52790	0.00029
485.01001	0.00029
485.49213	0.00028
485.97425	0.00028
486.45637	0.00028
486.93848	0.00028
487.42060	0.00028
487.90272	0.00029
488.38483	0.00029
488.86695	0.00029
489.34907	0.00029
489.83119	0.00029
490.31330	0.00029
490.79542	0.00029
491.27754	0.00028
491.75966	0.00027
492.24177	0.00027
492.72389	0.00026
493.20601	0.00026
493.68812	0.00025
494.17024	0.00024
494.65236	0.00024
495.13448	0.00024
495.61659	0.00024
496.09871	0.00024
496.58083	0.00024
497.06295	0.00024
497.54506	0.00024
498.02718	0.00024
498.50930	0.00024
498.99142	0.00024
499.47353	0.00023
499.95565	0.00022
500.43777	0.00022
500.91988	0.00022
501.40200	0.00022
501.88412	0.00022
502.36624	0.00022
502.84835	0.00022
503.33047	0.00023
503.81259	0.00023
504.29471	0.00023
504.77682	0.00023
505.25894	0.00023
505.74106	0.00023
506.22318	0.00022
506.70529	0.00021
507.18741	0.00020
507.66953	0.00019
508.15164	0.00019
508.63376	0.00018
509.11588	0.00018
509.59800	0.00018
510.08011	0.00018
510.56223	0.00018
511.04435	0.00017
511.52647	0.00017
512.00858	0.00017
512.49070	0.00016
512.97282	0.00016
513.45493	0.00015
513.93705	0.00015
514.41917	0.00014
514.90129	0.00014
515.38340	0.00013
515.86552	0.00013
516.34764	0.00013
516.82976	0.00013
517.31187	0.00013
517.79399	0.00012
518.27611	0.00012
518.75823	0.00012
519.24034	0.00012
519.72246	0.00012
520.20458	0.00012
520.68669	0.00012
521.16881	0.00012
521.65093	0.00012
522.13305	0.00012
522.61516	0.00013
523.09728	0.00013
523.57940	0.00014
524.06152	0.00015
524.54363	0.00016
525.02575	0.00016
525.50787	0.00017
525.98998	0.00017
526.47210	0.00017
526.95422	0.00017
527.43634	0.00017
527.91845	0.00017
528.40057	0.00016
528.88269	0.00015
529.36481	0.00015
529.84692	0.00014
530.32904	0.00014
530.81116	0.00013
531.29328	0.00012
531.77539	0.00012
532.25751	0.00011
532.73963	0.00011
533.22174	0.00010
533.70386	0.00010
534.18598	0.00010
534.66810	0.00010
535.15021	0.00010
535.63233	0.00011
536.11445	0.00011
536.59657	0.00012
537.07868	0.00012
537.56080	0.00013
538.04292	0.00013
538.52503	0.00014
539.00715	0.00013
539.48927	0.00013
539.97139	0.00012
540.45350	0.00012
540.93562	0.00011
541.41774	0.00010
541.89986	0.00009
542.38197	0.00008
542.86409	0.00008
543.34621	0.00008
543.82833	0.00008
544.31044	0.00008
544.79256	0.00008
545.27468	0.00008
545.75679	0.00007
546.23891	0.00007
546.72103	0.00006
547.20315	0.00005
547.68526	0.00004
548.16738	0.00003
548.64950	0.00002
549.13162	0.00002
549.61373	0.00002
550.09585	0.00002
550.57797	0.00001
551.06008	0.00001
551.54220	0.00001
552.02432	0.00001
552.50644	0.00001
552.98855	0.00001
553.47067	0.00002
553.95279	0.00003
554.43491	0.00003
554.91702	0.00004
555.39914	0.00004
555.88126	0.00004
556.36338	0.00004
556.84549	0.00005
557.32761	0.00005
557.80973	0.00005
558.29184	0.00005
558.77396	0.00004
559.25608	0.00004
559.73820	0.00004
560.22031	0.00005
560.70243	0.00005
561.18455	0.00005
561.66667	0.00005
562.14878	0.00005
562.63090	0.00006
563.11302	0.00006
563.59513	0.00007
564.07725	0.00007
564.55937	0.00007
565.04149	0.00008
565.52360	0.00008
566.00572	0.00008
566.48784	0.00008
566.96996	0.00008
567.45207	0.00007
567.93419	0.00007
568.41631	0.00006
568.89843	0.00006
569.38054	0.00006
569.86266	0.00005
570.34478	0.00005
570.82689	0.00005
571.30901	0.00005
571.79113	0.00005
572.27325	0.00004
572.75536	0.00005
573.23748	0.00005
573.71960	0.00005
574.20172	0.00006
574.68383	0.00006
575.16595	0.00006
575.64807	0.00006
576.13018	0.00006
576.61230	0.00005
577.09442	0.00004
577.57654	0.00003
578.05865	0.00002
578.54077	0.00001
579.02289	0.00001
579.50501	0.00002
579.98712	0.00003
580.46924	0.00004
580.95136	0.00005
581.43348	0.00006
581.91559	0.00006
582.39771	0.00006
582.87983	0.00006
583.36194	0.00006
583.84406	0.00005
584.32618	0.00004
584.80830	0.00004
585.29041	0.00003
585.77253	0.00002
586.25465	0.00002
586.73677	0.00002
587.21888	0.00003
587.70100	0.00004
588.18312	0.00006
588.66523	0.00007
589.14735	0.00007
589.62947	0.00007
590.11159	0.00007
590.59370	0.00007
591.07582	0.00006
591.55794	0.00005
592.04006	0.00004
592.52217	0.00003
593.00429	0.00002
593.48641	0.00002
593.96853	0.00002
594.45064	0.00001
594.93276	0.00001
595.41488	0.00001
595.89699	0.00001
596.37911	0.00001
596.86123	0.00001
597.34335	0.00001
597.82546	0.00001
598.30758	0.00001
598.78970	0.00001
599.27182	0.00001
599.75393	0.00001
600.23605	0.00001
600.71817	0.00000
601.20029	-0.00000
601.68240	-0.00000
602.16452	0.00001
602.64664	0.00001
603.12875	0.00002
603.61087	0.00003
604.09299	0.00003
604.57511	0.00003
605.05722	0.00003
605.53934	0.00002
606.02146	0.00002
606.50358	0.00001
606.98569	0.00001
607.46781	0.00001
607.94993	0.00002
608.43204	0.00003
608.91416	0.00004
609.39628	0.00004
609.87840	0.00004
610.36051	0.00004
610.84263	0.00004
611.32475	0.00004
611.80687	0.00003
612.28898	0.00003
612.77110	0.00003
613.25322	0.00002
613.73534	0.00002
614.21745	0.00002
614.69957	0.00002
615.18169	0.00003
615.66380	0.00003
616.14592	0.00002
616.62804	0.00002
617.11016	0.00002
617.59227	0.00001
618.07439	0.00000
618.55651	0.00000
619.03863	0.00001
619.52074	0.00001
620.00286	0.00001
620.48498	0.00001
620.96709	0.00001
621.44921	0.00001
621.93133	0.00001
622.41345	0.00001
622.89556	0.00002
623.37768	0.00003
623.85980	0.00004
624.34192	0.00004
624.82403	0.00005
625.30615	0.00006
625.78827	0.00006
626.27039	0.00006
626.75250	0.00005
627.23462	0.00005
627.71674	0.00004
628.19885	0.00004
628.68097	0.00004
629.16309	0.00003
629.64521	0.00003
630.12732	0.00004
630.60944	0.00004
631.09156	0.00004
631.57368	0.00004
632.05579	0.00004
632.53791	0.00004
633.02003	0.00005
633.50214	0.00005
633.98426	0.00005
634.46638	0.00004
634.94850	0.00004
635.43061	0.00004
635.91273	0.00004
636.39485	0.00004
636.87697	0.00003
637.35908	0.00003
637.84120	0.00003
638.32332	0.00004
638.80544	0.00004
639.28755	0.00004
639.76967	0.00005
640.25179	0.00006
640.73390	0.00006
641.21602	0.00007
641.69814	0.00007
642.18026	0.00007
642.66237	0.00007
643.14449	0.00007
643.62661	0.00006
644.10873	0.00005
644.59084	0.00003
645.07296	0.00002
645.55508	0.00001
646.03719	0.00001
646.51931	0.00002
647.00143	0.00002
647.48355	0.00003
647.96566	0.00003
648.44778	0.00003
648.92990	0.00004
649.41202	0.00004
649.89413	0.00004
650.37625	0.00004
650.85837	0.00003
651.34049	0.00003
651.82260	0.00003
652.30472	0.00004
652.78684	0.00004
653.26895	0.00004
653.75107	0.00004
654.23319	0.00005
654.71531	0.00004
655.19742	0.00004
655.67954	0.00003
656.16166	0.00001
656.64378	0.00000
657.12589	0.00000
657.60801	0.00002
658.09013	0.00002
658.57224	0.00003
659.05436	0.00003
659.53648	0.00003
660.01860	0.00003
660.50071	0.00002
660.98283	0.00002
661.46495	0.00002
661.94707	0.00002
662.42918	0.00002
662.91130	0.00002
663.39342	0.00002
663.87554	0.00003
664.35765	0.00003
664.83977	0.00004
665.32189	0.00004
665.80400	0.00004
666.28612	0.00004
666.76824	0.00004
667.25036	0.00004
667.73247	0.00004
668.21459	0.00005
668.69671	0.00005
669.17883	0.00006
669.66094	0.00006
670.14306	0.00006
670.62518	0.00006
671.10729	0.00006
671.58941	0.00006
672.07153	0.00005
672.55365	0.00005
673.03576	0.00005
673.51788	0.00005
674.00000	0.00004
674.48212	0.00004
674.96423	0.00004
675.44635	0.00004
675.92847	0.00004
676.41059	0.00004
676.89270	0.00004
677.37482	0.00003
677.85694	0.00003
678.33905	0.00002
678.82117	0.00002
679.30329	0.00002
679.78541	0.00002
680.26752	0.00002
680.74964	0.00002
681.23176	0.00001
681.71388	0.00001
682.19599	0.00001
682.67811	0.00001
683.16023	0.00001
683.64234	0.00001
684.12446	0.00002
684.60658	0.00002
685.08870	0.00003
685.57081	0.00003
686.05293	0.00004
686.53505	0.00004
687.01717	0.00004
687.49928	0.00005
687.98140	0.00005
688.46352	0.00004
688.94564	0.00004
689.42775	0.00004
689.90987	0.00004
690.39199	0.00004
690.87410	0.00003
691.35622	0.00003
691.83834	0.00003
692.32046	0.00003
692.80257	0.00003
693.28469	0.00002
693.76681	0.00002
694.24893	0.00002
694.73104	0.00003
695.21316	0.00003
695.69528	0.00003
696.17740	0.00003
696.65951	0.00003
697.14163	0.00004
697.62375	0.00003
698.10586	0.00003
698.58798	0.00003
699.07010	0.00003
699.55222	0.00002
700.03433	0.00002
700.51645	0.00001
700.99857	0.00001
701.48069	0.00001
701.96280	0.00001
702.44492	0.00001
702.92704	0.00001
703.40915	0.00001
703.89127	0.00001
704.37339	0.00001
704.85551	0.00001
705.33762	0.00002
705.81974	0.00002
706.30186	0.00002
706.78398	0.00002
707.26609	0.00002
707.74821	0.00002
708.23033	0.00002
708.71245	0.00002
709.19456	0.00002
709.67668	0.00002
710.15880	0.00002
710.64091	0.00003
711.12303	0.00003
711.60515	0.00003
712.08727	0.00003
712.56938	0.00004
713.05150	0.00004
713.53362	0.00004
714.01574	0.00005
714.49785	0.00005
714.97997	0.00005
715.46209	0.00006
715.94420	0.00006
716.42632	0.00006
716.90844	0.00006
717.39056	0.00006
717.87267	0.00005
718.35479	0.00005
718.83691	0.00004
719.31903	0.00004
719.80114	0.00003
720.28326	0.00003
720.76538	0.00003
721.24750	0.00003
721.72961	0.00002
722.21173	0.00002
722.69385	0.00002
723.17596	0.00002
723.65808	0.00003
724.14020	0.00003
724.62232	0.00002
725.10443	0.00002
725.58655	0.00002
726.06867	0.00002
726.55079	0.00002
727.03290	0.00002
727.51502	0.00002
727.99714	0.00002
728.47925	0.00002
728.96137	0.00002
729.44349	0.00002
729.92561	0.00002
730.40772	0.00002
730.88984	0.00001
731.37196	0.00001
731.85408	0.00001
732.33619	0.00001
732.81831	0.00002
733.30043	0.00002
733.78255	0.00003
734.26466	0.00003
734.74678	0.00003
735.22890	0.00002
735.71101	0.00001
736.19313	0.00000
736.67525	0.00000
737.15737	0.00001
737.63948	0.00002
738.12160	0.00003
738.60372	0.00004
739.08584	0.00004
739.56795	0.00004
740.05007	0.00004
740.53219	0.00003
741.01430	0.00002
741.49642	0.00002
741.97854	0.00002
742.46066	0.00002
742.94277	0.00002
743.42489	0.00001
743.90701	0.00001
744.38913	0.00001
744.87124	0.00001
745.35336	0.00002
745.83548	0.00003
746.31760	0.00004
746.79971	0.00004
747.28183	0.00004
747.76395	0.00004
748.24606	0.00004
748.72818	0.00004
749.21030	0.00003
749.69242	0.00003
750.17453	0.00002
750.65665	0.00002
751.13877	0.00002
751.62089	0.00002
752.10300	0.00002
752.58512	0.00002
753.06724	0.00002
753.54935	0.00001
754.03147	0.00001
754.51359	0.00000
754.99571	0.00001
755.47782	0.00002
755.95994	0.00003
756.44206	0.00003
756.92418	0.00004
757.40629	0.00004
757.88841	0.00004
758.37053	0.00003
758.85265	0.00003
759.33476	0.00002
759.81688	0.00001
760.29900	0.00000
760.78111	0.00001
761.26323	0.00002
761.74535	0.00003
762.22747	0.00004
762.70958	0.00004
763.19170	0.00004
763.67382	0.00004
764.15594	0.00004
764.63805	0.00004
765.12017	0.00003
765.60229	0.00003
766.08440	0.00003
766.56652	0.00004
767.04864	0.00004
767.53076	0.00004
768.01287	0.00004
768.49499	0.00004
768.97711	0.00004
769.45923	0.00004
769.94134	0.00003
770.42346	0.00003
770.90558	0.00002
771.38770	0.00002
771.86981	0.00002
772.35193	0.00002
772.83405	0.00002
773.31616	0.00001
773.79828	0.00001
774.28040	-0.00000
774.76252	0.00000
775.24463	0.00001
775.72675	0.00001
776.20887	0.00002
776.69099	0.00002
777.17310	0.00002
777.65522	0.00002
778.13734	0.00002
778.61945	0.00002
779.10157	0.00002
779.58369	0.00002
780.06581	0.00003
780.54792	0.00003
781.03004	0.00003
781.51216	0.00003
781.99428	0.00003
782.47639	0.00003
782.95851	0.00003
783.44063	0.00003
783.92275	0.00003
784.40486	0.00003
784.88698	0.00002
785.36910	0.00002
785.85121	0.00002
786.33333	0.00002
786.81545	0.00002
787.29757	0.00003
787.77968	0.00004
788.26180	0.00004
788.74392	0.00005
789.22604	0.00005
789.70815	0.00005
790.19027	0.00004
790.67239	0.00004
791.15451	0.00003
791.63662	0.00003
792.11874	0.00003
792.60086	0.00003
793.08297	0.00003
793.56509	0.00003
794.04721	0.00003
794.52933	0.00002
795.01144	0.00002
795.49356	0.00001
795.97568	0.00001
796.45780	0.00001
796.93991	0.00000
797.42203	0.00000
797.90415	0.00001
798.38626	0.00001
798.86838	0.00001
799.35050	0.00001
799.83262	0.00001
800.31473	0.00001
800.79685	0.00001
801.27897	0.00002
801.76109	0.00002
802.24320	0.00002
802.72532	0.00002
803.20744	0.00002
803.68956	0.00002
804.17167	0.00002
804.65379	0.00002
805.13591	0.00002
805.61802	0.00003
806.10014	0.00004
806.58226	0.00005
807.06438	0.00005
807.54649	0.00006
808.02861	0.00006
808.51073	0.00006
808.99285	0.00006
809.47496	0.00006
809.95708	0.00005
810.43920	0.00005
810.92131	0.00005
811.40343	0.00004
811.88555	0.00004
812.36767	0.00003
812.84978	0.00003
813.33190	0.00002
813.81402	0.00001
814.29614	0.00001
814.77825	0.00001
815.26037	0.00002
815.74249	0.00003
816.22461	0.00004
816.70672	0.00004
817.18884	0.00004
817.67096	0.00004
818.15307	0.00004
818.63519	0.00004
819.11731	0.00003
819.59943	0.00002
820.08154	0.00002
820.56366	0.00002
821.04578	0.00002
821.52790	0.00003
822.01001	0.00003
822.49213	0.00004
822.97425	0.00004
823.45636	0.00003
823.93848	0.00003
824.42060	0.00002
824.90272	0.00002
825.38483	0.00002
825.86695	0.00002
826.34907	0.00002
826.83119	0.00002
827.31330	0.00002
827.79542	0.00001
828.27754	0.00000
828.75966	-0.00000
829.24177	0.00000
829.72389	0.00001
830.20601	0.00002
830.68812	0.00003
831.17024	0.00004
831.65236	0.00004
832.13448	0.00004
832.61659	0.00004
833.09871	0.00004
833.58083	0.00003
834.06295	0.00003
834.54506	0.00002
835.02718	0.00002
835.50930	0.00002
835.99141	0.00002
836.47353	0.00002
836.95565	0.00002
837.43777	0.00002
837.91988	0.00002
838.40200	0.00002
838.88412	0.00003
839.36624	0.00003
839.84835	0.00003
840.33047	0.00004
840.81259	0.00004
841.29471	0.00004
841.77682	0.00004
842.25894	0.00004
842.74106	0.00004
843.22317	0.00003
843.70529	0.00003
844.18741	0.00003
844.66953	0.00003
845.15164	0.00003
845.63376	0.00003
846.11588	0.00004
846.59800	0.00004
847.08011	0.00004
847.56223	0.00004
848.04435	0.00004
848.52646	0.00003
849.00858	0.00003
849.49070	0.00002
849.97282	0.00002
850.45493	0.00001
850.93705	0.00000
851.41917	0.00000
851.90129	0.00001
852.38340	0.00001
852.86552	0.00002
853.34764	0.00002
853.82976	0.00002
854.31187	0.00001
854.79399	0.00000
855.27611	-0.00000
855.75822	-0.00000
856.24034	0.00001
856.72246	0.00001
857.20458	0.00002
857.68669	0.00002
858.16881	0.00002
858.65093	0.00001
859.13305	0.00001
859.61516	0.00001
860.09728	0.00001
860.57940	0.00001
861.06151	0.00001
861.54363	0.00001
862.02575	0.00001
862.50787	0.00001
862.98998	0.00002
863.47210	0.00003
863.95422	0.00004
864.43634	0.00005
864.91845	0.00006
865.40057	0.00006
865.88269	0.00007
866.36481	0.00007
866.84692	0.00007
867.32904	0.00006
867.81116	0.00006
868.29327	0.00005
868.77539	0.00004
869.25751	0.00003
869.73963	0.00003
870.22174	0.00003
870.70386	0.00002
871.18598	0.00002
871.66810	0.00003
872.15021	0.00003
872.63233	0.00003
873.11445	0.00003
873.59656	0.00003
874.07868	0.00004
874.56080	0.00003
875.04292	0.00003
875.52503	0.00003
876.00715	0.00002
876.48927	0.00002
876.97139	0.00002
877.45350	0.00001
877.93562	0.00001
878.41774	0.00002
878.89986	0.00002
879.38197	0.00003
879.86409	0.00003
880.34621	0.00004
880.82832	0.00004
881.31044	0.00004
881.79256	0.00005
882.27468	0.00004
882.75679	0.00004
883.23891	0.00003
883.72103	0.00003
884.20315	0.00002
884.68526	0.00002
885.16738	0.00002
885.64950	0.00002
886.13161	0.00002
886.61373	0.00003
887.09585	0.00002
887.57797	0.00002
888.06008	0.00001
888.54220	0.00001
889.02432	-0.00000
889.50644	-0.00000
889.98855	0.00000
890.47067	0.00002
890.95279	0.00003
891.43491	0.00004
891.91702	0.00004
892.39914	0.00004
892.88126	0.00004
893.36337	0.00004
893.84549	0.00004
894.32761	0.00004
894.80973	0.00004
895.29184	0.00004
895.77396	0.00004
896.25608	0.00004
896.73820	0.00004
897.22031	0.00004
897.70243	0.00005
898.18455	0.00005
898.66667	0.00005
899.14878	0.00004
899.63090	0.00004
900.11302	0.00003
900.59513	0.00003
901.07725	0.00002
901.55937	0.00002
902.04149	0.00001
902.52360	0.00001
903.00572	0.00001
903.48784	0.00001
903.96996	0.00001
904.45207	0.00001
904.93419	0.00001
905.41631	0.00001
905.89842	0.00001
906.38054	0.00001
906.86266	0.00001
907.34478	0.00001
907.82689	0.00001
908.30901	0.00001
908.79113	0.00001
909.27325	0.00002
909.75536	0.00002
910.23748	0.00002
910.71960	0.00002
911.20172	0.00002
911.68383	0.00002
912.16595	0.00003
912.64807	0.00003
913.13018	0.00003
913.61230	0.00004
914.09442	0.00004
914.57654	0.00004
915.05865	0.00004
915.54077	0.00004
916.02289	0.00004
916.50501	0.00004
916.98712	0.00004
917.46924	0.00003
917.95136	0.00003
918.43347	0.00003
918.91559	0.00003
919.39771	0.00002
919.87983	0.00002
920.36194	0.00003
920.84406	0.00003
921.32618	0.00003
921.80830	0.00003
922.29041	0.00003
922.77253	0.00003
923.25465	0.00003
923.73677	0.00003
924.21888	0.00003
924.70100	0.00003
925.18312	0.00003
925.66523	0.00002
926.14735	0.00002
926.62947	0.00002
927.11159	0.00001
927.59370	0.00001
928.07582	0.00002
928.55794	0.00002
929.04006	0.00003
929.52217	0.00003
930.00429	0.00003
930.48641	0.00003
930.96852	0.00003
931.45064	0.00003
931.93276	0.00003
932.41488	0.00003
932.89699	0.00003
933.37911	0.00003
933.86123	0.00003
934.34335	0.00003
934.82546	0.00003
935.30758	0.00004
935.78970	0.00004
936.27182	0.00005
936.75393	0.00005
937.23605	0.00006
937.71817	0.00006
938.20028	0.00007
938.68240	0.00007
939.16452	0.00007
939.64664	0.00007
940.12875	0.00007
940.61087	0.00006
941.09299	0.00006
941.57511	0.00005
942.05722	0.00004
942.53934	0.00004
943.02146	0.00003
943.50357	0.00002
943.98569	0.00001
944.46781	0.00001
944.94993	0.00000
945.43204	0.00000
945.91416	-0.00000
946.39628	-0.00000
946.87840	0.00000
947.36051	0.00000
947.84263	0.00001
948.32475	0.00001
948.80687	0.00002
949.28898	0.00002
949.77110	0.00003
950.25322	0.00003
950.73533	0.00003
951.21745	0.00003
951.69957	0.00003
952.18169	0.00003
952.66380	0.00003
953.14592	0.00002
953.62804	0.00002
954.11016	0.00002
954.59227	0.00002
955.07439	0.00002
955.55651	0.00002
956.03862	0.00001
956.52074	0.00001
957.00286	0.00001
957.48498	0.00001
957.96709	0.00001
958.44921	0.00001
958.93133	0.00001
959.41345	0.00001
959.89556	0.00001
960.37768	0.00001
960.85980	0.00002
961.34192	0.00002
961.82403	0.00003
962.30615	0.00004
962.78827	0.00004
963.27038	0.00004
963.75250	0.00004
964.23462	0.00004
964.71674	0.00004
965.19885	0.00004
965.68097	0.00004
966.16309	0.00003
966.64521	0.00003
967.12732	0.00002
967.60944	0.00001
968.09156	0.00001
968.57367	-0.00000
969.05579	-0.00000
969.53791	0.00001
970.02003	0.00002
970.50214	0.00003
970.98426	0.00004
971.46638	0.00004
971.94850	0.00005
972.43061	0.00005
972.91273	0.00005
973.39485	0.00005
973.87697	0.00005
974.35908	0.00004
974.84120	0.00004
975.32332	0.00004
975.80543	0.00003
976.28755	0.00003
976.76967	0.00003
977.25179	0.00003
977.73390	0.00003
978.21602	0.00003
978.69814	0.00003
979.18026	0.00004
979.66237	0.00004
980.14449	0.00004
980.62661	0.00004
981.10872	0.00004
981.59084	0.00004
982.07296	0.00004
982.55508	0.00004
983.03719	0.00003
983.51931	0.00003
984.00143	0.00002
984.48355	0.00002
984.96566	0.00001
985.44778	0.00001
985.92990	0.00001
986.41202	0.00001
986.89413	0.00001
987.37625	0.00001
987.85837	0.00001
988.34048	0.00001
988.82260	0.00001
989.30472	0.00001
989.78684	0.00001
990.26895	0.00001
990.75107	0.00002
991.23319	0.00002
991.71531	0.00003
992.19742	0.00003
992.67954	0.00004
993.16166	0.00004
993.64378	0.00005
994.12589	0.00005
994.60801	0.00005
995.09013	0.00006
995.57224	0.00006
996.05436	0.00005
996.53648	0.00005
997.01860	0.00005
997.50071	0.00004
997.98283	0.00004
998.46495	0.00003
998.94707	0.00002
999.42918	0.00002
