0.00000	0.00218
0.48212	0.00217
0.96423	0.00214
1.44635	0.00208
1.92847	0.00197
2.41059	0.00182
2.89270	0.00162
3.37482	0.00139
3.85694	0.00114
4.33906	0.00093
4.82117	0.00072
5.30329	0.00056
5.78541	0.00044
6.26753	0.00037
6.74964	0.00033
7.23176	0.00031
7.71388	0.00030
8.19599	0.00030
8.67811	0.00029
9.16023	0.00028
9.64235	0.00026
10.12446	0.00025
10.60658	0.00024
11.08870	0.00023
11.57082	0.00022
12.05293	0.00021
12.53505	0.00020
13.01717	0.00018
13.49928	0.00014
13.98140	0.00011
14.46352	0.00011
14.94564	0.00017
15.42775	0.00030
15.90987	0.00045
16.39199	0.00063
16.87411	0.00086
17.35622	0.00112
17.83834	0.00143
18.32046	0.00178
18.80258	0.00218
19.28469	0.00264
19.76681	0.00314
20.24893	0.00370
20.73104	0.00430
21.21316	0.00493
21.69528	0.00560
22.17740	0.00630
22.65951	0.00701
23.14163	0.00774
23.62375	0.00848
24.10587	0.00924
24.58798	0.01001
25.07010	0.01081
25.55222	0.01165
26.03433	0.01253
26.51645	0.01345
26.99857	0.01443
27.48069	0.01546
27.96280	0.01654
28.44492	0.01766
28.92704	0.01881
29.40916	0.01999
29.89127	0.02119
30.37339	0.02241
30.85551	0.02364
31.33763	0.02489
31.81974	0.02618
32.30186	0.02752
32.78398	0.02896
33.26609	0.03054
33.74821	0.03233
34.23033	0.03438
34.71245	0.03675
35.19456	0.03947
35.67668	0.04258
36.15880	0.04603
36.64092	0.04979
37.12303	0.05376
37.60515	0.05784
38.08727	0.06192
38.56938	0.06590
39.05150	0.06972
39.53362	0.07335
40.01574	0.07681
40.49785	0.08015
40.97997	0.08345
41.46209	0.08675
41.94421	0.09011
42.42632	0.09349
42.90844	0.09683
43.39056	0.10000
43.87268	0.10287
44.35479	0.10527
44.83691	0.10713
45.31903	0.10841
45.80114	0.10922
46.28326	0.10977
46.76538	0.11036
47.24750	0.11139
47.72961	0.11326
48.21173	0.11632
48.69385	0.12082
49.17597	0.12686
49.65808	0.13435
50.14020	0.14305
50.62232	0.15257
51.10443	0.16247
51.58655	0.17231
52.06867	0.18169
52.55079	0.19040
53.03290	0.19839
53.51502	0.20576
53.99714	0.21281
54.47926	0.21990
54.96137	0.22742
55.44349	0.23574
55.92561	0.24507
56.40773	0.25548
56.88984	0.26687
57.37196	0.27896
57.85408	0.29136
58.33619	0.30362
58.81831	0.31527
59.30043	0.32593
59.78255	0.33535
60.26466	0.34340
60.74678	0.35013
61.22890	0.35572
61.71102	0.36044
62.19313	0.36463
62.67525	0.36858
63.15737	0.37253
63.63948	0.37661
64.12160	0.38080
64.60372	0.38493
65.08584	0.38873
65.56795	0.39182
66.05007	0.39384
66.53219	0.39444
67.01431	0.39341
67.49642	0.39069
67.97854	0.38641
68.46066	0.38092
68.94278	0.37474
69.42489	0.36849
69.90701	0.36284
70.38913	0.35840
70.87124	0.35562
71.35336	0.35475
71.83548	0.35577
72.31760	0.35842
72.79971	0.36222
73.28183	0.36661
73.76395	0.37104
74.24607	0.37508
74.72818	0.37856
75.21030	0.38158
75.69242	0.38453
76.17453	0.38805
76.65665	0.39285
77.13877	0.39964
77.62089	0.40891
78.10300	0.42085
78.58512	0.43529
79.06724	0.45166
79.54936	0.46910
80.03147	0.48662
80.51359	0.50323
80.99571	0.51814
81.47783	0.53089
81.95994	0.54146
82.44206	0.55021
82.92418	0.55787
83.40629	0.56537
83.88841	0.57367
84.37053	0.58359
84.85265	0.59567
85.33476	0.61004
85.81688	0.62642
86.29900	0.64414
86.78112	0.66226
87.26323	0.67970
87.74535	0.69542
88.22747	0.70859
88.70958	0.71869
89.19170	0.72563
89.67382	0.72975
90.15594	0.73175
90.63805	0.73262
91.12017	0.73346
91.60229	0.73529
92.08441	0.73893
92.56652	0.74481
93.04864	0.75293
93.53076	0.76282
94.01288	0.77363
94.49499	0.78425
94.97711	0.79349
95.45923	0.80029
95.94134	0.80389
96.42346	0.80397
96.90558	0.80071
97.38770	0.79480
97.86981	0.78729
98.35193	0.77946
98.83405	0.77263
99.31617	0.76791
99.79828	0.76605
100.28040	0.76733
100.76252	0.77152
101.24464	0.77792
101.72675	0.78546
102.20887	0.79294
102.69099	0.79912
103.17310	0.80301
103.65522	0.80396
104.13734	0.80177
104.61946	0.79673
105.10157	0.78956
105.58369	0.78127
106.06581	0.77306
106.54793	0.76609
107.03004	0.76135
107.51216	0.75946
107.99428	0.76063
108.47639	0.76458
108.95851	0.77061
109.44063	0.77771
109.92275	0.78468
110.40486	0.79037
110.88698	0.79382
111.36910	0.79444
111.85122	0.79209
112.33333	0.78714
112.81545	0.78035
113.29757	0.77280
113.77969	0.76565
114.26180	0.75995
114.74392	0.75645
115.22604	0.75548
115.70815	0.75686
116.19027	0.75995
116.67239	0.76374
117.15451	0.76706
117.63662	0.76878
118.11874	0.76799
118.60086	0.76416
119.08298	0.75727
119.56509	0.74777
120.04721	0.73652
120.52933	0.72464
121.01144	0.71333
121.49356	0.70370
121.97568	0.69656
122.45780	0.69236
122.93991	0.69108
123.42203	0.69227
123.90415	0.69513
124.38627	0.69865
124.86838	0.70175
125.35050	0.70345
125.83262	0.70300
126.31474	0.70001
126.79685	0.69448
127.27897	0.68676
127.76109	0.67754
128.24320	0.66767
128.72532	0.65803
129.20744	0.64942
129.68956	0.64238
130.17167	0.63714
130.65379	0.63359
131.13591	0.63129
131.61803	0.62957
132.10014	0.62765
132.58226	0.62479
133.06438	0.62039
133.54649	0.61410
134.02861	0.60590
134.51073	0.59609
134.99285	0.58520
135.47496	0.57395
135.95708	0.56309
136.43920	0.55330
136.92132	0.54508
137.40343	0.53869
137.88555	0.53411
138.36767	0.53107
138.84979	0.52909
139.33190	0.52758
139.81402	0.52595
140.29614	0.52370
140.77825	0.52047
141.26037	0.51614
141.74249	0.51083
142.22461	0.50484
142.70672	0.49862
143.18884	0.49266
143.67096	0.48747
144.15308	0.48338
144.63519	0.48059
145.11731	0.47909
145.59943	0.47862
146.08154	0.47882
146.56366	0.47917
147.04578	0.47917
147.52790	0.47837
148.01001	0.47646
148.49213	0.47331
148.97425	0.46898
149.45637	0.46373
149.93848	0.45791
150.42060	0.45195
150.90272	0.44626
151.38484	0.44116
151.86695	0.43684
152.34907	0.43331
152.83119	0.43043
153.31330	0.42793
153.79542	0.42544
154.27754	0.42260
154.75966	0.41908
155.24177	0.41465
155.72389	0.40921
156.20601	0.40282
156.68813	0.39568
157.17024	0.38806
157.65236	0.38033
158.13448	0.37283
158.61659	0.36589
159.09871	0.35974
159.58083	0.35449
160.06295	0.35016
160.54506	0.34664
161.02718	0.34377
161.50930	0.34133
161.99142	0.33910
162.47353	0.33690
162.95565	0.33462
163.43777	0.33222
163.91989	0.32975
164.40200	0.32732
164.88412	0.32510
165.36624	0.32324
165.84835	0.32188
166.33047	0.32110
166.81259	0.32091
167.29471	0.32124
167.77682	0.32195
168.25894	0.32283
168.74106	0.32369
169.22318	0.32430
169.70529	0.32452
170.18741	0.32422
170.66953	0.32337
171.15164	0.32200
171.63376	0.32021
172.11588	0.31811
172.59800	0.31585
173.08011	0.31353
173.56223	0.31126
174.04435	0.30906
174.52647	0.30693
175.00858	0.30482
175.49070	0.30265
175.97282	0.30034
176.45494	0.29781
176.93705	0.29503
177.41917	0.29199
177.90129	0.28874
178.38340	0.28536
178.86552	0.28195
179.34764	0.27865
179.82976	0.27556
180.31187	0.27276
180.79399	0.27030
181.27611	0.26817
181.75823	0.26634
182.24034	0.26473
182.72246	0.26324
183.20458	0.26178
183.68669	0.26026
184.16881	0.25863
184.65093	0.25686
185.13305	0.25496
185.61516	0.25299
186.09728	0.25099
186.57940	0.24904
187.06152	0.24720
187.54363	0.24551
188.02575	0.24399
188.50787	0.24260
188.98999	0.24131
189.47210	0.24003
189.95422	0.23869
190.43634	0.23721
190.91845	0.23551
191.40057	0.23357
191.88269	0.23138
192.36481	0.22898
192.84692	0.22642
193.32904	0.22379
193.81116	0.22117
194.29328	0.21864
194.77539	0.21625
195.25751	0.21404
195.73963	0.21201
196.22174	0.21013
196.70386	0.20834
197.18598	0.20658
197.66810	0.20478
198.15021	0.20290
198.63233	0.20091
199.11445	0.19882
199.59657	0.19666
200.07868	0.19446
200.56080	0.19231
201.04292	0.19026
201.52504	0.18835
202.00715	0.18663
202.48927	0.18508
202.97139	0.18367
203.45350	0.18234
203.93562	0.18103
204.41774	0.17964
204.89986	0.17812
205.38197	0.17641
205.86409	0.17449
206.34621	0.17238
206.82833	0.17010
207.31044	0.16773
207.79256	0.16535
208.27468	0.16302
208.75680	0.16081
209.23891	0.15877
209.72103	0.15690
210.20315	0.15520
210.68526	0.15364
211.16738	0.15216
211.64950	0.15071
212.13162	0.14925
212.61373	0.14775
213.09585	0.14620
213.57797	0.14462
214.06009	0.14303
214.54220	0.14148
215.02432	0.14002
215.50644	0.13868
215.98855	0.13747
216.47067	0.13641
216.95279	0.13546
217.43491	0.13459
217.91702	0.13375
218.39914	0.13288
218.88126	0.13193
219.36338	0.13087
219.84549	0.12970
220.32761	0.12842
220.80973	0.12707
221.29185	0.12568
221.77396	0.12431
222.25608	0.12301
222.73820	0.12182
223.22031	0.12075
223.70243	0.11982
224.18455	0.11900
224.66667	0.11827
225.14878	0.11759
225.63090	0.11692
226.11302	0.11622
226.59514	0.11546
227.07725	0.11464
227.55937	0.11375
228.04149	0.11282
228.52360	0.11186
229.00572	0.11090
229.48784	0.10998
229.96996	0.10912
230.45207	0.10835
230.93419	0.10766
231.41631	0.10704
231.89843	0.10649
232.38054	0.10597
232.86266	0.10545
233.34478	0.10488
233.82690	0.10425
234.30901	0.10352
234.79113	0.10268
235.27325	0.10174
235.75536	0.10070
236.23748	0.09959
236.71960	0.09846
237.20172	0.09732
237.68383	0.09622
238.16595	0.09518
238.64807	0.09420
239.13019	0.09328
239.61230	0.09239
240.09442	0.09151
240.57654	0.09060
241.05865	0.08961
241.54077	0.08852
242.02289	0.08731
242.50501	0.08598
242.98712	0.08454
243.46924	0.08301
243.95136	0.08144
244.43348	0.07986
244.91559	0.07831
245.39771	0.07683
245.87983	0.07543
246.36195	0.07410
246.84406	0.07285
247.32618	0.07165
247.80830	0.07048
248.29041	0.06930
248.77253	0.06809
249.25465	0.06684
249.73677	0.06555
250.21888	0.06423
250.70100	0.06289
251.18312	0.06156
251.66524	0.06027
252.14735	0.05903
252.62947	0.05786
253.11159	0.05677
253.59370	0.05575
254.07582	0.05478
254.55794	0.05384
255.04006	0.05290
255.52217	0.05196
256.00429	0.05098
256.48641	0.04997
256.96853	0.04892
257.45064	0.04784
257.93276	0.04675
258.41488	0.04566
258.89700	0.04459
259.37911	0.04356
259.86123	0.04257
260.34335	0.04163
260.82546	0.04074
261.30758	0.03988
261.78970	0.03905
262.27182	0.03822
262.75393	0.03739
263.23605	0.03655
263.71817	0.03569
264.20029	0.03480
264.68240	0.03390
265.16452	0.03298
265.64664	0.03205
266.12875	0.03114
266.61087	0.03024
267.09299	0.02936
267.57511	0.02852
268.05722	0.02770
268.53934	0.02692
269.02146	0.02616
269.50358	0.02543
269.98569	0.02472
270.46781	0.02402
270.94993	0.02332
271.43205	0.02263
271.91416	0.02195
272.39628	0.02128
272.87840	0.02063
273.36051	0.02000
273.84263	0.01939
274.32475	0.01882
274.80687	0.01829
275.28898	0.01780
275.77110	0.01735
276.25322	0.01693
276.73534	0.01655
277.21745	0.01620
277.69957	0.01587
278.18169	0.01555
278.66380	0.01525
279.14592	0.01496
279.62804	0.01467
280.11016	0.01439
280.59227	0.01412
281.07439	0.01386
281.55651	0.01361
282.03863	0.01338
282.52074	0.01316
283.00286	0.01295
283.48498	0.01276
283.96710	0.01257
284.44921	0.01238
284.93133	0.01218
285.41345	0.01198
285.89556	0.01175
286.37768	0.01152
286.85980	0.01126
287.34192	0.01099
287.82403	0.01071
288.30615	0.01043
288.78827	0.01014
289.27039	0.00986
289.75250	0.00959
290.23462	0.00934
290.71674	0.00910
291.19885	0.00887
291.68097	0.00865
292.16309	0.00843
292.64521	0.00821
293.12732	0.00799
293.60944	0.00776
294.09156	0.00753
294.57368	0.00730
295.05579	0.00707
295.53791	0.00684
296.02003	0.00663
296.50215	0.00644
296.98426	0.00626
297.46638	0.00610
297.94850	0.00597
298.43061	0.00584
298.91273	0.00572
299.39485	0.00561
299.87697	0.00549
300.35908	0.00538
300.84120	0.00526
301.32332	0.00514
301.80544	0.00503
302.28755	0.00492
302.76967	0.00482
303.25179	0.00472
303.73391	0.00464
304.21602	0.00457
304.69814	0.00451
305.18026	0.00445
305.66237	0.00439
306.14449	0.00432
306.62661	0.00425
307.10873	0.00418
307.59084	0.00411
308.07296	0.00403
308.55508	0.00396
309.03720	0.00389
309.51931	0.00382
310.00143	0.00375
310.48355	0.00368
310.96566	0.00362
311.44778	0.00355
311.92990	0.00347
312.41202	0.00340
312.89413	0.00332
313.37625	0.00324
313.85837	0.00316
314.34049	0.00309
314.82260	0.00301
315.30472	0.00294
315.78684	0.00286
316.26896	0.00279
316.75107	0.00272
317.23319	0.00265
317.71531	0.00258
318.19742	0.00252
318.67954	0.00245
319.16166	0.00239
319.64378	0.00234
320.12589	0.00229
320.60801	0.00225
321.09013	0.00222
321.57225	0.00219
322.05436	0.00217
322.53648	0.00215
323.01860	0.00212
323.50071	0.00209
323.98283	0.00206
324.46495	0.00203
324.94707	0.00199
325.42918	0.00196
325.91130	0.00192
326.39342	0.00189
326.87554	0.00186
327.35765	0.00183
327.83977	0.00180
328.32189	0.00177
328.80401	0.00173
329.28612	0.00170
329.76824	0.00168
330.25036	0.00165
330.73247	0.00163
331.21459	0.00161
331.69671	0.00161
332.17883	0.00160
332.66094	0.00160
333.14306	0.00161
333.62518	0.00161
334.10730	0.00161
334.58941	0.00161
335.07153	0.00160
335.55365	0.00160
336.03576	0.00159
336.51788	0.00159
337.00000	0.00159
337.48212	0.00160
337.96423	0.00160
338.44635	0.00161
338.92847	0.00162
339.41059	0.00162
339.89270	0.00161
340.37482	0.00159
340.85694	0.00157
341.33906	0.00154
341.82117	0.00151
342.30329	0.00148
342.78541	0.00146
343.26752	0.00143
343.74964	0.00142
344.23176	0.00141
344.71388	0.00140
345.19599	0.00139
345.67811	0.00138
346.16023	0.00137
346.64235	0.00135
347.12446	0.00133
347.60658	0.00131
348.08870	0.00129
348.57081	0.00128
349.05293	0.00126
349.53505	0.00126
350.01717	0.00125
350.49928	0.00125
350.98140	0.00124
351.46352	0.00124
351.94564	0.00124
352.42775	0.00124
352.90987	0.00124
353.39199	0.00124
353.87411	0.00123
354.35622	0.00123
354.83834	0.00122
355.32046	0.00122
355.80257	0.00121
356.28469	0.00120
356.76681	0.00119
357.24893	0.00119
357.73104	0.00118
358.21316	0.00117
358.69528	0.00116
359.17740	0.00115
359.65951	0.00115
360.14163	0.00115
360.62375	0.00114
361.10586	0.00114
361.58798	0.00114
362.07010	0.00115
362.55222	0.00115
363.03433	0.00115
363.51645	0.00115
363.99857	0.00115
364.48069	0.00115
364.96280	0.00115
365.44492	0.00115
365.92704	0.00115
366.40916	0.00115
366.89127	0.00114
367.37339	0.00113
367.85551	0.00113
368.33762	0.00112
368.81974	0.00111
369.30186	0.00109
369.78398	0.00109
370.26609	0.00108
370.74821	0.00107
371.23033	0.00107
371.71245	0.00107
372.19456	0.00107
372.67668	0.00106
373.15880	0.00106
373.64091	0.00105
374.12303	0.00104
374.60515	0.00103
375.08727	0.00102
375.56938	0.00101
376.05150	0.00100
376.53362	0.00099
377.01574	0.00099
377.49785	0.00099
377.97997	0.00099
378.46209	0.00099
378.94421	0.00099
379.42632	0.00099
379.90844	0.00099
380.39056	0.00099
380.87267	0.00098
381.35479	0.00098
381.83691	0.00098
382.31903	0.00097
382.80114	0.00097
383.28326	0.00096
383.76538	0.00096
384.24750	0.00095
384.72961	0.00095
385.21173	0.00094
385.69385	0.00092
386.17596	0.00091
386.65808	0.00089
387.14020	0.00088
387.62232	0.00087
388.10443	0.00086
388.58655	0.00085
389.06867	0.00085
389.55079	0.00084
390.03290	0.00084
390.51502	0.00083
390.99714	0.00082
391.47926	0.00081
391.96137	0.00081
392.44349	0.00080
392.92561	0.00079
393.40772	0.00078
393.88984	0.00077
394.37196	0.00077
394.85408	0.00076
395.33619	0.00076
395.81831	0.00076
396.30043	0.00077
396.78255	0.00077
397.26466	0.00077
397.74678	0.00078
398.22890	0.00078
398.71102	0.00078
399.19313	0.00078
399.67525	0.00078
400.15737	0.00077
400.63948	0.00076
401.12160	0.00075
401.60372	0.00074
402.08584	0.00074
402.56795	0.00073
403.05007	0.00073
403.53219	0.00073
404.01431	0.00073
404.49642	0.00073
404.97854	0.00073
405.46066	0.00073
405.94277	0.00072
406.42489	0.00071
406.90701	0.00071
407.38913	0.00069
407.87124	0.00069
408.35336	0.00068
408.83548	0.00067
409.31760	0.00067
409.79971	0.00067
410.28183	0.00068
410.76395	0.00068
411.24607	0.00068
411.72818	0.00069
412.21030	0.00069
412.69242	0.00068
413.17453	0.00068
413.65665	0.00067
414.13877	0.00066
414.62089	0.00064
415.10300	0.00063
415.58512	0.00062
416.06724	0.00061
416.54936	0.00060
417.03147	0.00059
417.51359	0.00058
417.99571	0.00057
418.47782	0.00057
418.95994	0.00056
419.44206	0.00056
419.92418	0.00056
420.40629	0.00056
420.88841	0.00056
421.37053	0.00056
421.85265	0.00056
422.33476	0.00056
422.81688	0.00056
423.29900	0.00056
423.78112	0.00056
424.26323	0.00056
424.74535	0.00056
425.22747	0.00055
425.70958	0.00055
426.19170	0.00055
426.67382	0.00055
427.15594	0.00054
427.63805	0.00053
428.12017	0.00052
428.60229	0.00051
429.08441	0.00050
429.56652	0.00049
430.04864	0.00048
430.53076	0.00047
431.01287	0.00046
431.49499	0.00045
431.97711	0.00045
432.45923	0.00044
432.94134	0.00044
433.42346	0.00044
433.90558	0.00044
434.38770	0.00044
434.86981	0.00045
435.35193	0.00046
435.83405	0.00047
436.31617	0.00047
436.79828	0.00048
437.28040	0.00049
437.76252	0.00050
438.24463	0.00050
438.72675	0.00050
439.20887	0.00050
439.69099	0.00050
440.17310	0.00049
440.65522	0.00049
441.13734	0.00048
441.61946	0.00048
442.10157	0.00048
442.58369	0.00048
443.06581	0.00048
443.54792	0.00048
444.03004	0.00048
444.51216	0.00048
444.99428	0.00047
445.47639	0.00047
445.95851	0.00046
446.44063	0.00045
446.92275	0.00044
447.40486	0.00043
447.88698	0.00043
448.36910	0.00042
448.85122	0.00041
449.33333	0.00040
449.81545	0.00040
450.29757	0.00040
450.77968	0.00040
451.26180	0.00040
451.74392	0.00040
452.22604	0.00040
452.70815	0.00040
453.19027	0.00040
453.67239	0.00041
454.15451	0.00041
454.63662	0.00041
455.11874	0.00041
455.60086	0.00041
456.08297	0.00041
456.56509	0.00041
457.04721	0.00041
457.52933	0.00040
458.01144	0.00039
458.49356	0.00038
458.97568	0.00037
459.45780	0.00036
459.93991	0.00034
460.42203	0.00033
460.90415	0.00032
461.38627	0.00032
461.86838	0.00031
462.35050	0.00031
462.83262	0.00031
463.31473	0.00032
463.79685	0.00032
464.27897	0.00032
464.76109	0.00032
465.24320	0.00032
465.72532	0.00032
466.20744	0.00032
466.68956	0.00032
467.17167	0.00032
467.65379	0.00032
468.13591	0.00032
468.61802	0.00032
469.10014	0.00032
469.58226	0.00033
470.06438	0.00033
470.54649	0.00033
471.02861	0.00033
471.51073	0.00033
471.99285	0.00033
472.47496	0.00033
472.95708	0.00033
473.43920	0.00033
473.92132	0.00032
474.40343	0.00032
474.88555	0.00032
475.36767	0.00031
475.84978	0.00031
476.33190	0.00031
476.81402	0.00031
477.29614	0.00031
477.77825	0.00031
478.26037	0.00031
478.74249	0.00031
479.22461	0.00031
479.70672	0.00031
480.18884	0.00031
480.67096	0.00031
481.15307	0.00031
481.63519	0.00031
482.11731	0.00031
482.59943	0.00031
483.08154	0.00030
483.56366	0.00030
484.04578	0.00030
484.52790	0.00030
485.01001	0.00030
485.49213	0.00030
485.97425	0.00030
486.45637	0.00030
486.93848	0.00030
487.42060	0.00030
487.90272	0.00030
488.38483	0.00030
488.86695	0.00030
489.34907	0.00029
489.83119	0.00028
490.31330	0.00028
490.79542	0.00027
491.27754	0.00026
491.75966	0.00025
492.24177	0.00024
492.72389	0.00023
493.20601	0.00022
493.68812	0.00022
494.17024	0.00022
494.65236	0.00022
495.13448	0.00023
495.61659	0.00023
496.09871	0.00024
496.58083	0.00025
497.06295	0.00026
497.54506	0.00026
498.02718	0.00026
498.50930	0.00025
498.99142	0.00024
499.47353	0.00023
499.95565	0.00022
500.43777	0.00021
500.91988	0.00020
501.40200	0.00020
501.88412	0.00019
502.36624	0.00019
502.84835	0.00018
503.33047	0.00018
503.81259	0.00018
504.29471	0.00018
504.77682	0.00017
505.25894	0.00017
505.74106	0.00016
506.22318	0.00015
506.70529	0.00014
507.18741	0.00014
507.66953	0.00013
508.15164	0.00013
508.63376	0.00013
509.11588	0.00013
509.59800	0.00013
510.08011	0.00014
510.56223	0.00015
511.04435	0.00016
511.52647	0.00017
512.00858	0.00018
512.49070	0.00018
512.97282	0.00019
513.45493	0.00020
513.93705	0.00021
514.41917	0.00021
514.90129	0.00021
515.38340	0.00021
515.86552	0.00021
516.34764	0.00020
516.82976	0.00020
517.31187	0.00019
517.79399	0.00018
518.27611	0.00017
518.75823	0.00016
519.24034	0.00015
519.72246	0.00015
520.20458	0.00014
520.68669	0.00013
521.16881	0.00013
521.65093	0.00012
522.13305	0.00012
522.61516	0.00011
523.09728	0.00011
523.57940	0.00011
524.06152	0.00011
524.54363	0.00011
525.02575	0.00011
525.50787	0.00010
525.98998	0.00010
526.47210	0.00009
526.95422	0.00008
527.43634	0.00008
527.91845	0.00007
528.40057	0.00006
528.88269	0.00005
529.36481	0.00004
529.84692	0.00004
530.32904	0.00004
530.81116	0.00004
531.29328	0.00005
531.77539	0.00005
532.25751	0.00006
532.73963	0.00007
533.22174	0.00008
533.70386	0.00008
534.18598	0.00009
534.66810	0.00010
535.15021	0.00011
535.63233	0.00011
536.11445	0.00011
536.59657	0.00012
537.07868	0.00012
537.56080	0.00012
538.04292	0.00012
538.52503	0.00012
539.00715	0.00012
539.48927	0.00012
539.97139	0.00013
540.45350	0.00013
540.93562	0.00013
541.41774	0.00013
541.89986	0.00012
542.38197	0.00012
542.86409	0.00012
543.34621	0.00011
543.82833	0.00010
544.31044	0.00010
544.79256	0.00009
545.27468	0.00008
545.75679	0.00007
546.23891	0.00006
546.72103	0.00006
547.20315	0.00005
547.68526	0.00005
548.16738	0.00005
548.64950	0.00005
549.13162	0.00005
549.61373	0.00005
550.09585	0.00006
550.57797	0.00006
551.06008	0.00007
551.54220	0.00007
552.02432	0.00007
552.50644	0.00007
552.98855	0.00007
553.47067	0.00006
553.95279	0.00005
554.43491	0.00004
554.91702	0.00003
555.39914	0.00002
555.88126	0.00001
556.36338	0.00001
556.84549	0.00001
557.32761	0.00002
557.80973	0.00003
558.29184	0.00004
558.77396	0.00004
559.25608	0.00005
559.73820	0.00006
560.22031	0.00006
560.70243	0.00007
561.18455	0.00007
561.66667	0.00007
562.14878	0.00006
562.63090	0.00006
563.11302	0.00005
563.59513	0.00004
564.07725	0.00003
564.55937	0.00002
565.04149	0.00002
565.52360	0.00002
566.00572	0.00003
566.48784	0.00004
566.96996	0.00005
567.45207	0.00006
567.93419	0.00006
568.41631	0.00006
568.89843	0.00006
569.38054	0.00005
569.86266	0.00005
570.34478	0.00004
570.82689	0.00004
571.30901	0.00004
571.79113	0.00004
572.27325	0.00004
572.75536	0.00004
573.23748	0.00004
573.71960	0.00003
574.20172	0.00003
574.68383	0.00003
575.16595	0.00002
575.64807	0.00001
576.13018	0.00001
576.61230	0.00001
577.09442	0.00001
577.57654	0.00001
578.05865	0.00001
578.54077	0.00001
579.02289	0.00001
579.50501	0.00001
579.98712	0.00001
580.46924	0.00001
580.95136	0.00002
581.43348	0.00003
581.91559	0.00003
582.39771	0.00004
582.87983	0.00004
583.36194	0.00004
583.84406	0.00004
584.32618	0.00004
584.80830	0.00003
585.29041	0.00003
585.77253	0.00004
586.25465	0.00004
586.73677	0.00004
587.21888	0.00004
587.70100	0.00004
588.18312	0.00003
588.66523	0.00003
589.14735	0.00003
589.62947	0.00003
590.11159	0.00002
590.59370	0.00001
591.07582	0.00001
591.55794	0.00001
592.04006	0.00001
592.52217	0.00002
593.00429	0.00003
593.48641	0.00003
593.96853	0.00003
594.45064	0.00004
594.93276	0.00004
595.41488	0.00004
595.89699	0.00004
596.37911	0.00004
596.86123	0.00004
597.34335	0.00004
597.82546	0.00004
598.30758	0.00004
598.78970	0.00004
599.27182	0.00003
599.75393	0.00003
600.23605	0.00003
600.71817	0.00003
601.20029	0.00003
601.68240	0.00003
602.16452	0.00003
602.64664	0.00003
603.12875	0.00003
603.61087	0.00003
604.09299	0.00003
604.57511	0.00003
605.05722	0.00003
605.53934	0.00002
606.02146	0.00002
606.50358	0.00001
606.98569	0.00001
607.46781	0.00001
607.94993	0.00001
608.43204	0.00001
608.91416	0.00001
609.39628	0.00002
609.87840	0.00002
610.36051	0.00002
610.84263	0.00002
611.32475	0.00002
611.80687	0.00002
612.28898	0.00002
612.77110	0.00001
613.25322	0.00001
613.73534	0.00000
614.21745	0.00000
614.69957	0.00001
615.18169	0.00001
615.66380	0.00002
616.14592	0.00002
616.62804	0.00003
617.11016	0.00003
617.59227	0.00003
618.07439	0.00003
618.55651	0.00002
619.03863	0.00002
619.52074	0.00002
620.00286	0.00002
620.48498	0.00003
620.96709	0.00003
621.44921	0.00004
621.93133	0.00005
622.41345	0.00005
622.89556	0.00005
623.37768	0.00005
623.85980	0.00005
624.34192	0.00004
624.82403	0.00004
625.30615	0.00003
625.78827	0.00003
626.27039	0.00003
626.75250	0.00002
627.23462	0.00002
627.71674	0.00002
628.19885	0.00001
628.68097	0.00001
629.16309	0.00001
629.64521	0.00001
630.12732	0.00001
630.60944	0.00002
631.09156	0.00002
631.57368	0.00002
632.05579	0.00002
632.53791	0.00002
633.02003	0.00002
633.50214	0.00002
633.98426	0.00002
634.46638	0.00002
634.94850	0.00002
635.43061	0.00002
635.91273	0.00003
636.39485	0.00004
636.87697	0.00005
637.35908	0.00006
637.84120	0.00007
638.32332	0.00007
638.80544	0.00008
639.28755	0.00008
639.76967	0.00008
640.25179	0.00007
640.73390	0.00007
641.21602	0.00006
641.69814	0.00006
642.18026	0.00005
642.66237	0.00004
643.14449	0.00003
643.62661	0.00003
644.10873	0.00002
644.59084	0.00002
645.07296	0.00002
645.55508	0.00002
646.03719	0.00003
646.51931	0.00004
647.00143	0.00004
647.48355	0.00005
647.96566	0.00006
648.44778	0.00006
648.92990	0.00006
649.41202	0.00006
649.89413	0.00005
650.37625	0.00005
650.85837	0.00004
651.34049	0.00004
651.82260	0.00003
652.30472	0.00003
652.78684	0.00002
653.26895	0.00002
653.75107	0.00002
654.23319	0.00001
654.71531	0.00001
655.19742	0.00000
655.67954	0.00000
656.16166	0.00001
656.64378	0.00001
657.12589	0.00001
657.60801	0.00001
658.09013	0.00002
658.57224	0.00002
659.05436	0.00002
659.53648	0.00003
660.01860	0.00003
660.50071	0.00003
660.98283	0.00003
661.46495	0.00003
661.94707	0.00003
662.42918	0.00003
662.91130	0.00003
663.39342	0.00003
663.87554	0.00002
664.35765	0.00002
664.83977	0.00002
665.32189	0.00002
665.80400	0.00001
666.28612	0.00001
666.76824	0.00000
667.25036	0.00001
667.73247	0.00001
668.21459	0.00002
668.69671	0.00002
669.17883	0.00003
669.66094	0.00003
670.14306	0.00003
670.62518	0.00002
671.10729	0.00001
671.58941	0.00001
672.07153	0.00001
672.55365	0.00002
673.03576	0.00003
673.51788	0.00003
674.00000	0.00004
674.48212	0.00004
674.96423	0.00004
675.44635	0.00004
675.92847	0.00004
676.41059	0.00004
676.89270	0.00003
677.37482	0.00003
677.85694	0.00003
678.33905	0.00003
678.82117	0.00003
679.30329	0.00002
679.78541	0.00002
680.26752	0.00001
680.74964	0.00001
681.23176	0.00000
681.71388	0.00000
682.19599	0.00001
682.67811	0.00002
683.16023	0.00003
683.64234	0.00003
684.12446	0.00003
684.60658	0.00004
685.08870	0.00004
685.57081	0.00004
686.05293	0.00004
686.53505	0.00004
687.01717	0.00005
687.49928	0.00005
687.98140	0.00005
688.46352	0.00005
688.94564	0.00004
689.42775	0.00004
689.90987	0.00003
690.39199	0.00003
690.87410	0.00003
691.35622	0.00003
691.83834	0.00003
692.32046	0.00003
692.80257	0.00004
693.28469	0.00004
693.76681	0.00005
694.24893	0.00005
694.73104	0.00005
695.21316	0.00005
695.69528	0.00005
696.17740	0.00005
696.65951	0.00005
697.14163	0.00005
697.62375	0.00005
698.10586	0.00006
698.58798	0.00006
699.07010	0.00007
699.55222	0.00007
700.03433	0.00007
700.51645	0.00006
700.99857	0.00006
701.48069	0.00005
701.96280	0.00005
702.44492	0.00004
702.92704	0.00003
703.40915	0.00003
703.89127	0.00002
704.37339	0.00002
704.85551	0.00002
705.33762	0.00002
705.81974	0.00003
706.30186	0.00003
706.78398	0.00003
707.26609	0.00003
707.74821	0.00003
708.23033	0.00002
708.71245	0.00002
709.19456	0.00001
709.67668	0.00001
710.15880	0.00000
710.64091	0.00000
711.12303	0.00001
711.60515	0.00001
712.08727	0.00001
712.56938	0.00002
713.05150	0.00002
713.53362	0.00003
714.01574	0.00004
714.49785	0.00004
714.97997	0.00005
715.46209	0.00005
715.94420	0.00005
716.42632	0.00005
716.90844	0.00004
717.39056	0.00004
717.87267	0.00004
718.35479	0.00003
718.83691	0.00003
719.31903	0.00002
719.80114	0.00002
720.28326	0.00002
720.76538	0.00001
721.24750	0.00001
721.72961	0.00001
722.21173	0.00001
722.69385	0.00002
723.17596	0.00002
723.65808	0.00001
724.14020	0.00001
724.62232	0.00001
725.10443	0.00001
725.58655	0.00001
726.06867	0.00001
726.55079	0.00002
727.03290	0.00002
727.51502	0.00003
727.99714	0.00003
728.47925	0.00004
728.96137	0.00004
729.44349	0.00004
729.92561	0.00004
730.40772	0.00003
730.88984	0.00002
731.37196	0.00001
731.85408	0.00000
732.33619	-0.00000
732.81831	0.00000
733.30043	0.00001
733.78255	0.00001
734.26466	0.00001
734.74678	0.00001
735.22890	0.00000
735.71101	-0.00000
736.19313	0.00001
736.67525	0.00001
737.15737	0.00002
737.63948	0.00003
738.12160	0.00003
738.60372	0.00003
739.08584	0.00003
739.56795	0.00003
740.05007	0.00003
740.53219	0.00003
741.01430	0.00003
741.49642	0.00003
741.97854	0.00003
742.46066	0.00003
742.94277	0.00004
743.42489	0.00004
743.90701	0.00004
744.38913	0.00004
744.87124	0.00003
745.35336	0.00003
745.83548	0.00003
746.31760	0.00003
746.79971	0.00002
747.28183	0.00002
747.76395	0.00001
748.24606	0.00001
748.72818	0.00001
749.21030	0.00001
749.69242	0.00001
750.17453	0.00001
750.65665	0.00001
751.13877	0.00001
751.62089	0.00001
752.10300	0.00001
752.58512	0.00001
753.06724	0.00001
753.54935	0.00001
754.03147	0.00000
754.51359	0.00000
754.99571	0.00001
755.47782	0.00002
755.95994	0.00003
756.44206	0.00003
756.92418	0.00004
757.40629	0.00004
757.88841	0.00005
758.37053	0.00006
758.85265	0.00006
759.33476	0.00006
759.81688	0.00006
760.29900	0.00006
760.78111	0.00005
761.26323	0.00005
761.74535	0.00004
762.22747	0.00004
762.70958	0.00004
763.19170	0.00004
763.67382	0.00004
764.15594	0.00004
764.63805	0.00004
765.12017	0.00004
765.60229	0.00004
766.08440	0.00003
766.56652	0.00002
767.04864	0.00002
767.53076	0.00001
768.01287	0.00001
768.49499	0.00001
768.97711	0.00001
769.45923	0.00001
769.94134	0.00001
770.42346	0.00001
770.90558	0.00001
771.38770	0.00001
771.86981	0.00000
772.35193	0.00001
772.83405	0.00001
773.31616	0.00001
773.79828	0.00002
774.28040	0.00002
774.76252	0.00002
775.24463	0.00002
775.72675	0.00002
776.20887	0.00002
776.69099	0.00003
777.17310	0.00003
777.65522	0.00003
778.13734	0.00004
778.61945	0.00004
779.10157	0.00004
779.58369	0.00005
780.06581	0.00005
780.54792	0.00005
781.03004	0.00004
781.51216	0.00004
781.99428	0.00003
782.47639	0.00003
782.95851	0.00002
783.44063	0.00001
783.92275	0.00000
784.40486	0.00001
784.88698	0.00003
785.36910	0.00004
785.85121	0.00005
786.33333	0.00006
786.81545	0.00006
787.29757	0.00007
787.77968	0.00007
788.26180	0.00007
788.74392	0.00006
789.22604	0.00006
789.70815	0.00006
790.19027	0.00005
790.67239	0.00005
791.15451	0.00004
791.63662	0.00004
792.11874	0.00004
792.60086	0.00003
793.08297	0.00004
793.56509	0.00004
794.04721	0.00004
794.52933	0.00005
795.01144	0.00005
795.49356	0.00006
795.97568	0.00006
796.45780	0.00006
796.93991	0.00006
797.42203	0.00006
797.90415	0.00005
798.38626	0.00005
798.86838	0.00005
799.35050	0.00005
799.83262	0.00005
800.31473	0.00004
800.79685	0.00004
801.27897	0.00004
801.76109	0.00004
802.24320	0.00003
802.72532	0.00002
803.20744	0.00002
803.68956	0.00001
804.17167	0.00001
804.65379	0.00000
805.13591	0.00001
805.61802	0.00001
806.10014	0.00002
806.58226	0.00002
807.06438	0.00002
807.54649	0.00002
808.02861	0.00002
808.51073	0.00002
808.99285	0.00002
809.47496	0.00002
809.95708	0.00002
810.43920	0.00001
810.92131	0.00001
811.40343	0.00002
811.88555	0.00002
812.36767	0.00003
812.84978	0.00003
813.33190	0.00003
813.81402	0.00004
814.29614	0.00004
814.77825	0.00004
815.26037	0.00004
815.74249	0.00004
816.22461	0.00004
816.70672	0.00004
817.18884	0.00004
817.67096	0.00004
818.15307	0.00004
818.63519	0.00004
819.11731	0.00004
819.59943	0.00004
820.08154	0.00004
820.56366	0.00003
821.04578	0.00003
821.52790	0.00002
822.01001	0.00002
822.49213	0.00001
822.97425	0.00001
823.45636	0.00002
823.93848	0.00002
824.42060	0.00002
824.90272	0.00003
825.38483	0.00003
825.86695	0.00003
826.34907	0.00003
826.83119	0.00004
827.31330	0.00004
827.79542	0.00004
828.27754	0.00004
828.75966	0.00004
829.24177	0.00005
829.72389	0.00005
830.20601	0.00005
830.68812	0.00006
831.17024	0.00006
831.65236	0.00006
832.13448	0.00006
832.61659	0.00005
833.09871	0.00005
833.58083	0.00005
834.06295	0.00004
834.54506	0.00004
835.02718	0.00004
835.50930	0.00004
835.99141	0.00004
836.47353	0.00004
836.95565	0.00004
837.43777	0.00004
837.91988	0.00004
838.40200	0.00004
838.88412	0.00004
839.36624	0.00004
839.84835	0.00003
840.33047	0.00003
840.81259	0.00002
841.29471	0.00001
841.77682	0.00001
842.25894	0.00001
842.74106	0.00001
843.22317	0.00001
843.70529	0.00001
844.18741	0.00002
844.66953	0.00002
845.15164	0.00002
845.63376	0.00003
846.11588	0.00003
846.59800	0.00004
847.08011	0.00004
847.56223	0.00004
848.04435	0.00004
848.52646	0.00005
849.00858	0.00005
849.49070	0.00005
849.97282	0.00005
850.45493	0.00005
850.93705	0.00005
851.41917	0.00005
851.90129	0.00005
852.38340	0.00005
852.86552	0.00004
853.34764	0.00004
853.82976	0.00004
854.31187	0.00004
854.79399	0.00004
855.27611	0.00004
855.75822	0.00004
856.24034	0.00003
856.72246	0.00003
857.20458	0.00002
857.68669	0.00001
858.16881	0.00001
858.65093	0.00001
859.13305	0.00001
859.61516	0.00002
860.09728	0.00003
860.57940	0.00003
861.06151	0.00004
861.54363	0.00004
862.02575	0.00004
862.50787	0.00004
862.98998	0.00004
863.47210	0.00003
863.95422	0.00003
864.43634	0.00002
864.91845	0.00002
865.40057	0.00002
865.88269	0.00003
866.36481	0.00003
866.84692	0.00004
867.32904	0.00005
867.81116	0.00005
868.29327	0.00006
868.77539	0.00006
869.25751	0.00007
869.73963	0.00007
870.22174	0.00007
870.70386	0.00006
871.18598	0.00005
871.66810	0.00004
872.15021	0.00003
872.63233	0.00001
873.11445	0.00001
873.59656	0.00001
874.07868	0.00002
874.56080	0.00003
875.04292	0.00004
875.52503	0.00004
876.00715	0.00004
876.48927	0.00004
876.97139	0.00004
877.45350	0.00003
877.93562	0.00003
878.41774	0.00002
878.89986	0.00002
879.38197	0.00001
879.86409	0.00001
880.34621	0.00000
880.82832	0.00000
881.31044	0.00001
881.79256	0.00001
882.27468	0.00001
882.75679	0.00002
883.23891	0.00002
883.72103	0.00002
884.20315	0.00001
884.68526	0.00001
885.16738	0.00001
885.64950	0.00001
886.13161	0.00002
886.61373	0.00002
887.09585	0.00003
887.57797	0.00003
888.06008	0.00004
888.54220	0.00004
889.02432	0.00004
889.50644	0.00003
889.98855	0.00003
890.47067	0.00003
890.95279	0.00002
891.43491	0.00002
891.91702	0.00002
892.39914	0.00001
892.88126	0.00001
893.36337	0.00001
893.84549	0.00001
894.32761	0.00001
894.80973	0.00001
895.29184	0.00001
895.77396	0.00001
896.25608	0.00001
896.73820	0.00000
897.22031	0.00001
897.70243	0.00001
898.18455	0.00001
898.66667	0.00001
899.14878	0.00002
899.63090	0.00002
900.11302	0.00003
900.59513	0.00004
901.07725	0.00004
901.55937	0.00004
902.04149	0.00005
902.52360	0.00004
903.00572	0.00004
903.48784	0.00004
903.96996	0.00003
904.45207	0.00002
904.93419	0.00001
905.41631	0.00001
905.89842	0.00001
906.38054	0.00001
906.86266	0.00001
907.34478	0.00001
907.82689	0.00002
908.30901	0.00002
908.79113	0.00002
909.27325	0.00003
909.75536	0.00003
910.23748	0.00003
910.71960	0.00004
911.20172	0.00004
911.68383	0.00004
912.16595	0.00004
912.64807	0.00004
913.13018	0.00004
913.61230	0.00004
914.09442	0.00004
914.57654	0.00004
915.05865	0.00004
915.54077	0.00004
916.02289	0.00004
916.50501	0.00004
916.98712	0.00004
917.46924	0.00004
917.95136	0.00004
918.43347	0.00003
918.91559	0.00003
919.39771	0.00003
919.87983	0.00002
920.36194	0.00002
920.84406	0.00001
921.32618	0.00001
921.80830	0.00001
922.29041	0.00001
922.77253	0.00001
923.25465	0.00001
923.73677	0.00001
924.21888	0.00001
924.70100	0.00002
925.18312	0.00001
925.66523	0.00001
926.14735	0.00001
926.62947	0.00001
927.11159	0.00001
927.59370	0.00001
928.07582	0.00001
928.55794	0.00001
929.04006	0.00001
929.52217	0.00001
930.00429	0.00001
930.48641	0.00001
930.96852	0.00002
931.45064	0.00002
931.93276	0.00002
932.41488	0.00002
932.89699	0.00002
933.37911	0.00002
933.86123	0.00002
934.34335	0.00002
934.82546	0.00001
935.30758	0.00001
935.78970	0.00000
936.27182	0.00001
936.75393	0.00002
937.23605	0.00002
937.71817	0.00003
938.20028	0.00004
938.68240	0.00004
939.16452	0.00005
939.64664	0.00005
940.12875	0.00005
940.61087	0.00005
941.09299	0.00005
941.57511	0.00005
942.05722	0.00005
942.53934	0.00004
943.02146	0.00004
943.50357	0.00004
943.98569	0.00003
944.46781	0.00003
944.94993	0.00003
945.43204	0.00002
945.91416	0.00002
946.39628	0.00002
946.87840	0.00002
947.36051	0.00001
947.84263	0.00001
948.32475	0.00001
948.80687	0.00001
949.28898	0.00001
949.77110	0.00001
950.25322	0.00001
950.73533	0.00001
951.21745	0.00001
951.69957	0.00001
952.18169	0.00001
952.66380	0.00002
953.14592	0.00002
953.62804	0.00002
954.11016	0.00003
954.59227	0.00003
955.07439	0.00003
955.55651	0.00003
956.03862	0.00003
956.52074	0.00003
957.00286	0.00004
957.48498	0.00004
957.96709	0.00005
958.44921	0.00006
958.93133	0.00006
959.41345	0.00007
959.89556	0.00007
960.37768	0.00008
960.85980	0.00008
961.34192	0.00008
961.82403	0.00007
962.30615	0.00006
962.78827	0.00005
963.27038	0.00004
963.75250	0.00003
964.23462	0.00002
964.71674	0.00001
965.19885	0.00001
965.68097	0.00003
966.16309	0.00004
966.64521	0.00004
967.12732	0.00004
967.60944	0.00004
968.09156	0.00004
968.57367	0.00004
969.05579	0.00003
969.53791	0.00003
970.02003	0.00002
970.50214	0.00002
970.98426	0.00002
971.46638	0.00002
971.94850	0.00002
972.43061	0.00003
972.91273	0.00003
973.39485	0.00004
973.87697	0.00004
974.35908	0.00005
974.84120	0.00005
975.32332	0.00005
975.80543	0.00005
976.28755	0.00005
976.76967	0.00004
977.25179	0.00004
977.73390	0.00003
978.21602	0.00003
978.69814	0.00003
979.18026	0.00003
979.66237	0.00003
980.14449	0.00003
980.62661	0.00003
981.10872	0.00003
981.59084	0.00003
982.07296	0.00003
982.55508	0.00002
983.03719	0.00002
983.51931	0.00002
984.00143	0.00002
984.48355	0.00002
984.96566	0.00002
985.44778	0.00002
985.92990	0.00002
986.41202	0.00001
986.89413	0.00001
987.37625	0.00001
987.85837	0.00001
988.34048	0.00002
988.82260	0.00002
989.30472	0.00002
989.78684	0.00002
990.26895	0.00002
990.75107	0.00002
991.23319	0.00001
991.71531	0.00001
992.19742	0.00000
992.67954	0.00000
993.16166	0.00000
993.64378	0.00001
994.12589	0.00001
994.60801	0.00001
995.09013	0.00001
995.57224	0.00001
996.05436	0.00000
996.53648	0.00000
997.01860	0.00000
997.50071	0.00001
997.98283	0.00001
998.46495	0.00001
998.94707	0.00002
999.42918	0.00002
