0.00000	0.00181
0.48212	0.00181
0.96423	0.00181
1.44635	0.00178
1.92847	0.00171
2.41059	0.00161
2.89270	0.00146
3.37482	0.00128
3.85694	0.00108
4.33906	0.00090
4.82117	0.00072
5.30329	0.00058
5.78541	0.00047
6.26753	0.00041
6.74964	0.00037
7.23176	0.00035
7.71388	0.00035
8.19599	0.00035
8.67811	0.00036
9.16023	0.00036
9.64235	0.00037
10.12446	0.00037
10.60658	0.00037
11.08870	0.00036
11.57082	0.00036
12.05293	0.00035
12.53505	0.00033
13.01717	0.00030
13.49928	0.00025
13.98140	0.00013
14.46352	0.00002
14.94564	0.00003
15.42775	0.00017
15.90987	0.00034
16.39199	0.00055
16.87411	0.00080
17.35622	0.00108
17.83834	0.00141
18.32046	0.00178
18.80258	0.00220
19.28469	0.00266
19.76681	0.00317
20.24893	0.00373
20.73104	0.00432
21.21316	0.00496
21.69528	0.00562
22.17740	0.00631
22.65951	0.00701
23.14163	0.00774
23.62375	0.00847
24.10587	0.00922
24.58798	0.01000
25.07010	0.01080
25.55222	0.01163
26.03433	0.01251
26.51645	0.01344
26.99857	0.01443
27.48069	0.01546
27.96280	0.01655
28.44492	0.01768
28.92704	0.01884
29.40916	0.02002
29.89127	0.02121
30.37339	0.02242
30.85551	0.02363
31.33763	0.02485
31.81974	0.02610
32.30186	0.02741
32.78398	0.02882
33.26609	0.03037
33.74821	0.03213
34.23033	0.03416
34.71245	0.03652
35.19456	0.03925
35.67668	0.04235
36.15880	0.04582
36.64092	0.04958
37.12303	0.05356
37.60515	0.05764
38.08727	0.06172
38.56938	0.06569
39.05150	0.06950
39.53362	0.07311
40.01574	0.07655
40.49785	0.07986
40.97997	0.08313
41.46209	0.08640
41.94421	0.08972
42.42632	0.09307
42.90844	0.09638
43.39056	0.09952
43.87268	0.10236
44.35479	0.10474
44.83691	0.10656
45.31903	0.10783
45.80114	0.10862
46.28326	0.10915
46.76538	0.10973
47.24750	0.11074
47.72961	0.11259
48.21173	0.11561
48.69385	0.12007
49.17597	0.12605
49.65808	0.13347
50.14020	0.14208
50.62232	0.15152
51.10443	0.16132
51.58655	0.17105
52.06867	0.18034
52.55079	0.18897
53.03290	0.19687
53.51502	0.20416
53.99714	0.21113
54.47926	0.21814
54.96137	0.22557
55.44349	0.23379
55.92561	0.24300
56.40773	0.25329
56.88984	0.26454
57.37196	0.27649
57.85408	0.28874
58.33619	0.30085
58.81831	0.31236
59.30043	0.32289
59.78255	0.33218
60.26466	0.34012
60.74678	0.34675
61.22890	0.35223
61.71102	0.35686
62.19313	0.36095
62.67525	0.36481
63.15737	0.36867
63.63948	0.37266
64.12160	0.37676
64.60372	0.38081
65.08584	0.38454
65.56795	0.38757
66.05007	0.38954
66.53219	0.39011
67.01431	0.38906
67.49642	0.38632
67.97854	0.38205
68.46066	0.37658
68.94278	0.37043
69.42489	0.36421
69.90701	0.35860
70.38913	0.35418
70.87124	0.35141
71.35336	0.35054
71.83548	0.35153
72.31760	0.35411
72.79971	0.35784
73.28183	0.36215
73.76395	0.36648
74.24607	0.37044
74.72818	0.37384
75.21030	0.37678
75.69242	0.37966
76.17453	0.38310
76.65665	0.38780
77.13877	0.39446
77.62089	0.40356
78.10300	0.41529
78.58512	0.42946
79.06724	0.44553
79.54936	0.46266
80.03147	0.47985
80.51359	0.49614
80.99571	0.51076
81.47783	0.52326
81.95994	0.53361
82.44206	0.54216
82.92418	0.54964
83.40629	0.55695
83.88841	0.56503
84.37053	0.57470
84.85265	0.58648
85.33476	0.60052
85.81688	0.61653
86.29900	0.63386
86.78112	0.65160
87.26323	0.66868
87.74535	0.68409
88.22747	0.69698
88.70958	0.70686
89.19170	0.71363
89.67382	0.71759
90.15594	0.71946
90.63805	0.72020
91.12017	0.72088
91.60229	0.72253
92.08441	0.72596
92.56652	0.73159
93.04864	0.73943
93.53076	0.74901
94.01288	0.75951
94.49499	0.76982
94.97711	0.77877
95.45923	0.78533
95.94134	0.78873
96.42346	0.78867
96.90558	0.78534
97.38770	0.77940
97.86981	0.77190
98.35193	0.76409
98.83405	0.75725
99.31617	0.75248
99.79828	0.75052
100.28040	0.75163
100.76252	0.75558
101.24464	0.76169
101.72675	0.76894
102.20887	0.77611
102.69099	0.78202
103.17310	0.78569
103.65522	0.78649
104.13734	0.78423
104.61946	0.77918
105.10157	0.77202
105.58369	0.76377
106.06581	0.75559
106.54793	0.74861
107.03004	0.74380
107.51216	0.74177
107.99428	0.74274
108.47639	0.74643
108.95851	0.75217
109.44063	0.75896
109.92275	0.76564
110.40486	0.77107
110.88698	0.77431
111.36910	0.77478
111.85122	0.77235
112.33333	0.76737
112.81545	0.76061
113.29757	0.75309
113.77969	0.74597
114.26180	0.74025
114.74392	0.73669
115.22604	0.73559
115.70815	0.73678
116.19027	0.73962
116.67239	0.74315
117.15451	0.74622
117.63662	0.74773
118.11874	0.74679
118.60086	0.74290
119.08298	0.73604
119.56509	0.72665
120.04721	0.71556
120.52933	0.70385
121.01144	0.69271
121.49356	0.68318
121.97568	0.67608
122.45780	0.67183
122.93991	0.67040
123.42203	0.67137
123.90415	0.67398
124.38627	0.67723
124.86838	0.68008
125.35050	0.68157
125.83262	0.68100
126.31474	0.67796
126.79685	0.67246
127.27897	0.66485
127.76109	0.65578
128.24320	0.64608
128.72532	0.63661
129.20744	0.62813
129.68956	0.62119
130.17167	0.61599
130.65379	0.61244
131.13591	0.61011
131.61803	0.60835
132.10014	0.60641
132.58226	0.60355
133.06438	0.59920
133.54649	0.59303
134.02861	0.58503
134.51073	0.57546
134.99285	0.56485
135.47496	0.55390
135.95708	0.54333
136.43920	0.53380
136.92132	0.52579
137.40343	0.51955
137.88555	0.51507
138.36767	0.51207
138.84979	0.51010
139.33190	0.50860
139.81402	0.50698
140.29614	0.50475
140.77825	0.50158
141.26037	0.49736
141.74249	0.49217
142.22461	0.48631
142.70672	0.48023
143.18884	0.47440
143.67096	0.46930
144.15308	0.46526
144.63519	0.46248
145.11731	0.46093
145.59943	0.46039
146.08154	0.46048
146.56366	0.46073
147.04578	0.46064
147.52790	0.45978
148.01001	0.45785
148.49213	0.45472
148.97425	0.45047
149.45637	0.44532
149.93848	0.43962
150.42060	0.43379
150.90272	0.42821
151.38484	0.42321
151.86695	0.41894
152.34907	0.41544
152.83119	0.41256
153.31330	0.41004
153.79542	0.40755
154.27754	0.40472
154.75966	0.40124
155.24177	0.39689
155.72389	0.39158
156.20601	0.38537
156.68813	0.37843
157.17024	0.37104
157.65236	0.36355
158.13448	0.35629
158.61659	0.34957
159.09871	0.34360
159.58083	0.33851
160.06295	0.33431
160.54506	0.33089
161.02718	0.32810
161.50930	0.32571
161.99142	0.32353
162.47353	0.32138
162.95565	0.31915
163.43777	0.31680
163.91989	0.31439
164.40200	0.31202
164.88412	0.30984
165.36624	0.30801
165.84835	0.30665
166.33047	0.30585
166.81259	0.30561
167.29471	0.30586
167.77682	0.30648
168.25894	0.30726
168.74106	0.30802
169.22318	0.30855
169.70529	0.30870
170.18741	0.30836
170.66953	0.30750
171.15164	0.30615
171.63376	0.30439
172.11588	0.30234
172.59800	0.30012
173.08011	0.29786
173.56223	0.29563
174.04435	0.29346
174.52647	0.29136
175.00858	0.28927
175.49070	0.28713
175.97282	0.28485
176.45494	0.28238
176.93705	0.27966
177.41917	0.27670
177.90129	0.27355
178.38340	0.27028
178.86552	0.26698
179.34764	0.26378
179.82976	0.26078
180.31187	0.25805
180.79399	0.25565
181.27611	0.25356
181.75823	0.25175
182.24034	0.25016
182.72246	0.24869
183.20458	0.24726
183.68669	0.24577
184.16881	0.24417
184.65093	0.24244
185.13305	0.24059
185.61516	0.23866
186.09728	0.23670
186.57940	0.23478
187.06152	0.23296
187.54363	0.23129
188.02575	0.22977
188.50787	0.22839
188.98999	0.22710
189.47210	0.22583
189.95422	0.22451
190.43634	0.22306
190.91845	0.22141
191.40057	0.21953
191.88269	0.21741
192.36481	0.21509
192.84692	0.21262
193.32904	0.21008
193.81116	0.20754
194.29328	0.20509
194.77539	0.20278
195.25751	0.20065
195.73963	0.19868
196.22174	0.19686
196.70386	0.19513
197.18598	0.19343
197.66810	0.19170
198.15021	0.18989
198.63233	0.18798
199.11445	0.18597
199.59657	0.18389
200.07868	0.18178
200.56080	0.17970
201.04292	0.17772
201.52504	0.17588
202.00715	0.17421
202.48927	0.17270
202.97139	0.17133
203.45350	0.17004
203.93562	0.16877
204.41774	0.16743
204.89986	0.16597
205.38197	0.16433
205.86409	0.16249
206.34621	0.16048
206.82833	0.15832
207.31044	0.15608
207.79256	0.15382
208.27468	0.15162
208.75680	0.14954
209.23891	0.14761
209.72103	0.14584
210.20315	0.14423
210.68526	0.14275
211.16738	0.14133
211.64950	0.13995
212.13162	0.13856
212.61373	0.13713
213.09585	0.13566
213.57797	0.13416
214.06009	0.13266
214.54220	0.13120
215.02432	0.12982
215.50644	0.12855
215.98855	0.12742
216.47067	0.12640
216.95279	0.12550
217.43491	0.12466
217.91702	0.12384
218.39914	0.12299
218.88126	0.12207
219.36338	0.12105
219.84549	0.11992
220.32761	0.11871
220.80973	0.11742
221.29185	0.11611
221.77396	0.11482
222.25608	0.11360
222.73820	0.11248
223.22031	0.11148
223.70243	0.11060
224.18455	0.10982
224.66667	0.10913
225.14878	0.10847
225.63090	0.10783
226.11302	0.10716
226.59514	0.10644
227.07725	0.10566
227.55937	0.10482
228.04149	0.10394
228.52360	0.10303
229.00572	0.10214
229.48784	0.10127
229.96996	0.10047
230.45207	0.09973
230.93419	0.09908
231.41631	0.09850
231.89843	0.09797
232.38054	0.09747
232.86266	0.09697
233.34478	0.09643
233.82690	0.09583
234.30901	0.09513
234.79113	0.09434
235.27325	0.09345
235.75536	0.09247
236.23748	0.09143
236.71960	0.09036
237.20172	0.08930
237.68383	0.08826
238.16595	0.08727
238.64807	0.08635
239.13019	0.08547
239.61230	0.08463
240.09442	0.08379
240.57654	0.08293
241.05865	0.08200
241.54077	0.08097
242.02289	0.07984
242.50501	0.07860
242.98712	0.07725
243.46924	0.07583
243.95136	0.07437
244.43348	0.07291
244.91559	0.07147
245.39771	0.07009
245.87983	0.06878
246.36195	0.06755
246.84406	0.06638
247.32618	0.06527
247.80830	0.06417
248.29041	0.06307
248.77253	0.06194
249.25465	0.06078
249.73677	0.05958
250.21888	0.05834
250.70100	0.05709
251.18312	0.05586
251.66524	0.05465
252.14735	0.05350
252.62947	0.05242
253.11159	0.05140
253.59370	0.05045
254.07582	0.04956
254.55794	0.04869
255.04006	0.04783
255.52217	0.04697
256.00429	0.04607
256.48641	0.04515
256.96853	0.04419
257.45064	0.04320
257.93276	0.04220
258.41488	0.04121
258.89700	0.04022
259.37911	0.03927
259.86123	0.03836
260.34335	0.03749
260.82546	0.03665
261.30758	0.03585
261.78970	0.03507
262.27182	0.03431
262.75393	0.03354
263.23605	0.03276
263.71817	0.03197
264.20029	0.03117
264.68240	0.03035
265.16452	0.02952
265.64664	0.02868
266.12875	0.02785
266.61087	0.02704
267.09299	0.02624
267.57511	0.02547
268.05722	0.02472
268.53934	0.02401
269.02146	0.02331
269.50358	0.02264
269.98569	0.02199
270.46781	0.02136
270.94993	0.02073
271.43205	0.02011
271.91416	0.01950
272.39628	0.01890
272.87840	0.01832
273.36051	0.01775
273.84263	0.01721
274.32475	0.01670
274.80687	0.01622
275.28898	0.01577
275.77110	0.01536
276.25322	0.01497
276.73534	0.01462
277.21745	0.01429
277.69957	0.01399
278.18169	0.01370
278.66380	0.01342
279.14592	0.01316
279.62804	0.01291
280.11016	0.01267
280.59227	0.01243
281.07439	0.01221
281.55651	0.01200
282.03863	0.01180
282.52074	0.01161
283.00286	0.01142
283.48498	0.01124
283.96710	0.01106
284.44921	0.01089
284.93133	0.01071
285.41345	0.01052
285.89556	0.01033
286.37768	0.01012
286.85980	0.00990
287.34192	0.00967
287.82403	0.00943
288.30615	0.00918
288.78827	0.00892
289.27039	0.00867
289.75250	0.00843
290.23462	0.00820
290.71674	0.00797
291.19885	0.00776
291.68097	0.00756
292.16309	0.00736
292.64521	0.00717
293.12732	0.00697
293.60944	0.00677
294.09156	0.00656
294.57368	0.00636
295.05579	0.00615
295.53791	0.00596
296.02003	0.00577
296.50215	0.00560
296.98426	0.00545
297.46638	0.00531
297.94850	0.00519
298.43061	0.00508
298.91273	0.00498
299.39485	0.00488
299.87697	0.00479
300.35908	0.00469
300.84120	0.00459
301.32332	0.00449
301.80544	0.00439
302.28755	0.00430
302.76967	0.00422
303.25179	0.00414
303.73391	0.00408
304.21602	0.00402
304.69814	0.00396
305.18026	0.00391
305.66237	0.00386
306.14449	0.00380
306.62661	0.00374
307.10873	0.00367
307.59084	0.00361
308.07296	0.00354
308.55508	0.00347
309.03720	0.00340
309.51931	0.00333
310.00143	0.00327
310.48355	0.00321
310.96566	0.00314
311.44778	0.00308
311.92990	0.00301
312.41202	0.00295
312.89413	0.00288
313.37625	0.00282
313.85837	0.00275
314.34049	0.00269
314.82260	0.00263
315.30472	0.00258
315.78684	0.00252
316.26896	0.00247
316.75107	0.00241
317.23319	0.00236
317.71531	0.00230
318.19742	0.00225
318.67954	0.00220
319.16166	0.00215
319.64378	0.00211
320.12589	0.00207
320.60801	0.00204
321.09013	0.00201
321.57225	0.00198
322.05436	0.00195
322.53648	0.00192
323.01860	0.00189
323.50071	0.00186
323.98283	0.00182
324.46495	0.00179
324.94707	0.00176
325.42918	0.00173
325.91130	0.00171
326.39342	0.00169
326.87554	0.00168
327.35765	0.00166
327.83977	0.00164
328.32189	0.00163
328.80401	0.00161
329.28612	0.00159
329.76824	0.00157
330.25036	0.00155
330.73247	0.00153
331.21459	0.00152
331.69671	0.00151
332.17883	0.00150
332.66094	0.00150
333.14306	0.00150
333.62518	0.00149
334.10730	0.00149
334.58941	0.00148
335.07153	0.00148
335.55365	0.00147
336.03576	0.00147
336.51788	0.00147
337.00000	0.00147
337.48212	0.00147
337.96423	0.00148
338.44635	0.00149
338.92847	0.00149
339.41059	0.00149
339.89270	0.00148
340.37482	0.00146
340.85694	0.00144
341.33906	0.00142
341.82117	0.00139
342.30329	0.00137
342.78541	0.00135
343.26752	0.00133
343.74964	0.00132
344.23176	0.00132
344.71388	0.00131
345.19599	0.00131
345.67811	0.00130
346.16023	0.00129
346.64235	0.00128
347.12446	0.00126
347.60658	0.00125
348.08870	0.00124
348.57081	0.00123
349.05293	0.00122
349.53505	0.00122
350.01717	0.00122
350.49928	0.00123
350.98140	0.00123
351.46352	0.00123
351.94564	0.00123
352.42775	0.00122
352.90987	0.00121
353.39199	0.00119
353.87411	0.00118
354.35622	0.00116
354.83834	0.00115
355.32046	0.00114
355.80257	0.00113
356.28469	0.00112
356.76681	0.00111
357.24893	0.00110
357.73104	0.00110
358.21316	0.00109
358.69528	0.00108
359.17740	0.00108
359.65951	0.00107
360.14163	0.00107
360.62375	0.00107
361.10586	0.00107
361.58798	0.00107
362.07010	0.00107
362.55222	0.00108
363.03433	0.00109
363.51645	0.00109
363.99857	0.00110
364.48069	0.00110
364.96280	0.00111
365.44492	0.00111
365.92704	0.00110
366.40916	0.00109
366.89127	0.00108
367.37339	0.00107
367.85551	0.00106
368.33762	0.00104
368.81974	0.00103
369.30186	0.00101
369.78398	0.00100
370.26609	0.00099
370.74821	0.00098
371.23033	0.00097
371.71245	0.00096
372.19456	0.00096
372.67668	0.00095
373.15880	0.00094
373.64091	0.00093
374.12303	0.00093
374.60515	0.00092
375.08727	0.00092
375.56938	0.00092
376.05150	0.00093
376.53362	0.00094
377.01574	0.00095
377.49785	0.00095
377.97997	0.00096
378.46209	0.00097
378.94421	0.00097
379.42632	0.00096
379.90844	0.00095
380.39056	0.00094
380.87267	0.00092
381.35479	0.00091
381.83691	0.00090
382.31903	0.00089
382.80114	0.00088
383.28326	0.00088
383.76538	0.00088
384.24750	0.00089
384.72961	0.00089
385.21173	0.00089
385.69385	0.00088
386.17596	0.00087
386.65808	0.00086
387.14020	0.00085
387.62232	0.00084
388.10443	0.00082
388.58655	0.00081
389.06867	0.00080
389.55079	0.00080
390.03290	0.00079
390.51502	0.00079
390.99714	0.00078
391.47926	0.00078
391.96137	0.00078
392.44349	0.00078
392.92561	0.00077
393.40772	0.00077
393.88984	0.00077
394.37196	0.00076
394.85408	0.00076
395.33619	0.00075
395.81831	0.00075
396.30043	0.00074
396.78255	0.00074
397.26466	0.00074
397.74678	0.00074
398.22890	0.00074
398.71102	0.00074
399.19313	0.00074
399.67525	0.00073
400.15737	0.00073
400.63948	0.00073
401.12160	0.00072
401.60372	0.00072
402.08584	0.00071
402.56795	0.00071
403.05007	0.00070
403.53219	0.00070
404.01431	0.00070
404.49642	0.00070
404.97854	0.00069
405.46066	0.00069
405.94277	0.00069
406.42489	0.00069
406.90701	0.00068
407.38913	0.00067
407.87124	0.00065
408.35336	0.00064
408.83548	0.00063
409.31760	0.00062
409.79971	0.00062
410.28183	0.00061
410.76395	0.00061
411.24607	0.00061
411.72818	0.00062
412.21030	0.00062
412.69242	0.00062
413.17453	0.00063
413.65665	0.00063
414.13877	0.00063
414.62089	0.00063
415.10300	0.00064
415.58512	0.00064
416.06724	0.00064
416.54936	0.00063
417.03147	0.00063
417.51359	0.00062
417.99571	0.00061
418.47782	0.00060
418.95994	0.00059
419.44206	0.00058
419.92418	0.00057
420.40629	0.00056
420.88841	0.00055
421.37053	0.00055
421.85265	0.00055
422.33476	0.00055
422.81688	0.00055
423.29900	0.00056
423.78112	0.00056
424.26323	0.00056
424.74535	0.00057
425.22747	0.00057
425.70958	0.00056
426.19170	0.00056
426.67382	0.00055
427.15594	0.00054
427.63805	0.00053
428.12017	0.00052
428.60229	0.00052
429.08441	0.00051
429.56652	0.00050
430.04864	0.00050
430.53076	0.00049
431.01287	0.00048
431.49499	0.00047
431.97711	0.00046
432.45923	0.00045
432.94134	0.00044
433.42346	0.00044
433.90558	0.00043
434.38770	0.00043
434.86981	0.00043
435.35193	0.00043
435.83405	0.00043
436.31617	0.00043
436.79828	0.00043
437.28040	0.00043
437.76252	0.00043
438.24463	0.00043
438.72675	0.00042
439.20887	0.00042
439.69099	0.00042
440.17310	0.00042
440.65522	0.00042
441.13734	0.00042
441.61946	0.00042
442.10157	0.00042
442.58369	0.00042
443.06581	0.00041
443.54792	0.00041
444.03004	0.00040
444.51216	0.00039
444.99428	0.00039
445.47639	0.00038
445.95851	0.00038
446.44063	0.00037
446.92275	0.00037
447.40486	0.00037
447.88698	0.00037
448.36910	0.00037
448.85122	0.00037
449.33333	0.00037
449.81545	0.00037
450.29757	0.00037
450.77968	0.00037
451.26180	0.00036
451.74392	0.00036
452.22604	0.00036
452.70815	0.00036
453.19027	0.00035
453.67239	0.00035
454.15451	0.00036
454.63662	0.00036
455.11874	0.00036
455.60086	0.00037
456.08297	0.00037
456.56509	0.00037
457.04721	0.00037
457.52933	0.00037
458.01144	0.00037
458.49356	0.00036
458.97568	0.00035
459.45780	0.00034
459.93991	0.00033
460.42203	0.00032
460.90415	0.00031
461.38627	0.00030
461.86838	0.00030
462.35050	0.00029
462.83262	0.00029
463.31473	0.00029
463.79685	0.00029
464.27897	0.00029
464.76109	0.00030
465.24320	0.00029
465.72532	0.00029
466.20744	0.00029
466.68956	0.00028
467.17167	0.00028
467.65379	0.00027
468.13591	0.00027
468.61802	0.00026
469.10014	0.00026
469.58226	0.00026
470.06438	0.00026
470.54649	0.00026
471.02861	0.00026
471.51073	0.00027
471.99285	0.00027
472.47496	0.00028
472.95708	0.00028
473.43920	0.00029
473.92132	0.00029
474.40343	0.00029
474.88555	0.00030
475.36767	0.00030
475.84978	0.00030
476.33190	0.00030
476.81402	0.00029
477.29614	0.00029
477.77825	0.00028
478.26037	0.00028
478.74249	0.00027
479.22461	0.00027
479.70672	0.00027
480.18884	0.00027
480.67096	0.00027
481.15307	0.00027
481.63519	0.00027
482.11731	0.00027
482.59943	0.00027
483.08154	0.00027
483.56366	0.00026
484.04578	0.00026
484.52790	0.00025
485.01001	0.00024
485.49213	0.00024
485.97425	0.00024
486.45637	0.00024
486.93848	0.00024
487.42060	0.00025
487.90272	0.00026
488.38483	0.00027
488.86695	0.00028
489.34907	0.00029
489.83119	0.00029
490.31330	0.00030
490.79542	0.00030
491.27754	0.00029
491.75966	0.00029
492.24177	0.00028
492.72389	0.00027
493.20601	0.00027
493.68812	0.00026
494.17024	0.00025
494.65236	0.00025
495.13448	0.00024
495.61659	0.00023
496.09871	0.00023
496.58083	0.00022
497.06295	0.00021
497.54506	0.00020
498.02718	0.00020
498.50930	0.00019
498.99142	0.00018
499.47353	0.00018
499.95565	0.00017
500.43777	0.00017
500.91988	0.00017
501.40200	0.00016
501.88412	0.00016
502.36624	0.00016
502.84835	0.00016
503.33047	0.00016
503.81259	0.00015
504.29471	0.00015
504.77682	0.00015
505.25894	0.00015
505.74106	0.00015
506.22318	0.00014
506.70529	0.00014
507.18741	0.00013
507.66953	0.00013
508.15164	0.00012
508.63376	0.00011
509.11588	0.00011
509.59800	0.00011
510.08011	0.00011
510.56223	0.00012
511.04435	0.00012
511.52647	0.00013
512.00858	0.00013
512.49070	0.00014
512.97282	0.00014
513.45493	0.00014
513.93705	0.00014
514.41917	0.00015
514.90129	0.00015
515.38340	0.00014
515.86552	0.00014
516.34764	0.00014
516.82976	0.00013
517.31187	0.00013
517.79399	0.00013
518.27611	0.00012
518.75823	0.00012
519.24034	0.00012
519.72246	0.00012
520.20458	0.00012
520.68669	0.00012
521.16881	0.00012
521.65093	0.00013
522.13305	0.00013
522.61516	0.00012
523.09728	0.00012
523.57940	0.00011
524.06152	0.00010
524.54363	0.00010
525.02575	0.00008
525.50787	0.00007
525.98998	0.00006
526.47210	0.00006
526.95422	0.00005
527.43634	0.00005
527.91845	0.00005
528.40057	0.00006
528.88269	0.00006
529.36481	0.00007
529.84692	0.00009
530.32904	0.00010
530.81116	0.00012
531.29328	0.00013
531.77539	0.00014
532.25751	0.00015
532.73963	0.00016
533.22174	0.00016
533.70386	0.00016
534.18598	0.00015
534.66810	0.00014
535.15021	0.00014
535.63233	0.00013
536.11445	0.00012
536.59657	0.00011
537.07868	0.00010
537.56080	0.00009
538.04292	0.00009
538.52503	0.00008
539.00715	0.00007
539.48927	0.00006
539.97139	0.00006
540.45350	0.00006
540.93562	0.00006
541.41774	0.00006
541.89986	0.00007
542.38197	0.00007
542.86409	0.00007
543.34621	0.00008
543.82833	0.00008
544.31044	0.00008
544.79256	0.00008
545.27468	0.00008
545.75679	0.00008
546.23891	0.00008
546.72103	0.00008
547.20315	0.00008
547.68526	0.00008
548.16738	0.00007
548.64950	0.00007
549.13162	0.00006
549.61373	0.00006
550.09585	0.00006
550.57797	0.00005
551.06008	0.00005
551.54220	0.00005
552.02432	0.00005
552.50644	0.00005
552.98855	0.00004
553.47067	0.00004
553.95279	0.00003
554.43491	0.00002
554.91702	0.00001
555.39914	0.00001
555.88126	0.00001
556.36338	0.00001
556.84549	0.00001
557.32761	0.00002
557.80973	0.00002
558.29184	0.00003
558.77396	0.00004
559.25608	0.00004
559.73820	0.00004
560.22031	0.00005
560.70243	0.00005
561.18455	0.00005
561.66667	0.00006
562.14878	0.00006
562.63090	0.00006
563.11302	0.00007
563.59513	0.00007
564.07725	0.00007
564.55937	0.00007
565.04149	0.00007
565.52360	0.00007
566.00572	0.00007
566.48784	0.00006
566.96996	0.00005
567.45207	0.00005
567.93419	0.00004
568.41631	0.00004
568.89843	0.00003
569.38054	0.00003
569.86266	0.00004
570.34478	0.00004
570.82689	0.00004
571.30901	0.00004
571.79113	0.00005
572.27325	0.00005
572.75536	0.00005
573.23748	0.00006
573.71960	0.00006
574.20172	0.00007
574.68383	0.00007
575.16595	0.00007
575.64807	0.00007
576.13018	0.00007
576.61230	0.00008
577.09442	0.00008
577.57654	0.00008
578.05865	0.00008
578.54077	0.00008
579.02289	0.00008
579.50501	0.00007
579.98712	0.00007
580.46924	0.00007
580.95136	0.00007
581.43348	0.00007
581.91559	0.00007
582.39771	0.00007
582.87983	0.00006
583.36194	0.00006
583.84406	0.00006
584.32618	0.00005
584.80830	0.00005
585.29041	0.00004
585.77253	0.00003
586.25465	0.00003
586.73677	0.00003
587.21888	0.00003
587.70100	0.00003
588.18312	0.00003
588.66523	0.00003
589.14735	0.00003
589.62947	0.00002
590.11159	0.00002
590.59370	0.00001
591.07582	0.00001
591.55794	0.00001
592.04006	0.00002
592.52217	0.00003
593.00429	0.00003
593.48641	0.00004
593.96853	0.00004
594.45064	0.00004
594.93276	0.00004
595.41488	0.00004
595.89699	0.00004
596.37911	0.00004
596.86123	0.00004
597.34335	0.00004
597.82546	0.00004
598.30758	0.00004
598.78970	0.00003
599.27182	0.00003
599.75393	0.00003
600.23605	0.00002
600.71817	0.00001
601.20029	0.00001
601.68240	0.00002
602.16452	0.00003
602.64664	0.00003
603.12875	0.00004
603.61087	0.00005
604.09299	0.00006
604.57511	0.00006
605.05722	0.00007
605.53934	0.00007
606.02146	0.00007
606.50358	0.00007
606.98569	0.00007
607.46781	0.00006
607.94993	0.00006
608.43204	0.00005
608.91416	0.00004
609.39628	0.00003
609.87840	0.00002
610.36051	0.00002
610.84263	0.00002
611.32475	0.00004
611.80687	0.00004
612.28898	0.00005
612.77110	0.00006
613.25322	0.00006
613.73534	0.00006
614.21745	0.00006
614.69957	0.00006
615.18169	0.00006
615.66380	0.00005
616.14592	0.00005
616.62804	0.00005
617.11016	0.00005
617.59227	0.00005
618.07439	0.00005
618.55651	0.00005
619.03863	0.00005
619.52074	0.00005
620.00286	0.00005
620.48498	0.00005
620.96709	0.00004
621.44921	0.00003
621.93133	0.00002
622.41345	0.00001
622.89556	0.00001
623.37768	0.00002
623.85980	0.00003
624.34192	0.00005
624.82403	0.00005
625.30615	0.00006
625.78827	0.00006
626.27039	0.00006
626.75250	0.00006
627.23462	0.00005
627.71674	0.00005
628.19885	0.00004
628.68097	0.00003
629.16309	0.00001
629.64521	0.00000
630.12732	0.00000
630.60944	0.00001
631.09156	0.00002
631.57368	0.00002
632.05579	0.00003
632.53791	0.00003
633.02003	0.00003
633.50214	0.00004
633.98426	0.00004
634.46638	0.00004
634.94850	0.00004
635.43061	0.00004
635.91273	0.00004
636.39485	0.00004
636.87697	0.00003
637.35908	0.00001
637.84120	0.00000
638.32332	0.00001
638.80544	0.00002
639.28755	0.00003
639.76967	0.00003
640.25179	0.00004
640.73390	0.00004
641.21602	0.00004
641.69814	0.00004
642.18026	0.00003
642.66237	0.00003
643.14449	0.00003
643.62661	0.00004
644.10873	0.00004
644.59084	0.00004
645.07296	0.00005
645.55508	0.00005
646.03719	0.00005
646.51931	0.00005
647.00143	0.00005
647.48355	0.00005
647.96566	0.00005
648.44778	0.00005
648.92990	0.00004
649.41202	0.00004
649.89413	0.00004
650.37625	0.00004
650.85837	0.00004
651.34049	0.00004
651.82260	0.00005
652.30472	0.00005
652.78684	0.00006
653.26895	0.00006
653.75107	0.00006
654.23319	0.00006
654.71531	0.00005
655.19742	0.00005
655.67954	0.00005
656.16166	0.00004
656.64378	0.00004
657.12589	0.00003
657.60801	0.00003
658.09013	0.00003
658.57224	0.00003
659.05436	0.00004
659.53648	0.00005
660.01860	0.00006
660.50071	0.00007
660.98283	0.00008
661.46495	0.00008
661.94707	0.00008
662.42918	0.00008
662.91130	0.00007
663.39342	0.00006
663.87554	0.00006
664.35765	0.00005
664.83977	0.00004
665.32189	0.00004
665.80400	0.00004
666.28612	0.00004
666.76824	0.00004
667.25036	0.00004
667.73247	0.00004
668.21459	0.00004
668.69671	0.00004
669.17883	0.00004
669.66094	0.00004
670.14306	0.00003
670.62518	0.00003
671.10729	0.00002
671.58941	0.00002
672.07153	0.00001
672.55365	0.00001
673.03576	0.00001
673.51788	0.00000
674.00000	0.00001
674.48212	0.00001
674.96423	0.00002
675.44635	0.00003
675.92847	0.00004
676.41059	0.00005
676.89270	0.00006
677.37482	0.00006
677.85694	0.00007
678.33905	0.00007
678.82117	0.00007
679.30329	0.00006
679.78541	0.00006
680.26752	0.00006
680.74964	0.00005
681.23176	0.00005
681.71388	0.00004
682.19599	0.00004
682.67811	0.00004
683.16023	0.00004
683.64234	0.00004
684.12446	0.00003
684.60658	0.00003
685.08870	0.00002
685.57081	0.00002
686.05293	0.00002
686.53505	0.00001
687.01717	0.00001
687.49928	0.00001
687.98140	0.00001
688.46352	0.00001
688.94564	0.00001
689.42775	0.00002
689.90987	0.00002
690.39199	0.00002
690.87410	0.00002
691.35622	0.00002
691.83834	0.00002
692.32046	0.00002
692.80257	0.00002
693.28469	0.00002
693.76681	0.00002
694.24893	0.00001
694.73104	0.00001
695.21316	0.00001
695.69528	0.00002
696.17740	0.00003
696.65951	0.00004
697.14163	0.00005
697.62375	0.00005
698.10586	0.00006
698.58798	0.00006
699.07010	0.00006
699.55222	0.00006
700.03433	0.00006
700.51645	0.00006
700.99857	0.00005
701.48069	0.00005
701.96280	0.00004
702.44492	0.00003
702.92704	0.00002
703.40915	0.00002
703.89127	0.00001
704.37339	0.00001
704.85551	0.00001
705.33762	0.00001
705.81974	0.00001
706.30186	0.00001
706.78398	0.00002
707.26609	0.00002
707.74821	0.00003
708.23033	0.00004
708.71245	0.00004
709.19456	0.00005
709.67668	0.00005
710.15880	0.00006
710.64091	0.00006
711.12303	0.00006
711.60515	0.00006
712.08727	0.00006
712.56938	0.00006
713.05150	0.00005
713.53362	0.00005
714.01574	0.00004
714.49785	0.00004
714.97997	0.00003
715.46209	0.00003
715.94420	0.00003
716.42632	0.00003
716.90844	0.00003
717.39056	0.00004
717.87267	0.00005
718.35479	0.00005
718.83691	0.00006
719.31903	0.00006
719.80114	0.00006
720.28326	0.00006
720.76538	0.00006
721.24750	0.00005
721.72961	0.00005
722.21173	0.00004
722.69385	0.00004
723.17596	0.00003
723.65808	0.00003
724.14020	0.00002
724.62232	0.00002
725.10443	0.00002
725.58655	0.00002
726.06867	0.00003
726.55079	0.00003
727.03290	0.00004
727.51502	0.00004
727.99714	0.00003
728.47925	0.00003
728.96137	0.00002
729.44349	0.00002
729.92561	0.00002
730.40772	0.00003
730.88984	0.00004
731.37196	0.00005
731.85408	0.00006
732.33619	0.00007
732.81831	0.00007
733.30043	0.00007
733.78255	0.00007
734.26466	0.00006
734.74678	0.00006
735.22890	0.00005
735.71101	0.00004
736.19313	0.00003
736.67525	0.00003
737.15737	0.00002
737.63948	0.00002
738.12160	0.00002
738.60372	0.00002
739.08584	0.00002
739.56795	0.00002
740.05007	0.00002
740.53219	0.00003
741.01430	0.00004
741.49642	0.00004
741.97854	0.00005
742.46066	0.00005
742.94277	0.00005
743.42489	0.00005
743.90701	0.00004
744.38913	0.00004
744.87124	0.00003
745.35336	0.00003
745.83548	0.00002
746.31760	0.00002
746.79971	0.00001
747.28183	0.00002
747.76395	0.00002
748.24606	0.00003
748.72818	0.00003
749.21030	0.00004
749.69242	0.00004
750.17453	0.00005
750.65665	0.00005
751.13877	0.00005
751.62089	0.00005
752.10300	0.00005
752.58512	0.00004
753.06724	0.00004
753.54935	0.00003
754.03147	0.00003
754.51359	0.00003
754.99571	0.00003
755.47782	0.00002
755.95994	0.00002
756.44206	0.00002
756.92418	0.00002
757.40629	0.00002
757.88841	0.00002
758.37053	0.00003
758.85265	0.00003
759.33476	0.00003
759.81688	0.00003
760.29900	0.00003
760.78111	0.00003
761.26323	0.00003
761.74535	0.00003
762.22747	0.00003
762.70958	0.00003
763.19170	0.00003
763.67382	0.00003
764.15594	0.00002
764.63805	0.00002
765.12017	0.00002
765.60229	0.00002
766.08440	0.00002
766.56652	0.00003
767.04864	0.00003
767.53076	0.00003
768.01287	0.00003
768.49499	0.00003
768.97711	0.00003
769.45923	0.00003
769.94134	0.00003
770.42346	0.00003
770.90558	0.00002
771.38770	0.00002
771.86981	0.00002
772.35193	0.00001
772.83405	0.00001
773.31616	0.00001
773.79828	0.00001
774.28040	0.00001
774.76252	0.00001
775.24463	0.00001
775.72675	0.00000
776.20887	0.00000
776.69099	0.00000
777.17310	0.00000
777.65522	0.00000
778.13734	-0.00000
778.61945	0.00000
779.10157	0.00001
779.58369	0.00002
780.06581	0.00003
780.54792	0.00003
781.03004	0.00004
781.51216	0.00004
781.99428	0.00004
782.47639	0.00004
782.95851	0.00004
783.44063	0.00003
783.92275	0.00003
784.40486	0.00002
784.88698	0.00002
785.36910	0.00002
785.85121	0.00002
786.33333	0.00002
786.81545	0.00002
787.29757	0.00003
787.77968	0.00003
788.26180	0.00003
788.74392	0.00003
789.22604	0.00003
789.70815	0.00003
790.19027	0.00003
790.67239	0.00002
791.15451	0.00002
791.63662	0.00002
792.11874	0.00002
792.60086	0.00002
793.08297	0.00002
793.56509	0.00002
794.04721	0.00003
794.52933	0.00003
795.01144	0.00003
795.49356	0.00004
795.97568	0.00004
796.45780	0.00004
796.93991	0.00005
797.42203	0.00005
797.90415	0.00005
798.38626	0.00005
798.86838	0.00005
799.35050	0.00005
799.83262	0.00004
800.31473	0.00004
800.79685	0.00004
801.27897	0.00004
801.76109	0.00005
802.24320	0.00005
802.72532	0.00005
803.20744	0.00005
803.68956	0.00005
804.17167	0.00005
804.65379	0.00004
805.13591	0.00003
805.61802	0.00002
806.10014	0.00001
806.58226	0.00001
807.06438	0.00001
807.54649	0.00002
808.02861	0.00003
808.51073	0.00003
808.99285	0.00003
809.47496	0.00003
809.95708	0.00003
810.43920	0.00003
810.92131	0.00002
811.40343	0.00002
811.88555	0.00002
812.36767	0.00002
812.84978	0.00002
813.33190	0.00002
813.81402	0.00002
814.29614	0.00002
814.77825	0.00002
815.26037	0.00002
815.74249	0.00002
816.22461	0.00002
816.70672	0.00002
817.18884	0.00002
817.67096	0.00003
818.15307	0.00003
818.63519	0.00003
819.11731	0.00003
819.59943	0.00003
820.08154	0.00003
820.56366	0.00003
821.04578	0.00003
821.52790	0.00002
822.01001	0.00002
822.49213	0.00002
822.97425	0.00002
823.45636	0.00001
823.93848	0.00001
824.42060	0.00001
824.90272	0.00001
825.38483	0.00001
825.86695	0.00001
826.34907	0.00001
826.83119	0.00001
827.31330	0.00001
827.79542	0.00001
828.27754	0.00001
828.75966	0.00002
829.24177	0.00002
829.72389	0.00002
830.20601	0.00002
830.68812	0.00003
831.17024	0.00003
831.65236	0.00003
832.13448	0.00003
832.61659	0.00003
833.09871	0.00003
833.58083	0.00003
834.06295	0.00002
834.54506	0.00002
835.02718	0.00001
835.50930	0.00001
835.99141	0.00001
836.47353	0.00002
836.95565	0.00003
837.43777	0.00004
837.91988	0.00005
838.40200	0.00006
838.88412	0.00007
839.36624	0.00008
839.84835	0.00008
840.33047	0.00008
840.81259	0.00008
841.29471	0.00008
841.77682	0.00008
842.25894	0.00007
842.74106	0.00007
843.22317	0.00006
843.70529	0.00005
844.18741	0.00004
844.66953	0.00003
845.15164	0.00002
845.63376	0.00001
846.11588	0.00001
846.59800	0.00001
847.08011	0.00001
847.56223	0.00002
848.04435	0.00002
848.52646	0.00003
849.00858	0.00003
849.49070	0.00002
849.97282	0.00002
850.45493	0.00002
850.93705	0.00002
851.41917	0.00002
851.90129	0.00003
852.38340	0.00003
852.86552	0.00004
853.34764	0.00005
853.82976	0.00005
854.31187	0.00005
854.79399	0.00005
855.27611	0.00005
855.75822	0.00005
856.24034	0.00004
856.72246	0.00003
857.20458	0.00003
857.68669	0.00003
858.16881	0.00003
858.65093	0.00004
859.13305	0.00004
859.61516	0.00004
860.09728	0.00004
860.57940	0.00003
861.06151	0.00003
861.54363	0.00002
862.02575	0.00002
862.50787	0.00001
862.98998	0.00002
863.47210	0.00002
863.95422	0.00002
864.43634	0.00003
864.91845	0.00003
865.40057	0.00004
865.88269	0.00004
866.36481	0.00004
866.84692	0.00005
867.32904	0.00005
867.81116	0.00005
868.29327	0.00004
868.77539	0.00003
869.25751	0.00002
869.73963	0.00001
870.22174	0.00001
870.70386	0.00001
871.18598	0.00002
871.66810	0.00003
872.15021	0.00003
872.63233	0.00004
873.11445	0.00004
873.59656	0.00004
874.07868	0.00003
874.56080	0.00004
875.04292	0.00004
875.52503	0.00004
876.00715	0.00004
876.48927	0.00003
876.97139	0.00003
877.45350	0.00003
877.93562	0.00002
878.41774	0.00002
878.89986	0.00002
879.38197	0.00003
879.86409	0.00003
880.34621	0.00003
880.82832	0.00004
881.31044	0.00004
881.79256	0.00005
882.27468	0.00005
882.75679	0.00005
883.23891	0.00006
883.72103	0.00006
884.20315	0.00006
884.68526	0.00006
885.16738	0.00005
885.64950	0.00005
886.13161	0.00005
886.61373	0.00005
887.09585	0.00004
887.57797	0.00004
888.06008	0.00003
888.54220	0.00003
889.02432	0.00003
889.50644	0.00003
889.98855	0.00002
890.47067	0.00002
890.95279	0.00002
891.43491	0.00002
891.91702	0.00002
892.39914	0.00002
892.88126	0.00002
893.36337	0.00002
893.84549	0.00002
894.32761	0.00002
894.80973	0.00002
895.29184	0.00002
895.77396	0.00002
896.25608	0.00002
896.73820	0.00002
897.22031	0.00002
897.70243	0.00002
898.18455	0.00002
898.66667	0.00002
899.14878	0.00002
899.63090	0.00002
900.11302	0.00002
900.59513	0.00002
901.07725	0.00002
901.55937	0.00001
902.04149	0.00001
902.52360	0.00000
903.00572	0.00000
903.48784	0.00000
903.96996	0.00001
904.45207	0.00002
904.93419	0.00002
905.41631	0.00002
905.89842	0.00002
906.38054	0.00002
906.86266	0.00001
907.34478	0.00000
907.82689	0.00001
908.30901	0.00001
908.79113	0.00002
909.27325	0.00003
909.75536	0.00004
910.23748	0.00005
910.71960	0.00005
911.20172	0.00006
911.68383	0.00006
912.16595	0.00006
912.64807	0.00007
913.13018	0.00006
913.61230	0.00006
914.09442	0.00005
914.57654	0.00005
915.05865	0.00004
915.54077	0.00004
916.02289	0.00003
916.50501	0.00003
916.98712	0.00002
917.46924	0.00002
917.95136	0.00002
918.43347	0.00002
918.91559	0.00002
919.39771	0.00003
919.87983	0.00003
920.36194	0.00004
920.84406	0.00004
921.32618	0.00005
921.80830	0.00005
922.29041	0.00005
922.77253	0.00005
923.25465	0.00004
923.73677	0.00004
924.21888	0.00003
924.70100	0.00003
925.18312	0.00003
925.66523	0.00003
926.14735	0.00004
926.62947	0.00004
927.11159	0.00004
927.59370	0.00004
928.07582	0.00004
928.55794	0.00004
929.04006	0.00004
929.52217	0.00003
930.00429	0.00003
930.48641	0.00002
930.96852	0.00002
931.45064	0.00002
931.93276	0.00001
932.41488	0.00001
932.89699	0.00001
933.37911	0.00001
933.86123	0.00001
934.34335	0.00001
934.82546	0.00001
935.30758	0.00001
935.78970	0.00001
936.27182	0.00001
936.75393	0.00001
937.23605	0.00001
937.71817	0.00002
938.20028	0.00002
938.68240	0.00002
939.16452	0.00003
939.64664	0.00003
940.12875	0.00003
940.61087	0.00003
941.09299	0.00003
941.57511	0.00003
942.05722	0.00003
942.53934	0.00003
943.02146	0.00003
943.50357	0.00003
943.98569	0.00003
944.46781	0.00004
944.94993	0.00004
945.43204	0.00004
945.91416	0.00003
946.39628	0.00004
946.87840	0.00004
947.36051	0.00004
947.84263	0.00004
948.32475	0.00005
948.80687	0.00005
949.28898	0.00004
949.77110	0.00004
950.25322	0.00003
950.73533	0.00003
951.21745	0.00002
951.69957	0.00002
952.18169	0.00002
952.66380	0.00002
953.14592	0.00003
953.62804	0.00003
954.11016	0.00003
954.59227	0.00003
955.07439	0.00003
955.55651	0.00003
956.03862	0.00003
956.52074	0.00004
957.00286	0.00004
957.48498	0.00004
957.96709	0.00005
958.44921	0.00005
958.93133	0.00006
959.41345	0.00007
959.89556	0.00007
960.37768	0.00008
960.85980	0.00008
961.34192	0.00009
961.82403	0.00009
962.30615	0.00009
962.78827	0.00009
963.27038	0.00008
963.75250	0.00008
964.23462	0.00007
964.71674	0.00007
965.19885	0.00006
965.68097	0.00006
966.16309	0.00005
966.64521	0.00004
967.12732	0.00004
967.60944	0.00003
968.09156	0.00003
968.57367	0.00004
969.05579	0.00004
969.53791	0.00004
970.02003	0.00004
970.50214	0.00004
970.98426	0.00004
971.46638	0.00004
971.94850	0.00003
972.43061	0.00003
972.91273	0.00002
973.39485	0.00002
973.87697	0.00002
974.35908	0.00002
974.84120	0.00003
975.32332	0.00003
975.80543	0.00003
976.28755	0.00003
976.76967	0.00003
977.25179	0.00003
977.73390	0.00003
978.21602	0.00003
978.69814	0.00003
979.18026	0.00003
979.66237	0.00003
980.14449	0.00003
980.62661	0.00003
981.10872	0.00004
981.59084	0.00004
982.07296	0.00004
982.55508	0.00004
983.03719	0.00004
983.51931	0.00004
984.00143	0.00004
984.48355	0.00004
984.96566	0.00004
985.44778	0.00004
985.92990	0.00003
986.41202	0.00003
986.89413	0.00002
987.37625	0.00001
987.85837	0.00000
988.34048	-0.00000
988.82260	0.00001
989.30472	0.00002
989.78684	0.00002
990.26895	0.00003
990.75107	0.00003
991.23319	0.00002
991.71531	0.00002
992.19742	0.00002
992.67954	0.00002
993.16166	0.00002
993.64378	0.00002
994.12589	0.00003
994.60801	0.00003
995.09013	0.00003
995.57224	0.00004
996.05436	0.00004
996.53648	0.00005
997.01860	0.00005
997.50071	0.00005
997.98283	0.00005
998.46495	0.00005
998.94707	0.00005
999.42918	0.00005
