0.00000	0.00205
0.48212	0.00206
0.96423	0.00207
1.44635	0.00207
1.92847	0.00201
2.41059	0.00191
2.89270	0.00175
3.37482	0.00153
3.85694	0.00128
4.33906	0.00105
4.82117	0.00082
5.30329	0.00063
5.78541	0.00048
6.26753	0.00039
6.74964	0.00034
7.23176	0.00031
7.71388	0.00031
8.19599	0.00032
8.67811	0.00032
9.16023	0.00033
9.64235	0.00033
10.12446	0.00032
10.60658	0.00032
11.08870	0.00030
11.57082	0.00028
12.05293	0.00024
12.53505	0.00020
13.01717	0.00014
13.49928	0.00008
13.98140	0.00004
14.46352	0.00009
14.94564	0.00024
15.42775	0.00044
15.90987	0.00061
16.39199	0.00081
16.87411	0.00104
17.35622	0.00131
17.83834	0.00161
18.32046	0.00196
18.80258	0.00235
19.28469	0.00280
19.76681	0.00329
20.24893	0.00383
20.73104	0.00441
21.21316	0.00504
21.69528	0.00570
22.17740	0.00638
22.65951	0.00709
23.14163	0.00781
23.62375	0.00854
24.10587	0.00928
24.58798	0.01005
25.07010	0.01084
25.55222	0.01167
26.03433	0.01255
26.51645	0.01348
26.99857	0.01448
27.48069	0.01553
27.96280	0.01664
28.44492	0.01779
28.92704	0.01898
29.40916	0.02019
29.89127	0.02142
30.37339	0.02265
30.85551	0.02389
31.33763	0.02514
31.81974	0.02641
32.30186	0.02774
32.78398	0.02916
33.26609	0.03073
33.74821	0.03250
34.23033	0.03453
34.71245	0.03689
35.19456	0.03962
35.67668	0.04272
36.15880	0.04619
36.64092	0.04996
37.12303	0.05394
37.60515	0.05804
38.08727	0.06213
38.56938	0.06612
39.05150	0.06996
39.53362	0.07360
40.01574	0.07708
40.49785	0.08043
40.97997	0.08374
41.46209	0.08706
41.94421	0.09043
42.42632	0.09383
42.90844	0.09718
43.39056	0.10037
43.87268	0.10325
44.35479	0.10568
44.83691	0.10755
45.31903	0.10886
45.80114	0.10970
46.28326	0.11027
46.76538	0.11090
47.24750	0.11197
47.72961	0.11387
48.21173	0.11696
48.69385	0.12150
49.17597	0.12757
49.65808	0.13509
50.14020	0.14383
50.62232	0.15339
51.10443	0.16334
51.58655	0.17321
52.06867	0.18264
52.55079	0.19139
53.03290	0.19942
53.51502	0.20684
53.99714	0.21393
54.47926	0.22108
54.96137	0.22867
55.44349	0.23707
55.92561	0.24649
56.40773	0.25702
56.88984	0.26852
57.37196	0.28074
57.85408	0.29327
58.33619	0.30564
58.81831	0.31740
59.30043	0.32817
59.78255	0.33768
60.26466	0.34581
60.74678	0.35261
61.22890	0.35827
61.71102	0.36307
62.19313	0.36733
62.67525	0.37137
63.15737	0.37541
63.63948	0.37959
64.12160	0.38387
64.60372	0.38809
65.08584	0.39198
65.56795	0.39515
66.05007	0.39723
66.53219	0.39789
67.01431	0.39688
67.49642	0.39417
67.97854	0.38989
68.46066	0.38439
68.94278	0.37819
69.42489	0.37191
69.90701	0.36625
70.38913	0.36180
70.87124	0.35904
71.35336	0.35821
71.83548	0.35929
72.31760	0.36201
72.79971	0.36590
73.28183	0.37039
73.76395	0.37491
74.24607	0.37904
74.72818	0.38258
75.21030	0.38565
75.69242	0.38865
76.17453	0.39219
76.65665	0.39704
77.13877	0.40390
77.62089	0.41327
78.10300	0.42537
78.58512	0.44000
79.06724	0.45660
79.54936	0.47431
80.03147	0.49210
80.51359	0.50897
80.99571	0.52413
81.47783	0.53710
81.95994	0.54785
82.44206	0.55677
82.92418	0.56458
83.40629	0.57223
83.88841	0.58070
84.37053	0.59084
84.85265	0.60316
85.33476	0.61781
85.81688	0.63450
86.29900	0.65256
86.78112	0.67101
87.26323	0.68877
87.74535	0.70479
88.22747	0.71822
88.70958	0.72854
89.19170	0.73567
89.67382	0.73995
90.15594	0.74210
90.63805	0.74311
91.12017	0.74409
91.60229	0.74609
92.08441	0.74992
92.56652	0.75602
93.04864	0.76438
93.53076	0.77453
94.01288	0.78560
94.49499	0.79648
94.97711	0.80597
95.45923	0.81298
95.94134	0.81675
96.42346	0.81695
96.90558	0.81377
97.38770	0.80790
97.86981	0.80040
98.35193	0.79259
98.83405	0.78579
99.31617	0.78113
99.79828	0.77939
100.28040	0.78086
100.76252	0.78529
101.24464	0.79197
101.72675	0.79982
102.20887	0.80759
102.69099	0.81403
103.17310	0.81813
103.65522	0.81922
104.13734	0.81710
104.61946	0.81207
105.10157	0.80486
105.58369	0.79652
106.06581	0.78826
106.54793	0.78128
107.03004	0.77658
107.51216	0.77479
107.99428	0.77612
108.47639	0.78029
108.95851	0.78659
109.44063	0.79396
109.92275	0.80121
110.40486	0.80715
110.88698	0.81081
111.36910	0.81158
111.85122	0.80934
112.33333	0.80444
112.81545	0.79768
113.29757	0.79014
113.77969	0.78300
114.26180	0.77735
114.74392	0.77395
115.22604	0.77314
115.70815	0.77473
116.19027	0.77807
116.67239	0.78213
117.15451	0.78571
117.63662	0.78765
118.11874	0.78700
118.60086	0.78324
119.08298	0.77634
119.56509	0.76675
120.04721	0.75536
120.52933	0.74332
121.01144	0.73188
121.49356	0.72216
121.97568	0.71501
122.45780	0.71086
122.93991	0.70972
123.42203	0.71110
123.90415	0.71419
124.38627	0.71795
124.86838	0.72126
125.35050	0.72312
125.83262	0.72277
126.31474	0.71981
126.79685	0.71423
127.27897	0.70641
127.76109	0.69705
128.24320	0.68702
128.72532	0.67724
129.20744	0.66851
129.68956	0.66139
130.17167	0.65612
130.65379	0.65258
131.13591	0.65032
131.61803	0.64865
132.10014	0.64677
132.58226	0.64391
133.06438	0.63946
133.54649	0.63306
134.02861	0.62469
134.51073	0.61465
134.99285	0.60350
135.47496	0.59197
135.95708	0.58084
136.43920	0.57082
136.92132	0.56242
137.40343	0.55591
137.88555	0.55128
138.36767	0.54823
138.84979	0.54628
139.33190	0.54481
139.81402	0.54321
140.29614	0.54096
140.77825	0.53770
141.26037	0.53330
141.74249	0.52789
142.22461	0.52177
142.70672	0.51541
143.18884	0.50934
143.67096	0.50406
144.15308	0.49992
144.63519	0.49713
145.11731	0.49565
145.59943	0.49526
146.08154	0.49554
146.56366	0.49598
147.04578	0.49607
147.52790	0.49532
148.01001	0.49343
148.49213	0.49026
148.97425	0.48587
149.45637	0.48053
149.93848	0.47460
150.42060	0.46854
150.90272	0.46276
151.38484	0.45759
151.86695	0.45324
152.34907	0.44971
152.83119	0.44685
153.31330	0.44438
153.79542	0.44193
154.27754	0.43911
154.75966	0.43558
155.24177	0.43110
155.72389	0.42556
156.20601	0.41902
156.68813	0.41168
157.17024	0.40385
157.65236	0.39587
158.13448	0.38814
158.61659	0.38098
159.09871	0.37463
159.58083	0.36921
160.06295	0.36475
160.54506	0.36114
161.02718	0.35821
161.50930	0.35572
161.99142	0.35345
162.47353	0.35122
162.95565	0.34890
163.43777	0.34646
163.91989	0.34395
164.40200	0.34148
164.88412	0.33923
165.36624	0.33735
165.84835	0.33600
166.33047	0.33526
166.81259	0.33514
167.29471	0.33556
167.77682	0.33638
168.25894	0.33739
168.74106	0.33837
169.22318	0.33910
169.70529	0.33941
170.18741	0.33918
170.66953	0.33838
171.15164	0.33704
171.63376	0.33525
172.11588	0.33313
172.59800	0.33083
173.08011	0.32847
173.56223	0.32615
174.04435	0.32390
174.52647	0.32172
175.00858	0.31956
175.49070	0.31733
175.97282	0.31496
176.45494	0.31235
176.93705	0.30948
177.41917	0.30635
177.90129	0.30299
178.38340	0.29950
178.86552	0.29600
179.34764	0.29260
179.82976	0.28942
180.31187	0.28656
180.79399	0.28405
181.27611	0.28189
181.75823	0.28005
182.24034	0.27843
182.72246	0.27694
183.20458	0.27548
183.68669	0.27395
184.16881	0.27230
184.65093	0.27050
185.13305	0.26857
185.61516	0.26655
186.09728	0.26451
186.57940	0.26252
187.06152	0.26064
187.54363	0.25892
188.02575	0.25737
188.50787	0.25598
188.98999	0.25468
189.47210	0.25340
189.95422	0.25206
190.43634	0.25056
190.91845	0.24885
191.40057	0.24688
191.88269	0.24465
192.36481	0.24219
192.84692	0.23956
193.32904	0.23685
193.81116	0.23415
194.29328	0.23153
194.77539	0.22907
195.25751	0.22679
195.73963	0.22469
196.22174	0.22275
196.70386	0.22091
197.18598	0.21909
197.66810	0.21724
198.15021	0.21529
198.63233	0.21323
199.11445	0.21106
199.59657	0.20881
200.07868	0.20653
200.56080	0.20429
201.04292	0.20215
201.52504	0.20017
202.00715	0.19838
202.48927	0.19677
202.97139	0.19531
203.45350	0.19394
203.93562	0.19258
204.41774	0.19115
204.89986	0.18958
205.38197	0.18780
205.86409	0.18581
206.34621	0.18360
206.82833	0.18123
207.31044	0.17876
207.79256	0.17626
208.27468	0.17383
208.75680	0.17152
209.23891	0.16938
209.72103	0.16742
210.20315	0.16565
210.68526	0.16401
211.16738	0.16246
211.64950	0.16095
212.13162	0.15943
212.61373	0.15787
213.09585	0.15626
213.57797	0.15461
214.06009	0.15296
214.54220	0.15136
215.02432	0.14984
215.50644	0.14845
215.98855	0.14721
216.47067	0.14612
216.95279	0.14515
217.43491	0.14425
217.91702	0.14339
218.39914	0.14249
218.88126	0.14150
219.36338	0.14040
219.84549	0.13917
220.32761	0.13782
220.80973	0.13639
221.29185	0.13492
221.77396	0.13347
222.25608	0.13209
222.73820	0.13083
223.22031	0.12971
223.70243	0.12874
224.18455	0.12789
224.66667	0.12713
225.14878	0.12643
225.63090	0.12574
226.11302	0.12501
226.59514	0.12423
227.07725	0.12337
227.55937	0.12243
228.04149	0.12144
228.52360	0.12042
229.00572	0.11941
229.48784	0.11843
229.96996	0.11752
230.45207	0.11669
230.93419	0.11596
231.41631	0.11532
231.89843	0.11475
232.38054	0.11420
232.86266	0.11366
233.34478	0.11308
233.82690	0.11241
234.30901	0.11165
234.79113	0.11076
235.27325	0.10976
235.75536	0.10866
236.23748	0.10749
236.71960	0.10628
237.20172	0.10508
237.68383	0.10392
238.16595	0.10281
238.64807	0.10178
239.13019	0.10081
239.61230	0.09988
240.09442	0.09896
240.57654	0.09800
241.05865	0.09697
241.54077	0.09583
242.02289	0.09456
242.50501	0.09316
242.98712	0.09165
243.46924	0.09004
243.95136	0.08839
244.43348	0.08673
244.91559	0.08510
245.39771	0.08354
245.87983	0.08206
246.36195	0.08066
246.84406	0.07933
247.32618	0.07806
247.80830	0.07680
248.29041	0.07554
248.77253	0.07424
249.25465	0.07289
249.73677	0.07150
250.21888	0.07006
250.70100	0.06861
251.18312	0.06717
251.66524	0.06576
252.14735	0.06442
252.62947	0.06316
253.11159	0.06198
253.59370	0.06088
254.07582	0.05984
254.55794	0.05883
255.04006	0.05784
255.52217	0.05683
256.00429	0.05580
256.48641	0.05472
256.96853	0.05360
257.45064	0.05245
257.93276	0.05129
258.41488	0.05012
258.89700	0.04898
259.37911	0.04787
259.86123	0.04681
260.34335	0.04581
260.82546	0.04485
261.30758	0.04392
261.78970	0.04303
262.27182	0.04214
262.75393	0.04124
263.23605	0.04033
263.71817	0.03939
264.20029	0.03843
264.68240	0.03744
265.16452	0.03644
265.64664	0.03544
266.12875	0.03444
266.61087	0.03346
267.09299	0.03250
267.57511	0.03157
268.05722	0.03068
268.53934	0.02982
269.02146	0.02899
269.50358	0.02818
269.98569	0.02740
270.46781	0.02663
270.94993	0.02587
271.43205	0.02513
271.91416	0.02439
272.39628	0.02367
272.87840	0.02296
273.36051	0.02227
273.84263	0.02162
274.32475	0.02099
274.80687	0.02040
275.28898	0.01985
275.77110	0.01934
276.25322	0.01888
276.73534	0.01844
277.21745	0.01805
277.69957	0.01768
278.18169	0.01733
278.66380	0.01701
279.14592	0.01670
279.62804	0.01640
280.11016	0.01611
280.59227	0.01584
281.07439	0.01557
281.55651	0.01532
282.03863	0.01507
282.52074	0.01484
283.00286	0.01461
283.48498	0.01439
283.96710	0.01418
284.44921	0.01397
284.93133	0.01375
285.41345	0.01353
285.89556	0.01329
286.37768	0.01303
286.85980	0.01276
287.34192	0.01247
287.82403	0.01216
288.30615	0.01184
288.78827	0.01152
289.27039	0.01119
289.75250	0.01088
290.23462	0.01057
290.71674	0.01028
291.19885	0.01000
291.68097	0.00974
292.16309	0.00948
292.64521	0.00923
293.12732	0.00898
293.60944	0.00872
294.09156	0.00847
294.57368	0.00821
295.05579	0.00795
295.53791	0.00770
296.02003	0.00746
296.50215	0.00724
296.98426	0.00704
297.46638	0.00686
297.94850	0.00670
298.43061	0.00656
298.91273	0.00643
299.39485	0.00630
299.87697	0.00618
300.35908	0.00605
300.84120	0.00593
301.32332	0.00580
301.80544	0.00568
302.28755	0.00556
302.76967	0.00546
303.25179	0.00536
303.73391	0.00528
304.21602	0.00520
304.69814	0.00513
305.18026	0.00507
305.66237	0.00500
306.14449	0.00493
306.62661	0.00485
307.10873	0.00477
307.59084	0.00468
308.07296	0.00459
308.55508	0.00450
309.03720	0.00441
309.51931	0.00433
310.00143	0.00425
310.48355	0.00416
310.96566	0.00408
311.44778	0.00399
311.92990	0.00389
312.41202	0.00379
312.89413	0.00369
313.37625	0.00358
313.85837	0.00348
314.34049	0.00338
314.82260	0.00328
315.30472	0.00320
315.78684	0.00312
316.26896	0.00304
316.75107	0.00296
317.23319	0.00289
317.71531	0.00282
318.19742	0.00276
318.67954	0.00269
319.16166	0.00264
319.64378	0.00258
320.12589	0.00254
320.60801	0.00250
321.09013	0.00246
321.57225	0.00243
322.05436	0.00241
322.53648	0.00238
323.01860	0.00235
323.50071	0.00231
323.98283	0.00227
324.46495	0.00223
324.94707	0.00219
325.42918	0.00215
325.91130	0.00211
326.39342	0.00207
326.87554	0.00203
327.35765	0.00199
327.83977	0.00195
328.32189	0.00191
328.80401	0.00186
329.28612	0.00182
329.76824	0.00178
330.25036	0.00175
330.73247	0.00172
331.21459	0.00170
331.69671	0.00168
332.17883	0.00168
332.66094	0.00169
333.14306	0.00170
333.62518	0.00171
334.10730	0.00172
334.58941	0.00172
335.07153	0.00173
335.55365	0.00173
336.03576	0.00173
336.51788	0.00173
337.00000	0.00173
337.48212	0.00174
337.96423	0.00174
338.44635	0.00175
338.92847	0.00176
339.41059	0.00177
339.89270	0.00177
340.37482	0.00176
340.85694	0.00174
341.33906	0.00171
341.82117	0.00168
342.30329	0.00165
342.78541	0.00162
343.26752	0.00159
343.74964	0.00156
344.23176	0.00154
344.71388	0.00152
345.19599	0.00151
345.67811	0.00149
346.16023	0.00147
346.64235	0.00145
347.12446	0.00144
347.60658	0.00142
348.08870	0.00140
348.57081	0.00139
349.05293	0.00139
349.53505	0.00139
350.01717	0.00139
350.49928	0.00140
350.98140	0.00140
351.46352	0.00140
351.94564	0.00141
352.42775	0.00140
352.90987	0.00140
353.39199	0.00139
353.87411	0.00138
354.35622	0.00137
354.83834	0.00136
355.32046	0.00135
355.80257	0.00134
356.28469	0.00133
356.76681	0.00132
357.24893	0.00131
357.73104	0.00130
358.21316	0.00129
358.69528	0.00128
359.17740	0.00127
359.65951	0.00125
360.14163	0.00124
360.62375	0.00123
361.10586	0.00122
361.58798	0.00122
362.07010	0.00121
362.55222	0.00120
363.03433	0.00119
363.51645	0.00119
363.99857	0.00118
364.48069	0.00118
364.96280	0.00118
365.44492	0.00118
365.92704	0.00118
366.40916	0.00118
366.89127	0.00117
367.37339	0.00117
367.85551	0.00116
368.33762	0.00115
368.81974	0.00115
369.30186	0.00114
369.78398	0.00113
370.26609	0.00112
370.74821	0.00111
371.23033	0.00111
371.71245	0.00111
372.19456	0.00111
372.67668	0.00110
373.15880	0.00110
373.64091	0.00110
374.12303	0.00109
374.60515	0.00108
375.08727	0.00108
375.56938	0.00107
376.05150	0.00106
376.53362	0.00105
377.01574	0.00105
377.49785	0.00104
377.97997	0.00104
378.46209	0.00104
378.94421	0.00104
379.42632	0.00104
379.90844	0.00104
380.39056	0.00105
380.87267	0.00105
381.35479	0.00105
381.83691	0.00106
382.31903	0.00106
382.80114	0.00106
383.28326	0.00106
383.76538	0.00106
384.24750	0.00106
384.72961	0.00105
385.21173	0.00104
385.69385	0.00102
386.17596	0.00101
386.65808	0.00099
387.14020	0.00097
387.62232	0.00095
388.10443	0.00093
388.58655	0.00091
389.06867	0.00090
389.55079	0.00089
390.03290	0.00088
390.51502	0.00088
390.99714	0.00087
391.47926	0.00087
391.96137	0.00086
392.44349	0.00086
392.92561	0.00085
393.40772	0.00085
393.88984	0.00084
394.37196	0.00083
394.85408	0.00083
395.33619	0.00082
395.81831	0.00081
396.30043	0.00080
396.78255	0.00080
397.26466	0.00079
397.74678	0.00079
398.22890	0.00079
398.71102	0.00078
399.19313	0.00078
399.67525	0.00078
400.15737	0.00078
400.63948	0.00078
401.12160	0.00078
401.60372	0.00078
402.08584	0.00078
402.56795	0.00078
403.05007	0.00078
403.53219	0.00078
404.01431	0.00078
404.49642	0.00078
404.97854	0.00078
405.46066	0.00079
405.94277	0.00079
406.42489	0.00079
406.90701	0.00079
407.38913	0.00078
407.87124	0.00078
408.35336	0.00077
408.83548	0.00076
409.31760	0.00075
409.79971	0.00075
410.28183	0.00074
410.76395	0.00074
411.24607	0.00074
411.72818	0.00073
412.21030	0.00073
412.69242	0.00072
413.17453	0.00071
413.65665	0.00071
414.13877	0.00070
414.62089	0.00069
415.10300	0.00068
415.58512	0.00068
416.06724	0.00067
416.54936	0.00067
417.03147	0.00068
417.51359	0.00068
417.99571	0.00068
418.47782	0.00068
418.95994	0.00068
419.44206	0.00067
419.92418	0.00067
420.40629	0.00066
420.88841	0.00066
421.37053	0.00065
421.85265	0.00064
422.33476	0.00063
422.81688	0.00062
423.29900	0.00061
423.78112	0.00061
424.26323	0.00060
424.74535	0.00059
425.22747	0.00059
425.70958	0.00059
426.19170	0.00058
426.67382	0.00058
427.15594	0.00057
427.63805	0.00057
428.12017	0.00056
428.60229	0.00056
429.08441	0.00055
429.56652	0.00055
430.04864	0.00054
430.53076	0.00053
431.01287	0.00053
431.49499	0.00052
431.97711	0.00051
432.45923	0.00050
432.94134	0.00050
433.42346	0.00049
433.90558	0.00048
434.38770	0.00048
434.86981	0.00047
435.35193	0.00047
435.83405	0.00047
436.31617	0.00047
436.79828	0.00047
437.28040	0.00047
437.76252	0.00048
438.24463	0.00048
438.72675	0.00048
439.20887	0.00048
439.69099	0.00048
440.17310	0.00048
440.65522	0.00047
441.13734	0.00046
441.61946	0.00045
442.10157	0.00044
442.58369	0.00043
443.06581	0.00043
443.54792	0.00043
444.03004	0.00043
444.51216	0.00043
444.99428	0.00043
445.47639	0.00043
445.95851	0.00044
446.44063	0.00044
446.92275	0.00043
447.40486	0.00043
447.88698	0.00043
448.36910	0.00043
448.85122	0.00043
449.33333	0.00043
449.81545	0.00043
450.29757	0.00043
450.77968	0.00044
451.26180	0.00044
451.74392	0.00045
452.22604	0.00046
452.70815	0.00046
453.19027	0.00047
453.67239	0.00047
454.15451	0.00048
454.63662	0.00048
455.11874	0.00049
455.60086	0.00049
456.08297	0.00049
456.56509	0.00049
457.04721	0.00049
457.52933	0.00048
458.01144	0.00048
458.49356	0.00048
458.97568	0.00047
459.45780	0.00047
459.93991	0.00047
460.42203	0.00047
460.90415	0.00046
461.38627	0.00046
461.86838	0.00046
462.35050	0.00046
462.83262	0.00045
463.31473	0.00044
463.79685	0.00043
464.27897	0.00042
464.76109	0.00041
465.24320	0.00040
465.72532	0.00038
466.20744	0.00037
466.68956	0.00036
467.17167	0.00035
467.65379	0.00034
468.13591	0.00034
468.61802	0.00034
469.10014	0.00034
469.58226	0.00034
470.06438	0.00034
470.54649	0.00034
471.02861	0.00034
471.51073	0.00034
471.99285	0.00034
472.47496	0.00033
472.95708	0.00033
473.43920	0.00032
473.92132	0.00032
474.40343	0.00031
474.88555	0.00031
475.36767	0.00031
475.84978	0.00031
476.33190	0.00031
476.81402	0.00031
477.29614	0.00031
477.77825	0.00030
478.26037	0.00030
478.74249	0.00030
479.22461	0.00029
479.70672	0.00029
480.18884	0.00029
480.67096	0.00029
481.15307	0.00029
481.63519	0.00029
482.11731	0.00030
482.59943	0.00030
483.08154	0.00030
483.56366	0.00031
484.04578	0.00031
484.52790	0.00031
485.01001	0.00032
485.49213	0.00032
485.97425	0.00032
486.45637	0.00032
486.93848	0.00032
487.42060	0.00032
487.90272	0.00032
488.38483	0.00032
488.86695	0.00031
489.34907	0.00030
489.83119	0.00029
490.31330	0.00029
490.79542	0.00028
491.27754	0.00027
491.75966	0.00026
492.24177	0.00026
492.72389	0.00025
493.20601	0.00025
493.68812	0.00025
494.17024	0.00024
494.65236	0.00024
495.13448	0.00023
495.61659	0.00022
496.09871	0.00021
496.58083	0.00020
497.06295	0.00019
497.54506	0.00019
498.02718	0.00019
498.50930	0.00019
498.99142	0.00020
499.47353	0.00021
499.95565	0.00022
500.43777	0.00023
500.91988	0.00024
501.40200	0.00025
501.88412	0.00025
502.36624	0.00025
502.84835	0.00025
503.33047	0.00024
503.81259	0.00023
504.29471	0.00021
504.77682	0.00020
505.25894	0.00019
505.74106	0.00018
506.22318	0.00017
506.70529	0.00016
507.18741	0.00015
507.66953	0.00014
508.15164	0.00014
508.63376	0.00014
509.11588	0.00014
509.59800	0.00014
510.08011	0.00015
510.56223	0.00015
511.04435	0.00016
511.52647	0.00017
512.00858	0.00017
512.49070	0.00017
512.97282	0.00017
513.45493	0.00017
513.93705	0.00017
514.41917	0.00017
514.90129	0.00016
515.38340	0.00016
515.86552	0.00015
516.34764	0.00015
516.82976	0.00014
517.31187	0.00014
517.79399	0.00013
518.27611	0.00012
518.75823	0.00011
519.24034	0.00010
519.72246	0.00010
520.20458	0.00009
520.68669	0.00008
521.16881	0.00008
521.65093	0.00007
522.13305	0.00008
522.61516	0.00008
523.09728	0.00009
523.57940	0.00010
524.06152	0.00010
524.54363	0.00011
525.02575	0.00012
525.50787	0.00013
525.98998	0.00013
526.47210	0.00014
526.95422	0.00014
527.43634	0.00014
527.91845	0.00014
528.40057	0.00014
528.88269	0.00013
529.36481	0.00013
529.84692	0.00012
530.32904	0.00011
530.81116	0.00011
531.29328	0.00010
531.77539	0.00010
532.25751	0.00010
532.73963	0.00010
533.22174	0.00010
533.70386	0.00011
534.18598	0.00011
534.66810	0.00011
535.15021	0.00011
535.63233	0.00010
536.11445	0.00010
536.59657	0.00010
537.07868	0.00010
537.56080	0.00009
538.04292	0.00009
538.52503	0.00008
539.00715	0.00007
539.48927	0.00007
539.97139	0.00006
540.45350	0.00005
540.93562	0.00005
541.41774	0.00004
541.89986	0.00004
542.38197	0.00004
542.86409	0.00004
543.34621	0.00004
543.82833	0.00004
544.31044	0.00004
544.79256	0.00004
545.27468	0.00005
545.75679	0.00005
546.23891	0.00006
546.72103	0.00006
547.20315	0.00006
547.68526	0.00007
548.16738	0.00007
548.64950	0.00007
549.13162	0.00008
549.61373	0.00008
550.09585	0.00008
550.57797	0.00009
551.06008	0.00009
551.54220	0.00009
552.02432	0.00009
552.50644	0.00009
552.98855	0.00009
553.47067	0.00008
553.95279	0.00007
554.43491	0.00006
554.91702	0.00004
555.39914	0.00003
555.88126	0.00002
556.36338	0.00002
556.84549	0.00003
557.32761	0.00004
557.80973	0.00005
558.29184	0.00006
558.77396	0.00007
559.25608	0.00007
559.73820	0.00007
560.22031	0.00007
560.70243	0.00007
561.18455	0.00007
561.66667	0.00007
562.14878	0.00007
562.63090	0.00007
563.11302	0.00007
563.59513	0.00007
564.07725	0.00007
564.55937	0.00007
565.04149	0.00008
565.52360	0.00008
566.00572	0.00008
566.48784	0.00008
566.96996	0.00008
567.45207	0.00007
567.93419	0.00007
568.41631	0.00007
568.89843	0.00007
569.38054	0.00007
569.86266	0.00007
570.34478	0.00007
570.82689	0.00007
571.30901	0.00007
571.79113	0.00006
572.27325	0.00006
572.75536	0.00006
573.23748	0.00005
573.71960	0.00005
574.20172	0.00004
574.68383	0.00004
575.16595	0.00004
575.64807	0.00005
576.13018	0.00006
576.61230	0.00006
577.09442	0.00007
577.57654	0.00007
578.05865	0.00008
578.54077	0.00008
579.02289	0.00007
579.50501	0.00007
579.98712	0.00006
580.46924	0.00005
580.95136	0.00004
581.43348	0.00003
581.91559	0.00002
582.39771	0.00001
582.87983	0.00001
583.36194	0.00001
583.84406	0.00001
584.32618	0.00002
584.80830	0.00002
585.29041	0.00002
585.77253	0.00002
586.25465	0.00002
586.73677	0.00002
587.21888	0.00003
587.70100	0.00003
588.18312	0.00003
588.66523	0.00003
589.14735	0.00003
589.62947	0.00003
590.11159	0.00002
590.59370	0.00002
591.07582	0.00002
591.55794	0.00002
592.04006	0.00002
592.52217	0.00001
593.00429	-0.00000
593.48641	-0.00000
593.96853	0.00001
594.45064	0.00002
594.93276	0.00003
595.41488	0.00004
595.89699	0.00005
596.37911	0.00006
596.86123	0.00007
597.34335	0.00007
597.82546	0.00007
598.30758	0.00008
598.78970	0.00007
599.27182	0.00007
599.75393	0.00007
600.23605	0.00007
600.71817	0.00007
601.20029	0.00007
601.68240	0.00007
602.16452	0.00007
602.64664	0.00008
603.12875	0.00008
603.61087	0.00007
604.09299	0.00007
604.57511	0.00006
605.05722	0.00006
605.53934	0.00005
606.02146	0.00004
606.50358	0.00003
606.98569	0.00002
607.46781	0.00002
607.94993	0.00001
608.43204	0.00001
608.91416	0.00001
609.39628	0.00002
609.87840	0.00003
610.36051	0.00004
610.84263	0.00005
611.32475	0.00005
611.80687	0.00005
612.28898	0.00005
612.77110	0.00005
613.25322	0.00005
613.73534	0.00005
614.21745	0.00004
614.69957	0.00004
615.18169	0.00003
615.66380	0.00003
616.14592	0.00002
616.62804	0.00002
617.11016	0.00002
617.59227	0.00002
618.07439	0.00002
618.55651	0.00002
619.03863	0.00002
619.52074	0.00003
620.00286	0.00003
620.48498	0.00003
620.96709	0.00003
621.44921	0.00002
621.93133	0.00002
622.41345	0.00002
622.89556	0.00002
623.37768	0.00002
623.85980	0.00002
624.34192	0.00002
624.82403	0.00002
625.30615	0.00002
625.78827	0.00002
626.27039	0.00002
626.75250	0.00003
627.23462	0.00003
627.71674	0.00004
628.19885	0.00004
628.68097	0.00005
629.16309	0.00005
629.64521	0.00005
630.12732	0.00004
630.60944	0.00004
631.09156	0.00003
631.57368	0.00003
632.05579	0.00002
632.53791	0.00001
633.02003	-0.00000
633.50214	-0.00000
633.98426	0.00001
634.46638	0.00003
634.94850	0.00003
635.43061	0.00004
635.91273	0.00004
636.39485	0.00004
636.87697	0.00004
637.35908	0.00004
637.84120	0.00004
638.32332	0.00004
638.80544	0.00003
639.28755	0.00003
639.76967	0.00002
640.25179	0.00002
640.73390	0.00002
641.21602	0.00001
641.69814	0.00001
642.18026	0.00001
642.66237	0.00001
643.14449	0.00001
643.62661	0.00001
644.10873	0.00001
644.59084	0.00002
645.07296	0.00002
645.55508	0.00002
646.03719	0.00003
646.51931	0.00003
647.00143	0.00003
647.48355	0.00003
647.96566	0.00004
648.44778	0.00004
648.92990	0.00005
649.41202	0.00005
649.89413	0.00005
650.37625	0.00006
650.85837	0.00005
651.34049	0.00005
651.82260	0.00005
652.30472	0.00004
652.78684	0.00004
653.26895	0.00003
653.75107	0.00003
654.23319	0.00003
654.71531	0.00003
655.19742	0.00003
655.67954	0.00003
656.16166	0.00004
656.64378	0.00005
657.12589	0.00006
657.60801	0.00007
658.09013	0.00007
658.57224	0.00008
659.05436	0.00009
659.53648	0.00009
660.01860	0.00009
660.50071	0.00010
660.98283	0.00010
661.46495	0.00009
661.94707	0.00009
662.42918	0.00008
662.91130	0.00007
663.39342	0.00006
663.87554	0.00005
664.35765	0.00004
664.83977	0.00003
665.32189	0.00002
665.80400	0.00001
666.28612	0.00001
666.76824	0.00001
667.25036	0.00001
667.73247	0.00001
668.21459	0.00001
668.69671	0.00002
669.17883	0.00002
669.66094	0.00002
670.14306	0.00003
670.62518	0.00003
671.10729	0.00003
671.58941	0.00003
672.07153	0.00003
672.55365	0.00003
673.03576	0.00003
673.51788	0.00003
674.00000	0.00003
674.48212	0.00003
674.96423	0.00003
675.44635	0.00003
675.92847	0.00004
676.41059	0.00004
676.89270	0.00004
677.37482	0.00004
677.85694	0.00004
678.33905	0.00004
678.82117	0.00004
679.30329	0.00004
679.78541	0.00003
680.26752	0.00003
680.74964	0.00003
681.23176	0.00003
681.71388	0.00002
682.19599	0.00002
682.67811	0.00001
683.16023	0.00000
683.64234	0.00000
684.12446	0.00001
684.60658	0.00002
685.08870	0.00003
685.57081	0.00003
686.05293	0.00003
686.53505	0.00003
687.01717	0.00004
687.49928	0.00003
687.98140	0.00003
688.46352	0.00003
688.94564	0.00003
689.42775	0.00003
689.90987	0.00003
690.39199	0.00003
690.87410	0.00003
691.35622	0.00004
691.83834	0.00004
692.32046	0.00004
692.80257	0.00004
693.28469	0.00004
693.76681	0.00004
694.24893	0.00004
694.73104	0.00004
695.21316	0.00003
695.69528	0.00003
696.17740	0.00003
696.65951	0.00003
697.14163	0.00004
697.62375	0.00004
698.10586	0.00004
698.58798	0.00005
699.07010	0.00005
699.55222	0.00005
700.03433	0.00005
700.51645	0.00004
700.99857	0.00004
701.48069	0.00003
701.96280	0.00002
702.44492	0.00001
702.92704	0.00000
703.40915	0.00000
703.89127	0.00001
704.37339	0.00002
704.85551	0.00002
705.33762	0.00003
705.81974	0.00003
706.30186	0.00004
706.78398	0.00005
707.26609	0.00005
707.74821	0.00006
708.23033	0.00006
708.71245	0.00006
709.19456	0.00006
709.67668	0.00005
710.15880	0.00005
710.64091	0.00004
711.12303	0.00004
711.60515	0.00003
712.08727	0.00003
712.56938	0.00003
713.05150	0.00003
713.53362	0.00003
714.01574	0.00003
714.49785	0.00002
714.97997	0.00002
715.46209	0.00002
715.94420	0.00001
716.42632	0.00001
716.90844	0.00001
717.39056	0.00001
717.87267	0.00001
718.35479	0.00001
718.83691	0.00001
719.31903	0.00001
719.80114	0.00001
720.28326	0.00002
720.76538	0.00002
721.24750	0.00002
721.72961	0.00003
722.21173	0.00003
722.69385	0.00004
723.17596	0.00004
723.65808	0.00005
724.14020	0.00005
724.62232	0.00006
725.10443	0.00006
725.58655	0.00007
726.06867	0.00007
726.55079	0.00007
727.03290	0.00008
727.51502	0.00008
727.99714	0.00008
728.47925	0.00008
728.96137	0.00008
729.44349	0.00007
729.92561	0.00007
730.40772	0.00006
730.88984	0.00006
731.37196	0.00005
731.85408	0.00004
732.33619	0.00003
732.81831	0.00003
733.30043	0.00002
733.78255	0.00001
734.26466	0.00001
734.74678	0.00001
735.22890	0.00001
735.71101	0.00001
736.19313	0.00001
736.67525	0.00001
737.15737	0.00001
737.63948	0.00001
738.12160	0.00001
738.60372	0.00002
739.08584	0.00002
739.56795	0.00002
740.05007	0.00002
740.53219	0.00002
741.01430	0.00002
741.49642	0.00003
741.97854	0.00003
742.46066	0.00003
742.94277	0.00004
743.42489	0.00004
743.90701	0.00004
744.38913	0.00005
744.87124	0.00005
745.35336	0.00005
745.83548	0.00004
746.31760	0.00004
746.79971	0.00003
747.28183	0.00003
747.76395	0.00002
748.24606	0.00002
748.72818	0.00002
749.21030	0.00003
749.69242	0.00003
750.17453	0.00003
750.65665	0.00003
751.13877	0.00003
751.62089	0.00003
752.10300	0.00003
752.58512	0.00003
753.06724	0.00002
753.54935	0.00002
754.03147	0.00002
754.51359	0.00002
754.99571	0.00002
755.47782	0.00002
755.95994	0.00002
756.44206	0.00002
756.92418	0.00002
757.40629	0.00002
757.88841	0.00001
758.37053	0.00001
758.85265	0.00001
759.33476	0.00001
759.81688	0.00001
760.29900	0.00001
760.78111	0.00001
761.26323	0.00001
761.74535	0.00001
762.22747	0.00001
762.70958	0.00001
763.19170	0.00001
763.67382	0.00001
764.15594	0.00001
764.63805	0.00000
765.12017	-0.00000
765.60229	0.00000
766.08440	0.00001
766.56652	0.00001
767.04864	0.00002
767.53076	0.00002
768.01287	0.00003
768.49499	0.00003
768.97711	0.00003
769.45923	0.00002
769.94134	0.00001
770.42346	0.00000
770.90558	0.00000
771.38770	0.00001
771.86981	0.00002
772.35193	0.00003
772.83405	0.00004
773.31616	0.00005
773.79828	0.00005
774.28040	0.00005
774.76252	0.00005
775.24463	0.00005
775.72675	0.00005
776.20887	0.00004
776.69099	0.00004
777.17310	0.00003
777.65522	0.00003
778.13734	0.00003
778.61945	0.00002
779.10157	0.00001
779.58369	0.00001
780.06581	0.00000
780.54792	0.00000
781.03004	0.00001
781.51216	0.00002
781.99428	0.00002
782.47639	0.00003
782.95851	0.00003
783.44063	0.00003
783.92275	0.00002
784.40486	0.00002
784.88698	0.00001
785.36910	0.00001
785.85121	0.00001
786.33333	0.00002
786.81545	0.00002
787.29757	0.00003
787.77968	0.00003
788.26180	0.00003
788.74392	0.00003
789.22604	0.00003
789.70815	0.00003
790.19027	0.00003
790.67239	0.00003
791.15451	0.00003
791.63662	0.00003
792.11874	0.00003
792.60086	0.00002
793.08297	0.00002
793.56509	0.00001
794.04721	0.00001
794.52933	0.00001
795.01144	0.00002
795.49356	0.00002
795.97568	0.00003
796.45780	0.00003
796.93991	0.00004
797.42203	0.00004
797.90415	0.00003
798.38626	0.00003
798.86838	0.00003
799.35050	0.00002
799.83262	0.00002
800.31473	0.00002
800.79685	0.00002
801.27897	0.00002
801.76109	0.00003
802.24320	0.00003
802.72532	0.00003
803.20744	0.00003
803.68956	0.00003
804.17167	0.00003
804.65379	0.00004
805.13591	0.00004
805.61802	0.00005
806.10014	0.00005
806.58226	0.00005
807.06438	0.00005
807.54649	0.00005
808.02861	0.00005
808.51073	0.00005
808.99285	0.00005
809.47496	0.00005
809.95708	0.00004
810.43920	0.00004
810.92131	0.00003
811.40343	0.00003
811.88555	0.00002
812.36767	0.00001
812.84978	0.00001
813.33190	0.00000
813.81402	0.00000
814.29614	0.00001
814.77825	0.00001
815.26037	0.00001
815.74249	0.00001
816.22461	0.00001
816.70672	0.00001
817.18884	0.00002
817.67096	0.00002
818.15307	0.00003
818.63519	0.00003
819.11731	0.00004
819.59943	0.00004
820.08154	0.00004
820.56366	0.00005
821.04578	0.00005
821.52790	0.00005
822.01001	0.00005
822.49213	0.00005
822.97425	0.00006
823.45636	0.00006
823.93848	0.00005
824.42060	0.00005
824.90272	0.00005
825.38483	0.00005
825.86695	0.00005
826.34907	0.00004
826.83119	0.00004
827.31330	0.00004
827.79542	0.00003
828.27754	0.00003
828.75966	0.00002
829.24177	0.00002
829.72389	0.00002
830.20601	0.00001
830.68812	0.00002
831.17024	0.00002
831.65236	0.00002
832.13448	0.00002
832.61659	0.00003
833.09871	0.00003
833.58083	0.00003
834.06295	0.00003
834.54506	0.00003
835.02718	0.00003
835.50930	0.00003
835.99141	0.00003
836.47353	0.00003
836.95565	0.00003
837.43777	0.00003
837.91988	0.00003
838.40200	0.00003
838.88412	0.00003
839.36624	0.00004
839.84835	0.00004
840.33047	0.00004
840.81259	0.00004
841.29471	0.00003
841.77682	0.00003
842.25894	0.00003
842.74106	0.00003
843.22317	0.00003
843.70529	0.00003
844.18741	0.00003
844.66953	0.00003
845.15164	0.00003
845.63376	0.00003
846.11588	0.00003
846.59800	0.00003
847.08011	0.00003
847.56223	0.00002
848.04435	0.00002
848.52646	0.00002
849.00858	0.00002
849.49070	0.00002
849.97282	0.00001
850.45493	0.00001
850.93705	0.00001
851.41917	0.00001
851.90129	0.00002
852.38340	0.00002
852.86552	0.00002
853.34764	0.00002
853.82976	0.00002
854.31187	0.00002
854.79399	0.00001
855.27611	0.00001
855.75822	0.00001
856.24034	0.00002
856.72246	0.00002
857.20458	0.00003
857.68669	0.00003
858.16881	0.00004
858.65093	0.00004
859.13305	0.00004
859.61516	0.00004
860.09728	0.00004
860.57940	0.00003
861.06151	0.00003
861.54363	0.00003
862.02575	0.00003
862.50787	0.00003
862.98998	0.00004
863.47210	0.00004
863.95422	0.00005
864.43634	0.00005
864.91845	0.00005
865.40057	0.00005
865.88269	0.00005
866.36481	0.00004
866.84692	0.00003
867.32904	0.00003
867.81116	0.00002
868.29327	0.00002
868.77539	0.00002
869.25751	0.00002
869.73963	0.00002
870.22174	0.00001
870.70386	0.00001
871.18598	0.00001
871.66810	0.00001
872.15021	0.00001
872.63233	0.00001
873.11445	0.00002
873.59656	0.00002
874.07868	0.00003
874.56080	0.00003
875.04292	0.00004
875.52503	0.00005
876.00715	0.00006
876.48927	0.00006
876.97139	0.00006
877.45350	0.00006
877.93562	0.00006
878.41774	0.00005
878.89986	0.00005
879.38197	0.00004
879.86409	0.00003
880.34621	0.00002
880.82832	0.00001
881.31044	0.00001
881.79256	0.00001
882.27468	0.00001
882.75679	0.00001
883.23891	0.00001
883.72103	0.00001
884.20315	0.00001
884.68526	0.00001
885.16738	0.00001
885.64950	0.00001
886.13161	0.00001
886.61373	0.00002
887.09585	0.00002
887.57797	0.00002
888.06008	0.00002
888.54220	0.00002
889.02432	0.00002
889.50644	0.00002
889.98855	0.00002
890.47067	0.00002
890.95279	0.00003
891.43491	0.00004
891.91702	0.00004
892.39914	0.00005
892.88126	0.00005
893.36337	0.00005
893.84549	0.00005
894.32761	0.00005
894.80973	0.00005
895.29184	0.00004
895.77396	0.00004
896.25608	0.00003
896.73820	0.00002
897.22031	0.00002
897.70243	0.00002
898.18455	0.00002
898.66667	0.00002
899.14878	0.00002
899.63090	0.00002
900.11302	0.00002
900.59513	0.00002
901.07725	0.00002
901.55937	0.00002
902.04149	0.00001
902.52360	0.00000
903.00572	-0.00000
903.48784	0.00000
903.96996	0.00001
904.45207	0.00003
904.93419	0.00003
905.41631	0.00004
905.89842	0.00004
906.38054	0.00004
906.86266	0.00005
907.34478	0.00005
907.82689	0.00005
908.30901	0.00005
908.79113	0.00004
909.27325	0.00004
909.75536	0.00003
910.23748	0.00003
910.71960	0.00002
911.20172	0.00002
911.68383	0.00002
912.16595	0.00002
912.64807	0.00002
913.13018	0.00002
913.61230	0.00002
914.09442	0.00002
914.57654	0.00002
915.05865	0.00001
915.54077	0.00001
916.02289	0.00000
916.50501	0.00001
916.98712	0.00001
917.46924	0.00001
917.95136	0.00002
918.43347	0.00002
918.91559	0.00002
919.39771	0.00001
919.87983	0.00002
920.36194	0.00002
920.84406	0.00002
921.32618	0.00003
921.80830	0.00003
922.29041	0.00003
922.77253	0.00004
923.25465	0.00004
923.73677	0.00004
924.21888	0.00004
924.70100	0.00004
925.18312	0.00004
925.66523	0.00005
926.14735	0.00005
926.62947	0.00005
927.11159	0.00005
927.59370	0.00005
928.07582	0.00005
928.55794	0.00005
929.04006	0.00004
929.52217	0.00004
930.00429	0.00003
930.48641	0.00002
930.96852	0.00001
931.45064	0.00001
931.93276	0.00001
932.41488	0.00001
932.89699	0.00001
933.37911	0.00001
933.86123	0.00001
934.34335	0.00001
934.82546	0.00000
935.30758	0.00000
935.78970	-0.00000
936.27182	0.00000
936.75393	0.00001
937.23605	0.00002
937.71817	0.00002
938.20028	0.00003
938.68240	0.00003
939.16452	0.00003
939.64664	0.00003
940.12875	0.00003
940.61087	0.00003
941.09299	0.00003
941.57511	0.00003
942.05722	0.00003
942.53934	0.00003
943.02146	0.00003
943.50357	0.00003
943.98569	0.00003
944.46781	0.00002
944.94993	0.00001
945.43204	0.00001
945.91416	0.00001
946.39628	0.00001
946.87840	0.00002
947.36051	0.00003
947.84263	0.00003
948.32475	0.00003
948.80687	0.00003
949.28898	0.00003
949.77110	0.00002
950.25322	0.00002
950.73533	0.00002
951.21745	0.00002
951.69957	0.00002
952.18169	0.00003
952.66380	0.00004
953.14592	0.00004
953.62804	0.00005
954.11016	0.00006
954.59227	0.00006
955.07439	0.00007
955.55651	0.00007
956.03862	0.00007
956.52074	0.00007
957.00286	0.00007
957.48498	0.00007
957.96709	0.00006
958.44921	0.00006
958.93133	0.00006
959.41345	0.00005
959.89556	0.00005
960.37768	0.00004
960.85980	0.00004
961.34192	0.00003
961.82403	0.00003
962.30615	0.00002
962.78827	0.00001
963.27038	0.00001
963.75250	0.00001
964.23462	0.00002
964.71674	0.00004
965.19885	0.00005
965.68097	0.00006
966.16309	0.00006
966.64521	0.00007
967.12732	0.00007
967.60944	0.00006
968.09156	0.00006
968.57367	0.00005
969.05579	0.00004
969.53791	0.00003
970.02003	0.00003
970.50214	0.00002
970.98426	0.00002
971.46638	0.00001
971.94850	0.00001
972.43061	0.00001
972.91273	0.00001
973.39485	0.00001
973.87697	0.00001
974.35908	0.00002
974.84120	0.00002
975.32332	0.00003
975.80543	0.00003
976.28755	0.00003
976.76967	0.00004
977.25179	0.00004
977.73390	0.00004
978.21602	0.00004
978.69814	0.00004
979.18026	0.00004
979.66237	0.00004
980.14449	0.00005
980.62661	0.00005
981.10872	0.00004
981.59084	0.00004
982.07296	0.00004
982.55508	0.00004
983.03719	0.00004
983.51931	0.00004
984.00143	0.00004
984.48355	0.00004
984.96566	0.00004
985.44778	0.00004
985.92990	0.00004
986.41202	0.00004
986.89413	0.00003
987.37625	0.00003
987.85837	0.00002
988.34048	0.00001
988.82260	0.00001
989.30472	0.00000
989.78684	0.00001
990.26895	0.00001
990.75107	0.00001
991.23319	0.00001
991.71531	0.00002
992.19742	0.00002
992.67954	0.00002
993.16166	0.00002
993.64378	0.00003
994.12589	0.00003
994.60801	0.00003
995.09013	0.00004
995.57224	0.00003
996.05436	0.00003
996.53648	0.00002
997.01860	0.00002
997.50071	0.00001
997.98283	0.00001
998.46495	0.00001
998.94707	0.00002
999.42918	0.00003
