0.00000	0.00241
0.48212	0.00240
0.96423	0.00239
1.44635	0.00234
1.92847	0.00224
2.41059	0.00209
2.89270	0.00188
3.37482	0.00163
3.85694	0.00136
4.33906	0.00111
4.82117	0.00088
5.30329	0.00069
5.78541	0.00054
6.26753	0.00045
6.74964	0.00040
7.23176	0.00037
7.71388	0.00036
8.19599	0.00035
8.67811	0.00035
9.16023	0.00034
9.64235	0.00032
10.12446	0.00030
10.60658	0.00028
11.08870	0.00026
11.57082	0.00023
12.05293	0.00020
12.53505	0.00017
13.01717	0.00013
13.49928	0.00009
13.98140	0.00006
14.46352	0.00010
14.94564	0.00020
15.42775	0.00035
15.90987	0.00050
16.39199	0.00068
16.87411	0.00090
17.35622	0.00116
17.83834	0.00147
18.32046	0.00183
18.80258	0.00224
19.28469	0.00271
19.76681	0.00322
20.24893	0.00378
20.73104	0.00438
21.21316	0.00502
21.69528	0.00569
22.17740	0.00637
22.65951	0.00708
23.14163	0.00780
23.62375	0.00853
24.10587	0.00927
24.58798	0.01004
25.07010	0.01084
25.55222	0.01169
26.03433	0.01258
26.51645	0.01353
26.99857	0.01453
27.48069	0.01559
27.96280	0.01670
28.44492	0.01786
28.92704	0.01904
29.40916	0.02024
29.89127	0.02146
30.37339	0.02270
30.85551	0.02394
31.33763	0.02520
31.81974	0.02650
32.30186	0.02785
32.78398	0.02930
33.26609	0.03090
33.74821	0.03271
34.23033	0.03478
34.71245	0.03718
35.19456	0.03993
35.67668	0.04307
36.15880	0.04656
36.64092	0.05036
37.12303	0.05437
37.60515	0.05850
38.08727	0.06263
38.56938	0.06667
39.05150	0.07054
39.53362	0.07423
40.01574	0.07775
40.49785	0.08114
40.97997	0.08449
41.46209	0.08785
41.94421	0.09125
42.42632	0.09468
42.90844	0.09807
43.39056	0.10129
43.87268	0.10421
44.35479	0.10667
44.83691	0.10858
45.31903	0.10992
45.80114	0.11077
46.28326	0.11137
46.76538	0.11201
47.24750	0.11308
47.72961	0.11500
48.21173	0.11813
48.69385	0.12271
49.17597	0.12885
49.65808	0.13647
50.14020	0.14533
50.62232	0.15504
51.10443	0.16513
51.58655	0.17516
52.06867	0.18475
52.55079	0.19365
53.03290	0.20181
53.51502	0.20935
53.99714	0.21657
54.47926	0.22383
54.96137	0.23156
55.44349	0.24010
55.92561	0.24969
56.40773	0.26040
56.88984	0.27211
57.37196	0.28454
57.85408	0.29729
58.33619	0.30988
58.81831	0.32185
59.30043	0.33280
59.78255	0.34248
60.26466	0.35077
60.74678	0.35772
61.22890	0.36351
61.71102	0.36843
62.19313	0.37281
62.67525	0.37696
63.15737	0.38111
63.63948	0.38539
64.12160	0.38977
64.60372	0.39409
65.08584	0.39806
65.56795	0.40131
66.05007	0.40346
66.53219	0.40416
67.01431	0.40318
67.49642	0.40048
67.97854	0.39620
68.46066	0.39067
68.94278	0.38443
69.42489	0.37811
69.90701	0.37240
70.38913	0.36793
70.87124	0.36515
71.35336	0.36434
71.83548	0.36546
72.31760	0.36826
72.79971	0.37226
73.28183	0.37687
73.76395	0.38151
74.24607	0.38576
74.72818	0.38942
75.21030	0.39258
75.69242	0.39567
76.17453	0.39931
76.65665	0.40428
77.13877	0.41130
77.62089	0.42091
78.10300	0.43330
78.58512	0.44829
79.06724	0.46531
79.54936	0.48346
80.03147	0.50172
80.51359	0.51904
80.99571	0.53460
81.47783	0.54793
81.95994	0.55898
82.44206	0.56816
82.92418	0.57621
83.40629	0.58412
83.88841	0.59288
84.37053	0.60335
84.85265	0.61608
85.33476	0.63120
85.81688	0.64842
86.29900	0.66703
86.78112	0.68604
87.26323	0.70433
87.74535	0.72083
88.22747	0.73467
88.70958	0.74534
89.19170	0.75274
89.67382	0.75724
90.15594	0.75957
90.63805	0.76075
91.12017	0.76192
91.60229	0.76414
92.08441	0.76823
92.56652	0.77464
93.04864	0.78336
93.53076	0.79391
94.01288	0.80541
94.49499	0.81671
94.97711	0.82659
95.45923	0.83394
95.94134	0.83797
96.42346	0.83835
96.90558	0.83526
97.38770	0.82939
97.86981	0.82186
98.35193	0.81400
98.83405	0.80717
99.31617	0.80254
99.79828	0.80092
100.28040	0.80260
100.76252	0.80733
101.24464	0.81438
101.72675	0.82265
102.20887	0.83083
102.69099	0.83764
103.17310	0.84202
103.65522	0.84330
104.13734	0.84126
104.61946	0.83623
105.10157	0.82897
105.58369	0.82055
106.06581	0.81224
106.54793	0.80526
107.03004	0.80065
107.51216	0.79904
107.99428	0.80066
108.47639	0.80519
108.95851	0.81191
109.44063	0.81973
109.92275	0.82741
110.40486	0.83374
110.88698	0.83771
111.36910	0.83870
111.85122	0.83659
112.33333	0.83174
112.81545	0.82496
113.29757	0.81737
113.77969	0.81020
114.26180	0.80455
114.74392	0.80123
115.22604	0.80057
115.70815	0.80241
116.19027	0.80606
116.67239	0.81047
117.15451	0.81439
117.63662	0.81662
118.11874	0.81618
118.60086	0.81252
119.08298	0.80559
119.56509	0.79587
120.04721	0.78428
120.52933	0.77201
121.01144	0.76037
121.49356	0.75051
121.97568	0.74333
122.45780	0.73928
122.93991	0.73833
123.42203	0.74002
123.90415	0.74347
124.38627	0.74759
124.86838	0.75124
125.35050	0.75335
125.83262	0.75316
126.31474	0.75023
126.79685	0.74458
127.27897	0.73661
127.76109	0.72703
128.24320	0.71676
128.72532	0.70675
129.20744	0.69784
129.68956	0.69060
130.17167	0.68529
130.65379	0.68176
131.13591	0.67956
131.61803	0.67797
132.10014	0.67614
132.58226	0.67328
133.06438	0.66875
133.54649	0.66217
134.02861	0.65354
134.51073	0.64315
134.99285	0.63159
135.47496	0.61965
135.95708	0.60812
136.43920	0.59774
136.92132	0.58907
137.40343	0.58237
137.88555	0.57762
138.36767	0.57453
138.84979	0.57257
139.33190	0.57111
139.81402	0.56951
140.29614	0.56721
140.77825	0.56386
141.26037	0.55932
141.74249	0.55372
142.22461	0.54739
142.70672	0.54082
143.18884	0.53456
143.67096	0.52913
144.15308	0.52491
144.63519	0.52210
145.11731	0.52068
145.59943	0.52040
146.08154	0.52082
146.56366	0.52141
147.04578	0.52163
147.52790	0.52098
148.01001	0.51913
148.49213	0.51593
148.97425	0.51146
149.45637	0.50598
149.93848	0.49989
150.42060	0.49365
150.90272	0.48771
151.38484	0.48242
151.86695	0.47798
152.34907	0.47441
152.83119	0.47155
153.31330	0.46909
153.79542	0.46665
154.27754	0.46382
154.75966	0.46023
155.24177	0.45562
155.72389	0.44991
156.20601	0.44313
156.68813	0.43550
157.17024	0.42735
157.65236	0.41905
158.13448	0.41100
158.61659	0.40355
159.09871	0.39695
159.58083	0.39134
160.06295	0.38673
160.54506	0.38301
161.02718	0.37999
161.50930	0.37743
161.99142	0.37510
162.47353	0.37279
162.95565	0.37039
163.43777	0.36786
163.91989	0.36526
164.40200	0.36271
164.88412	0.36039
165.36624	0.35847
165.84835	0.35713
166.33047	0.35644
166.81259	0.35641
167.29471	0.35696
167.77682	0.35794
168.25894	0.35911
168.74106	0.36025
169.22318	0.36111
169.70529	0.36152
170.18741	0.36135
170.66953	0.36057
171.15164	0.35920
171.63376	0.35737
172.11588	0.35519
172.59800	0.35284
173.08011	0.35044
173.56223	0.34808
174.04435	0.34581
174.52647	0.34361
175.00858	0.34143
175.49070	0.33918
175.97282	0.33677
176.45494	0.33410
176.93705	0.33115
177.41917	0.32790
177.90129	0.32441
178.38340	0.32078
178.86552	0.31713
179.34764	0.31360
179.82976	0.31030
180.31187	0.30733
180.79399	0.30474
181.27611	0.30253
181.75823	0.30065
182.24034	0.29901
182.72246	0.29750
183.20458	0.29601
183.68669	0.29445
184.16881	0.29276
184.65093	0.29091
185.13305	0.28892
185.61516	0.28684
186.09728	0.28473
186.57940	0.28268
187.06152	0.28076
187.54363	0.27900
188.02575	0.27743
188.50787	0.27602
188.98999	0.27471
189.47210	0.27342
189.95422	0.27206
190.43634	0.27053
190.91845	0.26877
191.40057	0.26673
191.88269	0.26441
192.36481	0.26185
192.84692	0.25912
193.32904	0.25630
193.81116	0.25349
194.29328	0.25079
194.77539	0.24824
195.25751	0.24589
195.73963	0.24373
196.22174	0.24173
196.70386	0.23982
197.18598	0.23794
197.66810	0.23600
198.15021	0.23396
198.63233	0.23179
199.11445	0.22950
199.59657	0.22712
200.07868	0.22471
200.56080	0.22234
201.04292	0.22009
201.52504	0.21801
202.00715	0.21613
202.48927	0.21445
202.97139	0.21292
203.45350	0.21149
203.93562	0.21008
204.41774	0.20858
204.89986	0.20692
205.38197	0.20505
205.86409	0.20293
206.34621	0.20059
206.82833	0.19807
207.31044	0.19544
207.79256	0.19278
208.27468	0.19019
208.75680	0.18773
209.23891	0.18546
209.72103	0.18338
210.20315	0.18150
210.68526	0.17976
211.16738	0.17812
211.64950	0.17652
212.13162	0.17490
212.61373	0.17324
213.09585	0.17152
213.57797	0.16976
214.06009	0.16800
214.54220	0.16629
215.02432	0.16466
215.50644	0.16318
215.98855	0.16186
216.47067	0.16069
216.95279	0.15966
217.43491	0.15871
217.91702	0.15780
218.39914	0.15685
218.88126	0.15580
219.36338	0.15463
219.84549	0.15332
220.32761	0.15188
220.80973	0.15036
221.29185	0.14879
221.77396	0.14725
222.25608	0.14579
222.73820	0.14445
223.22031	0.14327
223.70243	0.14225
224.18455	0.14136
224.66667	0.14058
225.14878	0.13985
225.63090	0.13912
226.11302	0.13835
226.59514	0.13750
227.07725	0.13657
227.55937	0.13556
228.04149	0.13448
228.52360	0.13337
229.00572	0.13226
229.48784	0.13120
229.96996	0.13022
230.45207	0.12933
230.93419	0.12856
231.41631	0.12788
231.89843	0.12727
232.38054	0.12670
232.86266	0.12613
233.34478	0.12551
233.82690	0.12480
234.30901	0.12397
234.79113	0.12301
235.27325	0.12193
235.75536	0.12074
236.23748	0.11948
236.71960	0.11818
237.20172	0.11689
237.68383	0.11565
238.16595	0.11448
238.64807	0.11338
239.13019	0.11234
239.61230	0.11135
240.09442	0.11036
240.57654	0.10933
241.05865	0.10822
241.54077	0.10698
242.02289	0.10560
242.50501	0.10408
242.98712	0.10243
243.46924	0.10068
243.95136	0.09887
244.43348	0.09705
244.91559	0.09527
245.39771	0.09355
245.87983	0.09193
246.36195	0.09039
246.84406	0.08893
247.32618	0.08753
247.80830	0.08615
248.29041	0.08476
248.77253	0.08334
249.25465	0.08186
249.73677	0.08032
250.21888	0.07874
250.70100	0.07714
251.18312	0.07555
251.66524	0.07401
252.14735	0.07253
252.62947	0.07115
253.11159	0.06986
253.59370	0.06866
254.07582	0.06754
254.55794	0.06646
255.04006	0.06540
255.52217	0.06432
256.00429	0.06321
256.48641	0.06204
256.96853	0.06082
257.45064	0.05956
257.93276	0.05827
258.41488	0.05698
258.89700	0.05571
259.37911	0.05447
259.86123	0.05328
260.34335	0.05215
260.82546	0.05107
261.30758	0.05004
261.78970	0.04904
262.27182	0.04805
262.75393	0.04705
263.23605	0.04604
263.71817	0.04500
264.20029	0.04393
264.68240	0.04284
265.16452	0.04173
265.64664	0.04061
266.12875	0.03950
266.61087	0.03840
267.09299	0.03733
267.57511	0.03630
268.05722	0.03530
268.53934	0.03434
269.02146	0.03341
269.50358	0.03252
269.98569	0.03164
270.46781	0.03078
270.94993	0.02993
271.43205	0.02908
271.91416	0.02825
272.39628	0.02742
272.87840	0.02661
273.36051	0.02583
273.84263	0.02508
274.32475	0.02437
274.80687	0.02371
275.28898	0.02310
275.77110	0.02253
276.25322	0.02202
276.73534	0.02155
277.21745	0.02111
277.69957	0.02070
278.18169	0.02031
278.66380	0.01993
279.14592	0.01957
279.62804	0.01921
280.11016	0.01886
280.59227	0.01853
281.07439	0.01820
281.55651	0.01789
282.03863	0.01759
282.52074	0.01731
283.00286	0.01705
283.48498	0.01680
283.96710	0.01656
284.44921	0.01632
284.93133	0.01607
285.41345	0.01581
285.89556	0.01554
286.37768	0.01525
286.85980	0.01494
287.34192	0.01460
287.82403	0.01425
288.30615	0.01389
288.78827	0.01353
289.27039	0.01317
289.75250	0.01281
290.23462	0.01247
290.71674	0.01215
291.19885	0.01183
291.68097	0.01153
292.16309	0.01124
292.64521	0.01094
293.12732	0.01064
293.60944	0.01034
294.09156	0.01003
294.57368	0.00971
295.05579	0.00939
295.53791	0.00908
296.02003	0.00879
296.50215	0.00851
296.98426	0.00826
297.46638	0.00803
297.94850	0.00783
298.43061	0.00765
298.91273	0.00749
299.39485	0.00735
299.87697	0.00720
300.35908	0.00706
300.84120	0.00692
301.32332	0.00678
301.80544	0.00665
302.28755	0.00652
302.76967	0.00639
303.25179	0.00628
303.73391	0.00617
304.21602	0.00608
304.69814	0.00599
305.18026	0.00591
305.66237	0.00582
306.14449	0.00574
306.62661	0.00565
307.10873	0.00556
307.59084	0.00546
308.07296	0.00536
308.55508	0.00526
309.03720	0.00517
309.51931	0.00508
310.00143	0.00498
310.48355	0.00489
310.96566	0.00480
311.44778	0.00470
311.92990	0.00460
312.41202	0.00449
312.89413	0.00438
313.37625	0.00426
313.85837	0.00415
314.34049	0.00403
314.82260	0.00392
315.30472	0.00382
315.78684	0.00372
316.26896	0.00363
316.75107	0.00354
317.23319	0.00345
317.71531	0.00337
318.19742	0.00329
318.67954	0.00321
319.16166	0.00313
319.64378	0.00306
320.12589	0.00300
320.60801	0.00294
321.09013	0.00288
321.57225	0.00283
322.05436	0.00278
322.53648	0.00273
323.01860	0.00268
323.50071	0.00263
323.98283	0.00257
324.46495	0.00252
324.94707	0.00247
325.42918	0.00243
325.91130	0.00239
326.39342	0.00235
326.87554	0.00232
327.35765	0.00230
327.83977	0.00227
328.32189	0.00224
328.80401	0.00221
329.28612	0.00217
329.76824	0.00213
330.25036	0.00209
330.73247	0.00204
331.21459	0.00200
331.69671	0.00197
332.17883	0.00194
332.66094	0.00191
333.14306	0.00189
333.62518	0.00188
334.10730	0.00186
334.58941	0.00185
335.07153	0.00183
335.55365	0.00182
336.03576	0.00181
336.51788	0.00180
337.00000	0.00179
337.48212	0.00180
337.96423	0.00180
338.44635	0.00181
338.92847	0.00182
339.41059	0.00182
339.89270	0.00182
340.37482	0.00180
340.85694	0.00178
341.33906	0.00175
341.82117	0.00172
342.30329	0.00168
342.78541	0.00165
343.26752	0.00162
343.74964	0.00160
344.23176	0.00159
344.71388	0.00158
345.19599	0.00158
345.67811	0.00157
346.16023	0.00157
346.64235	0.00156
347.12446	0.00154
347.60658	0.00153
348.08870	0.00151
348.57081	0.00150
349.05293	0.00148
349.53505	0.00148
350.01717	0.00147
350.49928	0.00146
350.98140	0.00146
351.46352	0.00145
351.94564	0.00144
352.42775	0.00143
352.90987	0.00141
353.39199	0.00140
353.87411	0.00139
354.35622	0.00138
354.83834	0.00137
355.32046	0.00136
355.80257	0.00136
356.28469	0.00136
356.76681	0.00136
357.24893	0.00135
357.73104	0.00135
358.21316	0.00134
358.69528	0.00132
359.17740	0.00131
359.65951	0.00129
360.14163	0.00128
360.62375	0.00127
361.10586	0.00126
361.58798	0.00125
362.07010	0.00125
362.55222	0.00125
363.03433	0.00126
363.51645	0.00126
363.99857	0.00126
364.48069	0.00127
364.96280	0.00127
365.44492	0.00127
365.92704	0.00127
366.40916	0.00127
366.89127	0.00127
367.37339	0.00126
367.85551	0.00126
368.33762	0.00125
368.81974	0.00124
369.30186	0.00124
369.78398	0.00124
370.26609	0.00123
370.74821	0.00123
371.23033	0.00122
371.71245	0.00121
372.19456	0.00120
372.67668	0.00119
373.15880	0.00118
373.64091	0.00117
374.12303	0.00115
374.60515	0.00114
375.08727	0.00114
375.56938	0.00113
376.05150	0.00113
376.53362	0.00113
377.01574	0.00114
377.49785	0.00114
377.97997	0.00114
378.46209	0.00114
378.94421	0.00114
379.42632	0.00113
379.90844	0.00112
380.39056	0.00111
380.87267	0.00109
381.35479	0.00108
381.83691	0.00107
382.31903	0.00106
382.80114	0.00105
383.28326	0.00104
383.76538	0.00104
384.24750	0.00103
384.72961	0.00103
385.21173	0.00103
385.69385	0.00103
386.17596	0.00102
386.65808	0.00102
387.14020	0.00102
387.62232	0.00102
388.10443	0.00101
388.58655	0.00101
389.06867	0.00100
389.55079	0.00100
390.03290	0.00098
390.51502	0.00097
390.99714	0.00095
391.47926	0.00093
391.96137	0.00091
392.44349	0.00090
392.92561	0.00088
393.40772	0.00087
393.88984	0.00086
394.37196	0.00086
394.85408	0.00087
395.33619	0.00087
395.81831	0.00088
396.30043	0.00089
396.78255	0.00090
397.26466	0.00090
397.74678	0.00091
398.22890	0.00092
398.71102	0.00092
399.19313	0.00093
399.67525	0.00093
400.15737	0.00093
400.63948	0.00092
401.12160	0.00091
401.60372	0.00090
402.08584	0.00088
402.56795	0.00087
403.05007	0.00085
403.53219	0.00083
404.01431	0.00082
404.49642	0.00081
404.97854	0.00080
405.46066	0.00079
405.94277	0.00078
406.42489	0.00078
406.90701	0.00078
407.38913	0.00078
407.87124	0.00078
408.35336	0.00078
408.83548	0.00079
409.31760	0.00079
409.79971	0.00080
410.28183	0.00080
410.76395	0.00080
411.24607	0.00080
411.72818	0.00080
412.21030	0.00079
412.69242	0.00078
413.17453	0.00076
413.65665	0.00075
414.13877	0.00073
414.62089	0.00071
415.10300	0.00069
415.58512	0.00068
416.06724	0.00067
416.54936	0.00065
417.03147	0.00065
417.51359	0.00064
417.99571	0.00064
418.47782	0.00063
418.95994	0.00063
419.44206	0.00063
419.92418	0.00063
420.40629	0.00064
420.88841	0.00064
421.37053	0.00064
421.85265	0.00064
422.33476	0.00064
422.81688	0.00064
423.29900	0.00064
423.78112	0.00064
424.26323	0.00064
424.74535	0.00064
425.22747	0.00063
425.70958	0.00063
426.19170	0.00062
426.67382	0.00062
427.15594	0.00061
427.63805	0.00060
428.12017	0.00059
428.60229	0.00058
429.08441	0.00058
429.56652	0.00058
430.04864	0.00058
430.53076	0.00059
431.01287	0.00059
431.49499	0.00060
431.97711	0.00060
432.45923	0.00060
432.94134	0.00060
433.42346	0.00059
433.90558	0.00058
434.38770	0.00057
434.86981	0.00056
435.35193	0.00055
435.83405	0.00053
436.31617	0.00052
436.79828	0.00052
437.28040	0.00051
437.76252	0.00050
438.24463	0.00050
438.72675	0.00049
439.20887	0.00049
439.69099	0.00049
440.17310	0.00049
440.65522	0.00048
441.13734	0.00048
441.61946	0.00048
442.10157	0.00049
442.58369	0.00049
443.06581	0.00050
443.54792	0.00051
444.03004	0.00051
444.51216	0.00052
444.99428	0.00052
445.47639	0.00052
445.95851	0.00052
446.44063	0.00052
446.92275	0.00051
447.40486	0.00051
447.88698	0.00051
448.36910	0.00051
448.85122	0.00051
449.33333	0.00051
449.81545	0.00051
450.29757	0.00051
450.77968	0.00051
451.26180	0.00051
451.74392	0.00051
452.22604	0.00051
452.70815	0.00051
453.19027	0.00051
453.67239	0.00051
454.15451	0.00051
454.63662	0.00050
455.11874	0.00049
455.60086	0.00048
456.08297	0.00047
456.56509	0.00046
457.04721	0.00044
457.52933	0.00043
458.01144	0.00042
458.49356	0.00041
458.97568	0.00040
459.45780	0.00040
459.93991	0.00040
460.42203	0.00040
460.90415	0.00040
461.38627	0.00040
461.86838	0.00040
462.35050	0.00039
462.83262	0.00039
463.31473	0.00039
463.79685	0.00039
464.27897	0.00039
464.76109	0.00039
465.24320	0.00039
465.72532	0.00039
466.20744	0.00039
466.68956	0.00039
467.17167	0.00038
467.65379	0.00038
468.13591	0.00037
468.61802	0.00036
469.10014	0.00036
469.58226	0.00035
470.06438	0.00035
470.54649	0.00035
471.02861	0.00035
471.51073	0.00035
471.99285	0.00036
472.47496	0.00036
472.95708	0.00037
473.43920	0.00037
473.92132	0.00037
474.40343	0.00037
474.88555	0.00037
475.36767	0.00037
475.84978	0.00037
476.33190	0.00036
476.81402	0.00036
477.29614	0.00036
477.77825	0.00035
478.26037	0.00035
478.74249	0.00035
479.22461	0.00035
479.70672	0.00035
480.18884	0.00035
480.67096	0.00035
481.15307	0.00035
481.63519	0.00035
482.11731	0.00035
482.59943	0.00034
483.08154	0.00034
483.56366	0.00033
484.04578	0.00032
484.52790	0.00031
485.01001	0.00030
485.49213	0.00029
485.97425	0.00028
486.45637	0.00027
486.93848	0.00027
487.42060	0.00026
487.90272	0.00026
488.38483	0.00027
488.86695	0.00027
489.34907	0.00028
489.83119	0.00028
490.31330	0.00029
490.79542	0.00029
491.27754	0.00030
491.75966	0.00030
492.24177	0.00030
492.72389	0.00029
493.20601	0.00029
493.68812	0.00029
494.17024	0.00028
494.65236	0.00027
495.13448	0.00027
495.61659	0.00026
496.09871	0.00025
496.58083	0.00024
497.06295	0.00024
497.54506	0.00023
498.02718	0.00022
498.50930	0.00022
498.99142	0.00022
499.47353	0.00021
499.95565	0.00021
500.43777	0.00021
500.91988	0.00022
501.40200	0.00022
501.88412	0.00022
502.36624	0.00023
502.84835	0.00023
503.33047	0.00023
503.81259	0.00023
504.29471	0.00023
504.77682	0.00022
505.25894	0.00022
505.74106	0.00021
506.22318	0.00021
506.70529	0.00021
507.18741	0.00021
507.66953	0.00021
508.15164	0.00021
508.63376	0.00022
509.11588	0.00023
509.59800	0.00023
510.08011	0.00024
510.56223	0.00024
511.04435	0.00024
511.52647	0.00024
512.00858	0.00023
512.49070	0.00022
512.97282	0.00021
513.45493	0.00019
513.93705	0.00018
514.41917	0.00017
514.90129	0.00016
515.38340	0.00016
515.86552	0.00015
516.34764	0.00015
516.82976	0.00016
517.31187	0.00016
517.79399	0.00016
518.27611	0.00016
518.75823	0.00015
519.24034	0.00015
519.72246	0.00014
520.20458	0.00014
520.68669	0.00013
521.16881	0.00013
521.65093	0.00013
522.13305	0.00013
522.61516	0.00013
523.09728	0.00013
523.57940	0.00014
524.06152	0.00014
524.54363	0.00014
525.02575	0.00014
525.50787	0.00015
525.98998	0.00015
526.47210	0.00015
526.95422	0.00014
527.43634	0.00014
527.91845	0.00014
528.40057	0.00014
528.88269	0.00013
529.36481	0.00013
529.84692	0.00013
530.32904	0.00012
530.81116	0.00012
531.29328	0.00012
531.77539	0.00012
532.25751	0.00011
532.73963	0.00011
533.22174	0.00011
533.70386	0.00011
534.18598	0.00012
534.66810	0.00012
535.15021	0.00012
535.63233	0.00012
536.11445	0.00012
536.59657	0.00011
537.07868	0.00011
537.56080	0.00011
538.04292	0.00010
538.52503	0.00010
539.00715	0.00010
539.48927	0.00009
539.97139	0.00009
540.45350	0.00009
540.93562	0.00009
541.41774	0.00009
541.89986	0.00009
542.38197	0.00009
542.86409	0.00009
543.34621	0.00009
543.82833	0.00010
544.31044	0.00010
544.79256	0.00010
545.27468	0.00011
545.75679	0.00011
546.23891	0.00011
546.72103	0.00011
547.20315	0.00011
547.68526	0.00010
548.16738	0.00009
548.64950	0.00008
549.13162	0.00007
549.61373	0.00006
550.09585	0.00005
550.57797	0.00004
551.06008	0.00004
551.54220	0.00004
552.02432	0.00004
552.50644	0.00005
552.98855	0.00006
553.47067	0.00006
553.95279	0.00007
554.43491	0.00008
554.91702	0.00009
555.39914	0.00009
555.88126	0.00009
556.36338	0.00009
556.84549	0.00009
557.32761	0.00009
557.80973	0.00008
558.29184	0.00008
558.77396	0.00008
559.25608	0.00007
559.73820	0.00007
560.22031	0.00007
560.70243	0.00007
561.18455	0.00008
561.66667	0.00008
562.14878	0.00009
562.63090	0.00009
563.11302	0.00009
563.59513	0.00009
564.07725	0.00009
564.55937	0.00009
565.04149	0.00009
565.52360	0.00009
566.00572	0.00008
566.48784	0.00008
566.96996	0.00007
567.45207	0.00007
567.93419	0.00006
568.41631	0.00006
568.89843	0.00006
569.38054	0.00005
569.86266	0.00005
570.34478	0.00004
570.82689	0.00004
571.30901	0.00003
571.79113	0.00003
572.27325	0.00003
572.75536	0.00003
573.23748	0.00002
573.71960	0.00002
574.20172	0.00002
574.68383	0.00002
575.16595	0.00002
575.64807	0.00002
576.13018	0.00002
576.61230	0.00003
577.09442	0.00003
577.57654	0.00003
578.05865	0.00004
578.54077	0.00004
579.02289	0.00004
579.50501	0.00004
579.98712	0.00003
580.46924	0.00003
580.95136	0.00003
581.43348	0.00003
581.91559	0.00003
582.39771	0.00003
582.87983	0.00003
583.36194	0.00003
583.84406	0.00003
584.32618	0.00003
584.80830	0.00003
585.29041	0.00003
585.77253	0.00003
586.25465	0.00002
586.73677	0.00002
587.21888	0.00003
587.70100	0.00003
588.18312	0.00004
588.66523	0.00004
589.14735	0.00005
589.62947	0.00005
590.11159	0.00006
590.59370	0.00006
591.07582	0.00007
591.55794	0.00007
592.04006	0.00007
592.52217	0.00008
593.00429	0.00008
593.48641	0.00008
593.96853	0.00008
594.45064	0.00008
594.93276	0.00007
595.41488	0.00007
595.89699	0.00006
596.37911	0.00006
596.86123	0.00006
597.34335	0.00006
597.82546	0.00006
598.30758	0.00006
598.78970	0.00006
599.27182	0.00006
599.75393	0.00006
600.23605	0.00006
600.71817	0.00007
601.20029	0.00007
601.68240	0.00007
602.16452	0.00007
602.64664	0.00007
603.12875	0.00006
603.61087	0.00006
604.09299	0.00006
604.57511	0.00005
605.05722	0.00004
605.53934	0.00004
606.02146	0.00003
606.50358	0.00003
606.98569	0.00003
607.46781	0.00002
607.94993	0.00002
608.43204	0.00001
608.91416	0.00001
609.39628	0.00001
609.87840	0.00001
610.36051	0.00002
610.84263	0.00003
611.32475	0.00003
611.80687	0.00004
612.28898	0.00004
612.77110	0.00003
613.25322	0.00003
613.73534	0.00001
614.21745	-0.00000
614.69957	-0.00000
615.18169	0.00001
615.66380	0.00001
616.14592	0.00002
616.62804	0.00003
617.11016	0.00003
617.59227	0.00003
618.07439	0.00003
618.55651	0.00003
619.03863	0.00003
619.52074	0.00002
620.00286	0.00002
620.48498	0.00002
620.96709	0.00002
621.44921	0.00002
621.93133	0.00002
622.41345	0.00002
622.89556	0.00003
623.37768	0.00003
623.85980	0.00004
624.34192	0.00004
624.82403	0.00005
625.30615	0.00005
625.78827	0.00005
626.27039	0.00004
626.75250	0.00004
627.23462	0.00003
627.71674	0.00003
628.19885	0.00002
628.68097	0.00002
629.16309	0.00001
629.64521	0.00001
630.12732	0.00002
630.60944	0.00002
631.09156	0.00003
631.57368	0.00003
632.05579	0.00004
632.53791	0.00004
633.02003	0.00005
633.50214	0.00005
633.98426	0.00006
634.46638	0.00006
634.94850	0.00006
635.43061	0.00006
635.91273	0.00006
636.39485	0.00006
636.87697	0.00006
637.35908	0.00006
637.84120	0.00006
638.32332	0.00006
638.80544	0.00006
639.28755	0.00006
639.76967	0.00005
640.25179	0.00005
640.73390	0.00005
641.21602	0.00005
641.69814	0.00005
642.18026	0.00004
642.66237	0.00004
643.14449	0.00004
643.62661	0.00004
644.10873	0.00004
644.59084	0.00003
645.07296	0.00003
645.55508	0.00003
646.03719	0.00003
646.51931	0.00002
647.00143	0.00002
647.48355	0.00002
647.96566	0.00001
648.44778	0.00001
648.92990	0.00000
649.41202	0.00000
649.89413	0.00001
650.37625	0.00002
650.85837	0.00002
651.34049	0.00003
651.82260	0.00003
652.30472	0.00004
652.78684	0.00004
653.26895	0.00004
653.75107	0.00004
654.23319	0.00004
654.71531	0.00004
655.19742	0.00003
655.67954	0.00003
656.16166	0.00002
656.64378	0.00001
657.12589	0.00001
657.60801	0.00001
658.09013	0.00002
658.57224	0.00002
659.05436	0.00002
659.53648	0.00002
660.01860	0.00002
660.50071	0.00001
660.98283	0.00001
661.46495	0.00002
661.94707	0.00002
662.42918	0.00003
662.91130	0.00003
663.39342	0.00004
663.87554	0.00004
664.35765	0.00003
664.83977	0.00003
665.32189	0.00002
665.80400	0.00002
666.28612	0.00001
666.76824	0.00001
667.25036	0.00002
667.73247	0.00002
668.21459	0.00003
668.69671	0.00003
669.17883	0.00003
669.66094	0.00003
670.14306	0.00003
670.62518	0.00002
671.10729	0.00002
671.58941	0.00002
672.07153	0.00002
672.55365	0.00003
673.03576	0.00003
673.51788	0.00003
674.00000	0.00003
674.48212	0.00003
674.96423	0.00002
675.44635	0.00002
675.92847	0.00002
676.41059	0.00001
676.89270	0.00001
677.37482	0.00001
677.85694	0.00001
678.33905	0.00002
678.82117	0.00002
679.30329	0.00002
679.78541	0.00002
680.26752	0.00003
680.74964	0.00003
681.23176	0.00003
681.71388	0.00003
682.19599	0.00003
682.67811	0.00003
683.16023	0.00003
683.64234	0.00002
684.12446	0.00002
684.60658	0.00001
685.08870	0.00001
685.57081	0.00001
686.05293	0.00002
686.53505	0.00002
687.01717	0.00003
687.49928	0.00003
687.98140	0.00003
688.46352	0.00003
688.94564	0.00003
689.42775	0.00003
689.90987	0.00003
690.39199	0.00003
690.87410	0.00004
691.35622	0.00004
691.83834	0.00004
692.32046	0.00004
692.80257	0.00003
693.28469	0.00003
693.76681	0.00002
694.24893	0.00002
694.73104	0.00001
695.21316	0.00000
695.69528	0.00001
696.17740	0.00001
696.65951	0.00002
697.14163	0.00002
697.62375	0.00002
698.10586	0.00002
698.58798	0.00003
699.07010	0.00003
699.55222	0.00003
700.03433	0.00003
700.51645	0.00003
700.99857	0.00003
701.48069	0.00004
701.96280	0.00004
702.44492	0.00004
702.92704	0.00004
703.40915	0.00004
703.89127	0.00004
704.37339	0.00004
704.85551	0.00004
705.33762	0.00004
705.81974	0.00003
706.30186	0.00002
706.78398	0.00001
707.26609	0.00000
707.74821	0.00001
708.23033	0.00002
708.71245	0.00003
709.19456	0.00004
709.67668	0.00005
710.15880	0.00005
710.64091	0.00006
711.12303	0.00005
711.60515	0.00005
712.08727	0.00005
712.56938	0.00004
713.05150	0.00003
713.53362	0.00003
714.01574	0.00002
714.49785	0.00002
714.97997	0.00002
715.46209	0.00001
715.94420	0.00001
716.42632	0.00001
716.90844	0.00002
717.39056	0.00002
717.87267	0.00003
718.35479	0.00004
718.83691	0.00005
719.31903	0.00006
719.80114	0.00006
720.28326	0.00006
720.76538	0.00006
721.24750	0.00006
721.72961	0.00005
722.21173	0.00005
722.69385	0.00004
723.17596	0.00003
723.65808	0.00002
724.14020	0.00002
724.62232	0.00002
725.10443	0.00003
725.58655	0.00003
726.06867	0.00004
726.55079	0.00004
727.03290	0.00004
727.51502	0.00004
727.99714	0.00004
728.47925	0.00003
728.96137	0.00003
729.44349	0.00003
729.92561	0.00003
730.40772	0.00004
730.88984	0.00004
731.37196	0.00005
731.85408	0.00005
732.33619	0.00005
732.81831	0.00005
733.30043	0.00005
733.78255	0.00004
734.26466	0.00004
734.74678	0.00003
735.22890	0.00002
735.71101	0.00002
736.19313	0.00002
736.67525	0.00002
737.15737	0.00002
737.63948	0.00002
738.12160	0.00002
738.60372	0.00002
739.08584	0.00002
739.56795	0.00001
740.05007	0.00001
740.53219	0.00001
741.01430	0.00002
741.49642	0.00002
741.97854	0.00002
742.46066	0.00002
742.94277	0.00001
743.42489	0.00001
743.90701	0.00001
744.38913	0.00001
744.87124	0.00002
745.35336	0.00003
745.83548	0.00004
746.31760	0.00004
746.79971	0.00004
747.28183	0.00005
747.76395	0.00005
748.24606	0.00005
748.72818	0.00005
749.21030	0.00006
749.69242	0.00006
750.17453	0.00005
750.65665	0.00005
751.13877	0.00004
751.62089	0.00003
752.10300	0.00002
752.58512	0.00002
753.06724	0.00002
753.54935	0.00003
754.03147	0.00004
754.51359	0.00004
754.99571	0.00005
755.47782	0.00005
755.95994	0.00005
756.44206	0.00004
756.92418	0.00004
757.40629	0.00003
757.88841	0.00003
758.37053	0.00002
758.85265	0.00002
759.33476	0.00001
759.81688	0.00001
760.29900	0.00001
760.78111	0.00001
761.26323	0.00001
761.74535	0.00001
762.22747	0.00001
762.70958	0.00001
763.19170	0.00000
763.67382	0.00001
764.15594	0.00001
764.63805	0.00001
765.12017	0.00002
765.60229	0.00003
766.08440	0.00003
766.56652	0.00004
767.04864	0.00004
767.53076	0.00004
768.01287	0.00004
768.49499	0.00004
768.97711	0.00004
769.45923	0.00003
769.94134	0.00002
770.42346	0.00002
770.90558	0.00001
771.38770	0.00000
771.86981	0.00000
772.35193	0.00001
772.83405	0.00001
773.31616	0.00002
773.79828	0.00002
774.28040	0.00003
774.76252	0.00003
775.24463	0.00003
775.72675	0.00003
776.20887	0.00003
776.69099	0.00003
777.17310	0.00003
777.65522	0.00003
778.13734	0.00002
778.61945	0.00002
779.10157	0.00001
779.58369	0.00001
780.06581	0.00001
780.54792	0.00001
781.03004	0.00001
781.51216	0.00001
781.99428	0.00001
782.47639	0.00001
782.95851	0.00000
783.44063	0.00001
783.92275	0.00001
784.40486	0.00001
784.88698	0.00001
785.36910	0.00002
785.85121	0.00002
786.33333	0.00002
786.81545	0.00003
787.29757	0.00003
787.77968	0.00003
788.26180	0.00003
788.74392	0.00003
789.22604	0.00003
789.70815	0.00003
790.19027	0.00002
790.67239	0.00002
791.15451	0.00002
791.63662	0.00002
792.11874	0.00002
792.60086	0.00002
793.08297	0.00003
793.56509	0.00003
794.04721	0.00003
794.52933	0.00003
795.01144	0.00003
795.49356	0.00003
795.97568	0.00003
796.45780	0.00003
796.93991	0.00003
797.42203	0.00003
797.90415	0.00003
798.38626	0.00003
798.86838	0.00003
799.35050	0.00003
799.83262	0.00003
800.31473	0.00003
800.79685	0.00002
801.27897	0.00002
801.76109	0.00002
802.24320	0.00001
802.72532	0.00000
803.20744	0.00000
803.68956	0.00001
804.17167	0.00002
804.65379	0.00003
805.13591	0.00003
805.61802	0.00003
806.10014	0.00003
806.58226	0.00003
807.06438	0.00002
807.54649	0.00002
808.02861	0.00001
808.51073	0.00001
808.99285	0.00001
809.47496	0.00001
809.95708	0.00001
810.43920	0.00001
810.92131	0.00001
811.40343	0.00001
811.88555	0.00002
812.36767	0.00002
812.84978	0.00002
813.33190	0.00002
813.81402	0.00002
814.29614	0.00002
814.77825	0.00002
815.26037	0.00002
815.74249	0.00003
816.22461	0.00003
816.70672	0.00003
817.18884	0.00004
817.67096	0.00004
818.15307	0.00005
818.63519	0.00005
819.11731	0.00005
819.59943	0.00005
820.08154	0.00005
820.56366	0.00006
821.04578	0.00006
821.52790	0.00005
822.01001	0.00005
822.49213	0.00005
822.97425	0.00005
823.45636	0.00004
823.93848	0.00004
824.42060	0.00003
824.90272	0.00002
825.38483	0.00002
825.86695	0.00001
826.34907	0.00001
826.83119	0.00001
827.31330	0.00000
827.79542	0.00000
828.27754	0.00001
828.75966	0.00001
829.24177	0.00001
829.72389	0.00001
830.20601	0.00001
830.68812	0.00001
831.17024	0.00002
831.65236	0.00002
832.13448	0.00003
832.61659	0.00004
833.09871	0.00004
833.58083	0.00004
834.06295	0.00004
834.54506	0.00004
835.02718	0.00004
835.50930	0.00003
835.99141	0.00003
836.47353	0.00003
836.95565	0.00003
837.43777	0.00004
837.91988	0.00004
838.40200	0.00004
838.88412	0.00004
839.36624	0.00004
839.84835	0.00003
840.33047	0.00003
840.81259	0.00003
841.29471	0.00003
841.77682	0.00002
842.25894	0.00002
842.74106	0.00002
843.22317	0.00002
843.70529	0.00001
844.18741	0.00001
844.66953	0.00001
845.15164	0.00001
845.63376	0.00000
846.11588	0.00000
846.59800	0.00000
847.08011	0.00001
847.56223	0.00002
848.04435	0.00002
848.52646	0.00003
849.00858	0.00004
849.49070	0.00004
849.97282	0.00004
850.45493	0.00004
850.93705	0.00003
851.41917	0.00003
851.90129	0.00003
852.38340	0.00002
852.86552	0.00002
853.34764	0.00002
853.82976	0.00002
854.31187	0.00002
854.79399	0.00002
855.27611	0.00002
855.75822	0.00002
856.24034	0.00002
856.72246	0.00002
857.20458	0.00003
857.68669	0.00003
858.16881	0.00003
858.65093	0.00003
859.13305	0.00003
859.61516	0.00004
860.09728	0.00004
860.57940	0.00004
861.06151	0.00004
861.54363	0.00005
862.02575	0.00005
862.50787	0.00005
862.98998	0.00005
863.47210	0.00005
863.95422	0.00005
864.43634	0.00005
864.91845	0.00005
865.40057	0.00005
865.88269	0.00004
866.36481	0.00004
866.84692	0.00004
867.32904	0.00004
867.81116	0.00004
868.29327	0.00004
868.77539	0.00004
869.25751	0.00004
869.73963	0.00005
870.22174	0.00005
870.70386	0.00005
871.18598	0.00005
871.66810	0.00005
872.15021	0.00005
872.63233	0.00005
873.11445	0.00005
873.59656	0.00004
874.07868	0.00004
874.56080	0.00003
875.04292	0.00003
875.52503	0.00003
876.00715	0.00002
876.48927	0.00002
876.97139	0.00002
877.45350	0.00002
877.93562	0.00002
878.41774	0.00002
878.89986	0.00002
879.38197	0.00003
879.86409	0.00003
880.34621	0.00003
880.82832	0.00003
881.31044	0.00003
881.79256	0.00003
882.27468	0.00003
882.75679	0.00002
883.23891	0.00002
883.72103	0.00002
884.20315	0.00002
884.68526	0.00002
885.16738	0.00002
885.64950	0.00002
886.13161	0.00002
886.61373	0.00003
887.09585	0.00003
887.57797	0.00004
888.06008	0.00004
888.54220	0.00004
889.02432	0.00004
889.50644	0.00004
889.98855	0.00003
890.47067	0.00003
890.95279	0.00002
891.43491	0.00002
891.91702	0.00002
892.39914	0.00002
892.88126	0.00003
893.36337	0.00003
893.84549	0.00003
894.32761	0.00003
894.80973	0.00003
895.29184	0.00003
895.77396	0.00002
896.25608	0.00002
896.73820	0.00002
897.22031	0.00002
897.70243	0.00002
898.18455	0.00002
898.66667	0.00002
899.14878	0.00002
899.63090	0.00001
900.11302	0.00001
900.59513	0.00001
901.07725	0.00001
901.55937	0.00001
902.04149	0.00001
902.52360	0.00001
903.00572	0.00001
903.48784	0.00001
903.96996	0.00001
904.45207	0.00002
904.93419	0.00002
905.41631	0.00003
905.89842	0.00003
906.38054	0.00004
906.86266	0.00004
907.34478	0.00005
907.82689	0.00005
908.30901	0.00005
908.79113	0.00005
909.27325	0.00004
909.75536	0.00004
910.23748	0.00003
910.71960	0.00003
911.20172	0.00002
911.68383	0.00002
912.16595	0.00002
912.64807	0.00002
913.13018	0.00003
913.61230	0.00003
914.09442	0.00003
914.57654	0.00003
915.05865	0.00003
915.54077	0.00002
916.02289	0.00001
916.50501	0.00001
916.98712	0.00001
917.46924	0.00002
917.95136	0.00003
918.43347	0.00004
918.91559	0.00004
919.39771	0.00004
919.87983	0.00004
920.36194	0.00003
920.84406	0.00003
921.32618	0.00002
921.80830	0.00002
922.29041	0.00003
922.77253	0.00003
923.25465	0.00003
923.73677	0.00003
924.21888	0.00003
924.70100	0.00003
925.18312	0.00003
925.66523	0.00002
926.14735	0.00002
926.62947	0.00002
927.11159	0.00001
927.59370	0.00001
928.07582	0.00001
928.55794	0.00001
929.04006	0.00001
929.52217	0.00001
930.00429	0.00001
930.48641	0.00001
930.96852	0.00001
931.45064	0.00001
931.93276	0.00001
932.41488	0.00001
932.89699	0.00002
933.37911	0.00002
933.86123	0.00003
934.34335	0.00004
934.82546	0.00004
935.30758	0.00005
935.78970	0.00005
936.27182	0.00006
936.75393	0.00006
937.23605	0.00005
937.71817	0.00005
938.20028	0.00005
938.68240	0.00004
939.16452	0.00004
939.64664	0.00003
940.12875	0.00003
940.61087	0.00003
941.09299	0.00003
941.57511	0.00003
942.05722	0.00003
942.53934	0.00003
943.02146	0.00003
943.50357	0.00003
943.98569	0.00003
944.46781	0.00003
944.94993	0.00003
945.43204	0.00002
945.91416	0.00002
946.39628	0.00003
946.87840	0.00003
947.36051	0.00003
947.84263	0.00003
948.32475	0.00004
948.80687	0.00004
949.28898	0.00004
949.77110	0.00004
950.25322	0.00004
950.73533	0.00003
951.21745	0.00003
951.69957	0.00002
952.18169	0.00002
952.66380	0.00001
953.14592	0.00001
953.62804	0.00001
954.11016	0.00001
954.59227	0.00002
955.07439	0.00002
955.55651	0.00003
956.03862	0.00004
956.52074	0.00005
957.00286	0.00005
957.48498	0.00005
957.96709	0.00005
958.44921	0.00005
958.93133	0.00004
959.41345	0.00003
959.89556	0.00002
960.37768	0.00001
960.85980	0.00000
961.34192	0.00000
961.82403	0.00001
962.30615	0.00002
962.78827	0.00002
963.27038	0.00002
963.75250	0.00002
964.23462	0.00001
964.71674	0.00000
965.19885	0.00000
965.68097	0.00001
966.16309	0.00002
966.64521	0.00002
967.12732	0.00003
967.60944	0.00003
968.09156	0.00003
968.57367	0.00003
969.05579	0.00003
969.53791	0.00003
970.02003	0.00002
970.50214	0.00001
970.98426	0.00000
971.46638	0.00000
971.94850	0.00001
972.43061	0.00002
972.91273	0.00002
973.39485	0.00003
973.87697	0.00003
974.35908	0.00003
974.84120	0.00003
975.32332	0.00003
975.80543	0.00003
976.28755	0.00002
976.76967	0.00002
977.25179	0.00002
977.73390	0.00001
978.21602	0.00001
978.69814	0.00002
979.18026	0.00002
979.66237	0.00002
980.14449	0.00002
980.62661	0.00002
981.10872	0.00002
981.59084	0.00002
982.07296	0.00002
982.55508	0.00002
983.03719	0.00002
983.51931	0.00002
984.00143	0.00002
984.48355	0.00003
984.96566	0.00003
985.44778	0.00003
985.92990	0.00003
986.41202	0.00003
986.89413	0.00003
987.37625	0.00003
987.85837	0.00003
988.34048	0.00003
988.82260	0.00003
989.30472	0.00003
989.78684	0.00003
990.26895	0.00003
990.75107	0.00003
991.23319	0.00003
991.71531	0.00003
992.19742	0.00003
992.67954	0.00003
993.16166	0.00002
993.64378	0.00002
994.12589	0.00001
994.60801	0.00001
995.09013	0.00001
995.57224	0.00001
996.05436	0.00001
996.53648	0.00002
997.01860	0.00002
997.50071	0.00002
997.98283	0.00003
998.46495	0.00003
998.94707	0.00003
999.42918	0.00003
