0.00000	0.00191
0.48212	0.00191
0.96423	0.00189
1.44635	0.00184
1.92847	0.00174
2.41059	0.00161
2.89270	0.00143
3.37482	0.00122
3.85694	0.00100
4.33906	0.00081
4.82117	0.00064
5.30329	0.00051
5.78541	0.00042
6.26753	0.00037
6.74964	0.00036
7.23176	0.00036
7.71388	0.00037
8.19599	0.00038
8.67811	0.00039
9.16023	0.00038
9.64235	0.00037
10.12446	0.00036
10.60658	0.00035
11.08870	0.00033
11.57082	0.00032
12.05293	0.00030
12.53505	0.00028
13.01717	0.00024
13.49928	0.00019
13.98140	0.00011
14.46352	0.00005
14.94564	0.00012
15.42775	0.00028
15.90987	0.00047
16.39199	0.00069
16.87411	0.00094
17.35622	0.00124
17.83834	0.00158
18.32046	0.00196
18.80258	0.00239
19.28469	0.00286
19.76681	0.00337
20.24893	0.00393
20.73104	0.00452
21.21316	0.00515
21.69528	0.00581
22.17740	0.00649
22.65951	0.00718
23.14163	0.00789
23.62375	0.00861
24.10587	0.00934
24.58798	0.01009
25.07010	0.01087
25.55222	0.01168
26.03433	0.01254
26.51645	0.01345
26.99857	0.01441
27.48069	0.01542
27.96280	0.01647
28.44492	0.01757
28.92704	0.01869
29.40916	0.01984
29.89127	0.02101
30.37339	0.02218
30.85551	0.02337
31.33763	0.02458
31.81974	0.02583
32.30186	0.02715
32.78398	0.02856
33.26609	0.03012
33.74821	0.03189
34.23033	0.03391
34.71245	0.03625
35.19456	0.03894
35.67668	0.04199
36.15880	0.04538
36.64092	0.04906
37.12303	0.05295
37.60515	0.05694
38.08727	0.06093
38.56938	0.06483
39.05150	0.06857
39.53362	0.07214
40.01574	0.07554
40.49785	0.07883
40.97997	0.08207
41.46209	0.08533
41.94421	0.08863
42.42632	0.09196
42.90844	0.09524
43.39056	0.09835
43.87268	0.10115
44.35479	0.10350
44.83691	0.10530
45.31903	0.10653
45.80114	0.10730
46.28326	0.10782
46.76538	0.10838
47.24750	0.10937
47.72961	0.11119
48.21173	0.11416
48.69385	0.11854
49.17597	0.12441
49.65808	0.13170
50.14020	0.14016
50.62232	0.14941
51.10443	0.15903
51.58655	0.16858
52.06867	0.17770
52.55079	0.18616
53.03290	0.19392
53.51502	0.20108
53.99714	0.20793
54.47926	0.21481
54.96137	0.22211
55.44349	0.23016
55.92561	0.23919
56.40773	0.24926
56.88984	0.26027
57.37196	0.27196
57.85408	0.28395
58.33619	0.29581
58.81831	0.30708
59.30043	0.31740
59.78255	0.32650
60.26466	0.33427
60.74678	0.34075
61.22890	0.34611
61.71102	0.35061
62.19313	0.35457
62.67525	0.35830
63.15737	0.36203
63.63948	0.36588
64.12160	0.36985
64.60372	0.37378
65.08584	0.37739
65.56795	0.38033
66.05007	0.38223
66.53219	0.38276
67.01431	0.38170
67.49642	0.37899
67.97854	0.37477
68.46066	0.36937
68.94278	0.36328
69.42489	0.35714
69.90701	0.35158
70.38913	0.34718
70.87124	0.34440
71.35336	0.34346
71.83548	0.34434
72.31760	0.34678
72.79971	0.35033
73.28183	0.35443
73.76395	0.35857
74.24607	0.36235
74.72818	0.36559
75.21030	0.36840
75.69242	0.37116
76.17453	0.37447
76.65665	0.37903
77.13877	0.38549
77.62089	0.39433
78.10300	0.40573
78.58512	0.41950
79.06724	0.43509
79.54936	0.45171
80.03147	0.46839
80.51359	0.48418
80.99571	0.49836
81.47783	0.51047
81.95994	0.52049
82.44206	0.52876
82.92418	0.53598
83.40629	0.54303
83.88841	0.55082
84.37053	0.56013
84.85265	0.57148
85.33476	0.58501
85.81688	0.60045
86.29900	0.61719
86.78112	0.63432
87.26323	0.65082
87.74535	0.66569
88.22747	0.67811
88.70958	0.68759
89.19170	0.69402
89.67382	0.69771
90.15594	0.69934
90.63805	0.69986
91.12017	0.70032
91.60229	0.70171
92.08441	0.70484
92.56652	0.71012
93.04864	0.71756
93.53076	0.72670
94.01288	0.73673
94.49499	0.74658
94.97711	0.75510
95.45923	0.76128
95.94134	0.76440
96.42346	0.76414
96.90558	0.76070
97.38770	0.75474
97.86981	0.74725
98.35193	0.73948
98.83405	0.73264
99.31617	0.72781
99.79828	0.72568
100.28040	0.72653
100.76252	0.73011
101.24464	0.73578
101.72675	0.74255
102.20887	0.74925
102.69099	0.75475
103.17310	0.75811
103.65522	0.75871
104.13734	0.75635
104.61946	0.75130
105.10157	0.74422
105.58369	0.73607
106.06581	0.72796
106.54793	0.72100
107.03004	0.71611
107.51216	0.71391
107.99428	0.71458
108.47639	0.71789
108.95851	0.72318
109.44063	0.72949
109.92275	0.73570
110.40486	0.74070
110.88698	0.74360
111.36910	0.74384
111.85122	0.74128
112.33333	0.73627
112.81545	0.72954
113.29757	0.72209
113.77969	0.71501
114.26180	0.70929
114.74392	0.70563
115.22604	0.70432
115.70815	0.70520
116.19027	0.70767
116.67239	0.71078
117.15451	0.71345
117.63662	0.71462
118.11874	0.71346
118.60086	0.70950
119.08298	0.70270
119.56509	0.69349
120.04721	0.68267
120.52933	0.67126
121.01144	0.66038
121.49356	0.65105
121.97568	0.64403
122.45780	0.63972
122.93991	0.63811
123.42203	0.63879
123.90415	0.64104
124.38627	0.64392
124.86838	0.64644
125.35050	0.64768
125.83262	0.64695
126.31474	0.64390
126.79685	0.63849
127.27897	0.63108
127.76109	0.62228
128.24320	0.61288
128.72532	0.60370
129.20744	0.59546
129.68956	0.58869
130.17167	0.58359
130.65379	0.58005
131.13591	0.57767
131.61803	0.57585
132.10014	0.57386
132.58226	0.57101
133.06438	0.56676
133.54649	0.56079
134.02861	0.55309
134.51073	0.54392
134.99285	0.53378
135.47496	0.52331
135.95708	0.51320
136.43920	0.50408
136.92132	0.49640
137.40343	0.49039
137.88555	0.48604
138.36767	0.48310
138.84979	0.48114
139.33190	0.47962
139.81402	0.47800
140.29614	0.47580
140.77825	0.47272
141.26037	0.46863
141.74249	0.46362
142.22461	0.45799
142.70672	0.45212
143.18884	0.44649
143.67096	0.44154
144.15308	0.43759
144.63519	0.43482
145.11731	0.43322
145.59943	0.43257
146.08154	0.43251
146.56366	0.43261
147.04578	0.43239
147.52790	0.43145
148.01001	0.42950
148.49213	0.42643
148.97425	0.42231
149.45637	0.41734
149.93848	0.41186
150.42060	0.40625
150.90272	0.40088
151.38484	0.39604
151.86695	0.39189
152.34907	0.38845
152.83119	0.38560
153.31330	0.38308
153.79542	0.38058
154.27754	0.37777
154.75966	0.37436
155.24177	0.37015
155.72389	0.36505
156.20601	0.35911
156.68813	0.35251
157.17024	0.34550
157.65236	0.33840
158.13448	0.33152
158.61659	0.32516
159.09871	0.31951
159.58083	0.31468
160.06295	0.31067
160.54506	0.30740
161.02718	0.30472
161.50930	0.30241
161.99142	0.30030
162.47353	0.29822
162.95565	0.29606
163.43777	0.29379
163.91989	0.29146
164.40200	0.28917
164.88412	0.28705
165.36624	0.28525
165.84835	0.28388
166.33047	0.28303
166.81259	0.28269
167.29471	0.28281
167.77682	0.28327
168.25894	0.28389
168.74106	0.28450
169.22318	0.28490
169.70529	0.28496
170.18741	0.28457
170.66953	0.28370
171.15164	0.28238
171.63376	0.28068
172.11588	0.27871
172.59800	0.27659
173.08011	0.27441
173.56223	0.27226
174.04435	0.27016
174.52647	0.26813
175.00858	0.26611
175.49070	0.26404
175.97282	0.26184
176.45494	0.25947
176.93705	0.25687
177.41917	0.25405
177.90129	0.25105
178.38340	0.24794
178.86552	0.24482
179.34764	0.24178
179.82976	0.23893
180.31187	0.23633
180.79399	0.23402
181.27611	0.23201
181.75823	0.23026
182.24034	0.22870
182.72246	0.22726
183.20458	0.22584
183.68669	0.22438
184.16881	0.22283
184.65093	0.22116
185.13305	0.21938
185.61516	0.21753
186.09728	0.21566
186.57940	0.21384
187.06152	0.21210
187.54363	0.21050
188.02575	0.20903
188.50787	0.20768
188.98999	0.20642
189.47210	0.20517
189.95422	0.20386
190.43634	0.20244
190.91845	0.20085
191.40057	0.19905
191.88269	0.19704
192.36481	0.19485
192.84692	0.19252
193.32904	0.19013
193.81116	0.18775
194.29328	0.18544
194.77539	0.18326
195.25751	0.18123
195.73963	0.17936
196.22174	0.17763
196.70386	0.17598
197.18598	0.17436
197.66810	0.17272
198.15021	0.17102
198.63233	0.16923
199.11445	0.16735
199.59657	0.16541
200.07868	0.16345
200.56080	0.16152
201.04292	0.15968
201.52504	0.15797
202.00715	0.15642
202.48927	0.15501
202.97139	0.15373
203.45350	0.15252
203.93562	0.15133
204.41774	0.15007
204.89986	0.14870
205.38197	0.14717
205.86409	0.14546
206.34621	0.14359
206.82833	0.14159
207.31044	0.13952
207.79256	0.13744
208.27468	0.13541
208.75680	0.13350
209.23891	0.13172
209.72103	0.13010
210.20315	0.12862
210.68526	0.12725
211.16738	0.12594
211.64950	0.12466
212.13162	0.12337
212.61373	0.12204
213.09585	0.12067
213.57797	0.11928
214.06009	0.11789
214.54220	0.11654
215.02432	0.11527
215.50644	0.11410
215.98855	0.11305
216.47067	0.11211
216.95279	0.11127
217.43491	0.11049
217.91702	0.10972
218.39914	0.10893
218.88126	0.10808
219.36338	0.10714
219.84549	0.10611
220.32761	0.10499
220.80973	0.10382
221.29185	0.10262
221.77396	0.10144
222.25608	0.10032
222.73820	0.09929
223.22031	0.09836
223.70243	0.09754
224.18455	0.09682
224.66667	0.09618
225.14878	0.09557
225.63090	0.09498
226.11302	0.09437
226.59514	0.09372
227.07725	0.09301
227.55937	0.09226
228.04149	0.09147
228.52360	0.09065
229.00572	0.08984
229.48784	0.08905
229.96996	0.08831
230.45207	0.08764
230.93419	0.08702
231.41631	0.08648
231.89843	0.08598
232.38054	0.08551
232.86266	0.08504
233.34478	0.08453
233.82690	0.08398
234.30901	0.08334
234.79113	0.08261
235.27325	0.08180
235.75536	0.08090
236.23748	0.07996
236.71960	0.07898
237.20172	0.07801
237.68383	0.07707
238.16595	0.07617
238.64807	0.07533
239.13019	0.07453
239.61230	0.07377
240.09442	0.07300
240.57654	0.07221
241.05865	0.07137
241.54077	0.07044
242.02289	0.06941
242.50501	0.06829
242.98712	0.06708
243.46924	0.06580
243.95136	0.06450
244.43348	0.06320
244.91559	0.06192
245.39771	0.06070
245.87983	0.05955
246.36195	0.05846
246.84406	0.05743
247.32618	0.05644
247.80830	0.05546
248.29041	0.05447
248.77253	0.05346
249.25465	0.05242
249.73677	0.05134
250.21888	0.05024
250.70100	0.04912
251.18312	0.04802
251.66524	0.04695
252.14735	0.04592
252.62947	0.04496
253.11159	0.04405
253.59370	0.04320
254.07582	0.04239
254.55794	0.04161
255.04006	0.04085
255.52217	0.04007
256.00429	0.03928
256.48641	0.03847
256.96853	0.03763
257.45064	0.03677
257.93276	0.03591
258.41488	0.03505
258.89700	0.03421
259.37911	0.03339
259.86123	0.03260
260.34335	0.03185
260.82546	0.03113
261.30758	0.03043
261.78970	0.02975
262.27182	0.02908
262.75393	0.02840
263.23605	0.02771
263.71817	0.02701
264.20029	0.02629
264.68240	0.02556
265.16452	0.02482
265.64664	0.02408
266.12875	0.02335
266.61087	0.02264
267.09299	0.02195
267.57511	0.02128
268.05722	0.02065
268.53934	0.02004
269.02146	0.01945
269.50358	0.01889
269.98569	0.01834
270.46781	0.01780
270.94993	0.01728
271.43205	0.01675
271.91416	0.01624
272.39628	0.01573
272.87840	0.01523
273.36051	0.01475
273.84263	0.01429
274.32475	0.01385
274.80687	0.01344
275.28898	0.01306
275.77110	0.01271
276.25322	0.01240
276.73534	0.01210
277.21745	0.01183
277.69957	0.01158
278.18169	0.01135
278.66380	0.01112
279.14592	0.01090
279.62804	0.01069
280.11016	0.01048
280.59227	0.01028
281.07439	0.01007
281.55651	0.00988
282.03863	0.00969
282.52074	0.00951
283.00286	0.00934
283.48498	0.00918
283.96710	0.00902
284.44921	0.00888
284.93133	0.00874
285.41345	0.00860
285.89556	0.00845
286.37768	0.00829
286.85980	0.00812
287.34192	0.00793
287.82403	0.00774
288.30615	0.00753
288.78827	0.00733
289.27039	0.00712
289.75250	0.00692
290.23462	0.00673
290.71674	0.00655
291.19885	0.00638
291.68097	0.00622
292.16309	0.00607
292.64521	0.00591
293.12732	0.00575
293.60944	0.00559
294.09156	0.00542
294.57368	0.00525
295.05579	0.00508
295.53791	0.00491
296.02003	0.00475
296.50215	0.00460
296.98426	0.00446
297.46638	0.00434
297.94850	0.00424
298.43061	0.00414
298.91273	0.00405
299.39485	0.00397
299.87697	0.00389
300.35908	0.00381
300.84120	0.00373
301.32332	0.00366
301.80544	0.00359
302.28755	0.00353
302.76967	0.00347
303.25179	0.00343
303.73391	0.00339
304.21602	0.00335
304.69814	0.00332
305.18026	0.00329
305.66237	0.00325
306.14449	0.00320
306.62661	0.00315
307.10873	0.00309
307.59084	0.00303
308.07296	0.00296
308.55508	0.00290
309.03720	0.00284
309.51931	0.00278
310.00143	0.00272
310.48355	0.00267
310.96566	0.00261
311.44778	0.00255
311.92990	0.00250
312.41202	0.00244
312.89413	0.00239
313.37625	0.00233
313.85837	0.00228
314.34049	0.00224
314.82260	0.00219
315.30472	0.00215
315.78684	0.00211
316.26896	0.00207
316.75107	0.00203
317.23319	0.00198
317.71531	0.00194
318.19742	0.00190
318.67954	0.00185
319.16166	0.00181
319.64378	0.00177
320.12589	0.00174
320.60801	0.00170
321.09013	0.00167
321.57225	0.00165
322.05436	0.00162
322.53648	0.00159
323.01860	0.00156
323.50071	0.00154
323.98283	0.00151
324.46495	0.00149
324.94707	0.00148
325.42918	0.00147
325.91130	0.00147
326.39342	0.00147
326.87554	0.00147
327.35765	0.00147
327.83977	0.00147
328.32189	0.00146
328.80401	0.00144
329.28612	0.00143
329.76824	0.00140
330.25036	0.00138
330.73247	0.00137
331.21459	0.00135
331.69671	0.00135
332.17883	0.00134
332.66094	0.00134
333.14306	0.00135
333.62518	0.00135
334.10730	0.00135
334.58941	0.00134
335.07153	0.00133
335.55365	0.00132
336.03576	0.00131
336.51788	0.00129
337.00000	0.00128
337.48212	0.00128
337.96423	0.00127
338.44635	0.00127
338.92847	0.00128
339.41059	0.00128
339.89270	0.00128
340.37482	0.00128
340.85694	0.00128
341.33906	0.00128
341.82117	0.00128
342.30329	0.00127
342.78541	0.00126
343.26752	0.00126
343.74964	0.00125
344.23176	0.00124
344.71388	0.00123
345.19599	0.00122
345.67811	0.00121
346.16023	0.00119
346.64235	0.00117
347.12446	0.00115
347.60658	0.00112
348.08870	0.00111
348.57081	0.00109
349.05293	0.00108
349.53505	0.00107
350.01717	0.00107
350.49928	0.00107
350.98140	0.00108
351.46352	0.00109
351.94564	0.00109
352.42775	0.00110
352.90987	0.00111
353.39199	0.00111
353.87411	0.00111
354.35622	0.00111
354.83834	0.00110
355.32046	0.00110
355.80257	0.00109
356.28469	0.00109
356.76681	0.00109
357.24893	0.00108
357.73104	0.00108
358.21316	0.00107
358.69528	0.00106
359.17740	0.00105
359.65951	0.00104
360.14163	0.00103
360.62375	0.00101
361.10586	0.00100
361.58798	0.00099
362.07010	0.00099
362.55222	0.00098
363.03433	0.00098
363.51645	0.00098
363.99857	0.00098
364.48069	0.00098
364.96280	0.00098
365.44492	0.00098
365.92704	0.00097
366.40916	0.00097
366.89127	0.00096
367.37339	0.00095
367.85551	0.00094
368.33762	0.00092
368.81974	0.00091
369.30186	0.00089
369.78398	0.00088
370.26609	0.00087
370.74821	0.00086
371.23033	0.00085
371.71245	0.00085
372.19456	0.00085
372.67668	0.00084
373.15880	0.00084
373.64091	0.00084
374.12303	0.00084
374.60515	0.00083
375.08727	0.00083
375.56938	0.00082
376.05150	0.00082
376.53362	0.00081
377.01574	0.00081
377.49785	0.00081
377.97997	0.00081
378.46209	0.00081
378.94421	0.00081
379.42632	0.00081
379.90844	0.00081
380.39056	0.00081
380.87267	0.00081
381.35479	0.00081
381.83691	0.00081
382.31903	0.00081
382.80114	0.00081
383.28326	0.00081
383.76538	0.00081
384.24750	0.00081
384.72961	0.00081
385.21173	0.00081
385.69385	0.00080
386.17596	0.00080
386.65808	0.00079
387.14020	0.00077
387.62232	0.00076
388.10443	0.00075
388.58655	0.00073
389.06867	0.00072
389.55079	0.00070
390.03290	0.00069
390.51502	0.00068
390.99714	0.00067
391.47926	0.00067
391.96137	0.00067
392.44349	0.00067
392.92561	0.00067
393.40772	0.00067
393.88984	0.00067
394.37196	0.00067
394.85408	0.00067
395.33619	0.00066
395.81831	0.00066
396.30043	0.00065
396.78255	0.00064
397.26466	0.00064
397.74678	0.00063
398.22890	0.00063
398.71102	0.00063
399.19313	0.00063
399.67525	0.00063
400.15737	0.00063
400.63948	0.00063
401.12160	0.00063
401.60372	0.00063
402.08584	0.00062
402.56795	0.00061
403.05007	0.00060
403.53219	0.00060
404.01431	0.00059
404.49642	0.00058
404.97854	0.00057
405.46066	0.00056
405.94277	0.00055
406.42489	0.00054
406.90701	0.00054
407.38913	0.00053
407.87124	0.00052
408.35336	0.00052
408.83548	0.00052
409.31760	0.00052
409.79971	0.00052
410.28183	0.00053
410.76395	0.00053
411.24607	0.00053
411.72818	0.00054
412.21030	0.00054
412.69242	0.00054
413.17453	0.00054
413.65665	0.00054
414.13877	0.00054
414.62089	0.00054
415.10300	0.00054
415.58512	0.00054
416.06724	0.00054
416.54936	0.00054
417.03147	0.00054
417.51359	0.00054
417.99571	0.00053
418.47782	0.00053
418.95994	0.00052
419.44206	0.00051
419.92418	0.00050
420.40629	0.00049
420.88841	0.00048
421.37053	0.00048
421.85265	0.00047
422.33476	0.00046
422.81688	0.00046
423.29900	0.00046
423.78112	0.00045
424.26323	0.00045
424.74535	0.00045
425.22747	0.00045
425.70958	0.00044
426.19170	0.00044
426.67382	0.00044
427.15594	0.00043
427.63805	0.00043
428.12017	0.00043
428.60229	0.00042
429.08441	0.00042
429.56652	0.00042
430.04864	0.00042
430.53076	0.00042
431.01287	0.00042
431.49499	0.00041
431.97711	0.00041
432.45923	0.00040
432.94134	0.00040
433.42346	0.00039
433.90558	0.00039
434.38770	0.00038
434.86981	0.00038
435.35193	0.00038
435.83405	0.00039
436.31617	0.00039
436.79828	0.00039
437.28040	0.00040
437.76252	0.00040
438.24463	0.00040
438.72675	0.00040
439.20887	0.00040
439.69099	0.00040
440.17310	0.00040
440.65522	0.00040
441.13734	0.00039
441.61946	0.00039
442.10157	0.00038
442.58369	0.00037
443.06581	0.00037
443.54792	0.00036
444.03004	0.00035
444.51216	0.00035
444.99428	0.00035
445.47639	0.00034
445.95851	0.00034
446.44063	0.00034
446.92275	0.00034
447.40486	0.00034
447.88698	0.00034
448.36910	0.00033
448.85122	0.00033
449.33333	0.00032
449.81545	0.00031
450.29757	0.00030
450.77968	0.00030
451.26180	0.00030
451.74392	0.00029
452.22604	0.00029
452.70815	0.00029
453.19027	0.00029
453.67239	0.00029
454.15451	0.00029
454.63662	0.00028
455.11874	0.00028
455.60086	0.00027
456.08297	0.00026
456.56509	0.00026
457.04721	0.00025
457.52933	0.00025
458.01144	0.00025
458.49356	0.00025
458.97568	0.00025
459.45780	0.00025
459.93991	0.00026
460.42203	0.00026
460.90415	0.00026
461.38627	0.00026
461.86838	0.00026
462.35050	0.00026
462.83262	0.00026
463.31473	0.00026
463.79685	0.00026
464.27897	0.00026
464.76109	0.00026
465.24320	0.00026
465.72532	0.00027
466.20744	0.00028
466.68956	0.00028
467.17167	0.00029
467.65379	0.00029
468.13591	0.00030
468.61802	0.00030
469.10014	0.00030
469.58226	0.00029
470.06438	0.00029
470.54649	0.00028
471.02861	0.00027
471.51073	0.00027
471.99285	0.00026
472.47496	0.00025
472.95708	0.00025
473.43920	0.00024
473.92132	0.00024
474.40343	0.00024
474.88555	0.00025
475.36767	0.00025
475.84978	0.00026
476.33190	0.00027
476.81402	0.00027
477.29614	0.00028
477.77825	0.00028
478.26037	0.00029
478.74249	0.00029
479.22461	0.00029
479.70672	0.00028
480.18884	0.00028
480.67096	0.00028
481.15307	0.00027
481.63519	0.00027
482.11731	0.00027
482.59943	0.00027
483.08154	0.00027
483.56366	0.00027
484.04578	0.00027
484.52790	0.00027
485.01001	0.00027
485.49213	0.00027
485.97425	0.00026
486.45637	0.00026
486.93848	0.00025
487.42060	0.00024
487.90272	0.00024
488.38483	0.00023
488.86695	0.00022
489.34907	0.00022
489.83119	0.00021
490.31330	0.00021
490.79542	0.00021
491.27754	0.00022
491.75966	0.00022
492.24177	0.00022
492.72389	0.00023
493.20601	0.00023
493.68812	0.00023
494.17024	0.00023
494.65236	0.00023
495.13448	0.00022
495.61659	0.00021
496.09871	0.00020
496.58083	0.00020
497.06295	0.00019
497.54506	0.00019
498.02718	0.00019
498.50930	0.00019
498.99142	0.00019
499.47353	0.00019
499.95565	0.00019
500.43777	0.00019
500.91988	0.00019
501.40200	0.00019
501.88412	0.00019
502.36624	0.00018
502.84835	0.00018
503.33047	0.00018
503.81259	0.00018
504.29471	0.00018
504.77682	0.00018
505.25894	0.00018
505.74106	0.00018
506.22318	0.00019
506.70529	0.00018
507.18741	0.00018
507.66953	0.00017
508.15164	0.00016
508.63376	0.00015
509.11588	0.00014
509.59800	0.00013
510.08011	0.00012
510.56223	0.00011
511.04435	0.00010
511.52647	0.00009
512.00858	0.00009
512.49070	0.00009
512.97282	0.00008
513.45493	0.00008
513.93705	0.00008
514.41917	0.00009
514.90129	0.00009
515.38340	0.00009
515.86552	0.00010
516.34764	0.00011
516.82976	0.00012
517.31187	0.00012
517.79399	0.00013
518.27611	0.00014
518.75823	0.00014
519.24034	0.00014
519.72246	0.00014
520.20458	0.00014
520.68669	0.00014
521.16881	0.00013
521.65093	0.00012
522.13305	0.00012
522.61516	0.00011
523.09728	0.00010
523.57940	0.00010
524.06152	0.00011
524.54363	0.00011
525.02575	0.00012
525.50787	0.00013
525.98998	0.00014
526.47210	0.00015
526.95422	0.00016
527.43634	0.00017
527.91845	0.00017
528.40057	0.00017
528.88269	0.00016
529.36481	0.00016
529.84692	0.00015
530.32904	0.00013
530.81116	0.00012
531.29328	0.00011
531.77539	0.00010
532.25751	0.00009
532.73963	0.00008
533.22174	0.00008
533.70386	0.00008
534.18598	0.00007
534.66810	0.00007
535.15021	0.00007
535.63233	0.00007
536.11445	0.00007
536.59657	0.00007
537.07868	0.00007
537.56080	0.00007
538.04292	0.00008
538.52503	0.00008
539.00715	0.00008
539.48927	0.00008
539.97139	0.00008
540.45350	0.00007
540.93562	0.00007
541.41774	0.00006
541.89986	0.00006
542.38197	0.00005
542.86409	0.00005
543.34621	0.00005
543.82833	0.00005
544.31044	0.00005
544.79256	0.00005
545.27468	0.00005
545.75679	0.00004
546.23891	0.00004
546.72103	0.00004
547.20315	0.00004
547.68526	0.00004
548.16738	0.00005
548.64950	0.00005
549.13162	0.00006
549.61373	0.00006
550.09585	0.00006
550.57797	0.00007
551.06008	0.00007
551.54220	0.00007
552.02432	0.00007
552.50644	0.00006
552.98855	0.00005
553.47067	0.00005
553.95279	0.00004
554.43491	0.00004
554.91702	0.00004
555.39914	0.00004
555.88126	0.00004
556.36338	0.00004
556.84549	0.00003
557.32761	0.00003
557.80973	0.00002
558.29184	0.00002
558.77396	0.00002
559.25608	0.00002
559.73820	0.00003
560.22031	0.00003
560.70243	0.00004
561.18455	0.00004
561.66667	0.00004
562.14878	0.00004
562.63090	0.00004
563.11302	0.00003
563.59513	0.00003
564.07725	0.00002
564.55937	0.00002
565.04149	0.00002
565.52360	0.00003
566.00572	0.00003
566.48784	0.00004
566.96996	0.00005
567.45207	0.00006
567.93419	0.00007
568.41631	0.00007
568.89843	0.00008
569.38054	0.00008
569.86266	0.00008
570.34478	0.00008
570.82689	0.00007
571.30901	0.00006
571.79113	0.00005
572.27325	0.00004
572.75536	0.00003
573.23748	0.00002
573.71960	0.00001
574.20172	0.00001
574.68383	0.00002
575.16595	0.00003
575.64807	0.00004
576.13018	0.00004
576.61230	0.00004
577.09442	0.00004
577.57654	0.00003
578.05865	0.00003
578.54077	0.00002
579.02289	0.00002
579.50501	0.00001
579.98712	0.00001
580.46924	0.00001
580.95136	0.00001
581.43348	0.00001
581.91559	0.00001
582.39771	0.00002
582.87983	0.00002
583.36194	0.00003
583.84406	0.00003
584.32618	0.00003
584.80830	0.00003
585.29041	0.00003
585.77253	0.00003
586.25465	0.00002
586.73677	0.00002
587.21888	0.00001
587.70100	0.00001
588.18312	0.00002
588.66523	0.00002
589.14735	0.00003
589.62947	0.00004
590.11159	0.00005
590.59370	0.00006
591.07582	0.00006
591.55794	0.00007
592.04006	0.00007
592.52217	0.00006
593.00429	0.00006
593.48641	0.00006
593.96853	0.00005
594.45064	0.00004
594.93276	0.00003
595.41488	0.00003
595.89699	0.00002
596.37911	0.00001
596.86123	0.00000
597.34335	0.00001
597.82546	0.00003
598.30758	0.00004
598.78970	0.00005
599.27182	0.00005
599.75393	0.00006
600.23605	0.00006
600.71817	0.00005
601.20029	0.00005
601.68240	0.00005
602.16452	0.00004
602.64664	0.00004
603.12875	0.00003
603.61087	0.00003
604.09299	0.00003
604.57511	0.00003
605.05722	0.00004
605.53934	0.00004
606.02146	0.00004
606.50358	0.00005
606.98569	0.00005
607.46781	0.00005
607.94993	0.00004
608.43204	0.00004
608.91416	0.00004
609.39628	0.00003
609.87840	0.00003
610.36051	0.00002
610.84263	0.00002
611.32475	0.00002
611.80687	0.00002
612.28898	0.00002
612.77110	0.00002
613.25322	0.00003
613.73534	0.00003
614.21745	0.00003
614.69957	0.00002
615.18169	0.00002
615.66380	0.00002
616.14592	0.00001
616.62804	0.00001
617.11016	0.00000
617.59227	0.00001
618.07439	0.00001
618.55651	0.00001
619.03863	0.00002
619.52074	0.00002
620.00286	0.00003
620.48498	0.00003
620.96709	0.00004
621.44921	0.00004
621.93133	0.00004
622.41345	0.00005
622.89556	0.00005
623.37768	0.00004
623.85980	0.00004
624.34192	0.00003
624.82403	0.00003
625.30615	0.00001
625.78827	0.00000
626.27039	-0.00000
626.75250	0.00000
627.23462	0.00001
627.71674	0.00002
628.19885	0.00002
628.68097	0.00003
629.16309	0.00003
629.64521	0.00003
630.12732	0.00004
630.60944	0.00004
631.09156	0.00004
631.57368	0.00003
632.05579	0.00003
632.53791	0.00003
633.02003	0.00003
633.50214	0.00003
633.98426	0.00003
634.46638	0.00003
634.94850	0.00003
635.43061	0.00003
635.91273	0.00003
636.39485	0.00003
636.87697	0.00002
637.35908	0.00002
637.84120	0.00002
638.32332	0.00002
638.80544	0.00003
639.28755	0.00003
639.76967	0.00003
640.25179	0.00004
640.73390	0.00004
641.21602	0.00004
641.69814	0.00004
642.18026	0.00003
642.66237	0.00003
643.14449	0.00002
643.62661	0.00002
644.10873	0.00002
644.59084	0.00002
645.07296	0.00002
645.55508	0.00002
646.03719	0.00001
646.51931	0.00001
647.00143	0.00001
647.48355	0.00001
647.96566	0.00001
648.44778	0.00002
648.92990	0.00002
649.41202	0.00002
649.89413	0.00002
650.37625	0.00002
650.85837	0.00002
651.34049	0.00002
651.82260	0.00002
652.30472	0.00002
652.78684	0.00002
653.26895	0.00002
653.75107	0.00002
654.23319	0.00002
654.71531	0.00002
655.19742	0.00002
655.67954	0.00003
656.16166	0.00003
656.64378	0.00003
657.12589	0.00004
657.60801	0.00004
658.09013	0.00004
658.57224	0.00004
659.05436	0.00004
659.53648	0.00003
660.01860	0.00003
660.50071	0.00002
660.98283	0.00002
661.46495	0.00001
661.94707	0.00001
662.42918	0.00001
662.91130	0.00001
663.39342	0.00001
663.87554	0.00001
664.35765	0.00002
664.83977	0.00002
665.32189	0.00003
665.80400	0.00003
666.28612	0.00004
666.76824	0.00004
667.25036	0.00005
667.73247	0.00005
668.21459	0.00005
668.69671	0.00005
669.17883	0.00005
669.66094	0.00005
670.14306	0.00005
670.62518	0.00005
671.10729	0.00005
671.58941	0.00005
672.07153	0.00005
672.55365	0.00004
673.03576	0.00004
673.51788	0.00004
674.00000	0.00004
674.48212	0.00004
674.96423	0.00004
675.44635	0.00004
675.92847	0.00004
676.41059	0.00004
676.89270	0.00003
677.37482	0.00003
677.85694	0.00002
678.33905	0.00002
678.82117	0.00001
679.30329	0.00001
679.78541	0.00002
680.26752	0.00003
680.74964	0.00004
681.23176	0.00004
681.71388	0.00005
682.19599	0.00005
682.67811	0.00005
683.16023	0.00005
683.64234	0.00004
684.12446	0.00003
684.60658	0.00003
685.08870	0.00002
685.57081	0.00001
686.05293	0.00001
686.53505	0.00001
687.01717	0.00000
687.49928	-0.00000
687.98140	-0.00000
688.46352	0.00001
688.94564	0.00001
689.42775	0.00002
689.90987	0.00002
690.39199	0.00003
690.87410	0.00003
691.35622	0.00003
691.83834	0.00003
692.32046	0.00003
692.80257	0.00003
693.28469	0.00003
693.76681	0.00003
694.24893	0.00003
694.73104	0.00003
695.21316	0.00003
695.69528	0.00003
696.17740	0.00004
696.65951	0.00004
697.14163	0.00004
697.62375	0.00005
698.10586	0.00005
698.58798	0.00005
699.07010	0.00005
699.55222	0.00004
700.03433	0.00004
700.51645	0.00004
700.99857	0.00003
701.48069	0.00003
701.96280	0.00002
702.44492	0.00002
702.92704	0.00001
703.40915	0.00001
703.89127	0.00002
704.37339	0.00002
704.85551	0.00003
705.33762	0.00003
705.81974	0.00004
706.30186	0.00004
706.78398	0.00005
707.26609	0.00005
707.74821	0.00005
708.23033	0.00005
708.71245	0.00005
709.19456	0.00004
709.67668	0.00004
710.15880	0.00002
710.64091	-0.00000
711.12303	-0.00001
711.60515	0.00000
712.08727	0.00001
712.56938	0.00002
713.05150	0.00002
713.53362	0.00002
714.01574	0.00002
714.49785	0.00002
714.97997	0.00002
715.46209	0.00002
715.94420	0.00003
716.42632	0.00003
716.90844	0.00003
717.39056	0.00003
717.87267	0.00002
718.35479	0.00002
718.83691	0.00002
719.31903	0.00002
719.80114	0.00003
720.28326	0.00003
720.76538	0.00004
721.24750	0.00005
721.72961	0.00006
722.21173	0.00006
722.69385	0.00006
723.17596	0.00006
723.65808	0.00006
724.14020	0.00005
724.62232	0.00004
725.10443	0.00003
725.58655	0.00001
726.06867	0.00001
726.55079	0.00002
727.03290	0.00003
727.51502	0.00005
727.99714	0.00006
728.47925	0.00007
728.96137	0.00007
729.44349	0.00007
729.92561	0.00007
730.40772	0.00007
730.88984	0.00007
731.37196	0.00006
731.85408	0.00006
732.33619	0.00005
732.81831	0.00005
733.30043	0.00005
733.78255	0.00004
734.26466	0.00004
734.74678	0.00004
735.22890	0.00004
735.71101	0.00004
736.19313	0.00004
736.67525	0.00004
737.15737	0.00004
737.63948	0.00003
738.12160	0.00004
738.60372	0.00004
739.08584	0.00003
739.56795	0.00003
740.05007	0.00003
740.53219	0.00002
741.01430	0.00002
741.49642	0.00001
741.97854	0.00001
742.46066	0.00002
742.94277	0.00002
743.42489	0.00002
743.90701	0.00002
744.38913	0.00002
744.87124	0.00002
745.35336	0.00002
745.83548	0.00001
746.31760	0.00001
746.79971	0.00001
747.28183	0.00001
747.76395	0.00001
748.24606	0.00001
748.72818	0.00002
749.21030	0.00002
749.69242	0.00002
750.17453	0.00002
750.65665	0.00003
751.13877	0.00003
751.62089	0.00003
752.10300	0.00003
752.58512	0.00003
753.06724	0.00003
753.54935	0.00003
754.03147	0.00003
754.51359	0.00002
754.99571	0.00002
755.47782	0.00001
755.95994	0.00000
756.44206	-0.00000
756.92418	0.00000
757.40629	0.00001
757.88841	0.00002
758.37053	0.00002
758.85265	0.00002
759.33476	0.00002
759.81688	0.00003
760.29900	0.00003
760.78111	0.00003
761.26323	0.00004
761.74535	0.00004
762.22747	0.00005
762.70958	0.00005
763.19170	0.00005
763.67382	0.00005
764.15594	0.00005
764.63805	0.00004
765.12017	0.00004
765.60229	0.00004
766.08440	0.00004
766.56652	0.00004
767.04864	0.00004
767.53076	0.00004
768.01287	0.00004
768.49499	0.00004
768.97711	0.00004
769.45923	0.00004
769.94134	0.00004
770.42346	0.00003
770.90558	0.00003
771.38770	0.00003
771.86981	0.00003
772.35193	0.00002
772.83405	0.00002
773.31616	0.00002
773.79828	0.00002
774.28040	0.00002
774.76252	0.00002
775.24463	0.00002
775.72675	0.00002
776.20887	0.00002
776.69099	0.00002
777.17310	0.00002
777.65522	0.00002
778.13734	0.00002
778.61945	0.00002
779.10157	0.00002
779.58369	0.00002
780.06581	0.00002
780.54792	0.00003
781.03004	0.00003
781.51216	0.00003
781.99428	0.00003
782.47639	0.00004
782.95851	0.00004
783.44063	0.00003
783.92275	0.00003
784.40486	0.00002
784.88698	0.00002
785.36910	0.00001
785.85121	0.00002
786.33333	0.00003
786.81545	0.00004
787.29757	0.00005
787.77968	0.00006
788.26180	0.00006
788.74392	0.00007
789.22604	0.00007
789.70815	0.00008
790.19027	0.00008
790.67239	0.00008
791.15451	0.00008
791.63662	0.00008
792.11874	0.00007
792.60086	0.00007
793.08297	0.00007
793.56509	0.00006
794.04721	0.00005
794.52933	0.00005
795.01144	0.00004
795.49356	0.00003
795.97568	0.00003
796.45780	0.00002
796.93991	0.00001
797.42203	0.00001
797.90415	0.00001
798.38626	0.00000
798.86838	0.00000
799.35050	0.00000
799.83262	0.00001
800.31473	0.00001
800.79685	0.00001
801.27897	0.00001
801.76109	0.00001
802.24320	0.00001
802.72532	0.00001
803.20744	0.00001
803.68956	0.00001
804.17167	0.00001
804.65379	0.00001
805.13591	0.00001
805.61802	0.00002
806.10014	0.00002
806.58226	0.00003
807.06438	0.00003
807.54649	0.00003
808.02861	0.00003
808.51073	0.00003
808.99285	0.00003
809.47496	0.00003
809.95708	0.00003
810.43920	0.00003
810.92131	0.00003
811.40343	0.00003
811.88555	0.00004
812.36767	0.00004
812.84978	0.00004
813.33190	0.00003
813.81402	0.00003
814.29614	0.00003
814.77825	0.00003
815.26037	0.00003
815.74249	0.00003
816.22461	0.00003
816.70672	0.00003
817.18884	0.00003
817.67096	0.00002
818.15307	0.00002
818.63519	0.00002
819.11731	0.00002
819.59943	0.00001
820.08154	0.00001
820.56366	0.00001
821.04578	0.00000
821.52790	0.00000
822.01001	0.00000
822.49213	0.00000
822.97425	0.00001
823.45636	0.00001
823.93848	0.00001
824.42060	0.00001
824.90272	0.00002
825.38483	0.00002
825.86695	0.00002
826.34907	0.00003
826.83119	0.00003
827.31330	0.00004
827.79542	0.00004
828.27754	0.00005
828.75966	0.00005
829.24177	0.00005
829.72389	0.00005
830.20601	0.00004
830.68812	0.00004
831.17024	0.00003
831.65236	0.00002
832.13448	0.00002
832.61659	0.00002
833.09871	0.00002
833.58083	0.00002
834.06295	0.00003
834.54506	0.00003
835.02718	0.00003
835.50930	0.00004
835.99141	0.00004
836.47353	0.00003
836.95565	0.00003
837.43777	0.00001
837.91988	-0.00000
838.40200	-0.00001
838.88412	0.00000
839.36624	0.00001
839.84835	0.00001
840.33047	0.00002
840.81259	0.00002
841.29471	0.00002
841.77682	0.00001
842.25894	0.00001
842.74106	0.00001
843.22317	0.00001
843.70529	0.00001
844.18741	0.00002
844.66953	0.00002
845.15164	0.00003
845.63376	0.00003
846.11588	0.00002
846.59800	0.00002
847.08011	0.00001
847.56223	0.00001
848.04435	0.00001
848.52646	0.00001
849.00858	0.00002
849.49070	0.00002
849.97282	0.00002
850.45493	0.00002
850.93705	0.00002
851.41917	0.00002
851.90129	0.00002
852.38340	0.00002
852.86552	0.00002
853.34764	0.00002
853.82976	0.00003
854.31187	0.00003
854.79399	0.00003
855.27611	0.00003
855.75822	0.00003
856.24034	0.00003
856.72246	0.00003
857.20458	0.00003
857.68669	0.00003
858.16881	0.00002
858.65093	0.00002
859.13305	0.00002
859.61516	0.00002
860.09728	0.00003
860.57940	0.00003
861.06151	0.00003
861.54363	0.00003
862.02575	0.00003
862.50787	0.00002
862.98998	0.00002
863.47210	0.00001
863.95422	0.00001
864.43634	0.00001
864.91845	0.00001
865.40057	0.00002
865.88269	0.00002
866.36481	0.00003
866.84692	0.00003
867.32904	0.00004
867.81116	0.00004
868.29327	0.00004
868.77539	0.00004
869.25751	0.00004
869.73963	0.00004
870.22174	0.00004
870.70386	0.00004
871.18598	0.00004
871.66810	0.00004
872.15021	0.00004
872.63233	0.00004
873.11445	0.00004
873.59656	0.00003
874.07868	0.00003
874.56080	0.00002
875.04292	0.00002
875.52503	0.00001
876.00715	0.00001
876.48927	0.00001
876.97139	0.00002
877.45350	0.00002
877.93562	0.00002
878.41774	0.00002
878.89986	0.00002
879.38197	0.00003
879.86409	0.00003
880.34621	0.00003
880.82832	0.00003
881.31044	0.00003
881.79256	0.00002
882.27468	0.00002
882.75679	0.00002
883.23891	0.00002
883.72103	0.00001
884.20315	0.00001
884.68526	0.00001
885.16738	0.00001
885.64950	0.00001
886.13161	0.00002
886.61373	0.00003
887.09585	0.00004
887.57797	0.00004
888.06008	0.00005
888.54220	0.00006
889.02432	0.00006
889.50644	0.00006
889.98855	0.00006
890.47067	0.00006
890.95279	0.00005
891.43491	0.00005
891.91702	0.00004
892.39914	0.00004
892.88126	0.00004
893.36337	0.00003
893.84549	0.00003
894.32761	0.00003
894.80973	0.00004
895.29184	0.00004
895.77396	0.00004
896.25608	0.00004
896.73820	0.00004
897.22031	0.00004
897.70243	0.00004
898.18455	0.00004
898.66667	0.00004
899.14878	0.00004
899.63090	0.00004
900.11302	0.00004
900.59513	0.00004
901.07725	0.00005
901.55937	0.00005
902.04149	0.00005
902.52360	0.00005
903.00572	0.00005
903.48784	0.00005
903.96996	0.00005
904.45207	0.00005
904.93419	0.00005
905.41631	0.00005
905.89842	0.00005
906.38054	0.00005
906.86266	0.00005
907.34478	0.00005
907.82689	0.00005
908.30901	0.00005
908.79113	0.00004
909.27325	0.00004
909.75536	0.00004
910.23748	0.00004
910.71960	0.00003
911.20172	0.00003
911.68383	0.00003
912.16595	0.00002
912.64807	0.00002
913.13018	0.00002
913.61230	0.00001
914.09442	0.00001
914.57654	0.00002
915.05865	0.00002
915.54077	0.00002
916.02289	0.00003
916.50501	0.00003
916.98712	0.00003
917.46924	0.00003
917.95136	0.00003
918.43347	0.00002
918.91559	0.00002
919.39771	0.00001
919.87983	0.00001
920.36194	0.00001
920.84406	0.00001
921.32618	0.00002
921.80830	0.00002
922.29041	0.00002
922.77253	0.00002
923.25465	0.00003
923.73677	0.00003
924.21888	0.00003
924.70100	0.00003
925.18312	0.00003
925.66523	0.00002
926.14735	0.00002
926.62947	0.00001
927.11159	0.00000
927.59370	0.00000
928.07582	0.00000
928.55794	0.00001
929.04006	0.00001
929.52217	0.00002
930.00429	0.00002
930.48641	0.00002
930.96852	0.00002
931.45064	0.00003
931.93276	0.00003
932.41488	0.00003
932.89699	0.00004
933.37911	0.00004
933.86123	0.00004
934.34335	0.00004
934.82546	0.00004
935.30758	0.00004
935.78970	0.00003
936.27182	0.00003
936.75393	0.00002
937.23605	0.00002
937.71817	0.00002
938.20028	0.00002
938.68240	0.00001
939.16452	0.00001
939.64664	0.00001
940.12875	0.00001
940.61087	0.00001
941.09299	0.00001
941.57511	0.00001
942.05722	0.00001
942.53934	0.00002
943.02146	0.00003
943.50357	0.00003
943.98569	0.00004
944.46781	0.00005
944.94993	0.00006
945.43204	0.00006
945.91416	0.00007
946.39628	0.00007
946.87840	0.00007
947.36051	0.00007
947.84263	0.00006
948.32475	0.00006
948.80687	0.00005
949.28898	0.00004
949.77110	0.00004
950.25322	0.00003
950.73533	0.00003
951.21745	0.00003
951.69957	0.00003
952.18169	0.00004
952.66380	0.00004
953.14592	0.00004
953.62804	0.00004
954.11016	0.00004
954.59227	0.00004
955.07439	0.00005
955.55651	0.00005
956.03862	0.00005
956.52074	0.00005
957.00286	0.00005
957.48498	0.00004
957.96709	0.00004
958.44921	0.00003
958.93133	0.00003
959.41345	0.00002
959.89556	0.00002
960.37768	0.00002
960.85980	0.00002
961.34192	0.00002
961.82403	0.00002
962.30615	0.00001
962.78827	0.00001
963.27038	0.00001
963.75250	0.00001
964.23462	0.00001
964.71674	0.00002
965.19885	0.00002
965.68097	0.00003
966.16309	0.00003
966.64521	0.00004
967.12732	0.00004
967.60944	0.00004
968.09156	0.00004
968.57367	0.00004
969.05579	0.00004
969.53791	0.00004
970.02003	0.00003
970.50214	0.00003
970.98426	0.00003
971.46638	0.00003
971.94850	0.00002
972.43061	0.00001
972.91273	0.00000
973.39485	0.00000
973.87697	0.00001
974.35908	0.00002
974.84120	0.00003
975.32332	0.00004
975.80543	0.00004
976.28755	0.00005
976.76967	0.00006
977.25179	0.00006
977.73390	0.00006
978.21602	0.00006
978.69814	0.00005
979.18026	0.00005
979.66237	0.00004
980.14449	0.00003
980.62661	0.00003
981.10872	0.00002
981.59084	0.00002
982.07296	0.00001
982.55508	0.00000
983.03719	0.00000
983.51931	0.00000
984.00143	0.00001
984.48355	0.00001
984.96566	0.00001
985.44778	0.00001
985.92990	0.00002
986.41202	0.00001
986.89413	0.00001
987.37625	0.00001
987.85837	0.00001
988.34048	0.00001
988.82260	0.00001
989.30472	0.00001
989.78684	0.00001
990.26895	0.00002
990.75107	0.00002
991.23319	0.00002
991.71531	0.00003
992.19742	0.00003
992.67954	0.00004
993.16166	0.00004
993.64378	0.00004
994.12589	0.00004
994.60801	0.00005
995.09013	0.00005
995.57224	0.00005
996.05436	0.00005
996.53648	0.00004
997.01860	0.00004
997.50071	0.00003
997.98283	0.00003
998.46495	0.00002
998.94707	0.00001
999.42918	0.00001
