0.00000	0.00209
0.48212	0.00208
0.96423	0.00208
1.44635	0.00204
1.92847	0.00196
2.41059	0.00184
2.89270	0.00166
3.37482	0.00144
3.85694	0.00121
4.33906	0.00100
4.82117	0.00080
5.30329	0.00063
5.78541	0.00051
6.26753	0.00044
6.74964	0.00040
7.23176	0.00039
7.71388	0.00039
8.19599	0.00040
8.67811	0.00040
9.16023	0.00041
9.64235	0.00041
10.12446	0.00041
10.60658	0.00040
11.08870	0.00040
11.57082	0.00039
12.05293	0.00038
12.53505	0.00036
13.01717	0.00032
13.49928	0.00026
13.98140	0.00013
14.46352	0.00001
14.94564	0.00004
15.42775	0.00019
15.90987	0.00036
16.39199	0.00056
16.87411	0.00080
17.35622	0.00107
17.83834	0.00139
18.32046	0.00176
18.80258	0.00217
19.28469	0.00264
19.76681	0.00316
20.24893	0.00373
20.73104	0.00434
21.21316	0.00498
21.69528	0.00565
22.17740	0.00634
22.65951	0.00705
23.14163	0.00777
23.62375	0.00850
24.10587	0.00925
24.58798	0.01002
25.07010	0.01082
25.55222	0.01165
26.03433	0.01253
26.51645	0.01346
26.99857	0.01444
27.48069	0.01547
27.96280	0.01655
28.44492	0.01767
28.92704	0.01882
29.40916	0.01999
29.89127	0.02118
30.37339	0.02238
30.85551	0.02360
31.33763	0.02483
31.81974	0.02610
32.30186	0.02743
32.78398	0.02886
33.26609	0.03043
33.74821	0.03220
34.23033	0.03423
34.71245	0.03659
35.19456	0.03931
35.67668	0.04239
36.15880	0.04583
36.64092	0.04957
37.12303	0.05352
37.60515	0.05758
38.08727	0.06164
38.56938	0.06561
39.05150	0.06941
39.53362	0.07303
40.01574	0.07649
40.49785	0.07983
40.97997	0.08313
41.46209	0.08644
41.94421	0.08979
42.42632	0.09317
42.90844	0.09651
43.39056	0.09967
43.87268	0.10252
44.35479	0.10492
44.83691	0.10675
45.31903	0.10802
45.80114	0.10881
46.28326	0.10934
46.76538	0.10992
47.24750	0.11093
47.72961	0.11277
48.21173	0.11580
48.69385	0.12026
49.17597	0.12624
49.65808	0.13367
50.14020	0.14229
50.62232	0.15174
51.10443	0.16157
51.58655	0.17132
52.06867	0.18063
52.55079	0.18928
53.03290	0.19720
53.51502	0.20452
53.99714	0.21152
54.47926	0.21855
54.96137	0.22603
55.44349	0.23428
55.92561	0.24355
56.40773	0.25389
56.88984	0.26520
57.37196	0.27721
57.85408	0.28953
58.33619	0.30170
58.81831	0.31328
59.30043	0.32388
59.78255	0.33323
60.26466	0.34123
60.74678	0.34792
61.22890	0.35346
61.71102	0.35815
62.19313	0.36230
62.67525	0.36621
63.15737	0.37012
63.63948	0.37417
64.12160	0.37832
64.60372	0.38242
65.08584	0.38618
65.56795	0.38926
66.05007	0.39125
66.53219	0.39184
67.01431	0.39080
67.49642	0.38807
67.97854	0.38380
68.46066	0.37832
68.94278	0.37216
69.42489	0.36593
69.90701	0.36031
70.38913	0.35589
70.87124	0.35313
71.35336	0.35226
71.83548	0.35326
72.31760	0.35588
72.79971	0.35963
73.28183	0.36397
73.76395	0.36833
74.24607	0.37231
74.72818	0.37572
75.21030	0.37867
75.69242	0.38156
76.17453	0.38500
76.65665	0.38972
77.13877	0.39641
77.62089	0.40557
78.10300	0.41738
78.58512	0.43167
79.06724	0.44786
79.54936	0.46512
80.03147	0.48246
80.51359	0.49889
80.99571	0.51364
81.47783	0.52626
81.95994	0.53671
82.44206	0.54536
82.92418	0.55293
83.40629	0.56033
83.88841	0.56853
84.37053	0.57832
84.85265	0.59025
85.33476	0.60444
85.81688	0.62062
86.29900	0.63813
86.78112	0.65604
87.26323	0.67329
87.74535	0.68883
88.22747	0.70185
88.70958	0.71182
89.19170	0.71866
89.67382	0.72269
90.15594	0.72462
90.63805	0.72542
91.12017	0.72617
91.60229	0.72791
92.08441	0.73144
92.56652	0.73719
93.04864	0.74517
93.53076	0.75491
94.01288	0.76556
94.49499	0.77602
94.97711	0.78512
95.45923	0.79180
95.94134	0.79531
96.42346	0.79532
96.90558	0.79204
97.38770	0.78612
97.86981	0.77862
98.35193	0.77081
98.83405	0.76399
99.31617	0.75925
99.79828	0.75735
100.28040	0.75856
100.76252	0.76264
101.24464	0.76890
101.72675	0.77630
102.20887	0.78363
102.69099	0.78968
103.17310	0.79346
103.65522	0.79434
104.13734	0.79211
104.61946	0.78707
105.10157	0.77990
105.58369	0.77163
106.06581	0.76344
106.54793	0.75647
107.03004	0.75169
107.51216	0.74973
107.99428	0.75079
108.47639	0.75461
108.95851	0.76050
109.44063	0.76744
109.92275	0.77427
110.40486	0.77984
110.88698	0.78320
111.36910	0.78375
111.85122	0.78139
112.33333	0.77645
112.81545	0.76969
113.29757	0.76218
113.77969	0.75506
114.26180	0.74937
114.74392	0.74585
115.22604	0.74481
115.70815	0.74610
116.19027	0.74906
116.67239	0.75271
117.15451	0.75591
117.63662	0.75752
118.11874	0.75665
118.60086	0.75280
119.08298	0.74593
119.56509	0.73649
120.04721	0.72533
120.52933	0.71355
121.01144	0.70234
121.49356	0.69277
121.97568	0.68567
122.45780	0.68145
122.93991	0.68010
123.42203	0.68119
123.90415	0.68393
124.38627	0.68732
124.86838	0.69029
125.35050	0.69188
125.83262	0.69136
126.31474	0.68834
126.79685	0.68282
127.27897	0.67515
127.76109	0.66601
128.24320	0.65622
128.72532	0.64668
129.20744	0.63814
129.68956	0.63116
130.17167	0.62596
130.65379	0.62242
131.13591	0.62011
131.61803	0.61838
132.10014	0.61646
132.58226	0.61360
133.06438	0.60922
133.54649	0.60300
134.02861	0.59489
134.51073	0.58520
134.99285	0.57445
135.47496	0.56335
135.95708	0.55263
136.43920	0.54297
136.92132	0.53487
137.40343	0.52856
137.88555	0.52405
138.36767	0.52105
138.84979	0.51909
139.33190	0.51761
139.81402	0.51601
140.29614	0.51379
140.77825	0.51061
141.26037	0.50635
141.74249	0.50111
142.22461	0.49519
142.70672	0.48904
143.18884	0.48315
143.67096	0.47800
144.15308	0.47394
144.63519	0.47115
145.11731	0.46962
145.59943	0.46911
146.08154	0.46925
146.56366	0.46955
147.04578	0.46950
147.52790	0.46867
148.01001	0.46675
148.49213	0.46362
148.97425	0.45933
149.45637	0.45413
149.93848	0.44838
150.42060	0.44250
150.90272	0.43688
151.38484	0.43185
151.86695	0.42757
152.34907	0.42408
152.83119	0.42122
153.31330	0.41873
153.79542	0.41626
154.27754	0.41344
154.75966	0.40995
155.24177	0.40557
155.72389	0.40021
156.20601	0.39391
156.68813	0.38686
157.17024	0.37935
157.65236	0.37173
158.13448	0.36434
158.61659	0.35749
159.09871	0.35141
159.58083	0.34623
160.06295	0.34195
160.54506	0.33847
161.02718	0.33563
161.50930	0.33322
161.99142	0.33102
162.47353	0.32885
162.95565	0.32659
163.43777	0.32423
163.91989	0.32180
164.40200	0.31941
164.88412	0.31722
165.36624	0.31538
165.84835	0.31403
166.33047	0.31325
166.81259	0.31304
167.29471	0.31334
167.77682	0.31401
168.25894	0.31485
168.74106	0.31567
169.22318	0.31625
169.70529	0.31644
170.18741	0.31612
170.66953	0.31527
171.15164	0.31392
171.63376	0.31215
172.11588	0.31008
172.59800	0.30784
173.08011	0.30555
173.56223	0.30330
174.04435	0.30111
174.52647	0.29899
175.00858	0.29689
175.49070	0.29473
175.97282	0.29244
176.45494	0.28994
176.93705	0.28719
177.41917	0.28420
177.90129	0.28100
178.38340	0.27768
178.86552	0.27434
179.34764	0.27110
179.82976	0.26806
180.31187	0.26531
180.79399	0.26288
181.27611	0.26078
181.75823	0.25896
182.24034	0.25736
182.72246	0.25588
183.20458	0.25443
183.68669	0.25293
184.16881	0.25131
184.65093	0.24956
185.13305	0.24769
185.61516	0.24574
186.09728	0.24377
186.57940	0.24185
187.06152	0.24003
187.54363	0.23836
188.02575	0.23685
188.50787	0.23547
188.98999	0.23418
189.47210	0.23291
189.95422	0.23158
190.43634	0.23010
190.91845	0.22843
191.40057	0.22651
191.88269	0.22436
192.36481	0.22201
192.84692	0.21950
193.32904	0.21692
193.81116	0.21435
194.29328	0.21187
194.77539	0.20953
195.25751	0.20736
195.73963	0.20536
196.22174	0.20351
196.70386	0.20173
197.18598	0.19999
197.66810	0.19821
198.15021	0.19636
198.63233	0.19439
199.11445	0.19233
199.59657	0.19020
200.07868	0.18805
200.56080	0.18594
201.04292	0.18393
201.52504	0.18207
202.00715	0.18038
202.48927	0.17886
202.97139	0.17748
203.45350	0.17618
203.93562	0.17489
204.41774	0.17353
204.89986	0.17203
205.38197	0.17036
205.86409	0.16848
206.34621	0.16641
206.82833	0.16419
207.31044	0.16189
207.79256	0.15956
208.27468	0.15730
208.75680	0.15515
209.23891	0.15317
209.72103	0.15136
210.20315	0.14971
210.68526	0.14818
211.16738	0.14674
211.64950	0.14533
212.13162	0.14390
212.61373	0.14243
213.09585	0.14091
213.57797	0.13936
214.06009	0.13781
214.54220	0.13630
215.02432	0.13488
215.50644	0.13357
215.98855	0.13240
216.47067	0.13136
216.95279	0.13044
217.43491	0.12959
217.91702	0.12877
218.39914	0.12791
218.88126	0.12699
219.36338	0.12596
219.84549	0.12481
220.32761	0.12357
220.80973	0.12225
221.29185	0.12090
221.77396	0.11958
222.25608	0.11832
222.73820	0.11716
223.22031	0.11612
223.70243	0.11521
224.18455	0.11441
224.66667	0.11370
225.14878	0.11303
225.63090	0.11236
226.11302	0.11167
226.59514	0.11093
227.07725	0.11013
227.55937	0.10927
228.04149	0.10837
228.52360	0.10744
229.00572	0.10653
229.48784	0.10564
229.96996	0.10482
230.45207	0.10408
230.93419	0.10341
231.41631	0.10282
231.89843	0.10228
232.38054	0.10178
232.86266	0.10126
233.34478	0.10071
233.82690	0.10008
234.30901	0.09936
234.79113	0.09854
235.27325	0.09760
235.75536	0.09658
236.23748	0.09550
236.71960	0.09439
237.20172	0.09329
237.68383	0.09222
238.16595	0.09120
238.64807	0.09025
239.13019	0.08935
239.61230	0.08849
240.09442	0.08763
240.57654	0.08674
241.05865	0.08578
241.54077	0.08472
242.02289	0.08355
242.50501	0.08226
242.98712	0.08087
243.46924	0.07941
243.95136	0.07791
244.43348	0.07640
244.91559	0.07492
245.39771	0.07351
245.87983	0.07217
246.36195	0.07090
246.84406	0.06970
247.32618	0.06854
247.80830	0.06741
248.29041	0.06626
248.77253	0.06509
249.25465	0.06387
249.73677	0.06261
250.21888	0.06131
250.70100	0.06000
251.18312	0.05870
251.66524	0.05744
252.14735	0.05623
252.62947	0.05509
253.11159	0.05403
253.59370	0.05304
254.07582	0.05211
254.55794	0.05121
255.04006	0.05032
255.52217	0.04943
256.00429	0.04851
256.48641	0.04755
256.96853	0.04655
257.45064	0.04552
257.93276	0.04447
258.41488	0.04342
258.89700	0.04239
259.37911	0.04139
259.86123	0.04043
260.34335	0.03952
260.82546	0.03866
261.30758	0.03783
261.78970	0.03703
262.27182	0.03624
262.75393	0.03545
263.23605	0.03465
263.71817	0.03383
264.20029	0.03299
264.68240	0.03213
265.16452	0.03126
265.64664	0.03038
266.12875	0.02950
266.61087	0.02864
267.09299	0.02780
267.57511	0.02698
268.05722	0.02620
268.53934	0.02544
269.02146	0.02472
269.50358	0.02402
269.98569	0.02333
270.46781	0.02266
270.94993	0.02200
271.43205	0.02135
271.91416	0.02071
272.39628	0.02008
272.87840	0.01946
273.36051	0.01886
273.84263	0.01829
274.32475	0.01774
274.80687	0.01723
275.28898	0.01676
275.77110	0.01633
276.25322	0.01593
276.73534	0.01557
277.21745	0.01523
277.69957	0.01491
278.18169	0.01462
278.66380	0.01433
279.14592	0.01406
279.62804	0.01379
280.11016	0.01352
280.59227	0.01327
281.07439	0.01303
281.55651	0.01279
282.03863	0.01257
282.52074	0.01236
283.00286	0.01216
283.48498	0.01198
283.96710	0.01180
284.44921	0.01162
284.93133	0.01145
285.41345	0.01126
285.89556	0.01106
286.37768	0.01085
286.85980	0.01063
287.34192	0.01039
287.82403	0.01013
288.30615	0.00987
288.78827	0.00961
289.27039	0.00934
289.75250	0.00908
290.23462	0.00883
290.71674	0.00860
291.19885	0.00837
291.68097	0.00815
292.16309	0.00794
292.64521	0.00772
293.12732	0.00751
293.60944	0.00729
294.09156	0.00707
294.57368	0.00684
295.05579	0.00662
295.53791	0.00641
296.02003	0.00620
296.50215	0.00601
296.98426	0.00584
297.46638	0.00569
297.94850	0.00555
298.43061	0.00543
298.91273	0.00531
299.39485	0.00520
299.87697	0.00509
300.35908	0.00498
300.84120	0.00487
301.32332	0.00476
301.80544	0.00466
302.28755	0.00456
302.76967	0.00448
303.25179	0.00440
303.73391	0.00434
304.21602	0.00429
304.69814	0.00424
305.18026	0.00419
305.66237	0.00414
306.14449	0.00408
306.62661	0.00402
307.10873	0.00395
307.59084	0.00388
308.07296	0.00380
308.55508	0.00373
309.03720	0.00366
309.51931	0.00359
310.00143	0.00352
310.48355	0.00345
310.96566	0.00338
311.44778	0.00331
311.92990	0.00324
312.41202	0.00317
312.89413	0.00309
313.37625	0.00302
313.85837	0.00295
314.34049	0.00287
314.82260	0.00280
315.30472	0.00273
315.78684	0.00266
316.26896	0.00260
316.75107	0.00254
317.23319	0.00248
317.71531	0.00242
318.19742	0.00237
318.67954	0.00232
319.16166	0.00227
319.64378	0.00223
320.12589	0.00219
320.60801	0.00216
321.09013	0.00213
321.57225	0.00210
322.05436	0.00207
322.53648	0.00204
323.01860	0.00201
323.50071	0.00198
323.98283	0.00195
324.46495	0.00192
324.94707	0.00189
325.42918	0.00187
325.91130	0.00185
326.39342	0.00184
326.87554	0.00182
327.35765	0.00181
327.83977	0.00179
328.32189	0.00176
328.80401	0.00173
329.28612	0.00170
329.76824	0.00167
330.25036	0.00164
330.73247	0.00161
331.21459	0.00159
331.69671	0.00157
332.17883	0.00157
332.66094	0.00157
333.14306	0.00157
333.62518	0.00158
334.10730	0.00158
334.58941	0.00158
335.07153	0.00157
335.55365	0.00156
336.03576	0.00155
336.51788	0.00153
337.00000	0.00152
337.48212	0.00151
337.96423	0.00151
338.44635	0.00150
338.92847	0.00150
339.41059	0.00150
339.89270	0.00149
340.37482	0.00148
340.85694	0.00146
341.33906	0.00143
341.82117	0.00141
342.30329	0.00138
342.78541	0.00136
343.26752	0.00134
343.74964	0.00133
344.23176	0.00132
344.71388	0.00132
345.19599	0.00131
345.67811	0.00131
346.16023	0.00130
346.64235	0.00129
347.12446	0.00128
347.60658	0.00127
348.08870	0.00125
348.57081	0.00123
349.05293	0.00122
349.53505	0.00121
350.01717	0.00120
350.49928	0.00120
350.98140	0.00120
351.46352	0.00120
351.94564	0.00121
352.42775	0.00122
352.90987	0.00122
353.39199	0.00123
353.87411	0.00124
354.35622	0.00124
354.83834	0.00125
355.32046	0.00125
355.80257	0.00125
356.28469	0.00125
356.76681	0.00124
357.24893	0.00123
357.73104	0.00122
358.21316	0.00120
358.69528	0.00118
359.17740	0.00117
359.65951	0.00115
360.14163	0.00114
360.62375	0.00112
361.10586	0.00111
361.58798	0.00110
362.07010	0.00109
362.55222	0.00108
363.03433	0.00107
363.51645	0.00106
363.99857	0.00106
364.48069	0.00105
364.96280	0.00105
365.44492	0.00105
365.92704	0.00105
366.40916	0.00105
366.89127	0.00105
367.37339	0.00105
367.85551	0.00105
368.33762	0.00105
368.81974	0.00105
369.30186	0.00105
369.78398	0.00105
370.26609	0.00105
370.74821	0.00105
371.23033	0.00104
371.71245	0.00104
372.19456	0.00104
372.67668	0.00103
373.15880	0.00102
373.64091	0.00101
374.12303	0.00099
374.60515	0.00098
375.08727	0.00096
375.56938	0.00095
376.05150	0.00094
376.53362	0.00093
377.01574	0.00093
377.49785	0.00093
377.97997	0.00094
378.46209	0.00094
378.94421	0.00095
379.42632	0.00095
379.90844	0.00095
380.39056	0.00095
380.87267	0.00094
381.35479	0.00093
381.83691	0.00092
382.31903	0.00090
382.80114	0.00089
383.28326	0.00088
383.76538	0.00087
384.24750	0.00087
384.72961	0.00087
385.21173	0.00087
385.69385	0.00087
386.17596	0.00087
386.65808	0.00088
387.14020	0.00088
387.62232	0.00088
388.10443	0.00088
388.58655	0.00088
389.06867	0.00087
389.55079	0.00087
390.03290	0.00086
390.51502	0.00085
390.99714	0.00084
391.47926	0.00083
391.96137	0.00082
392.44349	0.00081
392.92561	0.00080
393.40772	0.00079
393.88984	0.00079
394.37196	0.00078
394.85408	0.00078
395.33619	0.00078
395.81831	0.00078
396.30043	0.00077
396.78255	0.00077
397.26466	0.00077
397.74678	0.00077
398.22890	0.00076
398.71102	0.00076
399.19313	0.00076
399.67525	0.00076
400.15737	0.00075
400.63948	0.00075
401.12160	0.00074
401.60372	0.00073
402.08584	0.00071
402.56795	0.00070
403.05007	0.00069
403.53219	0.00068
404.01431	0.00067
404.49642	0.00066
404.97854	0.00066
405.46066	0.00067
405.94277	0.00067
406.42489	0.00068
406.90701	0.00069
407.38913	0.00070
407.87124	0.00070
408.35336	0.00070
408.83548	0.00070
409.31760	0.00070
409.79971	0.00069
410.28183	0.00068
410.76395	0.00067
411.24607	0.00066
411.72818	0.00064
412.21030	0.00063
412.69242	0.00062
413.17453	0.00061
413.65665	0.00061
414.13877	0.00060
414.62089	0.00060
415.10300	0.00059
415.58512	0.00059
416.06724	0.00059
416.54936	0.00059
417.03147	0.00059
417.51359	0.00058
417.99571	0.00057
418.47782	0.00056
418.95994	0.00055
419.44206	0.00054
419.92418	0.00053
420.40629	0.00051
420.88841	0.00050
421.37053	0.00049
421.85265	0.00048
422.33476	0.00048
422.81688	0.00048
423.29900	0.00048
423.78112	0.00048
424.26323	0.00048
424.74535	0.00048
425.22747	0.00048
425.70958	0.00048
426.19170	0.00048
426.67382	0.00048
427.15594	0.00048
427.63805	0.00048
428.12017	0.00047
428.60229	0.00047
429.08441	0.00046
429.56652	0.00045
430.04864	0.00045
430.53076	0.00045
431.01287	0.00044
431.49499	0.00045
431.97711	0.00045
432.45923	0.00045
432.94134	0.00046
433.42346	0.00047
433.90558	0.00048
434.38770	0.00049
434.86981	0.00049
435.35193	0.00050
435.83405	0.00050
436.31617	0.00049
436.79828	0.00048
437.28040	0.00047
437.76252	0.00046
438.24463	0.00044
438.72675	0.00043
439.20887	0.00041
439.69099	0.00040
440.17310	0.00039
440.65522	0.00038
441.13734	0.00038
441.61946	0.00038
442.10157	0.00038
442.58369	0.00038
443.06581	0.00038
443.54792	0.00038
444.03004	0.00039
444.51216	0.00039
444.99428	0.00039
445.47639	0.00040
445.95851	0.00040
446.44063	0.00040
446.92275	0.00040
447.40486	0.00041
447.88698	0.00041
448.36910	0.00041
448.85122	0.00041
449.33333	0.00041
449.81545	0.00041
450.29757	0.00042
450.77968	0.00042
451.26180	0.00042
451.74392	0.00043
452.22604	0.00043
452.70815	0.00043
453.19027	0.00043
453.67239	0.00042
454.15451	0.00042
454.63662	0.00041
455.11874	0.00040
455.60086	0.00039
456.08297	0.00038
456.56509	0.00036
457.04721	0.00035
457.52933	0.00034
458.01144	0.00033
458.49356	0.00033
458.97568	0.00033
459.45780	0.00032
459.93991	0.00032
460.42203	0.00033
460.90415	0.00033
461.38627	0.00034
461.86838	0.00034
462.35050	0.00034
462.83262	0.00035
463.31473	0.00035
463.79685	0.00035
464.27897	0.00035
464.76109	0.00035
465.24320	0.00035
465.72532	0.00034
466.20744	0.00033
466.68956	0.00033
467.17167	0.00032
467.65379	0.00031
468.13591	0.00031
468.61802	0.00030
469.10014	0.00030
469.58226	0.00031
470.06438	0.00031
470.54649	0.00032
471.02861	0.00034
471.51073	0.00035
471.99285	0.00036
472.47496	0.00037
472.95708	0.00038
473.43920	0.00039
473.92132	0.00039
474.40343	0.00038
474.88555	0.00038
475.36767	0.00037
475.84978	0.00035
476.33190	0.00034
476.81402	0.00033
477.29614	0.00032
477.77825	0.00031
478.26037	0.00030
478.74249	0.00029
479.22461	0.00029
479.70672	0.00029
480.18884	0.00029
480.67096	0.00029
481.15307	0.00030
481.63519	0.00030
482.11731	0.00031
482.59943	0.00031
483.08154	0.00031
483.56366	0.00031
484.04578	0.00031
484.52790	0.00032
485.01001	0.00032
485.49213	0.00032
485.97425	0.00032
486.45637	0.00032
486.93848	0.00031
487.42060	0.00031
487.90272	0.00031
488.38483	0.00030
488.86695	0.00029
489.34907	0.00028
489.83119	0.00028
490.31330	0.00027
490.79542	0.00026
491.27754	0.00026
491.75966	0.00026
492.24177	0.00026
492.72389	0.00026
493.20601	0.00026
493.68812	0.00026
494.17024	0.00026
494.65236	0.00025
495.13448	0.00025
495.61659	0.00024
496.09871	0.00023
496.58083	0.00021
497.06295	0.00019
497.54506	0.00017
498.02718	0.00016
498.50930	0.00014
498.99142	0.00013
499.47353	0.00012
499.95565	0.00012
500.43777	0.00012
500.91988	0.00012
501.40200	0.00012
501.88412	0.00012
502.36624	0.00013
502.84835	0.00013
503.33047	0.00014
503.81259	0.00014
504.29471	0.00015
504.77682	0.00015
505.25894	0.00015
505.74106	0.00015
506.22318	0.00015
506.70529	0.00015
507.18741	0.00015
507.66953	0.00015
508.15164	0.00015
508.63376	0.00015
509.11588	0.00015
509.59800	0.00015
510.08011	0.00014
510.56223	0.00014
511.04435	0.00014
511.52647	0.00014
512.00858	0.00014
512.49070	0.00014
512.97282	0.00014
513.45493	0.00014
513.93705	0.00014
514.41917	0.00015
514.90129	0.00015
515.38340	0.00015
515.86552	0.00015
516.34764	0.00015
516.82976	0.00016
517.31187	0.00016
517.79399	0.00016
518.27611	0.00017
518.75823	0.00017
519.24034	0.00017
519.72246	0.00017
520.20458	0.00017
520.68669	0.00017
521.16881	0.00017
521.65093	0.00017
522.13305	0.00017
522.61516	0.00017
523.09728	0.00017
523.57940	0.00016
524.06152	0.00016
524.54363	0.00015
525.02575	0.00015
525.50787	0.00014
525.98998	0.00014
526.47210	0.00013
526.95422	0.00013
527.43634	0.00012
527.91845	0.00012
528.40057	0.00012
528.88269	0.00011
529.36481	0.00011
529.84692	0.00010
530.32904	0.00009
530.81116	0.00009
531.29328	0.00008
531.77539	0.00007
532.25751	0.00006
532.73963	0.00005
533.22174	0.00005
533.70386	0.00005
534.18598	0.00005
534.66810	0.00005
535.15021	0.00005
535.63233	0.00006
536.11445	0.00006
536.59657	0.00006
537.07868	0.00005
537.56080	0.00005
538.04292	0.00004
538.52503	0.00004
539.00715	0.00004
539.48927	0.00004
539.97139	0.00005
540.45350	0.00005
540.93562	0.00005
541.41774	0.00005
541.89986	0.00005
542.38197	0.00004
542.86409	0.00004
543.34621	0.00004
543.82833	0.00003
544.31044	0.00003
544.79256	0.00003
545.27468	0.00003
545.75679	0.00003
546.23891	0.00004
546.72103	0.00004
547.20315	0.00004
547.68526	0.00004
548.16738	0.00004
548.64950	0.00004
549.13162	0.00004
549.61373	0.00005
550.09585	0.00005
550.57797	0.00006
551.06008	0.00006
551.54220	0.00007
552.02432	0.00007
552.50644	0.00007
552.98855	0.00007
553.47067	0.00007
553.95279	0.00006
554.43491	0.00006
554.91702	0.00005
555.39914	0.00005
555.88126	0.00004
556.36338	0.00004
556.84549	0.00003
557.32761	0.00003
557.80973	0.00002
558.29184	0.00002
558.77396	0.00002
559.25608	0.00002
559.73820	0.00001
560.22031	0.00001
560.70243	0.00001
561.18455	0.00001
561.66667	0.00002
562.14878	0.00002
562.63090	0.00003
563.11302	0.00003
563.59513	0.00003
564.07725	0.00003
564.55937	0.00003
565.04149	0.00003
565.52360	0.00003
566.00572	0.00003
566.48784	0.00003
566.96996	0.00003
567.45207	0.00004
567.93419	0.00004
568.41631	0.00005
568.89843	0.00006
569.38054	0.00006
569.86266	0.00006
570.34478	0.00006
570.82689	0.00006
571.30901	0.00006
571.79113	0.00005
572.27325	0.00004
572.75536	0.00003
573.23748	0.00002
573.71960	0.00002
574.20172	0.00002
574.68383	0.00001
575.16595	0.00001
575.64807	0.00001
576.13018	0.00001
576.61230	0.00001
577.09442	0.00002
577.57654	0.00003
578.05865	0.00004
578.54077	0.00005
579.02289	0.00006
579.50501	0.00006
579.98712	0.00007
580.46924	0.00007
580.95136	0.00007
581.43348	0.00007
581.91559	0.00006
582.39771	0.00006
582.87983	0.00006
583.36194	0.00006
583.84406	0.00005
584.32618	0.00005
584.80830	0.00005
585.29041	0.00005
585.77253	0.00004
586.25465	0.00004
586.73677	0.00004
587.21888	0.00003
587.70100	0.00002
588.18312	0.00001
588.66523	0.00000
589.14735	0.00001
589.62947	0.00002
590.11159	0.00003
590.59370	0.00004
591.07582	0.00004
591.55794	0.00004
592.04006	0.00004
592.52217	0.00003
593.00429	0.00003
593.48641	0.00003
593.96853	0.00002
594.45064	0.00002
594.93276	0.00002
595.41488	0.00002
595.89699	0.00002
596.37911	0.00002
596.86123	0.00002
597.34335	0.00002
597.82546	0.00002
598.30758	0.00002
598.78970	0.00002
599.27182	0.00002
599.75393	0.00002
600.23605	0.00002
600.71817	0.00002
601.20029	0.00002
601.68240	0.00002
602.16452	0.00003
602.64664	0.00003
603.12875	0.00003
603.61087	0.00003
604.09299	0.00004
604.57511	0.00004
605.05722	0.00004
605.53934	0.00004
606.02146	0.00004
606.50358	0.00004
606.98569	0.00004
607.46781	0.00003
607.94993	0.00003
608.43204	0.00002
608.91416	0.00001
609.39628	0.00001
609.87840	0.00001
610.36051	0.00001
610.84263	0.00001
611.32475	0.00001
611.80687	0.00000
612.28898	-0.00000
612.77110	0.00001
613.25322	0.00002
613.73534	0.00004
614.21745	0.00005
614.69957	0.00006
615.18169	0.00006
615.66380	0.00007
616.14592	0.00007
616.62804	0.00006
617.11016	0.00006
617.59227	0.00005
618.07439	0.00004
618.55651	0.00003
619.03863	0.00002
619.52074	0.00001
620.00286	0.00001
620.48498	0.00001
620.96709	0.00001
621.44921	0.00001
621.93133	0.00001
622.41345	0.00002
622.89556	0.00002
623.37768	0.00003
623.85980	0.00003
624.34192	0.00004
624.82403	0.00004
625.30615	0.00004
625.78827	0.00004
626.27039	0.00004
626.75250	0.00003
627.23462	0.00003
627.71674	0.00003
628.19885	0.00003
628.68097	0.00003
629.16309	0.00003
629.64521	0.00003
630.12732	0.00003
630.60944	0.00003
631.09156	0.00003
631.57368	0.00002
632.05579	0.00002
632.53791	0.00001
633.02003	0.00001
633.50214	0.00002
633.98426	0.00003
634.46638	0.00004
634.94850	0.00005
635.43061	0.00005
635.91273	0.00006
636.39485	0.00005
636.87697	0.00005
637.35908	0.00004
637.84120	0.00004
638.32332	0.00003
638.80544	0.00002
639.28755	0.00002
639.76967	0.00001
640.25179	0.00001
640.73390	0.00002
641.21602	0.00002
641.69814	0.00002
642.18026	0.00003
642.66237	0.00004
643.14449	0.00004
643.62661	0.00004
644.10873	0.00004
644.59084	0.00004
645.07296	0.00004
645.55508	0.00003
646.03719	0.00002
646.51931	0.00001
647.00143	0.00001
647.48355	0.00001
647.96566	0.00002
648.44778	0.00002
648.92990	0.00002
649.41202	0.00002
649.89413	0.00002
650.37625	0.00002
650.85837	0.00002
651.34049	0.00002
651.82260	0.00001
652.30472	0.00001
652.78684	0.00001
653.26895	0.00001
653.75107	0.00001
654.23319	0.00001
654.71531	0.00001
655.19742	0.00001
655.67954	0.00001
656.16166	0.00002
656.64378	0.00002
657.12589	0.00002
657.60801	0.00003
658.09013	0.00003
658.57224	0.00003
659.05436	0.00004
659.53648	0.00004
660.01860	0.00004
660.50071	0.00004
660.98283	0.00004
661.46495	0.00004
661.94707	0.00004
662.42918	0.00004
662.91130	0.00004
663.39342	0.00005
663.87554	0.00005
664.35765	0.00006
664.83977	0.00007
665.32189	0.00007
665.80400	0.00007
666.28612	0.00006
666.76824	0.00005
667.25036	0.00004
667.73247	0.00003
668.21459	0.00001
668.69671	0.00001
669.17883	0.00001
669.66094	0.00002
670.14306	0.00002
670.62518	0.00002
671.10729	0.00002
671.58941	0.00001
672.07153	0.00001
672.55365	0.00002
673.03576	0.00002
673.51788	0.00003
674.00000	0.00003
674.48212	0.00004
674.96423	0.00004
675.44635	0.00004
675.92847	0.00004
676.41059	0.00004
676.89270	0.00004
677.37482	0.00004
677.85694	0.00003
678.33905	0.00003
678.82117	0.00003
679.30329	0.00004
679.78541	0.00004
680.26752	0.00004
680.74964	0.00004
681.23176	0.00003
681.71388	0.00003
682.19599	0.00003
682.67811	0.00002
683.16023	0.00002
683.64234	0.00002
684.12446	0.00001
684.60658	0.00001
685.08870	0.00001
685.57081	0.00001
686.05293	0.00002
686.53505	0.00002
687.01717	0.00002
687.49928	0.00002
687.98140	0.00001
688.46352	0.00001
688.94564	0.00000
689.42775	0.00000
689.90987	0.00001
690.39199	0.00001
690.87410	0.00001
691.35622	0.00000
691.83834	-0.00000
692.32046	0.00000
692.80257	0.00001
693.28469	0.00002
693.76681	0.00003
694.24893	0.00003
694.73104	0.00004
695.21316	0.00004
695.69528	0.00003
696.17740	0.00003
696.65951	0.00002
697.14163	0.00002
697.62375	0.00001
698.10586	0.00001
698.58798	0.00001
699.07010	0.00001
699.55222	0.00001
700.03433	0.00002
700.51645	0.00002
700.99857	0.00003
701.48069	0.00003
701.96280	0.00004
702.44492	0.00004
702.92704	0.00004
703.40915	0.00004
703.89127	0.00004
704.37339	0.00003
704.85551	0.00003
705.33762	0.00002
705.81974	0.00002
706.30186	0.00002
706.78398	0.00002
707.26609	0.00002
707.74821	0.00002
708.23033	0.00002
708.71245	0.00002
709.19456	0.00002
709.67668	0.00002
710.15880	0.00002
710.64091	0.00002
711.12303	0.00002
711.60515	0.00001
712.08727	0.00001
712.56938	0.00000
713.05150	0.00001
713.53362	0.00002
714.01574	0.00003
714.49785	0.00004
714.97997	0.00005
715.46209	0.00006
715.94420	0.00007
716.42632	0.00007
716.90844	0.00008
717.39056	0.00008
717.87267	0.00008
718.35479	0.00007
718.83691	0.00007
719.31903	0.00006
719.80114	0.00006
720.28326	0.00005
720.76538	0.00004
721.24750	0.00004
721.72961	0.00003
722.21173	0.00003
722.69385	0.00003
723.17596	0.00003
723.65808	0.00002
724.14020	0.00002
724.62232	0.00002
725.10443	0.00002
725.58655	0.00002
726.06867	0.00002
726.55079	0.00002
727.03290	0.00002
727.51502	0.00001
727.99714	0.00001
728.47925	0.00001
728.96137	0.00001
729.44349	0.00001
729.92561	0.00002
730.40772	0.00002
730.88984	0.00002
731.37196	0.00002
731.85408	0.00001
732.33619	0.00001
732.81831	0.00001
733.30043	0.00001
733.78255	0.00002
734.26466	0.00002
734.74678	0.00002
735.22890	0.00002
735.71101	0.00003
736.19313	0.00003
736.67525	0.00003
737.15737	0.00003
737.63948	0.00002
738.12160	0.00002
738.60372	0.00001
739.08584	0.00001
739.56795	0.00001
740.05007	0.00001
740.53219	0.00002
741.01430	0.00002
741.49642	0.00003
741.97854	0.00003
742.46066	0.00003
742.94277	0.00003
743.42489	0.00003
743.90701	0.00003
744.38913	0.00002
744.87124	0.00002
745.35336	0.00002
745.83548	0.00001
746.31760	0.00001
746.79971	0.00001
747.28183	0.00001
747.76395	0.00002
748.24606	0.00002
748.72818	0.00003
749.21030	0.00003
749.69242	0.00003
750.17453	0.00003
750.65665	0.00003
751.13877	0.00003
751.62089	0.00003
752.10300	0.00003
752.58512	0.00003
753.06724	0.00004
753.54935	0.00004
754.03147	0.00004
754.51359	0.00004
754.99571	0.00003
755.47782	0.00003
755.95994	0.00003
756.44206	0.00001
756.92418	-0.00000
757.40629	-0.00000
757.88841	0.00000
758.37053	0.00001
758.85265	0.00002
759.33476	0.00003
759.81688	0.00003
760.29900	0.00003
760.78111	0.00003
761.26323	0.00004
761.74535	0.00004
762.22747	0.00004
762.70958	0.00004
763.19170	0.00004
763.67382	0.00004
764.15594	0.00004
764.63805	0.00005
765.12017	0.00005
765.60229	0.00005
766.08440	0.00005
766.56652	0.00004
767.04864	0.00004
767.53076	0.00004
768.01287	0.00004
768.49499	0.00005
768.97711	0.00006
769.45923	0.00006
769.94134	0.00007
770.42346	0.00007
770.90558	0.00007
771.38770	0.00007
771.86981	0.00006
772.35193	0.00006
772.83405	0.00005
773.31616	0.00004
773.79828	0.00003
774.28040	0.00003
774.76252	0.00002
775.24463	0.00002
775.72675	0.00002
776.20887	0.00002
776.69099	0.00003
777.17310	0.00003
777.65522	0.00003
778.13734	0.00003
778.61945	0.00003
779.10157	0.00003
779.58369	0.00003
780.06581	0.00003
780.54792	0.00003
781.03004	0.00003
781.51216	0.00003
781.99428	0.00003
782.47639	0.00003
782.95851	0.00003
783.44063	0.00002
783.92275	0.00002
784.40486	0.00002
784.88698	0.00002
785.36910	0.00002
785.85121	0.00002
786.33333	0.00002
786.81545	0.00003
787.29757	0.00003
787.77968	0.00002
788.26180	0.00002
788.74392	0.00002
789.22604	0.00002
789.70815	0.00002
790.19027	0.00002
790.67239	0.00002
791.15451	0.00002
791.63662	0.00002
792.11874	0.00002
792.60086	0.00002
793.08297	0.00002
793.56509	0.00002
794.04721	0.00002
794.52933	0.00003
795.01144	0.00003
795.49356	0.00004
795.97568	0.00004
796.45780	0.00004
796.93991	0.00004
797.42203	0.00004
797.90415	0.00003
798.38626	0.00003
798.86838	0.00001
799.35050	0.00000
799.83262	-0.00000
800.31473	0.00000
800.79685	0.00001
801.27897	0.00001
801.76109	0.00001
802.24320	0.00002
802.72532	0.00003
803.20744	0.00004
803.68956	0.00004
804.17167	0.00005
804.65379	0.00006
805.13591	0.00006
805.61802	0.00006
806.10014	0.00006
806.58226	0.00006
807.06438	0.00005
807.54649	0.00005
808.02861	0.00004
808.51073	0.00003
808.99285	0.00003
809.47496	0.00002
809.95708	0.00001
810.43920	0.00000
810.92131	0.00000
811.40343	0.00001
811.88555	0.00001
812.36767	0.00001
812.84978	0.00001
813.33190	0.00000
813.81402	0.00000
814.29614	0.00000
814.77825	0.00000
815.26037	0.00000
815.74249	0.00000
816.22461	0.00001
816.70672	0.00001
817.18884	0.00001
817.67096	0.00001
818.15307	0.00001
818.63519	0.00002
819.11731	0.00002
819.59943	0.00002
820.08154	0.00002
820.56366	0.00002
821.04578	0.00002
821.52790	0.00002
822.01001	0.00002
822.49213	0.00002
822.97425	0.00002
823.45636	0.00002
823.93848	0.00002
824.42060	0.00002
824.90272	0.00002
825.38483	0.00002
825.86695	0.00002
826.34907	0.00002
826.83119	0.00003
827.31330	0.00003
827.79542	0.00003
828.27754	0.00003
828.75966	0.00003
829.24177	0.00003
829.72389	0.00003
830.20601	0.00003
830.68812	0.00003
831.17024	0.00003
831.65236	0.00003
832.13448	0.00003
832.61659	0.00003
833.09871	0.00003
833.58083	0.00004
834.06295	0.00004
834.54506	0.00004
835.02718	0.00004
835.50930	0.00004
835.99141	0.00004
836.47353	0.00003
836.95565	0.00003
837.43777	0.00003
837.91988	0.00003
838.40200	0.00002
838.88412	0.00002
839.36624	0.00002
839.84835	0.00002
840.33047	0.00002
840.81259	0.00002
841.29471	0.00002
841.77682	0.00002
842.25894	0.00002
842.74106	0.00002
843.22317	0.00003
843.70529	0.00003
844.18741	0.00004
844.66953	0.00004
845.15164	0.00005
845.63376	0.00005
846.11588	0.00006
846.59800	0.00006
847.08011	0.00006
847.56223	0.00006
848.04435	0.00005
848.52646	0.00005
849.00858	0.00004
849.49070	0.00004
849.97282	0.00003
850.45493	0.00003
850.93705	0.00002
851.41917	0.00002
851.90129	0.00003
852.38340	0.00003
852.86552	0.00003
853.34764	0.00003
853.82976	0.00003
854.31187	0.00003
854.79399	0.00003
855.27611	0.00003
855.75822	0.00003
856.24034	0.00003
856.72246	0.00002
857.20458	0.00002
857.68669	0.00002
858.16881	0.00002
858.65093	0.00002
859.13305	0.00001
859.61516	0.00001
860.09728	0.00001
860.57940	0.00001
861.06151	0.00001
861.54363	0.00001
862.02575	0.00001
862.50787	0.00002
862.98998	0.00002
863.47210	0.00002
863.95422	0.00003
864.43634	0.00003
864.91845	0.00003
865.40057	0.00004
865.88269	0.00004
866.36481	0.00004
866.84692	0.00004
867.32904	0.00004
867.81116	0.00004
868.29327	0.00004
868.77539	0.00004
869.25751	0.00003
869.73963	0.00003
870.22174	0.00003
870.70386	0.00002
871.18598	0.00002
871.66810	0.00002
872.15021	0.00002
872.63233	0.00002
873.11445	0.00002
873.59656	0.00001
874.07868	0.00001
874.56080	0.00001
875.04292	0.00002
875.52503	0.00002
876.00715	0.00002
876.48927	0.00002
876.97139	0.00003
877.45350	0.00003
877.93562	0.00004
878.41774	0.00004
878.89986	0.00004
879.38197	0.00004
879.86409	0.00005
880.34621	0.00005
880.82832	0.00004
881.31044	0.00004
881.79256	0.00004
882.27468	0.00004
882.75679	0.00003
883.23891	0.00003
883.72103	0.00003
884.20315	0.00002
884.68526	0.00002
885.16738	0.00002
885.64950	0.00002
886.13161	0.00002
886.61373	0.00002
887.09585	0.00002
887.57797	0.00002
888.06008	0.00002
888.54220	0.00002
889.02432	0.00002
889.50644	0.00002
889.98855	0.00002
890.47067	0.00002
890.95279	0.00003
891.43491	0.00003
891.91702	0.00003
892.39914	0.00003
892.88126	0.00004
893.36337	0.00004
893.84549	0.00004
894.32761	0.00004
894.80973	0.00004
895.29184	0.00004
895.77396	0.00004
896.25608	0.00004
896.73820	0.00004
897.22031	0.00004
897.70243	0.00004
898.18455	0.00004
898.66667	0.00003
899.14878	0.00003
899.63090	0.00003
900.11302	0.00003
900.59513	0.00002
901.07725	0.00002
901.55937	0.00002
902.04149	0.00001
902.52360	0.00001
903.00572	0.00002
903.48784	0.00002
903.96996	0.00003
904.45207	0.00003
904.93419	0.00004
905.41631	0.00004
905.89842	0.00004
906.38054	0.00004
906.86266	0.00003
907.34478	0.00003
907.82689	0.00002
908.30901	0.00002
908.79113	0.00001
909.27325	0.00000
909.75536	0.00000
910.23748	0.00001
910.71960	0.00002
911.20172	0.00002
911.68383	0.00003
912.16595	0.00003
912.64807	0.00003
913.13018	0.00003
913.61230	0.00003
914.09442	0.00003
914.57654	0.00003
915.05865	0.00003
915.54077	0.00002
916.02289	0.00002
916.50501	0.00002
916.98712	0.00003
917.46924	0.00003
917.95136	0.00003
918.43347	0.00004
918.91559	0.00004
919.39771	0.00004
919.87983	0.00005
920.36194	0.00005
920.84406	0.00005
921.32618	0.00005
921.80830	0.00005
922.29041	0.00004
922.77253	0.00004
923.25465	0.00004
923.73677	0.00003
924.21888	0.00003
924.70100	0.00003
925.18312	0.00002
925.66523	0.00002
926.14735	0.00001
926.62947	0.00000
927.11159	0.00000
927.59370	0.00000
928.07582	0.00000
928.55794	0.00001
929.04006	0.00001
929.52217	0.00002
930.00429	0.00003
930.48641	0.00003
930.96852	0.00004
931.45064	0.00005
931.93276	0.00005
932.41488	0.00005
932.89699	0.00005
933.37911	0.00005
933.86123	0.00005
934.34335	0.00004
934.82546	0.00004
935.30758	0.00003
935.78970	0.00003
936.27182	0.00003
936.75393	0.00003
937.23605	0.00003
937.71817	0.00003
938.20028	0.00003
938.68240	0.00004
939.16452	0.00004
939.64664	0.00004
940.12875	0.00003
940.61087	0.00003
941.09299	0.00003
941.57511	0.00002
942.05722	0.00002
942.53934	0.00001
943.02146	0.00001
943.50357	0.00001
943.98569	0.00001
944.46781	0.00001
944.94993	0.00001
945.43204	0.00001
945.91416	0.00001
946.39628	0.00001
946.87840	0.00001
947.36051	0.00002
947.84263	0.00002
948.32475	0.00002
948.80687	0.00002
949.28898	0.00002
949.77110	0.00003
950.25322	0.00003
950.73533	0.00003
951.21745	0.00003
951.69957	0.00003
952.18169	0.00003
952.66380	0.00003
953.14592	0.00003
953.62804	0.00004
954.11016	0.00004
954.59227	0.00004
955.07439	0.00004
955.55651	0.00004
956.03862	0.00004
956.52074	0.00004
957.00286	0.00004
957.48498	0.00003
957.96709	0.00003
958.44921	0.00004
958.93133	0.00004
959.41345	0.00004
959.89556	0.00005
960.37768	0.00005
960.85980	0.00005
961.34192	0.00005
961.82403	0.00005
962.30615	0.00004
962.78827	0.00003
963.27038	0.00002
963.75250	0.00001
964.23462	0.00000
964.71674	0.00000
965.19885	0.00001
965.68097	0.00002
966.16309	0.00003
966.64521	0.00003
967.12732	0.00003
967.60944	0.00003
968.09156	0.00003
968.57367	0.00003
969.05579	0.00003
969.53791	0.00002
970.02003	0.00002
970.50214	0.00002
970.98426	0.00002
971.46638	0.00002
971.94850	0.00002
972.43061	0.00002
972.91273	0.00002
973.39485	0.00003
973.87697	0.00002
974.35908	0.00002
974.84120	0.00002
975.32332	0.00002
975.80543	0.00002
976.28755	0.00002
976.76967	0.00002
977.25179	0.00003
977.73390	0.00003
978.21602	0.00003
978.69814	0.00003
979.18026	0.00003
979.66237	0.00002
980.14449	0.00002
980.62661	0.00002
981.10872	0.00002
981.59084	0.00002
982.07296	0.00003
982.55508	0.00004
983.03719	0.00004
983.51931	0.00005
984.00143	0.00006
984.48355	0.00006
984.96566	0.00006
985.44778	0.00006
985.92990	0.00006
986.41202	0.00006
986.89413	0.00005
987.37625	0.00004
987.85837	0.00004
988.34048	0.00003
988.82260	0.00003
989.30472	0.00003
989.78684	0.00002
990.26895	0.00002
990.75107	0.00002
991.23319	0.00001
991.71531	0.00001
992.19742	0.00001
992.67954	0.00001
993.16166	0.00002
993.64378	0.00002
994.12589	0.00003
994.60801	0.00003
995.09013	0.00004
995.57224	0.00004
996.05436	0.00004
996.53648	0.00004
997.01860	0.00003
997.50071	0.00003
997.98283	0.00002
998.46495	0.00002
998.94707	0.00001
999.42918	0.00001
