0.00000	0.92666
0.48212	0.93533
0.96423	0.96059
1.44635	1.00101
1.92847	1.05620
2.41059	1.11626
2.89270	1.17640
3.37482	1.16575
3.85694	1.04834
4.33906	0.88048
4.82117	0.70563
5.30329	0.53771
5.78541	0.39077
6.26753	0.27306
6.74964	0.18302
7.23176	0.11987
7.71388	0.07983
8.19599	0.05978
8.67811	0.05616
9.16023	0.06961
9.64235	0.10365
10.12446	0.15954
10.60658	0.24602
11.08870	0.36558
11.57082	0.51784
12.05293	0.62234
12.53505	0.59203
13.01717	0.46234
13.49928	0.33500
13.98140	0.06659
14.46352	-0.81774
14.94564	-0.24314
15.42775	0.83188
15.90987	1.09609
16.39199	0.79573
16.87411	0.59758
17.35622	0.53958
17.83834	0.53987
18.32046	0.54874
18.80258	0.56305
19.28469	0.58063
19.76681	0.59963
20.24893	0.61858
20.73104	0.63630
21.21316	0.65191
21.69528	0.66484
22.17740	0.67498
22.65951	0.68249
23.14163	0.68780
23.62375	0.69149
24.10587	0.69416
24.58798	0.69630
25.07010	0.69828
25.55222	0.70027
26.03433	0.70229
26.51645	0.70427
26.99857	0.70617
27.48069	0.70798
27.96280	0.70980
28.44492	0.71182
28.92704	0.71425
29.40916	0.71724
29.89127	0.72083
30.37339	0.72489
30.85551	0.72912
31.33763	0.73312
31.81974	0.73645
32.30186	0.73876
32.78398	0.73987
33.26609	0.73975
33.74821	0.73872
34.23033	0.73716
34.71245	0.73553
35.19456	0.73421
35.67668	0.73347
36.15880	0.73339
36.64092	0.73388
37.12303	0.73474
37.60515	0.73577
38.08727	0.73675
38.56938	0.73753
39.05150	0.73802
39.53362	0.73821
40.01574	0.73818
40.49785	0.73808
40.97997	0.73806
41.46209	0.73831
41.94421	0.73896
42.42632	0.74004
42.90844	0.74153
43.39056	0.74330
43.87268	0.74515
44.35479	0.74687
44.83691	0.74827
45.31903	0.74921
45.80114	0.74965
46.28326	0.74967
46.76538	0.74945
47.24750	0.74927
47.72961	0.74942
48.21173	0.75012
48.69385	0.75140
49.17597	0.75312
49.65808	0.75499
50.14020	0.75667
50.62232	0.75790
51.10443	0.75855
51.58655	0.75863
52.06867	0.75827
52.55079	0.75771
53.03290	0.75722
53.51502	0.75705
53.99714	0.75741
54.47926	0.75839
54.96137	0.75998
55.44349	0.76203
55.92561	0.76431
56.40773	0.76656
56.88984	0.76855
57.37196	0.77016
57.85408	0.77133
58.33619	0.77213
58.81831	0.77267
59.30043	0.77306
59.78255	0.77343
60.26466	0.77382
60.74678	0.77424
61.22890	0.77466
61.71102	0.77500
62.19313	0.77517
62.67525	0.77511
63.15737	0.77481
63.63948	0.77429
64.12160	0.77365
64.60372	0.77302
65.08584	0.77253
65.56795	0.77228
66.05007	0.77235
66.53219	0.77273
67.01431	0.77340
67.49642	0.77426
67.97854	0.77522
68.46066	0.77618
68.94278	0.77707
69.42489	0.77785
69.90701	0.77854
70.38913	0.77919
70.87124	0.77988
71.35336	0.78067
71.83548	0.78157
72.31760	0.78253
72.79971	0.78347
73.28183	0.78427
73.76395	0.78482
74.24607	0.78506
74.72818	0.78498
75.21030	0.78467
75.69242	0.78424
76.17453	0.78388
76.65665	0.78373
77.13877	0.78391
77.62089	0.78444
78.10300	0.78524
78.58512	0.78616
79.06724	0.78701
79.54936	0.78763
80.03147	0.78792
80.51359	0.78785
80.99571	0.78749
81.47783	0.78694
81.95994	0.78635
82.44206	0.78587
82.92418	0.78559
83.40629	0.78559
83.88841	0.78586
84.37053	0.78632
84.85265	0.78686
85.33476	0.78737
85.81688	0.78775
86.29900	0.78796
86.78112	0.78802
87.26323	0.78801
87.74535	0.78802
88.22747	0.78811
88.70958	0.78836
89.19170	0.78878
89.67382	0.78936
90.15594	0.79002
90.63805	0.79071
91.12017	0.79134
91.60229	0.79187
92.08441	0.79228
92.56652	0.79261
93.04864	0.79292
93.53076	0.79327
94.01288	0.79374
94.49499	0.79433
94.97711	0.79504
95.45923	0.79582
95.94134	0.79663
96.42346	0.79740
96.90558	0.79810
97.38770	0.79873
97.86981	0.79932
98.35193	0.79991
98.83405	0.80057
99.31617	0.80134
99.79828	0.80224
100.28040	0.80323
100.76252	0.80425
101.24464	0.80524
101.72675	0.80611
102.20887	0.80682
102.69099	0.80738
103.17310	0.80781
103.65522	0.80818
104.13734	0.80855
104.61946	0.80900
105.10157	0.80955
105.58369	0.81022
106.06581	0.81097
106.54793	0.81176
107.03004	0.81254
107.51216	0.81325
107.99428	0.81389
108.47639	0.81447
108.95851	0.81503
109.44063	0.81564
109.92275	0.81633
110.40486	0.81714
110.88698	0.81804
111.36910	0.81901
111.85122	0.82000
112.33333	0.82095
112.81545	0.82183
113.29757	0.82261
113.77969	0.82331
114.26180	0.82396
114.74392	0.82461
115.22604	0.82531
115.70815	0.82608
116.19027	0.82693
116.67239	0.82781
117.15451	0.82868
117.63662	0.82949
118.11874	0.83018
118.60086	0.83075
119.08298	0.83118
119.56509	0.83151
120.04721	0.83177
120.52933	0.83200
121.01144	0.83225
121.49356	0.83254
121.97568	0.83285
122.45780	0.83317
122.93991	0.83348
123.42203	0.83374
123.90415	0.83396
124.38627	0.83412
124.86838	0.83424
125.35050	0.83436
125.83262	0.83448
126.31474	0.83463
126.79685	0.83480
127.27897	0.83498
127.76109	0.83517
128.24320	0.83537
128.72532	0.83557
129.20744	0.83579
129.68956	0.83605
130.17167	0.83637
130.65379	0.83675
131.13591	0.83720
131.61803	0.83769
132.10014	0.83817
132.58226	0.83863
133.06438	0.83902
133.54649	0.83932
134.02861	0.83956
134.51073	0.83975
134.99285	0.83994
135.47496	0.84018
135.95708	0.84050
136.43920	0.84092
136.92132	0.84144
137.40343	0.84201
137.88555	0.84258
138.36767	0.84308
138.84979	0.84347
139.33190	0.84374
139.81402	0.84390
140.29614	0.84399
140.77825	0.84408
141.26037	0.84422
141.74249	0.84447
142.22461	0.84489
142.70672	0.84548
143.18884	0.84623
143.67096	0.84713
144.15308	0.84810
144.63519	0.84911
145.11731	0.85009
145.59943	0.85100
146.08154	0.85183
146.56366	0.85257
147.04578	0.85323
147.52790	0.85384
148.01001	0.85444
148.49213	0.85506
148.97425	0.85574
149.45637	0.85650
149.93848	0.85734
150.42060	0.85826
150.90272	0.85924
151.38484	0.86024
151.86695	0.86122
152.34907	0.86213
152.83119	0.86295
153.31330	0.86367
153.79542	0.86430
154.27754	0.86487
154.75966	0.86543
155.24177	0.86600
155.72389	0.86663
156.20601	0.86733
156.68813	0.86812
157.17024	0.86899
157.65236	0.86990
158.13448	0.87084
158.61659	0.87177
159.09871	0.87269
159.58083	0.87360
160.06295	0.87450
160.54506	0.87542
161.02718	0.87639
161.50930	0.87741
161.99142	0.87848
162.47353	0.87958
162.95565	0.88067
163.43777	0.88172
163.91989	0.88268
164.40200	0.88351
164.88412	0.88421
165.36624	0.88477
165.84835	0.88524
166.33047	0.88567
166.81259	0.88611
167.29471	0.88662
167.77682	0.88725
168.25894	0.88803
168.74106	0.88894
169.22318	0.88998
169.70529	0.89111
170.18741	0.89229
170.66953	0.89349
171.15164	0.89469
171.63376	0.89590
172.11588	0.89712
172.59800	0.89839
173.08011	0.89977
173.56223	0.90128
174.04435	0.90297
174.52647	0.90483
175.00858	0.90682
175.49070	0.90887
175.97282	0.91090
176.45494	0.91278
176.93705	0.91443
177.41917	0.91578
177.90129	0.91678
178.38340	0.91746
178.86552	0.91788
179.34764	0.91814
179.82976	0.91838
180.31187	0.91869
180.79399	0.91916
181.27611	0.91983
181.75823	0.92068
182.24034	0.92166
182.72246	0.92268
183.20458	0.92364
183.68669	0.92447
184.16881	0.92514
184.65093	0.92564
185.13305	0.92602
185.61516	0.92637
186.09728	0.92680
186.57940	0.92739
187.06152	0.92821
187.54363	0.92929
188.02575	0.93061
188.50787	0.93210
188.98999	0.93368
189.47210	0.93524
189.95422	0.93670
190.43634	0.93802
190.91845	0.93919
191.40057	0.94024
191.88269	0.94124
192.36481	0.94228
192.84692	0.94343
193.32904	0.94473
193.81116	0.94619
194.29328	0.94774
194.77539	0.94929
195.25751	0.95073
195.73963	0.95192
196.22174	0.95279
196.70386	0.95328
197.18598	0.95343
197.66810	0.95332
198.15021	0.95309
198.63233	0.95287
199.11445	0.95280
199.59657	0.95299
200.07868	0.95348
200.56080	0.95426
201.04292	0.95527
201.52504	0.95643
202.00715	0.95762
202.48927	0.95877
202.97139	0.95982
203.45350	0.96077
203.93562	0.96167
204.41774	0.96261
204.89986	0.96367
205.38197	0.96495
205.86409	0.96647
206.34621	0.96822
206.82833	0.97014
207.31044	0.97211
207.79256	0.97396
208.27468	0.97555
208.75680	0.97673
209.23891	0.97742
209.72103	0.97760
210.20315	0.97736
210.68526	0.97680
211.16738	0.97610
211.64950	0.97541
212.13162	0.97485
212.61373	0.97450
213.09585	0.97437
213.57797	0.97440
214.06009	0.97452
214.54220	0.97464
215.02432	0.97467
215.50644	0.97457
215.98855	0.97436
216.47067	0.97408
216.95279	0.97382
217.43491	0.97368
217.91702	0.97376
218.39914	0.97410
218.88126	0.97473
219.36338	0.97560
219.84549	0.97665
220.32761	0.97778
220.80973	0.97887
221.29185	0.97984
221.77396	0.98059
222.25608	0.98108
222.73820	0.98131
223.22031	0.98128
223.70243	0.98106
224.18455	0.98070
224.66667	0.98028
225.14878	0.97985
225.63090	0.97944
226.11302	0.97908
226.59514	0.97877
227.07725	0.97850
227.55937	0.97827
228.04149	0.97806
228.52360	0.97788
229.00572	0.97777
229.48784	0.97774
229.96996	0.97784
230.45207	0.97811
230.93419	0.97858
231.41631	0.97925
231.89843	0.98012
232.38054	0.98114
232.86266	0.98224
233.34478	0.98335
233.82690	0.98439
234.30901	0.98530
234.79113	0.98601
235.27325	0.98650
235.75536	0.98679
236.23748	0.98688
236.71960	0.98684
237.20172	0.98672
237.68383	0.98657
238.16595	0.98644
238.64807	0.98635
239.13019	0.98628
239.61230	0.98623
240.09442	0.98615
240.57654	0.98603
241.05865	0.98583
241.54077	0.98558
242.02289	0.98529
242.50501	0.98501
242.98712	0.98479
243.46924	0.98469
243.95136	0.98474
244.43348	0.98495
244.91559	0.98530
245.39771	0.98575
245.87983	0.98624
246.36195	0.98669
246.84406	0.98704
247.32618	0.98724
247.80830	0.98729
248.29041	0.98720
248.77253	0.98700
249.25465	0.98675
249.73677	0.98648
250.21888	0.98625
250.70100	0.98607
251.18312	0.98593
251.66524	0.98580
252.14735	0.98563
252.62947	0.98538
253.11159	0.98498
253.59370	0.98441
254.07582	0.98366
254.55794	0.98278
255.04006	0.98181
255.52217	0.98085
256.00429	0.97997
256.48641	0.97923
256.96853	0.97867
257.45064	0.97826
257.93276	0.97795
258.41488	0.97765
258.89700	0.97723
259.37911	0.97658
259.86123	0.97560
260.34335	0.97424
260.82546	0.97249
261.30758	0.97040
261.78970	0.96805
262.27182	0.96555
262.75393	0.96299
263.23605	0.96046
263.71817	0.95801
264.20029	0.95563
264.68240	0.95329
265.16452	0.95096
265.64664	0.94857
266.12875	0.94609
266.61087	0.94350
267.09299	0.94084
267.57511	0.93817
268.05722	0.93557
268.53934	0.93312
269.02146	0.93088
269.50358	0.92887
269.98569	0.92705
270.46781	0.92536
270.94993	0.92368
271.43205	0.92190
271.91416	0.91994
272.39628	0.91771
272.87840	0.91521
273.36051	0.91246
273.84263	0.90952
274.32475	0.90644
274.80687	0.90328
275.28898	0.90002
275.77110	0.89663
276.25322	0.89300
276.73534	0.88901
277.21745	0.88456
277.69957	0.87959
278.18169	0.87413
278.66380	0.86830
279.14592	0.86229
279.62804	0.85635
280.11016	0.85077
280.59227	0.84580
281.07439	0.84164
281.55651	0.83836
282.03863	0.83591
282.52074	0.83414
283.00286	0.83275
283.48498	0.83143
283.96710	0.82991
284.44921	0.82800
284.93133	0.82563
285.41345	0.82287
285.89556	0.81991
286.37768	0.81698
286.85980	0.81433
287.34192	0.81216
287.82403	0.81056
288.30615	0.80948
288.78827	0.80871
289.27039	0.80791
289.75250	0.80664
290.23462	0.80450
290.71674	0.80113
291.19885	0.79633
291.68097	0.79011
292.16309	0.78261
292.64521	0.77408
293.12732	0.76482
293.60944	0.75514
294.09156	0.74530
294.57368	0.73552
295.05579	0.72600
295.53791	0.71691
296.02003	0.70845
296.50215	0.70081
296.98426	0.69423
297.46638	0.68889
297.94850	0.68493
298.43061	0.68240
298.91273	0.68125
299.39485	0.68133
299.87697	0.68237
300.35908	0.68407
300.84120	0.68606
301.32332	0.68798
301.80544	0.68948
302.28755	0.69031
302.76967	0.69032
303.25179	0.68945
303.73391	0.68779
304.21602	0.68541
304.69814	0.68242
305.18026	0.67891
305.66237	0.67486
306.14449	0.67025
306.62661	0.66501
307.10873	0.65913
307.59084	0.65262
308.07296	0.64556
308.55508	0.63813
309.03720	0.63054
309.51931	0.62307
310.00143	0.61597
310.48355	0.60947
310.96566	0.60371
311.44778	0.59871
311.92990	0.59440
312.41202	0.59060
312.89413	0.58708
313.37625	0.58354
313.85837	0.57976
314.34049	0.57561
314.82260	0.57112
315.30472	0.56645
315.78684	0.56192
316.26896	0.55788
316.75107	0.55463
317.23319	0.55238
317.71531	0.55115
318.19742	0.55082
318.67954	0.55110
319.16166	0.55160
319.64378	0.55187
320.12589	0.55144
320.60801	0.54991
321.09013	0.54694
321.57225	0.54235
322.05436	0.53609
322.53648	0.52823
323.01860	0.51897
323.50071	0.50864
323.98283	0.49768
324.46495	0.48659
324.94707	0.47597
325.42918	0.46635
325.91130	0.45823
326.39342	0.45193
326.87554	0.44761
327.35765	0.44529
327.83977	0.44484
328.32189	0.44596
328.80401	0.44842
329.28612	0.45194
329.76824	0.45636
330.25036	0.46152
330.73247	0.46740
331.21459	0.47394
331.69671	0.48102
332.17883	0.48835
332.66094	0.49557
333.14306	0.50221
333.62518	0.50781
334.10730	0.51202
334.58941	0.51466
335.07153	0.51580
335.55365	0.51570
336.03576	0.51477
336.51788	0.51353
337.00000	0.51244
337.48212	0.51181
337.96423	0.51170
338.44635	0.51190
338.92847	0.51196
339.41059	0.51133
339.89270	0.50945
340.37482	0.50589
340.85694	0.50045
341.33906	0.49323
341.82117	0.48467
342.30329	0.47542
342.78541	0.46627
343.26752	0.45799
343.74964	0.45115
344.23176	0.44603
344.71388	0.44257
345.19599	0.44047
345.67811	0.43932
346.16023	0.43867
346.64235	0.43814
347.12446	0.43745
347.60658	0.43645
348.08870	0.43505
348.57081	0.43324
349.05293	0.43107
349.53505	0.42865
350.01717	0.42614
350.49928	0.42382
350.98140	0.42203
351.46352	0.42120
351.94564	0.42184
352.42775	0.42442
352.90987	0.42936
353.39199	0.43692
353.87411	0.44714
354.35622	0.45971
354.83834	0.47396
355.32046	0.48890
355.80257	0.50321
356.28469	0.51543
356.76681	0.52420
357.24893	0.52847
357.73104	0.52776
358.21316	0.52218
358.69528	0.51243
359.17740	0.49974
359.65951	0.48544
360.14163	0.47093
360.62375	0.45737
361.10586	0.44555
361.58798	0.43613
362.07010	0.42932
362.55222	0.42511
363.03433	0.42335
363.51645	0.42379
363.99857	0.42614
364.48069	0.43012
364.96280	0.43540
365.44492	0.44174
365.92704	0.44877
366.40916	0.45605
366.89127	0.46298
367.37339	0.46907
367.85551	0.47380
368.33762	0.47674
368.81974	0.47762
369.30186	0.47636
369.78398	0.47311
370.26609	0.46820
370.74821	0.46219
371.23033	0.45565
371.71245	0.44912
372.19456	0.44303
372.67668	0.43764
373.15880	0.43300
373.64091	0.42911
374.12303	0.42589
374.60515	0.42331
375.08727	0.42126
375.56938	0.41967
376.05150	0.41852
376.53362	0.41780
377.01574	0.41756
377.49785	0.41782
377.97997	0.41863
378.46209	0.41998
378.94421	0.42181
379.42632	0.42403
379.90844	0.42652
380.39056	0.42921
380.87267	0.43199
381.35479	0.43468
381.83691	0.43707
382.31903	0.43894
382.80114	0.43999
383.28326	0.44008
383.76538	0.43932
384.24750	0.43807
384.72961	0.43679
385.21173	0.43592
385.69385	0.43582
386.17596	0.43659
386.65808	0.43810
387.14020	0.44008
387.62232	0.44224
388.10443	0.44430
388.58655	0.44604
389.06867	0.44732
389.55079	0.44806
390.03290	0.44826
390.51502	0.44784
390.99714	0.44674
391.47926	0.44500
391.96137	0.44265
392.44349	0.43990
392.92561	0.43710
393.40772	0.43470
393.88984	0.43319
394.37196	0.43292
394.85408	0.43406
395.33619	0.43657
395.81831	0.44014
396.30043	0.44436
396.78255	0.44875
397.26466	0.45293
397.74678	0.45670
398.22890	0.46008
398.71102	0.46332
399.19313	0.46676
399.67525	0.47075
400.15737	0.47537
400.63948	0.48049
401.12160	0.48573
401.60372	0.49031
402.08584	0.49354
402.56795	0.49470
403.05007	0.49330
403.53219	0.48919
404.01431	0.48269
404.49642	0.47443
404.97854	0.46523
405.46066	0.45578
405.94277	0.44674
406.42489	0.43849
406.90701	0.43124
407.38913	0.42502
407.87124	0.42011
408.35336	0.41662
408.83548	0.41465
409.31760	0.41416
409.79971	0.41503
410.28183	0.41679
410.76395	0.41887
411.24607	0.42053
411.72818	0.42124
412.21030	0.42060
412.69242	0.41844
413.17453	0.41476
413.65665	0.41003
414.13877	0.40463
414.62089	0.39905
415.10300	0.39363
415.58512	0.38882
416.06724	0.38471
416.54936	0.38129
417.03147	0.37836
417.51359	0.37591
417.99571	0.37388
418.47782	0.37232
418.95994	0.37108
419.44206	0.37020
419.92418	0.36955
420.40629	0.36885
420.88841	0.36773
421.37053	0.36613
421.85265	0.36412
422.33476	0.36205
422.81688	0.36056
423.29900	0.36050
423.78112	0.36268
424.26323	0.36762
424.74535	0.37549
425.22747	0.38597
425.70958	0.39815
426.19170	0.41065
426.67382	0.42197
427.15594	0.43071
427.63805	0.43605
428.12017	0.43793
428.60229	0.43704
429.08441	0.43459
429.56652	0.43181
430.04864	0.43005
430.53076	0.43057
431.01287	0.43414
431.49499	0.44114
431.97711	0.45143
432.45923	0.46422
432.94134	0.47786
433.42346	0.49042
433.90558	0.50017
434.38770	0.50603
434.86981	0.50743
435.35193	0.50477
435.83405	0.49895
436.31617	0.49112
436.79828	0.48201
437.28040	0.47238
437.76252	0.46290
438.24463	0.45377
438.72675	0.44537
439.20887	0.43790
439.69099	0.43160
440.17310	0.42683
440.65522	0.42389
441.13734	0.42326
441.61946	0.42546
442.10157	0.43082
442.58369	0.43959
443.06581	0.45155
443.54792	0.46597
444.03004	0.48176
444.51216	0.49696
444.99428	0.50951
445.47639	0.51755
445.95851	0.52000
446.44063	0.51679
446.92275	0.50852
447.40486	0.49658
447.88698	0.48249
448.36910	0.46737
448.85122	0.45240
449.33333	0.43882
449.81545	0.42777
450.29757	0.42033
450.77968	0.41709
451.26180	0.41832
451.74392	0.42339
452.22604	0.43183
452.70815	0.44247
453.19027	0.45423
453.67239	0.46622
454.15451	0.47798
454.63662	0.48939
455.11874	0.50076
455.60086	0.51200
456.08297	0.52399
456.56509	0.53651
457.04721	0.54930
457.52933	0.56168
458.01144	0.57243
458.49356	0.58013
458.97568	0.58326
459.45780	0.58087
459.93991	0.57254
460.42203	0.55912
460.90415	0.54249
461.38627	0.52399
461.86838	0.50585
462.35050	0.48912
462.83262	0.47427
463.31473	0.46013
463.79685	0.44622
464.27897	0.43120
464.76109	0.41420
465.24320	0.39521
465.72532	0.37503
466.20744	0.35509
466.68956	0.33719
467.17167	0.32287
467.65379	0.31354
468.13591	0.31021
468.61802	0.31355
469.10014	0.32385
469.58226	0.34088
470.06438	0.36393
470.54649	0.39197
471.02861	0.42378
471.51073	0.45778
471.99285	0.49229
472.47496	0.52537
472.95708	0.55495
473.43920	0.57776
473.92132	0.59035
474.40343	0.58971
474.88555	0.57398
475.36767	0.54400
475.84978	0.50342
476.33190	0.45760
476.81402	0.41269
477.29614	0.37168
477.77825	0.33715
478.26037	0.31078
478.74249	0.29312
479.22461	0.28349
479.70672	0.28118
480.18884	0.28525
480.67096	0.29459
481.15307	0.30820
481.63519	0.32504
482.11731	0.34399
482.59943	0.36389
483.08154	0.38367
483.56366	0.40252
484.04578	0.41985
484.52790	0.43584
485.01001	0.45015
485.49213	0.46265
485.97425	0.47335
486.45637	0.48103
486.93848	0.48463
487.42060	0.48336
487.90272	0.47761
488.38483	0.46884
488.86695	0.45905
489.34907	0.45035
489.83119	0.44402
490.31330	0.44033
490.79542	0.43830
491.27754	0.43610
491.75966	0.43159
492.24177	0.42308
492.72389	0.41008
493.20601	0.39281
493.68812	0.37222
494.17024	0.34992
494.65236	0.32588
495.13448	0.30044
495.61659	0.27346
496.09871	0.24421
496.58083	0.21237
497.06295	0.17791
497.54506	0.14144
498.02718	0.10411
498.50930	0.06977
498.99142	0.04236
499.47353	0.02531
499.95565	0.02057
500.43777	0.02797
500.91988	0.04763
501.40200	0.07873
501.88412	0.11985
502.36624	0.17021
502.84835	0.22740
503.33047	0.28841
503.81259	0.34996
504.29471	0.40542
504.77682	0.44943
505.25894	0.47933
505.74106	0.49701
506.22318	0.50671
506.70529	0.51202
507.18741	0.51721
507.66953	0.52424
508.15164	0.53138
508.63376	0.53702
509.11588	0.54107
509.59800	0.54440
510.08011	0.54937
510.56223	0.55623
511.04435	0.56408
511.52647	0.57289
512.00858	0.57791
512.49070	0.57589
512.97282	0.56550
513.45493	0.54622
513.93705	0.52048
514.41917	0.49285
514.90129	0.46782
515.38340	0.44807
515.86552	0.43605
516.34764	0.43176
516.82976	0.43358
517.31187	0.43806
517.79399	0.44245
518.27611	0.44367
518.75823	0.43956
519.24034	0.42876
519.72246	0.41295
520.20458	0.39370
520.68669	0.37359
521.16881	0.35501
521.65093	0.34102
522.13305	0.33306
522.61516	0.33157
523.09728	0.33615
523.57940	0.34506
524.06152	0.35559
524.54363	0.36420
525.02575	0.36725
525.50787	0.36046
525.98998	0.34173
526.47210	0.31146
526.95422	0.27271
527.43634	0.22900
527.91845	0.18319
528.40057	0.13690
528.88269	0.09040
529.36481	0.04193
529.84692	-0.00976
530.32904	-0.06524
530.81116	-0.12396
531.29328	-0.18401
531.77539	-0.24163
532.25751	-0.29087
532.73963	-0.31989
533.22174	-0.32111
533.70386	-0.28495
534.18598	-0.21160
534.66810	-0.10533
535.15021	0.01516
535.63233	0.13668
536.11445	0.24317
536.59657	0.31597
537.07868	0.33730
537.56080	0.30307
538.04292	0.22923
538.52503	0.14626
539.00715	0.08186
539.48927	0.04244
539.97139	0.01884
540.45350	-0.00005
540.93562	-0.01601
541.41774	-0.03004
541.89986	-0.04080
542.38197	-0.04200
542.86409	-0.03312
543.34621	-0.01996
543.82833	-0.01466
544.31044	-0.02998
544.79256	-0.07351
545.27468	-0.12882
545.75679	-0.17460
546.23891	-0.19761
546.72103	-0.20570
547.20315	-0.20292
547.68526	-0.19244
548.16738	-0.17030
548.64950	-0.13632
549.13162	-0.08503
549.61373	-0.01701
550.09585	0.05630
550.57797	0.12339
551.06008	0.17634
551.54220	0.21406
552.02432	0.23989
552.50644	0.26084
552.98855	0.28073
553.47067	0.30451
553.95279	0.34288
554.43491	0.40257
554.91702	0.49899
555.39914	0.66989
555.88126	1.27657
556.36338	1.79843
556.84549	0.68960
557.32761	0.31199
557.80973	0.14598
558.29184	0.02012
558.77396	-0.08907
559.25608	-0.20181
559.73820	-0.34339
560.22031	-0.50446
560.70243	-0.53609
561.18455	-0.38056
561.66667	-0.22856
562.14878	-0.10849
562.63090	-0.03009
563.11302	0.00356
563.59513	-0.00526
564.07725	-0.04909
564.55937	-0.11899
565.04149	-0.20095
565.52360	-0.27695
566.00572	-0.32326
566.48784	-0.32577
566.96996	-0.28897
567.45207	-0.22960
567.93419	-0.16334
568.41631	-0.09726
568.89843	-0.03759
569.38054	0.01149
569.86266	0.04646
570.34478	0.06684
570.82689	0.07377
571.30901	0.06586
571.79113	0.04177
572.27325	-0.00180
572.75536	-0.06864
573.23748	-0.17830
573.71960	-0.29974
574.20172	-0.40001
574.68383	-0.47867
575.16595	-0.55434
575.64807	-0.68426
576.13018	-0.70270
576.61230	-0.58450
577.09442	-0.40143
577.57654	-0.27200
578.05865	-0.18173
578.54077	-0.12010
579.02289	-0.07933
579.50501	-0.05177
579.98712	-0.03192
580.46924	-0.01588
580.95136	-0.00008
581.43348	0.01502
581.91559	0.02652
582.39771	0.03023
582.87983	0.02279
583.36194	0.00731
583.84406	-0.01009
584.32618	-0.02056
584.80830	-0.02081
585.29041	-0.01168
585.77253	-0.00427
586.25465	-0.01107
586.73677	-0.04852
587.21888	-0.13889
587.70100	-0.30259
588.18312	-0.60189
588.66523	-1.26487
589.14735	-0.78744
589.62947	-0.18693
590.11159	0.12718
590.59370	0.31038
591.07582	0.45226
591.55794	0.52479
592.04006	0.50744
592.52217	0.43103
593.00429	0.32223
593.48641	0.20536
593.96853	0.10931
594.45064	0.05551
594.93276	0.05483
595.41488	0.09722
595.89699	0.17010
596.37911	0.26131
596.86123	0.32290
597.34335	0.27384
597.82546	0.13091
598.30758	-0.00500
598.78970	-0.11466
599.27182	-0.17999
599.75393	-0.18994
600.23605	-0.13640
600.71817	-0.02223
601.20029	0.13639
601.68240	0.30849
602.16452	0.43417
602.64664	0.43269
603.12875	0.37086
603.61087	0.31386
604.09299	0.26630
604.57511	0.21464
605.05722	0.15349
605.53934	0.08478
606.02146	0.01467
606.50358	-0.05976
606.98569	-0.14092
607.46781	-0.23277
607.94993	-0.33920
608.43204	-0.47870
608.91416	-0.64478
609.39628	-0.80206
609.87840	-0.80563
610.36051	-0.64768
610.84263	-0.51245
611.32475	-0.51767
611.80687	-0.91912
612.28898	-0.91912
612.77110	-0.70959
613.25322	-0.23078
613.73534	-0.08037
614.21745	0.02532
614.69957	0.10494
615.18169	0.16788
615.66380	0.21972
616.14592	0.26502
616.62804	0.30143
617.11016	0.32277
617.59227	0.29923
618.07439	0.19695
618.55651	0.01546
619.03863	-0.20172
619.52074	-0.42233
620.00286	-0.59475
620.48498	-0.68704
620.96709	-0.70831
621.44921	-0.70308
621.93133	-0.62655
622.41345	-0.49724
622.89556	-0.35897
623.37768	-0.22123
623.85980	-0.10289
624.34192	0.00067
624.82403	0.09383
625.30615	0.19001
625.78827	0.26639
626.27039	0.28933
626.75250	0.23863
627.23462	0.14012
627.71674	0.03388
628.19885	-0.05529
628.68097	-0.11737
629.16309	-0.15652
629.64521	-0.18634
630.12732	-0.21509
630.60944	-0.25144
631.09156	-0.31158
631.57368	-0.39568
632.05579	-0.49374
632.53791	-0.57758
633.02003	-0.54399
633.50214	-0.38668
633.98426	-0.22126
634.46638	-0.11494
634.94850	-0.03740
635.43061	0.00875
635.91273	0.02808
636.39485	0.02341
636.87697	-0.00458
637.35908	-0.05591
637.84120	-0.13200
638.32332	-0.23575
638.80544	-0.32203
639.28755	-0.41001
639.76967	-0.45106
640.25179	-0.45272
640.73390	-0.37164
641.21602	-0.27539
641.69814	-0.16889
642.18026	-0.06477
642.66237	0.02655
643.14449	0.10754
643.62661	0.18196
644.10873	0.25770
644.59084	0.48781
645.07296	1.78645
645.55508	5.00000
646.03719	0.67754
646.51931	0.02568
647.00143	-0.26581
647.48355	-0.29891
647.96566	-0.25902
648.44778	-0.22831
648.92990	-0.21507
649.41202	-0.21028
649.89413	-0.20803
650.37625	-0.17555
650.85837	-0.10099
651.34049	0.02723
651.82260	0.18509
652.30472	0.21821
652.78684	0.02408
653.26895	-0.19743
653.75107	-0.34386
654.23319	-0.43402
654.71531	-0.49100
655.19742	-0.51341
655.67954	-0.49942
656.16166	-0.44860
656.64378	-0.36375
657.12589	-0.24877
657.60801	-0.10681
658.09013	0.05509
658.57224	0.24350
659.05436	0.44810
659.53648	0.64039
660.01860	0.75825
660.50071	0.76454
660.98283	0.71712
661.46495	0.69388
661.94707	0.70598
662.42918	0.81577
662.91130	1.04068
663.39342	1.28848
663.87554	1.18994
664.35765	0.87840
664.83977	0.62599
665.32189	0.45720
665.80400	0.35460
666.28612	0.25737
666.76824	0.15793
667.25036	0.04730
667.73247	-0.10461
668.21459	-0.37114
668.69671	-0.51157
669.17883	-0.25124
669.66094	0.11604
670.14306	0.41707
670.62518	0.39002
671.10729	0.15573
671.58941	-0.06851
672.07153	-0.19095
672.55365	-0.16009
673.03576	-0.04706
673.51788	0.05004
674.00000	0.12643
674.48212	0.17744
674.96423	0.20358
675.44635	0.20765
675.92847	0.19260
676.41059	0.16048
676.89270	0.11560
677.37482	0.06435
677.85694	0.01507
678.33905	-0.02491
678.82117	-0.04944
679.30329	-0.05656
679.78541	-0.04396
680.26752	-0.01438
680.74964	0.02783
681.23176	0.09050
681.71388	0.15331
682.19599	0.18714
682.67811	0.16189
683.16023	0.07868
683.64234	-0.03152
684.12446	-0.12729
684.60658	-0.16660
685.08870	-0.13378
685.57081	-0.04616
686.05293	0.03373
686.53505	0.06028
687.01717	0.02556
687.49928	-0.05903
687.98140	-0.19434
688.46352	-0.38786
688.94564	-0.68488
689.42775	-0.75295
689.90987	-0.50879
690.39199	-0.34843
690.87410	-0.43226
691.35622	-1.23009
691.83834	5.00000
692.32046	-0.85808
692.80257	-0.33521
693.28469	-0.09794
693.76681	0.03223
694.24893	0.09453
694.73104	0.10935
695.21316	0.09122
695.69528	0.04607
696.17740	-0.02131
696.65951	-0.11240
697.14163	-0.21764
697.62375	-0.32020
698.10586	-0.39129
698.58798	-0.41074
699.07010	-0.40262
699.55222	-0.35781
700.03433	-0.28889
700.51645	-0.21272
700.99857	-0.14717
701.48069	-0.09752
701.96280	-0.06298
702.44492	-0.04391
702.92704	-0.04199
703.40915	-0.05729
703.89127	-0.08910
704.37339	-0.13098
704.85551	-0.18724
705.33762	-0.25277
705.81974	-0.31745
706.30186	-0.36635
706.78398	-0.38664
707.26609	-0.38163
707.74821	-0.36261
708.23033	-0.33433
708.71245	-0.30294
709.19456	-0.26859
709.67668	-0.22826
710.15880	-0.17537
710.64091	-0.10812
711.12303	-0.03567
711.60515	0.01159
712.08727	-0.18190
712.56938	-0.58851
713.05150	-0.50348
713.53362	-0.20567
714.01574	-0.02757
714.49785	0.10575
714.97997	0.20849
715.46209	0.28717
715.94420	0.34478
716.42632	0.38560
716.90844	0.41638
717.39056	0.44527
717.87267	0.48271
718.35479	0.54198
718.83691	0.64475
719.31903	0.84758
719.80114	1.82281
720.28326	2.07552
720.76538	0.58820
721.24750	0.16129
721.72961	-0.03300
722.21173	-0.17086
722.69385	-0.26245
723.17596	-0.32392
723.65808	-0.37377
724.14020	-0.42036
724.62232	-0.46321
725.10443	-0.50208
725.58655	-0.52660
726.06867	-0.53332
726.55079	-0.52994
727.03290	-0.53067
727.51502	-0.54391
727.99714	-0.56846
728.47925	-0.57691
728.96137	-0.54487
729.44349	-0.48607
729.92561	-0.42632
730.40772	-0.38595
730.88984	-0.37955
731.37196	-0.38029
731.85408	-0.40614
732.33619	-0.40621
732.81831	-0.32413
733.30043	-0.12853
733.78255	0.16144
734.26466	0.40847
734.74678	0.43501
735.22890	0.33419
735.71101	0.26170
736.19313	0.21104
736.67525	0.16932
737.15737	0.12063
737.63948	0.05012
738.12160	-0.05905
738.60372	-0.22757
739.08584	-0.46068
739.56795	-0.65515
740.05007	-0.52310
740.53219	-0.34508
741.01430	-0.22198
741.49642	-0.13590
741.97854	-0.06651
742.46066	-0.00125
742.94277	0.07105
743.42489	0.16747
743.90701	0.31284
744.38913	0.58876
744.87124	0.81527
745.35336	0.26564
745.83548	-0.22658
746.31760	-0.45633
746.79971	-0.50212
747.28183	-0.45002
747.76395	-0.36187
748.24606	-0.27431
748.72818	-0.19945
749.21030	-0.11940
749.69242	-0.03110
750.17453	0.06779
750.65665	0.15787
751.13877	0.20994
751.62089	0.19197
752.10300	0.13332
752.58512	0.07739
753.06724	0.03739
753.54935	0.00975
754.03147	-0.00987
754.51359	-0.02708
754.99571	-0.05143
755.47782	-0.09102
755.95994	-0.15662
756.44206	-0.46977
756.92418	5.00000
757.40629	5.00000
757.88841	-0.79930
758.37053	-0.35266
758.85265	-0.14390
759.33476	-0.01721
759.81688	0.06731
760.29900	0.13138
760.78111	0.19002
761.26323	0.25477
761.74535	0.33513
762.22747	0.44167
762.70958	0.55440
763.19170	0.61258
763.67382	0.58354
764.15594	0.52508
764.63805	0.47559
765.12017	0.45425
765.60229	0.47216
766.08440	0.59279
766.56652	0.91383
767.04864	1.22164
767.53076	0.78903
768.01287	0.48763
768.49499	0.32284
768.97711	0.23244
769.45923	0.18230
769.94134	0.15760
770.42346	0.14161
770.90558	0.13058
771.38770	0.12195
771.86981	0.11441
772.35193	0.10383
772.83405	0.08238
773.31616	0.03999
773.79828	-0.02829
774.28040	-0.12733
774.76252	-0.22064
775.24463	-0.26185
775.72675	-0.24341
776.20887	-0.18264
776.69099	-0.09965
777.17310	-0.00676
777.65522	0.09202
778.13734	0.21004
778.61945	0.35293
779.10157	0.52359
779.58369	0.71802
780.06581	0.89894
780.54792	1.00088
781.03004	1.00723
781.51216	0.86272
781.99428	0.60407
782.47639	0.36746
782.95851	0.20311
783.44063	0.06461
783.92275	-0.03087
784.40486	-0.08212
784.88698	-0.09162
785.36910	-0.06750
785.85121	-0.02420
786.33333	0.02914
786.81545	0.08591
787.29757	0.13711
787.77968	0.19177
788.26180	0.23554
788.74392	0.25259
789.22604	0.23641
789.70815	0.19318
790.19027	0.14082
790.67239	0.09347
791.15451	0.05571
791.63662	0.02750
792.11874	0.01142
792.60086	0.01448
793.08297	0.04597
793.56509	0.10656
794.04721	0.18269
794.52933	0.25484
795.01144	0.31022
795.49356	0.34794
795.97568	0.36649
796.45780	0.36398
796.93991	0.33413
797.42203	0.26276
797.90415	0.14663
798.38626	-0.01242
798.86838	-0.31855
799.35050	-0.90177
799.83262	-0.90177
800.31473	-1.23657
800.79685	-0.77333
801.27897	-0.52539
801.76109	-0.31883
802.24320	-0.12236
802.72532	0.06782
803.20744	0.22278
803.68956	0.31541
804.17167	0.33999
804.65379	0.32731
805.13591	0.29443
805.61802	0.25765
806.10014	0.22635
806.58226	0.20388
807.06438	0.18856
807.54649	0.18071
808.02861	0.17941
808.51073	0.16653
808.99285	0.14101
809.47496	0.07424
809.95708	-0.09916
810.43920	-0.80002
810.92131	-0.75258
811.40343	-0.19862
811.88555	-0.12152
812.36767	-0.26360
812.84978	-0.51730
813.33190	-0.86242
813.81402	-1.31163
814.29614	-1.31163
814.77825	-1.59798
815.26037	-1.33032
815.74249	-1.20349
816.22461	-1.10409
816.70672	-0.97469
817.18884	-0.83746
817.67096	-0.71962
818.15307	-0.62995
818.63519	-0.55673
819.11731	-0.49716
819.59943	-0.44950
820.08154	-0.40928
820.56366	-0.37427
821.04578	-0.34080
821.52790	-0.30665
822.01001	-0.27066
822.49213	-0.23218
822.97425	-0.18945
823.45636	-0.13866
823.93848	-0.06441
824.42060	0.05670
824.90272	0.26836
825.38483	0.66527
825.86695	1.07217
826.34907	0.63156
826.83119	0.30394
827.31330	0.15829
827.79542	0.10348
828.27754	0.05485
828.75966	0.00610
829.24177	-0.04335
829.72389	-0.08785
830.20601	-0.12231
830.68812	-0.13842
831.17024	-0.12880
831.65236	-0.09523
832.13448	-0.04300
832.61659	0.01647
833.09871	0.07215
833.58083	0.12012
834.06295	0.15692
834.54506	0.18140
835.02718	0.19408
835.50930	0.19474
835.99141	0.18063
836.47353	0.15042
836.95565	0.10645
837.43777	0.05714
837.91988	0.00986
838.40200	-0.03073
838.88412	-0.06567
839.36624	-0.09772
839.84835	-0.13057
840.33047	-0.16231
840.81259	-0.18586
841.29471	-0.18730
841.77682	-0.15004
842.25894	-0.06579
842.74106	0.05761
843.22317	0.20724
843.70529	0.38188
844.18741	0.57744
844.66953	0.78533
845.15164	0.95855
845.63376	0.98495
846.11588	0.89016
846.59800	0.78458
847.08011	0.70421
847.56223	0.63296
848.04435	0.56668
848.52646	0.50123
849.00858	0.43011
849.49070	0.35650
849.97282	0.29001
850.45493	0.24446
850.93705	0.23563
851.41917	0.27421
851.90129	0.34600
852.38340	0.43749
852.86552	0.56999
853.34764	0.72522
853.82976	0.77573
854.31187	0.68253
854.79399	0.55161
855.27611	0.48880
855.75822	0.48968
856.24034	0.56934
856.72246	0.97370
857.20458	5.00000
857.68669	0.91189
858.16881	0.26059
858.65093	0.02233
859.13305	-0.16023
859.61516	-0.31715
860.09728	-0.46632
860.57940	-0.59088
861.06151	-0.62153
861.54363	-0.52123
862.02575	-0.39242
862.50787	-0.27893
862.98998	-0.18878
863.47210	-0.10842
863.95422	-0.02579
864.43634	0.07189
864.91845	0.19721
865.40057	0.36486
865.88269	0.59839
866.36481	1.05589
866.84692	1.31831
867.32904	0.94922
867.81116	0.74475
868.29327	0.82222
868.77539	1.64292
869.25751	5.00000
869.73963	1.46178
870.22174	0.63081
870.70386	0.30926
871.18598	0.12359
871.66810	0.00913
872.15021	-0.08358
872.63233	-0.18070
873.11445	-0.28352
873.59656	-0.37055
874.07868	-0.40961
874.56080	-0.39853
875.04292	-0.34925
875.52503	-0.28802
876.00715	-0.22601
876.48927	-0.15592
876.97139	-0.07342
877.45350	0.01952
877.93562	0.12198
878.41774	0.22203
878.89986	0.31334
879.38197	0.38947
879.86409	0.44795
880.34621	0.49319
880.82832	0.54239
881.31044	0.62152
881.79256	0.84876
882.27468	1.30808
882.75679	1.31713
883.23891	0.77534
883.72103	0.51443
884.20315	0.36457
884.68526	0.32432
885.16738	0.45544
885.64950	0.71617
886.13161	0.68470
886.61373	0.28934
887.09585	0.11018
887.57797	0.00562
888.06008	-0.06733
888.54220	-0.12096
889.02432	-0.15997
889.50644	-0.17200
889.98855	-0.15558
890.47067	-0.11525
890.95279	-0.06662
891.43491	-0.02215
891.91702	0.00858
892.39914	0.02358
892.88126	0.02727
893.36337	0.02641
893.84549	0.03399
894.32761	0.05613
894.80973	0.09735
895.29184	0.16859
895.77396	0.27816
896.25608	0.43186
896.73820	0.63740
897.22031	0.87292
897.70243	0.76650
898.18455	0.49811
898.66667	0.32592
899.14878	0.23968
899.63090	0.18294
900.11302	0.14108
900.59513	0.10471
901.07725	0.05388
901.55937	0.00027
902.04149	-0.02903
902.52360	-0.00538
903.00572	0.06093
903.48784	0.14045
903.96996	0.21892
904.45207	0.29778
904.93419	0.39291
905.41631	0.50917
905.89842	0.60434
906.38054	0.56684
906.86266	0.35865
907.34478	0.08429
907.82689	-0.18106
908.30901	-0.42259
908.79113	-0.78578
909.27325	-1.18072
909.75536	-1.02902
910.23748	-0.66930
910.71960	-0.42713
911.20172	-0.21043
911.68383	-0.00204
912.16595	0.19875
912.64807	0.46370
913.13018	1.71057
913.61230	5.00000
914.09442	5.00000
914.57654	1.47644
915.05865	0.57401
915.54077	0.26451
916.02289	0.14227
916.50501	0.16112
916.98712	0.28540
917.46924	0.43806
917.95136	0.47674
918.43347	0.38298
918.91559	0.25870
919.39771	0.15979
919.87983	0.10290
920.36194	0.07995
920.84406	0.07573
921.32618	0.08722
921.80830	0.11267
922.29041	0.15834
922.77253	0.21740
923.25465	0.27338
923.73677	0.29555
924.21888	0.24302
924.70100	0.12067
925.18312	-0.02732
925.66523	-0.17131
926.14735	-0.37631
926.62947	-0.72282
927.11159	-1.29525
927.59370	-0.98833
928.07582	0.10128
928.55794	5.00000
929.04006	0.56074
929.52217	0.16144
930.00429	0.14350
930.48641	0.17129
930.96852	0.22080
931.45064	0.28066
931.93276	0.34442
932.41488	0.40190
932.89699	0.44387
933.37911	0.45992
933.86123	0.44284
934.34335	0.39559
934.82546	0.32547
935.30758	0.24535
935.78970	0.16897
936.27182	0.11118
936.75393	0.07909
937.23605	0.06898
937.71817	0.07343
938.20028	0.07679
938.68240	0.06920
939.16452	0.04619
939.64664	0.00753
940.12875	-0.04499
940.61087	-0.10848
941.09299	-0.17984
941.57511	-0.25327
942.05722	-0.33016
942.53934	-0.41027
943.02146	-0.49682
943.50357	-0.61326
943.98569	-0.72085
944.46781	-0.72555
944.94993	-0.62518
945.43204	-0.52152
945.91416	-0.44738
946.39628	-0.40169
946.87840	-0.38174
947.36051	-0.35993
947.84263	-0.32182
948.32475	-0.25350
948.80687	-0.15519
949.28898	-0.03713
949.77110	0.09696
950.25322	0.25100
950.73533	0.44966
951.21745	0.57458
951.69957	0.47365
952.18169	0.29730
952.66380	0.23063
953.14592	0.24405
953.62804	0.29949
954.11016	0.39221
954.59227	0.53460
955.07439	0.66727
955.55651	0.70698
956.03862	0.54098
956.52074	0.37233
957.00286	0.26388
957.48498	0.20829
957.96709	0.20264
958.44921	0.24802
958.93133	0.36638
959.41345	0.55426
959.89556	0.75533
960.37768	0.83446
960.85980	0.72081
961.34192	0.53345
961.82403	0.36207
962.30615	0.22001
962.78827	0.06954
963.27038	-0.13120
963.75250	-0.40988
964.23462	-0.78907
964.71674	-0.79649
965.19885	-0.30212
965.68097	0.03524
966.16309	0.24028
966.64521	0.42994
967.12732	0.83791
967.60944	1.60177
968.09156	1.98555
968.57367	0.97252
969.05579	0.76893
969.53791	0.68024
970.02003	0.61304
970.50214	0.51433
970.98426	0.38759
971.46638	0.27481
971.94850	0.20436
972.43061	0.17803
972.91273	0.16152
973.39485	0.14082
973.87697	0.10586
974.35908	0.03143
974.84120	-0.07013
975.32332	-0.17768
975.80543	-0.26402
976.28755	-0.32718
976.76967	-0.35896
977.25179	-0.36995
977.73390	-0.37207
978.21602	-0.36991
978.69814	-0.37122
979.18026	-0.37546
979.66237	-0.37907
980.14449	-0.38123
980.62661	-0.35247
981.10872	-0.26842
981.59084	-0.12425
982.07296	0.05181
982.55508	0.22895
983.03719	0.36710
983.51931	0.44818
984.00143	0.48171
984.48355	0.49715
984.96566	0.50365
985.44778	0.50651
985.92990	0.51020
986.41202	0.51484
986.89413	0.52320
987.37625	0.54112
987.85837	0.60188
988.34048	0.71633
988.82260	0.90174
989.30472	1.12378
989.78684	1.18150
990.26895	0.92667
990.75107	0.59772
991.23319	0.28938
991.71531	-0.02122
992.19742	-0.18281
992.67954	-0.03389
993.16166	0.16444
993.64378	0.28481
994.12589	0.38888
994.60801	0.48374
995.09013	0.57069
995.57224	0.65039
996.05436	0.69278
996.53648	0.64539
997.01860	0.49877
997.50071	0.30429
997.98283	0.09391
998.46495	-0.11783
998.94707	-0.31379
999.42918	-0.47517
