0.00000	0.40709
0.48212	0.39951
0.96423	0.38038
1.44635	0.35739
1.92847	0.33715
2.41059	0.31966
2.89270	0.30416
3.37482	0.28854
3.85694	0.27005
4.33906	0.24794
4.82117	0.21273
5.30329	0.16347
5.78541	0.10378
6.26753	0.04140
6.74964	-0.01135
7.23176	-0.04624
7.71388	-0.06268
8.19599	-0.06363
8.67811	-0.05444
9.16023	-0.03760
9.64235	-0.01446
10.12446	0.01103
10.60658	0.03940
11.08870	0.06772
11.57082	0.09170
12.05293	0.10182
12.53505	0.09599
13.01717	0.07271
13.49928	0.03827
13.98140	-0.00388
14.46352	0.22028
14.94564	0.18020
15.42775	0.14525
15.90987	0.11071
16.39199	0.08355
16.87411	0.06209
17.35622	0.04544
17.83834	0.03284
18.32046	0.02391
18.80258	0.01797
19.28469	0.01435
19.76681	0.01245
20.24893	0.01179
20.73104	0.01202
21.21316	0.01285
21.69528	0.01406
22.17740	0.01550
22.65951	0.01703
23.14163	0.01853
23.62375	0.01989
24.10587	0.02103
24.58798	0.02190
25.07010	0.02251
25.55222	0.02287
26.03433	0.02308
26.51645	0.02321
26.99857	0.02334
27.48069	0.02354
27.96280	0.02382
28.44492	0.02418
28.92704	0.02457
29.40916	0.02496
29.89127	0.02532
30.37339	0.02561
30.85551	0.02582
31.33763	0.02597
31.81974	0.02608
32.30186	0.02615
32.78398	0.02619
33.26609	0.02619
33.74821	0.02614
34.23033	0.02601
34.71245	0.02577
35.19456	0.02543
35.67668	0.02501
36.15880	0.02455
36.64092	0.02410
37.12303	0.02372
37.60515	0.02344
38.08727	0.02330
38.56938	0.02330
39.05150	0.02342
39.53362	0.02362
40.01574	0.02388
40.49785	0.02414
40.97997	0.02436
41.46209	0.02453
41.94421	0.02463
42.42632	0.02469
42.90844	0.02474
43.39056	0.02480
43.87268	0.02492
44.35479	0.02510
44.83691	0.02537
45.31903	0.02572
45.80114	0.02614
46.28326	0.02662
46.76538	0.02714
47.24750	0.02771
47.72961	0.02830
48.21173	0.02891
48.69385	0.02952
49.17597	0.03008
49.65808	0.03055
50.14020	0.03090
50.62232	0.03108
51.10443	0.03107
51.58655	0.03088
52.06867	0.03051
52.55079	0.03002
53.03290	0.02947
53.51502	0.02893
53.99714	0.02850
54.47926	0.02823
54.96137	0.02821
55.44349	0.02846
55.92561	0.02896
56.40773	0.02966
56.88984	0.03049
57.37196	0.03137
57.85408	0.03223
58.33619	0.03301
58.81831	0.03367
59.30043	0.03420
59.78255	0.03461
60.26466	0.03490
60.74678	0.03510
61.22890	0.03520
61.71102	0.03522
62.19313	0.03517
62.67525	0.03507
63.15737	0.03491
63.63948	0.03473
64.12160	0.03453
64.60372	0.03435
65.08584	0.03421
65.56795	0.03414
66.05007	0.03416
66.53219	0.03427
67.01431	0.03449
67.49642	0.03480
67.97854	0.03517
68.46066	0.03558
68.94278	0.03599
69.42489	0.03635
69.90701	0.03665
70.38913	0.03686
70.87124	0.03698
71.35336	0.03704
71.83548	0.03707
72.31760	0.03708
72.79971	0.03712
73.28183	0.03719
73.76395	0.03728
74.24607	0.03738
74.72818	0.03746
75.21030	0.03751
75.69242	0.03752
76.17453	0.03749
76.65665	0.03745
77.13877	0.03742
77.62089	0.03743
78.10300	0.03751
78.58512	0.03767
79.06724	0.03790
79.54936	0.03817
80.03147	0.03844
80.51359	0.03868
80.99571	0.03887
81.47783	0.03898
81.95994	0.03900
82.44206	0.03895
82.92418	0.03884
83.40629	0.03870
83.88841	0.03855
84.37053	0.03842
84.85265	0.03831
85.33476	0.03823
85.81688	0.03819
86.29900	0.03816
86.78112	0.03815
87.26323	0.03814
87.74535	0.03814
88.22747	0.03815
88.70958	0.03817
89.19170	0.03820
89.67382	0.03826
90.15594	0.03832
90.63805	0.03840
91.12017	0.03847
91.60229	0.03852
92.08441	0.03856
92.56652	0.03858
93.04864	0.03860
93.53076	0.03862
94.01288	0.03867
94.49499	0.03876
94.97711	0.03889
95.45923	0.03907
95.94134	0.03929
96.42346	0.03953
96.90558	0.03978
97.38770	0.04001
97.86981	0.04024
98.35193	0.04044
98.83405	0.04063
99.31617	0.04082
99.79828	0.04101
100.28040	0.04123
100.76252	0.04146
101.24464	0.04171
101.72675	0.04194
102.20887	0.04216
102.69099	0.04233
103.17310	0.04246
103.65522	0.04253
104.13734	0.04256
104.61946	0.04257
105.10157	0.04256
105.58369	0.04256
106.06581	0.04258
106.54793	0.04264
107.03004	0.04273
107.51216	0.04286
107.99428	0.04302
108.47639	0.04321
108.95851	0.04343
109.44063	0.04369
109.92275	0.04400
110.40486	0.04435
110.88698	0.04475
111.36910	0.04519
111.85122	0.04567
112.33333	0.04615
112.81545	0.04663
113.29757	0.04708
113.77969	0.04749
114.26180	0.04785
114.74392	0.04818
115.22604	0.04848
115.70815	0.04878
116.19027	0.04909
116.67239	0.04942
117.15451	0.04977
117.63662	0.05015
118.11874	0.05052
118.60086	0.05089
119.08298	0.05122
119.56509	0.05153
120.04721	0.05178
120.52933	0.05200
121.01144	0.05217
121.49356	0.05232
121.97568	0.05245
122.45780	0.05256
122.93991	0.05267
123.42203	0.05277
123.90415	0.05287
124.38627	0.05297
124.86838	0.05307
125.35050	0.05316
125.83262	0.05326
126.31474	0.05336
126.79685	0.05347
127.27897	0.05359
127.76109	0.05371
128.24320	0.05384
128.72532	0.05396
129.20744	0.05409
129.68956	0.05423
130.17167	0.05438
130.65379	0.05454
131.13591	0.05473
131.61803	0.05495
132.10014	0.05519
132.58226	0.05546
133.06438	0.05574
133.54649	0.05602
134.02861	0.05630
134.51073	0.05657
134.99285	0.05683
135.47496	0.05709
135.95708	0.05735
136.43920	0.05761
136.92132	0.05789
137.40343	0.05818
137.88555	0.05847
138.36767	0.05875
138.84979	0.05900
139.33190	0.05921
139.81402	0.05939
140.29614	0.05953
140.77825	0.05965
141.26037	0.05977
141.74249	0.05991
142.22461	0.06009
142.70672	0.06033
143.18884	0.06063
143.67096	0.06098
144.15308	0.06137
144.63519	0.06178
145.11731	0.06217
145.59943	0.06254
146.08154	0.06287
146.56366	0.06315
147.04578	0.06341
147.52790	0.06364
148.01001	0.06388
148.49213	0.06415
148.97425	0.06446
149.45637	0.06482
149.93848	0.06524
150.42060	0.06573
150.90272	0.06626
151.38484	0.06683
151.86695	0.06741
152.34907	0.06798
152.83119	0.06853
153.31330	0.06905
153.79542	0.06954
154.27754	0.07002
154.75966	0.07049
155.24177	0.07097
155.72389	0.07147
156.20601	0.07202
156.68813	0.07260
157.17024	0.07322
157.65236	0.07386
158.13448	0.07451
158.61659	0.07515
159.09871	0.07579
159.58083	0.07641
160.06295	0.07702
160.54506	0.07764
161.02718	0.07828
161.50930	0.07896
161.99142	0.07968
162.47353	0.08042
162.95565	0.08119
163.43777	0.08195
163.91989	0.08268
164.40200	0.08335
164.88412	0.08396
165.36624	0.08449
165.84835	0.08497
166.33047	0.08542
166.81259	0.08586
167.29471	0.08633
167.77682	0.08686
168.25894	0.08747
168.74106	0.08816
169.22318	0.08893
169.70529	0.08977
170.18741	0.09066
170.66953	0.09158
171.15164	0.09253
171.63376	0.09351
172.11588	0.09452
172.59800	0.09559
173.08011	0.09674
173.56223	0.09798
174.04435	0.09932
174.52647	0.10077
175.00858	0.10229
175.49070	0.10385
175.97282	0.10541
176.45494	0.10693
176.93705	0.10836
177.41917	0.10968
177.90129	0.11088
178.38340	0.11198
178.86552	0.11300
179.34764	0.11400
179.82976	0.11503
180.31187	0.11613
180.79399	0.11734
181.27611	0.11866
181.75823	0.12009
182.24034	0.12158
182.72246	0.12310
183.20458	0.12460
183.68669	0.12604
184.16881	0.12740
184.65093	0.12867
185.13305	0.12986
185.61516	0.13098
186.09728	0.13206
186.57940	0.13310
187.06152	0.13413
187.54363	0.13514
188.02575	0.13610
188.50787	0.13699
188.98999	0.13779
189.47210	0.13850
189.95422	0.13910
190.43634	0.13962
190.91845	0.14011
191.40057	0.14062
191.88269	0.14121
192.36481	0.14193
192.84692	0.14282
193.32904	0.14390
193.81116	0.14516
194.29328	0.14655
194.77539	0.14801
195.25751	0.14949
195.73963	0.15090
196.22174	0.15222
196.70386	0.15343
197.18598	0.15454
197.66810	0.15559
198.15021	0.15664
198.63233	0.15776
199.11445	0.15898
199.59657	0.16035
200.07868	0.16185
200.56080	0.16348
201.04292	0.16519
201.52504	0.16693
202.00715	0.16866
202.48927	0.17036
202.97139	0.17201
203.45350	0.17363
203.93562	0.17526
204.41774	0.17694
204.89986	0.17872
205.38197	0.18061
205.86409	0.18263
206.34621	0.18475
206.82833	0.18692
207.31044	0.18908
207.79256	0.19115
208.27468	0.19307
208.75680	0.19480
209.23891	0.19632
209.72103	0.19764
210.20315	0.19880
210.68526	0.19988
211.16738	0.20093
211.64950	0.20199
212.13162	0.20310
212.61373	0.20425
213.09585	0.20542
213.57797	0.20656
214.06009	0.20764
214.54220	0.20861
215.02432	0.20946
215.50644	0.21018
215.98855	0.21081
216.47067	0.21141
216.95279	0.21201
217.43491	0.21269
217.91702	0.21346
218.39914	0.21435
218.88126	0.21533
219.36338	0.21638
219.84549	0.21745
220.32761	0.21850
220.80973	0.21947
221.29185	0.22036
221.77396	0.22115
222.25608	0.22185
222.73820	0.22250
223.22031	0.22312
223.70243	0.22375
224.18455	0.22443
224.66667	0.22515
225.14878	0.22591
225.63090	0.22671
226.11302	0.22752
226.59514	0.22832
227.07725	0.22911
227.55937	0.22987
228.04149	0.23061
228.52360	0.23137
229.00572	0.23217
229.48784	0.23303
229.96996	0.23399
230.45207	0.23506
230.93419	0.23623
231.41631	0.23748
231.89843	0.23879
232.38054	0.24012
232.86266	0.24143
233.34478	0.24270
233.82690	0.24390
234.30901	0.24505
234.79113	0.24614
235.27325	0.24718
235.75536	0.24819
236.23748	0.24917
236.71960	0.25013
237.20172	0.25105
237.68383	0.25192
238.16595	0.25270
238.64807	0.25339
239.13019	0.25397
239.61230	0.25443
240.09442	0.25478
240.57654	0.25505
241.05865	0.25526
241.54077	0.25545
242.02289	0.25565
242.50501	0.25590
242.98712	0.25620
243.46924	0.25658
243.95136	0.25701
244.43348	0.25750
244.91559	0.25801
245.39771	0.25853
245.87983	0.25904
246.36195	0.25952
246.84406	0.25996
247.32618	0.26036
247.80830	0.26073
248.29041	0.26108
248.77253	0.26144
249.25465	0.26180
249.73677	0.26217
250.21888	0.26256
250.70100	0.26296
251.18312	0.26334
251.66524	0.26369
252.14735	0.26398
252.62947	0.26420
253.11159	0.26434
253.59370	0.26440
254.07582	0.26438
254.55794	0.26430
255.04006	0.26418
255.52217	0.26404
256.00429	0.26389
256.48641	0.26373
256.96853	0.26357
257.45064	0.26339
257.93276	0.26318
258.41488	0.26292
258.89700	0.26262
259.37911	0.26229
259.86123	0.26195
260.34335	0.26160
260.82546	0.26128
261.30758	0.26098
261.78970	0.26070
262.27182	0.26041
262.75393	0.26008
263.23605	0.25966
263.71817	0.25910
264.20029	0.25835
264.68240	0.25740
265.16452	0.25625
265.64664	0.25492
266.12875	0.25346
266.61087	0.25195
267.09299	0.25044
267.57511	0.24903
268.05722	0.24775
268.53934	0.24664
269.02146	0.24568
269.50358	0.24483
269.98569	0.24402
270.46781	0.24317
270.94993	0.24220
271.43205	0.24103
271.91416	0.23963
272.39628	0.23799
272.87840	0.23612
273.36051	0.23408
273.84263	0.23189
274.32475	0.22962
274.80687	0.22728
275.28898	0.22486
275.77110	0.22235
276.25322	0.21968
276.73534	0.21682
277.21745	0.21373
277.69957	0.21044
278.18169	0.20699
278.66380	0.20348
279.14592	0.20003
279.62804	0.19675
280.11016	0.19375
280.59227	0.19110
281.07439	0.18880
281.55651	0.18681
282.03863	0.18503
282.52074	0.18334
283.00286	0.18159
283.48498	0.17969
283.96710	0.17759
284.44921	0.17528
284.93133	0.17285
285.41345	0.17037
285.89556	0.16794
286.37768	0.16564
286.85980	0.16350
287.34192	0.16150
287.82403	0.15957
288.30615	0.15761
288.78827	0.15550
289.27039	0.15312
289.75250	0.15041
290.23462	0.14732
290.71674	0.14388
291.19885	0.14017
291.68097	0.13625
292.16309	0.13221
292.64521	0.12811
293.12732	0.12395
293.60944	0.11972
294.09156	0.11537
294.57368	0.11088
295.05579	0.10623
295.53791	0.10150
296.02003	0.09682
296.50215	0.09239
296.98426	0.08845
297.46638	0.08521
297.94850	0.08281
298.43061	0.08130
298.91273	0.08063
299.39485	0.08063
299.87697	0.08111
300.35908	0.08186
300.84120	0.08272
301.32332	0.08360
301.80544	0.08454
302.28755	0.08559
302.76967	0.08688
303.25179	0.08848
303.73391	0.09041
304.21602	0.09259
304.69814	0.09483
305.18026	0.09692
305.66237	0.09860
306.14449	0.09968
306.62661	0.10006
307.10873	0.09975
307.59084	0.09890
308.07296	0.09774
308.55508	0.09656
309.03720	0.09560
309.51931	0.09502
310.00143	0.09486
310.48355	0.09501
310.96566	0.09527
311.44778	0.09539
311.92990	0.09508
312.41202	0.09412
312.89413	0.09240
313.37625	0.08993
313.85837	0.08686
314.34049	0.08347
314.82260	0.08006
315.30472	0.07693
315.78684	0.07428
316.26896	0.07219
316.75107	0.07062
317.23319	0.06942
317.71531	0.06838
318.19742	0.06730
318.67954	0.06607
319.16166	0.06465
319.64378	0.06312
320.12589	0.06163
320.60801	0.06032
321.09013	0.05926
321.57225	0.05840
322.05436	0.05751
322.53648	0.05625
323.01860	0.05419
323.50071	0.05093
323.98283	0.04618
324.46495	0.03983
324.94707	0.03202
325.42918	0.02309
325.91130	0.01355
326.39342	0.00393
326.87554	-0.00530
327.35765	-0.01382
327.83977	-0.02149
328.32189	-0.02832
328.80401	-0.03440
329.28612	-0.03983
329.76824	-0.04461
330.25036	-0.04863
330.73247	-0.05166
331.21459	-0.05343
331.69671	-0.05364
332.17883	-0.05217
332.66094	-0.04908
333.14306	-0.04468
333.62518	-0.03943
334.10730	-0.03390
334.58941	-0.02870
335.07153	-0.02430
335.55365	-0.02098
336.03576	-0.01883
336.51788	-0.01765
337.00000	-0.01705
337.48212	-0.01661
337.96423	-0.01593
338.44635	-0.01476
338.92847	-0.01303
339.41059	-0.01090
339.89270	-0.00867
340.37482	-0.00670
340.85694	-0.00540
341.33906	-0.00513
341.82117	-0.00618
342.30329	-0.00865
342.78541	-0.01244
343.26752	-0.01732
343.74964	-0.02292
344.23176	-0.02885
344.71388	-0.03477
345.19599	-0.04040
345.67811	-0.04556
346.16023	-0.05012
346.64235	-0.05396
347.12446	-0.05699
347.60658	-0.05912
348.08870	-0.06028
348.57081	-0.06050
349.05293	-0.05990
349.53505	-0.05869
350.01717	-0.05717
350.49928	-0.05564
350.98140	-0.05432
351.46352	-0.05333
351.94564	-0.05261
352.42775	-0.05202
352.90987	-0.05137
353.39199	-0.05047
353.87411	-0.04919
354.35622	-0.04751
354.83834	-0.04550
355.32046	-0.04335
355.80257	-0.04131
356.28469	-0.03968
356.76681	-0.03867
357.24893	-0.03846
357.73104	-0.03915
358.21316	-0.04073
358.69528	-0.04314
359.17740	-0.04623
359.65951	-0.04985
360.14163	-0.05382
360.62375	-0.05795
361.10586	-0.06206
361.58798	-0.06600
362.07010	-0.06963
362.55222	-0.07282
363.03433	-0.07550
363.51645	-0.07759
363.99857	-0.07908
364.48069	-0.07999
364.96280	-0.08036
365.44492	-0.08026
365.92704	-0.07980
366.40916	-0.07906
366.89127	-0.07812
367.37339	-0.07703
367.85551	-0.07587
368.33762	-0.07464
368.81974	-0.07341
369.30186	-0.07217
369.78398	-0.07096
370.26609	-0.06980
370.74821	-0.06870
371.23033	-0.06766
371.71245	-0.06667
372.19456	-0.06573
372.67668	-0.06483
373.15880	-0.06400
373.64091	-0.06329
374.12303	-0.06282
374.60515	-0.06276
375.08727	-0.06326
375.56938	-0.06447
376.05150	-0.06642
376.53362	-0.06906
377.01574	-0.07217
377.49785	-0.07541
377.97997	-0.07839
378.46209	-0.08063
378.94421	-0.08177
379.42632	-0.08150
379.90844	-0.07965
380.39056	-0.07619
380.87267	-0.07123
381.35479	-0.06502
381.83691	-0.05793
382.31903	-0.05042
382.80114	-0.04309
383.28326	-0.03654
383.76538	-0.03137
384.24750	-0.02810
384.72961	-0.02704
385.21173	-0.02829
385.69385	-0.03161
386.17596	-0.03657
386.65808	-0.04256
387.14020	-0.04891
387.62232	-0.05503
388.10443	-0.06050
388.58655	-0.06514
389.06867	-0.06907
389.55079	-0.07260
390.03290	-0.07618
390.51502	-0.08024
390.99714	-0.08506
391.47926	-0.09067
391.96137	-0.09684
392.44349	-0.10319
392.92561	-0.10925
393.40772	-0.11451
393.88984	-0.11861
394.37196	-0.12135
394.85408	-0.12266
395.33619	-0.12264
395.81831	-0.12144
396.30043	-0.11931
396.78255	-0.11650
397.26466	-0.11322
397.74678	-0.10966
398.22890	-0.10595
398.71102	-0.10225
399.19313	-0.09866
399.67525	-0.09533
400.15737	-0.09243
400.63948	-0.09011
401.12160	-0.08849
401.60372	-0.08759
402.08584	-0.08730
402.56795	-0.08743
403.05007	-0.08767
403.53219	-0.08772
404.01431	-0.08737
404.49642	-0.08653
404.97854	-0.08530
405.46066	-0.08398
405.94277	-0.08300
406.42489	-0.08281
406.90701	-0.08377
407.38913	-0.08609
407.87124	-0.08966
408.35336	-0.09408
408.83548	-0.09870
409.31760	-0.10274
409.79971	-0.10547
410.28183	-0.10638
410.76395	-0.10530
411.24607	-0.10243
411.72818	-0.09819
412.21030	-0.09315
412.69242	-0.08790
413.17453	-0.08289
413.65665	-0.07837
414.13877	-0.07430
414.62089	-0.07050
415.10300	-0.06663
415.58512	-0.06236
416.06724	-0.05748
416.54936	-0.05196
417.03147	-0.04599
417.51359	-0.04000
417.99571	-0.03450
418.47782	-0.03000
418.95994	-0.02699
419.44206	-0.02585
419.92418	-0.02677
420.40629	-0.02982
420.88841	-0.03493
421.37053	-0.04179
421.85265	-0.04999
422.33476	-0.05893
422.81688	-0.06791
423.29900	-0.07619
423.78112	-0.08303
424.26323	-0.08781
424.74535	-0.09009
425.22747	-0.08971
425.70958	-0.08676
426.19170	-0.08160
426.67382	-0.07485
427.15594	-0.06729
427.63805	-0.05977
428.12017	-0.05317
428.60229	-0.04822
429.08441	-0.04546
429.56652	-0.04510
430.04864	-0.04706
430.53076	-0.05099
431.01287	-0.05630
431.49499	-0.06237
431.97711	-0.06854
432.45923	-0.07433
432.94134	-0.07939
433.42346	-0.08357
433.90558	-0.08699
434.38770	-0.08993
434.86981	-0.09276
435.35193	-0.09582
435.83405	-0.09930
436.31617	-0.10320
436.79828	-0.10732
437.28040	-0.11138
437.76252	-0.11515
438.24463	-0.11845
438.72675	-0.12130
439.20887	-0.12382
439.69099	-0.12627
440.17310	-0.12885
440.65522	-0.13169
441.13734	-0.13464
441.61946	-0.13732
442.10157	-0.13916
442.58369	-0.13944
443.06581	-0.13764
443.54792	-0.13371
444.03004	-0.12816
444.51216	-0.12186
444.99428	-0.11584
445.47639	-0.11102
445.95851	-0.10795
446.44063	-0.10674
446.92275	-0.10708
447.40486	-0.10835
447.88698	-0.10978
448.36910	-0.11062
448.85122	-0.11030
449.33333	-0.10865
449.81545	-0.10580
450.29757	-0.10218
450.77968	-0.09837
451.26180	-0.09481
451.74392	-0.09181
452.22604	-0.08938
452.70815	-0.08736
453.19027	-0.08546
453.67239	-0.08340
454.15451	-0.08093
454.63662	-0.07794
455.11874	-0.07441
455.60086	-0.07043
456.08297	-0.06607
456.56509	-0.06143
457.04721	-0.05664
457.52933	-0.05177
458.01144	-0.04692
458.49356	-0.04213
458.97568	-0.03750
459.45780	-0.03316
459.93991	-0.02923
460.42203	-0.02595
460.90415	-0.02358
461.38627	-0.02244
461.86838	-0.02286
462.35050	-0.02518
462.83262	-0.02965
463.31473	-0.03643
463.79685	-0.04554
464.27897	-0.05683
464.76109	-0.07005
465.24320	-0.08464
465.72532	-0.10010
466.20744	-0.11575
466.68956	-0.13078
467.17167	-0.14441
467.65379	-0.15586
468.13591	-0.16453
468.61802	-0.17016
469.10014	-0.17257
469.58226	-0.17228
470.06438	-0.16989
470.54649	-0.16611
471.02861	-0.16166
471.51073	-0.15708
471.99285	-0.15275
472.47496	-0.14888
472.95708	-0.14554
473.43920	-0.14280
473.92132	-0.14074
474.40343	-0.13953
474.88555	-0.13946
475.36767	-0.14087
475.84978	-0.14396
476.33190	-0.14881
476.81402	-0.15524
477.29614	-0.16273
477.77825	-0.17059
478.26037	-0.17798
478.74249	-0.18404
479.22461	-0.18821
479.70672	-0.19021
480.18884	-0.19029
480.67096	-0.18914
481.15307	-0.18764
481.63519	-0.18666
482.11731	-0.18681
482.59943	-0.18819
483.08154	-0.19034
483.56366	-0.19236
484.04578	-0.19305
484.52790	-0.19122
485.01001	-0.18578
485.49213	-0.17609
485.97425	-0.16205
486.45637	-0.14419
486.93848	-0.12372
487.42060	-0.10237
487.90272	-0.08224
488.38483	-0.06563
488.86695	-0.05422
489.34907	-0.04916
489.83119	-0.05057
490.31330	-0.05746
490.79542	-0.06804
491.27754	-0.08019
491.75966	-0.09188
492.24177	-0.10193
492.72389	-0.10989
493.20601	-0.11650
493.68812	-0.12318
494.17024	-0.13178
494.65236	-0.14396
495.13448	-0.16070
495.61659	-0.18210
496.09871	-0.20746
496.58083	-0.23401
497.06295	-0.25779
497.54506	-0.27437
498.02718	-0.27979
498.50930	-0.27148
498.99142	-0.25049
499.47353	-0.22057
499.95565	-0.18715
500.43777	-0.15395
500.91988	-0.12405
501.40200	-0.09956
501.88412	-0.08169
502.36624	-0.07069
502.84835	-0.06667
503.33047	-0.06951
503.81259	-0.07907
504.29471	-0.09483
504.77682	-0.11624
505.25894	-0.14238
505.74106	-0.17217
506.22318	-0.20363
506.70529	-0.23460
507.18741	-0.26257
507.66953	-0.28505
508.15164	-0.29944
508.63376	-0.30422
509.11588	-0.29926
509.59800	-0.28620
510.08011	-0.26727
510.56223	-0.24520
511.04435	-0.22286
511.52647	-0.20290
512.00858	-0.18710
512.49070	-0.17685
512.97282	-0.17283
513.45493	-0.17508
513.93705	-0.18300
514.41917	-0.19523
514.90129	-0.21011
515.38340	-0.22622
515.86552	-0.24225
516.34764	-0.25787
516.82976	-0.27353
517.31187	-0.29040
517.79399	-0.30987
518.27611	-0.33318
518.75823	-0.36138
519.24034	-0.39445
519.72246	-0.43133
520.20458	-0.46864
520.68669	-0.50124
521.16881	-0.51996
521.65093	-0.51898
522.13305	-0.49710
522.61516	-0.46009
523.09728	-0.41373
523.57940	-0.36499
524.06152	-0.31587
524.54363	-0.26748
525.02575	-0.21937
525.50787	-0.17168
525.98998	-0.12502
526.47210	-0.08081
526.95422	-0.04099
527.43634	-0.00828
527.91845	0.01491
528.40057	0.02674
528.88269	0.02649
529.36481	0.01514
529.84692	-0.00486
530.32904	-0.02957
530.81116	-0.05507
531.29328	-0.07729
531.77539	-0.09460
532.25751	-0.10735
532.73963	-0.11770
533.22174	-0.12729
533.70386	-0.13752
534.18598	-0.14912
534.66810	-0.16286
535.15021	-0.17784
535.63233	-0.19336
536.11445	-0.20839
536.59657	-0.22200
537.07868	-0.23362
537.56080	-0.24322
538.04292	-0.25102
538.52503	-0.25866
539.00715	-0.26693
539.48927	-0.27783
539.97139	-0.29289
540.45350	-0.31348
540.93562	-0.33877
541.41774	-0.36574
541.89986	-0.38960
542.38197	-0.40530
542.86409	-0.41097
543.34621	-0.40891
543.82833	-0.40323
544.31044	-0.39859
544.79256	-0.39526
545.27468	-0.39120
545.75679	-0.38378
546.23891	-0.37197
546.72103	-0.35500
547.20315	-0.33284
547.68526	-0.30546
548.16738	-0.27334
548.64950	-0.23453
549.13162	-0.18765
549.61373	-0.13192
550.09585	-0.06673
550.57797	0.00362
551.06008	0.07092
551.54220	0.12420
552.02432	0.15391
552.50644	0.15488
552.98855	0.12613
553.47067	0.07009
553.95279	-0.01422
554.43491	-0.12617
554.91702	-0.26347
555.39914	-0.42355
555.88126	-0.58781
556.36338	-0.59712
556.84549	-0.44989
557.32761	-0.29371
557.80973	-0.19267
558.29184	-0.12337
558.77396	-0.08203
559.25608	-0.06501
559.73820	-0.06658
560.22031	-0.08017
560.70243	-0.09960
561.18455	-0.11950
561.66667	-0.13729
562.14878	-0.15000
562.63090	-0.15766
563.11302	-0.16132
563.59513	-0.16150
564.07725	-0.15869
564.55937	-0.15273
565.04149	-0.14264
565.52360	-0.12831
566.00572	-0.10942
566.48784	-0.08680
566.96996	-0.06132
567.45207	-0.03453
567.93419	-0.00807
568.41631	0.01717
568.89843	0.04137
569.38054	0.06643
569.86266	0.09022
570.34478	0.10868
570.82689	0.11721
571.30901	0.10802
571.79113	0.07649
572.27325	0.02570
572.75536	-0.03775
573.23748	-0.10369
573.71960	-0.16479
574.20172	-0.20747
574.68383	-0.21944
575.16595	-0.19602
575.64807	-0.13981
576.13018	-0.06598
576.61230	0.00562
577.09442	0.05366
577.57654	0.07474
578.05865	0.06663
578.54077	0.03253
579.02289	-0.02355
579.50501	-0.09502
579.98712	-0.17982
580.46924	-0.27759
580.95136	-0.39255
581.43348	-0.52718
581.91559	-0.68911
582.39771	-0.89367
582.87983	-1.06037
583.36194	-0.97015
583.84406	-0.74482
584.32618	-0.57474
584.80830	-0.48247
585.29041	-0.42805
585.77253	-0.38622
586.25465	-0.32692
586.73677	-0.24940
587.21888	-0.16695
587.70100	-0.09902
588.18312	-0.06014
588.66523	-0.05734
589.14735	-0.09012
589.62947	-0.16600
590.11159	-0.29167
590.59370	-0.41904
591.07582	-0.53402
591.55794	-0.60573
592.04006	-0.67392
592.52217	-0.92063
593.00429	5.00000
593.48641	5.00000
593.96853	-1.08304
594.45064	-0.66216
594.93276	-0.40867
595.41488	-0.21154
595.89699	-0.04301
596.37911	0.10875
596.86123	0.22330
597.34335	0.28671
597.82546	0.30430
598.30758	0.30078
598.78970	0.29755
599.27182	0.30757
599.75393	0.34274
600.23605	0.40779
600.71817	0.51753
601.20029	0.65289
601.68240	0.77037
602.16452	0.81323
602.64664	0.76758
603.12875	0.68557
603.61087	0.61431
604.09299	0.56350
604.57511	0.50512
605.05722	0.42537
605.53934	0.31720
606.02146	0.17707
606.50358	0.00722
606.98569	-0.19196
607.46781	-0.42546
607.94993	-0.68956
608.43204	-0.77867
608.91416	-0.59997
609.39628	-0.39504
609.87840	-0.26875
610.36051	-0.16521
610.84263	-0.08004
611.32475	-0.01205
611.80687	0.03748
612.28898	0.06817
612.77110	0.07846
613.25322	0.06719
613.73534	0.03435
614.21745	-0.02080
614.69957	-0.09620
615.18169	-0.18712
615.66380	-0.28582
616.14592	-0.38433
616.62804	-0.46160
617.11016	-0.49228
617.59227	-0.45773
618.07439	-0.36584
618.55651	-0.24529
619.03863	-0.12929
619.52074	-0.04986
620.00286	-0.01973
620.48498	-0.03742
620.96709	-0.08585
621.44921	-0.15490
621.93133	-0.22791
622.41345	-0.27891
622.89556	-0.28391
623.37768	-0.23298
623.85980	-0.17283
624.34192	-0.14750
624.82403	-0.17063
625.30615	-0.21691
625.78827	-0.24049
626.27039	-0.20843
626.75250	-0.12836
627.23462	-0.03183
627.71674	0.07427
628.19885	0.19184
628.68097	0.32686
629.16309	0.68006
629.64521	5.00000
630.12732	5.00000
630.60944	1.84358
631.09156	0.95224
631.57368	0.62577
632.05579	0.31369
632.53791	-0.11208
633.02003	-0.11208
633.50214	-0.11208
633.98426	-0.26177
634.46638	0.01822
634.94850	0.09690
635.43061	0.15605
635.91273	0.19593
636.39485	0.21331
636.87697	0.20479
637.35908	0.17029
637.84120	0.11331
638.32332	0.03960
638.80544	-0.04745
639.28755	-0.14348
639.76967	-0.24337
640.25179	-0.34112
640.73390	-0.42765
641.21602	-0.49878
641.69814	-0.55077
642.18026	-0.58558
642.66237	-0.61755
643.14449	-0.62096
643.62661	-0.58858
644.10873	-0.52949
644.59084	-0.46119
645.07296	-0.39171
645.55508	-0.32115
646.03719	-0.24931
646.51931	-0.17235
647.00143	-0.07917
647.48355	0.04072
647.96566	0.19761
648.44778	0.41452
648.92990	0.73824
649.41202	0.88246
649.89413	0.75216
650.37625	0.54740
650.85837	0.41035
651.34049	0.30444
651.82260	0.21778
652.30472	0.14982
652.78684	0.09998
653.26895	0.06539
653.75107	0.03793
654.23319	0.01140
654.71531	-0.02234
655.19742	-0.04451
655.67954	-0.04118
656.16166	-0.00973
656.64378	0.03388
657.12589	0.08360
657.60801	0.13651
658.09013	0.19462
658.57224	0.25718
659.05436	0.32391
659.53648	0.39259
660.01860	0.45626
660.50071	0.49004
660.98283	0.47671
661.46495	0.42215
661.94707	0.35179
662.42918	0.27886
662.91130	0.21210
663.39342	0.15556
663.87554	0.11033
664.35765	0.07434
664.83977	0.05228
665.32189	0.05471
665.80400	0.07819
666.28612	0.12489
666.76824	-0.05408
667.25036	-0.22645
667.73247	-0.30153
668.21459	-0.32334
668.69671	-0.32506
669.17883	-0.32572
669.66094	-0.32184
670.14306	-0.30992
670.62518	-0.28786
671.10729	-0.25321
671.58941	-0.20156
672.07153	-0.12570
672.55365	-0.01122
673.03576	0.17468
673.51788	0.43362
674.00000	0.59311
674.48212	0.32561
674.96423	0.12952
675.44635	0.04232
675.92847	-0.00219
676.41059	-0.02112
676.89270	-0.02444
677.37482	-0.02100
677.85694	-0.01582
678.33905	-0.01301
678.82117	-0.01413
679.30329	-0.01889
679.78541	-0.02610
680.26752	-0.03670
680.74964	-0.05380
681.23176	-0.08500
681.71388	-0.14246
682.19599	-0.24677
682.67811	-0.44468
683.16023	-0.80043
683.64234	-0.85111
684.12446	-0.27207
684.60658	0.05774
685.08870	0.34042
685.57081	0.60740
686.05293	0.65658
686.53505	0.47656
687.01717	0.30599
687.49928	0.16323
687.98140	0.04680
688.46352	-0.04274
688.94564	-0.10316
689.42775	-0.13816
689.90987	-0.14540
690.39199	-0.12631
690.87410	-0.08412
691.35622	-0.02588
691.83834	0.04255
692.32046	0.11480
692.80257	0.18413
693.28469	0.24225
693.76681	0.28051
694.24893	0.29133
694.73104	0.27150
695.21316	0.22992
695.69528	0.18125
696.17740	0.14352
696.65951	0.12340
697.14163	0.13495
697.62375	0.17342
698.10586	0.23082
698.58798	0.29807
699.07010	0.37284
699.55222	0.45537
700.03433	0.55274
700.51645	0.71360
700.99857	0.85543
701.48069	0.65003
701.96280	0.26569
702.44492	-0.17710
702.92704	-0.96538
703.40915	-1.09257
703.89127	-0.58125
704.37339	-0.38687
704.85551	-0.25675
705.33762	-0.14666
705.81974	-0.04308
706.30186	0.04868
706.78398	0.12346
707.26609	0.16632
707.74821	0.17246
708.23033	0.14722
708.71245	0.10576
709.19456	0.05581
709.67668	0.00308
710.15880	-0.04337
710.64091	-0.07878
711.12303	-0.08850
711.60515	-0.06096
712.08727	0.00453
712.56938	0.08418
713.05150	0.14948
713.53362	0.16956
714.01574	0.12608
714.49785	0.02578
714.97997	-0.10927
715.46209	-0.25408
715.94420	-0.36867
716.42632	-0.43215
716.90844	-0.44377
717.39056	-0.42757
717.87267	-0.40692
718.35479	-0.37903
718.83691	-0.33831
719.31903	-0.26987
719.80114	-0.15241
720.28326	0.01586
720.76538	0.22244
721.24750	0.44468
721.72961	0.64938
722.21173	0.66982
722.69385	0.55421
723.17596	0.44904
723.65808	0.39444
724.14020	0.35982
724.62232	0.34067
725.10443	0.33799
725.58655	0.35116
726.06867	0.37996
726.55079	0.42122
727.03290	0.47138
727.51502	0.52429
727.99714	0.56592
728.47925	0.58227
728.96137	0.56787
729.44349	0.53033
729.92561	0.48113
730.40772	0.42938
730.88984	0.38249
731.37196	0.34423
731.85408	0.31486
732.33619	0.29381
732.81831	0.28023
733.30043	0.27375
733.78255	0.31723
734.26466	0.42426
734.74678	0.55932
735.22890	0.66925
735.71101	0.98291
736.19313	1.13347
736.67525	0.69562
737.15737	0.34205
737.63948	0.09191
738.12160	-0.06636
738.60372	-0.14743
739.08584	-0.17796
739.56795	-0.17957
740.05007	-0.15782
740.53219	-0.11938
741.01430	-0.06434
741.49642	0.02355
741.97854	0.14942
742.46066	0.30894
742.94277	0.48074
743.42489	0.56494
743.90701	0.53013
744.38913	0.45170
744.87124	0.40323
745.35336	0.37399
745.83548	0.37088
746.31760	0.41070
746.79971	0.49981
747.28183	0.61610
747.76395	0.45439
748.24606	0.23196
748.72818	0.08928
749.21030	0.03446
749.69242	0.01936
750.17453	0.01781
750.65665	0.02330
751.13877	0.03782
751.62089	0.06540
752.10300	0.11562
752.58512	0.21447
753.06724	0.31206
753.54935	0.28985
754.03147	0.14354
754.51359	0.01242
754.99571	-0.07767
755.47782	-0.12319
755.95994	-0.12957
756.44206	-0.10049
756.92418	-0.03740
757.40629	0.06834
757.88841	0.24094
758.37053	0.66519
758.85265	0.61258
759.33476	0.11602
759.81688	-0.13471
760.29900	-0.23786
760.78111	-0.26649
761.26323	-0.25201
761.74535	-0.22194
762.22747	-0.18107
762.70958	-0.15133
763.19170	-0.13799
763.67382	-0.14709
764.15594	-0.31304
764.63805	-0.31304
765.12017	5.00000
765.60229	-0.98094
766.08440	-0.35100
766.56652	-0.15406
767.04864	-0.08064
767.53076	-0.07385
768.01287	-0.11108
768.49499	-0.18206
768.97711	-0.28578
769.45923	-0.43116
769.94134	-0.76271
770.42346	-1.44779
770.90558	-1.22089
771.38770	-0.66900
771.86981	-0.43673
772.35193	-0.27504
772.83405	-0.14920
773.31616	-0.04567
773.79828	0.04501
774.28040	0.12025
774.76252	0.17210
775.24463	0.19075
775.72675	0.17046
776.20887	0.11359
776.69099	0.03264
777.17310	-0.05948
777.65522	-0.15496
778.13734	-0.25653
778.61945	-0.37164
779.10157	-0.51910
779.58369	-0.81892
780.06581	-1.31162
780.54792	-1.05227
781.03004	-0.61225
781.51216	-0.43503
781.99428	-0.33197
782.47639	-0.27769
782.95851	-0.25994
783.44063	-0.27287
783.92275	-0.31221
784.40486	-0.38417
784.88698	-0.50838
785.36910	-0.60062
785.85121	-0.49945
786.33333	-0.22414
786.81545	0.01725
787.29757	0.23769
787.77968	0.46111
788.26180	0.64181
788.74392	0.67763
789.22604	0.55784
789.70815	0.39679
790.19027	0.26624
790.67239	0.18359
791.15451	0.14259
791.63662	0.12708
792.11874	0.13191
792.60086	0.14913
793.08297	0.16674
793.56509	0.17212
794.04721	0.16947
794.52933	0.19845
795.01144	0.27330
795.49356	0.38691
795.97568	0.52058
796.45780	0.67551
796.93991	0.69127
797.42203	0.62011
797.90415	0.49134
798.38626	0.37419
798.86838	0.23764
799.35050	0.09079
799.83262	-0.04365
800.31473	-0.13854
800.79685	-0.18978
801.27897	-0.21978
801.76109	-0.23856
802.24320	-0.25335
802.72532	-0.27020
803.20744	-0.27935
803.68956	-0.27620
804.17167	-0.25806
804.65379	-0.22550
805.13591	-0.18173
805.61802	-0.13196
806.10014	-0.08032
806.58226	-0.03018
807.06438	0.02072
807.54649	0.07477
808.02861	0.13684
808.51073	0.22877
808.99285	0.37211
809.47496	0.60158
809.95708	1.02459
810.43920	1.70598
810.92131	0.75579
811.40343	0.23637
811.88555	-0.05016
812.36767	-0.32628
812.84978	-0.75737
813.33190	-1.01867
813.81402	-0.85085
814.29614	-0.66629
814.77825	-0.59973
815.26037	-0.58341
815.74249	-0.57671
816.22461	-0.49647
816.70672	-0.30947
817.18884	-0.05749
817.67096	0.19979
818.15307	0.40879
818.63519	0.38368
819.11731	0.24288
819.59943	0.14014
820.08154	0.10774
820.56366	0.10939
821.04578	0.14185
821.52790	0.20275
822.01001	0.28323
822.49213	0.38501
822.97425	0.49111
823.45636	0.57116
823.93848	0.58785
824.42060	0.53866
824.90272	0.46203
825.38483	0.39908
825.86695	0.35133
826.34907	0.30757
826.83119	0.25891
827.31330	0.19986
827.79542	0.12885
828.27754	0.04612
828.75966	-0.04458
829.24177	-0.13926
829.72389	-0.20998
830.20601	-0.21487
830.68812	-0.12978
831.17024	0.00109
831.65236	0.13379
832.13448	0.19404
832.61659	0.15432
833.09871	0.05487
833.58083	-0.04222
834.06295	-0.13110
834.54506	-0.20448
835.02718	-0.25670
835.50930	-0.28457
835.99141	-0.28598
836.47353	-0.25988
836.95565	-0.20657
837.43777	-0.12484
837.91988	-0.02512
838.40200	0.07402
838.88412	0.15143
839.36624	0.19075
839.84835	0.19341
840.33047	0.18180
840.81259	0.17568
841.29471	0.17718
841.77682	0.18266
842.25894	0.18128
842.74106	0.16439
843.22317	0.12955
843.70529	0.08538
844.18741	0.03788
844.66953	-0.00797
845.15164	-0.04964
845.63376	-0.08590
846.11588	-0.11622
846.59800	-0.14019
847.08011	-0.15530
847.56223	-0.16090
848.04435	-0.15848
848.52646	-0.15223
849.00858	-0.14644
849.49070	-0.14367
849.97282	-0.13198
850.45493	-0.09042
850.93705	0.02014
851.41917	0.16124
851.90129	0.24681
852.38340	0.24832
852.86552	0.19601
853.34764	0.13824
853.82976	0.07174
854.31187	-0.00960
854.79399	-0.13596
855.27611	-0.27271
855.75822	-0.27718
856.24034	-0.17357
856.72246	-0.06227
857.20458	0.00694
857.68669	0.05161
858.16881	0.08223
858.65093	0.10395
859.13305	0.12308
859.61516	0.14473
860.09728	0.17500
860.57940	0.23840
861.06151	0.35461
861.54363	0.46508
862.02575	0.43519
862.50787	0.35154
862.98998	0.29880
863.47210	0.27825
863.95422	0.28539
864.43634	0.30323
864.91845	0.32183
865.40057	0.32910
865.88269	0.31439
866.36481	0.25963
866.84692	0.16556
867.32904	0.06279
867.81116	-0.01356
868.29327	-0.05602
868.77539	-0.08748
869.25751	-0.14025
869.73963	-0.24480
870.22174	-0.35063
870.70386	-0.49811
871.18598	-0.59596
871.66810	-0.63095
872.15021	-0.58624
872.63233	-0.55960
873.11445	-0.51572
873.59656	-0.43922
874.07868	-0.33896
874.56080	-0.22874
875.04292	-0.12140
875.52503	-0.02510
876.00715	0.05572
876.48927	0.12806
876.97139	0.19226
877.45350	0.24835
877.93562	0.29582
878.41774	0.33281
878.89986	0.35367
879.38197	0.34837
879.86409	0.30484
880.34621	0.20398
880.82832	0.04056
881.31044	-0.17404
881.79256	-0.33333
882.27468	-0.35340
882.75679	-0.31584
883.23891	-0.32617
883.72103	-0.43787
884.20315	-0.55555
884.68526	-0.61593
885.16738	-0.59358
885.64950	-0.52583
886.13161	-0.44698
886.61373	-0.36853
887.09585	-0.29545
887.57797	-0.23567
888.06008	-0.17049
888.54220	-0.08674
889.02432	0.03849
889.50644	0.22840
889.98855	0.54075
890.47067	0.71681
890.95279	0.71084
891.43491	0.69876
891.91702	0.66650
892.39914	0.59838
892.88126	0.52091
893.36337	0.43394
893.84549	0.35692
894.32761	0.28796
894.80973	0.22629
895.29184	0.17056
895.77396	0.12217
896.25608	0.07904
896.73820	0.04112
897.22031	0.01249
897.70243	-0.01187
898.18455	-0.02706
898.66667	-0.03050
899.14878	-0.02213
899.63090	-0.01259
900.11302	-0.00898
900.59513	-0.01390
901.07725	-0.03303
901.55937	-0.07023
902.04149	-0.14633
902.52360	-0.36265
903.00572	-0.36265
903.48784	-0.36383
903.96996	0.06499
904.45207	0.09055
904.93419	0.07409
905.41631	0.06750
905.89842	0.07120
906.38054	0.08673
906.86266	0.11408
907.34478	0.15508
907.82689	0.21261
908.30901	0.29264
908.79113	0.43484
909.27325	0.58832
909.75536	0.53876
910.23748	0.26864
910.71960	0.02166
911.20172	-0.17036
911.68383	-0.28837
912.16595	-0.33314
912.64807	-0.33368
913.13018	-0.32192
913.61230	-0.31876
914.09442	-0.33970
914.57654	-0.42682
915.05865	-0.61186
915.54077	-0.87506
916.02289	-1.02137
916.50501	-0.90417
916.98712	-0.73792
917.46924	-0.63103
917.95136	-0.59482
918.43347	-0.59138
918.91559	-0.59849
919.39771	-0.58971
919.87983	-0.53873
920.36194	-0.43530
920.84406	-0.29728
921.32618	-0.15001
921.80830	-0.01162
922.29041	0.12611
922.77253	0.26256
923.25465	0.39120
923.73677	0.48556
924.21888	0.50684
924.70100	0.45464
925.18312	0.38027
925.66523	0.33109
926.14735	0.31043
926.62947	0.31226
927.11159	0.32621
927.59370	0.34101
928.07582	0.34427
928.55794	0.33042
929.04006	0.29526
929.52217	0.23882
930.00429	0.15005
930.48641	0.04182
930.96852	-0.04877
931.45064	-0.03952
931.93276	0.51164
932.41488	5.00000
932.89699	1.76712
933.37911	0.34327
933.86123	0.17886
934.34335	0.03869
934.82546	-0.15894
935.30758	-0.15894
935.78970	5.00000
936.27182	-0.49937
936.75393	-0.11389
937.23605	-0.02540
937.71817	-0.02584
938.20028	-0.02418
938.68240	-0.02288
939.16452	-0.02317
939.64664	-0.02518
940.12875	-0.02605
940.61087	-0.02032
941.09299	-0.00237
941.57511	0.02579
942.05722	0.05911
942.53934	0.08534
943.02146	0.09377
943.50357	0.07680
943.98569	0.02874
944.46781	-0.05759
944.94993	-0.19640
945.43204	-0.39995
945.91416	-0.31893
946.39628	0.02062
946.87840	0.26504
947.36051	0.35832
947.84263	0.35910
948.32475	0.28943
948.80687	0.17718
949.28898	0.02911
949.77110	-0.12501
950.25322	-0.25095
950.73533	-0.31514
951.21745	-0.30663
951.69957	-0.24691
952.18169	-0.16517
952.66380	-0.08195
953.14592	-0.00768
953.62804	0.06153
954.11016	0.12471
954.59227	0.18117
955.07439	0.23027
955.55651	0.27433
956.03862	0.31561
956.52074	0.35684
957.00286	0.40399
957.48498	0.46031
957.96709	0.52465
958.44921	0.58780
958.93133	0.62829
959.41345	0.59847
959.89556	0.49024
960.37768	0.34248
960.85980	0.19693
961.34192	0.04858
961.82403	-0.11331
962.30615	-0.31450
962.78827	-0.66073
963.27038	-0.98847
963.75250	-0.59590
964.23462	-0.32005
964.71674	-0.14297
965.19885	-0.01644
965.68097	0.07903
966.16309	0.15024
966.64521	0.19938
967.12732	0.22675
967.60944	0.23155
968.09156	0.21351
968.57367	0.17746
969.05579	0.12079
969.53791	0.04829
970.02003	-0.03368
970.50214	-0.10600
970.98426	-0.15071
971.46638	-0.16332
971.94850	-0.16916
972.43061	-0.23718
972.91273	-0.29652
973.39485	-0.27441
973.87697	-0.18368
974.35908	-0.08577
974.84120	0.00348
975.32332	0.08525
975.80543	0.16401
976.28755	0.24327
976.76967	0.33480
977.25179	0.44842
977.73390	0.60346
978.21602	0.93541
978.69814	1.45399
979.18026	1.14299
979.66237	0.72858
980.14449	0.54453
980.62661	0.42164
981.10872	0.33564
981.59084	0.27780
982.07296	0.24720
982.55508	0.24207
983.03719	0.26436
983.51931	0.31622
984.00143	0.37156
984.48355	0.39301
984.96566	0.33312
985.44778	0.22536
985.92990	0.10237
986.41202	-0.01276
986.89413	-0.12577
987.37625	-0.24264
987.85837	-0.39659
988.34048	-0.59787
988.82260	-0.84053
989.30472	-1.03690
989.78684	-0.94361
990.26895	-0.70375
990.75107	-0.54536
991.23319	-0.47898
991.71531	-0.44548
992.19742	-0.40808
992.67954	-0.35214
993.16166	-0.27925
993.64378	-0.20941
994.12589	-0.15588
994.60801	-0.12939
995.09013	-0.13510
995.57224	-0.17542
996.05436	-0.24917
996.53648	-0.36437
997.01860	-0.54836
997.50071	-0.81900
997.98283	-0.99078
998.46495	-0.55446
998.94707	-0.24389
999.42918	-0.01481
