0.00000	0.40998
0.48212	0.40095
0.96423	0.37768
1.44635	0.34858
1.92847	0.32154
2.41059	0.29723
2.89270	0.27588
3.37482	0.25622
3.85694	0.23710
4.33906	0.21788
4.82117	0.19632
5.30329	0.17436
5.78541	0.15664
6.26753	0.14859
6.74964	0.15041
7.23176	0.15846
7.71388	0.16887
8.19599	0.18010
8.67811	0.19370
9.16023	0.21230
9.64235	0.24004
10.12446	0.27688
10.60658	0.33426
11.08870	0.39528
11.57082	0.43962
12.05293	0.46573
12.53505	0.46370
13.01717	0.42440
13.49928	0.28442
13.98140	-0.08173
14.46352	-0.43199
14.94564	-0.32018
15.42775	-0.17209
15.90987	-0.11660
16.39199	-0.08354
16.87411	-0.06174
17.35622	-0.04637
17.83834	-0.03501
18.32046	-0.02587
18.80258	-0.01830
19.28469	-0.01195
19.76681	-0.00658
20.24893	-0.00200
20.73104	0.00195
21.21316	0.00541
21.69528	0.00850
22.17740	0.01131
22.65951	0.01394
23.14163	0.01642
23.62375	0.01876
24.10587	0.02095
24.58798	0.02296
25.07010	0.02472
25.55222	0.02616
26.03433	0.02722
26.51645	0.02785
26.99857	0.02804
27.48069	0.02784
27.96280	0.02733
28.44492	0.02662
28.92704	0.02587
29.40916	0.02521
29.89127	0.02480
30.37339	0.02472
30.85551	0.02505
31.33763	0.02580
31.81974	0.02692
32.30186	0.02832
32.78398	0.02987
33.26609	0.03141
33.74821	0.03280
34.23033	0.03390
34.71245	0.03466
35.19456	0.03506
35.67668	0.03517
36.15880	0.03506
36.64092	0.03485
37.12303	0.03463
37.60515	0.03448
38.08727	0.03445
38.56938	0.03455
39.05150	0.03476
39.53362	0.03505
40.01574	0.03537
40.49785	0.03569
40.97997	0.03596
41.46209	0.03616
41.94421	0.03629
42.42632	0.03638
42.90844	0.03644
43.39056	0.03652
43.87268	0.03663
44.35479	0.03680
44.83691	0.03702
45.31903	0.03730
45.80114	0.03762
46.28326	0.03798
46.76538	0.03837
47.24750	0.03881
47.72961	0.03931
48.21173	0.03988
48.69385	0.04051
49.17597	0.04115
49.65808	0.04175
50.14020	0.04225
50.62232	0.04258
51.10443	0.04271
51.58655	0.04262
52.06867	0.04234
52.55079	0.04192
53.03290	0.04142
53.51502	0.04094
53.99714	0.04057
54.47926	0.04040
54.96137	0.04049
55.44349	0.04086
55.92561	0.04149
56.40773	0.04233
56.88984	0.04329
57.37196	0.04427
57.85408	0.04521
58.33619	0.04604
58.81831	0.04674
59.30043	0.04730
59.78255	0.04772
60.26466	0.04802
60.74678	0.04821
61.22890	0.04832
61.71102	0.04835
62.19313	0.04832
62.67525	0.04822
63.15737	0.04809
63.63948	0.04792
64.12160	0.04774
64.60372	0.04759
65.08584	0.04748
65.56795	0.04745
66.05007	0.04752
66.53219	0.04769
67.01431	0.04797
67.49642	0.04833
67.97854	0.04875
68.46066	0.04920
68.94278	0.04964
69.42489	0.05003
69.90701	0.05035
70.38913	0.05058
70.87124	0.05073
71.35336	0.05084
71.83548	0.05092
72.31760	0.05102
72.79971	0.05115
73.28183	0.05131
73.76395	0.05148
74.24607	0.05165
74.72818	0.05179
75.21030	0.05187
75.69242	0.05190
76.17453	0.05189
76.65665	0.05186
77.13877	0.05186
77.62089	0.05192
78.10300	0.05206
78.58512	0.05228
79.06724	0.05258
79.54936	0.05290
80.03147	0.05322
80.51359	0.05349
80.99571	0.05369
81.47783	0.05380
81.95994	0.05382
82.44206	0.05377
82.92418	0.05367
83.40629	0.05356
83.88841	0.05345
84.37053	0.05338
84.85265	0.05335
85.33476	0.05335
85.81688	0.05338
86.29900	0.05342
86.78112	0.05346
87.26323	0.05349
87.74535	0.05352
88.22747	0.05356
88.70958	0.05361
89.19170	0.05368
89.67382	0.05377
90.15594	0.05388
90.63805	0.05400
91.12017	0.05412
91.60229	0.05423
92.08441	0.05431
92.56652	0.05438
93.04864	0.05443
93.53076	0.05450
94.01288	0.05459
94.49499	0.05472
94.97711	0.05491
95.45923	0.05514
95.94134	0.05541
96.42346	0.05571
96.90558	0.05601
97.38770	0.05630
97.86981	0.05657
98.35193	0.05682
98.83405	0.05706
99.31617	0.05730
99.79828	0.05756
100.28040	0.05784
100.76252	0.05814
101.24464	0.05846
101.72675	0.05877
102.20887	0.05905
102.69099	0.05929
103.17310	0.05949
103.65522	0.05963
104.13734	0.05973
104.61946	0.05981
105.10157	0.05989
105.58369	0.05998
106.06581	0.06010
106.54793	0.06025
107.03004	0.06044
107.51216	0.06066
107.99428	0.06091
108.47639	0.06118
108.95851	0.06147
109.44063	0.06180
109.92275	0.06217
110.40486	0.06259
110.88698	0.06306
111.36910	0.06357
111.85122	0.06412
112.33333	0.06468
112.81545	0.06523
113.29757	0.06574
113.77969	0.06622
114.26180	0.06665
114.74392	0.06704
115.22604	0.06740
115.70815	0.06776
116.19027	0.06814
116.67239	0.06855
117.15451	0.06897
117.63662	0.06942
118.11874	0.06987
118.60086	0.07030
119.08298	0.07070
119.56509	0.07105
120.04721	0.07136
120.52933	0.07163
121.01144	0.07185
121.49356	0.07205
121.97568	0.07223
122.45780	0.07240
122.93991	0.07257
123.42203	0.07273
123.90415	0.07288
124.38627	0.07303
124.86838	0.07318
125.35050	0.07332
125.83262	0.07347
126.31474	0.07362
126.79685	0.07378
127.27897	0.07395
127.76109	0.07413
128.24320	0.07431
128.72532	0.07450
129.20744	0.07469
129.68956	0.07488
130.17167	0.07509
130.65379	0.07532
131.13591	0.07557
131.61803	0.07585
132.10014	0.07615
132.58226	0.07647
133.06438	0.07679
133.54649	0.07712
134.02861	0.07744
134.51073	0.07775
134.99285	0.07806
135.47496	0.07838
135.95708	0.07870
136.43920	0.07904
136.92132	0.07940
137.40343	0.07977
137.88555	0.08015
138.36767	0.08050
138.84979	0.08082
139.33190	0.08109
139.81402	0.08132
140.29614	0.08150
140.77825	0.08167
141.26037	0.08185
141.74249	0.08205
142.22461	0.08230
142.70672	0.08262
143.18884	0.08300
143.67096	0.08345
144.15308	0.08393
144.63519	0.08444
145.11731	0.08493
145.59943	0.08539
146.08154	0.08581
146.56366	0.08620
147.04578	0.08655
147.52790	0.08688
148.01001	0.08723
148.49213	0.08760
148.97425	0.08801
149.45637	0.08848
149.93848	0.08901
150.42060	0.08960
150.90272	0.09023
151.38484	0.09089
151.86695	0.09156
152.34907	0.09221
152.83119	0.09284
153.31330	0.09343
153.79542	0.09399
154.27754	0.09453
154.75966	0.09508
155.24177	0.09564
155.72389	0.09624
156.20601	0.09688
156.68813	0.09757
157.17024	0.09830
157.65236	0.09906
158.13448	0.09983
158.61659	0.10061
159.09871	0.10137
159.58083	0.10213
160.06295	0.10288
160.54506	0.10364
161.02718	0.10442
161.50930	0.10524
161.99142	0.10609
162.47353	0.10698
162.95565	0.10787
163.43777	0.10876
163.91989	0.10961
164.40200	0.11040
164.88412	0.11112
165.36624	0.11178
165.84835	0.11238
166.33047	0.11295
166.81259	0.11352
167.29471	0.11413
167.77682	0.11480
168.25894	0.11554
168.74106	0.11635
169.22318	0.11724
169.70529	0.11818
170.18741	0.11917
170.66953	0.12019
171.15164	0.12125
171.63376	0.12235
172.11588	0.12350
172.59800	0.12473
173.08011	0.12604
173.56223	0.12747
174.04435	0.12902
174.52647	0.13066
175.00858	0.13239
175.49070	0.13416
175.97282	0.13592
176.45494	0.13762
176.93705	0.13922
177.41917	0.14071
177.90129	0.14207
178.38340	0.14333
178.86552	0.14451
179.34764	0.14567
179.82976	0.14686
180.31187	0.14812
180.79399	0.14947
181.27611	0.15094
181.75823	0.15248
182.24034	0.15408
182.72246	0.15568
183.20458	0.15724
183.68669	0.15871
184.16881	0.16009
184.65093	0.16137
185.13305	0.16256
185.61516	0.16369
186.09728	0.16479
186.57940	0.16587
187.06152	0.16694
187.54363	0.16801
188.02575	0.16904
188.50787	0.17002
188.98999	0.17093
189.47210	0.17174
189.95422	0.17246
190.43634	0.17311
190.91845	0.17374
191.40057	0.17440
191.88269	0.17515
192.36481	0.17605
192.84692	0.17713
193.32904	0.17840
193.81116	0.17985
194.29328	0.18141
194.77539	0.18303
195.25751	0.18463
195.73963	0.18615
196.22174	0.18754
196.70386	0.18880
197.18598	0.18994
197.66810	0.19102
198.15021	0.19211
198.63233	0.19328
199.11445	0.19458
199.59657	0.19604
200.07868	0.19766
200.56080	0.19941
201.04292	0.20124
201.52504	0.20310
202.00715	0.20492
202.48927	0.20669
202.97139	0.20838
203.45350	0.21003
203.93562	0.21168
204.41774	0.21338
204.89986	0.21519
205.38197	0.21713
205.86409	0.21921
206.34621	0.22141
206.82833	0.22366
207.31044	0.22590
207.79256	0.22804
208.27468	0.23001
208.75680	0.23176
209.23891	0.23326
209.72103	0.23454
210.20315	0.23564
210.68526	0.23662
211.16738	0.23755
211.64950	0.23849
212.13162	0.23945
212.61373	0.24046
213.09585	0.24148
213.57797	0.24247
214.06009	0.24339
214.54220	0.24421
215.02432	0.24490
215.50644	0.24548
215.98855	0.24597
216.47067	0.24644
216.95279	0.24694
217.43491	0.24753
217.91702	0.24825
218.39914	0.24910
218.88126	0.25006
219.36338	0.25111
219.84549	0.25218
220.32761	0.25323
220.80973	0.25421
221.29185	0.25508
221.77396	0.25584
222.25608	0.25650
222.73820	0.25709
223.22031	0.25764
223.70243	0.25821
224.18455	0.25881
224.66667	0.25946
225.14878	0.26017
225.63090	0.26092
226.11302	0.26168
226.59514	0.26244
227.07725	0.26318
227.55937	0.26388
228.04149	0.26457
228.52360	0.26526
229.00572	0.26598
229.48784	0.26676
229.96996	0.26762
230.45207	0.26859
230.93419	0.26965
231.41631	0.27080
231.89843	0.27200
232.38054	0.27321
232.86266	0.27439
233.34478	0.27553
233.82690	0.27659
234.30901	0.27757
234.79113	0.27849
235.27325	0.27935
235.75536	0.28018
236.23748	0.28098
236.71960	0.28176
237.20172	0.28252
237.68383	0.28326
238.16595	0.28393
238.64807	0.28454
239.13019	0.28504
239.61230	0.28544
240.09442	0.28574
240.57654	0.28594
241.05865	0.28608
241.54077	0.28618
242.02289	0.28628
242.50501	0.28641
242.98712	0.28660
243.46924	0.28685
243.95136	0.28716
244.43348	0.28754
244.91559	0.28795
245.39771	0.28838
245.87983	0.28882
246.36195	0.28925
246.84406	0.28965
247.32618	0.29005
247.80830	0.29043
248.29041	0.29082
248.77253	0.29121
249.25465	0.29161
249.73677	0.29202
250.21888	0.29240
250.70100	0.29276
251.18312	0.29305
251.66524	0.29325
252.14735	0.29334
252.62947	0.29332
253.11159	0.29317
253.59370	0.29293
254.07582	0.29262
254.55794	0.29227
255.04006	0.29192
255.52217	0.29161
256.00429	0.29135
256.48641	0.29114
256.96853	0.29099
257.45064	0.29087
257.93276	0.29074
258.41488	0.29057
258.89700	0.29032
259.37911	0.28997
259.86123	0.28952
260.34335	0.28896
260.82546	0.28834
261.30758	0.28767
261.78970	0.28698
262.27182	0.28630
262.75393	0.28563
263.23605	0.28496
263.71817	0.28426
264.20029	0.28348
264.68240	0.28260
265.16452	0.28158
265.64664	0.28042
266.12875	0.27914
266.61087	0.27777
267.09299	0.27638
267.57511	0.27503
268.05722	0.27377
268.53934	0.27262
269.02146	0.27159
269.50358	0.27060
269.98569	0.26960
270.46781	0.26848
270.94993	0.26716
271.43205	0.26558
271.91416	0.26374
272.39628	0.26166
272.87840	0.25942
273.36051	0.25712
273.84263	0.25484
274.32475	0.25265
274.80687	0.25056
275.28898	0.24854
275.77110	0.24649
276.25322	0.24427
276.73534	0.24177
277.21745	0.23885
277.69957	0.23547
278.18169	0.23165
278.66380	0.22747
279.14592	0.22308
279.62804	0.21869
280.11016	0.21447
280.59227	0.21059
281.07439	0.20717
281.55651	0.20426
282.03863	0.20182
282.52074	0.19977
283.00286	0.19796
283.48498	0.19628
283.96710	0.19463
284.44921	0.19293
284.93133	0.19120
285.41345	0.18946
285.89556	0.18777
286.37768	0.18616
286.85980	0.18465
287.34192	0.18319
287.82403	0.18170
288.30615	0.18005
288.78827	0.17812
289.27039	0.17577
289.75250	0.17291
290.23462	0.16951
290.71674	0.16561
291.19885	0.16131
291.68097	0.15673
292.16309	0.15199
292.64521	0.14720
293.12732	0.14241
293.60944	0.13763
294.09156	0.13284
294.57368	0.12801
295.05579	0.12314
295.53791	0.11828
296.02003	0.11354
296.50215	0.10912
296.98426	0.10523
297.46638	0.10207
297.94850	0.09977
298.43061	0.09837
298.91273	0.09779
299.39485	0.09786
299.87697	0.09833
300.35908	0.09897
300.84120	0.09958
301.32332	0.10006
301.80544	0.10040
302.28755	0.10071
302.76967	0.10116
303.25179	0.10192
303.73391	0.10310
304.21602	0.10470
304.69814	0.10659
305.18026	0.10853
305.66237	0.11020
306.14449	0.11130
306.62661	0.11160
307.10873	0.11099
307.59084	0.10951
308.07296	0.10733
308.55508	0.10475
309.03720	0.10206
309.51931	0.09953
310.00143	0.09729
310.48355	0.09536
310.96566	0.09363
311.44778	0.09191
311.92990	0.08998
312.41202	0.08772
312.89413	0.08508
313.37625	0.08212
313.85837	0.07905
314.34049	0.07611
314.82260	0.07353
315.30472	0.07148
315.78684	0.06999
316.26896	0.06897
316.75107	0.06819
317.23319	0.06739
317.71531	0.06628
318.19742	0.06468
318.67954	0.06252
319.16166	0.05988
319.64378	0.05698
320.12589	0.05411
320.60801	0.05151
321.09013	0.04934
321.57225	0.04758
322.05436	0.04605
322.53648	0.04448
323.01860	0.04256
323.50071	0.04006
323.98283	0.03689
324.46495	0.03315
324.94707	0.02915
325.42918	0.02532
325.91130	0.02214
326.39342	0.01999
326.87554	0.01903
327.35765	0.01917
327.83977	0.02004
328.32189	0.02111
328.80401	0.02173
329.28612	0.02132
329.76824	0.01949
330.25036	0.01610
330.73247	0.01139
331.21459	0.00585
331.69671	0.00012
332.17883	-0.00513
332.66094	-0.00950
333.14306	-0.01280
333.62518	-0.01508
334.10730	-0.01660
334.58941	-0.01761
335.07153	-0.01835
335.55365	-0.01892
336.03576	-0.01928
336.51788	-0.01929
337.00000	-0.01875
337.48212	-0.01749
337.96423	-0.01544
338.44635	-0.01270
338.92847	-0.00953
339.41059	-0.00627
339.89270	-0.00335
340.37482	-0.00113
340.85694	0.00003
341.33906	-0.00007
341.82117	-0.00155
342.30329	-0.00438
342.78541	-0.00842
343.26752	-0.01345
343.74964	-0.01919
344.23176	-0.02537
344.71388	-0.03177
345.19599	-0.03819
345.67811	-0.04449
346.16023	-0.05050
346.64235	-0.05606
347.12446	-0.06092
347.60658	-0.06481
348.08870	-0.06746
348.57081	-0.06867
349.05293	-0.06833
349.53505	-0.06650
350.01717	-0.06341
350.49928	-0.05943
350.98140	-0.05502
351.46352	-0.05067
351.94564	-0.04683
352.42775	-0.04384
352.90987	-0.04192
353.39199	-0.04114
353.87411	-0.04139
354.35622	-0.04246
354.83834	-0.04400
355.32046	-0.04562
355.80257	-0.04695
356.28469	-0.04772
356.76681	-0.04780
357.24893	-0.04722
357.73104	-0.04614
358.21316	-0.04480
358.69528	-0.04346
359.17740	-0.04233
359.65951	-0.04155
360.14163	-0.04119
360.62375	-0.04125
361.10586	-0.04172
361.58798	-0.04254
362.07010	-0.04371
362.55222	-0.04525
363.03433	-0.04713
363.51645	-0.04930
363.99857	-0.05165
364.48069	-0.05399
364.96280	-0.05605
365.44492	-0.05760
365.92704	-0.05842
366.40916	-0.05837
366.89127	-0.05745
367.37339	-0.05580
367.85551	-0.05368
368.33762	-0.05144
368.81974	-0.04943
369.30186	-0.04800
369.78398	-0.04736
370.26609	-0.04753
370.74821	-0.04838
371.23033	-0.04964
371.71245	-0.05102
372.19456	-0.05225
372.67668	-0.05314
373.15880	-0.05362
373.64091	-0.05371
374.12303	-0.05349
374.60515	-0.05306
375.08727	-0.05248
375.56938	-0.05176
376.05150	-0.05088
376.53362	-0.04980
377.01574	-0.04847
377.49785	-0.04697
377.97997	-0.04545
378.46209	-0.04415
378.94421	-0.04334
379.42632	-0.04326
379.90844	-0.04407
380.39056	-0.04579
380.87267	-0.04830
381.35479	-0.05127
381.83691	-0.05430
382.31903	-0.05694
382.80114	-0.05883
383.28326	-0.05979
383.76538	-0.05988
384.24750	-0.05937
384.72961	-0.05863
385.21173	-0.05807
385.69385	-0.05804
386.17596	-0.05878
386.65808	-0.06030
387.14020	-0.06249
387.62232	-0.06508
388.10443	-0.06774
388.58655	-0.07015
389.06867	-0.07209
389.55079	-0.07343
390.03290	-0.07417
390.51502	-0.07444
390.99714	-0.07436
391.47926	-0.07407
391.96137	-0.07363
392.44349	-0.07315
392.92561	-0.07264
393.40772	-0.07218
393.88984	-0.07188
394.37196	-0.07192
394.85408	-0.07251
395.33619	-0.07383
395.81831	-0.07596
396.30043	-0.07885
396.78255	-0.08228
397.26466	-0.08596
397.74678	-0.08952
398.22890	-0.09263
398.71102	-0.09505
399.19313	-0.09670
399.67525	-0.09762
400.15737	-0.09795
400.63948	-0.09785
401.12160	-0.09744
401.60372	-0.09687
402.08584	-0.09601
402.56795	-0.09469
403.05007	-0.09277
403.53219	-0.09012
404.01431	-0.08674
404.49642	-0.08277
404.97854	-0.07853
405.46066	-0.07442
405.94277	-0.07084
406.42489	-0.06823
406.90701	-0.06697
407.38913	-0.06737
407.87124	-0.06957
408.35336	-0.07356
408.83548	-0.07911
409.31760	-0.08571
409.79971	-0.09279
410.28183	-0.09963
410.76395	-0.10559
411.24607	-0.11019
411.72818	-0.11323
412.21030	-0.11479
412.69242	-0.11524
413.17453	-0.11521
413.65665	-0.11541
414.13877	-0.11654
414.62089	-0.11910
415.10300	-0.12332
415.58512	-0.12903
416.06724	-0.13575
416.54936	-0.14271
417.03147	-0.14904
417.51359	-0.15381
417.99571	-0.15624
418.47782	-0.15575
418.95994	-0.15211
419.44206	-0.14546
419.92418	-0.13629
420.40629	-0.12537
420.88841	-0.11365
421.37053	-0.10204
421.85265	-0.09134
422.33476	-0.08213
422.81688	-0.07473
423.29900	-0.06922
423.78112	-0.06543
424.26323	-0.06300
424.74535	-0.06149
425.22747	-0.06043
425.70958	-0.05949
426.19170	-0.05842
426.67382	-0.05722
427.15594	-0.05598
427.63805	-0.05492
428.12017	-0.05428
428.60229	-0.05424
429.08441	-0.05496
429.56652	-0.05652
430.04864	-0.05885
430.53076	-0.06183
431.01287	-0.06521
431.49499	-0.06867
431.97711	-0.07197
432.45923	-0.07490
432.94134	-0.07748
433.42346	-0.07994
433.90558	-0.08269
434.38770	-0.08633
434.86981	-0.09144
435.35193	-0.09846
435.83405	-0.10758
436.31617	-0.11859
436.79828	-0.13083
437.28040	-0.14326
437.76252	-0.15465
438.24463	-0.16374
438.72675	-0.16960
439.20887	-0.17159
439.69099	-0.16954
440.17310	-0.16376
440.65522	-0.15490
441.13734	-0.14389
441.61946	-0.13178
442.10157	-0.11960
442.58369	-0.10818
443.06581	-0.09797
443.54792	-0.08904
444.03004	-0.08121
444.51216	-0.07417
444.99428	-0.06774
445.47639	-0.06200
445.95851	-0.05737
446.44063	-0.05449
446.92275	-0.05407
447.40486	-0.05667
447.88698	-0.06243
448.36910	-0.07077
448.85122	-0.08064
449.33333	-0.09061
449.81545	-0.09920
450.29757	-0.10534
450.77968	-0.10831
451.26180	-0.10787
451.74392	-0.10424
452.22604	-0.09790
452.70815	-0.08962
453.19027	-0.08030
453.67239	-0.07085
454.15451	-0.06231
454.63662	-0.05551
455.11874	-0.05108
455.60086	-0.04928
456.08297	-0.05002
456.56509	-0.05288
457.04721	-0.05717
457.52933	-0.06192
458.01144	-0.06637
458.49356	-0.06976
458.97568	-0.07149
459.45780	-0.07121
459.93991	-0.06890
460.42203	-0.06474
460.90415	-0.05923
461.38627	-0.05292
461.86838	-0.04674
462.35050	-0.04150
462.83262	-0.03783
463.31473	-0.03603
463.79685	-0.03601
464.27897	-0.03732
464.76109	-0.03923
465.24320	-0.04103
465.72532	-0.04218
466.20744	-0.04242
466.68956	-0.04172
467.17167	-0.04024
467.65379	-0.03842
468.13591	-0.03675
468.61802	-0.03574
469.10014	-0.03586
469.58226	-0.03767
470.06438	-0.04160
470.54649	-0.04790
471.02861	-0.05645
471.51073	-0.06714
471.99285	-0.07939
472.47496	-0.09243
472.95708	-0.10539
473.43920	-0.11751
473.92132	-0.12818
474.40343	-0.13709
474.88555	-0.14401
475.36767	-0.14917
475.84978	-0.15286
476.33190	-0.15557
476.81402	-0.15777
477.29614	-0.15987
477.77825	-0.16209
478.26037	-0.16456
478.74249	-0.16698
479.22461	-0.16906
479.70672	-0.17028
480.18884	-0.17010
480.67096	-0.16794
481.15307	-0.16341
481.63519	-0.15623
482.11731	-0.14652
482.59943	-0.13466
483.08154	-0.12142
483.56366	-0.10779
484.04578	-0.09482
484.52790	-0.08354
485.01001	-0.07465
485.49213	-0.06861
485.97425	-0.06549
486.45637	-0.06511
486.93848	-0.06706
487.42060	-0.07088
487.90272	-0.07615
488.38483	-0.08258
488.86695	-0.09014
489.34907	-0.09902
489.83119	-0.10952
490.31330	-0.12209
490.79542	-0.13675
491.27754	-0.15309
491.75966	-0.17022
492.24177	-0.18669
492.72389	-0.20042
493.20601	-0.20948
493.68812	-0.21263
494.17024	-0.20970
494.65236	-0.20154
495.13448	-0.18951
495.61659	-0.17512
496.09871	-0.15982
496.58083	-0.14433
497.06295	-0.12916
497.54506	-0.11452
498.02718	-0.10038
498.50930	-0.08689
498.99142	-0.07408
499.47353	-0.06206
499.95565	-0.05096
500.43777	-0.04108
500.91988	-0.03249
501.40200	-0.02517
501.88412	-0.01886
502.36624	-0.01326
502.84835	-0.00796
503.33047	-0.00274
503.81259	0.00229
504.29471	0.00627
504.77682	0.00809
505.25894	0.00615
505.74106	-0.00108
506.22318	-0.01442
506.70529	-0.03406
507.18741	-0.05943
507.66953	-0.08902
508.15164	-0.12094
508.63376	-0.15274
509.11588	-0.18220
509.59800	-0.20682
510.08011	-0.22465
510.56223	-0.23440
511.04435	-0.23596
511.52647	-0.23045
512.00858	-0.21954
512.49070	-0.20533
512.97282	-0.19005
513.45493	-0.17543
513.93705	-0.16254
514.41917	-0.15188
514.90129	-0.14342
515.38340	-0.13626
515.86552	-0.12958
516.34764	-0.12235
516.82976	-0.11383
517.31187	-0.10345
517.79399	-0.09117
518.27611	-0.07718
518.75823	-0.06197
519.24034	-0.04602
519.72246	-0.03058
520.20458	-0.01679
520.68669	-0.00587
521.16881	0.00119
521.65093	0.00352
522.13305	0.00077
522.61516	-0.00658
523.09728	-0.01732
523.57940	-0.03029
524.06152	-0.04421
524.54363	-0.05829
525.02575	-0.07270
525.50787	-0.08849
525.98998	-0.10683
526.47210	-0.12850
526.95422	-0.15306
527.43634	-0.17972
527.91845	-0.20702
528.40057	-0.23317
528.88269	-0.25677
529.36481	-0.27694
529.84692	-0.29295
530.32904	-0.30441
530.81116	-0.31118
531.29328	-0.31288
531.77539	-0.30927
532.25751	-0.30027
532.73963	-0.28583
533.22174	-0.26643
533.70386	-0.24331
534.18598	-0.21818
534.66810	-0.19366
535.15021	-0.17244
535.63233	-0.15727
536.11445	-0.15053
536.59657	-0.15355
537.07868	-0.16628
537.56080	-0.18799
538.04292	-0.21672
538.52503	-0.24712
539.00715	-0.27582
539.48927	-0.29450
539.97139	-0.29386
540.45350	-0.26702
540.93562	-0.21492
541.41774	-0.14643
541.89986	-0.07450
542.38197	-0.00494
542.86409	0.05000
543.34621	0.08453
543.82833	0.09518
544.31044	0.07856
544.79256	0.03146
545.27468	-0.04519
545.75679	-0.14888
546.23891	-0.28257
546.72103	-0.44692
547.20315	-0.64734
547.68526	-0.89343
548.16738	-1.18977
548.64950	-1.22510
549.13162	-1.01493
549.61373	-0.85811
550.09585	-0.77546
550.57797	-0.71139
551.06008	-0.64982
551.54220	-0.58862
552.02432	-0.53176
552.50644	-0.49771
552.98855	-0.49413
553.47067	-0.52684
553.95279	-0.62514
554.43491	-0.75580
554.91702	-0.84935
555.39914	-0.82782
555.88126	-0.71574
556.36338	-0.58590
556.84549	-0.46711
557.32761	-0.37016
557.80973	-0.29942
558.29184	-0.25461
558.77396	-0.23373
559.25608	-0.23216
559.73820	-0.24456
560.22031	-0.26169
560.70243	-0.27489
561.18455	-0.27736
561.66667	-0.26610
562.14878	-0.24240
562.63090	-0.21125
563.11302	-0.17923
563.59513	-0.15316
564.07725	-0.13906
564.55937	-0.14174
565.04149	-0.16433
565.52360	-0.20567
566.00572	-0.26268
566.48784	-0.32997
566.96996	-0.39876
567.45207	-0.45716
567.93419	-0.49247
568.41631	-0.49380
568.89843	-0.46040
569.38054	-0.40162
569.86266	-0.33265
570.34478	-0.26582
570.82689	-0.20868
571.30901	-0.16497
571.79113	-0.13672
572.27325	-0.12567
572.75536	-0.13241
573.23748	-0.15936
573.71960	-0.20428
574.20172	-0.26113
574.68383	-0.31959
575.16595	-0.36517
575.64807	-0.37657
576.13018	-0.34986
576.61230	-0.29694
577.09442	-0.23710
577.57654	-0.17618
578.05865	-0.11914
578.54077	-0.06956
579.02289	-0.02999
579.50501	-0.00500
579.98712	-0.00234
580.46924	-0.03019
580.95136	-0.09459
581.43348	-0.20146
581.91559	-0.28951
582.39771	-0.28712
582.87983	-0.21272
583.36194	-0.13582
583.84406	-0.09348
584.32618	-0.10273
584.80830	-0.18255
585.29041	-0.34546
585.77253	-0.55702
586.25465	-0.67387
586.73677	-0.55386
587.21888	-0.34079
587.70100	-0.15779
588.18312	-0.03363
588.66523	0.04480
589.14735	0.09501
589.62947	0.11759
590.11159	0.11385
590.59370	0.09038
591.07582	0.05514
591.55794	0.01869
592.04006	-0.01053
592.52217	-0.02924
593.00429	-0.03677
593.48641	-0.03663
593.96853	-0.03310
594.45064	-0.02662
594.93276	-0.02067
595.41488	-0.01552
595.89699	-0.01006
596.37911	-0.00269
596.86123	0.00769
597.34335	0.02205
597.82546	0.04007
598.30758	0.06035
598.78970	0.07831
599.27182	0.08999
599.75393	0.09276
600.23605	0.08707
600.71817	0.07574
601.20029	0.06189
601.68240	0.04805
602.16452	0.03406
602.64664	0.02092
603.12875	0.00804
603.61087	-0.00547
604.09299	-0.02045
604.57511	-0.03571
605.05722	-0.05125
605.53934	-0.06716
606.02146	-0.08231
606.50358	-0.09720
606.98569	-0.11018
607.46781	-0.12047
607.94993	-0.12859
608.43204	-0.13838
608.91416	-0.15182
609.39628	-0.16670
609.87840	-0.17849
610.36051	-0.17098
610.84263	-0.14395
611.32475	-0.10321
611.80687	-0.05602
612.28898	-0.00947
612.77110	0.03338
613.25322	0.07223
613.73534	0.10792
614.21745	0.14368
614.69957	0.18293
615.18169	0.23042
615.66380	0.30038
616.14592	0.40114
616.62804	0.53122
617.11016	0.67497
617.59227	0.75944
618.07439	0.70652
618.55651	0.64839
619.03863	0.65222
619.52074	0.66984
620.00286	0.67609
620.48498	0.65186
620.96709	0.60582
621.44921	0.56699
621.93133	0.54664
622.41345	0.54602
622.89556	0.56784
623.37768	0.59571
623.85980	0.55815
624.34192	0.44196
624.82403	0.31045
625.30615	0.19503
625.78827	0.10234
626.27039	0.02640
626.75250	-0.03719
627.23462	-0.09359
627.71674	-0.14238
628.19885	-0.18378
628.68097	-0.21626
629.16309	-0.23514
629.64521	-0.24326
630.12732	-0.23894
630.60944	-0.22457
631.09156	-0.21421
631.57368	-0.20813
632.05579	-0.19993
632.53791	-0.17756
633.02003	-0.13677
633.50214	-0.08481
633.98426	-0.02787
634.46638	0.02700
634.94850	0.07796
635.43061	0.11250
635.91273	0.11890
636.39485	0.08780
636.87697	0.01694
637.35908	-0.08813
637.84120	-0.22269
638.32332	-0.39094
638.80544	-0.66442
639.28755	-1.16078
639.76967	-0.95904
640.25179	-0.48891
640.73390	-0.19979
641.21602	0.05470
641.69814	0.29859
642.18026	0.52711
642.66237	0.66241
643.14449	0.59616
643.62661	0.43532
644.10873	0.28294
644.59084	0.15917
645.07296	0.02576
645.55508	-0.12773
646.03719	-0.31856
646.51931	-0.89352
647.00143	5.00000
647.48355	-1.46776
647.96566	-0.59662
648.44778	-0.35329
648.92990	-0.16798
649.41202	-0.00911
649.89413	0.12710
650.37625	0.24554
650.85837	0.32548
651.34049	0.35896
651.82260	0.34784
652.30472	0.30413
652.78684	0.23967
653.26895	0.16386
653.75107	0.08202
654.23319	-0.00495
654.71531	-0.09975
655.19742	-0.20758
655.67954	-0.34027
656.16166	-0.57376
656.64378	-0.94138
657.12589	-0.86511
657.60801	-0.49040
658.09013	-0.22620
658.57224	-0.02750
659.05436	0.12845
659.53648	0.24468
660.01860	0.32222
660.50071	0.36559
660.98283	0.38356
661.46495	0.38437
661.94707	0.36892
662.42918	0.33993
662.91130	0.29295
663.39342	0.22139
663.87554	0.11837
664.35765	-0.03126
664.83977	-0.26131
665.32189	-0.70226
665.80400	5.00000
666.28612	5.00000
666.76824	-0.50018
667.25036	-0.30977
667.73247	-0.30940
668.21459	-0.33985
668.69671	-0.38402
669.17883	-0.42936
669.66094	-0.47352
670.14306	-0.51123
670.62518	-0.54404
671.10729	-0.56924
671.58941	-0.57421
672.07153	-0.54779
672.55365	-0.48826
673.03576	-0.41043
673.51788	-0.33095
674.00000	-0.24063
674.48212	-0.13726
674.96423	-0.01884
675.44635	0.15218
675.92847	0.36357
676.41059	0.55611
676.89270	0.58834
677.37482	0.45314
677.85694	0.31128
678.33905	0.18847
678.82117	0.09545
679.30329	0.03836
679.78541	0.01337
680.26752	0.02080
680.74964	0.05732
681.23176	0.11454
681.71388	0.18525
682.19599	0.25076
682.67811	0.29330
683.16023	0.30556
683.64234	0.29369
684.12446	0.27736
684.60658	0.27597
685.08870	0.29743
685.57081	0.34527
686.05293	0.41845
686.53505	0.51376
687.01717	0.62379
687.49928	0.74512
687.98140	0.87235
688.46352	1.00449
688.94564	1.08830
689.42775	1.04323
689.90987	0.84055
690.39199	0.64391
690.87410	0.44957
691.35622	0.31707
691.83834	0.24448
692.32046	0.22400
692.80257	0.24077
693.28469	0.25311
693.76681	0.23517
694.24893	0.18924
694.73104	0.13428
695.21316	0.07533
695.69528	0.01308
696.17740	-0.05244
696.65951	-0.12358
697.14163	-0.20156
697.62375	-0.28383
698.10586	-0.36386
698.58798	-0.43202
699.07010	-0.44247
699.55222	-0.37620
700.03433	-0.26112
700.51645	-0.14527
700.99857	-0.04415
701.48069	0.03055
701.96280	0.07063
702.44492	0.07444
702.92704	0.04870
703.40915	0.00263
703.89127	-0.05618
704.37339	-0.12838
704.85551	-0.20680
705.33762	-0.29093
705.81974	-0.38225
706.30186	-0.47126
706.78398	-0.56702
707.26609	-0.64794
707.74821	-0.70223
708.23033	-0.76564
708.71245	-0.82559
709.19456	-0.79592
709.67668	-0.60409
710.15880	-0.38276
710.64091	-0.21365
711.12303	-0.09941
711.60515	-0.03661
712.08727	-0.00498
712.56938	-0.01704
713.05150	-0.08579
713.53362	-0.26611
714.01574	-0.26611
714.49785	-0.26611
714.97997	-0.08088
715.46209	0.24894
715.94420	0.33621
716.42632	0.36483
716.90844	0.35087
717.39056	0.30816
717.87267	0.25387
718.35479	0.19738
718.83691	0.14594
719.31903	0.10440
719.80114	0.07524
720.28326	0.05655
720.76538	0.04731
721.24750	0.04716
721.72961	0.06044
722.21173	0.08986
722.69385	0.13771
723.17596	0.20525
723.65808	0.27755
724.14020	0.22039
724.62232	0.04302
725.10443	-0.12145
725.58655	-0.21233
726.06867	-0.25757
726.55079	-0.26514
727.03290	-0.23824
727.51502	-0.17399
727.99714	-0.06722
728.47925	0.09321
728.96137	0.33194
729.44349	1.10688
729.92561	5.00000
730.40772	0.98838
730.88984	0.54165
731.37196	0.45463
731.85408	0.40836
732.33619	0.37938
732.81831	0.35549
733.30043	0.32762
733.78255	0.29172
734.26466	0.24499
734.74678	0.18664
735.22890	0.11507
735.71101	0.03935
736.19313	-0.02775
736.67525	-0.07053
737.15737	-0.07351
737.63948	-0.03137
738.12160	0.03931
738.60372	0.11592
739.08584	0.17828
739.56795	0.22371
740.05007	0.24740
740.53219	0.24783
741.01430	0.22761
741.49642	0.19165
741.97854	0.14686
742.46066	0.10249
742.94277	0.06592
743.42489	0.05018
743.90701	0.06204
744.38913	0.10474
744.87124	0.17727
745.35336	0.26968
745.83548	0.36990
746.31760	0.46414
746.79971	0.53109
747.28183	0.58012
747.76395	0.59951
748.24606	0.59738
748.72818	0.56848
749.21030	0.55329
749.69242	0.56012
750.17453	0.59714
750.65665	0.73978
751.13877	0.98779
751.62089	0.91727
752.10300	0.58509
752.58512	0.27019
753.06724	0.06549
753.54935	-0.07501
754.03147	-0.19017
754.51359	-0.34144
754.99571	-0.49821
755.47782	-0.46122
755.95994	-0.24436
756.44206	0.00540
756.92418	0.22135
757.40629	0.44144
757.88841	0.71002
758.37053	0.94341
758.85265	0.94169
759.33476	0.72324
759.81688	0.58468
760.29900	0.53794
760.78111	0.54036
761.26323	0.58040
761.74535	0.64298
762.22747	0.68605
762.70958	0.70104
763.19170	0.68066
763.67382	0.64197
764.15594	0.58280
764.63805	0.52015
765.12017	0.46002
765.60229	0.41326
766.08440	0.39548
766.56652	0.42106
767.04864	0.49369
767.53076	0.61617
768.01287	0.75290
768.49499	0.77536
768.97711	0.55952
769.45923	0.28526
769.94134	-0.16192
770.42346	-0.16192
770.90558	5.00000
771.38770	-0.72282
771.86981	-0.43590
772.35193	-0.33039
772.83405	-0.28857
773.31616	-0.25108
773.79828	-0.18081
774.28040	-0.07600
774.76252	0.03911
775.24463	0.13642
775.72675	0.19915
776.20887	0.23138
776.69099	0.23616
777.17310	0.21965
777.65522	0.18640
778.13734	0.14152
778.61945	0.09001
779.10157	0.03658
779.58369	-0.01416
780.06581	-0.05784
780.54792	-0.09195
781.03004	-0.11656
781.51216	-0.13621
781.99428	-0.15847
782.47639	-0.19001
782.95851	-0.22767
783.44063	-0.25917
783.92275	-0.26909
784.40486	-0.25327
784.88698	-0.21647
785.36910	-0.17148
785.85121	-0.11982
786.33333	-0.06440
786.81545	-0.00727
787.29757	0.05430
787.77968	0.12142
788.26180	0.19398
788.74392	0.27048
789.22604	0.35093
789.70815	0.36906
790.19027	0.28510
790.67239	0.14463
791.15451	0.02944
791.63662	-0.04850
792.11874	-0.08745
792.60086	-0.09345
793.08297	-0.07548
793.56509	-0.04193
794.04721	0.00301
794.52933	0.05619
795.01144	0.11655
795.49356	0.17993
795.97568	0.24176
796.45780	0.29466
796.93991	0.32250
797.42203	0.31400
797.90415	0.26550
798.38626	0.18943
798.86838	0.09897
799.35050	0.00668
799.83262	-0.07853
800.31473	-0.14938
800.79685	-0.20033
801.27897	-0.23296
801.76109	-0.25189
802.24320	-0.25651
802.72532	-0.24002
803.20744	-0.18590
803.68956	-0.10105
804.17167	-0.01020
804.65379	0.05843
805.13591	0.11689
805.61802	0.16716
806.10014	0.21193
806.58226	0.24717
807.06438	0.27580
807.54649	0.27908
808.02861	0.23025
808.51073	0.06628
808.99285	-0.26241
809.47496	-0.52794
809.95708	-0.45284
810.43920	-0.28757
810.92131	-0.18805
811.40343	-0.12354
811.88555	-0.08014
812.36767	-0.04963
812.84978	-0.02924
813.33190	-0.01752
813.81402	-0.01481
814.29614	-0.01629
814.77825	-0.02948
815.26037	-0.04566
815.74249	-0.04081
816.22461	0.03422
816.70672	0.13658
817.18884	0.17763
817.67096	0.14805
818.15307	0.17810
818.63519	0.24821
819.11731	0.29082
819.59943	0.23346
820.08154	0.09708
820.56366	-0.06846
821.04578	-0.24119
821.52790	-0.38237
822.01001	-0.42874
822.49213	-0.34781
822.97425	-0.18499
823.45636	0.00619
823.93848	0.44195
824.42060	5.00000
824.90272	1.42008
825.38483	0.37236
825.86695	0.16279
826.34907	0.05842
826.83119	0.00672
827.31330	-0.01585
827.79542	-0.02125
828.27754	-0.01283
828.75966	0.01254
829.24177	0.05959
829.72389	0.13031
830.20601	0.21286
830.68812	0.28672
831.17024	0.33192
831.65236	0.34260
832.13448	0.31368
832.61659	0.24281
833.09871	0.13072
833.58083	-0.06732
834.06295	-0.36075
834.54506	-0.69843
835.02718	-0.79224
835.50930	-0.55586
835.99141	-0.29677
836.47353	-0.08991
836.95565	0.07787
837.43777	0.24431
837.91988	0.44470
838.40200	0.70990
838.88412	1.14999
839.36624	2.81973
839.84835	1.35532
840.33047	0.81960
840.81259	0.62817
841.29471	0.55149
841.77682	0.48961
842.25894	0.43369
842.74106	0.37913
843.22317	0.32431
843.70529	0.26996
844.18741	0.21750
844.66953	0.16816
845.15164	0.12372
845.63376	0.08703
846.11588	0.06128
846.59800	0.04890
847.08011	0.05235
847.56223	0.07234
848.04435	0.10807
848.52646	0.15798
849.00858	0.21150
849.49070	0.28096
849.97282	0.36519
850.45493	0.47407
850.93705	0.65834
851.41917	0.71942
851.90129	0.51103
852.38340	0.30228
852.86552	0.16050
853.34764	0.06614
853.82976	-0.00056
854.31187	-0.05000
854.79399	-0.09189
855.27611	-0.12484
855.75822	-0.15421
856.24034	-0.18605
856.72246	-0.22280
857.20458	-0.26471
857.68669	-0.30385
858.16881	-0.33234
858.65093	-0.34485
859.13305	-0.34311
859.61516	-0.33278
860.09728	-0.31979
860.57940	-0.30703
861.06151	-0.29922
861.54363	-0.29672
862.02575	-0.29550
862.50787	-0.28206
862.98998	-0.24961
863.47210	-0.19850
863.95422	-0.14456
864.43634	-0.10932
864.91845	-0.10815
865.40057	-0.13414
865.88269	-0.18044
866.36481	-0.24974
866.84692	-0.33687
867.32904	-0.44847
867.81116	-0.60951
868.29327	-0.94890
868.77539	-0.94890
869.25751	-1.16309
869.73963	-0.81930
870.22174	-0.64560
870.70386	-0.52063
871.18598	-0.42428
871.66810	-0.35125
872.15021	-0.30493
872.63233	-0.28463
873.11445	-0.29438
873.59656	-0.33933
874.07868	-0.39970
874.56080	-0.48364
875.04292	-0.49745
875.52503	-0.38402
876.00715	-0.20663
876.48927	-0.02599
876.97139	0.15678
877.45350	0.35645
877.93562	0.56447
878.41774	0.63926
878.89986	0.50118
879.38197	0.35673
879.86409	0.24934
880.34621	0.18479
880.82832	0.15577
881.31044	0.15891
881.79256	0.19200
882.27468	0.22931
882.75679	0.22440
883.23891	0.13875
883.72103	-0.18038
884.20315	-0.18038
884.68526	5.00000
885.16738	-0.74570
885.64950	-0.28032
886.13161	-0.03800
886.61373	0.12786
887.09585	0.23768
887.57797	0.29226
888.06008	0.29797
888.54220	0.26599
889.02432	0.20805
889.50644	0.09523
889.98855	-0.10219
890.47067	-0.50245
890.95279	5.00000
891.43491	5.00000
891.91702	-0.32270
892.39914	0.20218
892.88126	0.41560
893.36337	0.52688
893.84549	0.63713
894.32761	0.68710
894.80973	0.58668
895.29184	0.37480
895.77396	0.12227
896.25608	-0.12821
896.73820	-0.35621
897.22031	-0.52146
897.70243	-0.55006
898.18455	-0.44922
898.66667	-0.29773
899.14878	-0.12834
899.63090	0.08937
900.11302	0.27046
900.59513	0.27360
901.07725	0.14341
901.55937	0.01119
902.04149	-0.10325
902.52360	-0.19671
903.00572	-0.27255
903.48784	-0.34316
903.96996	-0.41993
904.45207	-0.52001
904.93419	-0.61314
905.41631	-0.60987
905.89842	-0.47552
906.38054	-0.31787
906.86266	-0.22225
907.34478	-0.14131
907.82689	-0.06816
908.30901	0.00500
908.79113	0.11726
909.27325	0.30449
909.75536	0.50633
910.23748	0.45202
910.71960	0.14519
911.20172	-0.17039
911.68383	-0.42474
912.16595	-0.59448
912.64807	-0.66540
913.13018	-0.66218
913.61230	-0.62744
914.09442	-0.59444
914.57654	-0.58143
915.05865	-0.58452
915.54077	-0.60582
916.02289	-0.64860
916.50501	-0.71357
916.98712	-0.79517
917.46924	-0.80447
917.95136	-0.70532
918.43347	-0.53623
918.91559	-0.38004
919.39771	-0.24702
919.87983	-0.14275
920.36194	-0.08601
920.84406	-0.08283
921.32618	-0.12073
921.80830	-0.16370
922.29041	-0.17532
922.77253	-0.14246
923.25465	-0.09113
923.73677	-0.05098
924.21888	-0.02919
924.70100	-0.02858
925.18312	-0.04734
925.66523	-0.08421
926.14735	-0.14115
926.62947	-0.20779
927.11159	-0.27224
927.59370	-0.32074
928.07582	-0.34166
928.55794	-0.33494
929.04006	-0.32131
929.52217	-0.32623
930.00429	-0.36634
930.48641	-0.44003
930.96852	-0.54162
931.45064	-0.66940
931.93276	-0.83056
932.41488	-1.01440
932.89699	-1.05996
933.37911	-0.90580
933.86123	-0.71193
934.34335	-0.52798
934.82546	-0.34299
935.30758	-0.14159
935.78970	0.04890
936.27182	0.11901
936.75393	-0.00396
937.23605	-0.09173
937.71817	-0.08593
938.20028	-0.03485
938.68240	0.03503
939.16452	0.10910
939.64664	0.18308
940.12875	0.26856
940.61087	0.38108
941.09299	0.57046
941.57511	0.71488
942.05722	5.00000
942.53934	5.00000
943.02146	-0.44288
943.50357	-0.08041
943.98569	0.07709
944.46781	0.16820
944.94993	0.21864
945.43204	0.24353
945.91416	0.24645
946.39628	0.23509
946.87840	0.21653
947.36051	0.19653
947.84263	0.17649
948.32475	0.15629
948.80687	0.13744
949.28898	0.12105
949.77110	0.09938
950.25322	0.06687
950.73533	0.02313
951.21745	-0.01326
951.69957	-0.03286
952.18169	-0.02914
952.66380	-0.00098
953.14592	0.05802
953.62804	0.14073
954.11016	0.23034
954.59227	0.29742
955.07439	0.26911
955.55651	0.11050
956.03862	-0.09972
956.52074	-0.30363
957.00286	-0.53353
957.48498	-0.85189
957.96709	-1.31226
958.44921	-1.50885
958.93133	-1.09826
959.41345	-0.74082
959.89556	-0.44466
960.37768	-0.20368
960.85980	-0.01835
961.34192	0.10960
961.82403	0.16934
962.30615	0.16804
962.78827	0.12550
963.27038	0.06014
963.75250	-0.01579
964.23462	-0.09564
964.71674	-0.17267
965.19885	-0.24679
965.68097	-0.30837
966.16309	-0.34371
966.64521	-0.33731
967.12732	-0.28337
967.60944	-0.18425
968.09156	-0.03741
968.57367	0.48445
969.05579	5.00000
969.53791	0.17166
970.02003	-0.49716
970.50214	-0.88192
970.98426	-1.29228
971.46638	-1.00057
971.94850	-0.57417
972.43061	-0.26530
972.91273	-0.04629
973.39485	0.10165
973.87697	0.19116
974.35908	0.24051
974.84120	0.26477
975.32332	0.27548
975.80543	0.28144
976.28755	0.28868
976.76967	0.29725
977.25179	0.30870
977.73390	0.32440
978.21602	0.34463
978.69814	0.37017
979.18026	0.40171
979.66237	0.43977
980.14449	0.49007
980.62661	0.52786
981.10872	0.51193
981.59084	0.41707
982.07296	0.27124
982.55508	0.10728
983.03719	-0.05412
983.51931	-0.20446
984.00143	-0.34368
984.48355	-0.48258
984.96566	-0.62143
985.44778	-0.75169
985.92990	-0.77732
986.41202	-0.62529
986.89413	-0.32457
987.37625	-0.00390
987.85837	0.26951
988.34048	0.40317
988.82260	0.42385
989.30472	0.43981
989.78684	0.38409
990.26895	0.28067
990.75107	0.16844
991.23319	0.07441
991.71531	0.01394
992.19742	-0.02561
992.67954	-0.04372
993.16166	-0.04117
993.64378	-0.01994
994.12589	0.01765
994.60801	0.06841
995.09013	0.12807
995.57224	0.19215
996.05436	0.25792
996.53648	0.32064
997.01860	0.37770
997.50071	0.42842
997.98283	0.46594
998.46495	0.48639
998.94707	0.48797
999.42918	0.47065
