0.00000	1.14061
0.48212	1.15082
0.96423	1.18083
1.44635	1.22945
1.92847	1.29642
2.41059	1.36775
2.89270	1.43446
3.37482	1.41748
3.85694	1.28255
4.33906	1.09888
4.82117	0.89674
5.30329	0.69002
5.78541	0.49571
6.26753	0.33362
6.74964	0.20999
7.23176	0.12570
7.71388	0.07248
8.19599	0.03916
8.67811	0.01733
9.16023	0.00212
9.64235	-0.00919
10.12446	-0.01479
10.60658	-0.01471
11.08870	-0.00558
11.57082	0.01312
12.05293	0.03749
12.53505	0.05805
13.01717	0.05962
13.49928	0.01735
13.98140	-0.14696
14.46352	-0.22688
14.94564	0.12891
15.42775	0.43920
15.90987	0.58335
16.39199	0.67620
16.87411	0.74677
17.35622	0.81030
17.83834	0.87307
18.32046	0.93554
18.80258	0.99749
19.28469	1.05782
19.76681	1.11504
20.24893	1.16790
20.73104	1.21554
21.21316	1.25775
21.69528	1.29472
22.17740	1.32712
22.65951	1.35537
23.14163	1.37991
23.62375	1.40043
24.10587	1.41673
24.58798	1.42839
25.07010	1.43540
25.55222	1.43835
26.03433	1.43845
26.51645	1.43761
26.99857	1.43820
27.48069	1.44111
27.96280	1.44955
28.44492	1.46518
28.92704	1.48935
29.40916	1.52244
29.89127	1.56421
30.37339	1.60997
30.85551	1.65242
31.33763	1.68303
31.81974	1.69519
32.30186	1.68897
32.78398	1.67132
33.26609	1.64672
33.74821	1.62149
34.23033	1.59631
34.71245	1.57227
35.19456	1.55051
35.67668	1.53187
36.15880	1.51690
36.64092	1.50574
37.12303	1.49757
37.60515	1.49196
38.08727	1.48806
38.56938	1.48531
39.05150	1.48333
39.53362	1.48203
40.01574	1.48145
40.49785	1.48171
40.97997	1.48295
41.46209	1.48519
41.94421	1.48836
42.42632	1.49224
42.90844	1.49650
43.39056	1.50072
43.87268	1.50450
44.35479	1.50747
44.83691	1.50937
45.31903	1.51011
45.80114	1.50980
46.28326	1.50875
46.76538	1.50751
47.24750	1.50663
47.72961	1.50667
48.21173	1.50794
48.69385	1.51039
49.17597	1.51358
49.65808	1.51688
50.14020	1.51965
50.62232	1.52145
51.10443	1.52210
51.58655	1.52171
52.06867	1.52062
52.55079	1.51931
53.03290	1.51820
53.51502	1.51772
53.99714	1.51815
54.47926	1.51958
54.96137	1.52192
55.44349	1.52489
55.92561	1.52811
56.40773	1.53116
56.88984	1.53372
57.37196	1.53564
57.85408	1.53692
58.33619	1.53768
58.81831	1.53810
59.30043	1.53839
59.78255	1.53868
60.26466	1.53904
60.74678	1.53946
61.22890	1.53984
61.71102	1.54006
62.19313	1.53999
62.67525	1.53953
63.15737	1.53866
63.63948	1.53744
64.12160	1.53603
64.60372	1.53464
65.08584	1.53347
65.56795	1.53268
66.05007	1.53235
66.53219	1.53248
67.01431	1.53299
67.49642	1.53376
67.97854	1.53463
68.46066	1.53548
68.94278	1.53621
69.42489	1.53681
69.90701	1.53736
70.38913	1.53795
70.87124	1.53870
71.35336	1.53969
71.83548	1.54089
72.31760	1.54219
72.79971	1.54339
73.28183	1.54429
73.76395	1.54473
74.24607	1.54461
74.72818	1.54399
75.21030	1.54302
75.69242	1.54192
76.17453	1.54097
76.65665	1.54041
77.13877	1.54038
77.62089	1.54090
78.10300	1.54181
78.58512	1.54286
79.06724	1.54380
79.54936	1.54439
80.03147	1.54451
80.51359	1.54414
80.99571	1.54338
81.47783	1.54241
81.95994	1.54144
82.44206	1.54065
82.92418	1.54019
83.40629	1.54015
83.88841	1.54047
84.37053	1.54103
84.85265	1.54165
85.33476	1.54217
85.81688	1.54246
86.29900	1.54249
86.78112	1.54231
87.26323	1.54206
87.74535	1.54186
88.22747	1.54182
88.70958	1.54204
89.19170	1.54253
89.67382	1.54323
90.15594	1.54404
90.63805	1.54485
91.12017	1.54553
91.60229	1.54601
92.08441	1.54628
92.56652	1.54638
93.04864	1.54643
93.53076	1.54654
94.01288	1.54682
94.49499	1.54729
94.97711	1.54795
95.45923	1.54875
95.94134	1.54959
96.42346	1.55041
96.90558	1.55117
97.38770	1.55184
97.86981	1.55247
98.35193	1.55312
98.83405	1.55386
99.31617	1.55472
99.79828	1.55571
100.28040	1.55676
100.76252	1.55781
101.24464	1.55875
101.72675	1.55951
102.20887	1.56005
102.69099	1.56041
103.17310	1.56065
103.65522	1.56086
104.13734	1.56112
104.61946	1.56152
105.10157	1.56207
105.58369	1.56277
106.06581	1.56355
106.54793	1.56432
107.03004	1.56498
107.51216	1.56545
107.99428	1.56574
108.47639	1.56589
108.95851	1.56599
109.44063	1.56616
109.92275	1.56647
110.40486	1.56700
110.88698	1.56772
111.36910	1.56858
111.85122	1.56952
112.33333	1.57044
112.81545	1.57127
113.29757	1.57196
113.77969	1.57252
114.26180	1.57298
114.74392	1.57343
115.22604	1.57392
115.70815	1.57451
116.19027	1.57522
116.67239	1.57601
117.15451	1.57683
117.63662	1.57760
118.11874	1.57825
118.60086	1.57876
119.08298	1.57909
119.56509	1.57928
120.04721	1.57936
120.52933	1.57937
121.01144	1.57935
121.49356	1.57933
121.97568	1.57931
122.45780	1.57928
122.93991	1.57925
123.42203	1.57920
123.90415	1.57914
124.38627	1.57910
124.86838	1.57909
125.35050	1.57910
125.83262	1.57915
126.31474	1.57921
126.79685	1.57926
127.27897	1.57925
127.76109	1.57919
128.24320	1.57906
128.72532	1.57889
129.20744	1.57871
129.68956	1.57857
130.17167	1.57852
130.65379	1.57858
131.13591	1.57873
131.61803	1.57894
132.10014	1.57915
132.58226	1.57929
133.06438	1.57933
133.54649	1.57925
134.02861	1.57907
134.51073	1.57884
134.99285	1.57862
135.47496	1.57847
135.95708	1.57845
136.43920	1.57855
136.92132	1.57874
137.40343	1.57897
137.88555	1.57915
138.36767	1.57922
138.84979	1.57916
139.33190	1.57897
139.81402	1.57871
140.29614	1.57845
140.77825	1.57827
141.26037	1.57827
141.74249	1.57847
142.22461	1.57889
142.70672	1.57952
143.18884	1.58028
143.67096	1.58110
144.15308	1.58190
144.63519	1.58262
145.11731	1.58321
145.59943	1.58367
146.08154	1.58404
146.56366	1.58435
147.04578	1.58467
147.52790	1.58504
148.01001	1.58549
148.49213	1.58604
148.97425	1.58669
149.45637	1.58745
149.93848	1.58826
150.42060	1.58910
150.90272	1.58991
151.38484	1.59062
151.86695	1.59119
152.34907	1.59158
152.83119	1.59178
153.31330	1.59181
153.79542	1.59171
154.27754	1.59156
154.75966	1.59142
155.24177	1.59135
155.72389	1.59140
156.20601	1.59157
156.68813	1.59186
157.17024	1.59223
157.65236	1.59265
158.13448	1.59306
158.61659	1.59345
159.09871	1.59383
159.58083	1.59422
160.06295	1.59468
160.54506	1.59524
161.02718	1.59596
161.50930	1.59681
161.99142	1.59776
162.47353	1.59875
162.95565	1.59968
163.43777	1.60046
163.91989	1.60103
164.40200	1.60135
164.88412	1.60144
165.36624	1.60136
165.84835	1.60120
166.33047	1.60108
166.81259	1.60108
167.29471	1.60128
167.77682	1.60171
168.25894	1.60235
168.74106	1.60312
169.22318	1.60394
169.70529	1.60470
170.18741	1.60532
170.66953	1.60575
171.15164	1.60599
171.63376	1.60609
172.11588	1.60614
172.59800	1.60626
173.08011	1.60657
173.56223	1.60716
174.04435	1.60806
174.52647	1.60923
175.00858	1.61057
175.49070	1.61193
175.97282	1.61312
176.45494	1.61400
176.93705	1.61446
177.41917	1.61448
177.90129	1.61411
178.38340	1.61346
178.86552	1.61270
179.34764	1.61202
179.82976	1.61155
180.31187	1.61141
180.79399	1.61161
181.27611	1.61211
181.75823	1.61283
182.24034	1.61365
182.72246	1.61445
183.20458	1.61516
183.68669	1.61574
184.16881	1.61620
184.65093	1.61660
185.13305	1.61702
185.61516	1.61756
186.09728	1.61831
186.57940	1.61935
187.06152	1.62070
187.54363	1.62234
188.02575	1.62422
188.50787	1.62623
188.98999	1.62824
189.47210	1.63015
189.95422	1.63184
190.43634	1.63326
190.91845	1.63441
191.40057	1.63532
191.88269	1.63607
192.36481	1.63675
192.84692	1.63746
193.32904	1.63821
193.81116	1.63900
194.29328	1.63978
194.77539	1.64043
195.25751	1.64082
195.73963	1.64086
196.22174	1.64048
196.70386	1.63970
197.18598	1.63861
197.66810	1.63738
198.15021	1.63620
198.63233	1.63528
199.11445	1.63477
199.59657	1.63478
200.07868	1.63532
200.56080	1.63633
201.04292	1.63767
201.52504	1.63915
202.00715	1.64061
202.48927	1.64189
202.97139	1.64290
203.45350	1.64365
203.93562	1.64419
204.41774	1.64462
204.89986	1.64508
205.38197	1.64565
205.86409	1.64638
206.34621	1.64724
206.82833	1.64814
207.31044	1.64895
207.79256	1.64952
208.27468	1.64971
208.75680	1.64946
209.23891	1.64876
209.72103	1.64772
210.20315	1.64651
210.68526	1.64534
211.16738	1.64439
211.64950	1.64381
212.13162	1.64367
212.61373	1.64395
213.09585	1.64454
213.57797	1.64530
214.06009	1.64604
214.54220	1.64659
215.02432	1.64683
215.50644	1.64670
215.98855	1.64622
216.47067	1.64546
216.95279	1.64456
217.43491	1.64367
217.91702	1.64290
218.39914	1.64237
218.88126	1.64213
219.36338	1.64216
219.84549	1.64243
220.32761	1.64286
220.80973	1.64339
221.29185	1.64392
221.77396	1.64443
222.25608	1.64490
222.73820	1.64534
223.22031	1.64582
223.70243	1.64638
224.18455	1.64707
224.66667	1.64791
225.14878	1.64886
225.63090	1.64983
226.11302	1.65074
226.59514	1.65148
227.07725	1.65196
227.55937	1.65217
228.04149	1.65213
228.52360	1.65195
229.00572	1.65177
229.48784	1.65174
229.96996	1.65197
230.45207	1.65255
230.93419	1.65346
231.41631	1.65462
231.89843	1.65590
232.38054	1.65715
232.86266	1.65822
233.34478	1.65899
233.82690	1.65943
234.30901	1.65952
234.79113	1.65934
235.27325	1.65897
235.75536	1.65851
236.23748	1.65805
236.71960	1.65764
237.20172	1.65729
237.68383	1.65699
238.16595	1.65667
238.64807	1.65624
239.13019	1.65565
239.61230	1.65481
240.09442	1.65373
240.57654	1.65244
241.05865	1.65099
241.54077	1.64951
242.02289	1.64813
242.50501	1.64695
242.98712	1.64609
243.46924	1.64560
243.95136	1.64548
244.43348	1.64568
244.91559	1.64612
245.39771	1.64664
245.87983	1.64712
246.36195	1.64743
246.84406	1.64748
247.32618	1.64726
247.80830	1.64680
248.29041	1.64619
248.77253	1.64559
249.25465	1.64512
249.73677	1.64492
250.21888	1.64508
250.70100	1.64564
251.18312	1.64656
251.66524	1.64773
252.14735	1.64897
252.62947	1.65003
253.11159	1.65068
253.59370	1.65073
254.07582	1.65004
254.55794	1.64862
255.04006	1.64661
255.52217	1.64423
256.00429	1.64177
256.48641	1.63954
256.96853	1.63781
257.45064	1.63677
257.93276	1.63652
258.41488	1.63701
258.89700	1.63809
259.37911	1.63951
259.86123	1.64095
260.34335	1.64210
260.82546	1.64268
261.30758	1.64255
261.78970	1.64168
262.27182	1.64020
262.75393	1.63834
263.23605	1.63643
263.71817	1.63483
264.20029	1.63382
264.68240	1.63359
265.16452	1.63420
265.64664	1.63551
266.12875	1.63724
266.61087	1.63901
267.09299	1.64041
267.57511	1.64110
268.05722	1.64086
268.53934	1.63970
269.02146	1.63775
269.50358	1.63530
269.98569	1.63263
270.46781	1.63005
270.94993	1.62768
271.43205	1.62556
271.91416	1.62364
272.39628	1.62176
272.87840	1.61975
273.36051	1.61742
273.84263	1.61463
274.32475	1.61125
274.80687	1.60717
275.28898	1.60224
275.77110	1.59631
276.25322	1.58915
276.73534	1.58064
277.21745	1.57077
277.69957	1.55981
278.18169	1.54830
278.66380	1.53694
279.14592	1.52657
279.62804	1.51796
280.11016	1.51169
280.59227	1.50802
281.07439	1.50692
281.55651	1.50803
282.03863	1.51072
282.52074	1.51405
283.00286	1.51698
283.48498	1.51862
283.96710	1.51828
284.44921	1.51569
284.93133	1.51109
285.41345	1.50511
285.89556	1.49858
286.37768	1.49233
286.85980	1.48700
287.34192	1.48300
287.82403	1.48043
288.30615	1.47916
288.78827	1.47887
289.27039	1.47912
289.75250	1.47949
290.23462	1.47962
290.71674	1.47935
291.19885	1.47876
291.68097	1.47811
292.16309	1.47774
292.64521	1.47797
293.12732	1.47896
293.60944	1.48032
294.09156	1.48165
294.57368	1.48214
295.05579	1.48089
295.53791	1.47713
296.02003	1.47045
296.50215	1.46092
296.98426	1.44917
297.46638	1.43582
297.94850	1.42228
298.43061	1.40964
298.91273	1.39881
299.39485	1.39035
299.87697	1.38435
300.35908	1.38038
300.84120	1.37751
301.32332	1.37453
301.80544	1.37009
302.28755	1.36315
302.76967	1.35329
303.25179	1.34095
303.73391	1.32710
304.21602	1.31295
304.69814	1.29976
305.18026	1.28843
305.66237	1.27932
306.14449	1.27250
306.62661	1.26774
307.10873	1.26468
307.59084	1.26278
308.07296	1.26142
308.55508	1.26012
309.03720	1.25847
309.51931	1.25622
310.00143	1.25334
310.48355	1.24995
310.96566	1.24618
311.44778	1.24209
311.92990	1.23762
312.41202	1.23260
312.89413	1.22679
313.37625	1.21994
313.85837	1.21188
314.34049	1.20253
314.82260	1.19186
315.30472	1.18001
315.78684	1.16714
316.26896	1.15361
316.75107	1.13997
317.23319	1.12696
317.71531	1.11550
318.19742	1.10664
318.67954	1.10101
319.16166	1.09979
319.64378	1.10341
320.12589	1.11210
320.60801	1.12591
321.09013	1.14439
321.57225	1.16684
322.05436	1.19231
322.53648	1.21928
323.01860	1.24642
323.50071	1.27178
323.98283	1.29319
324.46495	1.30826
324.94707	1.31595
325.42918	1.31486
325.91130	1.30514
326.39342	1.28833
326.87554	1.26623
327.35765	1.24147
327.83977	1.21665
328.32189	1.19340
328.80401	1.17341
329.28612	1.15679
329.76824	1.14342
330.25036	1.13206
330.73247	1.12209
331.21459	1.11280
331.69671	1.10436
332.17883	1.09758
332.66094	1.09327
333.14306	1.09184
333.62518	1.09309
334.10730	1.09478
334.58941	1.09615
335.07153	1.09528
335.55365	1.09115
336.03576	1.08387
336.51788	1.07470
337.00000	1.06575
337.48212	1.05939
337.96423	1.05686
338.44635	1.05985
338.92847	1.06786
339.41059	1.07948
339.89270	1.09282
340.37482	1.10462
340.85694	1.11186
341.33906	1.11252
341.82117	1.10604
342.30329	1.09350
342.78541	1.07677
343.26752	1.05813
343.74964	1.03966
344.23176	1.02240
344.71388	1.00701
345.19599	0.99394
345.67811	0.98357
346.16023	0.97621
346.64235	0.97227
347.12446	0.97221
347.60658	0.97636
348.08870	0.98456
348.57081	0.99608
349.05293	1.00954
349.53505	1.02308
350.01717	1.03455
350.49928	1.04220
350.98140	1.04504
351.46352	1.04308
351.94564	1.03703
352.42775	1.02797
352.90987	1.01726
353.39199	1.00627
353.87411	0.99623
354.35622	0.98820
354.83834	0.98297
355.32046	0.98105
355.80257	0.98295
356.28469	0.98889
356.76681	0.99902
357.24893	1.01334
357.73104	1.03171
358.21316	1.05366
358.69528	1.07822
359.17740	1.10413
359.65951	1.12873
360.14163	1.14892
360.62375	1.16160
361.10586	1.16264
361.58798	1.15125
362.07010	1.12974
362.55222	1.10299
363.03433	1.07692
363.51645	1.05530
363.99857	1.04078
364.48069	1.03452
364.96280	1.03573
365.44492	1.04332
365.92704	1.05565
366.40916	1.07090
366.89127	1.08561
367.37339	1.09897
367.85551	1.10868
368.33762	1.11314
368.81974	1.11162
369.30186	1.10410
369.78398	1.09102
370.26609	1.07319
370.74821	1.05088
371.23033	1.02553
371.71245	0.99879
372.19456	0.97272
372.67668	0.94958
373.15880	0.93081
373.64091	0.91760
374.12303	0.91069
374.60515	0.91019
375.08727	0.91582
375.56938	0.92680
376.05150	0.94189
376.53362	0.95956
377.01574	0.97753
377.49785	0.99408
377.97997	1.00847
378.46209	1.02077
378.94421	1.03226
379.42632	1.04436
379.90844	1.05806
380.39056	1.07348
380.87267	1.08926
381.35479	1.10288
381.83691	1.11137
382.31903	1.11269
382.80114	1.10691
383.28326	1.09603
383.76538	1.08364
384.24750	1.07390
384.72961	1.06860
385.21173	1.06919
385.69385	1.07636
386.17596	1.08959
386.65808	1.10763
387.14020	1.12825
387.62232	1.14828
388.10443	1.16435
388.58655	1.17203
389.06867	1.16922
389.55079	1.15693
390.03290	1.13703
390.51502	1.11572
390.99714	1.09832
391.47926	1.08903
391.96137	1.09031
392.44349	1.10404
392.92561	1.12832
393.40772	1.15852
393.88984	1.18824
394.37196	1.20422
394.85408	1.19809
395.33619	1.17077
395.81831	1.13091
396.30043	1.08793
396.78255	1.04650
397.26466	1.00990
397.74678	0.98005
398.22890	0.95658
398.71102	0.93955
399.19313	0.92888
399.67525	0.92435
400.15737	0.92558
400.63948	0.93197
401.12160	0.94262
401.60372	0.95631
402.08584	0.97119
402.56795	0.98510
403.05007	0.99583
403.53219	1.00172
404.01431	1.00231
404.49642	0.99850
404.97854	0.99239
405.46066	0.98656
405.94277	0.98360
406.42489	0.98557
406.90701	0.99375
407.38913	1.00868
407.87124	1.02953
408.35336	1.05345
408.83548	1.07622
409.31760	1.09305
409.79971	1.10038
410.28183	1.09699
410.76395	1.08486
411.24607	1.06676
411.72818	1.04486
412.21030	1.02003
412.69242	0.99428
413.17453	0.97006
413.65665	0.95049
414.13877	0.93757
414.62089	0.93271
415.10300	0.93618
415.58512	0.94658
416.06724	0.96008
416.54936	0.97287
417.03147	0.98180
417.51359	0.98479
417.99571	0.98332
418.47782	0.98124
418.95994	0.98222
419.44206	0.98893
419.92418	1.00189
420.40629	1.02052
420.88841	1.04288
421.37053	1.06682
421.85265	1.09004
422.33476	1.11046
422.81688	1.12611
423.29900	1.13558
423.78112	1.13805
424.26323	1.13366
424.74535	1.12355
425.22747	1.10908
425.70958	1.09135
426.19170	1.07159
426.67382	1.05079
427.15594	1.02948
427.63805	1.00866
428.12017	0.98980
428.60229	0.97430
429.08441	0.96424
429.56652	0.96100
430.04864	0.96608
430.53076	0.98066
431.01287	1.00581
431.49499	1.04137
431.97711	1.08741
432.45923	1.14518
432.94134	1.20531
433.42346	1.25041
433.90558	1.26333
434.38770	1.24073
434.86981	1.19540
435.35193	1.14393
435.83405	1.10207
436.31617	1.06889
436.79828	1.04527
437.28040	1.02708
437.76252	1.01128
438.24463	0.99643
438.72675	0.98176
439.20887	0.96758
439.69099	0.95525
440.17310	0.94061
440.65522	0.92510
441.13734	0.90909
441.61946	0.89477
442.10157	0.88480
442.58369	0.88100
443.06581	0.88400
443.54792	0.89340
444.03004	0.90658
444.51216	0.92311
444.99428	0.94054
445.47639	0.95747
445.95851	0.97178
446.44063	0.98036
446.92275	0.97912
447.40486	0.96841
447.88698	0.95227
448.36910	0.93734
448.85122	0.92914
449.33333	0.93192
449.81545	0.94933
450.29757	0.98241
450.77968	1.03152
451.26180	1.09722
451.74392	1.19151
452.22604	1.29702
452.70815	1.37649
453.19027	1.38609
453.67239	1.31777
454.15451	1.21082
454.63662	1.10526
455.11874	1.01994
455.60086	0.95950
456.08297	0.91619
456.56509	0.88705
457.04721	0.86857
457.52933	0.85700
458.01144	0.84803
458.49356	0.83814
458.97568	0.82571
459.45780	0.81117
459.93991	0.79670
460.42203	0.78434
460.90415	0.77589
461.38627	0.77273
461.86838	0.77516
462.35050	0.78347
462.83262	0.79797
463.31473	0.81913
463.79685	0.84805
464.27897	0.88619
464.76109	0.93546
465.24320	0.99748
465.72532	1.07459
466.20744	1.16805
466.68956	1.27743
467.17167	1.37729
467.65379	1.44181
468.13591	1.41967
468.61802	1.33272
469.10014	1.21647
469.58226	1.10798
470.06438	1.01246
470.54649	0.93180
471.02861	0.86512
471.51073	0.81326
471.99285	0.77534
472.47496	0.75035
472.95708	0.73719
473.43920	0.73476
473.92132	0.74243
474.40343	0.76024
474.88555	0.78920
475.36767	0.83159
475.84978	0.89080
476.33190	0.97192
476.81402	1.09599
477.29614	1.27945
477.77825	1.52125
478.26037	1.75369
478.74249	1.73086
479.22461	1.51283
479.70672	1.35517
480.18884	1.31168
480.67096	1.40676
481.15307	1.69099
481.63519	2.23160
482.11731	2.18057
482.59943	1.71638
483.08154	1.44288
483.56366	1.30065
484.04578	1.26020
484.52790	1.32157
485.01001	1.48572
485.49213	1.69105
485.97425	1.71183
486.45637	1.51512
486.93848	1.31720
487.42060	1.17498
487.90272	1.09496
488.38483	1.05405
488.86695	1.04536
489.34907	1.06628
489.83119	1.11810
490.31330	1.18724
490.79542	1.28658
491.27754	1.33690
491.75966	1.28915
492.24177	1.17974
492.72389	1.09205
493.20601	1.03164
493.68812	1.00022
494.17024	0.99614
494.65236	1.01001
495.13448	1.03248
495.61659	1.05547
496.09871	1.07121
496.58083	1.08199
497.06295	1.08627
497.54506	1.08411
498.02718	1.07575
498.50930	1.06173
498.99142	1.04330
499.47353	1.02201
499.95565	0.99574
500.43777	0.96487
500.91988	0.92824
501.40200	0.88691
501.88412	0.84350
502.36624	0.80248
502.84835	0.76786
503.33047	0.74244
503.81259	0.72746
504.29471	0.72238
504.77682	0.72569
505.25894	0.73495
505.74106	0.74770
506.22318	0.76152
506.70529	0.77422
507.18741	0.78358
507.66953	0.78611
508.15164	0.78047
508.63376	0.76475
509.11588	0.73860
509.59800	0.70466
510.08011	0.66713
510.56223	0.63070
511.04435	0.59933
511.52647	0.57482
512.00858	0.55933
512.49070	0.55310
512.97282	0.55591
513.45493	0.56823
513.93705	0.59122
514.41917	0.62703
514.90129	0.67924
515.38340	0.75254
515.86552	0.85498
516.34764	0.99817
516.82976	1.20447
517.31187	1.44708
517.79399	1.65443
518.27611	1.58162
518.75823	1.50389
519.24034	1.52251
519.72246	1.64451
520.20458	1.75551
520.68669	1.68199
521.16881	1.48477
521.65093	1.29931
522.13305	1.17081
522.61516	1.10190
523.09728	1.08198
523.57940	1.09151
524.06152	1.10175
524.54363	1.07833
525.02575	1.01018
525.50787	0.92168
525.98998	0.83208
526.47210	0.75677
526.95422	0.69193
527.43634	0.63501
527.91845	0.58145
528.40057	0.53023
528.88269	0.48254
529.36481	0.44199
529.84692	0.41216
530.32904	0.39660
530.81116	0.39694
531.29328	0.41805
531.77539	0.46335
532.25751	0.53754
532.73963	0.65252
533.22174	0.82348
533.70386	0.96604
534.18598	0.95551
534.66810	0.83651
535.15021	0.71985
535.63233	0.62803
536.11445	0.56678
536.59657	0.52062
537.07868	0.49182
537.56080	0.47547
538.04292	0.46713
538.52503	0.46735
539.00715	0.46671
539.48927	0.46326
539.97139	0.46204
540.45350	0.45967
540.93562	0.47597
541.41774	0.50053
541.89986	0.52131
542.38197	0.53468
542.86409	0.53425
543.34621	0.51934
543.82833	0.49050
544.31044	0.44025
544.79256	0.37584
545.27468	0.30042
545.75679	0.21673
546.23891	0.12082
546.72103	0.01023
547.20315	-0.12410
547.68526	-0.29815
548.16738	-0.52541
548.64950	-0.51760
549.13162	-0.30648
549.61373	-0.18454
550.09585	-0.14717
550.57797	-0.12062
551.06008	-0.07950
551.54220	-0.00920
552.02432	0.08123
552.50644	0.15083
552.98855	0.12010
553.47067	-0.00974
553.95279	-0.20865
554.43491	-0.40343
554.91702	-0.52969
555.39914	-0.51481
555.88126	-0.38508
556.36338	-0.22672
556.84549	-0.08429
557.32761	0.01690
557.80973	0.06489
558.29184	0.06632
558.77396	0.04077
559.25608	0.00730
559.73820	-0.01989
560.22031	-0.03626
560.70243	-0.03414
561.18455	-0.00787
561.66667	0.04438
562.14878	0.12236
562.63090	0.22455
563.11302	0.35086
563.59513	0.46794
564.07725	0.55137
564.55937	0.51142
565.04149	0.39542
565.52360	0.24692
566.00572	0.11885
566.48784	0.00892
566.96996	-0.08035
567.45207	-0.14156
567.93419	-0.16334
568.41631	-0.13613
568.89843	-0.06016
569.38054	0.05506
569.86266	0.19200
570.34478	0.33565
570.82689	0.47555
571.30901	0.59726
571.79113	0.69689
572.27325	0.77628
572.75536	0.85012
573.23748	1.03826
573.71960	1.75834
574.20172	5.00000
574.68383	1.50918
575.16595	0.89437
575.64807	0.61694
576.13018	0.48169
576.61230	0.43692
577.09442	0.44641
577.57654	0.48323
578.05865	0.54417
578.54077	0.63316
579.02289	0.73478
579.50501	0.92632
579.98712	1.02282
580.46924	0.87664
580.95136	0.59618
581.43348	0.35400
581.91559	0.17686
582.39771	0.11792
582.87983	0.15225
583.36194	0.20485
583.84406	0.23888
584.32618	0.23413
584.80830	0.16930
585.29041	0.02462
585.77253	-0.16567
586.25465	-0.25675
586.73677	-0.10342
587.21888	0.15269
587.70100	0.38606
588.18312	0.56143
588.66523	0.67775
589.14735	0.73370
589.62947	0.72026
590.11159	0.65091
590.59370	0.53424
591.07582	0.40816
591.55794	0.29542
592.04006	0.20647
592.52217	0.14452
593.00429	0.10533
593.48641	0.08420
593.96853	0.07598
594.45064	0.07958
594.93276	0.09035
595.41488	0.10733
595.89699	0.13037
596.37911	0.16142
596.86123	0.19769
597.34335	0.23389
597.82546	0.26127
598.30758	0.26793
598.78970	0.24587
599.27182	0.20391
599.75393	0.16231
600.23605	0.14494
600.71817	0.15810
601.20029	0.21190
601.68240	0.32178
602.16452	0.47726
602.64664	0.61311
603.12875	0.52545
603.61087	0.36998
604.09299	0.22161
604.57511	0.12005
605.05722	0.04814
605.53934	-0.00108
606.02146	-0.02183
606.50358	-0.01431
606.98569	0.01958
607.46781	0.07100
607.94993	0.10024
608.43204	0.02123
608.91416	-0.11603
609.39628	-0.21888
609.87840	-0.25620
610.36051	-0.23798
610.84263	-0.17820
611.32475	-0.09465
611.80687	-0.00354
612.28898	0.08258
612.77110	0.15186
613.25322	0.19625
613.73534	0.21273
614.21745	0.20460
614.69957	0.17800
615.18169	0.14043
615.66380	0.09491
616.14592	0.04743
616.62804	0.00402
617.11016	-0.02811
617.59227	-0.04054
618.07439	-0.02640
618.55651	0.00998
619.03863	0.05814
619.52074	0.10682
620.00286	0.15297
620.48498	0.19443
620.96709	0.23059
621.44921	0.26038
621.93133	0.28439
622.41345	0.29979
622.89556	0.30514
623.37768	0.30334
623.85980	0.30027
624.34192	0.30386
624.82403	0.32153
625.30615	0.35608
625.78827	0.41651
626.27039	0.50553
626.75250	0.63183
627.23462	0.86910
627.71674	1.03623
628.19885	0.84010
628.68097	0.57310
629.16309	0.40411
629.64521	0.28478
630.12732	0.20876
630.60944	0.17987
631.09156	0.18692
631.57368	0.27727
632.05579	0.43116
632.53791	0.57804
633.02003	0.63606
633.50214	0.61671
633.98426	0.58661
634.46638	0.58435
634.94850	0.61620
635.43061	0.66821
635.91273	0.72503
636.39485	0.76168
636.87697	0.72560
637.35908	0.58139
637.84120	0.37101
638.32332	0.13551
638.80544	-0.17736
639.28755	-0.69523
639.76967	-0.49757
640.25179	-0.01582
640.73390	0.30286
641.21602	0.54393
641.69814	0.63735
642.18026	0.60036
642.66237	0.54728
643.14449	0.50216
643.62661	0.46681
644.10873	0.44139
644.59084	0.42013
645.07296	0.39580
645.55508	0.35987
646.03719	0.29761
646.51931	-0.13982
647.00143	5.00000
647.48355	-0.57840
647.96566	0.22262
648.44778	0.37228
648.92990	0.47799
649.41202	0.57746
649.89413	0.68117
650.37625	0.81009
650.85837	0.95003
651.34049	1.09685
651.82260	1.24073
652.30472	1.36499
652.78684	1.50673
653.26895	1.68238
653.75107	1.98422
654.23319	5.00000
654.71531	5.00000
655.19742	1.10039
655.67954	0.55910
656.16166	0.09116
656.64378	-0.46501
657.12589	-0.54457
657.60801	-0.29863
658.09013	-0.13588
658.57224	-0.01018
659.05436	0.10999
659.53648	0.23632
660.01860	0.35696
660.50071	0.45912
660.98283	0.50664
661.46495	0.49351
661.94707	0.44080
662.42918	0.37861
662.91130	0.30772
663.39342	0.22606
663.87554	0.12310
664.35765	-0.02403
664.83977	-0.25649
665.32189	-0.70698
665.80400	5.00000
666.28612	5.00000
666.76824	-0.51365
667.25036	-0.29680
667.73247	-0.25933
668.21459	-0.24744
668.69671	-0.25646
669.17883	-0.28320
669.66094	-0.32360
670.14306	-0.37014
670.62518	-0.41382
671.10729	-0.44136
671.58941	-0.42625
672.07153	-0.34788
672.55365	-0.19867
673.03576	0.01235
673.51788	0.38363
674.00000	0.97528
674.48212	1.45467
674.96423	1.27511
675.44635	1.16091
675.92847	0.98973
676.41059	0.62994
676.89270	0.32525
677.37482	0.16542
677.85694	0.03854
678.33905	-0.05771
678.82117	-0.12411
679.30329	-0.15873
679.78541	-0.16224
680.26752	-0.13469
680.74964	-0.07963
681.23176	-0.00310
681.71388	0.09052
682.19599	0.19993
682.67811	0.32803
683.16023	0.48896
683.64234	0.70557
684.12446	0.82214
684.60658	0.73329
685.08870	0.57983
685.57081	0.47159
686.05293	0.39890
686.53505	0.35275
687.01717	0.32040
687.49928	0.29812
687.98140	0.28123
688.46352	0.26719
688.94564	0.25544
689.42775	0.24760
689.90987	0.24668
690.39199	0.25948
690.87410	0.27669
691.35622	0.28725
691.83834	0.25223
692.32046	0.19376
692.80257	0.14677
693.28469	0.13547
693.76681	0.14907
694.24893	0.17801
694.73104	0.21678
695.21316	0.25807
695.69528	0.29939
696.17740	0.34085
696.65951	0.37527
697.14163	0.36750
697.62375	0.24927
698.10586	0.04842
698.58798	-0.16801
699.07010	-0.31338
699.55222	-0.36417
700.03433	-0.34511
700.51645	-0.29854
700.99857	-0.23791
701.48069	-0.16791
701.96280	-0.09222
702.44492	-0.01823
702.92704	0.04975
703.40915	0.10164
703.89127	0.12812
704.37339	0.12703
704.85551	0.10048
705.33762	0.05231
705.81974	-0.01289
706.30186	-0.08785
706.78398	-0.17636
707.26609	-0.25375
707.74821	-0.30210
708.23033	-0.34739
708.71245	-0.36448
709.19456	-0.24987
709.67668	0.09323
710.15880	0.67147
710.64091	1.37754
711.12303	1.33072
711.60515	1.04459
712.08727	0.78483
712.56938	0.51851
713.05150	0.23492
713.53362	-0.10805
714.01574	-0.10805
714.49785	-0.10805
714.97997	-0.18176
715.46209	0.17040
715.94420	0.33230
716.42632	0.46606
716.90844	0.55953
717.39056	0.59274
717.87267	0.56953
718.35479	0.51767
718.83691	0.45529
719.31903	0.39661
719.80114	0.34937
720.28326	0.31067
720.76538	0.28220
721.24750	0.26705
721.72961	0.27595
722.21173	0.32944
722.69385	0.43990
723.17596	0.62676
723.65808	0.73855
724.14020	0.38442
724.62232	0.03718
725.10443	-0.15084
725.58655	-0.22236
726.06867	-0.24100
726.55079	-0.21839
727.03290	-0.16177
727.51502	-0.07052
727.99714	0.04483
728.47925	0.16930
728.96137	0.28489
729.44349	0.38528
729.92561	0.47494
730.40772	0.56327
730.88984	0.66331
731.37196	0.74491
731.85408	0.77223
732.33619	0.71786
732.81831	0.62845
733.30043	0.51969
733.78255	0.42426
734.26466	0.34062
734.74678	0.26835
735.22890	0.20550
735.71101	0.15977
736.19313	0.14362
736.67525	0.17419
737.15737	0.27441
737.63948	0.46808
738.12160	0.71158
738.60372	0.88743
739.08584	0.88072
739.56795	0.76630
740.05007	0.65488
740.53219	0.59432
741.01430	0.57423
741.49642	0.54193
741.97854	0.45972
742.46066	0.32146
742.94277	0.16814
743.42489	0.02647
743.90701	-0.08439
744.38913	-0.15343
744.87124	-0.17690
745.35336	-0.16263
745.83548	-0.11325
746.31760	-0.02998
746.79971	0.08797
747.28183	0.25297
747.76395	0.44570
748.24606	0.61093
748.72818	0.65216
749.21030	0.56969
749.69242	0.46745
750.17453	0.40067
750.65665	0.37953
751.13877	0.37114
751.62089	0.36735
752.10300	0.35824
752.58512	0.34769
753.06724	0.31975
753.54935	0.26587
754.03147	0.17255
754.51359	0.00686
754.99571	-0.18992
755.47782	-0.21098
755.95994	-0.06738
756.44206	0.09501
756.92418	0.20251
757.40629	0.28009
757.88841	0.33822
758.37053	0.38286
758.85265	0.41747
759.33476	0.44428
759.81688	0.46466
760.29900	0.47981
760.78111	0.49225
761.26323	0.50333
761.74535	0.51370
762.22747	0.52189
762.70958	0.52564
763.19170	0.52209
763.67382	0.50953
764.15594	0.48651
764.63805	0.45413
765.12017	0.41715
765.60229	0.38304
766.08440	0.36111
766.56652	0.35869
767.04864	0.37054
767.53076	0.38322
768.01287	0.38196
768.49499	0.36205
768.97711	0.31811
769.45923	0.24334
769.94134	-0.02826
770.42346	-0.02826
770.90558	5.00000
771.38770	0.01661
771.86981	1.38612
772.35193	5.00000
772.83405	0.60617
773.31616	0.23688
773.79828	0.16504
774.28040	0.16806
774.76252	0.21385
775.24463	0.27435
775.72675	0.32899
776.20887	0.38334
776.69099	0.43184
777.17310	0.46992
777.65522	0.49348
778.13734	0.49953
778.61945	0.49197
779.10157	0.48012
779.58369	0.47435
780.06581	0.48134
780.54792	0.49961
781.03004	0.51919
781.51216	0.52909
781.99428	0.52339
782.47639	0.51345
782.95851	0.51880
783.44063	0.55740
783.92275	0.61817
784.40486	0.65755
784.88698	0.63677
785.36910	0.57131
785.85121	0.49446
786.33333	0.41556
786.81545	0.33933
787.29757	0.26870
787.77968	0.19725
788.26180	0.12323
788.74392	0.04539
789.22604	-0.03433
789.70815	-0.11712
790.19027	-0.19869
790.67239	-0.27138
791.15451	-0.32386
791.63662	-0.34665
792.11874	-0.33660
792.60086	-0.29908
793.08297	-0.24144
793.56509	-0.16549
794.04721	-0.07591
794.52933	0.01875
795.01144	0.10360
795.49356	0.16547
795.97568	0.19427
796.45780	0.19091
796.93991	0.15803
797.42203	0.10458
797.90415	0.03619
798.38626	-0.04175
798.86838	-0.12598
799.35050	-0.20842
799.83262	-0.28116
800.31473	-0.33739
800.79685	-0.37118
801.27897	-0.38290
801.76109	-0.37551
802.24320	-0.34475
802.72532	-0.27138
803.20744	-0.13393
803.68956	0.06774
804.17167	0.30586
804.65379	0.46756
805.13591	0.49556
805.61802	0.44268
806.10014	0.40001
806.58226	0.37605
807.06438	0.35987
807.54649	0.34295
808.02861	0.31387
808.51073	0.21519
808.99285	0.00332
809.47496	-0.11951
809.95708	0.10563
810.43920	0.44054
810.92131	0.77050
811.40343	1.03469
811.88555	1.04433
812.36767	0.87451
812.84978	0.68174
813.33190	0.51031
813.81402	0.36395
814.29614	0.23312
814.77825	0.08556
815.26037	-0.07930
815.74249	-0.24233
816.22461	-0.33877
816.70672	-0.34423
817.18884	-0.31759
817.67096	-0.32846
818.15307	-0.36446
818.63519	-0.38842
819.11731	-0.38681
819.59943	-0.37474
820.08154	-0.37802
820.56366	-0.42320
821.04578	-0.51028
821.52790	-0.60606
822.01001	-0.63588
822.49213	-0.57363
822.97425	-0.46763
823.45636	-0.38148
823.93848	-0.33335
824.42060	-0.30540
824.90272	-0.28342
825.38483	-0.25722
825.86695	-0.22367
826.34907	-0.18168
826.83119	-0.14327
827.31330	-0.12351
827.79542	-0.13437
828.27754	-0.17489
828.75966	-0.22842
829.24177	-0.27088
829.72389	-0.28292
830.20601	-0.26475
830.68812	-0.22600
831.17024	-0.17930
831.65236	-0.13052
832.13448	-0.08225
832.61659	-0.03144
833.09871	0.02785
833.58083	0.28858
834.06295	5.00000
834.54506	5.00000
835.02718	-0.12800
835.50930	-0.13289
835.99141	0.02106
836.47353	0.18241
836.95565	0.34729
837.43777	0.57195
837.91988	0.79995
838.40200	0.76921
838.88412	0.56359
839.36624	0.43329
839.84835	0.34551
840.33047	0.29373
840.81259	0.27430
841.29471	0.28477
841.77682	0.32431
842.25894	0.39892
842.74106	0.52216
843.22317	0.82462
843.70529	1.18748
844.18741	0.88377
844.66953	0.51375
845.15164	0.31260
845.63376	0.16945
846.11588	0.06191
846.59800	-0.02012
847.08011	-0.08207
847.56223	-0.12898
848.04435	-0.16638
848.52646	-0.19973
849.00858	-0.23792
849.49070	-0.27874
849.97282	-0.31843
850.45493	-0.35042
850.93705	-0.37029
851.41917	-0.36594
851.90129	-0.33587
852.38340	-0.28484
852.86552	-0.22291
853.34764	-0.15798
853.82976	-0.10068
854.31187	-0.06075
854.79399	-0.05378
855.27611	-0.07846
855.75822	-0.12733
856.24034	-0.18632
856.72246	-0.23891
857.20458	-0.27050
857.68669	-0.26611
858.16881	-0.21971
858.65093	-0.13024
859.13305	-0.01249
859.61516	0.10762
860.09728	0.19039
860.57940	0.20149
861.06151	0.13796
861.54363	0.03002
862.02575	-0.08819
862.50787	-0.18555
862.98998	-0.25782
863.47210	-0.29745
863.95422	-0.31335
864.43634	-0.31850
864.91845	-0.32880
865.40057	-0.34813
865.88269	-0.38282
866.36481	-0.44598
866.84692	-0.53813
867.32904	-0.66218
867.81116	-0.82989
868.29327	-1.15512
868.77539	-1.15512
869.25751	-1.24733
869.73963	-0.81792
870.22174	-0.55900
870.70386	-0.35357
871.18598	-0.22058
871.66810	-0.19595
872.15021	-0.25987
872.63233	-0.37189
873.11445	-0.50228
873.59656	-0.63678
874.07868	-0.74860
874.56080	-0.85538
875.04292	-0.85837
875.52503	-0.70072
876.00715	-0.44493
876.48927	-0.16030
876.97139	0.14053
877.45350	0.46568
877.93562	0.76233
878.41774	0.99898
878.89986	0.73440
879.38197	0.52293
879.86409	0.32516
880.34621	0.17392
880.82832	0.05904
881.31044	-0.02628
881.79256	-0.08970
882.27468	-0.14449
882.75679	-0.20304
883.23891	-0.28148
883.72103	-0.54664
884.20315	-0.54664
884.68526	5.00000
885.16738	-0.95075
885.64950	-0.46851
886.13161	-0.22047
886.61373	-0.04720
887.09585	0.08905
887.57797	0.19566
888.06008	0.28666
888.54220	0.33831
889.02432	0.31285
889.50644	0.15635
889.98855	-0.14718
890.47067	-0.67642
890.95279	5.00000
891.43491	5.00000
891.91702	-0.84781
892.39914	-0.41819
892.88126	-0.29331
893.36337	-0.27090
893.84549	-0.26783
894.32761	-0.28116
894.80973	-0.31116
895.29184	-0.36753
895.77396	-0.44949
896.25608	-0.55507
896.73820	-0.67860
897.22031	-0.78588
897.70243	-0.78181
898.18455	-0.67266
898.66667	-0.53956
899.14878	-0.43026
899.63090	-0.33245
900.11302	-0.24648
900.59513	-0.17585
901.07725	-0.11847
901.55937	-0.07946
902.04149	-0.06008
902.52360	-0.05949
903.00572	-0.08332
903.48784	-0.12414
903.96996	-0.18480
904.45207	-0.27394
904.93419	-0.35242
905.41631	-0.33728
905.89842	-0.19857
906.38054	-0.04400
906.86266	0.05932
907.34478	0.15263
907.82689	0.24023
908.30901	0.32870
908.79113	0.37581
909.27325	0.31262
909.75536	0.14518
910.23748	-0.03690
910.71960	-0.22086
911.20172	-0.38682
911.68383	-0.52365
912.16595	-0.61088
912.64807	-0.61879
913.13018	-0.54995
913.61230	-0.44379
914.09442	-0.33148
914.57654	-0.22175
915.05865	-0.14053
915.54077	-0.12845
916.02289	-0.20111
916.50501	-0.32951
916.98712	-0.47327
917.46924	-0.53760
917.95136	-0.48604
918.43347	-0.35907
918.91559	-0.24417
919.39771	-0.14920
919.87983	-0.07518
920.36194	-0.02902
920.84406	-0.00599
921.32618	0.00001
921.80830	0.00649
922.29041	0.04353
922.77253	0.12187
923.25465	0.22248
923.73677	0.32229
924.21888	0.38823
924.70100	0.42985
925.18312	0.42763
925.66523	0.38328
926.14735	0.28996
926.62947	0.19346
927.11159	0.11218
927.59370	0.06437
928.07582	0.07084
928.55794	0.13761
929.04006	0.24356
929.52217	0.34062
930.00429	0.30537
930.48641	0.13698
930.96852	-0.06129
931.45064	-0.23534
931.93276	-0.42293
932.41488	-0.61982
932.89699	-0.67026
933.37911	-0.51530
933.86123	-0.32315
934.34335	-0.13515
934.82546	0.02064
935.30758	0.10093
935.78970	0.08699
936.27182	0.03521
936.75393	0.00920
937.23605	0.04798
937.71817	0.13975
938.20028	0.25535
938.68240	0.34986
939.16452	0.38536
939.64664	0.35541
940.12875	0.28377
940.61087	0.18225
941.09299	0.05537
941.57511	-0.31085
942.05722	5.00000
942.53934	5.00000
943.02146	-0.73605
943.50357	-0.27941
943.98569	-0.04438
944.46781	0.12700
944.94993	0.27178
945.43204	0.41314
945.91416	0.55298
946.39628	0.69025
946.87840	0.81141
947.36051	0.88786
947.84263	0.89546
948.32475	0.82269
948.80687	0.69733
949.28898	0.53591
949.77110	0.35655
950.25322	0.19307
950.73533	0.06295
951.21745	-0.03533
951.69957	-0.09387
952.18169	-0.11671
952.66380	-0.11321
953.14592	-0.09362
953.62804	-0.06913
954.11016	-0.05282
954.59227	-0.05749
955.07439	-0.09241
955.55651	-0.16619
956.03862	-0.27770
956.52074	-0.42226
957.00286	-0.63753
957.48498	-0.95990
957.96709	-1.43657
958.44921	-1.65666
958.93133	-1.26506
959.41345	-0.91807
959.89556	-0.61513
960.37768	-0.33950
960.85980	-0.05867
961.34192	0.23170
961.82403	0.48993
962.30615	0.66061
962.78827	0.79648
963.27038	1.00190
963.75250	1.62153
964.23462	5.00000
964.71674	1.79806
965.19885	0.91030
965.68097	0.56023
966.16309	0.40246
966.64521	0.38486
967.12732	0.47928
967.60944	0.64189
968.09156	0.72098
968.57367	0.54012
969.05579	0.23167
969.53791	-0.07281
970.02003	-0.33209
970.50214	-0.56697
970.98426	-0.84302
971.46638	-0.48880
971.94850	-0.13872
972.43061	0.01530
972.91273	0.08613
973.39485	0.12937
973.87697	0.16965
974.35908	0.19838
974.84120	0.22366
975.32332	0.24788
975.80543	0.27346
976.28755	0.30294
976.76967	0.33953
977.25179	0.38483
977.73390	0.43968
978.21602	0.51136
978.69814	0.58735
979.18026	0.64701
979.66237	0.66818
980.14449	0.64640
980.62661	0.59434
981.10872	0.53535
981.59084	0.47773
982.07296	0.40611
982.55508	0.30683
983.03719	0.16889
983.51931	-0.00117
984.00143	-0.19006
984.48355	-0.39495
984.96566	-0.61463
985.44778	-0.84198
985.92990	-0.98094
986.41202	-0.96684
986.89413	-0.83327
987.37625	-0.70734
987.85837	-0.56871
988.34048	-0.45286
988.82260	-0.35811
989.30472	-0.27996
989.78684	-0.21543
990.26895	-0.15994
990.75107	-0.11427
991.23319	-0.08163
991.71531	-0.06523
992.19742	-0.06679
992.67954	-0.07935
993.16166	-0.09113
993.64378	-0.08908
994.12589	-0.06764
994.60801	-0.02309
995.09013	0.04498
995.57224	0.13790
996.05436	0.25093
996.53648	0.37221
997.01860	0.48168
997.50071	0.55160
997.98283	0.54648
998.46495	0.48331
998.94707	0.40079
999.42918	0.31589
