0.00000	0.35839
0.48212	0.34205
0.96423	0.30084
1.44635	0.25053
1.92847	0.20373
2.41059	0.16312
2.89270	0.12462
3.37482	0.08547
3.85694	0.04326
4.33906	0.00181
4.82117	-0.04892
5.30329	-0.10208
5.78541	-0.14654
6.26753	-0.16039
6.74964	-0.15394
7.23176	-0.13353
7.71388	-0.10901
8.19599	-0.08827
8.67811	-0.07471
9.16023	-0.06924
9.64235	-0.07131
10.12446	-0.07689
10.60658	-0.08382
11.08870	-0.08668
11.57082	-0.08166
12.05293	-0.06812
12.53505	-0.04564
13.01717	-0.01367
13.49928	0.03624
13.98140	0.17719
14.46352	0.43810
14.94564	0.13380
15.42775	-0.05963
15.90987	-0.09432
16.39199	-0.08627
16.87411	-0.06925
17.35622	-0.05476
17.83834	-0.04476
18.32046	-0.03512
18.80258	-0.02652
19.28469	-0.01925
19.76681	-0.01332
20.24893	-0.00863
20.73104	-0.00498
21.21316	-0.00211
21.69528	0.00022
22.17740	0.00223
22.65951	0.00409
23.14163	0.00589
23.62375	0.00770
24.10587	0.00947
24.58798	0.01115
25.07010	0.01263
25.55222	0.01381
26.03433	0.01460
26.51645	0.01492
26.99857	0.01476
27.48069	0.01416
27.96280	0.01318
28.44492	0.01193
28.92704	0.01052
29.40916	0.00907
29.89127	0.00771
30.37339	0.00655
30.85551	0.00566
31.33763	0.00511
31.81974	0.00492
32.30186	0.00507
32.78398	0.00553
33.26609	0.00619
33.74821	0.00696
34.23033	0.00772
34.71245	0.00837
35.19456	0.00883
35.67668	0.00909
36.15880	0.00917
36.64092	0.00913
37.12303	0.00903
37.60515	0.00895
38.08727	0.00894
38.56938	0.00903
39.05150	0.00922
39.53362	0.00948
40.01574	0.00978
40.49785	0.01006
40.97997	0.01027
41.46209	0.01038
41.94421	0.01038
42.42632	0.01026
42.90844	0.01008
43.39056	0.00987
43.87268	0.00968
44.35479	0.00954
44.83691	0.00948
45.31903	0.00952
45.80114	0.00965
46.28326	0.00988
46.76538	0.01019
47.24750	0.01057
47.72961	0.01102
48.21173	0.01152
48.69385	0.01203
49.17597	0.01252
49.65808	0.01294
50.14020	0.01325
50.62232	0.01340
51.10443	0.01338
51.58655	0.01318
52.06867	0.01281
52.55079	0.01232
53.03290	0.01175
53.51502	0.01117
53.99714	0.01067
54.47926	0.01032
54.96137	0.01017
55.44349	0.01027
55.92561	0.01061
56.40773	0.01116
56.88984	0.01185
57.37196	0.01261
57.85408	0.01337
58.33619	0.01407
58.81831	0.01467
59.30043	0.01516
59.78255	0.01551
60.26466	0.01574
60.74678	0.01586
61.22890	0.01586
61.71102	0.01577
62.19313	0.01560
62.67525	0.01537
63.15737	0.01510
63.63948	0.01482
64.12160	0.01454
64.60372	0.01429
65.08584	0.01409
65.56795	0.01397
66.05007	0.01394
66.53219	0.01399
67.01431	0.01413
67.49642	0.01435
67.97854	0.01462
68.46066	0.01492
68.94278	0.01521
69.42489	0.01547
69.90701	0.01567
70.38913	0.01578
70.87124	0.01582
71.35336	0.01578
71.83548	0.01570
72.31760	0.01561
72.79971	0.01553
73.28183	0.01547
73.76395	0.01545
74.24607	0.01545
74.72818	0.01546
75.21030	0.01546
75.69242	0.01544
76.17453	0.01539
76.65665	0.01531
77.13877	0.01523
77.62089	0.01517
78.10300	0.01515
78.58512	0.01519
79.06724	0.01528
79.54936	0.01542
80.03147	0.01558
80.51359	0.01573
80.99571	0.01584
81.47783	0.01589
81.95994	0.01587
82.44206	0.01577
82.92418	0.01560
83.40629	0.01537
83.88841	0.01511
84.37053	0.01484
84.85265	0.01459
85.33476	0.01438
85.81688	0.01420
86.29900	0.01407
86.78112	0.01397
87.26323	0.01389
87.74535	0.01384
88.22747	0.01379
88.70958	0.01376
89.19170	0.01372
89.67382	0.01369
90.15594	0.01365
90.63805	0.01360
91.12017	0.01354
91.60229	0.01347
92.08441	0.01337
92.56652	0.01326
93.04864	0.01315
93.53076	0.01305
94.01288	0.01297
94.49499	0.01293
94.97711	0.01292
95.45923	0.01295
95.94134	0.01302
96.42346	0.01310
96.90558	0.01320
97.38770	0.01330
97.86981	0.01338
98.35193	0.01345
98.83405	0.01350
99.31617	0.01355
99.79828	0.01361
100.28040	0.01368
100.76252	0.01376
101.24464	0.01386
101.72675	0.01395
102.20887	0.01403
102.69099	0.01408
103.17310	0.01409
103.65522	0.01404
104.13734	0.01395
104.61946	0.01381
105.10157	0.01365
105.58369	0.01348
106.06581	0.01332
106.54793	0.01318
107.03004	0.01308
107.51216	0.01302
107.99428	0.01301
108.47639	0.01304
108.95851	0.01311
109.44063	0.01322
109.92275	0.01337
110.40486	0.01357
110.88698	0.01380
111.36910	0.01406
111.85122	0.01435
112.33333	0.01465
112.81545	0.01494
113.29757	0.01521
113.77969	0.01544
114.26180	0.01563
114.74392	0.01578
115.22604	0.01590
115.70815	0.01600
116.19027	0.01611
116.67239	0.01624
117.15451	0.01640
117.63662	0.01659
118.11874	0.01679
118.60086	0.01700
119.08298	0.01719
119.56509	0.01736
120.04721	0.01750
120.52933	0.01759
121.01144	0.01763
121.49356	0.01763
121.97568	0.01760
122.45780	0.01755
122.93991	0.01749
123.42203	0.01742
123.90415	0.01735
124.38627	0.01729
124.86838	0.01724
125.35050	0.01718
125.83262	0.01714
126.31474	0.01710
126.79685	0.01707
127.27897	0.01704
127.76109	0.01702
128.24320	0.01701
128.72532	0.01699
129.20744	0.01698
129.68956	0.01697
130.17167	0.01697
130.65379	0.01700
131.13591	0.01704
131.61803	0.01712
132.10014	0.01722
132.58226	0.01735
133.06438	0.01750
133.54649	0.01765
134.02861	0.01781
134.51073	0.01795
134.99285	0.01809
135.47496	0.01821
135.95708	0.01833
136.43920	0.01844
136.92132	0.01855
137.40343	0.01867
137.88555	0.01879
138.36767	0.01891
138.84979	0.01901
139.33190	0.01908
139.81402	0.01913
140.29614	0.01914
140.77825	0.01913
141.26037	0.01911
141.74249	0.01909
142.22461	0.01909
142.70672	0.01912
143.18884	0.01919
143.67096	0.01931
144.15308	0.01947
144.63519	0.01964
145.11731	0.01981
145.59943	0.01997
146.08154	0.02009
146.56366	0.02018
147.04578	0.02022
147.52790	0.02025
148.01001	0.02026
148.49213	0.02027
148.97425	0.02032
149.45637	0.02040
149.93848	0.02053
150.42060	0.02071
150.90272	0.02094
151.38484	0.02120
151.86695	0.02148
152.34907	0.02176
152.83119	0.02204
153.31330	0.02229
153.79542	0.02252
154.27754	0.02273
154.75966	0.02293
155.24177	0.02315
155.72389	0.02338
156.20601	0.02365
156.68813	0.02396
157.17024	0.02430
157.65236	0.02468
158.13448	0.02507
158.61659	0.02547
159.09871	0.02586
159.58083	0.02623
160.06295	0.02659
160.54506	0.02694
161.02718	0.02729
161.50930	0.02765
161.99142	0.02804
162.47353	0.02846
162.95565	0.02889
163.43777	0.02933
163.91989	0.02976
164.40200	0.03016
164.88412	0.03051
165.36624	0.03081
165.84835	0.03105
166.33047	0.03126
166.81259	0.03144
167.29471	0.03164
167.77682	0.03186
168.25894	0.03214
168.74106	0.03248
169.22318	0.03288
169.70529	0.03334
170.18741	0.03385
170.66953	0.03440
171.15164	0.03497
171.63376	0.03558
172.11588	0.03621
172.59800	0.03688
173.08011	0.03762
173.56223	0.03843
174.04435	0.03932
174.52647	0.04030
175.00858	0.04135
175.49070	0.04244
175.97282	0.04355
176.45494	0.04465
176.93705	0.04568
177.41917	0.04664
177.90129	0.04752
178.38340	0.04831
178.86552	0.04904
179.34764	0.04974
179.82976	0.05048
180.31187	0.05127
180.79399	0.05218
181.27611	0.05319
181.75823	0.05433
182.24034	0.05556
182.72246	0.05684
183.20458	0.05814
183.68669	0.05941
184.16881	0.06061
184.65093	0.06174
185.13305	0.06277
185.61516	0.06371
186.09728	0.06457
186.57940	0.06537
187.06152	0.06610
187.54363	0.06677
188.02575	0.06737
188.50787	0.06788
188.98999	0.06829
189.47210	0.06858
189.95422	0.06877
190.43634	0.06887
190.91845	0.06892
191.40057	0.06896
191.88269	0.06906
192.36481	0.06925
192.84692	0.06960
193.32904	0.07011
193.81116	0.07079
194.29328	0.07162
194.77539	0.07256
195.25751	0.07354
195.73963	0.07451
196.22174	0.07543
196.70386	0.07627
197.18598	0.07703
197.66810	0.07773
198.15021	0.07842
198.63233	0.07915
199.11445	0.07997
199.59657	0.08090
200.07868	0.08197
200.56080	0.08317
201.04292	0.08447
201.52504	0.08583
202.00715	0.08722
202.48927	0.08860
202.97139	0.08997
203.45350	0.09131
203.93562	0.09266
204.41774	0.09405
204.89986	0.09551
205.38197	0.09708
205.86409	0.09876
206.34621	0.10055
206.82833	0.10243
207.31044	0.10433
207.79256	0.10622
208.27468	0.10802
208.75680	0.10971
209.23891	0.11125
209.72103	0.11264
210.20315	0.11392
210.68526	0.11512
211.16738	0.11630
211.64950	0.11748
212.13162	0.11871
212.61373	0.11999
213.09585	0.12130
213.57797	0.12261
214.06009	0.12389
214.54220	0.12508
215.02432	0.12616
215.50644	0.12712
215.98855	0.12797
216.47067	0.12874
216.95279	0.12947
217.43491	0.13021
217.91702	0.13100
218.39914	0.13186
218.88126	0.13279
219.36338	0.13379
219.84549	0.13482
220.32761	0.13585
220.80973	0.13685
221.29185	0.13779
221.77396	0.13866
222.25608	0.13946
222.73820	0.14021
223.22031	0.14093
223.70243	0.14166
224.18455	0.14242
224.66667	0.14322
225.14878	0.14409
225.63090	0.14500
226.11302	0.14596
226.59514	0.14695
227.07725	0.14794
227.55937	0.14895
228.04149	0.14996
228.52360	0.15100
229.00572	0.15208
229.48784	0.15324
229.96996	0.15448
230.45207	0.15584
230.93419	0.15731
231.41631	0.15888
231.89843	0.16053
232.38054	0.16222
232.86266	0.16392
233.34478	0.16558
233.82690	0.16720
234.30901	0.16875
234.79113	0.17024
235.27325	0.17168
235.75536	0.17310
236.23748	0.17451
236.71960	0.17594
237.20172	0.17738
237.68383	0.17883
238.16595	0.18026
238.64807	0.18165
239.13019	0.18297
239.61230	0.18419
240.09442	0.18528
240.57654	0.18626
241.05865	0.18713
241.54077	0.18791
242.02289	0.18865
242.50501	0.18938
242.98712	0.19012
243.46924	0.19090
243.95136	0.19173
244.43348	0.19260
244.91559	0.19349
245.39771	0.19438
245.87983	0.19524
246.36195	0.19606
246.84406	0.19681
247.32618	0.19749
247.80830	0.19812
248.29041	0.19871
248.77253	0.19930
249.25465	0.19990
249.73677	0.20054
250.21888	0.20123
250.70100	0.20197
251.18312	0.20274
251.66524	0.20351
252.14735	0.20427
252.62947	0.20496
253.11159	0.20556
253.59370	0.20605
254.07582	0.20642
254.55794	0.20670
255.04006	0.20690
255.52217	0.20704
256.00429	0.20716
256.48641	0.20727
256.96853	0.20738
257.45064	0.20749
257.93276	0.20758
258.41488	0.20764
258.89700	0.20763
259.37911	0.20756
259.86123	0.20741
260.34335	0.20719
260.82546	0.20691
261.30758	0.20661
261.78970	0.20630
262.27182	0.20598
262.75393	0.20567
263.23605	0.20534
263.71817	0.20497
264.20029	0.20452
264.68240	0.20396
265.16452	0.20324
265.64664	0.20236
266.12875	0.20132
266.61087	0.20014
267.09299	0.19886
267.57511	0.19755
268.05722	0.19625
268.53934	0.19502
269.02146	0.19387
269.50358	0.19280
269.98569	0.19178
270.46781	0.19075
270.94993	0.18966
271.43205	0.18843
271.91416	0.18703
272.39628	0.18542
272.87840	0.18362
273.36051	0.18167
273.84263	0.17961
274.32475	0.17750
274.80687	0.17536
275.28898	0.17321
275.77110	0.17101
276.25322	0.16871
276.73534	0.16623
277.21745	0.16349
277.69957	0.16043
278.18169	0.15704
278.66380	0.15335
279.14592	0.14945
279.62804	0.14545
280.11016	0.14149
280.59227	0.13771
281.07439	0.13420
281.55651	0.13104
282.03863	0.12822
282.52074	0.12571
283.00286	0.12343
283.48498	0.12131
283.96710	0.11925
284.44921	0.11723
284.93133	0.11521
285.41345	0.11322
285.89556	0.11128
286.37768	0.10942
286.85980	0.10763
287.34192	0.10587
287.82403	0.10407
288.30615	0.10212
288.78827	0.09990
289.27039	0.09729
289.75250	0.09423
290.23462	0.09069
290.71674	0.08673
291.19885	0.08248
291.68097	0.07808
292.16309	0.07369
292.64521	0.06946
293.12732	0.06548
293.60944	0.06177
294.09156	0.05833
294.57368	0.05512
295.05579	0.05205
295.53791	0.04909
296.02003	0.04623
296.50215	0.04349
296.98426	0.04098
297.46638	0.03880
297.94850	0.03710
298.43061	0.03595
298.91273	0.03541
299.39485	0.03546
299.87697	0.03606
300.35908	0.03709
300.84120	0.03844
301.32332	0.03999
301.80544	0.04166
302.28755	0.04339
302.76967	0.04517
303.25179	0.04703
303.73391	0.04901
304.21602	0.05114
304.69814	0.05342
305.18026	0.05582
305.66237	0.05825
306.14449	0.06062
306.62661	0.06279
307.10873	0.06466
307.59084	0.06615
308.07296	0.06725
308.55508	0.06800
309.03720	0.06851
309.51931	0.06893
310.00143	0.06942
310.48355	0.07009
310.96566	0.07102
311.44778	0.07216
311.92990	0.07343
312.41202	0.07464
312.89413	0.07560
313.37625	0.07611
313.85837	0.07602
314.34049	0.07528
314.82260	0.07391
315.30472	0.07204
315.78684	0.06982
316.26896	0.06742
316.75107	0.06498
317.23319	0.06259
317.71531	0.06027
318.19742	0.05800
318.67954	0.05573
319.16166	0.05344
319.64378	0.05116
320.12589	0.04895
320.60801	0.04692
321.09013	0.04515
321.57225	0.04364
322.05436	0.04235
322.53648	0.04108
323.01860	0.03959
323.50071	0.03756
323.98283	0.03471
324.46495	0.03083
324.94707	0.02588
325.42918	0.01995
325.91130	0.01334
326.39342	0.00643
326.87554	-0.00035
327.35765	-0.00663
327.83977	-0.01213
328.32189	-0.01674
328.80401	-0.02044
329.28612	-0.02332
329.76824	-0.02549
330.25036	-0.02707
330.73247	-0.02814
331.21459	-0.02877
331.69671	-0.02898
332.17883	-0.02881
332.66094	-0.02837
333.14306	-0.02779
333.62518	-0.02728
334.10730	-0.02712
334.58941	-0.02754
335.07153	-0.02878
335.55365	-0.03099
336.03576	-0.03416
336.51788	-0.03816
337.00000	-0.04265
337.48212	-0.04717
337.96423	-0.05123
338.44635	-0.05439
338.92847	-0.05638
339.41059	-0.05713
339.89270	-0.05678
340.37482	-0.05565
340.85694	-0.05415
341.33906	-0.05276
341.82117	-0.05194
342.30329	-0.05203
342.78541	-0.05325
343.26752	-0.05561
343.74964	-0.05891
344.23176	-0.06284
344.71388	-0.06699
345.19599	-0.07098
345.67811	-0.07450
346.16023	-0.07734
346.64235	-0.07940
347.12446	-0.08066
347.60658	-0.08118
348.08870	-0.08109
348.57081	-0.08062
349.05293	-0.08003
349.53505	-0.07957
350.01717	-0.07950
350.49928	-0.07995
350.98140	-0.08093
351.46352	-0.08236
351.94564	-0.08408
352.42775	-0.08585
352.90987	-0.08744
353.39199	-0.08864
353.87411	-0.08929
354.35622	-0.08932
354.83834	-0.08871
355.32046	-0.08753
355.80257	-0.08592
356.28469	-0.08397
356.76681	-0.08183
357.24893	-0.07955
357.73104	-0.07722
358.21316	-0.07488
358.69528	-0.07261
359.17740	-0.07051
359.65951	-0.06874
360.14163	-0.06747
360.62375	-0.06684
361.10586	-0.06694
361.58798	-0.06775
362.07010	-0.06919
362.55222	-0.07106
363.03433	-0.07313
363.51645	-0.07513
363.99857	-0.07682
364.48069	-0.07801
364.96280	-0.07855
365.44492	-0.07842
365.92704	-0.07764
366.40916	-0.07633
366.89127	-0.07470
367.37339	-0.07299
367.85551	-0.07149
368.33762	-0.07052
368.81974	-0.07038
369.30186	-0.07131
369.78398	-0.07345
370.26609	-0.07675
370.74821	-0.08099
371.23033	-0.08574
371.71245	-0.09047
372.19456	-0.09461
372.67668	-0.09768
373.15880	-0.09935
373.64091	-0.09951
374.12303	-0.09831
374.60515	-0.09606
375.08727	-0.09320
375.56938	-0.09022
376.05150	-0.08754
376.53362	-0.08542
377.01574	-0.08397
377.49785	-0.08314
377.97997	-0.08278
378.46209	-0.08272
378.94421	-0.08286
379.42632	-0.08317
379.90844	-0.08366
380.39056	-0.08440
380.87267	-0.08543
381.35479	-0.08671
381.83691	-0.08810
382.31903	-0.08943
382.80114	-0.09050
383.28326	-0.09119
383.76538	-0.09156
384.24750	-0.09180
384.72961	-0.09227
385.21173	-0.09337
385.69385	-0.09553
386.17596	-0.09906
386.65808	-0.10409
387.14020	-0.11050
387.62232	-0.11787
388.10443	-0.12561
388.58655	-0.13301
389.06867	-0.13948
389.55079	-0.14463
390.03290	-0.14835
390.51502	-0.15080
390.99714	-0.15229
391.47926	-0.15315
391.96137	-0.15361
392.44349	-0.15377
392.92561	-0.15360
393.40772	-0.15299
393.88984	-0.15182
394.37196	-0.15012
394.85408	-0.14800
395.33619	-0.14579
395.81831	-0.14392
396.30043	-0.14283
396.78255	-0.14288
397.26466	-0.14427
397.74678	-0.14693
398.22890	-0.15050
398.71102	-0.15440
399.19313	-0.15792
399.67525	-0.16037
400.15737	-0.16123
400.63948	-0.16029
401.12160	-0.15777
401.60372	-0.15416
402.08584	-0.15028
402.56795	-0.14696
403.05007	-0.14497
403.53219	-0.14477
404.01431	-0.14649
404.49642	-0.14993
404.97854	-0.15464
405.46066	-0.16001
405.94277	-0.16547
406.42489	-0.17051
406.90701	-0.17479
407.38913	-0.17813
407.87124	-0.18048
408.35336	-0.18190
408.83548	-0.18246
409.31760	-0.18224
409.79971	-0.18133
410.28183	-0.17981
410.76395	-0.17781
411.24607	-0.17551
411.72818	-0.17318
412.21030	-0.17114
412.69242	-0.16971
413.17453	-0.16927
413.65665	-0.16999
414.13877	-0.17197
414.62089	-0.17512
415.10300	-0.17924
415.58512	-0.18393
416.06724	-0.18875
416.54936	-0.19321
417.03147	-0.19682
417.51359	-0.19916
417.99571	-0.19984
418.47782	-0.19857
418.95994	-0.19522
419.44206	-0.18982
419.92418	-0.18263
420.40629	-0.17415
420.88841	-0.16507
421.37053	-0.15615
421.85265	-0.14818
422.33476	-0.14179
422.81688	-0.13741
423.29900	-0.13520
423.78112	-0.13505
424.26323	-0.13660
424.74535	-0.13930
425.22747	-0.14260
425.70958	-0.14594
426.19170	-0.14887
426.67382	-0.15113
427.15594	-0.15266
427.63805	-0.15358
428.12017	-0.15408
428.60229	-0.15444
429.08441	-0.15484
429.56652	-0.15536
430.04864	-0.15596
430.53076	-0.15646
431.01287	-0.15676
431.49499	-0.15675
431.97711	-0.15647
432.45923	-0.15604
432.94134	-0.15576
433.42346	-0.15592
433.90558	-0.15678
434.38770	-0.15846
434.86981	-0.16088
435.35193	-0.16375
435.83405	-0.16663
436.31617	-0.16900
436.79828	-0.17043
437.28040	-0.17060
437.76252	-0.16943
438.24463	-0.16706
438.72675	-0.16374
439.20887	-0.15987
439.69099	-0.15588
440.17310	-0.15216
440.65522	-0.14898
441.13734	-0.14650
441.61946	-0.14468
442.10157	-0.14340
442.58369	-0.14244
443.06581	-0.14162
443.54792	-0.14085
444.03004	-0.14015
444.51216	-0.13963
444.99428	-0.13947
445.47639	-0.13986
445.95851	-0.14098
446.44063	-0.14287
446.92275	-0.14555
447.40486	-0.14893
447.88698	-0.15294
448.36910	-0.15754
448.85122	-0.16269
449.33333	-0.16836
449.81545	-0.17448
450.29757	-0.18085
450.77968	-0.18716
451.26180	-0.19299
451.74392	-0.19780
452.22604	-0.20112
452.70815	-0.20246
453.19027	-0.20143
453.67239	-0.19782
454.15451	-0.19170
454.63662	-0.18347
455.11874	-0.17383
455.60086	-0.16378
456.08297	-0.15432
456.56509	-0.14631
457.04721	-0.14042
457.52933	-0.13698
458.01144	-0.13598
458.49356	-0.13715
458.97568	-0.14005
459.45780	-0.14407
459.93991	-0.14851
460.42203	-0.15266
460.90415	-0.15580
461.38627	-0.15744
461.86838	-0.15728
462.35050	-0.15528
462.83262	-0.15175
463.31473	-0.14715
463.79685	-0.14213
464.27897	-0.13739
464.76109	-0.13361
465.24320	-0.13153
465.72532	-0.13164
466.20744	-0.13422
466.68956	-0.13930
467.17167	-0.14653
467.65379	-0.15503
468.13591	-0.16374
468.61802	-0.17158
469.10014	-0.17779
469.58226	-0.18192
470.06438	-0.18408
470.54649	-0.18478
471.02861	-0.18472
471.51073	-0.18451
471.99285	-0.18455
472.47496	-0.18512
472.95708	-0.18606
473.43920	-0.18704
473.92132	-0.18755
474.40343	-0.18699
474.88555	-0.18484
475.36767	-0.18088
475.84978	-0.17519
476.33190	-0.16824
476.81402	-0.16077
477.29614	-0.15374
477.77825	-0.14809
478.26037	-0.14474
478.74249	-0.14431
479.22461	-0.14734
479.70672	-0.15392
480.18884	-0.16386
480.67096	-0.17667
481.15307	-0.19145
481.63519	-0.20704
482.11731	-0.22223
482.59943	-0.23578
483.08154	-0.24669
483.56366	-0.25414
484.04578	-0.25764
484.52790	-0.25707
485.01001	-0.25266
485.49213	-0.24502
485.97425	-0.23512
486.45637	-0.22415
486.93848	-0.21343
487.42060	-0.20419
487.90272	-0.19738
488.38483	-0.19351
488.86695	-0.19269
489.34907	-0.19451
489.83119	-0.19825
490.31330	-0.20290
490.79542	-0.20747
491.27754	-0.21092
491.75966	-0.21240
492.24177	-0.21122
492.72389	-0.20727
493.20601	-0.20069
493.68812	-0.19206
494.17024	-0.18209
494.65236	-0.17177
495.13448	-0.16197
495.61659	-0.15343
496.09871	-0.14673
496.58083	-0.14233
497.06295	-0.14057
497.54506	-0.14174
498.02718	-0.14576
498.50930	-0.15276
498.99142	-0.16252
499.47353	-0.17462
499.95565	-0.18834
500.43777	-0.20289
500.91988	-0.21738
501.40200	-0.23096
501.88412	-0.24279
502.36624	-0.25246
502.84835	-0.25963
503.33047	-0.26429
503.81259	-0.26636
504.29471	-0.26613
504.77682	-0.26394
505.25894	-0.26015
505.74106	-0.25522
506.22318	-0.24951
506.70529	-0.24336
507.18741	-0.23705
507.66953	-0.23086
508.15164	-0.22486
508.63376	-0.21903
509.11588	-0.21346
509.59800	-0.20808
510.08011	-0.20285
510.56223	-0.19776
511.04435	-0.19303
511.52647	-0.18903
512.00858	-0.18654
512.49070	-0.18661
512.97282	-0.19058
513.45493	-0.20007
513.93705	-0.21577
514.41917	-0.23738
514.90129	-0.26347
515.38340	-0.29127
515.86552	-0.31679
516.34764	-0.33667
516.82976	-0.34855
517.31187	-0.35155
517.79399	-0.34617
518.27611	-0.33379
518.75823	-0.31656
519.24034	-0.29737
519.72246	-0.27835
520.20458	-0.26226
520.68669	-0.25172
521.16881	-0.24837
521.65093	-0.25299
522.13305	-0.26517
522.61516	-0.28294
523.09728	-0.30222
523.57940	-0.31964
524.06152	-0.33120
524.54363	-0.33409
525.02575	-0.32705
525.50787	-0.31075
525.98998	-0.28769
526.47210	-0.26116
526.95422	-0.23444
527.43634	-0.21020
527.91845	-0.19018
528.40057	-0.17497
528.88269	-0.16432
529.36481	-0.15730
529.84692	-0.15287
530.32904	-0.14984
530.81116	-0.14747
531.29328	-0.14502
531.77539	-0.14219
532.25751	-0.13891
532.73963	-0.13544
533.22174	-0.13206
533.70386	-0.12927
534.18598	-0.12772
534.66810	-0.12825
535.15021	-0.13170
535.63233	-0.13905
536.11445	-0.15098
536.59657	-0.16789
537.07868	-0.18980
537.56080	-0.21645
538.04292	-0.24727
538.52503	-0.28137
539.00715	-0.31843
539.48927	-0.35789
539.97139	-0.39924
540.45350	-0.44074
540.93562	-0.48114
541.41774	-0.51753
541.89986	-0.54611
542.38197	-0.56100
542.86409	-0.55735
543.34621	-0.53498
543.82833	-0.49850
544.31044	-0.45497
544.79256	-0.41098
545.27468	-0.37080
545.75679	-0.33684
546.23891	-0.31058
546.72103	-0.29185
547.20315	-0.28151
547.68526	-0.28093
548.16738	-0.29094
548.64950	-0.31406
549.13162	-0.35123
549.61373	-0.40146
550.09585	-0.45696
550.57797	-0.51215
551.06008	-0.55556
551.54220	-0.57970
552.02432	-0.58433
552.50644	-0.57574
552.98855	-0.55902
553.47067	-0.53941
553.95279	-0.51802
554.43491	-0.49374
554.91702	-0.46364
555.39914	-0.42729
555.88126	-0.38620
556.36338	-0.34342
556.84549	-0.30154
557.32761	-0.26188
557.80973	-0.22452
558.29184	-0.18910
558.77396	-0.15514
559.25608	-0.12193
559.73820	-0.08902
560.22031	-0.05611
560.70243	-0.02349
561.18455	0.00820
561.66667	0.03775
562.14878	0.06344
562.63090	0.08208
563.11302	0.09053
563.59513	0.08611
564.07725	0.06548
564.55937	0.02901
565.04149	-0.01949
565.52360	-0.07350
566.00572	-0.12393
566.48784	-0.16494
566.96996	-0.19446
567.45207	-0.21556
567.93419	-0.23598
568.41631	-0.26399
568.89843	-0.30615
569.38054	-0.36843
569.86266	-0.45480
570.34478	-0.56997
570.82689	-0.71979
571.30901	-0.95067
571.79113	-1.42685
572.27325	-1.95512
572.75536	-1.36372
573.23748	-0.94416
573.71960	-0.65561
574.20172	-0.42740
574.68383	-0.23687
575.16595	-0.07384
575.64807	0.06216
576.13018	0.16790
576.61230	0.23846
577.09442	0.26993
577.57654	0.26458
578.05865	0.22729
578.54077	0.16585
579.02289	0.08912
579.50501	0.00295
579.98712	-0.08700
580.46924	-0.17602
580.95136	-0.26082
581.43348	-0.33919
581.91559	-0.41030
582.39771	-0.47464
582.87983	-0.53149
583.36194	-0.57950
583.84406	-0.61055
584.32618	-0.61663
584.80830	-0.59069
585.29041	-0.54149
585.77253	-0.48579
586.25465	-0.43870
586.73677	-0.40796
587.21888	-0.39374
587.70100	-0.39215
588.18312	-0.39397
588.66523	-0.38589
589.14735	-0.35717
589.62947	-0.30640
590.11159	-0.24407
590.59370	-0.19162
591.07582	-0.15627
591.55794	-0.14508
592.04006	-0.16482
592.52217	-0.22197
593.00429	-0.30934
593.48641	-0.40764
593.96853	-0.48658
594.45064	-0.51532
594.93276	-0.49715
595.41488	-0.46797
595.89699	-0.46102
596.37911	-0.49846
596.86123	-0.56725
597.34335	-0.65303
597.82546	-0.73425
598.30758	-0.76668
598.78970	-0.69422
599.27182	-0.57302
599.75393	-0.46833
600.23605	-0.40459
600.71817	-0.36583
601.20029	-0.34615
601.68240	-0.33909
602.16452	-0.33899
602.64664	-0.34060
603.12875	-0.34007
603.61087	-0.33427
604.09299	-0.32324
604.57511	-0.30850
605.05722	-0.29169
605.53934	-0.27516
606.02146	-0.25603
606.50358	-0.23195
606.98569	-0.19758
607.46781	-0.15184
607.94993	-0.10198
608.43204	-0.05776
608.91416	-0.02690
609.39628	-0.01337
609.87840	-0.01891
610.36051	-0.03564
610.84263	-0.05778
611.32475	-0.08120
611.80687	-0.10449
612.28898	-0.12740
612.77110	-0.14919
613.25322	-0.16795
613.73534	-0.18001
614.21745	-0.18194
614.69957	-0.17006
615.18169	-0.14194
615.66380	-0.09578
616.14592	-0.03025
616.62804	0.05573
617.11016	0.16344
617.59227	0.30820
618.07439	0.45285
618.55651	0.52393
619.03863	0.49090
619.52074	0.42010
620.00286	0.35606
620.48498	0.30340
620.96709	0.26329
621.44921	0.22664
621.93133	0.18641
622.41345	0.14055
622.89556	0.09080
623.37768	0.03816
623.85980	-0.01562
624.34192	-0.07528
624.82403	-0.14774
625.30615	-0.23980
625.78827	-0.33360
626.27039	-0.38311
626.75250	-0.37182
627.23462	-0.33935
627.71674	-0.31537
628.19885	-0.31606
628.68097	-0.34694
629.16309	-0.41200
629.64521	-0.51364
630.12732	-0.62849
630.60944	-0.69966
631.09156	-0.66797
631.57368	-0.55318
632.05579	-0.41919
632.53791	-0.30833
633.02003	-0.22324
633.50214	-0.14815
633.98426	-0.07577
634.46638	0.00006
634.94850	0.09645
635.43061	0.21295
635.91273	0.33833
636.39485	0.43671
636.87697	0.43208
637.35908	0.29420
637.84120	0.11444
638.32332	-0.04080
638.80544	-0.15475
639.28755	-0.25356
639.76967	-0.33810
640.25179	-0.40789
640.73390	-0.45712
641.21602	-0.47235
641.69814	-0.45236
642.18026	-0.41023
642.66237	-0.36013
643.14449	-0.31697
643.62661	-0.28841
644.10873	-0.28021
644.59084	-0.30041
645.07296	-0.34294
645.55508	-0.39669
646.03719	-0.44902
646.51931	-0.48770
647.00143	-0.51134
647.48355	-0.52785
647.96566	-0.55123
648.44778	-0.61092
648.92990	-0.70310
649.41202	-0.74540
649.89413	-0.66711
650.37625	-0.51295
650.85837	-0.37344
651.34049	-0.26257
651.82260	-0.18011
652.30472	-0.11647
652.78684	-0.06508
653.26895	-0.01990
653.75107	0.02292
654.23319	0.06695
654.71531	0.11410
655.19742	0.16383
655.67954	0.21190
656.16166	0.25046
656.64378	0.26870
657.12589	0.25583
657.60801	0.19386
658.09013	-0.25287
658.57224	5.00000
659.05436	-0.75028
659.53648	0.25076
660.01860	0.41555
660.50071	0.49129
660.98283	0.52970
661.46495	0.55935
661.94707	0.61306
662.42918	0.69991
662.91130	0.77801
663.39342	0.70775
663.87554	0.42652
664.35765	0.04362
664.83977	-0.27572
665.32189	-0.39566
665.80400	-0.38638
666.28612	-0.34198
666.76824	-0.29171
667.25036	-0.24829
667.73247	-0.20894
668.21459	-0.16340
668.69671	-0.11090
669.17883	-0.05228
669.66094	0.00677
670.14306	-0.00873
670.62518	-0.16589
671.10729	-0.40898
671.58941	-0.59602
672.07153	-0.64292
672.55365	-0.59954
673.03576	-0.55208
673.51788	-0.51161
674.00000	-0.47230
674.48212	-0.40871
674.96423	-0.29875
675.44635	-0.16848
675.92847	-0.03888
676.41059	0.05612
676.89270	0.13476
677.37482	0.23376
677.85694	0.34159
678.33905	0.35239
678.82117	0.22792
679.30329	0.07438
679.78541	-0.06296
680.26752	-0.15995
680.74964	-0.20572
681.23176	-0.20395
681.71388	-0.16997
682.19599	-0.11643
682.67811	-0.05604
683.16023	-0.00012
683.64234	0.04437
684.12446	0.06285
684.60658	0.02582
685.08870	-0.32752
685.57081	-0.32752
686.05293	-0.38118
686.53505	0.17131
687.01717	0.31030
687.49928	0.37190
687.98140	0.38683
688.46352	0.36405
688.94564	0.27014
689.42775	0.04029
689.90987	0.00647
690.39199	0.32235
690.87410	0.56247
691.35622	0.56755
691.83834	0.49455
692.32046	0.42134
692.80257	0.36692
693.28469	0.31842
693.76681	0.27058
694.24893	0.21473
694.73104	0.14062
695.21316	0.03913
695.69528	-0.09080
696.17740	-0.24602
696.65951	-0.42153
697.14163	-0.58556
697.62375	-0.55950
698.10586	-0.35922
698.58798	-0.12102
699.07010	0.13419
699.55222	0.36867
700.03433	0.52065
700.51645	0.58551
700.99857	0.65184
701.48069	0.72820
701.96280	0.82617
702.44492	0.85778
702.92704	0.65806
703.40915	0.37230
703.89127	0.11373
704.37339	-0.16775
704.85551	-0.64375
705.33762	-0.92783
705.81974	-0.55375
706.30186	-0.23982
706.78398	-0.02252
707.26609	0.17220
707.74821	0.37737
708.23033	0.66166
708.71245	0.85492
709.19456	0.69828
709.67668	0.46232
710.15880	0.30782
710.64091	0.19027
711.12303	0.09970
711.60515	0.03173
712.08727	-0.01389
712.56938	-0.04826
713.05150	-0.07485
713.53362	-0.09460
714.01574	-0.10780
714.49785	-0.11738
714.97997	-0.13806
715.46209	-0.19690
715.94420	-0.39999
716.42632	-0.91527
716.90844	-1.01564
717.39056	-0.65884
717.87267	-0.37646
718.35479	-0.19174
718.83691	-0.04844
719.31903	0.06993
719.80114	0.16923
720.28326	0.25158
720.76538	0.31560
721.24750	0.35835
721.72961	0.37669
722.21173	0.36721
722.69385	0.32756
723.17596	0.25574
723.65808	0.14485
724.14020	-0.02000
724.62232	-0.29438
725.10443	-1.18143
725.58655	5.00000
726.06867	5.00000
726.55079	-0.04207
727.03290	0.30332
727.51502	0.44938
727.99714	0.58643
728.47925	0.52369
728.96137	0.08351
729.44349	5.00000
729.92561	5.00000
730.40772	0.00264
730.88984	0.22135
731.37196	0.19710
731.85408	0.12864
732.33619	0.01816
732.81831	-0.15048
733.30043	-0.38608
733.78255	-0.54022
734.26466	-0.25296
734.74678	0.00772
735.22890	0.23971
735.71101	0.46140
736.19313	0.66646
736.67525	0.78448
737.15737	0.73043
737.63948	0.55548
738.12160	0.36308
738.60372	0.19367
739.08584	0.04852
739.56795	-0.09775
740.05007	-0.24328
740.53219	-0.37752
741.01430	-0.48010
741.49642	-0.52790
741.97854	-0.51296
742.46066	-0.45046
742.94277	-0.34617
743.42489	-0.20700
743.90701	-0.04149
744.38913	0.14594
744.87124	0.38385
745.35336	0.63727
745.83548	0.77983
746.31760	0.71935
746.79971	0.59856
747.28183	0.47980
747.76395	0.36289
748.24606	0.24565
748.72818	0.12502
749.21030	-0.01492
749.69242	-0.19353
750.17453	-0.46430
750.65665	-0.95194
751.13877	-1.04864
751.62089	-0.47618
752.10300	-0.25345
752.58512	-0.19193
753.06724	-0.17336
753.54935	-0.18076
754.03147	-0.20257
754.51359	-0.23564
754.99571	-0.27791
755.47782	-0.33460
755.95994	-0.42158
756.44206	-0.64239
756.92418	-0.83386
757.40629	-0.43002
757.88841	-0.01383
758.37053	0.35585
758.85265	0.70802
759.33476	1.00970
759.81688	1.18019
760.29900	1.21355
760.78111	1.23709
761.26323	1.30252
761.74535	1.28683
762.22747	1.11002
762.70958	0.93651
763.19170	0.80131
763.67382	0.71480
764.15594	0.66805
764.63805	0.64298
765.12017	0.62938
765.60229	0.62151
766.08440	0.61711
766.56652	0.61613
767.04864	0.61860
767.53076	0.62383
768.01287	0.61945
768.49499	0.60560
768.97711	0.57584
769.45923	0.52837
769.94134	0.46726
770.42346	0.40204
770.90558	0.34250
771.38770	0.29382
771.86981	0.24921
772.35193	0.22091
772.83405	0.21215
773.31616	0.22793
773.79828	0.27309
774.28040	0.32860
774.76252	0.35860
775.24463	0.35131
775.72675	0.32468
776.20887	0.29579
776.69099	0.26467
777.17310	0.22975
777.65522	0.18091
778.13734	0.10895
778.61945	0.00061
779.10157	-0.17089
779.58369	-0.56404
780.06581	-0.72817
780.54792	-0.16648
781.03004	0.23154
781.51216	0.51202
781.99428	0.76328
782.47639	0.82385
782.95851	0.66245
783.44063	0.46096
783.92275	0.25522
784.40486	0.03684
784.88698	-0.19528
785.36910	-0.41216
785.85121	-0.39927
786.33333	-0.22701
786.81545	-0.08258
787.29757	-0.00204
787.77968	0.05563
788.26180	0.09726
788.74392	0.12720
789.22604	0.15347
789.70815	0.17229
790.19027	0.17633
790.67239	0.15477
791.15451	0.09523
791.63662	0.00740
792.11874	-0.08259
792.60086	-0.16472
793.08297	-0.23693
793.56509	-0.30723
794.04721	-0.37531
794.52933	-0.43559
795.01144	-0.47714
795.49356	-0.48401
795.97568	-0.44881
796.45780	-0.38097
796.93991	-0.29864
797.42203	-0.21932
797.90415	-0.14986
798.38626	-0.08976
798.86838	-0.03669
799.35050	0.01735
799.83262	0.07716
800.31473	0.14734
800.79685	0.22516
801.27897	0.30911
801.76109	0.38280
802.24320	0.43033
802.72532	0.44181
803.20744	0.42166
803.68956	0.37620
804.17167	0.31044
804.65379	0.22445
805.13591	0.11599
805.61802	-0.02463
806.10014	-0.22002
806.58226	-0.44663
807.06438	-0.56522
807.54649	-0.42511
808.02861	-0.29925
808.51073	-0.25353
808.99285	-0.25799
809.47496	-0.30067
809.95708	-0.37970
810.43920	-0.68869
810.92131	-0.68869
811.40343	5.00000
811.88555	-0.98490
812.36767	-0.47015
812.84978	-0.22773
813.33190	-0.09526
813.81402	-0.02116
814.29614	0.03592
814.77825	0.07741
815.26037	0.11054
815.74249	0.13919
816.22461	0.16595
816.70672	0.18990
817.18884	0.21228
817.67096	0.23312
818.15307	0.25019
818.63519	0.26102
819.11731	0.26160
819.59943	0.24705
820.08154	0.21599
820.56366	0.16707
821.04578	0.10570
821.52790	0.03782
822.01001	-0.03233
822.49213	-0.10188
822.97425	-0.17061
823.45636	-0.23887
823.93848	-0.31290
824.42060	-0.37489
824.90272	-0.38656
825.38483	-0.31685
825.86695	-0.17914
826.34907	-0.01264
826.83119	0.16054
827.31330	0.33241
827.79542	0.54702
828.27754	0.82469
828.75966	0.78949
829.24177	0.49500
829.72389	0.17118
830.20601	-0.13161
830.68812	-0.43499
831.17024	-0.68550
831.65236	-0.68641
832.13448	-0.46869
832.61659	-0.25474
833.09871	-0.10341
833.58083	-0.01458
834.06295	0.05187
834.54506	0.09404
835.02718	0.10866
835.50930	0.09096
835.99141	0.03677
836.47353	-0.05715
836.95565	-0.19465
837.43777	-0.57314
837.91988	-0.57314
838.40200	5.00000
838.88412	-1.13943
839.36624	-0.71734
839.84835	-0.50734
840.33047	-0.34101
840.81259	-0.17493
841.29471	0.00455
841.77682	0.22578
842.25894	0.48014
842.74106	0.68985
843.22317	0.73473
843.70529	0.57210
844.18741	0.33222
844.66953	0.11579
845.15164	-0.07012
845.63376	-0.21895
846.11588	-0.32914
846.59800	-0.41077
847.08011	-0.48515
847.56223	-0.54720
848.04435	-0.59398
848.52646	-0.62820
849.00858	-0.66059
849.49070	-0.67699
849.97282	-0.66360
850.45493	-0.60867
850.93705	-0.51883
851.41917	-0.41121
851.90129	-0.29874
852.38340	-0.19339
852.86552	-0.09919
853.34764	-0.01436
853.82976	0.06043
854.31187	0.12163
854.79399	0.16657
855.27611	0.19418
855.75822	0.20553
856.24034	0.20704
856.72246	0.20708
857.20458	0.22760
857.68669	0.30097
858.16881	0.45114
858.65093	1.04429
859.13305	5.00000
859.61516	1.52649
860.09728	0.59198
860.57940	0.41176
861.06151	0.28256
861.54363	0.18087
862.02575	0.09801
862.50787	0.02473
862.98998	-0.04172
863.47210	-0.10994
863.95422	-0.19322
864.43634	-0.39017
864.91845	-0.76032
865.40057	-0.94539
865.88269	-0.52332
866.36481	-0.24194
866.84692	-0.05596
867.32904	0.08253
867.81116	0.17613
868.29327	0.20363
868.77539	0.15114
869.25751	0.02079
869.73963	-0.17990
870.22174	-0.56143
870.70386	-0.93873
871.18598	-0.57016
871.66810	-0.22945
872.15021	-0.08963
872.63233	-0.01228
873.11445	0.01938
873.59656	0.02002
874.07868	0.00821
874.56080	0.01521
875.04292	0.07100
875.52503	0.17861
876.00715	0.31925
876.48927	0.47365
876.97139	0.59632
877.45350	0.63903
877.93562	0.59677
878.41774	0.51273
878.89986	0.43120
879.38197	0.37550
879.86409	0.35349
880.34621	0.35297
880.82832	0.37383
881.31044	0.41620
881.79256	0.46099
882.27468	0.50912
882.75679	0.53490
883.23891	0.52549
883.72103	0.48924
884.20315	0.45287
884.68526	0.42051
885.16738	0.39606
885.64950	0.36740
886.13161	0.31576
886.61373	0.23634
887.09585	0.13748
887.57797	0.03255
888.06008	-0.07558
888.54220	-0.18740
889.02432	-0.30812
889.50644	-0.46397
889.98855	-0.70581
890.47067	-1.01754
890.95279	-1.17423
891.43491	-0.90883
891.91702	-0.58764
892.39914	-0.35097
892.88126	-0.19295
893.36337	-0.09436
893.84549	-0.02218
894.32761	0.02081
894.80973	0.03217
895.29184	0.01249
895.77396	-0.03497
896.25608	-0.10405
896.73820	-0.18751
897.22031	-0.28217
897.70243	-0.37130
898.18455	-0.43580
898.66667	-0.46118
899.14878	-0.44702
899.63090	-0.40582
900.11302	-0.35417
900.59513	-0.30391
901.07725	-0.25819
901.55937	-0.21596
902.04149	-0.17524
902.52360	-0.13169
903.00572	-0.07969
903.48784	-0.01417
903.96996	0.06755
904.45207	0.16522
904.93419	0.24843
905.41631	0.29758
905.89842	0.28477
906.38054	0.23922
906.86266	0.17011
907.34478	0.11572
907.82689	0.07614
908.30901	0.04993
908.79113	0.03487
909.27325	0.03133
909.75536	0.03741
910.23748	0.05104
910.71960	0.07241
911.20172	0.09303
911.68383	0.10045
912.16595	0.07675
912.64807	-0.01442
913.13018	-0.18355
913.61230	-0.38095
914.09442	-0.51377
914.57654	-0.49855
915.05865	-0.41999
915.54077	-0.35986
916.02289	-0.32491
916.50501	-0.28846
916.98712	-0.22781
917.46924	-0.14712
917.95136	-0.06816
918.43347	-0.01272
918.91559	0.02142
919.39771	0.04476
919.87983	0.07045
920.36194	0.11005
920.84406	0.17193
921.32618	0.25768
921.80830	0.36715
922.29041	0.50885
922.77253	0.57219
923.25465	0.48171
923.73677	0.32190
924.21888	0.19376
924.70100	0.09337
925.18312	0.02197
925.66523	-0.01846
926.14735	-0.02608
926.62947	0.00234
927.11159	0.06276
927.59370	0.14027
928.07582	0.17440
928.55794	0.02935
929.04006	-0.29122
929.52217	-0.84579
930.00429	5.00000
930.48641	5.00000
930.96852	-0.28421
931.45064	0.25421
931.93276	0.88441
932.41488	5.00000
932.89699	5.00000
933.37911	0.85875
933.86123	0.67006
934.34335	0.55812
934.82546	0.47905
935.30758	0.41686
935.78970	0.36705
936.27182	0.33010
936.75393	0.31155
937.23605	0.31667
937.71817	0.34624
938.20028	0.38837
938.68240	0.42773
939.16452	0.44839
939.64664	0.44145
940.12875	0.40181
940.61087	0.32768
941.09299	0.22007
941.57511	0.08775
942.05722	-0.07069
942.53934	-0.24451
943.02146	-0.41630
943.50357	-0.53964
943.98569	-0.53945
944.46781	-0.43853
944.94993	-0.31648
945.43204	-0.21937
945.91416	-0.13075
946.39628	-0.05121
946.87840	0.02008
947.36051	0.08974
947.84263	0.15944
948.32475	0.21018
948.80687	0.21799
949.28898	0.16260
949.77110	0.03823
950.25322	-0.14149
950.73533	-0.37966
951.21745	-0.56302
951.69957	-0.50529
952.18169	-0.28312
952.66380	-0.12460
953.14592	-0.01337
953.62804	0.07420
954.11016	0.14491
954.59227	0.20335
955.07439	0.24386
955.55651	0.26032
956.03862	0.24289
956.52074	0.19461
957.00286	0.13456
957.48498	0.08441
957.96709	0.05389
958.44921	0.04365
958.93133	0.05034
959.41345	0.06971
959.89556	0.09595
960.37768	0.11785
960.85980	0.12650
961.34192	0.11394
961.82403	0.09849
962.30615	0.10384
962.78827	0.14169
963.27038	0.21465
963.75250	0.30488
964.23462	0.39537
964.71674	0.47379
965.19885	0.53237
965.68097	0.56209
966.16309	0.55654
966.64521	0.51044
967.12732	0.42207
967.60944	0.29170
968.09156	0.11968
968.57367	-0.12437
969.05579	-0.35788
969.53791	-0.40247
970.02003	-0.27930
970.50214	-0.15829
970.98426	-0.05150
971.46638	0.04876
971.94850	0.15069
972.43061	0.29550
972.91273	0.51960
973.39485	0.85259
973.87697	1.16128
974.35908	0.87713
974.84120	0.44184
975.32332	0.12671
975.80543	-0.07716
976.28755	-0.19485
976.76967	-0.25895
977.25179	-0.27243
977.73390	-0.24900
978.21602	-0.21043
978.69814	-0.15741
979.18026	-0.09166
979.66237	-0.00986
980.14449	0.09857
980.62661	0.22575
981.10872	0.20447
981.59084	-0.00250
982.07296	-0.15832
982.55508	-0.21860
983.03719	-0.19813
983.51931	-0.12642
984.00143	-0.03664
984.48355	0.04783
984.96566	0.11359
985.44778	0.15459
985.92990	0.17031
986.41202	0.16159
986.89413	0.13144
987.37625	0.08381
987.85837	0.01857
988.34048	-0.06347
988.82260	-0.15933
989.30472	-0.26229
989.78684	-0.35358
990.26895	-0.29949
990.75107	-0.06556
991.23319	0.25996
991.71531	0.85472
992.19742	1.38611
992.67954	0.72573
993.16166	0.40772
993.64378	0.29063
994.12589	0.21386
994.60801	0.16185
995.09013	0.12850
995.57224	0.10069
996.05436	0.08170
996.53648	0.05599
997.01860	0.01010
997.50071	-0.04299
997.98283	-0.09694
998.46495	-0.13958
998.94707	-0.18059
999.42918	-0.21322
