0.00000	1.69143
0.48212	1.51020
0.96423	1.23375
1.44635	1.03272
1.92847	0.91157
2.41059	0.83517
2.89270	0.76890
3.37482	0.70521
3.85694	0.63878
4.33906	0.57258
4.82117	0.49690
5.30329	0.41648
5.78541	0.33999
6.26753	0.28068
6.74964	0.23773
7.23176	0.21070
7.71388	0.19607
8.19599	0.19109
8.67811	0.19463
9.16023	0.20822
9.64235	0.23514
10.12446	0.27584
10.60658	0.33479
11.08870	0.41139
11.57082	0.50393
12.05293	0.64687
12.53505	0.89604
13.01717	1.36734
13.49928	1.76189
13.98140	0.68796
14.46352	-0.79553
14.94564	-0.72522
15.42775	-0.20498
15.90987	-0.06774
16.39199	0.00236
16.87411	0.04634
17.35622	0.07761
17.83834	0.10169
18.32046	0.12100
18.80258	0.13664
19.28469	0.14916
19.76681	0.15892
20.24893	0.16633
20.73104	0.17181
21.21316	0.17577
21.69528	0.17860
22.17740	0.18068
22.65951	0.18228
23.14163	0.18361
23.62375	0.18483
24.10587	0.18600
24.58798	0.18714
25.07010	0.18826
25.55222	0.18931
26.03433	0.19027
26.51645	0.19113
26.99857	0.19189
27.48069	0.19258
27.96280	0.19326
28.44492	0.19400
28.92704	0.19488
29.40916	0.19595
29.89127	0.19723
30.37339	0.19873
30.85551	0.20039
31.33763	0.20215
31.81974	0.20391
32.30186	0.20557
32.78398	0.20706
33.26609	0.20831
33.74821	0.20933
34.23033	0.21014
34.71245	0.21080
35.19456	0.21139
35.67668	0.21198
36.15880	0.21263
36.64092	0.21336
37.12303	0.21416
37.60515	0.21501
38.08727	0.21586
38.56938	0.21668
39.05150	0.21742
39.53362	0.21805
40.01574	0.21858
40.49785	0.21901
40.97997	0.21939
41.46209	0.21977
41.94421	0.22023
42.42632	0.22081
42.90844	0.22154
43.39056	0.22242
43.87268	0.22342
44.35479	0.22447
44.83691	0.22549
45.31903	0.22643
45.80114	0.22725
46.28326	0.22794
46.76538	0.22855
47.24750	0.22918
47.72961	0.22994
48.21173	0.23090
48.69385	0.23210
49.17597	0.23347
49.65808	0.23489
50.14020	0.23619
50.62232	0.23724
51.10443	0.23795
51.58655	0.23830
52.06867	0.23834
52.55079	0.23817
53.03290	0.23794
53.51502	0.23779
53.99714	0.23787
54.47926	0.23830
54.96137	0.23913
55.44349	0.24033
55.92561	0.24182
56.40773	0.24347
56.88984	0.24514
57.37196	0.24669
57.85408	0.24807
58.33619	0.24923
58.81831	0.25020
59.30043	0.25101
59.78255	0.25171
60.26466	0.25235
60.74678	0.25295
61.22890	0.25352
61.71102	0.25404
62.19313	0.25448
62.67525	0.25481
63.15737	0.25503
63.63948	0.25515
64.12160	0.25519
64.60372	0.25522
65.08584	0.25530
65.56795	0.25549
66.05007	0.25583
66.53219	0.25635
67.01431	0.25704
67.49642	0.25786
67.97854	0.25877
68.46066	0.25971
68.94278	0.26063
69.42489	0.26149
69.90701	0.26227
70.38913	0.26298
70.87124	0.26367
71.35336	0.26436
71.83548	0.26508
72.31760	0.26585
72.79971	0.26663
73.28183	0.26738
73.76395	0.26804
74.24607	0.26857
74.72818	0.26894
75.21030	0.26916
75.69242	0.26927
76.17453	0.26936
76.65665	0.26952
77.13877	0.26981
77.62089	0.27030
78.10300	0.27096
78.58512	0.27176
79.06724	0.27259
79.54936	0.27337
80.03147	0.27401
80.51359	0.27448
80.99571	0.27476
81.47783	0.27489
81.95994	0.27493
82.44206	0.27495
82.92418	0.27503
83.40629	0.27521
83.88841	0.27553
84.37053	0.27597
84.85265	0.27648
85.33476	0.27702
85.81688	0.27751
86.29900	0.27794
86.78112	0.27828
87.26323	0.27856
87.74535	0.27882
88.22747	0.27910
88.70958	0.27945
89.19170	0.27990
89.67382	0.28043
90.15594	0.28104
90.63805	0.28169
91.12017	0.28233
91.60229	0.28293
92.08441	0.28347
92.56652	0.28395
93.04864	0.28440
93.53076	0.28485
94.01288	0.28535
94.49499	0.28593
94.97711	0.28659
95.45923	0.28731
95.94134	0.28807
96.42346	0.28885
96.90558	0.28960
97.38770	0.29033
97.86981	0.29102
98.35193	0.29170
98.83405	0.29240
99.31617	0.29315
99.79828	0.29396
100.28040	0.29484
100.76252	0.29576
101.24464	0.29667
101.72675	0.29753
102.20887	0.29831
102.69099	0.29899
103.17310	0.29957
103.65522	0.30009
104.13734	0.30058
104.61946	0.30108
105.10157	0.30163
105.58369	0.30225
106.06581	0.30295
106.54793	0.30371
107.03004	0.30450
107.51216	0.30529
107.99428	0.30607
108.47639	0.30683
108.95851	0.30758
109.44063	0.30836
109.92275	0.30918
110.40486	0.31007
110.88698	0.31103
111.36910	0.31205
111.85122	0.31310
112.33333	0.31416
112.81545	0.31520
113.29757	0.31618
113.77969	0.31711
114.26180	0.31799
114.74392	0.31884
115.22604	0.31969
115.70815	0.32056
116.19027	0.32146
116.67239	0.32238
117.15451	0.32330
117.63662	0.32419
118.11874	0.32502
118.60086	0.32578
119.08298	0.32646
119.56509	0.32706
120.04721	0.32760
120.52933	0.32812
121.01144	0.32862
121.49356	0.32913
121.97568	0.32965
122.45780	0.33018
122.93991	0.33070
123.42203	0.33120
123.90415	0.33167
124.38627	0.33210
124.86838	0.33250
125.35050	0.33289
125.83262	0.33329
126.31474	0.33371
126.79685	0.33415
127.27897	0.33463
127.76109	0.33513
128.24320	0.33565
128.72532	0.33618
129.20744	0.33673
129.68956	0.33730
130.17167	0.33790
130.65379	0.33853
131.13591	0.33920
131.61803	0.33990
132.10014	0.34061
132.58226	0.34132
133.06438	0.34201
133.54649	0.34267
134.02861	0.34329
134.51073	0.34389
134.99285	0.34448
135.47496	0.34509
135.95708	0.34573
136.43920	0.34643
136.92132	0.34717
137.40343	0.34795
137.88555	0.34873
138.36767	0.34948
138.84979	0.35017
139.33190	0.35079
139.81402	0.35134
140.29614	0.35185
140.77825	0.35234
141.26037	0.35286
141.74249	0.35345
142.22461	0.35414
142.70672	0.35494
143.18884	0.35586
143.67096	0.35687
144.15308	0.35794
144.63519	0.35904
145.11731	0.36013
145.59943	0.36118
146.08154	0.36217
146.56366	0.36309
147.04578	0.36396
147.52790	0.36479
148.01001	0.36562
148.49213	0.36646
148.97425	0.36734
149.45637	0.36829
149.93848	0.36931
150.42060	0.37039
150.90272	0.37154
151.38484	0.37273
151.86695	0.37393
152.34907	0.37511
152.83119	0.37625
153.31330	0.37734
153.79542	0.37837
154.27754	0.37937
154.75966	0.38035
155.24177	0.38134
155.72389	0.38237
156.20601	0.38346
156.68813	0.38461
157.17024	0.38583
157.65236	0.38709
158.13448	0.38839
158.61659	0.38970
159.09871	0.39102
159.58083	0.39233
160.06295	0.39363
160.54506	0.39495
161.02718	0.39629
161.50930	0.39765
161.99142	0.39904
162.47353	0.40044
162.95565	0.40183
163.43777	0.40318
163.91989	0.40446
164.40200	0.40565
164.88412	0.40674
165.36624	0.40774
165.84835	0.40869
166.33047	0.40961
166.81259	0.41055
167.29471	0.41156
167.77682	0.41266
168.25894	0.41388
168.74106	0.41521
169.22318	0.41664
169.70529	0.41815
170.18741	0.41971
170.66953	0.42132
171.15164	0.42295
171.63376	0.42461
172.11588	0.42632
172.59800	0.42809
173.08011	0.42996
173.56223	0.43194
174.04435	0.43405
174.52647	0.43627
175.00858	0.43857
175.49070	0.44091
175.97282	0.44321
176.45494	0.44542
176.93705	0.44746
177.41917	0.44931
177.90129	0.45095
178.38340	0.45240
178.86552	0.45371
179.34764	0.45492
179.82976	0.45613
180.31187	0.45737
180.79399	0.45870
181.27611	0.46012
181.75823	0.46161
182.24034	0.46313
182.72246	0.46461
183.20458	0.46602
183.68669	0.46732
184.16881	0.46848
184.65093	0.46953
185.13305	0.47049
185.61516	0.47142
186.09728	0.47237
186.57940	0.47338
187.06152	0.47449
187.54363	0.47569
188.02575	0.47697
188.50787	0.47829
188.98999	0.47961
189.47210	0.48091
189.95422	0.48215
190.43634	0.48334
190.91845	0.48451
191.40057	0.48571
191.88269	0.48699
192.36481	0.48841
192.84692	0.48998
193.32904	0.49174
193.81116	0.49363
194.29328	0.49561
194.77539	0.49758
195.25751	0.49945
195.73963	0.50114
196.22174	0.50259
196.70386	0.50379
197.18598	0.50475
197.66810	0.50556
198.15021	0.50631
198.63233	0.50709
199.11445	0.50800
199.59657	0.50909
200.07868	0.51038
200.56080	0.51187
201.04292	0.51350
201.52504	0.51520
202.00715	0.51692
202.48927	0.51859
202.97139	0.52019
203.45350	0.52172
203.93562	0.52322
204.41774	0.52474
204.89986	0.52633
205.38197	0.52804
205.86409	0.52989
206.34621	0.53185
206.82833	0.53387
207.31044	0.53587
207.79256	0.53776
208.27468	0.53945
208.75680	0.54085
209.23891	0.54192
209.72103	0.54266
210.20315	0.54312
210.68526	0.54337
211.16738	0.54348
211.64950	0.54355
212.13162	0.54362
212.61373	0.54375
213.09585	0.54391
213.57797	0.54410
214.06009	0.54426
214.54220	0.54437
215.02432	0.54439
215.50644	0.54434
215.98855	0.54425
216.47067	0.54416
216.95279	0.54414
217.43491	0.54426
217.91702	0.54457
218.39914	0.54509
218.88126	0.54580
219.36338	0.54668
219.84549	0.54766
220.32761	0.54867
220.80973	0.54964
221.29185	0.55051
221.77396	0.55124
222.25608	0.55179
222.73820	0.55219
223.22031	0.55244
223.70243	0.55259
224.18455	0.55268
224.66667	0.55275
225.14878	0.55284
225.63090	0.55297
226.11302	0.55313
226.59514	0.55334
227.07725	0.55358
227.55937	0.55386
228.04149	0.55416
228.52360	0.55449
229.00572	0.55487
229.48784	0.55529
229.96996	0.55579
230.45207	0.55635
230.93419	0.55699
231.41631	0.55769
231.89843	0.55844
232.38054	0.55922
232.86266	0.55999
233.34478	0.56074
233.82690	0.56144
234.30901	0.56209
234.79113	0.56267
235.27325	0.56319
235.75536	0.56365
236.23748	0.56404
236.71960	0.56437
237.20172	0.56464
237.68383	0.56485
238.16595	0.56498
238.64807	0.56503
239.13019	0.56500
239.61230	0.56488
240.09442	0.56469
240.57654	0.56443
241.05865	0.56413
241.54077	0.56381
242.02289	0.56349
242.50501	0.56322
242.98712	0.56301
243.46924	0.56289
243.95136	0.56287
244.43348	0.56295
244.91559	0.56313
245.39771	0.56337
245.87983	0.56367
246.36195	0.56399
246.84406	0.56429
247.32618	0.56457
247.80830	0.56478
248.29041	0.56493
248.77253	0.56502
249.25465	0.56503
249.73677	0.56498
250.21888	0.56487
250.70100	0.56470
251.18312	0.56446
251.66524	0.56416
252.14735	0.56376
252.62947	0.56327
253.11159	0.56265
253.59370	0.56192
254.07582	0.56107
254.55794	0.56012
255.04006	0.55910
255.52217	0.55804
256.00429	0.55697
256.48641	0.55589
256.96853	0.55483
257.45064	0.55378
257.93276	0.55273
258.41488	0.55167
258.89700	0.55059
259.37911	0.54951
259.86123	0.54844
260.34335	0.54741
260.82546	0.54645
261.30758	0.54559
261.78970	0.54483
262.27182	0.54414
262.75393	0.54347
263.23605	0.54274
263.71817	0.54185
264.20029	0.54071
264.68240	0.53924
265.16452	0.53739
265.64664	0.53516
266.12875	0.53258
266.61087	0.52976
267.09299	0.52680
267.57511	0.52383
268.05722	0.52096
268.53934	0.51828
269.02146	0.51584
269.50358	0.51361
269.98569	0.51154
270.46781	0.50954
270.94993	0.50751
271.43205	0.50537
271.91416	0.50305
272.39628	0.50055
272.87840	0.49789
273.36051	0.49512
273.84263	0.49229
274.32475	0.48948
274.80687	0.48668
275.28898	0.48389
275.77110	0.48101
276.25322	0.47793
276.73534	0.47449
277.21745	0.47056
277.69957	0.46607
278.18169	0.46101
278.66380	0.45548
279.14592	0.44966
279.62804	0.44377
280.11016	0.43810
280.59227	0.43288
281.07439	0.42832
281.55651	0.42454
282.03863	0.42155
282.52074	0.41925
283.00286	0.41748
283.48498	0.41601
283.96710	0.41464
284.44921	0.41317
284.93133	0.41151
285.41345	0.40963
285.89556	0.40753
286.37768	0.40529
286.85980	0.40296
287.34192	0.40059
287.82403	0.39819
288.30615	0.39569
288.78827	0.39303
289.27039	0.39008
289.75250	0.38674
290.23462	0.38293
290.71674	0.37861
291.19885	0.37380
291.68097	0.36854
292.16309	0.36292
292.64521	0.35702
293.12732	0.35092
293.60944	0.34467
294.09156	0.33834
294.57368	0.33197
295.05579	0.32560
295.53791	0.31932
296.02003	0.31323
296.50215	0.30745
296.98426	0.30209
297.46638	0.29727
297.94850	0.29304
298.43061	0.28944
298.91273	0.28646
299.39485	0.28405
299.87697	0.28217
300.35908	0.28078
300.84120	0.27982
301.32332	0.27926
301.80544	0.27905
302.28755	0.27910
302.76967	0.27929
303.25179	0.27947
303.73391	0.27944
304.21602	0.27904
304.69814	0.27815
305.18026	0.27669
305.66237	0.27467
306.14449	0.27215
306.62661	0.26925
307.10873	0.26610
307.59084	0.26282
308.07296	0.25952
308.55508	0.25629
309.03720	0.25317
309.51931	0.25018
310.00143	0.24734
310.48355	0.24467
310.96566	0.24221
311.44778	0.23997
311.92990	0.23798
312.41202	0.23624
312.89413	0.23469
313.37625	0.23324
313.85837	0.23174
314.34049	0.23006
314.82260	0.22805
315.30472	0.22563
315.78684	0.22279
316.26896	0.21958
316.75107	0.21611
317.23319	0.21257
317.71531	0.20913
318.19742	0.20601
318.67954	0.20335
319.16166	0.20128
319.64378	0.19984
320.12589	0.19898
320.60801	0.19855
321.09013	0.19831
321.57225	0.19796
322.05436	0.19717
322.53648	0.19565
323.01860	0.19318
323.50071	0.18968
323.98283	0.18526
324.46495	0.18021
324.94707	0.17494
325.42918	0.16991
325.91130	0.16551
326.39342	0.16194
326.87554	0.15924
327.35765	0.15723
327.83977	0.15555
328.32189	0.15376
328.80401	0.15148
329.28612	0.14846
329.76824	0.14466
330.25036	0.14031
330.73247	0.13587
331.21459	0.13190
331.69671	0.12889
332.17883	0.12713
332.66094	0.12662
333.14306	0.12707
333.62518	0.12802
334.10730	0.12894
334.58941	0.12941
335.07153	0.12916
335.55365	0.12813
336.03576	0.12651
336.51788	0.12459
337.00000	0.12273
337.48212	0.12122
337.96423	0.12018
338.44635	0.11953
338.92847	0.11899
339.41059	0.11819
339.89270	0.11676
340.37482	0.11441
340.85694	0.11104
341.33906	0.10676
341.82117	0.10190
342.30329	0.09693
342.78541	0.09237
343.26752	0.08876
343.74964	0.08644
344.23176	0.08555
344.71388	0.08596
345.19599	0.08736
345.67811	0.08933
346.16023	0.09141
346.64235	0.09322
347.12446	0.09453
347.60658	0.09520
348.08870	0.09528
348.57081	0.09492
349.05293	0.09432
349.53505	0.09367
350.01717	0.09315
350.49928	0.09287
350.98140	0.09287
351.46352	0.09318
351.94564	0.09389
352.42775	0.09510
352.90987	0.09692
353.39199	0.09944
353.87411	0.10266
354.35622	0.10641
354.83834	0.11037
355.32046	0.11408
355.80257	0.11706
356.28469	0.11889
356.76681	0.11930
357.24893	0.11831
357.73104	0.11616
358.21316	0.11332
358.69528	0.11035
359.17740	0.10775
359.65951	0.10590
360.14163	0.10491
360.62375	0.10462
361.10586	0.10469
361.58798	0.10466
362.07010	0.10412
362.55222	0.10287
363.03433	0.10095
363.51645	0.09863
363.99857	0.09632
364.48069	0.09448
364.96280	0.09346
365.44492	0.09342
365.92704	0.09437
366.40916	0.09610
366.89127	0.09837
367.37339	0.10088
367.85551	0.10338
368.33762	0.10567
368.81974	0.10768
369.30186	0.10936
369.78398	0.11072
370.26609	0.11177
370.74821	0.11250
371.23033	0.11284
371.71245	0.11265
372.19456	0.11177
372.67668	0.11004
373.15880	0.10729
373.64091	0.10349
374.12303	0.09872
374.60515	0.09322
375.08727	0.08740
375.56938	0.08184
376.05150	0.07712
376.53362	0.07380
377.01574	0.07223
377.49785	0.07242
377.97997	0.07411
378.46209	0.07675
378.94421	0.07966
379.42632	0.08213
379.90844	0.08355
380.39056	0.08352
380.87267	0.08188
381.35479	0.07874
381.83691	0.07451
382.31903	0.06978
382.80114	0.06535
383.28326	0.06203
383.76538	0.06051
384.24750	0.06127
384.72961	0.06451
385.21173	0.07017
385.69385	0.07789
386.17596	0.08706
386.65808	0.09697
387.14020	0.10677
387.62232	0.11557
388.10443	0.12258
388.58655	0.12726
389.06867	0.12934
389.55079	0.12894
390.03290	0.12654
390.51502	0.12287
390.99714	0.11879
391.47926	0.11515
391.96137	0.11259
392.44349	0.11152
392.92561	0.11193
393.40772	0.11350
393.88984	0.11555
394.37196	0.11728
394.85408	0.11793
395.33619	0.11690
395.81831	0.11394
396.30043	0.10917
396.78255	0.10304
397.26466	0.09630
397.74678	0.08974
398.22890	0.08421
398.71102	0.08032
399.19313	0.07840
399.67525	0.07846
400.15737	0.08021
400.63948	0.08308
401.12160	0.08636
401.60372	0.08928
402.08584	0.09123
402.56795	0.09189
403.05007	0.09133
403.53219	0.08998
404.01431	0.08867
404.49642	0.08820
404.97854	0.08924
405.46066	0.09198
405.94277	0.09620
406.42489	0.10122
406.90701	0.10607
407.38913	0.10968
407.87124	0.11123
408.35336	0.11017
408.83548	0.10636
409.31760	0.10013
409.79971	0.09219
410.28183	0.08347
410.76395	0.07505
411.24607	0.06787
411.72818	0.06274
412.21030	0.06012
412.69242	0.06014
413.17453	0.06260
413.65665	0.06700
414.13877	0.07261
414.62089	0.07858
415.10300	0.08395
415.58512	0.08800
416.06724	0.09009
416.54936	0.08988
417.03147	0.08730
417.51359	0.08249
417.99571	0.07575
418.47782	0.06754
418.95994	0.05833
419.44206	0.04869
419.92418	0.03917
420.40629	0.03026
420.88841	0.02231
421.37053	0.01566
421.85265	0.01048
422.33476	0.00680
422.81688	0.00461
423.29900	0.00391
423.78112	0.00476
424.26323	0.00728
424.74535	0.01163
425.22747	0.01795
425.70958	0.02623
426.19170	0.03625
426.67382	0.04756
427.15594	0.05940
427.63805	0.07080
428.12017	0.08069
428.60229	0.08813
429.08441	0.09247
429.56652	0.09364
430.04864	0.09220
430.53076	0.08935
431.01287	0.08644
431.49499	0.08494
431.97711	0.08588
432.45923	0.08972
432.94134	0.09613
433.42346	0.10406
433.90558	0.11196
434.38770	0.11812
434.86981	0.12071
435.35193	0.11852
435.83405	0.11101
436.31617	0.09837
436.79828	0.08148
437.28040	0.06187
437.76252	0.04131
438.24463	0.02164
438.72675	0.00467
439.20887	-0.00819
439.69099	-0.01600
440.17310	-0.01831
440.65522	-0.01538
441.13734	-0.00782
441.61946	0.00338
442.10157	0.01701
442.58369	0.03190
443.06581	0.04694
443.54792	0.06115
444.03004	0.07381
444.51216	0.08438
444.99428	0.09258
445.47639	0.09831
445.95851	0.10167
446.44063	0.10289
446.92275	0.10228
447.40486	0.10023
447.88698	0.09722
448.36910	0.09366
448.85122	0.08997
449.33333	0.08652
449.81545	0.08363
450.29757	0.08155
450.77968	0.08047
451.26180	0.08055
451.74392	0.08179
452.22604	0.08417
452.70815	0.08752
453.19027	0.09157
453.67239	0.09593
454.15451	0.10004
454.63662	0.10325
455.11874	0.10493
455.60086	0.10450
456.08297	0.10166
456.56509	0.09659
457.04721	0.09003
457.52933	0.08319
458.01144	0.07748
458.49356	0.07428
458.97568	0.07464
459.45780	0.07898
459.93991	0.08718
460.42203	0.09862
460.90415	0.11224
461.38627	0.12680
461.86838	0.14077
462.35050	0.15256
462.83262	0.16083
463.31473	0.16442
463.79685	0.16263
464.27897	0.15548
464.76109	0.14360
465.24320	0.12817
465.72532	0.11056
466.20744	0.09233
466.68956	0.07507
467.17167	0.06034
467.65379	0.04952
468.13591	0.04395
468.61802	0.04476
469.10014	0.05270
469.58226	0.06784
470.06438	0.08948
470.54649	0.11612
471.02861	0.14579
471.51073	0.17574
471.99285	0.20325
472.47496	0.22580
472.95708	0.24139
473.43920	0.24860
473.92132	0.24699
474.40343	0.23702
474.88555	0.21999
475.36767	0.19757
475.84978	0.17175
476.33190	0.14468
476.81402	0.11849
477.29614	0.09501
477.77825	0.07582
478.26037	0.06205
478.74249	0.05434
479.22461	0.05274
479.70672	0.05692
480.18884	0.06594
480.67096	0.07846
481.15307	0.09292
481.63519	0.10756
482.11731	0.12057
482.59943	0.13048
483.08154	0.13632
483.56366	0.13800
484.04578	0.13611
484.52790	0.13169
485.01001	0.12626
485.49213	0.12094
485.97425	0.11632
486.45637	0.11239
486.93848	0.10858
487.42060	0.10405
487.90272	0.09808
488.38483	0.09036
488.86695	0.08105
489.34907	0.07110
489.83119	0.06193
490.31330	0.05561
490.79542	0.05385
491.27754	0.05823
491.75966	0.06948
492.24177	0.08719
492.72389	0.10961
493.20601	0.13390
493.68812	0.15649
494.17024	0.17380
494.65236	0.18210
495.13448	0.17883
495.61659	0.16254
496.09871	0.13296
496.58083	0.09159
497.06295	0.04119
497.54506	-0.01448
498.02718	-0.07149
498.50930	-0.12374
498.99142	-0.16614
499.47353	-0.19519
499.95565	-0.20971
500.43777	-0.21132
500.91988	-0.20166
501.40200	-0.18346
501.88412	-0.16017
502.36624	-0.13370
502.84835	-0.10655
503.33047	-0.08076
503.81259	-0.05751
504.29471	-0.03806
504.77682	-0.02286
505.25894	-0.01233
505.74106	-0.00669
506.22318	-0.00625
506.70529	-0.01109
507.18741	-0.02076
507.66953	-0.03414
508.15164	-0.04983
508.63376	-0.06613
509.11588	-0.08148
509.59800	-0.09457
510.08011	-0.10454
510.56223	-0.11059
511.04435	-0.11232
511.52647	-0.10960
512.00858	-0.10197
512.49070	-0.08936
512.97282	-0.07202
513.45493	-0.05035
513.93705	-0.02499
514.41917	0.00310
514.90129	0.03282
515.38340	0.06289
515.86552	0.09173
516.34764	0.11768
516.82976	0.13901
517.31187	0.15423
517.79399	0.16257
518.27611	0.16412
518.75823	0.15982
519.24034	0.15140
519.72246	0.14068
520.20458	0.12965
520.68669	0.11987
521.16881	0.11225
521.65093	0.10758
522.13305	0.10624
522.61516	0.10853
523.09728	0.11473
523.57940	0.12504
524.06152	0.13986
524.54363	0.15962
525.02575	0.18232
525.50787	0.20806
525.98998	0.23331
526.47210	0.25349
526.95422	0.26368
527.43634	0.26098
527.91845	0.24578
528.40057	0.22122
528.88269	0.18852
529.36481	0.15102
529.84692	0.10914
530.32904	0.06303
530.81116	0.01301
531.29328	-0.04061
531.77539	-0.09649
532.25751	-0.15157
532.73963	-0.19728
533.22174	-0.22957
533.70386	-0.24118
534.18598	-0.23353
534.66810	-0.21187
535.15021	-0.19158
535.63233	-0.17996
536.11445	-0.18227
536.59657	-0.20036
537.07868	-0.23661
537.56080	-0.28420
538.04292	-0.33286
538.52503	-0.37004
539.00715	-0.38308
539.48927	-0.37557
539.97139	-0.36103
540.45350	-0.35027
540.93562	-0.34653
541.41774	-0.34948
541.89986	-0.35702
542.38197	-0.36405
542.86409	-0.36730
543.34621	-0.36314
543.82833	-0.35013
544.31044	-0.32705
544.79256	-0.30124
545.27468	-0.27688
545.75679	-0.25899
546.23891	-0.24996
546.72103	-0.25170
547.20315	-0.26340
547.68526	-0.28359
548.16738	-0.30292
548.64950	-0.31656
549.13162	-0.31365
549.61373	-0.28948
550.09585	-0.24815
550.57797	-0.19730
551.06008	-0.14534
551.54220	-0.09938
552.02432	-0.06304
552.50644	-0.03809
552.98855	-0.02697
553.47067	-0.03151
553.95279	-0.05167
554.43491	-0.08806
554.91702	-0.13857
555.39914	-0.19946
555.88126	-0.26644
556.36338	-0.33486
556.84549	-0.40120
557.32761	-0.46374
557.80973	-0.51919
558.29184	-0.57248
558.77396	-0.62982
559.25608	-0.70247
559.73820	-0.80896
560.22031	-0.93588
560.70243	-0.93211
561.18455	-0.73967
561.66667	-0.55696
562.14878	-0.40964
562.63090	-0.31165
563.11302	-0.26868
563.59513	-0.27637
564.07725	-0.32195
564.55937	-0.39273
565.04149	-0.47267
565.52360	-0.54737
566.00572	-0.59114
566.48784	-0.59143
566.96996	-0.55391
567.45207	-0.49586
567.93419	-0.43322
568.41631	-0.37233
568.89843	-0.31842
569.38054	-0.27498
569.86266	-0.24507
570.34478	-0.23033
570.82689	-0.23179
571.30901	-0.25157
571.79113	-0.29198
572.27325	-0.35187
572.75536	-0.42998
573.23748	-0.53722
573.71960	-0.63722
574.20172	-0.70173
574.68383	-0.74285
575.16595	-0.78992
575.64807	-0.90116
576.13018	-0.90747
576.61230	-0.77983
577.09442	-0.58343
577.57654	-0.43360
578.05865	-0.31362
578.54077	-0.21252
579.02289	-0.12206
579.50501	-0.03598
579.98712	0.04862
580.46924	0.13301
580.95136	0.22293
581.43348	0.29339
581.91559	0.31680
582.39771	0.28402
582.87983	0.22035
583.36194	0.15148
583.84406	0.09030
584.32618	0.04478
584.80830	0.01813
585.29041	0.00146
585.77253	-0.01249
586.25465	-0.03296
586.73677	-0.07602
587.21888	-0.16558
587.70100	-0.33142
588.18312	-0.64592
588.66523	-1.34127
589.14735	-0.91503
589.62947	-0.37899
590.11159	-0.13584
590.59370	-0.03600
591.07582	0.04722
591.55794	0.12448
592.04006	0.20339
592.52217	0.31079
593.00429	0.34963
593.48641	0.23692
593.96853	0.06384
594.45064	-0.03770
594.93276	-0.06625
595.41488	-0.02927
595.89699	0.07285
596.37911	0.21276
596.86123	0.34412
597.34335	0.21339
597.82546	0.00398
598.30758	-0.17983
598.78970	-0.30773
599.27182	-0.39115
599.75393	-0.43203
600.23605	-0.43286
600.71817	-0.40067
601.20029	-0.34653
601.68240	-0.28289
602.16452	-0.21850
602.64664	-0.16082
603.12875	-0.11122
603.61087	-0.06838
604.09299	-0.03016
604.57511	0.00707
605.05722	0.04486
605.53934	0.08246
606.02146	0.11633
606.50358	0.13930
606.98569	0.14041
607.46781	0.10543
607.94993	0.02179
608.43204	-0.13065
608.91416	-0.34143
609.39628	-0.56791
609.87840	-0.65647
610.36051	-0.59166
610.84263	-0.54407
611.32475	-0.61562
611.80687	-1.04477
612.28898	-1.04477
612.77110	-0.76846
613.25322	-0.22526
613.73534	-0.00563
614.21745	0.17107
614.69957	0.32064
615.18169	0.45154
615.66380	0.58164
616.14592	0.73734
616.62804	0.96464
617.11016	1.49870
617.59227	2.01626
618.07439	0.68150
618.55651	0.10605
619.03863	-0.25814
619.52074	-0.51288
620.00286	-0.70686
620.48498	-0.81512
620.96709	-0.85069
621.44921	-0.86034
621.93133	-0.80077
622.41345	-0.69172
622.89556	-0.57764
623.37768	-0.46933
623.85980	-0.38489
624.34192	-0.31908
624.82403	-0.26712
625.30615	-0.22523
625.78827	-0.18876
626.27039	-0.15196
626.75250	-0.10941
627.23462	-0.05789
627.71674	0.00788
628.19885	0.08421
628.68097	0.15702
629.16309	0.20315
629.64521	0.20609
630.12732	0.16413
630.60944	0.08563
631.09156	-0.02892
631.57368	-0.16481
632.05579	-0.30526
632.53791	-0.41913
633.02003	-0.40354
633.50214	-0.25247
633.98426	-0.08372
634.46638	0.03221
634.94850	0.12260
635.43061	0.18216
635.91273	0.21392
636.39485	0.22037
636.87697	0.20298
637.35908	0.16208
637.84120	0.09518
638.32332	-0.00365
638.80544	-0.09407
639.28755	-0.20016
639.76967	-0.27374
640.25179	-0.31668
640.73390	-0.27652
641.21602	-0.21551
641.69814	-0.13638
642.18026	-0.05241
642.66237	0.02182
643.14449	0.08207
643.62661	0.12237
644.10873	0.13600
644.59084	0.11452
645.07296	0.04837
645.55508	-0.06796
646.03719	-0.23402
646.51931	-0.45962
647.00143	-0.58343
647.48355	-0.53654
647.96566	-0.46472
648.44778	-0.43330
648.92990	-0.44116
649.41202	-0.47631
649.89413	-0.53280
650.37625	-0.58292
650.85837	-0.62501
651.34049	-0.64321
651.82260	-0.63679
652.30472	-0.60828
652.78684	-0.57469
653.26895	-0.54333
653.75107	-0.52046
654.23319	-0.50672
654.71531	-0.50239
655.19742	-0.49458
655.67954	-0.46882
656.16166	-0.41816
656.64378	-0.34408
657.12589	-0.25385
657.60801	-0.15443
658.09013	-0.05052
658.57224	0.05432
659.05436	0.15946
659.53648	0.26517
660.01860	0.38686
660.50071	0.51956
660.98283	0.65293
661.46495	0.75523
661.94707	0.77528
662.42918	0.70240
662.91130	0.60208
663.39342	0.52631
663.87554	0.48183
664.35765	0.45110
664.83977	0.42762
665.32189	0.40632
665.80400	0.38438
666.28612	0.36324
666.76824	0.34069
667.25036	0.31306
667.73247	0.24234
668.21459	0.04431
668.69671	-0.16811
669.17883	-0.13727
669.66094	-0.09780
670.14306	-0.13490
670.62518	-0.20476
671.10729	-0.29831
671.58941	-0.40900
672.07153	-0.44612
672.55365	-0.33728
673.03576	-0.14170
673.51788	0.02315
674.00000	0.14908
674.48212	0.20439
674.96423	0.20417
675.44635	0.17544
675.92847	0.15682
676.41059	0.15396
676.89270	0.16933
677.37482	0.19990
677.85694	0.23958
678.33905	0.27419
678.82117	0.28708
679.30329	0.26959
679.78541	0.22490
680.26752	0.16508
680.74964	0.10029
681.23176	0.03612
681.71388	-0.02312
682.19599	-0.07472
682.67811	-0.11472
683.16023	-0.12404
683.64234	-0.10078
684.12446	-0.09490
684.60658	-0.16617
685.08870	-0.27616
685.57081	-0.35413
686.05293	-0.40165
686.53505	-0.43607
687.01717	-0.48079
687.49928	-0.55450
687.98140	-0.67107
688.46352	-0.84784
688.94564	-1.13240
689.42775	-1.19008
689.90987	-0.93449
690.39199	-0.76125
690.87410	-0.83137
691.35622	-1.61480
691.83834	5.00000
692.32046	-1.20190
692.80257	-0.63957
693.28469	-0.34621
693.76681	-0.14050
694.24893	0.01819
694.73104	0.15771
695.21316	0.28064
695.69528	0.37935
696.17740	0.44118
696.65951	0.42824
697.14163	0.31235
697.62375	0.13005
698.10586	-0.04882
698.58798	-0.16716
699.07010	-0.23498
699.55222	-0.23141
700.03433	-0.17182
700.51645	-0.08479
700.99857	0.00377
701.48069	0.08463
701.96280	0.15392
702.44492	0.21288
702.92704	0.26083
703.40915	0.30530
703.89127	0.36482
704.37339	0.54453
704.85551	0.88136
705.33762	0.61268
705.81974	0.08834
706.30186	-0.17159
706.78398	-0.32710
707.26609	-0.40894
707.74821	-0.44469
708.23033	-0.45176
708.71245	-0.44501
709.19456	-0.42918
709.67668	-0.40627
710.15880	-0.37552
710.64091	-0.33826
711.12303	-0.29873
711.60515	-0.26837
712.08727	-0.34431
712.56938	-0.46920
713.05150	-0.06908
713.53362	0.46655
714.01574	0.87991
714.49785	1.32086
714.97997	1.55287
715.46209	1.28230
715.94420	1.09916
716.42632	1.00353
716.90844	0.96638
717.39056	0.92137
717.87267	0.81547
718.35479	0.64492
718.83691	0.45229
719.31903	0.27522
719.80114	0.13168
720.28326	0.00102
720.76538	-0.11531
721.24750	-0.21344
721.72961	-0.28513
722.21173	-0.32129
722.69385	-0.32050
723.17596	-0.29299
723.65808	-0.24934
724.14020	-0.19856
724.62232	-0.14482
725.10443	-0.09802
725.58655	-0.06174
726.06867	-0.04713
726.55079	-0.05945
727.03290	-0.09723
727.51502	-0.15253
727.99714	-0.22256
728.47925	-0.27810
728.96137	-0.29186
729.44349	-0.27673
729.92561	-0.25399
730.40772	-0.24359
730.88984	-0.26080
731.37196	-0.27928
731.85408	-0.31984
732.33619	-0.33677
732.81831	-0.28271
733.30043	-0.15325
733.78255	-0.02255
734.26466	0.06045
734.74678	0.07801
735.22890	0.06534
735.71101	0.04084
736.19313	0.01495
736.67525	-0.01177
737.15737	-0.04531
737.63948	-0.09648
738.12160	-0.18284
738.60372	-0.33131
739.08584	-0.55101
739.56795	-0.73987
740.05007	-0.60514
740.53219	-0.42141
741.01430	-0.28234
741.49642	-0.17070
741.97854	-0.06404
742.46066	0.05262
742.94277	0.26816
743.42489	0.63061
743.90701	0.89000
744.38913	0.52953
744.87124	0.16364
745.35336	-0.12283
745.83548	-0.35313
746.31760	-0.49777
746.79971	-0.52878
747.28183	-0.47950
747.76395	-0.40890
748.24606	-0.35228
748.72818	-0.32183
749.21030	-0.29900
749.69242	-0.28018
750.17453	-0.26184
750.65665	-0.24125
751.13877	-0.21344
751.62089	-0.17613
752.10300	-0.12913
752.58512	-0.07464
753.06724	-0.01679
753.54935	0.03964
754.03147	0.09188
754.51359	0.14017
754.99571	0.18778
755.47782	0.24359
755.95994	0.32731
756.44206	0.34182
756.92418	5.00000
757.40629	5.00000
757.88841	-0.56700
758.37053	-0.29596
758.85265	-0.21236
759.33476	-0.17660
759.81688	-0.15838
760.29900	-0.14336
760.78111	-0.12466
761.26323	-0.09694
761.74535	-0.05593
762.22747	0.00068
762.70958	0.07750
763.19170	0.17392
763.67382	0.28310
764.15594	0.37345
764.63805	0.41807
765.12017	0.40622
765.60229	0.36347
766.08440	0.30542
766.56652	0.25141
767.04864	0.21433
767.53076	0.20649
768.01287	0.23393
768.49499	0.28788
768.97711	0.34862
769.45923	0.39677
769.94134	0.42099
770.42346	0.41939
770.90558	0.39186
771.38770	0.34189
771.86981	0.27306
772.35193	0.19138
772.83405	0.09995
773.31616	0.00032
773.79828	-0.10261
774.28040	-0.20361
774.76252	-0.26973
775.24463	-0.26605
775.72675	-0.19360
776.20887	-0.07851
776.69099	0.05378
777.17310	0.18551
777.65522	0.31075
778.13734	0.39333
778.61945	0.38839
779.10157	0.30480
779.58369	0.19725
780.06581	0.09194
780.54792	-0.00486
781.03004	-0.09020
781.51216	-0.16355
781.99428	-0.22786
782.47639	-0.28380
782.95851	-0.33186
783.44063	-0.36946
783.92275	-0.39073
784.40486	-0.38651
784.88698	-0.35262
785.36910	-0.29069
785.85121	-0.20642
786.33333	-0.09685
786.81545	0.05126
787.29757	0.28173
787.77968	0.53274
788.26180	0.37678
788.74392	0.12385
789.22604	-0.03961
789.70815	-0.14462
790.19027	-0.21563
790.67239	-0.26651
791.15451	-0.30838
791.63662	-0.34705
792.11874	-0.38083
792.60086	-0.40072
793.08297	-0.39357
793.56509	-0.35155
794.04721	-0.28362
794.52933	-0.20864
795.01144	-0.14653
795.49356	-0.09879
795.97568	-0.06785
796.45780	-0.05504
796.93991	-0.06204
797.42203	-0.09240
797.90415	-0.15313
798.38626	-0.25432
798.86838	-0.51074
799.35050	-1.06334
799.83262	-1.06334
800.31473	-1.38969
800.79685	-0.94316
801.27897	-0.72012
801.76109	-0.54189
802.24320	-0.37352
802.72532	-0.21013
803.20744	-0.05210
803.68956	0.09942
804.17167	0.24215
804.65379	0.37205
805.13591	0.48048
805.61802	0.54488
806.10014	0.55467
806.58226	0.51644
807.06438	0.45762
807.54649	0.38969
808.02861	0.31931
808.51073	0.23835
808.99285	0.14969
809.47496	0.04563
809.95708	-0.09278
810.43920	-0.58279
810.92131	-0.36026
811.40343	-0.10439
811.88555	-0.27171
812.36767	-0.43961
812.84978	-0.65431
813.33190	-0.93031
813.81402	-1.29748
814.29614	-1.29748
814.77825	-1.39548
815.26037	-1.00233
815.74249	-0.70493
816.22461	-0.05118
816.70672	5.00000
817.18884	0.43251
817.67096	-0.14549
818.15307	-0.24368
818.63519	-0.28956
819.11731	-0.30575
819.59943	-0.29963
820.08154	-0.26919
820.56366	-0.21253
821.04578	-0.12592
821.52790	-0.00668
822.01001	0.14946
822.49213	0.20200
822.97425	0.06506
823.45636	-0.12938
823.93848	-0.27841
824.42060	-0.39353
824.90272	-0.46168
825.38483	-0.47589
825.86695	-0.44387
826.34907	-0.38511
826.83119	-0.31536
827.31330	-0.24630
827.79542	-0.18165
828.27754	-0.12656
828.75966	-0.08335
829.24177	-0.05054
829.72389	-0.02097
830.20601	0.01313
830.68812	0.06287
831.17024	0.13669
831.65236	0.23202
832.13448	0.34571
832.61659	0.45845
833.09871	0.54649
833.58083	0.59642
834.06295	0.59221
834.54506	0.54646
835.02718	0.48180
835.50930	0.40957
835.99141	0.34572
836.47353	0.29616
836.95565	0.26799
837.43777	0.27282
837.91988	0.32323
838.40200	0.43534
838.88412	0.63328
839.36624	0.73239
839.84835	0.52633
840.33047	0.22177
840.81259	0.02389
841.29471	-0.12062
841.77682	-0.21659
842.25894	-0.26044
842.74106	-0.26329
843.22317	-0.23690
843.70529	-0.19564
844.18741	-0.14340
844.66953	-0.08221
845.15164	-0.01356
845.63376	0.06271
846.11588	0.14447
846.59800	0.22858
847.08011	0.30357
847.56223	0.35188
848.04435	0.35393
848.52646	0.30750
849.00858	0.23050
849.49070	0.13853
849.97282	0.04905
850.45493	-0.01797
850.93705	-0.04533
851.41917	-0.02989
851.90129	0.00799
852.38340	0.04821
852.86552	0.08570
853.34764	0.12424
853.82976	0.16946
854.31187	0.22360
854.79399	0.28699
855.27611	0.33856
855.75822	0.36430
856.24034	0.36047
856.72246	0.33221
857.20458	0.28516
857.68669	0.21728
858.16881	0.12239
858.65093	-0.00051
859.13305	-0.14758
859.61516	-0.31385
860.09728	-0.49394
860.57940	-0.65153
861.06151	-0.70992
861.54363	-0.62138
862.02575	-0.48027
862.50787	-0.32776
862.98998	-0.17269
863.47210	-0.00351
863.95422	0.19172
864.43634	0.50141
864.91845	0.96254
865.40057	1.30852
865.88269	1.05804
866.36481	0.89516
866.84692	0.78915
867.32904	0.68894
867.81116	0.58181
868.29327	0.46699
868.77539	0.35277
869.25751	0.24845
869.73963	0.16219
870.22174	0.10050
870.70386	0.07907
871.18598	0.10140
871.66810	0.16064
872.15021	0.23960
872.63233	0.34984
873.11445	0.44745
873.59656	0.45381
874.07868	0.38746
874.56080	0.31724
875.04292	0.27672
875.52503	0.26173
876.00715	0.26154
876.48927	0.26406
876.97139	0.27045
877.45350	0.27671
877.93562	0.28007
878.41774	0.27350
878.89986	0.25764
879.38197	0.23440
879.86409	0.20634
880.34621	0.17708
880.82832	0.15065
881.31044	0.13025
881.79256	0.11493
882.27468	0.10614
882.75679	0.09345
883.23891	0.06088
883.72103	-0.00928
884.20315	-0.11488
884.68526	-0.22909
885.16738	-0.31545
885.64950	-0.35052
886.13161	-0.33973
886.61373	-0.30386
887.09585	-0.26691
887.57797	-0.24334
888.06008	-0.23143
888.54220	-0.23055
889.02432	-0.23697
889.50644	-0.22972
889.98855	-0.20011
890.47067	-0.14521
890.95279	-0.07491
891.43491	0.00863
891.91702	0.09360
892.39914	0.17054
892.88126	0.22361
893.36337	0.22980
893.84549	0.17881
894.32761	0.09376
894.80973	0.00295
895.29184	-0.07355
895.77396	-0.14126
896.25608	-0.20026
896.73820	-0.25167
897.22031	-0.29395
897.70243	-0.32714
898.18455	-0.34843
898.66667	-0.35666
899.14878	-0.35511
899.63090	-0.34650
900.11302	-0.33409
900.59513	-0.32097
901.07725	-0.32549
901.55937	-0.32688
902.04149	-0.29172
902.52360	-0.18752
903.00572	-0.02446
903.48784	0.15881
903.96996	0.32960
904.45207	0.46871
904.93419	0.56577
905.41631	0.61714
905.89842	0.62777
906.38054	0.60990
906.86266	0.56778
907.34478	0.52345
907.82689	0.49651
908.30901	0.51918
908.79113	0.31496
909.27325	-0.26214
909.75536	-0.39056
910.23748	-0.20644
910.71960	-0.11955
911.20172	-0.05203
911.68383	0.00304
912.16595	0.04222
912.64807	0.05965
913.13018	0.05319
913.61230	0.02377
914.09442	-0.02216
914.57654	-0.07798
915.05865	-0.12609
915.54077	-0.14380
916.02289	-0.10595
916.50501	0.02102
916.98712	0.23174
917.46924	0.47324
917.95136	0.58809
918.43347	0.50417
918.91559	0.35955
919.39771	0.23277
919.87983	0.14438
920.36194	0.09119
920.84406	0.04818
921.32618	0.01093
921.80830	-0.02336
922.29041	-0.05634
922.77253	-0.08780
923.25465	-0.11521
923.73677	-0.13588
924.21888	-0.14776
924.70100	-0.14816
925.18312	-0.13491
925.66523	-0.10236
926.14735	-0.04036
926.62947	0.00875
927.11159	-0.79047
927.59370	-0.93856
928.07582	-0.62376
928.55794	-0.47456
929.04006	-0.34844
929.52217	-0.22768
930.00429	-0.10911
930.48641	0.00846
930.96852	0.12501
931.45064	0.24014
931.93276	0.35869
932.41488	0.47074
932.89699	0.56344
933.37911	0.61489
933.86123	0.58538
934.34335	0.50643
934.82546	0.38106
935.30758	0.23414
935.78970	0.08398
936.27182	-0.03169
936.75393	-0.10078
937.23605	-0.12490
937.71817	-0.11030
938.20028	-0.07141
938.68240	-0.01824
939.16452	0.04418
939.64664	0.10877
940.12875	0.18253
940.61087	0.26740
941.09299	0.36378
941.57511	0.45218
942.05722	0.47823
942.53934	0.39418
943.02146	0.24311
943.50357	0.04847
943.98569	-0.14470
944.46781	-0.22657
944.94993	-0.18096
945.43204	-0.11377
945.91416	-0.05461
946.39628	-0.02377
946.87840	-0.04421
947.36051	-0.09600
947.84263	-0.16277
948.32475	-0.21631
948.80687	-0.24505
949.28898	-0.25179
949.77110	-0.25535
950.25322	-0.26248
950.73533	-0.27280
951.21745	-0.28167
951.69957	-0.27362
952.18169	-0.23605
952.66380	-0.17220
953.14592	-0.10346
953.62804	-0.04327
954.11016	-0.00145
954.59227	0.01968
955.07439	0.02452
955.55651	0.02382
956.03862	0.02814
956.52074	0.04848
957.00286	0.09975
957.48498	0.19382
957.96709	0.35016
958.44921	0.60197
958.93133	1.18445
959.41345	1.39944
959.89556	0.94822
960.37768	0.80845
960.85980	0.83320
961.34192	0.90528
961.82403	0.91884
962.30615	0.76713
962.78827	0.49304
963.27038	0.15249
963.75250	-0.26234
964.23462	-0.76502
964.71674	-0.88322
965.19885	-0.49775
965.68097	-0.27267
966.16309	-0.19184
966.64521	-0.17606
967.12732	-0.17474
967.60944	-0.17875
968.09156	-0.18208
968.57367	-0.17927
969.05579	-0.16967
969.53791	-0.14958
970.02003	-0.11539
970.50214	-0.05774
970.98426	0.03716
971.46638	0.18440
971.94850	0.39450
972.43061	0.72935
972.91273	1.05370
973.39485	0.85328
973.87697	0.54655
974.35908	0.37491
974.84120	0.23689
975.32332	0.12518
975.80543	0.04354
976.28755	-0.00729
976.76967	-0.03983
977.25179	-0.06711
977.73390	-0.09954
978.21602	-0.13789
978.69814	-0.18462
979.18026	-0.23550
979.66237	-0.28403
980.14449	-0.32659
980.62661	-0.33491
981.10872	-0.28748
981.59084	-0.18307
982.07296	-0.04640
982.55508	0.09100
983.03719	0.21262
983.51931	0.31140
984.00143	0.38673
984.48355	0.44459
984.96566	0.48128
985.44778	0.49460
985.92990	0.48467
986.41202	0.45314
986.89413	0.41013
987.37625	0.37168
987.85837	0.36202
988.34048	0.42132
988.82260	0.53626
989.30472	0.61417
989.78684	0.47553
990.26895	0.18872
990.75107	-0.09456
991.23319	-0.35314
991.71531	-0.62341
992.19742	-0.73403
992.67954	-0.52518
993.16166	-0.25815
993.64378	-0.05350
994.12589	0.15815
994.60801	0.40252
995.09013	0.72959
995.57224	2.17395
996.05436	2.47669
996.53648	0.85130
997.01860	0.57472
997.50071	0.42701
997.98283	0.29489
998.46495	0.13843
998.94707	-0.03532
999.42918	-0.21169
