0.00000	0.81260
0.48212	0.81624
0.96423	0.82695
1.44635	0.84441
1.92847	0.86901
2.41059	0.89729
2.89270	0.93426
3.37482	0.96417
3.85694	0.96077
4.33906	0.89925
4.82117	0.76707
5.30329	0.60270
5.78541	0.45174
6.26753	0.32471
6.74964	0.22107
7.23176	0.14344
7.71388	0.09160
8.19599	0.06357
8.67811	0.05558
9.16023	0.06679
9.64235	0.09848
10.12446	0.15232
10.60658	0.23499
11.08870	0.35578
11.57082	0.53250
12.05293	0.74880
12.53505	0.94278
13.01717	0.81229
13.49928	0.58659
13.98140	0.25912
14.46352	-0.58799
14.94564	-0.38582
15.42775	0.38917
15.90987	0.62352
16.39199	0.70307
16.87411	0.72787
17.35622	0.75254
17.83834	0.78233
18.32046	0.81604
18.80258	0.85251
19.28469	0.89037
19.76681	0.92799
20.24893	0.96341
20.73104	0.99497
21.21316	1.02165
21.69528	1.04318
22.17740	1.06005
22.65951	1.07313
23.14163	1.08358
23.62375	1.09233
24.10587	1.10006
24.58798	1.10714
25.07010	1.11368
25.55222	1.11963
26.03433	1.12493
26.51645	1.12963
26.99857	1.13406
27.48069	1.13851
27.96280	1.14384
28.44492	1.15081
28.92704	1.16010
29.40916	1.17189
29.89127	1.18619
30.37339	1.20204
30.85551	1.21782
31.33763	1.23151
31.81974	1.24109
32.30186	1.24514
32.78398	1.24335
33.26609	1.23617
33.74821	1.22569
34.23033	1.21362
34.71245	1.20170
35.19456	1.19129
35.67668	1.18314
36.15880	1.17746
36.64092	1.17405
37.12303	1.17230
37.60515	1.17172
38.08727	1.17171
38.56938	1.17186
39.05150	1.17189
39.53362	1.17175
40.01574	1.17150
40.49785	1.17133
40.97997	1.17142
41.46209	1.17196
41.94421	1.17305
42.42632	1.17468
42.90844	1.17673
43.39056	1.17898
43.87268	1.18115
44.35479	1.18299
44.83691	1.18428
45.31903	1.18492
45.80114	1.18493
46.28326	1.18449
46.76538	1.18395
47.24750	1.18367
47.72961	1.18400
48.21173	1.18514
48.69385	1.18705
49.17597	1.18945
49.65808	1.19188
50.14020	1.19390
50.62232	1.19524
51.10443	1.19574
51.58655	1.19548
52.06867	1.19471
52.55079	1.19377
53.03290	1.19301
53.51502	1.19276
53.99714	1.19324
54.47926	1.19455
54.96137	1.19658
55.44349	1.19911
55.92561	1.20180
56.40773	1.20430
56.88984	1.20634
57.37196	1.20778
57.85408	1.20865
58.33619	1.20905
58.81831	1.20916
59.30043	1.20915
59.78255	1.20916
60.26466	1.20927
60.74678	1.20945
61.22890	1.20966
61.71102	1.20977
62.19313	1.20968
62.67525	1.20929
63.15737	1.20857
63.63948	1.20757
64.12160	1.20642
64.60372	1.20527
65.08584	1.20430
65.56795	1.20363
66.05007	1.20335
66.53219	1.20347
67.01431	1.20391
67.49642	1.20458
67.97854	1.20537
68.46066	1.20615
68.94278	1.20686
69.42489	1.20747
69.90701	1.20802
70.38913	1.20860
70.87124	1.20928
71.35336	1.21011
71.83548	1.21107
72.31760	1.21208
72.79971	1.21297
73.28183	1.21359
73.76395	1.21381
74.24607	1.21359
74.72818	1.21295
75.21030	1.21203
75.69242	1.21105
76.17453	1.21022
76.65665	1.20974
77.13877	1.20974
77.62089	1.21019
78.10300	1.21095
78.58512	1.21181
79.06724	1.21251
79.54936	1.21286
80.03147	1.21276
80.51359	1.21220
80.99571	1.21130
81.47783	1.21019
81.95994	1.20909
82.44206	1.20816
82.92418	1.20753
83.40629	1.20729
83.88841	1.20737
84.37053	1.20769
84.85265	1.20807
85.33476	1.20836
85.81688	1.20845
86.29900	1.20831
86.78112	1.20798
87.26323	1.20759
87.74535	1.20724
88.22747	1.20704
88.70958	1.20707
89.19170	1.20735
89.67382	1.20782
90.15594	1.20841
90.63805	1.20902
91.12017	1.20953
91.60229	1.20989
92.08441	1.21009
92.56652	1.21016
93.04864	1.21021
93.53076	1.21033
94.01288	1.21060
94.49499	1.21105
94.97711	1.21166
95.45923	1.21237
95.94134	1.21310
96.42346	1.21378
96.90558	1.21435
97.38770	1.21482
97.86981	1.21522
98.35193	1.21560
98.83405	1.21603
99.31617	1.21656
99.79828	1.21720
100.28040	1.21793
100.76252	1.21867
101.24464	1.21935
101.72675	1.21990
102.20887	1.22029
102.69099	1.22055
103.17310	1.22071
103.65522	1.22085
104.13734	1.22105
104.61946	1.22137
105.10157	1.22183
105.58369	1.22243
106.06581	1.22309
106.54793	1.22374
107.03004	1.22430
107.51216	1.22471
107.99428	1.22496
108.47639	1.22510
108.95851	1.22521
109.44063	1.22538
109.92275	1.22568
110.40486	1.22613
110.88698	1.22673
111.36910	1.22742
111.85122	1.22813
112.33333	1.22879
112.81545	1.22935
113.29757	1.22979
113.77969	1.23013
114.26180	1.23042
114.74392	1.23073
115.22604	1.23112
115.70815	1.23163
116.19027	1.23225
116.67239	1.23295
117.15451	1.23366
117.63662	1.23430
118.11874	1.23481
118.60086	1.23516
119.08298	1.23533
119.56509	1.23535
120.04721	1.23526
120.52933	1.23511
121.01144	1.23495
121.49356	1.23479
121.97568	1.23465
122.45780	1.23453
122.93991	1.23440
123.42203	1.23426
123.90415	1.23412
124.38627	1.23397
124.86838	1.23384
125.35050	1.23373
125.83262	1.23364
126.31474	1.23358
126.79685	1.23351
127.27897	1.23342
127.76109	1.23329
128.24320	1.23312
128.72532	1.23291
129.20744	1.23270
129.68956	1.23253
130.17167	1.23244
130.65379	1.23244
131.13591	1.23254
131.61803	1.23270
132.10014	1.23288
132.58226	1.23302
133.06438	1.23306
133.54649	1.23301
134.02861	1.23285
134.51073	1.23262
134.99285	1.23239
135.47496	1.23222
135.95708	1.23216
136.43920	1.23222
136.92132	1.23239
137.40343	1.23262
137.88555	1.23283
138.36767	1.23295
138.84979	1.23294
139.33190	1.23278
139.81402	1.23249
140.29614	1.23212
140.77825	1.23175
141.26037	1.23143
141.74249	1.23124
142.22461	1.23120
142.70672	1.23133
143.18884	1.23162
143.67096	1.23204
144.15308	1.23255
144.63519	1.23311
145.11731	1.23368
145.59943	1.23423
146.08154	1.23475
146.56366	1.23522
147.04578	1.23566
147.52790	1.23607
148.01001	1.23648
148.49213	1.23691
148.97425	1.23738
149.45637	1.23790
149.93848	1.23848
150.42060	1.23912
150.90272	1.23979
151.38484	1.24044
151.86695	1.24104
152.34907	1.24153
152.83119	1.24188
153.31330	1.24210
153.79542	1.24218
154.27754	1.24218
154.75966	1.24213
155.24177	1.24210
155.72389	1.24211
156.20601	1.24220
156.68813	1.24236
157.17024	1.24259
157.65236	1.24286
158.13448	1.24315
158.61659	1.24345
159.09871	1.24375
159.58083	1.24407
160.06295	1.24442
160.54506	1.24484
161.02718	1.24536
161.50930	1.24597
161.99142	1.24666
162.47353	1.24740
162.95565	1.24812
163.43777	1.24876
163.91989	1.24925
164.40200	1.24954
164.88412	1.24961
165.36624	1.24946
165.84835	1.24915
166.33047	1.24874
166.81259	1.24835
167.29471	1.24807
167.77682	1.24799
168.25894	1.24817
168.74106	1.24860
169.22318	1.24927
169.70529	1.25011
170.18741	1.25106
170.66953	1.25205
171.15164	1.25302
171.63376	1.25394
172.11588	1.25483
172.59800	1.25572
173.08011	1.25668
173.56223	1.25777
174.04435	1.25902
174.52647	1.26045
175.00858	1.26204
175.49070	1.26369
175.97282	1.26530
176.45494	1.26674
176.93705	1.26790
177.41917	1.26868
177.90129	1.26905
178.38340	1.26903
178.86552	1.26870
179.34764	1.26818
179.82976	1.26761
180.31187	1.26713
180.79399	1.26685
181.27611	1.26681
181.75823	1.26700
182.24034	1.26737
182.72246	1.26781
183.20458	1.26822
183.68669	1.26851
184.16881	1.26864
184.65093	1.26860
185.13305	1.26846
185.61516	1.26832
186.09728	1.26829
186.57940	1.26849
187.06152	1.26899
187.54363	1.26982
188.02575	1.27095
188.50787	1.27228
188.98999	1.27370
189.47210	1.27507
189.95422	1.27628
190.43634	1.27728
190.91845	1.27805
191.40057	1.27863
191.88269	1.27912
192.36481	1.27962
192.84692	1.28021
193.32904	1.28095
193.81116	1.28185
194.29328	1.28286
194.77539	1.28388
195.25751	1.28478
195.73963	1.28545
196.22174	1.28579
196.70386	1.28579
197.18598	1.28546
197.66810	1.28491
198.15021	1.28426
198.63233	1.28366
199.11445	1.28324
199.59657	1.28309
200.07868	1.28323
200.56080	1.28363
201.04292	1.28423
201.52504	1.28491
202.00715	1.28555
202.48927	1.28607
202.97139	1.28642
203.45350	1.28661
203.93562	1.28673
204.41774	1.28689
204.89986	1.28722
205.38197	1.28781
205.86409	1.28873
206.34621	1.28997
206.82833	1.29147
207.31044	1.29310
207.79256	1.29469
208.27468	1.29606
208.75680	1.29706
209.23891	1.29759
209.72103	1.29764
210.20315	1.29727
210.68526	1.29659
211.16738	1.29576
211.64950	1.29492
212.13162	1.29419
212.61373	1.29364
213.09585	1.29327
213.57797	1.29308
214.06009	1.29298
214.54220	1.29294
215.02432	1.29288
215.50644	1.29278
215.98855	1.29264
216.47067	1.29250
216.95279	1.29241
217.43491	1.29244
217.91702	1.29264
218.39914	1.29305
218.88126	1.29367
219.36338	1.29445
219.84549	1.29534
220.32761	1.29624
220.80973	1.29704
221.29185	1.29764
221.77396	1.29794
222.25608	1.29790
222.73820	1.29754
223.22031	1.29692
223.70243	1.29614
224.18455	1.29532
224.66667	1.29459
225.14878	1.29404
225.63090	1.29370
226.11302	1.29355
226.59514	1.29355
227.07725	1.29361
227.55937	1.29363
228.04149	1.29355
228.52360	1.29333
229.00572	1.29299
229.48784	1.29258
229.96996	1.29219
230.45207	1.29190
230.93419	1.29180
231.41631	1.29194
231.89843	1.29231
232.38054	1.29288
232.86266	1.29357
233.34478	1.29431
233.82690	1.29500
234.30901	1.29558
234.79113	1.29601
235.27325	1.29628
235.75536	1.29641
236.23748	1.29644
236.71960	1.29643
237.20172	1.29641
237.68383	1.29642
238.16595	1.29648
238.64807	1.29657
239.13019	1.29665
239.61230	1.29665
240.09442	1.29653
240.57654	1.29625
241.05865	1.29579
241.54077	1.29519
242.02289	1.29451
242.50501	1.29383
242.98712	1.29325
243.46924	1.29286
243.95136	1.29273
244.43348	1.29289
244.91559	1.29333
245.39771	1.29401
245.87983	1.29488
246.36195	1.29584
246.84406	1.29684
247.32618	1.29779
247.80830	1.29865
248.29041	1.29942
248.77253	1.30009
249.25465	1.30068
249.73677	1.30121
250.21888	1.30168
250.70100	1.30208
251.18312	1.30236
251.66524	1.30244
252.14735	1.30219
252.62947	1.30149
253.11159	1.30025
253.59370	1.29838
254.07582	1.29591
254.55794	1.29292
255.04006	1.28957
255.52217	1.28605
256.00429	1.28258
256.48641	1.27932
256.96853	1.27640
257.45064	1.27387
257.93276	1.27168
258.41488	1.26977
258.89700	1.26801
259.37911	1.26631
259.86123	1.26461
260.34335	1.26291
260.82546	1.26128
261.30758	1.25983
261.78970	1.25866
262.27182	1.25786
262.75393	1.25744
263.23605	1.25734
263.71817	1.25740
264.20029	1.25741
264.68240	1.25715
265.16452	1.25641
265.64664	1.25505
266.12875	1.25307
266.61087	1.25055
267.09299	1.24767
267.57511	1.24463
268.05722	1.24166
268.53934	1.23889
269.02146	1.23642
269.50358	1.23419
269.98569	1.23208
270.46781	1.22988
270.94993	1.22734
271.43205	1.22423
271.91416	1.22038
272.39628	1.21576
272.87840	1.21044
273.36051	1.20461
273.84263	1.19853
274.32475	1.19248
274.80687	1.18669
275.28898	1.18132
275.77110	1.17640
276.25322	1.17186
276.73534	1.16754
277.21745	1.16328
277.69957	1.15890
278.18169	1.15433
278.66380	1.14962
279.14592	1.14489
279.62804	1.14038
280.11016	1.13632
280.59227	1.13295
281.07439	1.13040
281.55651	1.12870
282.03863	1.12776
282.52074	1.12738
283.00286	1.12731
283.48498	1.12733
283.96710	1.12727
284.44921	1.12707
284.93133	1.12676
285.41345	1.12641
285.89556	1.12611
286.37768	1.12591
286.85980	1.12576
287.34192	1.12554
287.82403	1.12499
288.30615	1.12380
288.78827	1.12160
289.27039	1.11801
289.75250	1.11274
290.23462	1.10565
290.71674	1.09675
291.19885	1.08629
291.68097	1.07467
292.16309	1.06239
292.64521	1.04999
293.12732	1.03797
293.60944	1.02671
294.09156	1.01651
294.57368	1.00753
295.05579	0.99980
295.53791	0.99330
296.02003	0.98797
296.50215	0.98376
296.98426	0.98063
297.46638	0.97854
297.94850	0.97749
298.43061	0.97743
298.91273	0.97822
299.39485	0.97966
299.87697	0.98141
300.35908	0.98302
300.84120	0.98400
301.32332	0.98390
301.80544	0.98243
302.28755	0.97956
302.76967	0.97557
303.25179	0.97094
303.73391	0.96627
304.21602	0.96199
304.69814	0.95842
305.18026	0.95562
305.66237	0.95343
306.14449	0.95153
306.62661	0.94956
307.10873	0.94716
307.59084	0.94416
308.07296	0.94062
308.55508	0.93687
309.03720	0.93348
309.51931	0.93106
310.00143	0.93012
310.48355	0.93095
310.96566	0.93346
311.44778	0.93722
311.92990	0.94147
312.41202	0.94523
312.89413	0.94751
313.37625	0.94734
313.85837	0.94415
314.34049	0.93784
314.82260	0.92874
315.30472	0.91758
315.78684	0.90521
316.26896	0.89240
316.75107	0.87969
317.23319	0.86732
317.71531	0.85532
318.19742	0.84362
318.67954	0.83203
319.16166	0.82053
319.64378	0.80913
320.12589	0.79798
320.60801	0.78731
321.09013	0.77744
321.57225	0.76864
322.05436	0.76118
322.53648	0.75526
323.01860	0.75097
323.50071	0.74833
323.98283	0.74726
324.46495	0.74747
324.94707	0.74861
325.42918	0.75020
325.91130	0.75168
326.39342	0.75252
326.87554	0.75232
327.35765	0.75085
327.83977	0.74816
328.32189	0.74427
328.80401	0.73970
329.28612	0.73492
329.76824	0.73059
330.25036	0.72736
330.73247	0.72614
331.21459	0.72772
331.69671	0.73277
332.17883	0.74155
332.66094	0.75402
333.14306	0.76960
333.62518	0.78718
334.10730	0.80517
334.58941	0.82172
335.07153	0.83489
335.55365	0.84299
336.03576	0.84507
336.51788	0.84117
337.00000	0.83229
337.48212	0.82013
337.96423	0.80665
338.44635	0.79311
338.92847	0.78053
339.41059	0.76952
339.89270	0.76041
340.37482	0.75335
340.85694	0.74847
341.33906	0.74586
341.82117	0.74559
342.30329	0.74742
342.78541	0.75082
343.26752	0.75506
343.74964	0.75927
344.23176	0.76269
344.71388	0.76493
345.19599	0.76612
345.67811	0.76668
346.16023	0.76722
346.64235	0.76833
347.12446	0.77072
347.60658	0.77490
348.08870	0.78118
348.57081	0.78955
349.05293	0.79951
349.53505	0.81005
350.01717	0.81954
350.49928	0.82614
350.98140	0.82836
351.46352	0.82542
351.94564	0.81734
352.42775	0.80502
352.90987	0.78993
353.39199	0.77357
353.87411	0.75764
354.35622	0.74339
354.83834	0.73170
355.32046	0.72297
355.80257	0.71745
356.28469	0.71502
356.76681	0.71536
357.24893	0.71785
357.73104	0.72197
358.21316	0.72696
358.69528	0.73202
359.17740	0.73635
359.65951	0.73928
360.14163	0.74045
360.62375	0.73995
361.10586	0.73817
361.58798	0.73598
362.07010	0.73428
362.55222	0.73381
363.03433	0.73486
363.51645	0.73732
363.99857	0.74069
364.48069	0.74419
364.96280	0.74702
365.44492	0.74855
365.92704	0.74851
366.40916	0.74699
366.89127	0.74449
367.37339	0.74175
367.85551	0.73956
368.33762	0.73861
368.81974	0.73924
369.30186	0.74151
369.78398	0.74509
370.26609	0.74926
370.74821	0.75310
371.23033	0.75562
371.71245	0.75604
372.19456	0.75397
372.67668	0.74962
373.15880	0.74385
373.64091	0.73807
374.12303	0.73404
374.60515	0.73349
375.08727	0.73769
375.56938	0.74739
376.05150	0.76243
376.53362	0.78177
377.01574	0.80308
377.49785	0.82310
377.97997	0.83821
378.46209	0.84500
378.94421	0.84142
379.42632	0.82800
379.90844	0.80749
380.39056	0.78424
380.87267	0.76164
381.35479	0.74270
381.83691	0.72959
382.31903	0.72318
382.80114	0.72327
383.28326	0.72886
383.76538	0.73825
384.24750	0.74940
384.72961	0.76003
385.21173	0.76816
385.69385	0.77246
386.17596	0.77241
386.65808	0.76836
387.14020	0.76146
387.62232	0.75331
388.10443	0.74568
388.58655	0.74009
389.06867	0.73747
389.55079	0.73804
390.03290	0.74069
390.51502	0.74348
390.99714	0.74326
391.47926	0.73740
391.96137	0.72463
392.44349	0.70565
392.92561	0.68290
393.40772	0.65966
393.88984	0.63871
394.37196	0.62142
394.85408	0.60840
395.33619	0.59979
395.81831	0.59496
396.30043	0.59318
396.78255	0.59351
397.26466	0.59500
397.74678	0.59673
398.22890	0.59786
398.71102	0.59789
399.19313	0.59679
399.67525	0.59491
400.15737	0.59322
400.63948	0.59299
401.12160	0.59576
401.60372	0.60307
402.08584	0.61629
402.56795	0.63647
403.05007	0.66407
403.53219	0.69874
404.01431	0.73856
404.49642	0.77990
404.97854	0.81738
405.46066	0.84469
405.94277	0.85511
406.42489	0.84575
406.90701	0.81849
407.38913	0.77953
407.87124	0.73513
408.35336	0.69125
408.83548	0.65252
409.31760	0.62213
409.79971	0.60148
410.28183	0.59103
410.76395	0.59020
411.24607	0.59778
411.72818	0.61203
412.21030	0.63087
412.69242	0.65186
413.17453	0.67250
413.65665	0.68996
414.13877	0.70199
414.62089	0.70730
415.10300	0.70607
415.58512	0.69961
416.06724	0.69009
416.54936	0.67992
417.03147	0.67135
417.51359	0.66576
417.99571	0.66416
418.47782	0.66702
418.95994	0.67417
419.44206	0.68518
419.92418	0.69913
420.40629	0.71482
420.88841	0.73098
421.37053	0.74642
421.85265	0.76044
422.33476	0.77296
422.81688	0.78401
423.29900	0.79407
423.78112	0.80300
424.26323	0.80992
424.74535	0.81315
425.22747	0.81031
425.70958	0.79920
426.19170	0.77875
426.67382	0.74976
427.15594	0.71468
427.63805	0.67673
428.12017	0.63930
428.60229	0.60532
429.08441	0.57625
429.56652	0.55276
430.04864	0.53463
430.53076	0.52099
431.01287	0.51056
431.49499	0.50196
431.97711	0.49411
432.45923	0.48646
432.94134	0.47901
433.42346	0.47239
433.90558	0.46755
434.38770	0.46543
434.86981	0.46653
435.35193	0.47094
435.83405	0.47832
436.31617	0.48801
436.79828	0.49941
437.28040	0.51205
437.76252	0.52572
438.24463	0.54043
438.72675	0.55612
439.20887	0.57246
439.69099	0.58876
440.17310	0.60378
440.65522	0.61603
441.13734	0.62443
441.61946	0.62881
442.10157	0.62997
442.58369	0.62939
443.06581	0.62859
443.54792	0.62969
444.03004	0.63508
444.51216	0.64695
444.99428	0.66776
445.47639	0.69971
445.95851	0.74575
446.44063	0.80539
446.92275	0.87328
447.40486	0.93895
447.88698	0.98723
448.36910	0.99760
448.85122	0.96785
449.33333	0.91332
449.81545	0.85393
450.29757	0.79624
450.77968	0.74416
451.26180	0.70025
451.74392	0.66586
452.22604	0.64224
452.70815	0.62981
453.19027	0.62844
453.67239	0.63801
454.15451	0.65705
454.63662	0.68334
455.11874	0.71401
455.60086	0.74586
456.08297	0.77304
456.56509	0.79065
457.04721	0.79538
457.52933	0.78649
458.01144	0.76618
458.49356	0.73869
458.97568	0.70919
459.45780	0.68218
459.93991	0.65989
460.42203	0.64409
460.90415	0.63581
461.38627	0.63477
461.86838	0.64049
462.35050	0.65165
462.83262	0.66663
463.31473	0.68366
463.79685	0.70179
464.27897	0.72094
464.76109	0.74205
465.24320	0.76609
465.72532	0.79368
466.20744	0.82375
466.68956	0.85359
467.17167	0.87584
467.65379	0.88605
468.13591	0.88158
468.61802	0.86494
469.10014	0.83435
469.58226	0.79236
470.06438	0.74211
470.54649	0.68959
471.02861	0.64132
471.51073	0.60165
471.99285	0.57329
472.47496	0.55752
472.95708	0.55431
473.43920	0.56224
473.92132	0.58015
474.40343	0.60680
474.88555	0.63900
475.36767	0.67544
475.84978	0.71327
476.33190	0.74966
476.81402	0.78270
477.29614	0.80915
477.77825	0.82619
478.26037	0.83245
478.74249	0.82350
479.22461	0.80263
479.70672	0.77617
480.18884	0.75227
480.67096	0.73805
481.15307	0.73608
481.63519	0.74719
482.11731	0.76980
482.59943	0.79842
483.08154	0.82641
483.56366	0.84408
484.04578	0.84142
484.52790	0.81252
485.01001	0.76141
485.49213	0.69772
485.97425	0.63309
486.45637	0.57657
486.93848	0.53408
487.42060	0.50736
487.90272	0.49534
488.38483	0.49483
488.86695	0.50294
489.34907	0.51622
489.83119	0.53183
490.31330	0.54799
490.79542	0.56501
491.27754	0.58411
491.75966	0.60784
492.24177	0.63801
492.72389	0.67684
493.20601	0.72301
493.68812	0.77419
494.17024	0.82472
494.65236	0.87048
495.13448	0.91165
495.61659	0.95559
496.09871	1.00703
496.58083	1.03986
497.06295	1.00719
497.54506	0.90763
498.02718	0.78932
498.50930	0.67898
498.99142	0.58892
499.47353	0.52252
499.95565	0.47752
500.43777	0.44819
500.91988	0.43149
501.40200	0.42457
501.88412	0.42444
502.36624	0.42890
502.84835	0.43568
503.33047	0.44263
503.81259	0.44796
504.29471	0.45080
504.77682	0.45092
505.25894	0.44889
505.74106	0.44618
506.22318	0.44388
506.70529	0.44417
507.18741	0.44951
507.66953	0.46176
508.15164	0.48501
508.63376	0.52207
509.11588	0.57305
509.59800	0.63345
510.08011	0.69505
510.56223	0.74795
511.04435	0.78540
511.52647	0.80263
512.00858	0.80455
512.49070	0.79788
512.97282	0.78936
513.45493	0.78188
513.93705	0.77738
514.41917	0.77290
514.90129	0.76398
515.38340	0.74705
515.86552	0.72178
516.34764	0.69010
516.82976	0.65666
517.31187	0.62686
517.79399	0.60566
518.27611	0.59853
518.75823	0.61152
519.24034	0.65060
519.72246	0.72460
520.20458	0.81892
520.68669	0.90074
521.16881	0.90743
521.65093	0.81853
522.13305	0.69710
522.61516	0.59577
523.09728	0.52428
523.57940	0.46512
524.06152	0.41244
524.54363	0.36147
525.02575	0.30341
525.50787	0.23853
525.98998	0.16815
526.47210	0.10013
526.95422	0.04579
527.43634	0.02049
527.91845	0.03388
528.40057	0.08769
528.88269	0.17539
529.36481	0.28681
529.84692	0.40317
530.32904	0.50509
530.81116	0.57789
531.29328	0.61731
531.77539	0.63681
532.25751	0.65423
532.73963	0.68164
533.22174	0.72451
533.70386	0.79109
534.18598	0.89437
534.66810	1.05183
535.15021	1.30899
535.63233	1.30030
536.11445	1.06473
536.59657	0.83445
537.07868	0.66810
537.56080	0.53135
538.04292	0.41124
538.52503	0.30671
539.00715	0.21674
539.48927	0.14678
539.97139	0.10195
540.45350	0.08574
540.93562	0.09673
541.41774	0.13281
541.89986	0.19122
542.38197	0.26807
542.86409	0.36268
543.34621	0.47404
543.82833	0.60237
544.31044	0.73870
544.79256	0.88032
545.27468	1.00383
545.75679	1.08792
546.23891	1.11494
546.72103	1.06642
547.20315	0.94339
547.68526	0.78923
548.16738	0.63751
548.64950	0.49654
549.13162	0.36960
549.61373	0.25935
550.09585	0.17033
550.57797	0.10799
551.06008	0.06979
551.54220	0.04663
552.02432	0.02350
552.50644	-0.00611
552.98855	-0.05351
553.47067	-0.13086
553.95279	-0.23484
554.43491	-0.39981
554.91702	-0.60832
555.39914	-0.78518
555.88126	-0.83484
556.36338	-0.74309
556.84549	-0.58303
557.32761	-0.41813
557.80973	-0.24849
558.29184	-0.09196
558.77396	0.04179
559.25608	0.15612
559.73820	0.26070
560.22031	0.39445
560.70243	0.59366
561.18455	0.96079
561.66667	2.49074
562.14878	1.26624
562.63090	0.65294
563.11302	0.43395
563.59513	0.37110
564.07725	0.33977
564.55937	0.33103
565.04149	0.33934
565.52360	0.35993
566.00572	0.39001
566.48784	0.42811
566.96996	0.47348
567.45207	0.52700
567.93419	0.60154
568.41631	0.67225
568.89843	0.67670
569.38054	0.57928
569.86266	0.44412
570.34478	0.33526
570.82689	0.27243
571.30901	0.23401
571.79113	0.22479
572.27325	0.24291
572.75536	0.28504
573.23748	0.33288
573.71960	0.37874
574.20172	0.39843
574.68383	0.38027
575.16595	0.33391
575.64807	0.28092
576.13018	0.23368
576.61230	0.20004
577.09442	0.17779
577.57654	0.16506
578.05865	0.15788
578.54077	0.15128
579.02289	0.14183
579.50501	0.13104
579.98712	0.12123
580.46924	0.11386
580.95136	0.10785
581.43348	0.10255
581.91559	0.09481
582.39771	0.08216
582.87983	0.06431
583.36194	0.04341
583.84406	0.02136
584.32618	-0.00004
584.80830	-0.02059
585.29041	-0.03827
585.77253	-0.04751
586.25465	-0.03975
586.73677	-0.00167
587.21888	0.08369
587.70100	0.17436
588.18312	0.20848
588.66523	0.15554
589.14735	0.04971
589.62947	-0.09130
590.11159	-0.26861
590.59370	-0.48314
591.07582	-0.65127
591.55794	-0.57110
592.04006	-0.40606
592.52217	-0.26594
593.00429	-0.15521
593.48641	-0.05920
593.96853	0.02962
594.45064	0.11620
594.93276	0.19824
595.41488	0.27257
595.89699	0.33742
596.37911	0.38570
596.86123	0.42977
597.34335	0.41622
597.82546	0.34410
598.30758	0.22635
598.78970	0.11667
599.27182	0.01376
599.75393	-0.09015
600.23605	-0.21412
600.71817	-0.33404
601.20029	-0.31680
601.68240	-0.10835
602.16452	0.15347
602.64664	0.36092
603.12875	0.39775
603.61087	0.34587
604.09299	0.28241
604.57511	0.24232
605.05722	0.21910
605.53934	0.20822
606.02146	0.20596
606.50358	0.21057
606.98569	0.22115
607.46781	0.23881
607.94993	0.27033
608.43204	0.33054
608.91416	0.46167
609.39628	0.94178
609.87840	5.00000
610.36051	5.00000
610.84263	0.19996
611.32475	0.09953
611.80687	0.15789
612.28898	0.22401
612.77110	0.30133
613.25322	0.39265
613.73534	0.52145
614.21745	0.67398
614.69957	0.81151
615.18169	0.86612
615.66380	0.82738
616.14592	0.76761
616.62804	0.72501
617.11016	0.72153
617.59227	0.76649
618.07439	0.82595
618.55651	0.87441
619.03863	0.89189
619.52074	0.86680
620.00286	0.79836
620.48498	0.69920
620.96709	0.57787
621.44921	0.38278
621.93133	0.06215
622.41345	-0.23198
622.89556	-0.14286
623.37768	0.06178
623.85980	0.17007
624.34192	0.21960
624.82403	0.23366
625.30615	0.22879
625.78827	0.21287
626.27039	0.18962
626.75250	0.16104
627.23462	0.12502
627.71674	0.07953
628.19885	0.01813
628.68097	-0.07237
629.16309	-0.27829
629.64521	-0.87668
630.12732	-0.55830
630.60944	0.04673
631.09156	0.41850
631.57368	0.58126
632.05579	0.51178
632.53791	0.45693
633.02003	0.45517
633.50214	0.51640
633.98426	0.64423
634.46638	0.85604
634.94850	0.87398
635.43061	0.61312
635.91273	0.33643
636.39485	0.14936
636.87697	-0.08012
637.35908	-0.48927
637.84120	-0.91922
638.32332	-0.63854
638.80544	-0.24446
639.28755	-0.00182
639.76967	0.16866
640.25179	0.26724
640.73390	0.29268
641.21602	0.26790
641.69814	0.22414
642.18026	0.18554
642.66237	0.16733
643.14449	0.17583
643.62661	0.20063
644.10873	0.22490
644.59084	0.24034
645.07296	0.24361
645.55508	0.23697
646.03719	0.22510
646.51931	0.20511
647.00143	0.17901
647.48355	0.14624
647.96566	0.10629
648.44778	0.05794
648.92990	0.00426
649.41202	-0.04638
649.89413	-0.08080
650.37625	-0.08735
650.85837	-0.06323
651.34049	-0.01948
651.82260	0.02751
652.30472	0.06183
652.78684	0.08607
653.26895	0.09958
653.75107	0.10144
654.23319	0.09325
654.71531	0.07692
655.19742	0.05332
655.67954	0.02182
656.16166	-0.02024
656.64378	-0.07277
657.12589	-0.13145
657.60801	-0.18331
658.09013	-0.18860
658.57224	-0.12818
659.05436	-0.01892
659.53648	0.10348
660.01860	0.24559
660.50071	0.38769
660.98283	0.48162
661.46495	0.47576
661.94707	0.38502
662.42918	0.25950
662.91130	0.13347
663.39342	0.02373
663.87554	-0.08061
664.35765	-0.17404
664.83977	-0.23916
665.32189	-0.25719
665.80400	-0.22407
666.28612	-0.15821
666.76824	-0.08135
667.25036	-0.00939
667.73247	0.05149
668.21459	0.09314
668.69671	0.10959
669.17883	0.09869
669.66094	0.05941
670.14306	0.00271
670.62518	-0.06741
671.10729	-0.15015
671.58941	-0.25125
672.07153	-0.37397
672.55365	-0.52703
673.03576	-0.72445
673.51788	-0.88223
674.00000	-0.71864
674.48212	-0.43589
674.96423	-0.25141
675.44635	-0.12245
675.92847	-0.02842
676.41059	0.03900
676.89270	0.08566
677.37482	0.11453
677.85694	0.12969
678.33905	0.13328
678.82117	0.12689
679.30329	0.11246
679.78541	0.09125
680.26752	0.06471
680.74964	0.03436
681.23176	0.00299
681.71388	-0.02777
682.19599	-0.05669
682.67811	-0.08399
683.16023	-0.11222
683.64234	-0.14289
684.12446	-0.17734
684.60658	-0.21692
685.08870	-0.26505
685.57081	-0.31790
686.05293	-0.37128
686.53505	-0.41801
687.01717	-0.44761
687.49928	-0.43380
687.98140	-0.36395
688.46352	-0.24515
688.94564	-0.09758
689.42775	0.02518
689.90987	0.07662
690.39199	0.05824
690.87410	0.02122
691.35622	-0.01320
691.83834	-0.03211
692.32046	-0.02717
692.80257	0.00607
693.28469	0.05015
693.76681	0.08099
694.24893	0.06213
694.73104	-0.06967
695.21316	-0.14942
695.69528	-0.06806
696.17740	0.04907
696.65951	0.11494
697.14163	0.17158
697.62375	0.22088
698.10586	0.26373
698.58798	0.30325
699.07010	0.34505
699.55222	0.39506
700.03433	0.46203
700.51645	0.57142
700.99857	0.75900
701.48069	0.81376
701.96280	0.59960
702.44492	0.28787
702.92704	0.01390
703.40915	-0.24536
703.89127	-0.48568
704.37339	-0.67875
704.85551	-0.78903
705.33762	-0.77781
705.81974	-0.67871
706.30186	-0.55541
706.78398	-0.41313
707.26609	-0.28321
707.74821	-0.17412
708.23033	-0.07516
708.71245	0.01704
709.19456	0.10382
709.67668	0.18234
710.15880	0.23180
710.64091	0.22212
711.12303	0.15558
711.60515	0.06536
712.08727	-0.01588
712.56938	-0.08987
713.05150	-0.15516
713.53362	-0.21204
714.01574	-0.26554
714.49785	-0.31221
714.97997	-0.34122
715.46209	-0.33614
715.94420	-0.27644
716.42632	-0.15463
716.90844	0.01516
717.39056	0.20715
717.87267	0.38545
718.35479	0.48285
718.83691	0.48926
719.31903	0.45826
719.80114	0.42985
720.28326	0.40277
720.76538	0.37439
721.24750	0.34407
721.72961	0.31088
722.21173	0.28301
722.69385	0.26643
723.17596	0.27102
723.65808	0.24250
724.14020	0.15604
724.62232	0.03528
725.10443	-0.02378
725.58655	-0.02573
726.06867	0.02519
726.55079	0.10001
727.03290	0.18382
727.51502	0.31003
727.99714	0.43724
728.47925	0.43754
728.96137	0.21403
729.44349	-0.06739
729.92561	-0.16765
730.40772	-0.08492
730.88984	0.02308
731.37196	0.08348
731.85408	0.12822
732.33619	0.15892
732.81831	0.17651
733.30043	0.18205
733.78255	0.17563
734.26466	0.15594
734.74678	0.12159
735.22890	0.06970
735.71101	0.00374
736.19313	-0.06925
736.67525	-0.13775
737.15737	-0.19710
737.63948	-0.25378
738.12160	-0.29998
738.60372	-0.33229
739.08584	-0.34751
739.56795	-0.28728
740.05007	-0.17067
740.53219	-0.04497
741.01430	0.07660
741.49642	0.18067
741.97854	0.26943
742.46066	0.34435
742.94277	0.40653
743.42489	0.45522
743.90701	0.48945
744.38913	0.50842
744.87124	0.50648
745.35336	0.47713
745.83548	0.42325
746.31760	0.36133
746.79971	0.31233
747.28183	0.30254
747.76395	0.30693
748.24606	0.29608
748.72818	0.28119
749.21030	0.26251
749.69242	0.24491
750.17453	0.23049
750.65665	0.22592
751.13877	0.22741
751.62089	0.23754
752.10300	0.25847
752.58512	0.30045
753.06724	0.36626
753.54935	0.45300
754.03147	0.55034
754.51359	0.63618
754.99571	0.59166
755.47782	0.41668
755.95994	0.21719
756.44206	0.07506
756.92418	0.01821
757.40629	0.04477
757.88841	0.11568
758.37053	0.18200
758.85265	0.24387
759.33476	0.29090
759.81688	0.30912
760.29900	0.28814
760.78111	0.23087
761.26323	0.15255
761.74535	0.07254
762.22747	-0.00509
762.70958	-0.06659
763.19170	-0.10972
763.67382	-0.13382
764.15594	-0.13875
764.63805	-0.10718
765.12017	-0.01754
765.60229	0.15188
766.08440	0.33403
766.56652	0.41549
767.04864	0.34077
767.53076	0.26755
768.01287	0.23073
768.49499	0.22418
768.97711	0.23945
769.45923	0.26817
769.94134	0.27052
770.42346	0.23731
770.90558	0.15731
771.38770	0.05561
771.86981	-0.06119
772.35193	-0.16807
772.83405	-0.26144
773.31616	-0.33708
773.79828	-0.39424
774.28040	-0.43502
774.76252	-0.46706
775.24463	-0.49982
775.72675	-0.51513
776.20887	-0.51987
776.69099	-0.55630
777.17310	-0.70043
777.65522	-0.93457
778.13734	-0.93457
778.61945	-0.99935
779.10157	-0.22135
779.58369	0.06502
780.06581	0.33612
780.54792	0.59685
781.03004	0.78538
781.51216	0.78286
781.99428	0.63548
782.47639	0.48039
782.95851	0.37421
783.44063	0.30746
783.92275	0.25629
784.40486	0.21220
784.88698	0.16768
785.36910	0.14465
785.85121	0.12592
786.33333	0.11384
786.81545	0.10009
787.29757	0.12376
787.77968	0.15913
788.26180	0.21341
788.74392	0.29666
789.22604	0.41405
789.70815	0.57969
790.19027	0.62017
790.67239	0.48719
791.15451	0.29894
791.63662	0.19302
792.11874	0.17342
792.60086	0.23291
793.08297	0.31631
793.56509	0.39432
794.04721	0.41313
794.52933	0.38444
795.01144	0.35213
795.49356	0.34870
795.97568	0.36520
796.45780	0.39012
796.93991	0.41287
797.42203	0.41723
797.90415	0.40148
798.38626	0.36868
798.86838	0.32368
799.35050	0.26982
799.83262	0.21353
800.31473	0.15994
800.79685	0.11534
801.27897	0.08286
801.76109	0.05686
802.24320	0.02876
802.72532	-0.00581
803.20744	-0.04895
803.68956	-0.10323
804.17167	-0.17347
804.65379	-0.26061
805.13591	-0.38236
805.61802	-0.55100
806.10014	-0.79812
806.58226	-1.02642
807.06438	-0.82494
807.54649	-0.49865
808.02861	-0.29449
808.51073	-0.16494
808.99285	-0.05911
809.47496	0.01611
809.95708	0.04445
810.43920	0.00739
810.92131	-0.08189
811.40343	-0.18207
811.88555	-0.24358
812.36767	-0.22955
812.84978	-0.13896
813.33190	-0.00267
813.81402	0.14285
814.29614	0.28921
814.77825	0.32715
815.26037	0.24768
815.74249	0.16158
816.22461	0.12971
816.70672	0.14751
817.18884	0.20061
817.67096	0.27818
818.15307	0.37455
818.63519	0.49382
819.11731	0.64058
819.59943	0.81395
820.08154	0.98457
820.56366	0.97316
821.04578	0.78961
821.52790	0.60158
822.01001	0.48754
822.49213	0.41292
822.97425	0.39212
823.45636	0.46114
823.93848	0.90758
824.42060	5.00000
824.90272	0.36025
825.38483	-0.08740
825.86695	-0.17948
826.34907	-0.18568
826.83119	-0.15055
827.31330	-0.09349
827.79542	0.01970
828.27754	0.20583
828.75966	0.40696
829.24177	0.45726
829.72389	0.34455
830.20601	0.20599
830.68812	0.09516
831.17024	0.01937
831.65236	-0.02864
832.13448	-0.07006
832.61659	-0.11043
833.09871	-0.15451
833.58083	-0.21094
834.06295	-0.28531
834.54506	-0.38333
835.02718	-0.51013
835.50930	-0.63537
835.99141	-0.56754
836.47353	-0.33750
836.95565	-0.11869
837.43777	0.03568
837.91988	0.16766
838.40200	0.28530
838.88412	0.39523
839.36624	0.50620
839.84835	0.61496
840.33047	0.70547
840.81259	0.75001
841.29471	0.72666
841.77682	0.64197
842.25894	0.52243
842.74106	0.39197
843.22317	0.26591
843.70529	0.14105
844.18741	0.01588
844.66953	-0.11365
845.15164	-0.27987
845.63376	-0.48448
846.11588	-0.62505
846.59800	-0.49657
847.08011	-0.05353
847.56223	0.69634
848.04435	0.82371
848.52646	0.30994
849.00858	0.07936
849.49070	-0.08251
849.97282	-0.20651
850.45493	-0.28552
850.93705	-0.29564
851.41917	-0.21258
851.90129	-0.05304
852.38340	0.14959
852.86552	0.50822
853.34764	1.27429
853.82976	5.00000
854.31187	1.16582
854.79399	0.79376
855.27611	0.60451
855.75822	0.48302
856.24034	0.40873
856.72246	0.37168
857.20458	0.41803
857.68669	0.55611
858.16881	0.73252
858.65093	0.78274
859.13305	0.65647
859.61516	0.49980
860.09728	0.37744
860.57940	0.28038
861.06151	0.17974
861.54363	0.07430
862.02575	-0.02832
862.50787	-0.08664
862.98998	-0.06421
863.47210	0.01259
863.95422	0.08784
864.43634	0.15149
864.91845	0.21272
865.40057	0.27050
865.88269	0.32185
866.36481	0.36461
866.84692	0.39714
867.32904	0.42039
867.81116	0.43730
868.29327	0.45234
868.77539	0.48831
869.25751	0.59874
869.73963	1.17222
870.22174	5.00000
870.70386	0.54325
871.18598	0.18740
871.66810	0.10388
872.15021	0.08106
872.63233	0.06027
873.11445	0.04559
873.59656	0.04160
874.07868	0.05825
874.56080	0.09706
875.04292	0.15071
875.52503	0.20305
876.00715	0.22894
876.48927	0.21710
876.97139	0.16196
877.45350	0.07264
877.93562	-0.04109
878.41774	-0.12518
878.89986	-0.15101
879.38197	-0.12213
879.86409	-0.06600
880.34621	0.00407
880.82832	0.08304
881.31044	0.16811
881.79256	0.26061
882.27468	0.35865
882.75679	0.45923
883.23891	0.55712
883.72103	0.64240
884.20315	0.67345
884.68526	0.63430
885.16738	0.54974
885.64950	0.45607
886.13161	0.36116
886.61373	0.26512
887.09585	0.16633
887.57797	0.06640
888.06008	-0.03281
888.54220	-0.12491
889.02432	-0.20355
889.50644	-0.26128
889.98855	-0.30574
890.47067	-0.33405
890.95279	-0.34322
891.43491	-0.33254
891.91702	-0.28283
892.39914	-0.20043
892.88126	-0.11681
893.36337	-0.06787
893.84549	-0.07356
894.32761	-0.11111
894.80973	-0.14653
895.29184	-0.16873
895.77396	-0.15913
896.25608	-0.11443
896.73820	-0.03697
897.22031	0.09167
897.70243	0.23857
898.18455	0.30996
898.66667	0.24032
899.14878	0.11606
899.63090	-0.00516
900.11302	-0.11432
900.59513	-0.21120
901.07725	-0.31780
901.55937	-0.45685
902.04149	-0.67869
902.52360	-1.20845
903.00572	-1.20845
903.48784	-0.88215
903.96996	-0.40190
904.45207	-0.23215
904.93419	-0.16712
905.41631	-0.14602
905.89842	-0.17360
906.38054	-0.25599
906.86266	-0.45980
907.34478	-0.81123
907.82689	-0.79706
908.30901	-0.46790
908.79113	-0.21666
909.27325	-0.03602
909.75536	0.11363
910.23748	0.24988
910.71960	0.36591
911.20172	0.47120
911.68383	0.53395
912.16595	0.53642
912.64807	0.48578
913.13018	0.41941
913.61230	0.34954
914.09442	0.28421
914.57654	0.21939
915.05865	0.16138
915.54077	0.11174
916.02289	0.07465
916.50501	0.05742
916.98712	0.07826
917.46924	0.16375
917.95136	0.35342
918.43347	0.80950
918.91559	1.03556
919.39771	0.66779
919.87983	0.48678
920.36194	0.41945
920.84406	0.38277
921.32618	0.35580
921.80830	0.33095
922.29041	0.30446
922.77253	0.28207
923.25465	0.26802
923.73677	0.26970
924.21888	0.33233
924.70100	0.51046
925.18312	0.80662
925.66523	0.95859
926.14735	0.76642
926.62947	0.55319
927.11159	0.40198
927.59370	0.30365
928.07582	0.22321
928.55794	0.13609
929.04006	0.03664
929.52217	-0.07678
930.00429	-0.19485
930.48641	-0.31624
930.96852	-0.42278
931.45064	-0.49479
931.93276	-0.52431
932.41488	-0.51878
932.89699	-0.49096
933.37911	-0.45381
933.86123	-0.40733
934.34335	-0.35953
934.82546	-0.31176
935.30758	-0.27595
935.78970	-0.26121
936.27182	-0.22785
936.75393	-0.13235
937.23605	-0.05583
937.71817	-0.02016
938.20028	0.00257
938.68240	0.01856
939.16452	0.03157
939.64664	0.04836
940.12875	0.06935
940.61087	0.09916
941.09299	0.14336
941.57511	0.16555
942.05722	0.15135
942.53934	0.10609
943.02146	0.07810
943.50357	0.06052
943.98569	0.06881
944.46781	0.09613
944.94993	0.14544
945.43204	0.25726
945.91416	0.42849
946.39628	0.54196
946.87840	0.46771
947.36051	0.34387
947.84263	0.24866
948.32475	0.18392
948.80687	0.14211
949.28898	0.10191
949.77110	0.05598
950.25322	-0.00406
950.73533	-0.08722
951.21745	-0.16838
951.69957	-0.20078
952.18169	-0.13621
952.66380	-0.02732
953.14592	0.06957
953.62804	0.14503
954.11016	0.20441
954.59227	0.25388
955.07439	0.29997
955.55651	0.36427
956.03862	0.46773
956.52074	0.64496
957.00286	0.93726
957.48498	1.02315
957.96709	0.72803
958.44921	0.55768
958.93133	0.46326
959.41345	0.41350
959.89556	0.39088
960.37768	0.38604
960.85980	0.39440
961.34192	0.41499
961.82403	0.45028
962.30615	0.50744
962.78827	0.61081
963.27038	0.74859
963.75250	0.74515
964.23462	0.55704
964.71674	0.33765
965.19885	0.15737
965.68097	0.00620
966.16309	-0.12254
966.64521	-0.23551
967.12732	-0.32335
967.60944	-0.36923
968.09156	-0.36667
968.57367	-0.32594
969.05579	-0.26830
969.53791	-0.20679
970.02003	-0.15122
970.50214	-0.10674
970.98426	-0.07794
971.46638	-0.07017
971.94850	-0.08978
972.43061	-0.13366
972.91273	-0.20031
973.39485	-0.25575
973.87697	-0.27385
974.35908	-0.26306
974.84120	-0.24441
975.32332	-0.22765
975.80543	-0.21864
976.28755	-0.21795
976.76967	-0.22256
977.25179	-0.23130
977.73390	-0.24319
978.21602	-0.25617
978.69814	-0.26996
979.18026	-0.28200
979.66237	-0.28937
980.14449	-0.29003
980.62661	-0.28169
981.10872	-0.26399
981.59084	-0.23722
982.07296	-0.19884
982.55508	-0.14993
983.03719	-0.08961
983.51931	-0.01699
984.00143	0.07628
984.48355	0.18208
984.96566	0.28621
985.44778	0.36997
985.92990	0.45919
986.41202	0.54088
986.89413	0.62719
987.37625	0.47658
987.85837	0.47658
988.34048	0.47658
988.82260	-0.35064
989.30472	-0.14852
989.78684	-0.13841
990.26895	-0.14412
990.75107	-0.15668
991.23319	-0.17064
991.71531	-0.16561
992.19742	-0.13535
992.67954	-0.06474
993.16166	0.04718
993.64378	0.16912
994.12589	0.27730
994.60801	0.33229
995.09013	0.33658
995.57224	0.31060
996.05436	0.28157
996.53648	0.25470
997.01860	0.23231
997.50071	0.21035
997.98283	0.19300
998.46495	0.17899
998.94707	0.16642
999.42918	0.15367
