0.00000	0.02261
0.24106	0.02287
0.48212	0.02358
0.72318	0.02460
0.96423	0.02569
1.20529	0.02665
1.44635	0.02729
1.68741	0.02752
1.92847	0.02735
2.16953	0.02666
2.41059	0.02586
2.65165	0.02509
2.89270	0.02443
3.13376	0.02394
3.37482	0.02358
3.61588	0.02332
3.85694	0.02310
4.09800	0.02291
4.33906	0.02274
4.58011	0.02263
4.82117	0.02261
5.06223	0.02271
5.30329	0.02292
5.54435	0.02320
5.78541	0.02351
6.02647	0.02374
6.26753	0.02386
6.50858	0.02383
6.74964	0.02362
6.99070	0.02325
7.23176	0.02275
7.47282	0.02216
7.71388	0.02155
7.95494	0.02094
8.19599	0.02037
8.43705	0.01988
8.67811	0.01948
8.91917	0.01920
9.16023	0.01907
9.40129	0.01910
9.64235	0.01933
9.88340	0.01973
10.12446	0.02040
10.36552	0.02140
10.60658	0.02276
10.84764	0.02452
11.08870	0.02664
11.32976	0.02904
11.57082	0.03157
11.81187	0.03406
12.05293	0.03618
12.29399	0.03767
12.53505	0.03832
12.77611	0.03800
13.01717	0.03669
13.25823	0.03450
13.49928	0.03167
13.74034	0.02816
13.98140	0.02470
14.22246	0.02170
14.46352	0.01946
14.70458	0.01816
14.94564	0.01782
15.18670	0.01833
15.42775	0.01945
15.66881	0.02101
15.90987	0.02260
16.15093	0.02392
16.39199	0.02474
16.63305	0.02494
16.87411	0.02448
17.11516	0.02346
17.35622	0.02202
17.59728	0.02035
17.83834	0.01869
18.07940	0.01720
18.32046	0.01600
18.56152	0.01513
18.80258	0.01459
19.04363	0.01431
19.28469	0.01418
19.52575	0.01402
19.76681	0.01379
20.00787	0.01342
20.24893	0.01288
20.48999	0.01216
20.73104	0.01128
20.97210	0.01029
21.21316	0.00922
21.45422	0.00802
21.69528	0.00668
21.93634	0.00539
22.17740	0.00433
22.41845	0.00362
22.65951	0.00334
22.90057	0.00353
23.14163	0.00411
23.38269	0.00478
23.62375	0.00561
23.86481	0.00656
24.10587	0.00765
24.34692	0.00885
24.58798	0.01016
24.82904	0.01157
25.07010	0.01308
25.31116	0.01478
25.55222	0.01662
25.79328	0.01859
26.03433	0.02066
26.27539	0.02278
26.51645	0.02494
26.75751	0.02709
26.99857	0.02921
27.23963	0.03131
27.48069	0.03336
27.72175	0.03535
27.96280	0.03729
28.20386	0.03915
28.44492	0.04091
28.68598	0.04252
28.92704	0.04399
29.16810	0.04534
29.40916	0.04662
29.65021	0.04795
29.89127	0.04945
30.13233	0.05125
30.37339	0.05343
30.61445	0.05603
30.85551	0.05901
31.09657	0.06233
31.33763	0.06572
31.57868	0.06897
31.81974	0.07191
32.06080	0.07440
32.30186	0.07639
32.54292	0.07792
32.78398	0.07906
33.02504	0.07963
33.26609	0.08008
33.50715	0.08060
33.74821	0.08136
33.98927	0.08245
34.23033	0.08390
34.47139	0.08573
34.71245	0.08789
34.95350	0.09035
35.19456	0.09308
35.43562	0.09608
35.67668	0.09938
35.91774	0.10308
36.15880	0.10732
36.39986	0.11232
36.64092	0.11832
36.88197	0.12553
37.12303	0.13421
37.36409	0.14444
37.60515	0.15615
37.84621	0.16908
38.08727	0.18280
38.32833	0.19671
38.56938	0.21012
38.81044	0.22236
39.05150	0.23279
39.29256	0.24096
39.53362	0.24664
39.77468	0.24986
40.01574	0.25085
40.25680	0.25007
40.49785	0.24807
40.73891	0.24544
40.97997	0.24277
41.22103	0.24052
41.46209	0.23904
41.70315	0.23853
41.94421	0.23906
42.18526	0.24061
42.42632	0.24311
42.66738	0.24652
42.90844	0.25082
43.14950	0.25605
43.39056	0.26231
43.63162	0.26965
43.87268	0.27810
44.11373	0.28757
44.35479	0.29781
44.59585	0.30841
44.83691	0.31880
45.07797	0.32831
45.31903	0.33629
45.56009	0.34217
45.80114	0.34558
46.04220	0.34638
46.28326	0.34471
46.52432	0.34096
46.76538	0.33571
47.00644	0.32967
47.24750	0.32355
47.48855	0.31799
47.72961	0.31351
47.97067	0.31045
48.21173	0.30897
48.45279	0.30912
48.69385	0.31085
48.93491	0.31409
49.17597	0.31884
49.41702	0.32516
49.65808	0.33319
49.89914	0.34317
50.14020	0.35529
50.38126	0.36972
50.62232	0.38644
50.86338	0.40528
51.10443	0.42579
51.34549	0.44733
51.58655	0.46907
51.82761	0.49013
52.06867	0.50965
52.30973	0.52692
52.55079	0.54146
52.79185	0.55303
53.03290	0.56172
53.27396	0.56780
53.51502	0.57172
53.75608	0.57400
53.99714	0.57514
54.23820	0.57554
54.47926	0.57554
54.72031	0.57536
54.96137	0.57519
55.20243	0.57524
55.44349	0.57578
55.68455	0.57724
55.92561	0.58016
56.16667	0.58520
56.40773	0.59307
56.64878	0.60436
56.88984	0.61947
57.13090	0.63847
57.37196	0.66100
57.61302	0.68630
57.85408	0.71320
58.09514	0.74031
58.33619	0.76616
58.57725	0.78941
58.81831	0.80909
59.05937	0.82467
59.30043	0.83615
59.54149	0.84402
59.78255	0.84910
60.02361	0.85238
60.26466	0.85476
60.50572	0.85694
60.74678	0.85922
60.98784	0.86153
61.22890	0.86349
61.46996	0.86458
61.71102	0.86433
61.95207	0.86251
62.19313	0.85931
62.43419	0.85537
62.67525	0.85170
62.91631	0.84963
63.15737	0.85048
63.39843	0.85543
63.63948	0.86518
63.88054	0.87993
64.12160	0.89922
64.36266	0.92204
64.60372	0.94700
64.84478	0.97248
65.08584	0.99696
65.32690	1.01916
65.56795	1.03821
65.80901	1.05371
66.05007	1.06567
66.29113	1.07439
66.53219	1.08031
66.77325	1.08379
67.01431	1.08505
67.25536	1.08403
67.49642	1.08045
67.73748	1.07386
67.97854	1.06381
68.21960	1.05001
68.46066	1.03243
68.70172	1.01143
68.94278	0.98779
69.18383	0.96260
69.42489	0.93721
69.66595	0.91301
69.90701	0.89131
70.14807	0.87311
70.38913	0.85909
70.63019	0.84945
70.87124	0.84407
71.11230	0.84251
71.35336	0.84419
71.59442	0.84853
71.83548	0.85510
72.07654	0.86366
72.31760	0.87421
72.55866	0.88689
72.79971	0.90186
73.04077	0.91921
73.28183	0.93871
73.52289	0.95980
73.76395	0.98155
74.00501	1.00268
74.24607	1.02171
74.48712	1.03720
74.72818	1.04789
74.96924	1.05293
75.21030	1.05202
75.45136	1.04547
75.69242	1.03417
75.93348	1.01945
76.17453	1.00299
76.41559	0.98654
76.65665	0.97177
76.89771	0.96013
77.13877	0.95271
77.37983	0.95023
77.62089	0.95305
77.86195	0.96125
78.10300	0.97477
78.34406	0.99344
78.58512	1.01717
78.82618	1.04593
79.06724	1.07975
79.30830	1.11864
79.54936	1.16249
79.79041	1.21086
80.03147	1.26291
80.27253	1.31725
80.51359	1.37204
80.75465	1.42503
80.99571	1.47381
81.23677	1.51609
81.47783	1.55002
81.71888	1.57445
81.95994	1.58908
82.20100	1.59456
82.44206	1.59234
82.68312	1.58448
82.92418	1.57329
83.16524	1.56103
83.40629	1.54962
83.64735	1.54043
83.88841	1.53419
84.12947	1.53112
84.37053	1.53108
84.61159	1.53383
84.85265	1.53932
85.09371	1.54784
85.33476	1.56014
85.57582	1.57735
85.81688	1.60081
86.05794	1.63172
86.29900	1.67084
86.54006	1.71819
86.78112	1.77282
87.02217	1.83277
87.26323	1.89525
87.50429	1.95689
87.74535	2.01419
87.98641	2.06399
88.22747	2.10390
88.46853	2.13259
88.70958	2.14993
88.95064	2.15689
89.19170	2.15531
89.43276	2.14748
89.67382	2.13571
89.91488	2.12198
90.15594	2.10760
90.39700	2.09321
90.63805	2.07881
90.87911	2.06402
91.12017	2.04845
91.36123	2.03201
91.60229	2.01523
91.84335	1.99932
92.08441	1.98619
92.32546	1.97820
92.56652	1.97776
92.80758	1.98694
93.04864	2.00704
93.28970	2.03829
93.53076	2.07970
93.77182	2.12918
94.01288	2.18376
94.25393	2.24007
94.49499	2.29476
94.73605	2.34504
94.97711	2.38897
95.21817	2.42564
95.45923	2.45511
95.70029	2.47819
95.94134	2.49605
96.18240	2.50982
96.42346	2.52025
96.66452	2.52740
96.90558	2.53071
97.14664	2.52905
97.38770	2.52111
97.62876	2.50576
97.86981	2.48247
98.11087	2.45165
98.35193	2.41472
98.59299	2.37413
98.83405	2.33309
99.07511	2.29513
99.31617	2.26365
99.55722	2.24143
99.79828	2.23026
100.03934	2.23079
100.28040	2.24246
100.52146	2.26376
100.76252	2.29254
101.00358	2.32645
101.24464	2.36332
101.48569	2.40148
101.72675	2.43992
101.96781	2.47825
102.20887	2.51651
102.44993	2.55487
102.69099	2.59329
102.93205	2.63122
103.17310	2.66745
103.41416	2.70007
103.65522	2.72671
103.89628	2.74487
104.13734	2.75233
104.37840	2.74760
104.61946	2.73027
104.86051	2.70115
105.10157	2.66226
105.34263	2.61659
105.58369	2.56768
105.82475	2.51920
106.06581	2.47441
106.30687	2.43580
106.54793	2.40496
106.78898	2.38243
107.03004	2.36795
107.27110	2.36071
107.51216	2.35976
107.75322	2.36431
107.99428	2.37399
108.23534	2.38893
108.47639	2.40973
108.71745	2.43719
108.95851	2.47202
109.19957	2.51444
109.44063	2.56393
109.68169	2.61899
109.92275	2.67720
110.16381	2.73533
110.40486	2.78974
110.64592	2.83681
110.88698	2.87340
111.12804	2.89733
111.36910	2.90762
111.61016	2.90461
111.85122	2.88987
112.09227	2.86590
112.33333	2.83569
112.57439	2.80227
112.81545	2.76825
113.05651	2.73553
113.29757	2.70517
113.53863	2.67747
113.77969	2.65220
114.02074	2.62895
114.26180	2.60756
114.50286	2.58834
114.74392	2.57229
114.98498	2.56105
115.22604	2.55661
115.46710	2.56097
115.70815	2.57565
115.94921	2.60129
116.19027	2.63732
116.43133	2.68192
116.67239	2.73213
116.91345	2.78427
117.15451	2.83439
117.39556	2.87889
117.63662	2.91500
117.87768	2.94111
118.11874	2.95690
118.35980	2.96322
118.60086	2.96176
118.84192	2.95459
119.08298	2.94369
119.32403	2.93053
119.56509	2.91585
119.80615	2.89960
120.04721	2.88111
120.28827	2.85942
120.52933	2.83373
120.77039	2.80375
121.01144	2.77007
121.25250	2.73427
121.49356	2.69879
121.73462	2.66670
121.97568	2.64122
122.21674	2.62523
122.45780	2.62073
122.69886	2.62856
122.93991	2.64822
123.18097	2.67793
123.42203	2.71497
123.66309	2.75616
123.90415	2.79831
124.14521	2.83877
124.38627	2.87572
124.62732	2.90834
124.86838	2.93666
125.10944	2.96131
125.35050	2.98315
125.59156	3.00277
125.83262	3.02025
126.07368	3.03490
126.31474	3.04536
126.55579	3.04979
126.79685	3.04625
127.03791	3.03318
127.27897	3.00983
127.52003	2.97651
127.76109	2.93474
128.00215	2.88717
128.24320	2.83723
128.48426	2.78871
128.72532	2.74524
128.96638	2.70979
129.20744	2.68431
129.44850	2.66951
129.68956	2.66492
129.93061	2.66905
130.17167	2.67979
130.41273	2.69483
130.65379	2.71211
130.89485	2.73011
131.13591	2.74807
131.37697	2.76592
131.61803	2.78409
131.85908	2.80319
132.10014	2.82362
132.34120	2.84526
132.58226	2.86726
132.82332	2.88802
133.06438	2.90537
133.30544	2.91691
133.54649	2.92042
133.78755	2.91431
134.02861	2.89794
134.26967	2.87182
134.51073	2.83756
134.75179	2.79766
134.99285	2.75515
135.23391	2.71313
135.47496	2.67429
135.71602	2.64060
135.95708	2.61311
136.19814	2.59195
136.43920	2.57649
136.68026	2.56564
136.92132	2.55819
137.16237	2.55319
137.40343	2.55015
137.64449	2.54922
137.88555	2.55104
138.12661	2.55663
138.36767	2.56701
138.60873	2.58288
138.84979	2.60431
139.09084	2.63058
139.33190	2.66009
139.57296	2.69052
139.81402	2.71918
140.05508	2.74331
140.29614	2.76058
140.53720	2.76942
140.77825	2.76923
141.01931	2.76044
141.26037	2.74439
141.50143	2.72305
141.74249	2.69860
141.98355	2.67309
142.22461	2.64810
142.46566	2.62457
142.70672	2.60272
142.94778	2.58229
143.18884	2.56273
143.42990	2.54353
143.67096	2.52454
143.91202	2.50616
144.15308	2.48940
144.39413	2.47580
144.63519	2.46716
144.87625	2.46525
145.11731	2.47138
145.35837	2.48614
145.59943	2.50916
145.84049	2.53912
146.08154	2.57383
146.32260	2.61059
146.56366	2.64652
146.80472	2.67902
147.04578	2.70614
147.28684	2.72676
147.52790	2.74073
147.76896	2.74870
148.01001	2.75190
148.25107	2.75179
148.49213	2.74964
148.73319	2.74632
148.97425	2.74204
149.21531	2.73641
149.45637	2.72854
149.69742	2.71738
149.93848	2.70201
150.17954	2.68204
150.42060	2.65777
150.66166	2.63034
150.90272	2.60162
151.14378	2.57395
151.38484	2.54984
151.62589	2.53148
151.86695	2.52047
152.10801	2.51748
152.34907	2.52221
152.59013	2.53343
152.83119	2.54924
153.07225	2.56739
153.31330	2.58572
153.55436	2.60246
153.79542	2.61652
154.03648	2.62755
154.27754	2.63591
154.51860	2.64244
154.75966	2.64814
155.00072	2.65387
155.24177	2.66002
155.48283	2.66639
155.72389	2.67213
155.96495	2.67591
156.20601	2.67617
156.44707	2.67149
156.68813	2.66091
156.92918	2.64421
157.17024	2.62204
157.41130	2.59586
157.65236	2.56780
157.89342	2.54027
158.13448	2.51567
158.37554	2.49591
158.61659	2.48224
158.85765	2.47506
159.09871	2.47393
159.33977	2.47775
159.58083	2.48506
159.82189	2.49433
160.06295	2.50426
160.30401	2.51405
160.54506	2.52344
160.78612	2.53269
161.02718	2.54242
161.26824	2.55338
161.50930	2.56617
161.75036	2.58098
161.99142	2.59752
162.23247	2.61490
162.47353	2.63184
162.71459	2.64680
162.95565	2.65830
163.19671	2.66519
163.43777	2.66691
163.67883	2.66361
163.91989	2.65615
164.16094	2.64597
164.40200	2.63483
164.64306	2.62453
164.88412	2.61657
165.12518	2.61192
165.36624	2.61089
165.60730	2.61311
165.84835	2.61774
166.08941	2.62366
166.33047	2.62980
166.57153	2.63542
166.81259	2.64030
167.05365	2.64479
167.29471	2.64974
167.53577	2.65630
167.77682	2.66558
168.01788	2.67838
168.25894	2.69492
168.50000	2.71467
168.74106	2.73641
168.98212	2.75832
169.22318	2.77833
169.46423	2.79441
169.70529	2.80498
169.94635	2.80915
170.18741	2.80689
170.42847	2.79903
170.66953	2.78707
170.91059	2.77293
171.15164	2.75859
171.39270	2.74573
171.63376	2.73548
171.87482	2.72826
172.11588	2.72375
172.35694	2.72106
172.59800	2.71900
172.83906	2.71635
173.08011	2.71221
173.32117	2.70624
173.56223	2.69872
173.80329	2.69054
174.04435	2.68305
174.28541	2.67771
174.52647	2.67583
174.76752	2.67821
175.00858	2.68497
175.24964	2.69547
175.49070	2.70836
175.73176	2.72183
175.97282	2.73392
176.21388	2.74288
176.45494	2.74744
176.69599	2.74705
176.93705	2.74192
177.17811	2.73294
177.41917	2.72149
177.66023	2.70908
177.90129	2.69709
178.14235	2.68648
178.38340	2.67767
178.62446	2.67046
178.86552	2.66421
179.10658	2.65800
179.34764	2.65092
179.58870	2.64236
179.82976	2.63218
180.07082	2.62080
180.31187	2.60918
180.55293	2.59862
180.79399	2.59056
181.03505	2.58623
181.27611	2.58644
181.51717	2.59139
181.75823	2.60058
181.99928	2.61290
182.24034	2.62682
182.48140	2.64064
182.72246	2.65280
182.96352	2.66214
183.20458	2.66809
183.44564	2.67068
183.68669	2.67054
183.92775	2.66869
184.16881	2.66629
184.40987	2.66439
184.65093	2.66369
184.89199	2.66443
185.13305	2.66634
185.37411	2.66872
185.61516	2.67069
185.85622	2.67137
186.09728	2.67014
186.33834	2.66682
186.57940	2.66180
186.82046	2.65594
187.06152	2.65048
187.30257	2.64678
187.54363	2.64608
187.78469	2.64923
188.02575	2.65652
188.26681	2.66757
188.50787	2.68145
188.74893	2.69681
188.98999	2.71212
189.23104	2.72599
189.47210	2.73741
189.71316	2.74588
189.95422	2.75152
190.19528	2.75499
190.43634	2.75726
190.67740	2.75942
190.91845	2.76235
191.15951	2.76655
191.40057	2.77197
191.64163	2.77801
191.88269	2.78364
192.12375	2.78762
192.36481	2.78876
192.60587	2.78623
192.84692	2.77974
193.08798	2.76967
193.32904	2.75704
193.57010	2.74337
193.81116	2.73041
194.05222	2.71985
194.29328	2.71305
194.53433	2.71074
194.77539	2.71298
195.01645	2.71914
195.25751	2.72803
195.49857	2.73818
195.73963	2.74813
195.98069	2.75666
196.22174	2.76305
196.46280	2.76715
196.70386	2.76937
196.94492	2.77051
197.18598	2.77153
197.42704	2.77333
197.66810	2.77647
197.90916	2.78103
198.15021	2.78656
198.39127	2.79219
198.63233	2.79678
198.87339	2.79917
199.11445	2.79847
199.35551	2.79424
199.59657	2.78663
199.83762	2.77638
200.07868	2.76474
200.31974	2.75320
200.56080	2.74329
200.80186	2.73630
201.04292	2.73304
201.28398	2.73375
201.52504	2.73810
201.76609	2.74526
202.00715	2.75413
202.24821	2.76357
202.48927	2.77263
202.73033	2.78072
202.97139	2.78773
203.21245	2.79400
203.45350	2.80020
203.69456	2.80710
203.93562	2.81540
204.17668	2.82544
204.41774	2.83713
204.65880	2.84984
204.89986	2.86249
205.14092	2.87374
205.38197	2.88219
205.62303	2.88668
205.86409	2.88651
206.10515	2.88158
206.34621	2.87245
206.58727	2.86023
206.82833	2.84644
207.06938	2.83267
207.31044	2.82040
207.55150	2.81068
207.79256	2.80402
208.03362	2.80036
208.27468	2.79912
208.51574	2.79940
208.75680	2.80021
208.99785	2.80071
209.23891	2.80042
209.47997	2.79931
209.72103	2.79782
209.96209	2.79670
210.20315	2.79684
210.44421	2.79903
210.68526	2.80373
210.92632	2.81089
211.16738	2.81994
211.40844	2.82980
211.64950	2.83907
211.89056	2.84627
212.13162	2.85011
212.37267	2.84972
212.61373	2.84480
212.85479	2.83569
213.09585	2.82326
213.33691	2.80878
213.57797	2.79364
213.81903	2.77913
214.06009	2.76618
214.30114	2.75527
214.54220	2.74637
214.78326	2.73900
215.02432	2.73246
215.26538	2.72599
215.50644	2.71903
215.74750	2.71137
215.98855	2.70327
216.22961	2.69539
216.47067	2.68874
216.71173	2.68441
216.95279	2.68339
217.19385	2.68630
217.43491	2.69327
217.67597	2.70379
217.91702	2.71685
218.15808	2.73100
218.39914	2.74465
218.64020	2.75628
218.88126	2.76473
219.12232	2.76934
219.36338	2.77009
219.60443	2.76747
219.84549	2.76242
220.08655	2.75606
220.32761	2.74945
220.56867	2.74337
220.80973	2.73820
221.05079	2.73383
221.29185	2.72977
221.53290	2.72528
221.77396	2.71961
222.01502	2.71221
222.25608	2.70290
222.49714	2.69200
222.73820	2.68029
222.97926	2.66895
223.22031	2.65928
223.46137	2.65255
223.70243	2.64972
223.94349	2.65128
224.18455	2.65713
224.42561	2.66663
224.66667	2.67871
224.90772	2.69201
225.14878	2.70520
225.38984	2.71712
225.63090	2.72701
225.87196	2.73456
226.11302	2.73993
226.35408	2.74365
226.59514	2.74638
226.83619	2.74879
227.07725	2.75134
227.31831	2.75411
227.55937	2.75681
227.80043	2.75878
228.04149	2.75918
228.28255	2.75713
228.52360	2.75198
228.76466	2.74345
229.00572	2.73177
229.24678	2.71771
229.48784	2.70244
229.72890	2.68740
229.96996	2.67406
230.21102	2.66366
230.45207	2.65700
230.69313	2.65437
230.93419	2.65545
231.17525	2.65947
231.41631	2.66536
231.65737	2.67195
231.89843	2.67823
232.13948	2.68348
232.38054	2.68744
232.62160	2.69024
232.86266	2.69231
233.10372	2.69425
233.34478	2.69658
233.58584	2.69958
233.82690	2.70317
234.06795	2.70686
234.30901	2.70978
234.55007	2.71091
234.79113	2.70918
235.03219	2.70377
235.27325	2.69424
235.51431	2.68068
235.75536	2.66372
235.99642	2.64443
236.23748	2.62420
236.47854	2.60450
236.71960	2.58667
236.96066	2.57172
237.20172	2.56020
237.44277	2.55220
237.68383	2.54734
237.92489	2.54498
238.16595	2.54432
238.40701	2.54462
238.64807	2.54536
238.88913	2.54629
239.13019	2.54752
239.37124	2.54936
239.61230	2.55227
239.85336	2.55665
240.09442	2.56271
240.33548	2.57034
240.57654	2.57905
240.81760	2.58804
241.05865	2.59626
241.29971	2.60262
241.54077	2.60618
241.78183	2.60629
242.02289	2.60273
242.26395	2.59576
242.50501	2.58604
242.74607	2.57454
242.98712	2.56235
243.22818	2.55048
243.46924	2.53972
243.71030	2.53052
243.95136	2.52293
244.19242	2.51674
244.43348	2.51149
244.67453	2.50670
244.91559	2.50200
245.15665	2.49725
245.39771	2.49262
245.63877	2.48858
245.87983	2.48579
246.12089	2.48500
246.36195	2.48686
246.60300	2.49175
246.84406	2.49971
247.08512	2.51032
247.32618	2.52277
247.56724	2.53595
247.80830	2.54861
248.04936	2.55955
248.29041	2.56775
248.53147	2.57258
248.77253	2.57382
249.01359	2.57168
249.25465	2.56669
249.49571	2.55960
249.73677	2.55118
249.97783	2.54210
250.21888	2.53282
250.45994	2.52348
250.70100	2.51399
250.94206	2.50409
251.18312	2.49343
251.42418	2.48178
251.66524	2.46912
251.90629	2.45571
252.14735	2.44211
252.38841	2.42912
252.62947	2.41767
252.87053	2.40862
253.11159	2.40267
253.35265	2.40014
253.59370	2.40097
253.83476	2.40465
254.07582	2.41036
254.31688	2.41701
254.55794	2.42349
254.79900	2.42881
255.04006	2.43225
255.28112	2.43343
255.52217	2.43233
255.76323	2.42926
256.00429	2.42471
256.24535	2.41921
256.48641	2.41322
256.72747	2.40698
256.96853	2.40050
257.20958	2.39354
257.45064	2.38572
257.69170	2.37661
257.93276	2.36589
258.17382	2.35346
258.41488	2.33950
258.65594	2.32451
258.89700	2.30925
259.13805	2.29463
259.37911	2.28158
259.62017	2.27091
259.86123	2.26318
260.10229	2.25863
260.34335	2.25712
260.58441	2.25825
260.82546	2.26136
261.06652	2.26572
261.30758	2.27062
261.54864	2.27550
261.78970	2.27998
262.03076	2.28393
262.27182	2.28739
262.51288	2.29048
262.75393	2.29337
262.99499	2.29610
263.23605	2.29856
263.47711	2.30046
263.71817	2.30135
263.95923	2.30069
264.20029	2.29795
264.44134	2.29278
264.68240	2.28503
264.92346	2.27487
265.16452	2.26278
265.40558	2.24949
265.64664	2.23589
265.88770	2.22290
266.12875	2.21133
266.36981	2.20178
266.61087	2.19454
266.85193	2.18961
267.09299	2.18671
267.33405	2.18538
267.57511	2.18507
267.81617	2.18527
268.05722	2.18561
268.29828	2.18591
268.53934	2.18618
268.78040	2.18659
269.02146	2.18742
269.26252	2.18888
269.50358	2.19110
269.74463	2.19400
269.98569	2.19726
270.22675	2.20037
270.46781	2.20266
270.70887	2.20343
270.94993	2.20206
271.19099	2.19814
271.43205	2.19151
271.67310	2.18237
271.91416	2.17118
272.15522	2.15862
272.39628	2.14547
272.63734	2.13248
272.87840	2.12028
273.11946	2.10927
273.36051	2.09958
273.60157	2.09114
273.84263	2.08371
274.08369	2.07697
274.32475	2.07066
274.56581	2.06462
274.80687	2.05887
275.04793	2.05360
275.28898	2.04913
275.53004	2.04584
275.77110	2.04405
276.01216	2.04395
276.25322	2.04551
276.49428	2.04848
276.73534	2.05234
276.97639	2.05645
277.21745	2.06007
277.45851	2.06251
277.69957	2.06323
277.94063	2.06192
278.18169	2.05853
278.42275	2.05328
278.66380	2.04660
278.90486	2.03901
279.14592	2.03108
279.38698	2.02324
279.62804	2.01581
279.86910	2.00889
280.11016	2.00241
280.35122	1.99618
280.59227	1.98999
280.83333	1.98367
281.07439	1.97719
281.31545	1.97070
281.55651	1.96453
281.79757	1.95918
282.03863	1.95518
282.27968	1.95305
282.52074	1.95315
282.76180	1.95565
283.00286	1.96045
283.24392	1.96717
283.48498	1.97525
283.72604	1.98396
283.96710	1.99258
284.20815	2.00045
284.44921	2.00707
284.69027	2.01218
284.93133	2.01573
285.17239	2.01786
285.41345	2.01886
285.65451	2.01902
285.89556	2.01859
286.13662	2.01771
286.37768	2.01637
286.61874	2.01441
286.85980	2.01160
287.10086	2.00769
287.34192	2.00250
287.58298	1.99599
287.82403	1.98835
288.06509	1.97993
288.30615	1.97127
288.54721	1.96302
288.78827	1.95581
289.02933	1.95021
289.27039	1.94658
289.51144	1.94507
289.75250	1.94556
289.99356	1.94775
290.23462	1.95113
290.47568	1.95514
290.71674	1.95926
290.95780	1.96302
291.19885	1.96614
291.43991	1.96849
291.68097	1.97009
291.92203	1.97104
292.16309	1.97149
292.40415	1.97153
292.64521	1.97116
292.88627	1.97023
293.12732	1.96850
293.36838	1.96564
293.60944	1.96133
293.85050	1.95534
294.09156	1.94759
294.33262	1.93822
294.57368	1.92759
294.81473	1.91623
295.05579	1.90481
295.29685	1.89403
295.53791	1.88449
295.77897	1.87665
296.02003	1.87075
296.26109	1.86678
296.50215	1.86455
296.74320	1.86372
296.98426	1.86389
297.22532	1.86470
297.46638	1.86589
297.70744	1.86733
297.94850	1.86906
298.18956	1.87120
298.43061	1.87395
298.67167	1.87747
298.91273	1.88181
299.15379	1.88689
299.39485	1.89242
299.63591	1.89799
299.87697	1.90306
300.11803	1.90706
300.35908	1.90950
300.60014	1.91004
300.84120	1.90856
301.08226	1.90517
301.32332	1.90023
301.56438	1.89426
301.80544	1.88791
302.04649	1.88180
302.28755	1.87649
302.52861	1.87234
302.76967	1.86954
303.01073	1.86807
303.25179	1.86775
303.49285	1.86830
303.73391	1.86945
303.97496	1.87096
304.21602	1.87274
304.45708	1.87483
304.69814	1.87737
304.93920	1.88061
305.18026	1.88478
305.42132	1.89007
305.66237	1.89649
305.90343	1.90391
306.14449	1.91199
306.38555	1.92025
306.62661	1.92814
306.86767	1.93509
307.10873	1.94064
307.34978	1.94448
307.59084	1.94651
307.83190	1.94685
308.07296	1.94577
308.31402	1.94369
308.55508	1.94105
308.79614	1.93824
309.03720	1.93555
309.27825	1.93313
309.51931	1.93099
309.76037	1.92903
310.00143	1.92710
310.24249	1.92507
310.48355	1.92288
310.72461	1.92060
310.96566	1.91843
311.20672	1.91667
311.44778	1.91568
311.68884	1.91583
311.92990	1.91740
312.17096	1.92052
312.41202	1.92514
312.65308	1.93100
312.89413	1.93767
313.13519	1.94461
313.37625	1.95123
313.61731	1.95699
313.85837	1.96146
314.09943	1.96441
314.34049	1.96578
314.58154	1.96571
314.82260	1.96447
315.06366	1.96237
315.30472	1.95974
315.54578	1.95680
315.78684	1.95368
316.02790	1.95036
316.26896	1.94672
316.51001	1.94263
316.75107	1.93796
316.99213	1.93269
317.23319	1.92693
317.47425	1.92096
317.71531	1.91517
317.95637	1.91004
318.19742	1.90603
318.43848	1.90354
318.67954	1.90281
318.92060	1.90388
319.16166	1.90659
319.40272	1.91061
319.64378	1.91548
319.88483	1.92071
320.12589	1.92583
320.36695	1.93046
320.60801	1.93438
320.84907	1.93748
321.09013	1.93983
321.33119	1.94154
321.57225	1.94276
321.81330	1.94364
322.05436	1.94422
322.29542	1.94444
322.53648	1.94418
322.77754	1.94320
323.01860	1.94129
323.25966	1.93825
323.50071	1.93402
323.74177	1.92867
323.98283	1.92244
324.22389	1.91572
324.46495	1.90903
324.70601	1.90290
324.94707	1.89782
325.18813	1.89417
325.42918	1.89213
325.67024	1.89172
325.91130	1.89274
326.15236	1.89487
326.39342	1.89772
326.63448	1.90089
326.87554	1.90408
327.11659	1.90709
327.35765	1.90988
327.59871	1.91249
327.83977	1.91504
328.08083	1.91766
328.32189	1.92040
328.56295	1.92321
328.80401	1.92589
329.04506	1.92814
329.28612	1.92957
329.52718	1.92981
329.76824	1.92853
330.00930	1.92555
330.25036	1.92087
330.49142	1.91469
330.73247	1.90739
330.97353	1.89949
331.21459	1.89152
331.45565	1.88401
331.69671	1.87738
331.93777	1.87187
332.17883	1.86757
332.41988	1.86436
332.66094	1.86204
332.90200	1.86030
333.14306	1.85886
333.38412	1.85750
333.62518	1.85611
333.86624	1.85468
334.10730	1.85332
334.34835	1.85221
334.58941	1.85152
334.83047	1.85136
335.07153	1.85175
335.31259	1.85256
335.55365	1.85354
335.79471	1.85434
336.03576	1.85456
336.27682	1.85383
336.51788	1.85186
336.75894	1.84852
337.00000	1.84385
337.24106	1.83804
337.48212	1.83145
337.72318	1.82448
337.96423	1.81754
338.20529	1.81099
338.44635	1.80504
338.68741	1.79977
338.92847	1.79512
339.16953	1.79091
339.41059	1.78690
339.65164	1.78289
339.89270	1.77870
340.13376	1.77430
340.37482	1.76977
340.61588	1.76530
340.85694	1.76114
341.09800	1.75757
341.33906	1.75480
341.58011	1.75297
341.82117	1.75205
342.06223	1.75188
342.30329	1.75218
342.54435	1.75259
342.78541	1.75274
343.02647	1.75229
343.26752	1.75101
343.50858	1.74881
343.74964	1.74573
343.99070	1.74191
344.23176	1.73758
344.47282	1.73299
344.71388	1.72834
344.95493	1.72376
345.19599	1.71930
345.43705	1.71489
345.67811	1.71042
345.91917	1.70575
346.16023	1.70076
346.40129	1.69542
346.64235	1.68978
346.88340	1.68399
347.12446	1.67828
347.36552	1.67290
347.60658	1.66811
347.84764	1.66411
348.08870	1.66098
348.32976	1.65868
348.57081	1.65706
348.81187	1.65587
349.05293	1.65481
349.29399	1.65357
349.53505	1.65189
349.77611	1.64958
350.01717	1.64658
350.25823	1.64292
350.49928	1.63871
350.74034	1.63410
350.98140	1.62928
351.22246	1.62435
351.46352	1.61939
351.70458	1.61437
351.94564	1.60922
352.18669	1.60381
352.42775	1.59799
352.66881	1.59169
352.90987	1.58488
353.15093	1.57765
353.39199	1.57017
353.63305	1.56272
353.87411	1.55559
354.11516	1.54910
354.35622	1.54350
354.59728	1.53894
354.83834	1.53547
355.07940	1.53299
355.32046	1.53131
355.56152	1.53016
355.80257	1.52923
356.04363	1.52825
356.28469	1.52701
356.52575	1.52539
356.76681	1.52336
357.00787	1.52099
357.24893	1.51838
357.48999	1.51567
357.73104	1.51296
357.97210	1.51030
358.21316	1.50763
358.45422	1.50484
358.69528	1.50175
358.93634	1.49816
359.17740	1.49389
359.41845	1.48881
359.65951	1.48290
359.90057	1.47626
360.14163	1.46909
360.38269	1.46164
360.62375	1.45422
360.86481	1.44714
361.10586	1.44060
361.34692	1.43476
361.58798	1.42963
361.82904	1.42514
362.07010	1.42112
362.31116	1.41737
362.55222	1.41369
362.79328	1.40992
363.03433	1.40597
363.27539	1.40182
363.51645	1.39750
363.75751	1.39311
363.99857	1.38873
364.23963	1.38444
364.48069	1.38026
364.72174	1.37611
364.96280	1.37190
365.20386	1.36744
365.44492	1.36255
365.68598	1.35705
365.92704	1.35081
366.16810	1.34377
366.40916	1.33595
366.65021	1.32746
366.89127	1.31846
367.13233	1.30914
367.37339	1.29971
367.61445	1.29032
367.85551	1.28106
368.09657	1.27199
368.33762	1.26307
368.57868	1.25421
368.81974	1.24531
369.06080	1.23626
369.30186	1.22700
369.54292	1.21748
369.78398	1.20772
370.02504	1.19776
370.26609	1.18767
370.50715	1.17752
370.74821	1.16736
370.98927	1.15717
371.23033	1.14691
371.47139	1.13646
371.71245	1.12568
371.95350	1.11440
372.19456	1.10248
372.43562	1.08978
372.67668	1.07627
372.91774	1.06194
373.15880	1.04688
373.39986	1.03122
373.64091	1.01514
373.88197	0.99881
374.12303	0.98237
374.36409	0.96592
374.60515	0.94954
374.84621	0.93325
375.08727	0.91702
375.32833	0.90080
375.56938	0.88457
375.81044	0.86830
376.05150	0.85205
376.29256	0.83581
376.53362	0.81977
376.77468	0.80407
377.01574	0.78887
377.25679	0.77429
377.49785	0.76046
377.73891	0.74742
377.97997	0.73520
378.22103	0.72372
378.46209	0.71302
378.70315	0.70306
378.94421	0.69380
379.18526	0.68524
379.42632	0.67741
379.66738	0.67039
379.90844	0.66425
380.14950	0.65909
380.39056	0.65506
380.63162	0.65224
380.87267	0.65072
381.11373	0.65050
381.35479	0.65158
381.59585	0.65389
381.83691	0.65737
382.07797	0.66192
382.31903	0.66746
382.56009	0.67396
382.80114	0.68137
383.04220	0.68971
383.28326	0.69899
383.52432	0.70921
383.76538	0.72039
384.00644	0.73243
384.24750	0.74530
384.48855	0.75888
384.72961	0.77301
384.97067	0.78751
385.21173	0.80220
385.45279	0.81688
385.69385	0.83143
385.93491	0.84567
386.17596	0.85960
386.41702	0.87321
386.65808	0.88649
386.89914	0.89945
387.14020	0.91212
387.38126	0.92448
387.62232	0.93650
387.86338	0.94815
388.10443	0.95937
388.34549	0.97014
388.58655	0.98042
388.82761	0.99023
389.06867	0.99961
389.30973	1.00866
389.55079	1.01751
389.79184	1.02632
390.03290	1.03524
390.27396	1.04440
390.51502	1.05389
390.75608	1.06376
390.99714	1.07397
391.23820	1.08446
391.47926	1.09512
391.72031	1.10582
391.96137	1.11646
392.20243	1.12694
392.44349	1.13720
392.68455	1.14724
392.92561	1.15707
393.16667	1.16672
393.40772	1.17622
393.64878	1.18559
393.88984	1.19480
394.13090	1.20382
394.37196	1.21256
394.61302	1.22093
394.85408	1.22885
395.09514	1.23626
395.33619	1.24315
395.57725	1.24957
395.81831	1.25562
396.05937	1.26145
396.30043	1.26722
396.54149	1.27309
396.78255	1.27922
397.02360	1.28570
397.26466	1.29254
397.50572	1.29974
397.74678	1.30719
397.98784	1.31477
398.22890	1.32236
398.46996	1.32984
398.71102	1.33712
398.95207	1.34416
399.19313	1.35099
399.43419	1.35765
399.67525	1.36420
399.91631	1.37072
400.15737	1.37725
400.39843	1.38377
400.63948	1.39022
400.88054	1.39649
401.12160	1.40244
401.36266	1.40789
401.60372	1.41270
401.84478	1.41677
402.08584	1.42004
402.32689	1.42256
402.56795	1.42440
402.80901	1.42573
403.05007	1.42673
403.29113	1.42758
403.53219	1.42843
403.77325	1.42941
404.01431	1.43055
404.25536	1.43187
404.49642	1.43329
404.73748	1.43475
404.97854	1.43616
405.21960	1.43748
405.46066	1.43869
405.70172	1.43982
405.94277	1.44095
406.18383	1.44218
406.42489	1.44359
406.66595	1.44525
406.90701	1.44717
407.14807	1.44932
407.38913	1.45157
407.63019	1.45378
407.87124	1.45575
408.11230	1.45731
408.35336	1.45832
408.59442	1.45868
408.83548	1.45839
409.07654	1.45749
409.31760	1.45611
409.55865	1.45439
409.79971	1.45251
410.04077	1.45062
410.28183	1.44881
410.52289	1.44714
410.76395	1.44561
411.00501	1.44417
411.24607	1.44276
411.48712	1.44131
411.72818	1.43977
411.96924	1.43813
412.21030	1.43642
412.45136	1.43471
412.69242	1.43309
412.93348	1.43164
413.17453	1.43042
413.41559	1.42945
413.65665	1.42869
413.89771	1.42804
414.13877	1.42738
414.37983	1.42654
414.62089	1.42538
414.86194	1.42379
415.10300	1.42167
415.34406	1.41902
415.58512	1.41587
415.82618	1.41230
416.06724	1.40842
416.30830	1.40433
416.54936	1.40012
416.79041	1.39583
417.03147	1.39148
417.27253	1.38704
417.51359	1.38247
417.75465	1.37773
417.99571	1.37276
418.23677	1.36757
418.47782	1.36218
418.71888	1.35668
418.95994	1.35116
419.20100	1.34576
419.44206	1.34059
419.68312	1.33575
419.92418	1.33129
420.16524	1.32722
420.40629	1.32347
420.64735	1.31994
420.88841	1.31648
421.12947	1.31293
421.37053	1.30916
421.61159	1.30504
421.85265	1.30049
422.09370	1.29550
422.33476	1.29007
422.57582	1.28425
422.81688	1.27809
423.05794	1.27164
423.29900	1.26493
423.54006	1.25794
423.78112	1.25066
424.02217	1.24302
424.26323	1.23495
424.50429	1.22640
424.74535	1.21733
424.98641	1.20774
425.22747	1.19766
425.46853	1.18717
425.70958	1.17637
425.95064	1.16540
426.19170	1.15437
426.43276	1.14341
426.67382	1.13262
426.91488	1.12206
427.15594	1.11179
427.39699	1.10183
427.63805	1.09219
427.87911	1.08285
428.12017	1.07382
428.36123	1.06506
428.60229	1.05659
428.84335	1.04837
429.08441	1.04038
429.32546	1.03260
429.56652	1.02499
429.80758	1.01748
430.04864	1.01000
430.28970	1.00249
430.53076	0.99485
430.77182	0.98701
431.01287	0.97892
431.25393	0.97054
431.49499	0.96186
431.73605	0.95290
431.97711	0.94372
432.21817	0.93437
432.45923	0.92492
432.70029	0.91548
432.94134	0.90608
433.18240	0.89680
433.42346	0.88766
433.66452	0.87867
433.90558	0.86984
434.14664	0.86115
434.38770	0.85263
434.62875	0.84430
434.86981	0.83623
435.11087	0.82848
435.35193	0.82113
435.59299	0.81428
435.83405	0.80802
436.07511	0.80239
436.31617	0.79747
436.55722	0.79328
436.79828	0.78981
437.03934	0.78704
437.28040	0.78496
437.52146	0.78354
437.76252	0.78277
438.00358	0.78269
438.24463	0.78332
438.48569	0.78471
438.72675	0.78693
438.96781	0.79003
439.20887	0.79404
439.44993	0.79896
439.69099	0.80478
439.93204	0.81141
440.17310	0.81877
440.41416	0.82675
440.65522	0.83523
440.89628	0.84406
441.13734	0.85313
441.37840	0.86233
441.61946	0.87158
441.86051	0.88078
442.10157	0.88992
442.34263	0.89896
442.58369	0.90787
442.82475	0.91660
443.06581	0.92509
443.30687	0.93326
443.54792	0.94103
443.78898	0.94826
444.03004	0.95490
444.27110	0.96087
444.51216	0.96613
444.75322	0.97066
444.99428	0.97450
445.23534	0.97768
445.47639	0.98030
445.71745	0.98244
445.95851	0.98417
446.19957	0.98555
446.44063	0.98664
446.68169	0.98746
446.92275	0.98802
447.16380	0.98832
447.40486	0.98836
447.64592	0.98817
447.88698	0.98778
448.12804	0.98725
448.36910	0.98664
448.61016	0.98603
448.85122	0.98550
449.09227	0.98510
449.33333	0.98486
449.57439	0.98479
449.81545	0.98485
450.05651	0.98498
450.29757	0.98510
450.53863	0.98513
450.77968	0.98498
451.02074	0.98461
451.26180	0.98398
451.50286	0.98309
451.74392	0.98197
451.98498	0.98068
452.22604	0.97925
452.46710	0.97775
452.70815	0.97620
452.94921	0.97461
453.19027	0.97297
453.43133	0.97124
453.67239	0.96937
453.91345	0.96732
454.15451	0.96508
454.39556	0.96263
454.63662	0.96001
454.87768	0.95728
455.11874	0.95451
455.35980	0.95179
455.60086	0.94918
455.84192	0.94675
456.08297	0.94454
456.32403	0.94254
456.56509	0.94074
456.80615	0.93909
457.04721	0.93754
457.28827	0.93604
457.52933	0.93454
457.77039	0.93302
458.01144	0.93146
458.25250	0.92985
458.49356	0.92819
458.73462	0.92651
458.97568	0.92478
459.21674	0.92300
459.45780	0.92114
459.69885	0.91917
459.93991	0.91704
460.18097	0.91472
460.42203	0.91219
460.66309	0.90944
460.90415	0.90648
461.14521	0.90337
461.38627	0.90015
461.62732	0.89692
461.86838	0.89375
462.10944	0.89072
462.35050	0.88788
462.59156	0.88528
462.83262	0.88291
463.07368	0.88075
463.31473	0.87876
463.55579	0.87687
463.79685	0.87501
464.03791	0.87311
464.27897	0.87113
464.52003	0.86905
464.76109	0.86684
465.00215	0.86453
465.24320	0.86214
465.48426	0.85969
465.72532	0.85722
465.96638	0.85473
466.20744	0.85221
466.44850	0.84966
466.68956	0.84704
466.93061	0.84433
467.17167	0.84153
467.41273	0.83863
467.65379	0.83566
467.89485	0.83265
468.13591	0.82968
468.37697	0.82679
468.61802	0.82405
468.85908	0.82151
469.10014	0.81919
469.34120	0.81709
469.58226	0.81519
469.82332	0.81345
470.06438	0.81183
470.30544	0.81028
470.54649	0.80877
470.78755	0.80726
471.02861	0.80575
471.26967	0.80423
471.51073	0.80271
471.75179	0.80121
471.99285	0.79973
472.23390	0.79826
472.47496	0.79680
472.71602	0.79533
472.95708	0.79382
473.19814	0.79224
473.43920	0.79058
473.68026	0.78882
473.92132	0.78698
474.16237	0.78507
474.40343	0.78313
474.64449	0.78122
474.88555	0.77940
475.12661	0.77771
475.36767	0.77621
475.60873	0.77492
475.84978	0.77386
476.09084	0.77303
476.33190	0.77241
476.57296	0.77195
476.81402	0.77163
477.05508	0.77140
477.29614	0.77121
477.53720	0.77104
477.77825	0.77087
478.01931	0.77068
478.26037	0.77047
478.50143	0.77023
478.74249	0.76998
478.98355	0.76969
479.22461	0.76937
479.46566	0.76900
479.70672	0.76855
479.94778	0.76801
480.18884	0.76736
480.42990	0.76658
480.67096	0.76567
480.91202	0.76465
481.15307	0.76351
481.39413	0.76229
481.63519	0.76102
481.87625	0.75972
482.11731	0.75840
482.35837	0.75709
482.59943	0.75580
482.84049	0.75451
483.08154	0.75323
483.32260	0.75196
483.56366	0.75070
483.80472	0.74946
484.04578	0.74827
484.28684	0.74716
484.52790	0.74615
484.76895	0.74528
485.01001	0.74457
485.25107	0.74401
485.49213	0.74360
485.73319	0.74331
485.97425	0.74308
486.21531	0.74285
486.45637	0.74256
486.69742	0.74217
486.93848	0.74162
487.17954	0.74092
487.42060	0.74006
487.66166	0.73907
487.90272	0.73801
488.14378	0.73692
488.38483	0.73588
488.62589	0.73491
488.86695	0.73405
489.10801	0.73331
489.34907	0.73268
489.59013	0.73215
489.83119	0.73169
490.07225	0.73129
490.31330	0.73092
490.55436	0.73061
490.79542	0.73036
491.03648	0.73022
491.27754	0.73021
491.51860	0.73038
491.75966	0.73076
492.00071	0.73135
492.24177	0.73214
492.48283	0.73311
492.72389	0.73421
492.96495	0.73540
493.20601	0.73661
493.44707	0.73781
493.68812	0.73896
493.92918	0.74004
494.17024	0.74105
494.41130	0.74199
494.65236	0.74289
494.89342	0.74375
495.13448	0.74458
495.37554	0.74539
495.61659	0.74614
495.85765	0.74683
496.09871	0.74742
496.33977	0.74789
496.58083	0.74821
496.82189	0.74838
497.06295	0.74841
497.30400	0.74833
497.54506	0.74819
497.78612	0.74804
498.02718	0.74792
498.26824	0.74788
498.50930	0.74795
498.75036	0.74812
498.99142	0.74837
499.23247	0.74867
499.47353	0.74894
499.71459	0.74913
499.95565	0.74919
500.19671	0.74907
500.43777	0.74873
500.67883	0.74818
500.91988	0.74742
501.16094	0.74645
501.40200	0.74530
501.64306	0.74399
501.88412	0.74249
502.12518	0.74079
502.36624	0.73886
502.60730	0.73664
502.84835	0.73408
503.08941	0.73111
503.33047	0.72769
503.57153	0.72379
503.81259	0.71940
504.05365	0.71456
504.29471	0.70933
504.53576	0.70380
504.77682	0.69812
505.01788	0.69243
505.25894	0.68693
505.50000	0.68180
505.74106	0.67729
505.98212	0.67360
506.22318	0.67096
506.46423	0.66956
506.70529	0.66954
506.94635	0.67102
507.18741	0.67405
507.42847	0.67861
507.66953	0.68461
507.91059	0.69190
508.15164	0.70027
508.39270	0.70947
508.63376	0.71921
508.87482	0.72919
509.11588	0.73913
509.35694	0.74875
509.59800	0.75788
509.83905	0.76637
510.08011	0.77415
510.32117	0.78119
510.56223	0.78752
510.80329	0.79322
511.04435	0.79838
511.28541	0.80311
511.52647	0.80750
511.76752	0.81165
512.00858	0.81561
512.24964	0.81940
512.49070	0.82303
512.73176	0.82649
512.97282	0.82976
513.21388	0.83282
513.45493	0.83566
513.69599	0.83830
513.93705	0.84073
514.17811	0.84299
514.41917	0.84510
514.66023	0.84705
514.90129	0.84886
515.14235	0.85050
515.38340	0.85195
515.62446	0.85317
515.86552	0.85412
516.10658	0.85477
516.34764	0.85512
516.58870	0.85517
516.82976	0.85494
517.07081	0.85449
517.31187	0.85387
517.55293	0.85311
517.79399	0.85228
518.03505	0.85139
518.27611	0.85046
518.51717	0.84948
518.75823	0.84844
518.99928	0.84733
519.24034	0.84614
519.48140	0.84488
519.72246	0.84355
519.96352	0.84220
520.20458	0.84087
520.44564	0.83962
520.68669	0.83849
520.92775	0.83751
521.16881	0.83671
521.40987	0.83606
521.65093	0.83555
521.89199	0.83514
522.13305	0.83476
522.37410	0.83437
522.61516	0.83392
522.85622	0.83341
523.09728	0.83281
523.33834	0.83214
523.57940	0.83143
523.82046	0.83069
524.06152	0.82995
524.30257	0.82922
524.54363	0.82850
524.78469	0.82778
525.02575	0.82703
525.26681	0.82624
525.50787	0.82540
525.74893	0.82448
525.98998	0.82352
526.23104	0.82252
526.47210	0.82154
526.71316	0.82061
526.95422	0.81978
527.19528	0.81909
527.43634	0.81856
527.67740	0.81821
527.91845	0.81802
528.15951	0.81797
528.40057	0.81803
528.64163	0.81814
528.88269	0.81826
529.12375	0.81837
529.36481	0.81845
529.60586	0.81849
529.84692	0.81849
530.08798	0.81848
530.32904	0.81848
530.57010	0.81850
530.81116	0.81854
531.05222	0.81860
531.29328	0.81866
531.53433	0.81867
531.77539	0.81858
532.01645	0.81837
532.25751	0.81799
532.49857	0.81741
532.73963	0.81665
532.98069	0.81569
533.22174	0.81458
533.46280	0.81334
533.70386	0.81202
533.94492	0.81063
534.18598	0.80922
534.42704	0.80779
534.66810	0.80635
534.90915	0.80488
535.15021	0.80338
535.39127	0.80182
535.63233	0.80020
535.87339	0.79852
536.11445	0.79679
536.35551	0.79500
536.59657	0.79318
536.83762	0.79133
537.07868	0.78946
537.31974	0.78758
537.56080	0.78565
537.80186	0.78367
538.04292	0.78159
538.28398	0.77938
538.52503	0.77702
538.76609	0.77450
539.00715	0.77182
539.24821	0.76902
539.48927	0.76614
539.73033	0.76324
539.97139	0.76038
540.21245	0.75764
540.45350	0.75507
540.69456	0.75271
540.93562	0.75060
541.17668	0.74874
541.41774	0.74714
541.65880	0.74580
541.89986	0.74470
542.14091	0.74384
542.38197	0.74321
542.62303	0.74282
542.86409	0.74268
543.10515	0.74279
543.34621	0.74315
543.58727	0.74377
543.82833	0.74461
544.06938	0.74564
544.31044	0.74681
544.55150	0.74806
544.79256	0.74931
545.03362	0.75050
545.27468	0.75157
545.51574	0.75247
545.75679	0.75318
545.99785	0.75368
546.23891	0.75398
546.47997	0.75407
546.72103	0.75398
546.96209	0.75369
547.20315	0.75322
547.44421	0.75255
547.68526	0.75167
547.92632	0.75055
548.16738	0.74918
548.40844	0.74754
548.64950	0.74563
548.89056	0.74347
549.13162	0.74107
549.37267	0.73849
549.61373	0.73577
549.85479	0.73298
550.09585	0.73020
550.33691	0.72750
550.57797	0.72496
550.81903	0.72263
551.06008	0.72060
551.30114	0.71892
551.54220	0.71765
551.78326	0.71681
552.02432	0.71644
552.26538	0.71656
552.50644	0.71717
552.74750	0.71827
552.98855	0.71984
553.22961	0.72187
553.47067	0.72433
553.71173	0.72718
553.95279	0.73041
554.19385	0.73399
554.43491	0.73790
554.67596	0.74211
554.91702	0.74660
555.15808	0.75137
555.39914	0.75638
555.64020	0.76163
555.88126	0.76708
556.12232	0.77270
556.36338	0.77846
556.60443	0.78431
556.84549	0.79020
557.08655	0.79609
557.32761	0.80192
557.56867	0.80763
557.80973	0.81318
558.05079	0.81852
558.29184	0.82364
558.53290	0.82849
558.77396	0.83309
559.01502	0.83743
559.25608	0.84153
559.49714	0.84541
559.73820	0.84909
559.97926	0.85258
560.22031	0.85587
560.46137	0.85897
560.70243	0.86185
560.94349	0.86450
561.18455	0.86689
561.42561	0.86902
561.66667	0.87089
561.90772	0.87252
562.14878	0.87395
562.38984	0.87524
562.63090	0.87644
562.87196	0.87762
563.11302	0.87881
563.35408	0.88006
563.59513	0.88136
563.83619	0.88271
564.07725	0.88407
564.31831	0.88543
564.55937	0.88674
564.80043	0.88798
565.04149	0.88914
565.28255	0.89023
565.52360	0.89127
565.76466	0.89232
566.00572	0.89341
566.24678	0.89458
566.48784	0.89586
566.72890	0.89727
566.96996	0.89879
567.21101	0.90041
567.45207	0.90209
567.69313	0.90378
567.93419	0.90543
568.17525	0.90703
568.41631	0.90854
568.65737	0.90996
568.89843	0.91132
569.13948	0.91262
569.38054	0.91391
569.62160	0.91521
569.86266	0.91653
570.10372	0.91790
570.34478	0.91930
570.58584	0.92071
570.82689	0.92212
571.06795	0.92349
571.30901	0.92479
571.55007	0.92601
571.79113	0.92714
572.03219	0.92818
572.27325	0.92916
572.51431	0.93009
572.75536	0.93099
572.99642	0.93188
573.23748	0.93275
573.47854	0.93359
573.71960	0.93438
573.96066	0.93509
574.20172	0.93570
574.44277	0.93620
574.68383	0.93658
574.92489	0.93688
575.16595	0.93714
575.40701	0.93740
575.64807	0.93773
575.88913	0.93819
576.13018	0.93881
576.37124	0.93962
576.61230	0.94063
576.85336	0.94183
577.09442	0.94317
577.33548	0.94463
577.57654	0.94616
577.81760	0.94774
578.05865	0.94933
578.29971	0.95094
578.54077	0.95255
578.78183	0.95418
579.02289	0.95581
579.26395	0.95745
579.50501	0.95909
579.74606	0.96069
579.98712	0.96222
580.22818	0.96364
580.46924	0.96491
580.71030	0.96601
580.95136	0.96691
581.19242	0.96763
581.43348	0.96817
581.67453	0.96859
581.91559	0.96893
582.15665	0.96926
582.39771	0.96962
582.63877	0.97005
582.87983	0.97059
583.12089	0.97123
583.36194	0.97196
583.60300	0.97275
583.84406	0.97356
584.08512	0.97435
584.32618	0.97508
584.56724	0.97574
584.80830	0.97632
585.04936	0.97681
585.29041	0.97724
585.53147	0.97761
585.77253	0.97792
586.01359	0.97818
586.25465	0.97837
586.49571	0.97845
586.73677	0.97841
586.97782	0.97821
587.21888	0.97781
587.45994	0.97721
587.70100	0.97641
587.94206	0.97541
588.18312	0.97423
588.42418	0.97291
588.66523	0.97147
588.90629	0.96993
589.14735	0.96830
589.38841	0.96657
589.62947	0.96473
589.87053	0.96279
590.11159	0.96072
590.35265	0.95852
590.59370	0.95621
590.83476	0.95379
591.07582	0.95129
591.31688	0.94874
591.55794	0.94616
591.79900	0.94358
592.04006	0.94100
592.28111	0.93844
592.52217	0.93589
592.76323	0.93333
593.00429	0.93074
593.24535	0.92811
593.48641	0.92540
593.72747	0.92262
593.96853	0.91974
594.20958	0.91676
594.45064	0.91369
594.69170	0.91054
594.93276	0.90731
595.17382	0.90401
595.41488	0.90064
595.65594	0.89720
595.89699	0.89370
596.13805	0.89013
596.37911	0.88650
596.62017	0.88283
596.86123	0.87913
597.10229	0.87542
597.34335	0.87174
597.58441	0.86811
597.82546	0.86458
598.06652	0.86118
598.30758	0.85793
598.54864	0.85486
598.78970	0.85198
599.03076	0.84933
599.27182	0.84689
599.51287	0.84469
599.75393	0.84272
599.99499	0.84097
600.23605	0.83943
600.47711	0.83806
600.71817	0.83682
600.95923	0.83567
601.20029	0.83456
601.44134	0.83341
601.68240	0.83218
601.92346	0.83080
602.16452	0.82922
602.40558	0.82740
602.64664	0.82532
602.88770	0.82295
603.12875	0.82029
603.36981	0.81735
603.61087	0.81414
603.85193	0.81070
604.09299	0.80707
604.33405	0.80329
604.57511	0.79939
604.81616	0.79543
605.05722	0.79142
605.29828	0.78741
605.53934	0.78338
605.78040	0.77935
606.02146	0.77530
606.26252	0.77120
606.50358	0.76705
606.74463	0.76281
606.98569	0.75847
607.22675	0.75401
607.46781	0.74942
607.70887	0.74469
607.94993	0.73980
608.19099	0.73474
608.43204	0.72950
608.67310	0.72406
608.91416	0.71840
609.15522	0.71249
609.39628	0.70632
609.63734	0.69986
609.87840	0.69313
610.11946	0.68612
610.36051	0.67884
610.60157	0.67132
610.84263	0.66360
611.08369	0.65571
611.32475	0.64769
611.56581	0.63961
611.80687	0.63153
612.04792	0.62350
612.28898	0.61560
612.53004	0.60792
612.77110	0.60053
613.01216	0.59352
613.25322	0.58699
613.49428	0.58101
613.73534	0.57565
613.97639	0.57098
614.21745	0.56702
614.45851	0.56378
614.69957	0.56127
614.94063	0.55944
615.18169	0.55825
615.42275	0.55761
615.66380	0.55746
615.90486	0.55770
616.14592	0.55825
616.38698	0.55903
616.62804	0.55997
616.86910	0.56099
617.11016	0.56205
617.35121	0.56309
617.59227	0.56408
617.83333	0.56499
618.07439	0.56579
618.31545	0.56648
618.55651	0.56705
618.79757	0.56748
619.03863	0.56778
619.27968	0.56796
619.52074	0.56805
619.76180	0.56805
620.00286	0.56800
620.24392	0.56791
620.48498	0.56780
620.72604	0.56768
620.96709	0.56754
621.20815	0.56738
621.44921	0.56717
621.69027	0.56686
621.93133	0.56644
622.17239	0.56586
622.41345	0.56508
622.65451	0.56407
622.89556	0.56283
623.13662	0.56132
623.37768	0.55956
623.61874	0.55754
623.85980	0.55529
624.10086	0.55280
624.34192	0.55011
624.58297	0.54722
624.82403	0.54418
625.06509	0.54099
625.30615	0.53769
625.54721	0.53431
625.78827	0.53088
626.02933	0.52744
626.27039	0.52400
626.51144	0.52059
626.75250	0.51722
626.99356	0.51389
627.23462	0.51058
627.47568	0.50727
627.71674	0.50390
627.95780	0.50043
628.19885	0.49678
628.43991	0.49289
628.68097	0.48870
628.92203	0.48417
629.16309	0.47929
629.40415	0.47408
629.64521	0.46859
629.88626	0.46292
630.12732	0.45718
630.36838	0.45153
630.60944	0.44611
630.85050	0.44108
631.09156	0.43656
631.33262	0.43266
631.57368	0.42944
631.81473	0.42692
632.05579	0.42508
632.29685	0.42388
632.53791	0.42321
632.77897	0.42298
633.02003	0.42308
633.26109	0.42339
633.50214	0.42380
633.74320	0.42422
633.98426	0.42455
634.22532	0.42473
634.46638	0.42470
634.70744	0.42443
634.94850	0.42391
635.18956	0.42316
635.43061	0.42218
635.67167	0.42102
635.91273	0.41970
636.15379	0.41828
636.39485	0.41678
636.63591	0.41525
636.87697	0.41369
637.11802	0.41214
637.35908	0.41058
637.60014	0.40902
637.84120	0.40745
638.08226	0.40585
638.32332	0.40420
638.56438	0.40248
638.80544	0.40068
639.04649	0.39879
639.28755	0.39677
639.52861	0.39464
639.76967	0.39238
640.01073	0.38999
640.25179	0.38747
640.49285	0.38480
640.73390	0.38199
640.97496	0.37904
641.21602	0.37594
641.45708	0.37270
641.69814	0.36934
641.93920	0.36587
642.18026	0.36231
642.42132	0.35871
642.66237	0.35509
642.90343	0.35150
643.14449	0.34799
643.38555	0.34460
643.62661	0.34136
643.86767	0.33830
644.10873	0.33545
644.34978	0.33281
644.59084	0.33040
644.83190	0.32820
645.07296	0.32621
645.31402	0.32441
645.55508	0.32276
645.79614	0.32124
646.03719	0.31982
646.27825	0.31846
646.51931	0.31713
646.76037	0.31578
647.00143	0.31438
647.24249	0.31290
647.48355	0.31132
647.72461	0.30962
647.96566	0.30780
648.20672	0.30584
648.44778	0.30374
648.68884	0.30153
648.92990	0.29921
649.17096	0.29679
649.41202	0.29429
649.65307	0.29173
649.89413	0.28911
650.13519	0.28645
650.37625	0.28375
650.61731	0.28102
650.85837	0.27827
651.09943	0.27550
651.34049	0.27271
651.58154	0.26991
651.82260	0.26711
652.06366	0.26430
652.30472	0.26150
652.54578	0.25869
652.78684	0.25588
653.02790	0.25306
653.26895	0.25022
653.51001	0.24736
653.75107	0.24445
653.99213	0.24148
654.23319	0.23844
654.47425	0.23531
654.71531	0.23208
654.95637	0.22874
655.19742	0.22528
655.43848	0.22168
655.67954	0.21794
655.92060	0.21406
656.16166	0.21003
656.40272	0.20586
656.64378	0.20154
656.88483	0.19709
657.12589	0.19254
657.36695	0.18790
657.60801	0.18322
657.84907	0.17855
658.09013	0.17396
658.33119	0.16950
658.57224	0.16526
658.81330	0.16130
659.05436	0.15768
659.29542	0.15448
659.53648	0.15172
659.77754	0.14943
660.01860	0.14761
660.25966	0.14622
660.50071	0.14524
660.74177	0.14460
660.98283	0.14423
661.22389	0.14405
661.46495	0.14399
661.70601	0.14399
661.94707	0.14397
662.18812	0.14388
662.42918	0.14369
662.67024	0.14337
662.91130	0.14290
663.15236	0.14227
663.39342	0.14150
663.63448	0.14058
663.87554	0.13953
664.11659	0.13836
664.35765	0.13709
664.59871	0.13573
664.83977	0.13430
665.08083	0.13281
665.32189	0.13128
665.56295	0.12971
665.80400	0.12810
666.04506	0.12647
666.28612	0.12481
666.52718	0.12313
666.76824	0.12143
667.00930	0.11972
667.25036	0.11800
667.49142	0.11627
667.73247	0.11453
667.97353	0.11279
668.21459	0.11104
668.45565	0.10929
668.69671	0.10754
668.93777	0.10580
669.17883	0.10406
669.41988	0.10233
669.66094	0.10061
669.90200	0.09892
670.14306	0.09726
670.38412	0.09563
670.62518	0.09404
670.86624	0.09249
671.10729	0.09098
671.34835	0.08952
671.58941	0.08809
671.83047	0.08669
672.07153	0.08533
672.31259	0.08398
672.55365	0.08265
672.79471	0.08134
673.03576	0.08005
673.27682	0.07877
673.51788	0.07750
673.75894	0.07625
674.00000	0.07501
674.24106	0.07378
674.48212	0.07257
674.72317	0.07136
674.96423	0.07016
675.20529	0.06897
675.44635	0.06778
675.68741	0.06659
675.92847	0.06541
676.16953	0.06423
676.41059	0.06304
676.65164	0.06185
676.89270	0.06066
677.13376	0.05946
677.37482	0.05825
677.61588	0.05704
677.85694	0.05583
678.09800	0.05463
678.33905	0.05344
678.58011	0.05227
678.82117	0.05112
679.06223	0.05001
679.30329	0.04893
679.54435	0.04790
679.78541	0.04690
680.02647	0.04596
680.26752	0.04505
680.50858	0.04417
680.74964	0.04333
680.99070	0.04252
681.23176	0.04173
681.47282	0.04095
681.71388	0.04019
681.95493	0.03943
682.19599	0.03869
682.43705	0.03795
682.67811	0.03723
682.91917	0.03651
683.16023	0.03579
683.40129	0.03509
683.64234	0.03440
683.88340	0.03372
684.12446	0.03305
684.36552	0.03240
684.60658	0.03176
684.84764	0.03114
685.08870	0.03054
685.32976	0.02995
685.57081	0.02939
685.81187	0.02885
686.05293	0.02833
686.29399	0.02784
686.53505	0.02737
686.77611	0.02691
687.01717	0.02648
687.25822	0.02607
687.49928	0.02567
687.74034	0.02528
687.98140	0.02490
688.22246	0.02454
688.46352	0.02417
688.70458	0.02382
688.94564	0.02346
689.18669	0.02312
689.42775	0.02277
689.66881	0.02244
689.90987	0.02212
690.15093	0.02182
690.39199	0.02153
690.63305	0.02127
690.87410	0.02103
691.11516	0.02080
691.35622	0.02059
691.59728	0.02040
691.83834	0.02022
692.07940	0.02004
692.32046	0.01985
692.56152	0.01966
692.80257	0.01946
693.04363	0.01924
693.28469	0.01901
693.52575	0.01875
693.76681	0.01849
694.00787	0.01821
694.24893	0.01791
694.48998	0.01760
694.73104	0.01728
694.97210	0.01694
695.21316	0.01659
695.45422	0.01622
695.69528	0.01583
695.93634	0.01543
696.17740	0.01501
696.41845	0.01459
696.65951	0.01415
696.90057	0.01372
697.14163	0.01329
697.38269	0.01287
697.62375	0.01246
697.86481	0.01206
698.10586	0.01168
698.34692	0.01130
698.58798	0.01092
698.82904	0.01055
699.07010	0.01019
699.31116	0.00982
699.55222	0.00945
699.79327	0.00910
700.03433	0.00875
700.27539	0.00841
700.51645	0.00809
700.75751	0.00780
700.99857	0.00753
701.23963	0.00729
701.48069	0.00708
701.72174	0.00690
701.96280	0.00674
702.20386	0.00661
702.44492	0.00649
702.68598	0.00638
702.92704	0.00629
703.16810	0.00619
703.40915	0.00610
703.65021	0.00601
703.89127	0.00591
704.13233	0.00582
704.37339	0.00572
704.61445	0.00561
704.85551	0.00550
705.09657	0.00540
705.33762	0.00530
705.57868	0.00521
705.81974	0.00512
706.06080	0.00506
706.30186	0.00501
706.54292	0.00499
706.78398	0.00499
707.02503	0.00500
707.26609	0.00504
707.50715	0.00507
707.74821	0.00512
707.98927	0.00516
708.23033	0.00519
708.47139	0.00521
708.71245	0.00522
708.95350	0.00522
709.19456	0.00522
709.43562	0.00520
709.67668	0.00518
709.91774	0.00516
710.15880	0.00514
710.39986	0.00513
710.64091	0.00511
710.88197	0.00511
711.12303	0.00511
711.36409	0.00511
711.60515	0.00513
711.84621	0.00514
712.08727	0.00515
712.32832	0.00516
712.56938	0.00516
712.81044	0.00515
713.05150	0.00512
713.29256	0.00508
713.53362	0.00502
713.77468	0.00495
714.01574	0.00487
714.25679	0.00480
714.49785	0.00473
714.73891	0.00467
714.97997	0.00462
715.22103	0.00460
715.46209	0.00459
715.70315	0.00461
715.94420	0.00464
716.18526	0.00468
716.42632	0.00474
716.66738	0.00479
716.90844	0.00485
717.14950	0.00490
717.39056	0.00494
717.63162	0.00497
717.87267	0.00499
718.11373	0.00501
718.35479	0.00501
718.59585	0.00501
718.83691	0.00501
719.07797	0.00500
719.31903	0.00498
719.56008	0.00497
719.80114	0.00495
720.04220	0.00493
720.28326	0.00491
720.52432	0.00489
720.76538	0.00488
721.00644	0.00486
721.24750	0.00484
721.48855	0.00483
721.72961	0.00482
721.97067	0.00481
722.21173	0.00481
722.45279	0.00481
722.69385	0.00481
722.93491	0.00482
723.17596	0.00483
723.41702	0.00484
723.65808	0.00485
723.89914	0.00485
724.14020	0.00484
724.38126	0.00483
724.62232	0.00480
724.86337	0.00477
725.10443	0.00474
725.34549	0.00470
725.58655	0.00467
725.82761	0.00464
726.06867	0.00463
726.30973	0.00462
726.55079	0.00462
726.79184	0.00463
727.03290	0.00464
727.27396	0.00466
727.51502	0.00467
727.75608	0.00468
727.99714	0.00467
728.23820	0.00466
728.47925	0.00463
728.72031	0.00460
728.96137	0.00456
729.20243	0.00452
729.44349	0.00448
729.68455	0.00445
729.92561	0.00443
730.16667	0.00443
730.40772	0.00443
730.64878	0.00444
730.88984	0.00446
731.13090	0.00447
731.37196	0.00447
731.61302	0.00447
731.85408	0.00445
732.09513	0.00442
732.33619	0.00439
732.57725	0.00436
732.81831	0.00432
733.05937	0.00430
733.30043	0.00428
733.54149	0.00427
733.78255	0.00428
734.02360	0.00430
734.26466	0.00433
734.50572	0.00436
734.74678	0.00440
734.98784	0.00443
735.22890	0.00446
735.46996	0.00449
735.71101	0.00450
735.95207	0.00450
736.19313	0.00448
736.43419	0.00446
736.67525	0.00442
736.91631	0.00437
737.15737	0.00431
737.39842	0.00425
737.63948	0.00420
737.88054	0.00416
738.12160	0.00413
738.36266	0.00412
738.60372	0.00413
738.84478	0.00416
739.08584	0.00420
739.32689	0.00426
739.56795	0.00431
739.80901	0.00436
740.05007	0.00440
740.29113	0.00443
740.53219	0.00444
740.77325	0.00443
741.01430	0.00442
741.25536	0.00439
741.49642	0.00437
741.73748	0.00435
741.97854	0.00433
742.21960	0.00432
742.46066	0.00432
742.70172	0.00433
742.94277	0.00433
743.18383	0.00434
743.42489	0.00434
743.66595	0.00434
743.90701	0.00433
744.14807	0.00432
744.38913	0.00431
744.63018	0.00430
744.87124	0.00429
745.11230	0.00429
745.35336	0.00430
745.59442	0.00433
745.83548	0.00437
746.07654	0.00442
746.31760	0.00448
746.55865	0.00455
746.79971	0.00464
747.04077	0.00473
747.28183	0.00483
747.52289	0.00493
747.76395	0.00503
748.00501	0.00513
748.24606	0.00523
748.48712	0.00533
748.72818	0.00541
748.96924	0.00550
749.21030	0.00557
749.45136	0.00564
749.69242	0.00571
749.93348	0.00577
750.17453	0.00583
750.41559	0.00589
750.65665	0.00596
750.89771	0.00603
751.13877	0.00612
751.37983	0.00621
751.62089	0.00632
751.86194	0.00644
752.10300	0.00657
752.34406	0.00671
752.58512	0.00686
752.82618	0.00703
753.06724	0.00720
753.30830	0.00739
753.54935	0.00758
753.79041	0.00778
754.03147	0.00798
754.27253	0.00818
754.51359	0.00839
754.75465	0.00859
754.99571	0.00880
755.23677	0.00901
755.47782	0.00922
755.71888	0.00944
755.95994	0.00967
756.20100	0.00992
756.44206	0.01017
756.68312	0.01044
756.92418	0.01072
757.16523	0.01100
757.40629	0.01129
757.64735	0.01157
757.88841	0.01185
758.12947	0.01211
758.37053	0.01236
758.61159	0.01259
758.85265	0.01281
759.09370	0.01301
759.33476	0.01320
759.57582	0.01339
759.81688	0.01358
760.05794	0.01378
760.29900	0.01399
760.54006	0.01422
760.78111	0.01446
761.02217	0.01471
761.26323	0.01497
761.50429	0.01523
761.74535	0.01549
761.98641	0.01574
762.22747	0.01597
762.46853	0.01618
762.70958	0.01637
762.95064	0.01655
763.19170	0.01671
763.43276	0.01685
763.67382	0.01699
763.91488	0.01712
764.15594	0.01725
764.39699	0.01738
764.63805	0.01750
764.87911	0.01763
765.12017	0.01776
765.36123	0.01789
765.60229	0.01802
765.84335	0.01816
766.08440	0.01830
766.32546	0.01844
766.56652	0.01858
766.80758	0.01872
767.04864	0.01885
767.28970	0.01896
767.53076	0.01906
767.77182	0.01915
768.01287	0.01922
768.25393	0.01927
768.49499	0.01931
768.73605	0.01934
768.97711	0.01936
769.21817	0.01939
769.45923	0.01943
769.70028	0.01948
769.94134	0.01954
770.18240	0.01963
770.42346	0.01973
770.66452	0.01984
770.90558	0.01997
771.14664	0.02011
771.38770	0.02026
771.62875	0.02040
771.86981	0.02056
772.11087	0.02071
772.35193	0.02087
772.59299	0.02105
772.83405	0.02123
773.07511	0.02144
773.31616	0.02167
773.55722	0.02191
773.79828	0.02217
774.03934	0.02244
774.28040	0.02273
774.52146	0.02301
774.76252	0.02329
775.00358	0.02357
775.24463	0.02384
775.48569	0.02410
775.72675	0.02436
775.96781	0.02461
776.20887	0.02486
776.44993	0.02510
776.69099	0.02535
776.93204	0.02559
777.17310	0.02583
777.41416	0.02607
777.65522	0.02630
777.89628	0.02652
778.13734	0.02673
778.37840	0.02694
778.61945	0.02714
778.86051	0.02735
779.10157	0.02755
779.34263	0.02775
779.58369	0.02795
779.82475	0.02815
780.06581	0.02834
780.30687	0.02853
780.54792	0.02870
780.78898	0.02886
781.03004	0.02899
781.27110	0.02911
781.51216	0.02921
781.75322	0.02929
781.99428	0.02937
782.23533	0.02943
782.47639	0.02949
782.71745	0.02956
782.95851	0.02963
783.19957	0.02970
783.44063	0.02978
783.68169	0.02985
783.92275	0.02992
784.16380	0.02998
784.40486	0.03002
784.64592	0.03003
784.88698	0.03002
785.12804	0.02997
785.36910	0.02990
785.61016	0.02981
785.85121	0.02969
786.09227	0.02955
786.33333	0.02940
786.57439	0.02924
786.81545	0.02907
787.05651	0.02889
787.29757	0.02870
787.53863	0.02851
787.77968	0.02829
788.02074	0.02807
788.26180	0.02782
788.50286	0.02755
788.74392	0.02726
788.98498	0.02695
789.22604	0.02662
789.46709	0.02628
789.70815	0.02592
789.94921	0.02555
790.19027	0.02518
790.43133	0.02481
790.67239	0.02444
790.91345	0.02409
791.15451	0.02375
791.39556	0.02342
791.63662	0.02313
791.87768	0.02285
792.11874	0.02261
792.35980	0.02240
792.60086	0.02222
792.84192	0.02207
793.08297	0.02194
793.32403	0.02183
793.56509	0.02174
793.80615	0.02166
794.04721	0.02159
794.28827	0.02154
794.52933	0.02150
794.77038	0.02147
795.01144	0.02146
795.25250	0.02146
795.49356	0.02149
795.73462	0.02153
795.97568	0.02160
796.21674	0.02167
796.45780	0.02176
796.69885	0.02184
796.93991	0.02193
797.18097	0.02201
797.42203	0.02207
797.66309	0.02213
797.90415	0.02217
798.14521	0.02220
798.38626	0.02222
798.62732	0.02223
798.86838	0.02223
799.10944	0.02224
799.35050	0.02224
799.59156	0.02225
799.83262	0.02225
800.07368	0.02226
800.31473	0.02228
800.55579	0.02230
800.79685	0.02234
801.03791	0.02238
801.27897	0.02244
801.52003	0.02250
801.76109	0.02258
802.00214	0.02267
802.24320	0.02276
802.48426	0.02286
802.72532	0.02295
802.96638	0.02305
803.20744	0.02314
803.44850	0.02324
803.68956	0.02333
803.93061	0.02342
804.17167	0.02352
804.41273	0.02362
804.65379	0.02373
804.89485	0.02385
805.13591	0.02397
805.37697	0.02410
805.61802	0.02422
805.85908	0.02434
806.10014	0.02446
806.34120	0.02457
806.58226	0.02467
806.82332	0.02476
807.06438	0.02484
807.30543	0.02492
807.54649	0.02500
807.78755	0.02508
808.02861	0.02517
808.26967	0.02528
808.51073	0.02539
808.75179	0.02551
808.99285	0.02565
809.23390	0.02579
809.47496	0.02594
809.71602	0.02609
809.95708	0.02624
810.19814	0.02639
810.43920	0.02652
810.68026	0.02665
810.92131	0.02676
811.16237	0.02687
811.40343	0.02696
811.64449	0.02706
811.88555	0.02715
812.12661	0.02724
812.36767	0.02733
812.60873	0.02742
812.84978	0.02751
813.09084	0.02760
813.33190	0.02769
813.57296	0.02777
813.81402	0.02785
814.05508	0.02793
814.29614	0.02800
814.53719	0.02808
814.77825	0.02816
815.01931	0.02824
815.26037	0.02833
815.50143	0.02842
815.74249	0.02852
815.98355	0.02861
816.22461	0.02870
816.46566	0.02878
816.70672	0.02886
816.94778	0.02892
817.18884	0.02896
817.42990	0.02900
817.67096	0.02902
817.91202	0.02904
818.15307	0.02906
818.39413	0.02908
818.63519	0.02911
818.87625	0.02915
819.11731	0.02920
819.35837	0.02926
819.59943	0.02933
819.84048	0.02940
820.08154	0.02947
820.32260	0.02954
820.56366	0.02960
820.80472	0.02966
821.04578	0.02972
821.28684	0.02977
821.52790	0.02982
821.76895	0.02986
822.01001	0.02990
822.25107	0.02994
822.49213	0.02997
822.73319	0.02999
822.97425	0.03000
823.21531	0.03001
823.45636	0.03001
823.69742	0.03001
823.93848	0.03001
824.17954	0.03001
824.42060	0.03002
824.66166	0.03003
824.90272	0.03005
825.14378	0.03007
825.38483	0.03009
825.62589	0.03010
825.86695	0.03011
826.10801	0.03010
826.34907	0.03007
826.59013	0.03003
826.83119	0.02997
827.07224	0.02989
827.31330	0.02981
827.55436	0.02973
827.79542	0.02965
828.03648	0.02958
828.27754	0.02951
828.51860	0.02945
828.75966	0.02939
829.00071	0.02933
829.24177	0.02927
829.48283	0.02919
829.72389	0.02909
829.96495	0.02899
830.20601	0.02887
830.44707	0.02875
830.68812	0.02862
830.92918	0.02850
831.17024	0.02839
831.41130	0.02829
831.65236	0.02819
831.89342	0.02811
832.13448	0.02804
832.37553	0.02798
832.61659	0.02791
832.85765	0.02784
833.09871	0.02775
833.33977	0.02765
833.58083	0.02754
833.82189	0.02741
834.06295	0.02725
834.30400	0.02708
834.54506	0.02690
834.78612	0.02670
835.02718	0.02648
835.26824	0.02626
835.50930	0.02603
835.75036	0.02579
835.99141	0.02554
836.23247	0.02529
836.47353	0.02502
836.71459	0.02474
836.95565	0.02444
837.19671	0.02413
837.43777	0.02381
837.67883	0.02348
837.91988	0.02313
838.16094	0.02277
838.40200	0.02240
838.64306	0.02202
838.88412	0.02164
839.12518	0.02124
839.36624	0.02085
839.60729	0.02045
839.84835	0.02006
840.08941	0.01967
840.33047	0.01929
840.57153	0.01892
840.81259	0.01856
841.05365	0.01821
841.29471	0.01787
841.53576	0.01754
841.77682	0.01721
842.01788	0.01688
842.25894	0.01655
842.50000	0.01622
842.74106	0.01589
842.98212	0.01556
843.22317	0.01523
843.46423	0.01490
843.70529	0.01457
843.94635	0.01425
844.18741	0.01394
844.42847	0.01363
844.66953	0.01334
844.91059	0.01306
845.15164	0.01280
845.39270	0.01256
845.63376	0.01234
845.87482	0.01215
846.11588	0.01198
846.35694	0.01183
846.59800	0.01169
846.83905	0.01158
847.08011	0.01148
847.32117	0.01139
847.56223	0.01132
847.80329	0.01126
848.04435	0.01121
848.28541	0.01117
848.52646	0.01114
848.76752	0.01112
849.00858	0.01111
849.24964	0.01111
849.49070	0.01112
849.73176	0.01113
849.97282	0.01115
850.21388	0.01118
850.45493	0.01122
850.69599	0.01126
850.93705	0.01130
851.17811	0.01135
851.41917	0.01140
851.66023	0.01145
851.90129	0.01150
852.14234	0.01155
852.38340	0.01160
852.62446	0.01164
852.86552	0.01168
853.10658	0.01172
853.34764	0.01176
853.58870	0.01180
853.82976	0.01183
854.07081	0.01186
854.31187	0.01188
854.55293	0.01190
854.79399	0.01192
855.03505	0.01194
855.27611	0.01196
855.51717	0.01198
855.75822	0.01201
855.99928	0.01203
856.24034	0.01206
856.48140	0.01209
856.72246	0.01212
856.96352	0.01215
857.20458	0.01217
857.44564	0.01220
857.68669	0.01221
857.92775	0.01222
858.16881	0.01221
858.40987	0.01220
858.65093	0.01218
858.89199	0.01215
859.13305	0.01211
859.37410	0.01206
859.61516	0.01200
859.85622	0.01193
860.09728	0.01186
860.33834	0.01178
860.57940	0.01170
860.82046	0.01162
861.06151	0.01155
861.30257	0.01147
861.54363	0.01140
861.78469	0.01132
862.02575	0.01124
862.26681	0.01116
862.50787	0.01106
862.74893	0.01097
862.98998	0.01086
863.23104	0.01076
863.47210	0.01064
863.71316	0.01053
863.95422	0.01042
864.19528	0.01030
864.43634	0.01019
864.67739	0.01007
864.91845	0.00995
865.15951	0.00982
865.40057	0.00970
865.64163	0.00956
865.88269	0.00942
866.12375	0.00927
866.36481	0.00911
866.60586	0.00894
866.84692	0.00877
867.08798	0.00859
867.32904	0.00840
867.57010	0.00821
867.81116	0.00802
868.05222	0.00783
868.29327	0.00765
868.53433	0.00748
868.77539	0.00732
869.01645	0.00717
869.25751	0.00704
869.49857	0.00691
869.73963	0.00679
869.98069	0.00668
870.22174	0.00658
870.46280	0.00650
870.70386	0.00644
870.94492	0.00641
871.18598	0.00641
871.42704	0.00644
871.66810	0.00650
871.90915	0.00660
872.15021	0.00672
872.39127	0.00687
872.63233	0.00703
872.87339	0.00720
873.11445	0.00737
873.35551	0.00754
873.59656	0.00769
873.83762	0.00783
874.07868	0.00795
874.31974	0.00805
874.56080	0.00814
874.80186	0.00821
875.04292	0.00827
875.28398	0.00832
875.52503	0.00836
875.76609	0.00840
876.00715	0.00843
876.24821	0.00846
876.48927	0.00849
876.73033	0.00851
876.97139	0.00852
877.21244	0.00852
877.45350	0.00851
877.69456	0.00847
877.93562	0.00842
878.17668	0.00835
878.41774	0.00826
878.65880	0.00815
878.89986	0.00803
879.14091	0.00789
879.38197	0.00775
879.62303	0.00761
879.86409	0.00747
880.10515	0.00733
880.34621	0.00720
880.58727	0.00708
880.82832	0.00697
881.06938	0.00686
881.31044	0.00676
881.55150	0.00667
881.79256	0.00657
882.03362	0.00648
882.27468	0.00638
882.51574	0.00629
882.75679	0.00620
882.99785	0.00612
883.23891	0.00604
883.47997	0.00598
883.72103	0.00591
883.96209	0.00585
884.20315	0.00579
884.44420	0.00572
884.68526	0.00565
884.92632	0.00556
885.16738	0.00545
885.40844	0.00533
885.64950	0.00520
885.89056	0.00505
886.13161	0.00490
886.37267	0.00474
886.61373	0.00458
886.85479	0.00443
887.09585	0.00428
887.33691	0.00415
887.57797	0.00403
887.81903	0.00392
888.06008	0.00382
888.30114	0.00372
888.54220	0.00364
888.78326	0.00355
889.02432	0.00348
889.26538	0.00340
889.50644	0.00334
889.74749	0.00327
889.98855	0.00321
890.22961	0.00316
890.47067	0.00311
890.71173	0.00307
890.95279	0.00303
891.19385	0.00299
891.43491	0.00296
891.67596	0.00292
891.91702	0.00288
892.15808	0.00285
892.39914	0.00281
892.64020	0.00277
892.88126	0.00274
893.12232	0.00270
893.36337	0.00266
893.60443	0.00263
893.84549	0.00259
894.08655	0.00256
894.32761	0.00253
894.56867	0.00249
894.80973	0.00246
895.05079	0.00242
895.29184	0.00238
895.53290	0.00233
895.77396	0.00229
896.01502	0.00224
896.25608	0.00220
896.49714	0.00216
896.73820	0.00212
896.97925	0.00208
897.22031	0.00204
897.46137	0.00200
897.70243	0.00196
897.94349	0.00191
898.18455	0.00186
898.42561	0.00181
898.66667	0.00175
898.90772	0.00170
899.14878	0.00164
899.38984	0.00159
899.63090	0.00156
