0.00000	0.01612
0.24106	0.01624
0.48212	0.01661
0.72318	0.01717
0.96423	0.01785
1.20529	0.01858
1.44635	0.01931
1.68741	0.01999
1.92847	0.02061
2.16953	0.02099
2.41059	0.02142
2.65165	0.02191
2.89270	0.02242
3.13376	0.02291
3.37482	0.02332
3.61588	0.02360
3.85694	0.02374
4.09800	0.02375
4.33906	0.02369
4.58011	0.02361
4.82117	0.02355
5.06223	0.02354
5.30329	0.02359
5.54435	0.02364
5.78541	0.02366
6.02647	0.02359
6.26753	0.02340
6.50858	0.02308
6.74964	0.02264
6.99070	0.02212
7.23176	0.02157
7.47282	0.02104
7.71388	0.02057
7.95494	0.02017
8.19599	0.01988
8.43705	0.01968
8.67811	0.01958
8.91917	0.01956
9.16023	0.01962
9.40129	0.01976
9.64235	0.02000
9.88340	0.02033
10.12446	0.02085
10.36552	0.02163
10.60658	0.02273
10.84764	0.02415
11.08870	0.02588
11.32976	0.02784
11.57082	0.02987
11.81187	0.03182
12.05293	0.03339
12.29399	0.03438
12.53505	0.03465
12.77611	0.03414
13.01717	0.03288
13.25823	0.03103
13.49928	0.02881
13.74034	0.02628
13.98140	0.02395
14.22246	0.02209
14.46352	0.02085
14.70458	0.02028
14.94564	0.02029
15.18670	0.02074
15.42775	0.02142
15.66881	0.02215
15.90987	0.02276
16.15093	0.02314
16.39199	0.02327
16.63305	0.02317
16.87411	0.02294
17.11516	0.02267
17.35622	0.02244
17.59728	0.02226
17.83834	0.02219
18.07940	0.02222
18.32046	0.02227
18.56152	0.02225
18.80258	0.02207
19.04363	0.02163
19.28469	0.02090
19.52575	0.01987
19.76681	0.01860
20.00787	0.01712
20.24893	0.01550
20.48999	0.01383
20.73104	0.01217
20.97210	0.01059
21.21316	0.00912
21.45422	0.00764
21.69528	0.00611
21.93634	0.00477
22.17740	0.00382
22.41845	0.00341
22.65951	0.00359
22.90057	0.00434
23.14163	0.00555
23.38269	0.00690
23.62375	0.00834
23.86481	0.00979
24.10587	0.01122
24.34692	0.01259
24.58798	0.01388
24.82904	0.01510
25.07010	0.01627
25.31116	0.01742
25.55222	0.01863
25.79328	0.01996
26.03433	0.02143
26.27539	0.02305
26.51645	0.02480
26.75751	0.02667
26.99857	0.02861
27.23963	0.03062
27.48069	0.03264
27.72175	0.03466
27.96280	0.03664
28.20386	0.03856
28.44492	0.04039
28.68598	0.04210
28.92704	0.04369
29.16810	0.04518
29.40916	0.04666
29.65021	0.04824
29.89127	0.05003
30.13233	0.05217
30.37339	0.05472
30.61445	0.05771
30.85551	0.06107
31.09657	0.06473
31.33763	0.06841
31.57868	0.07189
31.81974	0.07497
32.06080	0.07754
32.30186	0.07952
32.54292	0.08096
32.78398	0.08196
33.02504	0.08249
33.26609	0.08290
33.50715	0.08340
33.74821	0.08414
33.98927	0.08523
34.23033	0.08669
34.47139	0.08852
34.71245	0.09069
34.95350	0.09314
35.19456	0.09583
35.43562	0.09874
35.67668	0.10192
35.91774	0.10545
36.15880	0.10952
36.39986	0.11434
36.64092	0.12019
36.88197	0.12729
37.12303	0.13591
37.36409	0.14614
37.60515	0.15791
37.84621	0.17097
38.08727	0.18486
38.32833	0.19898
38.56938	0.21263
38.81044	0.22511
39.05150	0.23577
39.29256	0.24416
39.53362	0.25002
39.77468	0.25337
40.01574	0.25447
40.25680	0.25374
40.49785	0.25175
40.73891	0.24910
40.97997	0.24638
41.22103	0.24407
41.46209	0.24254
41.70315	0.24197
41.94421	0.24247
42.18526	0.24401
42.42632	0.24655
42.66738	0.25004
42.90844	0.25449
43.14950	0.25993
43.39056	0.26641
43.63162	0.27401
43.87268	0.28270
44.11373	0.29235
44.35479	0.30268
44.59585	0.31324
44.83691	0.32343
45.07797	0.33259
45.31903	0.34008
45.56009	0.34535
45.80114	0.34809
46.04220	0.34821
46.28326	0.34590
46.52432	0.34161
46.76538	0.33597
47.00644	0.32970
47.24750	0.32352
47.48855	0.31806
47.72961	0.31378
47.97067	0.31099
48.21173	0.30978
48.45279	0.31015
48.69385	0.31199
48.93491	0.31521
49.17597	0.31977
49.41702	0.32575
49.65808	0.33333
49.89914	0.34280
50.14020	0.35445
50.38126	0.36851
50.62232	0.38507
50.86338	0.40399
51.10443	0.42488
51.34549	0.44709
51.58655	0.46976
51.82761	0.49194
52.06867	0.51266
52.30973	0.53113
52.55079	0.54675
52.79185	0.55925
53.03290	0.56863
53.27396	0.57518
53.51502	0.57937
53.75608	0.58176
53.99714	0.58291
54.23820	0.58330
54.47926	0.58331
54.72031	0.58322
54.96137	0.58323
55.20243	0.58355
55.44349	0.58444
55.68455	0.58630
55.92561	0.58965
56.16667	0.59512
56.40773	0.60339
56.64878	0.61506
56.88984	0.63051
57.13090	0.64981
57.37196	0.67259
57.61302	0.69808
57.85408	0.72512
58.09514	0.75230
58.33619	0.77816
58.57725	0.80138
58.81831	0.82097
59.05937	0.83642
59.30043	0.84777
59.54149	0.85551
59.78255	0.86050
60.02361	0.86373
60.26466	0.86613
60.50572	0.86836
60.74678	0.87072
60.98784	0.87313
61.22890	0.87516
61.46996	0.87628
61.71102	0.87601
61.95207	0.87410
62.19313	0.87074
62.43419	0.86658
62.67525	0.86268
62.91631	0.86035
63.15737	0.86096
63.39843	0.86569
63.63948	0.87527
63.88054	0.88987
64.12160	0.90905
64.36266	0.93178
64.60372	0.95664
64.84478	0.98203
65.08584	1.00638
65.32690	1.02842
65.56795	1.04727
65.80901	1.06252
66.05007	1.07420
66.29113	1.08261
66.53219	1.08819
66.77325	1.09133
67.01431	1.09225
67.25536	1.09089
67.49642	1.08698
67.73748	1.08008
67.97854	1.06974
68.21960	1.05567
68.46066	1.03785
68.70172	1.01665
68.94278	0.99285
69.18383	0.96757
69.42489	0.94215
69.66595	0.91800
69.90701	0.89640
70.14807	0.87838
70.38913	0.86457
70.63019	0.85519
70.87124	0.85007
71.11230	0.84877
71.35336	0.85070
71.59442	0.85526
71.83548	0.86201
72.07654	0.87072
72.31760	0.88136
72.55866	0.89409
72.79971	0.90906
73.04077	0.92634
73.28183	0.94572
73.52289	0.96663
73.76395	0.98813
74.00501	1.00894
74.24607	1.02762
74.48712	1.04271
74.72818	1.05298
74.96924	1.05760
75.21030	1.05630
75.45136	1.04942
75.69242	1.03785
75.93348	1.02299
76.17453	1.00651
76.41559	0.99018
76.65665	0.97570
76.89771	0.96451
77.13877	0.95770
77.37983	0.95596
77.62089	0.95964
77.86195	0.96878
78.10300	0.98325
78.34406	1.00287
78.58512	1.02748
78.82618	1.05702
79.06724	1.09150
79.30830	1.13089
79.54936	1.17506
79.79041	1.22359
80.03147	1.27562
80.27253	1.32979
80.51359	1.38424
80.75465	1.43674
80.99571	1.48488
81.23677	1.52638
81.47783	1.55942
81.71888	1.58286
81.95994	1.59646
82.20100	1.60092
82.44206	1.59773
82.68312	1.58902
82.92418	1.57717
83.16524	1.56448
83.40629	1.55291
83.64735	1.54383
83.88841	1.53799
84.12947	1.53556
84.37053	1.53638
84.61159	1.54017
84.85265	1.54681
85.09371	1.55657
85.33476	1.57016
85.57582	1.58866
85.81688	1.61337
86.05794	1.64547
86.29900	1.68568
86.54006	1.73399
86.78112	1.78942
87.02217	1.84998
87.26323	1.91284
87.50429	1.97462
87.74535	2.03182
87.98641	2.08129
88.22747	2.12066
88.46853	2.14867
88.70958	2.16523
88.95064	2.17140
89.19170	2.16910
89.43276	2.16067
89.67382	2.14849
89.91488	2.13457
90.15594	2.12026
90.39700	2.10618
90.63805	2.09232
90.87911	2.07827
91.12017	2.06361
91.36123	2.04825
91.60229	2.03266
91.84335	2.01808
92.08441	2.00641
92.32546	1.99999
92.56652	2.00125
92.80758	2.01224
93.04864	2.03423
93.28970	2.06738
93.53076	2.11064
93.77182	2.16182
94.01288	2.21787
94.25393	2.27532
94.49499	2.33077
94.73605	2.38137
94.97711	2.42520
95.21817	2.46138
95.45923	2.49005
95.70029	2.51210
95.94134	2.52882
96.18240	2.54143
96.42346	2.55073
96.66452	2.55687
96.90558	2.55927
97.14664	2.55684
97.38770	2.54824
97.62876	2.53233
97.86981	2.50858
98.11087	2.47739
98.35193	2.44024
98.59299	2.39960
98.83405	2.35872
99.07511	2.32120
99.31617	2.29044
99.55722	2.26922
99.79828	2.25932
100.03934	2.26131
100.28040	2.27456
100.52146	2.29746
100.76252	2.32776
101.00358	2.36302
101.24464	2.40102
101.48569	2.44006
101.72675	2.47911
101.96781	2.51781
102.20887	2.55623
102.44993	2.59459
102.69099	2.63289
102.93205	2.67060
103.17310	2.70649
103.41416	2.73869
103.65522	2.76479
103.89628	2.78228
104.13734	2.78895
104.37840	2.78334
104.61946	2.76507
104.86051	2.73500
105.10157	2.69523
105.34263	2.64881
105.58369	2.59935
105.82475	2.55056
106.06581	2.50573
106.30687	2.46737
106.54793	2.43705
106.78898	2.41528
107.03004	2.40178
107.27110	2.39569
107.51216	2.39601
107.75322	2.40190
107.99428	2.41296
108.23534	2.42929
108.47639	2.45145
108.71745	2.48019
108.95851	2.51620
109.19957	2.55966
109.44063	2.61001
109.68169	2.66573
109.92275	2.72434
110.16381	2.78257
110.40486	2.83675
110.64592	2.88326
110.88698	2.91895
111.12804	2.94166
111.36910	2.95047
111.61016	2.94580
111.85122	2.92933
112.09227	2.90366
112.33333	2.87189
112.57439	2.83716
112.81545	2.80216
113.05651	2.76885
113.29757	2.73832
113.53863	2.71084
113.77969	2.68618
114.02074	2.66389
114.26180	2.64374
114.50286	2.62603
114.74392	2.61172
114.98498	2.60241
115.22604	2.60006
115.46710	2.60665
115.70815	2.62365
115.94921	2.65162
116.19027	2.68994
116.43133	2.73666
116.67239	2.78874
116.91345	2.84238
117.15451	2.89354
117.39556	2.93857
117.63662	2.97465
117.87768	3.00019
118.11874	3.01493
118.35980	3.01980
118.60086	3.01657
118.84192	3.00744
119.08298	2.99448
119.32403	2.97926
119.56509	2.96260
119.80615	2.94451
120.04721	2.92436
120.28827	2.90123
120.52933	2.87434
120.77039	2.84346
121.01144	2.80921
121.25250	2.77319
121.49356	2.73789
121.73462	2.70640
121.97568	2.68194
122.21674	2.66736
122.45780	2.66461
122.69886	2.67444
122.93991	2.69623
123.18097	2.72808
123.42203	2.76715
123.66309	2.81012
123.90415	2.85374
124.14521	2.89528
124.38627	2.93292
124.62732	2.96583
124.86838	2.99409
125.10944	3.01839
125.35050	3.03964
125.59156	3.05849
125.83262	3.07503
126.07368	3.08862
126.31474	3.09788
126.55579	3.10098
126.79685	3.09601
127.03791	3.08143
127.27897	3.05652
127.52003	3.02167
127.76109	2.97849
128.00215	2.92970
128.24320	2.87884
128.48426	2.82977
128.72532	2.78618
128.96638	2.75109
129.20744	2.72642
129.44850	2.71286
129.68956	2.70987
129.93061	2.71587
130.17167	2.72864
130.41273	2.74577
130.65379	2.76511
130.89485	2.78508
131.13591	2.80484
131.37697	2.82428
131.61803	2.84381
131.85908	2.86402
132.10014	2.88531
132.34120	2.90752
132.58226	2.92979
132.82332	2.95048
133.06438	2.96740
133.30544	2.97813
133.54649	2.98046
133.78755	2.97284
134.02861	2.95469
134.26967	2.92660
134.51073	2.89029
134.75179	2.84838
134.99285	2.80400
135.23391	2.76034
135.47496	2.72015
135.71602	2.68544
135.95708	2.65725
136.19814	2.63569
136.43920	2.62009
136.68026	2.60932
136.92132	2.60215
137.16237	2.59761
137.40343	2.59522
137.64449	2.59510
137.88555	2.59791
138.12661	2.60463
138.36767	2.61624
138.60873	2.63338
138.84979	2.65604
139.09084	2.68339
139.33190	2.71371
139.57296	2.74462
139.81402	2.77335
140.05508	2.79712
140.29614	2.81363
140.53720	2.82135
140.77825	2.81977
141.01931	2.80943
141.26037	2.79177
141.50143	2.76885
141.74249	2.74293
141.98355	2.71613
142.22461	2.69003
142.46566	2.66556
142.70672	2.64298
142.94778	2.62196
143.18884	2.60195
143.42990	2.58243
143.67096	2.56327
143.91202	2.54486
144.15308	2.52825
144.39413	2.51501
144.63519	2.50695
144.87625	2.50585
145.11731	2.51300
145.35837	2.52895
145.59943	2.55326
145.84049	2.58451
146.08154	2.62043
146.32260	2.65821
146.56366	2.69491
146.80472	2.72787
147.04578	2.75511
147.28684	2.77552
147.52790	2.78898
147.76896	2.79620
148.01001	2.79847
148.25107	2.79731
148.49213	2.79408
148.73319	2.78965
148.97425	2.78428
149.21531	2.77759
149.45637	2.76869
149.69742	2.75653
149.93848	2.74022
150.17954	2.71937
150.42060	2.69433
150.66166	2.66627
150.90272	2.63710
151.14378	2.60923
151.38484	2.58517
151.62589	2.56715
151.86695	2.55673
152.10801	2.55455
152.34907	2.56023
152.59013	2.57245
152.83119	2.58922
153.07225	2.60821
153.31330	2.62718
153.55436	2.64433
153.79542	2.65853
154.03648	2.66947
154.27754	2.67753
154.51860	2.68360
154.75966	2.68870
155.00072	2.69373
155.24177	2.69910
155.48283	2.70458
155.72389	2.70932
155.96495	2.71199
156.20601	2.71103
156.44707	2.70503
156.68813	2.69310
156.92918	2.67507
157.17024	2.65169
157.41130	2.62451
157.65236	2.59572
157.89342	2.56779
158.13448	2.54311
158.37554	2.52360
158.61659	2.51042
158.85765	2.50389
159.09871	2.50349
159.33977	2.50806
159.58083	2.51606
159.82189	2.52592
160.06295	2.53635
160.30401	2.54653
160.54506	2.55623
160.78612	2.56571
161.02718	2.57562
161.26824	2.58670
161.50930	2.59951
161.75036	2.61427
161.99142	2.63065
162.23247	2.64775
162.47353	2.66429
162.71459	2.67874
162.95565	2.68962
163.19671	2.69583
163.43777	2.69684
163.67883	2.69283
163.91989	2.68472
164.16094	2.67400
164.40200	2.66249
164.64306	2.65204
164.88412	2.64418
165.12518	2.63989
165.36624	2.63947
165.60730	2.64253
165.84835	2.64816
166.08941	2.65519
166.33047	2.66248
166.57153	2.66924
166.81259	2.67523
167.05365	2.68077
167.29471	2.68673
167.53577	2.69424
167.77682	2.70443
168.01788	2.71809
168.25894	2.73538
168.50000	2.75574
168.74106	2.77786
168.98212	2.79987
169.22318	2.81965
169.46423	2.83516
169.70529	2.84483
169.94635	2.84784
170.18741	2.84423
170.42847	2.83493
170.66953	2.82156
170.91059	2.80611
171.15164	2.79065
171.39270	2.77689
171.63376	2.76597
171.87482	2.75829
172.11588	2.75350
172.35694	2.75069
172.59800	2.74861
172.83906	2.74604
173.08011	2.74206
173.32117	2.73630
173.56223	2.72908
173.80329	2.72131
174.04435	2.71431
174.28541	2.70958
174.52647	2.70839
174.76752	2.71151
175.00858	2.71902
175.24964	2.73020
175.49070	2.74365
175.73176	2.75749
175.97282	2.76972
176.21388	2.77855
176.45494	2.78272
176.69599	2.78170
176.93705	2.77576
177.17811	2.76585
177.41917	2.75341
177.66023	2.74003
177.90129	2.72714
178.14235	2.71573
178.38340	2.70624
178.62446	2.69847
178.86552	2.69173
179.10658	2.68511
179.34764	2.67765
179.58870	2.66875
179.82976	2.65825
180.07082	2.64659
180.31187	2.63475
180.55293	2.62408
180.79399	2.61600
181.03505	2.61179
181.27611	2.61224
181.51717	2.61752
181.75823	2.62709
181.99928	2.63980
182.24034	2.65406
182.48140	2.66814
182.72246	2.68045
182.96352	2.68984
183.20458	2.69573
183.44564	2.69820
183.68669	2.69791
183.92775	2.69590
184.16881	2.69336
184.40987	2.69133
184.65093	2.69053
184.89199	2.69116
185.13305	2.69292
185.37411	2.69510
185.61516	2.69678
185.85622	2.69707
186.09728	2.69536
186.33834	2.69150
186.57940	2.68589
186.82046	2.67946
187.06152	2.67351
187.30257	2.66943
187.54363	2.66853
187.78469	2.67166
188.02575	2.67910
188.26681	2.69048
188.50787	2.70481
188.74893	2.72068
188.98999	2.73652
189.23104	2.75087
189.47210	2.76267
189.71316	2.77143
189.95422	2.77726
190.19528	2.78084
190.43634	2.78318
190.67740	2.78537
190.91845	2.78834
191.15951	2.79258
191.40057	2.79801
191.64163	2.80402
191.88269	2.80956
192.12375	2.81334
192.36481	2.81419
192.60587	2.81127
192.84692	2.80432
193.08798	2.79378
193.32904	2.78072
193.57010	2.76672
193.81116	2.75356
194.05222	2.74298
194.29328	2.73632
194.53433	2.73431
194.77539	2.73697
195.01645	2.74363
195.25751	2.75305
195.49857	2.76374
195.73963	2.77419
195.98069	2.78317
196.22174	2.78995
196.46280	2.79438
196.70386	2.79686
196.94492	2.79817
197.18598	2.79930
197.42704	2.80110
197.66810	2.80412
197.90916	2.80843
198.15021	2.81357
198.39127	2.81866
198.63233	2.82258
198.87339	2.82422
199.11445	2.82270
199.35551	2.81767
199.59657	2.80932
199.83762	2.79847
200.07868	2.78639
200.31974	2.77465
200.56080	2.76477
200.80186	2.75804
201.04292	2.75523
201.28398	2.75656
201.52504	2.76161
201.76609	2.76951
202.00715	2.77910
202.24821	2.78920
202.48927	2.79883
202.73033	2.80741
202.97139	2.81483
203.21245	2.82143
203.45350	2.82790
203.69456	2.83503
203.93562	2.84351
204.17668	2.85369
204.41774	2.86544
204.65880	2.87812
204.89986	2.89064
205.14092	2.90162
205.38197	2.90966
205.62303	2.91359
205.86409	2.91274
206.10515	2.90703
206.34621	2.89706
206.58727	2.88402
206.82833	2.86946
207.06938	2.85506
207.31044	2.84232
207.55150	2.83233
207.79256	2.82562
208.03362	2.82210
208.27468	2.82115
208.51574	2.82180
208.75680	2.82300
208.99785	2.82387
209.23891	2.82386
209.47997	2.82294
209.72103	2.82154
209.96209	2.82044
210.20315	2.82056
210.44421	2.82274
210.68526	2.82745
210.92632	2.83467
211.16738	2.84381
211.40844	2.85377
211.64950	2.86311
211.89056	2.87033
212.13162	2.87409
212.37267	2.87350
212.61373	2.86828
212.85479	2.85878
213.09585	2.84589
213.33691	2.83094
213.57797	2.81533
213.81903	2.80040
214.06009	2.78709
214.30114	2.77588
214.54220	2.76674
214.78326	2.75919
215.02432	2.75251
215.26538	2.74593
215.50644	2.73888
215.74750	2.73116
215.98855	2.72303
216.22961	2.71518
216.47067	2.70860
216.71173	2.70441
216.95279	2.70357
217.19385	2.70670
217.43491	2.71388
217.67597	2.72457
217.91702	2.73772
218.15808	2.75184
218.39914	2.76531
218.64020	2.77662
218.88126	2.78460
219.12232	2.78862
219.36338	2.78868
219.60443	2.78533
219.84549	2.77953
220.08655	2.77243
220.32761	2.76511
220.56867	2.75839
220.80973	2.75262
221.05079	2.74769
221.29185	2.74310
221.53290	2.73812
221.77396	2.73197
222.01502	2.72413
222.25608	2.71444
222.49714	2.70325
222.73820	2.69139
222.97926	2.68006
223.22031	2.67060
223.46137	2.66430
223.70243	2.66211
223.94349	2.66449
224.18455	2.67128
224.42561	2.68179
224.66667	2.69483
224.90772	2.70901
225.14878	2.72289
225.38984	2.73529
225.63090	2.74544
225.87196	2.75303
226.11302	2.75826
226.35408	2.76171
226.59514	2.76413
226.83619	2.76622
227.07725	2.76850
227.31831	2.77107
227.55937	2.77365
227.80043	2.77557
228.04149	2.77595
228.28255	2.77390
228.52360	2.76873
228.76466	2.76015
229.00572	2.74841
229.24678	2.73428
229.48784	2.71897
229.72890	2.70398
229.96996	2.69078
230.21102	2.68066
230.45207	2.67442
230.69313	2.67233
230.93419	2.67406
231.17525	2.67879
231.41631	2.68539
231.65737	2.69264
231.89843	2.69950
232.13948	2.70523
232.38054	2.70955
232.62160	2.71260
232.86266	2.71484
233.10372	2.71687
233.34478	2.71923
233.58584	2.72220
233.82690	2.72570
234.06795	2.72922
234.30901	2.73188
234.55007	2.73262
234.79113	2.73037
235.03219	2.72432
235.27325	2.71405
235.51431	2.69967
235.75536	2.68185
235.99642	2.66173
236.23748	2.64073
236.47854	2.62038
236.71960	2.60203
236.96066	2.58672
237.20172	2.57500
237.44277	2.56693
237.68383	2.56212
237.92489	2.55987
238.16595	2.55934
238.40701	2.55978
238.64807	2.56062
238.88913	2.56161
239.13019	2.56286
239.37124	2.56468
239.61230	2.56754
239.85336	2.57186
240.09442	2.57783
240.33548	2.58535
240.57654	2.59390
240.81760	2.60266
241.05865	2.61055
241.29971	2.61647
241.54077	2.61947
241.78183	2.61891
242.02289	2.61461
242.26395	2.60685
242.50501	2.59636
242.74607	2.58415
242.98712	2.57134
243.22818	2.55898
243.46924	2.54786
243.71030	2.53839
243.95136	2.53064
244.19242	2.52436
244.43348	2.51907
244.67453	2.51429
244.91559	2.50965
245.15665	2.50504
245.39771	2.50064
245.63877	2.49694
245.87983	2.49460
246.12089	2.49435
246.36195	2.49681
246.60300	2.50232
246.84406	2.51085
247.08512	2.52192
247.32618	2.53468
247.56724	2.54799
247.80830	2.56058
248.04936	2.57126
248.29041	2.57907
248.53147	2.58345
248.77253	2.58423
249.01359	2.58170
249.25465	2.57644
249.49571	2.56925
249.73677	2.56091
249.97783	2.55208
250.21888	2.54317
250.45994	2.53429
250.70100	2.52529
250.94206	2.51584
251.18312	2.50557
251.42418	2.49424
251.66524	2.48182
251.90629	2.46860
252.14735	2.45518
252.38841	2.44238
252.62947	2.43117
252.87053	2.42244
253.11159	2.41685
253.35265	2.41471
253.59370	2.41591
253.83476	2.41989
254.07582	2.42575
254.31688	2.43237
254.55794	2.43862
254.79900	2.44349
255.04006	2.44626
255.28112	2.44660
255.52217	2.44453
255.76323	2.44043
256.00429	2.43483
256.24535	2.42832
256.48641	2.42142
256.72747	2.41439
256.96853	2.40725
257.20958	2.39979
257.45064	2.39162
257.69170	2.38229
257.93276	2.37147
258.17382	2.35904
258.41488	2.34516
258.65594	2.33033
258.89700	2.31530
259.13805	2.30098
259.37911	2.28832
259.62017	2.27811
259.86123	2.27093
260.10229	2.26698
260.34335	2.26614
260.58441	2.26794
260.82546	2.27170
261.06652	2.27662
261.30758	2.28197
261.54864	2.28713
261.78970	2.29171
262.03076	2.29558
262.27182	2.29877
262.51288	2.30146
262.75393	2.30382
262.99499	2.30595
263.23605	2.30779
263.47711	2.30906
263.71817	2.30934
263.95923	2.30811
264.20029	2.30489
264.44134	2.29931
264.68240	2.29127
264.92346	2.28093
265.16452	2.26881
265.40558	2.25563
265.64664	2.24229
265.88770	2.22969
266.12875	2.21863
266.36981	2.20968
266.61087	2.20310
266.85193	2.19885
267.09299	2.19663
267.33405	2.19594
267.57511	2.19623
267.81617	2.19698
268.05722	2.19781
268.29828	2.19855
268.53934	2.19921
268.78040	2.19997
269.02146	2.20106
269.26252	2.20273
269.50358	2.20506
269.74463	2.20798
269.98569	2.21115
270.22675	2.21405
270.46781	2.21602
270.70887	2.21635
270.94993	2.21445
271.19099	2.20992
271.43205	2.20264
271.67310	2.19283
271.91416	2.18099
272.15522	2.16784
272.39628	2.15420
272.63734	2.14084
272.87840	2.12840
273.11946	2.11726
273.36051	2.10757
273.60157	2.09923
273.84263	2.09195
274.08369	2.08542
274.32475	2.07932
274.56581	2.07351
274.80687	2.06798
275.04793	2.06292
275.28898	2.05865
275.53004	2.05553
275.77110	2.05388
276.01216	2.05388
276.25322	2.05548
276.49428	2.05838
276.73534	2.06208
276.97639	2.06590
277.21745	2.06910
277.45851	2.07100
277.69957	2.07109
277.94063	2.06909
278.18169	2.06499
278.42275	2.05904
278.66380	2.05172
278.90486	2.04358
279.14592	2.03519
279.38698	2.02702
279.62804	2.01935
279.86910	2.01228
280.11016	2.00571
280.35122	1.99944
280.59227	1.99322
280.83333	1.98687
281.07439	1.98036
281.31545	1.97386
281.55651	1.96771
281.79757	1.96241
282.03863	1.95854
282.27968	1.95660
282.52074	1.95699
282.76180	1.95983
283.00286	1.96501
283.24392	1.97213
283.48498	1.98054
283.72604	1.98951
283.96710	1.99826
284.20815	2.00611
284.44921	2.01256
284.69027	2.01736
284.93133	2.02049
285.17239	2.02216
285.41345	2.02269
285.65451	2.02242
285.89556	2.02165
286.13662	2.02055
286.37768	2.01912
286.61874	2.01718
286.85980	2.01450
287.10086	2.01080
287.34192	2.00586
287.58298	1.99965
287.82403	1.99232
288.06509	1.98423
288.30615	1.97594
288.54721	1.96809
288.78827	1.96133
289.02933	1.95623
289.27039	1.95316
289.51144	1.95224
289.75250	1.95335
289.99356	1.95613
290.23462	1.96005
290.47568	1.96452
290.71674	1.96898
290.95780	1.97296
291.19885	1.97617
291.43991	1.97849
291.68097	1.97995
291.92203	1.98070
292.16309	1.98089
292.40415	1.98065
292.64521	1.97998
292.88627	1.97875
293.12732	1.97672
293.36838	1.97357
293.60944	1.96895
293.85050	1.96264
294.09156	1.95456
294.33262	1.94486
294.57368	1.93391
294.81473	1.92229
295.05579	1.91068
295.29685	1.89980
295.53791	1.89027
295.77897	1.88257
296.02003	1.87690
296.26109	1.87326
296.50215	1.87141
296.74320	1.87098
296.98426	1.87154
297.22532	1.87267
297.46638	1.87410
297.70744	1.87568
297.94850	1.87742
298.18956	1.87946
298.43061	1.88201
298.67167	1.88523
298.91273	1.88921
299.15379	1.89388
299.39485	1.89899
299.63591	1.90415
299.87697	1.90882
300.11803	1.91246
300.35908	1.91457
300.60014	1.91481
300.84120	1.91304
301.08226	1.90939
301.32332	1.90420
301.56438	1.89801
301.80544	1.89148
302.04649	1.88525
302.28755	1.87991
302.52861	1.87584
302.76967	1.87324
303.01073	1.87209
303.25179	1.87220
303.49285	1.87327
303.73391	1.87498
303.97496	1.87707
304.21602	1.87941
304.45708	1.88201
304.69814	1.88502
304.93920	1.88867
305.18026	1.89322
305.42132	1.89883
305.66237	1.90556
305.90343	1.91325
306.14449	1.92157
306.38555	1.93003
306.62661	1.93807
306.86767	1.94510
307.10873	1.95066
307.34978	1.95445
307.59084	1.95638
307.83190	1.95661
308.07296	1.95543
308.31402	1.95330
308.55508	1.95065
308.79614	1.94790
309.03720	1.94532
309.27825	1.94306
309.51931	1.94109
309.76037	1.93930
310.00143	1.93752
310.24249	1.93561
310.48355	1.93350
310.72461	1.93127
310.96566	1.92911
311.20672	1.92735
311.44778	1.92636
311.68884	1.92651
311.92990	1.92808
312.17096	1.93120
312.41202	1.93580
312.65308	1.94162
312.89413	1.94821
313.13519	1.95500
313.37625	1.96140
313.61731	1.96685
313.85837	1.97092
314.09943	1.97338
314.34049	1.97420
314.58154	1.97354
314.82260	1.97171
315.06366	1.96906
315.30472	1.96595
315.54578	1.96263
315.78684	1.95924
316.02790	1.95573
316.26896	1.95199
316.51001	1.94783
316.75107	1.94310
316.99213	1.93773
317.23319	1.93184
317.47425	1.92569
317.71531	1.91970
317.95637	1.91437
318.19742	1.91022
318.43848	1.90767
318.67954	1.90696
318.92060	1.90816
319.16166	1.91108
319.40272	1.91536
319.64378	1.92051
319.88483	1.92599
320.12589	1.93131
320.36695	1.93608
320.60801	1.94006
320.84907	1.94316
321.09013	1.94545
321.33119	1.94708
321.57225	1.94823
321.81330	1.94902
322.05436	1.94953
322.29542	1.94969
322.53648	1.94935
322.77754	1.94829
323.01860	1.94626
323.25966	1.94308
323.50071	1.93867
323.74177	1.93312
323.98283	1.92670
324.22389	1.91982
324.46495	1.91300
324.70601	1.90681
324.94707	1.90174
325.18813	1.89816
325.42918	1.89628
325.67024	1.89607
325.91130	1.89732
326.15236	1.89968
326.39342	1.90274
326.63448	1.90608
326.87554	1.90938
327.11659	1.91245
327.35765	1.91523
327.59871	1.91778
327.83977	1.92023
328.08083	1.92271
328.32189	1.92528
328.56295	1.92788
328.80401	1.93032
329.04506	1.93228
329.28612	1.93338
329.52718	1.93324
329.76824	1.93153
330.00930	1.92808
330.25036	1.92293
330.49142	1.91630
330.73247	1.90858
330.97353	1.90031
331.21459	1.89205
331.45565	1.88432
331.69671	1.87752
331.93777	1.87188
332.17883	1.86744
332.41988	1.86409
332.66094	1.86158
332.90200	1.85961
333.14306	1.85789
333.38412	1.85623
333.62518	1.85454
333.86624	1.85286
334.10730	1.85131
334.34835	1.85009
334.58941	1.84938
334.83047	1.84929
335.07153	1.84981
335.31259	1.85077
335.55365	1.85189
335.79471	1.85276
336.03576	1.85297
336.27682	1.85211
336.51788	1.84990
336.75894	1.84621
337.00000	1.84112
337.24106	1.83486
337.48212	1.82783
337.72318	1.82047
337.96423	1.81322
338.20529	1.80647
338.44635	1.80043
338.68741	1.79517
338.92847	1.79061
339.16953	1.78654
339.41059	1.78271
339.65164	1.77888
339.89270	1.77488
340.13376	1.77067
340.37482	1.76634
340.61588	1.76210
340.85694	1.75822
341.09800	1.75499
341.33906	1.75261
341.58011	1.75122
341.82117	1.75076
342.06223	1.75107
342.30329	1.75182
342.54435	1.75264
342.78541	1.75313
343.02647	1.75297
343.26752	1.75192
343.50858	1.74990
343.74964	1.74696
343.99070	1.74327
344.23176	1.73906
344.47282	1.73459
344.71388	1.73007
344.95493	1.72563
345.19599	1.72130
345.43705	1.71702
345.67811	1.71266
345.91917	1.70807
346.16023	1.70315
346.40129	1.69786
346.64235	1.69225
346.88340	1.68648
347.12446	1.68077
347.36552	1.67541
347.60658	1.67063
347.84764	1.66663
348.08870	1.66348
348.32976	1.66114
348.57081	1.65942
348.81187	1.65807
349.05293	1.65678
349.29399	1.65523
349.53505	1.65318
349.77611	1.65048
350.01717	1.64710
350.25823	1.64309
350.49928	1.63861
350.74034	1.63386
350.98140	1.62900
351.22246	1.62417
351.46352	1.61939
351.70458	1.61462
351.94564	1.60972
352.18669	1.60451
352.42775	1.59883
352.66881	1.59255
352.90987	1.58565
353.15093	1.57824
353.39199	1.57050
353.63305	1.56275
353.87411	1.55532
354.11516	1.54854
354.35622	1.54269
354.59728	1.53792
354.83834	1.53427
355.07940	1.53163
355.32046	1.52979
355.56152	1.52848
355.80257	1.52739
356.04363	1.52626
356.28469	1.52488
356.52575	1.52315
356.76681	1.52106
357.00787	1.51868
357.24893	1.51614
357.48999	1.51356
357.73104	1.51102
357.97210	1.50855
358.21316	1.50608
358.45422	1.50348
358.69528	1.50056
358.93634	1.49709
359.17740	1.49289
359.41845	1.48786
359.65951	1.48198
359.90057	1.47536
360.14163	1.46822
360.38269	1.46084
360.62375	1.45354
360.86481	1.44662
361.10586	1.44031
361.34692	1.43472
361.58798	1.42986
361.82904	1.42562
362.07010	1.42182
362.31116	1.41824
362.55222	1.41468
362.79328	1.41096
363.03433	1.40702
363.27539	1.40284
363.51645	1.39851
363.75751	1.39413
363.99857	1.38980
364.23963	1.38561
364.48069	1.38156
364.72174	1.37757
364.96280	1.37350
365.20386	1.36916
365.44492	1.36433
365.68598	1.35882
365.92704	1.35251
366.16810	1.34536
366.40916	1.33740
366.65021	1.32878
366.89127	1.31967
367.13233	1.31030
367.37339	1.30086
367.61445	1.29150
367.85551	1.28231
368.09657	1.27328
368.33762	1.26437
368.57868	1.25547
368.81974	1.24646
369.06080	1.23723
369.30186	1.22773
369.54292	1.21793
369.78398	1.20788
370.02504	1.19765
370.26609	1.18732
370.50715	1.17698
370.74821	1.16666
370.98927	1.15637
371.23033	1.14603
371.47139	1.13552
371.71245	1.12468
371.95350	1.11335
372.19456	1.10136
372.43562	1.08862
372.67668	1.07506
372.91774	1.06072
373.15880	1.04568
373.39986	1.03009
373.64091	1.01410
373.88197	0.99788
374.12303	0.98158
374.36409	0.96528
374.60515	0.94903
374.84621	0.93286
375.08727	0.91672
375.32833	0.90058
375.56938	0.88440
375.81044	0.86819
376.05150	0.85199
376.29256	0.83581
376.53362	0.81985
376.77468	0.80423
377.01574	0.78913
377.25679	0.77466
377.49785	0.76093
377.73891	0.74800
377.97997	0.73587
378.22103	0.72448
378.46209	0.71384
378.70315	0.70392
378.94421	0.69470
379.18526	0.68618
379.42632	0.67839
379.66738	0.67142
379.90844	0.66537
380.14950	0.66032
380.39056	0.65643
380.63162	0.65380
380.87267	0.65248
381.11373	0.65247
381.35479	0.65376
381.59585	0.65626
381.83691	0.65990
382.07797	0.66457
382.31903	0.67020
382.56009	0.67674
382.80114	0.68417
383.04220	0.69252
383.28326	0.70180
383.52432	0.71205
383.76538	0.72325
384.00644	0.73531
384.24750	0.74820
384.48855	0.76179
384.72961	0.77590
384.97067	0.79036
385.21173	0.80496
385.45279	0.81955
385.69385	0.83398
385.93491	0.84811
386.17596	0.86196
386.41702	0.87552
386.65808	0.88879
386.89914	0.90178
387.14020	0.91450
387.38126	0.92692
387.62232	0.93900
387.86338	0.95068
388.10443	0.96190
388.34549	0.97261
388.58655	0.98280
388.82761	0.99249
389.06867	1.00175
389.30973	1.01068
389.55079	1.01946
389.79184	1.02823
390.03290	1.03716
390.27396	1.04639
390.51502	1.05598
390.75608	1.06595
390.99714	1.07628
391.23820	1.08685
391.47926	1.09755
391.72031	1.10825
391.96137	1.11882
392.20243	1.12918
392.44349	1.13930
392.68455	1.14915
392.92561	1.15879
393.16667	1.16824
393.40772	1.17755
393.64878	1.18675
393.88984	1.19580
394.13090	1.20468
394.37196	1.21330
394.61302	1.22158
394.85408	1.22944
395.09514	1.23683
395.33619	1.24376
395.57725	1.25027
395.81831	1.25648
396.05937	1.26252
396.30043	1.26857
396.54149	1.27477
396.78255	1.28126
397.02360	1.28811
397.26466	1.29533
397.50572	1.30287
397.74678	1.31064
397.98784	1.31851
398.22890	1.32635
398.46996	1.33407
398.71102	1.34160
398.95207	1.34891
399.19313	1.35604
399.43419	1.36304
399.67525	1.36997
399.91631	1.37687
400.15737	1.38377
400.39843	1.39062
400.63948	1.39732
400.88054	1.40376
401.12160	1.40975
401.36266	1.41514
401.60372	1.41981
401.84478	1.42367
402.08584	1.42671
402.32689	1.42900
402.56795	1.43067
402.80901	1.43189
403.05007	1.43287
403.29113	1.43378
403.53219	1.43477
403.77325	1.43593
404.01431	1.43728
404.25536	1.43879
404.49642	1.44038
404.73748	1.44198
404.97854	1.44350
405.21960	1.44489
405.46066	1.44616
405.70172	1.44734
405.94277	1.44851
406.18383	1.44977
406.42489	1.45118
406.66595	1.45280
406.90701	1.45463
407.14807	1.45658
407.38913	1.45856
407.63019	1.46040
407.87124	1.46193
408.11230	1.46301
408.35336	1.46352
408.59442	1.46343
408.83548	1.46274
409.07654	1.46154
409.31760	1.45997
409.55865	1.45818
409.79971	1.45632
410.04077	1.45450
410.28183	1.45280
410.52289	1.45125
410.76395	1.44979
411.00501	1.44838
411.24607	1.44692
411.48712	1.44537
411.72818	1.44368
411.96924	1.44187
412.21030	1.44000
412.45136	1.43818
412.69242	1.43649
412.93348	1.43506
413.17453	1.43392
413.41559	1.43309
413.65665	1.43251
413.89771	1.43206
414.13877	1.43159
414.37983	1.43093
414.62089	1.42993
414.86194	1.42848
415.10300	1.42652
415.34406	1.42405
415.58512	1.42113
415.82618	1.41785
416.06724	1.41432
416.30830	1.41064
416.54936	1.40688
416.79041	1.40307
417.03147	1.39918
417.27253	1.39519
417.51359	1.39102
417.75465	1.38662
417.99571	1.38195
418.23677	1.37700
418.47782	1.37181
418.71888	1.36648
418.95994	1.36110
419.20100	1.35581
419.44206	1.35073
419.68312	1.34593
419.92418	1.34146
420.16524	1.33730
420.40629	1.33339
420.64735	1.32960
420.88841	1.32581
421.12947	1.32185
421.37053	1.31763
421.61159	1.31304
421.85265	1.30804
422.09370	1.30265
422.33476	1.29690
422.57582	1.29085
422.81688	1.28456
423.05794	1.27807
423.29900	1.27138
423.54006	1.26447
423.78112	1.25727
424.02217	1.24969
424.26323	1.24166
424.50429	1.23309
424.74535	1.22395
424.98641	1.21424
425.22747	1.20403
425.46853	1.19339
425.70958	1.18245
425.95064	1.17134
426.19170	1.16019
426.43276	1.14911
426.67382	1.13819
426.91488	1.12750
427.15594	1.11707
427.39699	1.10691
427.63805	1.09703
427.87911	1.08742
428.12017	1.07809
428.36123	1.06903
428.60229	1.06024
428.84335	1.05174
429.08441	1.04351
429.32546	1.03555
429.56652	1.02781
429.80758	1.02024
430.04864	1.01277
430.28970	1.00531
430.53076	0.99776
430.77182	0.99004
431.01287	0.98208
431.25393	0.97381
431.49499	0.96523
431.73605	0.95634
431.97711	0.94720
432.21817	0.93786
432.45923	0.92842
432.70029	0.91896
432.94134	0.90955
433.18240	0.90025
433.42346	0.89110
433.66452	0.88210
433.90558	0.87327
434.14664	0.86457
434.38770	0.85603
434.62875	0.84769
434.86981	0.83959
435.11087	0.83179
435.35193	0.82440
435.59299	0.81749
435.83405	0.81117
436.07511	0.80548
436.31617	0.80050
436.55722	0.79625
436.79828	0.79274
437.03934	0.78995
437.28040	0.78785
437.52146	0.78644
437.76252	0.78570
438.00358	0.78565
438.24463	0.78634
438.48569	0.78781
438.72675	0.79012
438.96781	0.79332
439.20887	0.79744
439.44993	0.80248
439.69099	0.80841
439.93204	0.81514
440.17310	0.82257
440.41416	0.83060
440.65522	0.83909
440.89628	0.84792
441.13734	0.85697
441.37840	0.86614
441.61946	0.87536
441.86051	0.88455
442.10157	0.89369
442.34263	0.90276
442.58369	0.91171
442.82475	0.92050
443.06581	0.92904
443.30687	0.93726
443.54792	0.94504
443.78898	0.95228
444.03004	0.95890
444.27110	0.96484
444.51216	0.97006
444.75322	0.97455
444.99428	0.97834
445.23534	0.98149
445.47639	0.98408
445.71745	0.98617
445.95851	0.98785
446.19957	0.98918
446.44063	0.99020
446.68169	0.99093
446.92275	0.99139
447.16380	0.99160
447.40486	0.99156
447.64592	0.99130
447.88698	0.99087
448.12804	0.99032
448.36910	0.98972
448.61016	0.98916
448.85122	0.98869
449.09227	0.98836
449.33333	0.98820
449.57439	0.98819
449.81545	0.98829
450.05651	0.98844
450.29757	0.98855
450.53863	0.98854
450.77968	0.98834
451.02074	0.98790
451.26180	0.98718
451.50286	0.98622
451.74392	0.98503
451.98498	0.98367
452.22604	0.98221
452.46710	0.98069
452.70815	0.97914
452.94921	0.97755
453.19027	0.97591
453.43133	0.97418
453.67239	0.97231
453.91345	0.97025
454.15451	0.96799
454.39556	0.96554
454.63662	0.96291
454.87768	0.96019
455.11874	0.95745
455.35980	0.95476
455.60086	0.95221
455.84192	0.94983
456.08297	0.94766
456.32403	0.94568
456.56509	0.94387
456.80615	0.94218
457.04721	0.94056
457.28827	0.93895
457.52933	0.93733
457.77039	0.93567
458.01144	0.93396
458.25250	0.93221
458.49356	0.93043
458.73462	0.92861
458.97568	0.92676
459.21674	0.92487
459.45780	0.92289
459.69885	0.92081
459.93991	0.91858
460.18097	0.91619
460.42203	0.91359
460.66309	0.91080
460.90415	0.90784
461.14521	0.90473
461.38627	0.90155
461.62732	0.89836
461.86838	0.89523
462.10944	0.89222
462.35050	0.88940
462.59156	0.88678
462.83262	0.88436
463.07368	0.88213
463.31473	0.88004
463.55579	0.87803
463.79685	0.87604
464.03791	0.87402
464.27897	0.87193
464.52003	0.86973
464.76109	0.86744
465.00215	0.86506
465.24320	0.86261
465.48426	0.86011
465.72532	0.85758
465.96638	0.85502
466.20744	0.85244
466.44850	0.84981
466.68956	0.84712
466.93061	0.84436
467.17167	0.84152
467.41273	0.83861
467.65379	0.83566
467.89485	0.83270
468.13591	0.82978
468.37697	0.82694
468.61802	0.82422
468.85908	0.82165
469.10014	0.81924
469.34120	0.81700
469.58226	0.81491
469.82332	0.81295
470.06438	0.81108
470.30544	0.80928
470.54649	0.80754
470.78755	0.80585
471.02861	0.80420
471.26967	0.80261
471.51073	0.80108
471.75179	0.79962
471.99285	0.79823
472.23390	0.79691
472.47496	0.79561
472.71602	0.79433
472.95708	0.79300
473.19814	0.79161
473.43920	0.79012
473.68026	0.78851
473.92132	0.78679
474.16237	0.78498
474.40343	0.78313
474.64449	0.78128
474.88555	0.77950
475.12661	0.77785
475.36767	0.77638
475.60873	0.77511
475.84978	0.77406
476.09084	0.77321
476.33190	0.77254
476.57296	0.77201
476.81402	0.77157
477.05508	0.77118
477.29614	0.77081
477.53720	0.77043
477.77825	0.77005
478.01931	0.76966
478.26037	0.76928
478.50143	0.76892
478.74249	0.76858
478.98355	0.76827
479.22461	0.76796
479.46566	0.76763
479.70672	0.76725
479.94778	0.76678
480.18884	0.76620
480.42990	0.76548
480.67096	0.76462
480.91202	0.76364
481.15307	0.76254
481.39413	0.76136
481.63519	0.76014
481.87625	0.75889
482.11731	0.75765
482.35837	0.75642
482.59943	0.75519
482.84049	0.75397
483.08154	0.75275
483.32260	0.75151
483.56366	0.75026
483.80472	0.74901
484.04578	0.74778
484.28684	0.74661
484.52790	0.74553
484.76895	0.74457
485.01001	0.74377
485.25107	0.74312
485.49213	0.74263
485.73319	0.74225
485.97425	0.74194
486.21531	0.74165
486.45637	0.74132
486.69742	0.74090
486.93848	0.74035
487.17954	0.73965
487.42060	0.73883
487.66166	0.73789
487.90272	0.73689
488.14378	0.73588
488.38483	0.73491
488.62589	0.73401
488.86695	0.73322
489.10801	0.73253
489.34907	0.73194
489.59013	0.73143
489.83119	0.73099
490.07225	0.73057
490.31330	0.73019
490.55436	0.72984
490.79542	0.72954
491.03648	0.72932
491.27754	0.72922
491.51860	0.72929
491.75966	0.72955
492.00071	0.73001
492.24177	0.73069
492.48283	0.73156
492.72389	0.73259
492.96495	0.73371
493.20601	0.73489
493.44707	0.73606
493.68812	0.73719
493.92918	0.73825
494.17024	0.73923
494.41130	0.74014
494.65236	0.74098
494.89342	0.74178
495.13448	0.74254
495.37554	0.74327
495.61659	0.74397
495.85765	0.74462
496.09871	0.74520
496.33977	0.74568
496.58083	0.74603
496.82189	0.74625
497.06295	0.74635
497.30400	0.74635
497.54506	0.74627
497.78612	0.74618
498.02718	0.74611
498.26824	0.74610
498.50930	0.74616
498.75036	0.74632
498.99142	0.74653
499.23247	0.74677
499.47353	0.74699
499.71459	0.74714
499.95565	0.74716
500.19671	0.74702
500.43777	0.74668
500.67883	0.74615
500.91988	0.74540
501.16094	0.74447
501.40200	0.74335
501.64306	0.74204
501.88412	0.74055
502.12518	0.73884
502.36624	0.73688
502.60730	0.73463
502.84835	0.73203
503.08941	0.72903
503.33047	0.72560
503.57153	0.72169
503.81259	0.71731
504.05365	0.71247
504.29471	0.70723
504.53576	0.70168
504.77682	0.69594
505.01788	0.69018
505.25894	0.68457
505.50000	0.67930
505.74106	0.67463
505.98212	0.67078
506.22318	0.66799
506.46423	0.66645
506.70529	0.66634
506.94635	0.66777
507.18741	0.67079
507.42847	0.67537
507.66953	0.68143
507.91059	0.68880
508.15164	0.69727
508.39270	0.70656
508.63376	0.71638
508.87482	0.72645
509.11588	0.73646
509.35694	0.74614
509.59800	0.75533
509.83905	0.76390
510.08011	0.77177
510.32117	0.77892
510.56223	0.78537
510.80329	0.79119
511.04435	0.79647
511.28541	0.80130
511.52647	0.80576
511.76752	0.80994
512.00858	0.81388
512.24964	0.81760
512.49070	0.82113
512.73176	0.82445
512.97282	0.82757
513.21388	0.83049
513.45493	0.83319
513.69599	0.83571
513.93705	0.83805
514.17811	0.84025
514.41917	0.84231
514.66023	0.84426
514.90129	0.84607
515.14235	0.84775
515.38340	0.84926
515.62446	0.85055
515.86552	0.85159
516.10658	0.85235
516.34764	0.85282
516.58870	0.85299
516.82976	0.85288
517.07081	0.85253
517.31187	0.85199
517.55293	0.85130
517.79399	0.85051
518.03505	0.84964
518.27611	0.84871
518.51717	0.84773
518.75823	0.84669
518.99928	0.84559
519.24034	0.84442
519.48140	0.84319
519.72246	0.84193
519.96352	0.84066
520.20458	0.83942
520.44564	0.83827
520.68669	0.83724
520.92775	0.83636
521.16881	0.83565
521.40987	0.83509
521.65093	0.83466
521.89199	0.83432
522.13305	0.83401
522.37410	0.83369
522.61516	0.83333
522.85622	0.83289
523.09728	0.83236
523.33834	0.83176
523.57940	0.83110
523.82046	0.83039
524.06152	0.82966
524.30257	0.82890
524.54363	0.82812
524.78469	0.82731
525.02575	0.82645
525.26681	0.82552
525.50787	0.82451
525.74893	0.82343
525.98998	0.82229
526.23104	0.82111
526.47210	0.81994
526.71316	0.81883
526.95422	0.81783
527.19528	0.81697
527.43634	0.81630
527.67740	0.81583
527.91845	0.81555
528.15951	0.81544
528.40057	0.81548
528.64163	0.81560
528.88269	0.81578
529.12375	0.81596
529.36481	0.81612
529.60586	0.81623
529.84692	0.81630
530.08798	0.81633
530.32904	0.81633
530.57010	0.81634
530.81116	0.81634
531.05222	0.81634
531.29328	0.81631
531.53433	0.81622
531.77539	0.81604
532.01645	0.81571
532.25751	0.81520
532.49857	0.81450
532.73963	0.81360
532.98069	0.81252
533.22174	0.81129
533.46280	0.80995
533.70386	0.80854
533.94492	0.80710
534.18598	0.80566
534.42704	0.80423
534.66810	0.80281
534.90915	0.80139
535.15021	0.79995
535.39127	0.79848
535.63233	0.79696
535.87339	0.79538
536.11445	0.79375
536.35551	0.79208
536.59657	0.79037
536.83762	0.78865
537.07868	0.78692
537.31974	0.78517
537.56080	0.78338
537.80186	0.78154
538.04292	0.77960
538.28398	0.77753
538.52503	0.77528
538.76609	0.77285
539.00715	0.77024
539.24821	0.76747
539.48927	0.76458
539.73033	0.76165
539.97139	0.75875
540.21245	0.75595
540.45350	0.75331
540.69456	0.75090
540.93562	0.74874
541.17668	0.74686
541.41774	0.74524
541.65880	0.74389
541.89986	0.74278
542.14091	0.74191
542.38197	0.74128
542.62303	0.74088
542.86409	0.74072
543.10515	0.74081
543.34621	0.74115
543.58727	0.74174
543.82833	0.74255
544.06938	0.74355
544.31044	0.74469
544.55150	0.74590
544.79256	0.74712
545.03362	0.74827
545.27468	0.74930
545.51574	0.75016
545.75679	0.75080
545.99785	0.75123
546.23891	0.75142
546.47997	0.75140
546.72103	0.75117
546.96209	0.75074
547.20315	0.75012
547.44421	0.74929
547.68526	0.74826
547.92632	0.74699
548.16738	0.74548
548.40844	0.74372
548.64950	0.74170
548.89056	0.73944
549.13162	0.73697
549.37267	0.73433
549.61373	0.73156
549.85479	0.72875
550.09585	0.72595
550.33691	0.72323
550.57797	0.72066
550.81903	0.71832
551.06008	0.71626
551.30114	0.71454
551.54220	0.71321
551.78326	0.71231
552.02432	0.71187
552.26538	0.71191
552.50644	0.71244
552.74750	0.71348
552.98855	0.71500
553.22961	0.71699
553.47067	0.71944
553.71173	0.72232
553.95279	0.72561
554.19385	0.72927
554.43491	0.73328
554.67596	0.73761
554.91702	0.74223
555.15808	0.74712
555.39914	0.75225
555.64020	0.75757
555.88126	0.76307
556.12232	0.76871
556.36338	0.77446
556.60443	0.78027
556.84549	0.78613
557.08655	0.79198
557.32761	0.79779
557.56867	0.80351
557.80973	0.80911
558.05079	0.81454
558.29184	0.81977
558.53290	0.82476
558.77396	0.82950
559.01502	0.83398
559.25608	0.83820
559.49714	0.84218
559.73820	0.84593
559.97926	0.84947
560.22031	0.85280
560.46137	0.85592
560.70243	0.85882
560.94349	0.86150
561.18455	0.86393
561.42561	0.86611
561.66667	0.86805
561.90772	0.86976
562.14878	0.87127
562.38984	0.87263
562.63090	0.87389
562.87196	0.87510
563.11302	0.87631
563.35408	0.87753
563.59513	0.87879
563.83619	0.88008
564.07725	0.88138
564.31831	0.88267
564.55937	0.88391
564.80043	0.88509
565.04149	0.88620
565.28255	0.88725
565.52360	0.88826
565.76466	0.88927
566.00572	0.89032
566.24678	0.89144
566.48784	0.89267
566.72890	0.89402
566.96996	0.89549
567.21101	0.89705
567.45207	0.89868
567.69313	0.90034
567.93419	0.90198
568.17525	0.90356
568.41631	0.90506
568.65737	0.90648
568.89843	0.90782
569.13948	0.90911
569.38054	0.91036
569.62160	0.91162
569.86266	0.91290
570.10372	0.91423
570.34478	0.91560
570.58584	0.91701
570.82689	0.91842
571.06795	0.91981
571.30901	0.92115
571.55007	0.92241
571.79113	0.92359
572.03219	0.92468
572.27325	0.92569
572.51431	0.92666
572.75536	0.92761
572.99642	0.92855
573.23748	0.92949
573.47854	0.93044
573.71960	0.93138
573.96066	0.93227
574.20172	0.93310
574.44277	0.93385
574.68383	0.93449
574.92489	0.93504
575.16595	0.93553
575.40701	0.93598
575.64807	0.93645
575.88913	0.93699
576.13018	0.93765
576.37124	0.93846
576.61230	0.93943
576.85336	0.94057
577.09442	0.94186
577.33548	0.94327
577.57654	0.94478
577.81760	0.94636
578.05865	0.94798
578.29971	0.94962
578.54077	0.95128
578.78183	0.95294
579.02289	0.95460
579.26395	0.95625
579.50501	0.95788
579.74606	0.95947
579.98712	0.96098
580.22818	0.96238
580.46924	0.96365
580.71030	0.96474
580.95136	0.96564
581.19242	0.96635
581.43348	0.96688
581.67453	0.96724
581.91559	0.96749
582.15665	0.96767
582.39771	0.96783
582.63877	0.96801
582.87983	0.96824
583.12089	0.96854
583.36194	0.96892
583.60300	0.96934
583.84406	0.96979
584.08512	0.97024
584.32618	0.97066
584.56724	0.97103
584.80830	0.97134
585.04936	0.97159
585.29041	0.97179
585.53147	0.97194
585.77253	0.97207
586.01359	0.97217
586.25465	0.97224
586.49571	0.97225
586.73677	0.97218
586.97782	0.97201
587.21888	0.97169
587.45994	0.97120
587.70100	0.97053
587.94206	0.96968
588.18312	0.96864
588.42418	0.96745
588.66523	0.96611
588.90629	0.96466
589.14735	0.96312
589.38841	0.96148
589.62947	0.95977
589.87053	0.95796
590.11159	0.95605
590.35265	0.95404
590.59370	0.95190
590.83476	0.94964
591.07582	0.94727
591.31688	0.94480
591.55794	0.94227
591.79900	0.93969
592.04006	0.93711
592.28111	0.93453
592.52217	0.93198
592.76323	0.92945
593.00429	0.92694
593.24535	0.92443
593.48641	0.92189
593.72747	0.91929
593.96853	0.91661
594.20958	0.91384
594.45064	0.91096
594.69170	0.90798
594.93276	0.90488
595.17382	0.90168
595.41488	0.89839
595.65594	0.89501
595.89699	0.89154
596.13805	0.88800
596.37911	0.88439
596.62017	0.88073
596.86123	0.87705
597.10229	0.87336
597.34335	0.86971
597.58441	0.86611
597.82546	0.86261
598.06652	0.85923
598.30758	0.85598
598.54864	0.85289
598.78970	0.84996
599.03076	0.84723
599.27182	0.84469
599.51287	0.84237
599.75393	0.84027
599.99499	0.83839
600.23605	0.83674
600.47711	0.83527
600.71817	0.83396
600.95923	0.83275
601.20029	0.83158
601.44134	0.83038
601.68240	0.82909
601.92346	0.82763
602.16452	0.82598
602.40558	0.82410
602.64664	0.82196
602.88770	0.81956
603.12875	0.81689
603.36981	0.81398
603.61087	0.81082
603.85193	0.80745
604.09299	0.80389
604.33405	0.80016
604.57511	0.79631
604.81616	0.79236
605.05722	0.78834
605.29828	0.78429
605.53934	0.78022
605.78040	0.77614
606.02146	0.77205
606.26252	0.76793
606.50358	0.76378
606.74463	0.75956
606.98569	0.75526
607.22675	0.75085
607.46781	0.74631
607.70887	0.74163
607.94993	0.73679
608.19099	0.73180
608.43204	0.72662
608.67310	0.72125
608.91416	0.71568
609.15522	0.70988
609.39628	0.70384
609.63734	0.69756
609.87840	0.69101
610.11946	0.68420
610.36051	0.67713
610.60157	0.66981
610.84263	0.66227
611.08369	0.65455
611.32475	0.64668
611.56581	0.63873
611.80687	0.63075
612.04792	0.62281
612.28898	0.61498
612.53004	0.60736
612.77110	0.60003
613.01216	0.59307
613.25322	0.58656
613.49428	0.58060
613.73534	0.57523
613.97639	0.57053
614.21745	0.56653
614.45851	0.56324
614.69957	0.56066
614.94063	0.55877
615.18169	0.55752
615.42275	0.55683
615.66380	0.55665
615.90486	0.55687
616.14592	0.55741
616.38698	0.55818
616.62804	0.55909
616.86910	0.56008
617.11016	0.56109
617.35121	0.56207
617.59227	0.56298
617.83333	0.56380
618.07439	0.56452
618.31545	0.56512
618.55651	0.56559
618.79757	0.56595
619.03863	0.56618
619.27968	0.56631
619.52074	0.56635
619.76180	0.56631
620.00286	0.56622
620.24392	0.56608
620.48498	0.56592
620.72604	0.56574
620.96709	0.56554
621.20815	0.56532
621.44921	0.56504
621.69027	0.56468
621.93133	0.56421
622.17239	0.56360
622.41345	0.56281
622.65451	0.56181
622.89556	0.56058
623.13662	0.55910
623.37768	0.55738
623.61874	0.55540
623.85980	0.55317
624.10086	0.55071
624.34192	0.54805
624.58297	0.54519
624.82403	0.54217
625.06509	0.53902
625.30615	0.53576
625.54721	0.53244
625.78827	0.52908
626.02933	0.52571
626.27039	0.52235
626.51144	0.51902
626.75250	0.51573
626.99356	0.51247
627.23462	0.50923
627.47568	0.50598
627.71674	0.50266
627.95780	0.49923
628.19885	0.49562
628.43991	0.49177
628.68097	0.48763
628.92203	0.48314
629.16309	0.47831
629.40415	0.47314
629.64521	0.46769
629.88626	0.46205
630.12732	0.45635
630.36838	0.45073
630.60944	0.44534
630.85050	0.44032
631.09156	0.43583
631.33262	0.43195
631.57368	0.42876
631.81473	0.42628
632.05579	0.42450
632.29685	0.42335
632.53791	0.42276
632.77897	0.42260
633.02003	0.42277
633.26109	0.42315
633.50214	0.42361
633.74320	0.42407
633.98426	0.42441
634.22532	0.42459
634.46638	0.42454
634.70744	0.42423
634.94850	0.42367
635.18956	0.42286
635.43061	0.42183
635.67167	0.42062
635.91273	0.41927
636.15379	0.41781
636.39485	0.41629
636.63591	0.41474
636.87697	0.41317
637.11802	0.41160
637.35908	0.41002
637.60014	0.40844
637.84120	0.40683
638.08226	0.40519
638.32332	0.40350
638.56438	0.40175
638.80544	0.39991
639.04649	0.39798
639.28755	0.39596
639.52861	0.39382
639.76967	0.39157
640.01073	0.38920
640.25179	0.38671
640.49285	0.38409
640.73390	0.38134
640.97496	0.37846
641.21602	0.37544
641.45708	0.37229
641.69814	0.36901
641.93920	0.36561
642.18026	0.36211
642.42132	0.35856
642.66237	0.35497
642.90343	0.35140
643.14449	0.34789
643.38555	0.34450
643.62661	0.34125
643.86767	0.33819
644.10873	0.33533
644.34978	0.33270
644.59084	0.33030
644.83190	0.32811
645.07296	0.32613
645.31402	0.32433
645.55508	0.32269
645.79614	0.32117
646.03719	0.31975
646.27825	0.31839
646.51931	0.31706
646.76037	0.31572
647.00143	0.31433
647.24249	0.31288
647.48355	0.31132
647.72461	0.30964
647.96566	0.30784
648.20672	0.30591
648.44778	0.30384
648.68884	0.30165
648.92990	0.29935
649.17096	0.29695
649.41202	0.29447
649.65307	0.29191
649.89413	0.28930
650.13519	0.28663
650.37625	0.28392
650.61731	0.28116
650.85837	0.27837
651.09943	0.27555
651.34049	0.27272
651.58154	0.26986
651.82260	0.26701
652.06366	0.26416
652.30472	0.26132
652.54578	0.25849
652.78684	0.25567
653.02790	0.25285
653.26895	0.25003
653.51001	0.24718
653.75107	0.24428
653.99213	0.24132
654.23319	0.23827
654.47425	0.23512
654.71531	0.23185
654.95637	0.22845
655.19742	0.22491
655.43848	0.22123
655.67954	0.21742
655.92060	0.21347
656.16166	0.20938
656.40272	0.20518
656.64378	0.20085
656.88483	0.19641
657.12589	0.19187
657.36695	0.18726
657.60801	0.18261
657.84907	0.17796
658.09013	0.17337
658.33119	0.16889
658.57224	0.16460
658.81330	0.16057
659.05436	0.15689
659.29542	0.15360
659.53648	0.15077
659.77754	0.14843
660.01860	0.14659
660.25966	0.14522
660.50071	0.14428
660.74177	0.14372
660.98283	0.14345
661.22389	0.14339
661.46495	0.14346
661.70601	0.14358
661.94707	0.14366
662.18812	0.14367
662.42918	0.14354
662.67024	0.14327
662.91130	0.14283
663.15236	0.14222
663.39342	0.14146
663.63448	0.14054
663.87554	0.13949
664.11659	0.13832
664.35765	0.13705
664.59871	0.13569
664.83977	0.13426
665.08083	0.13277
665.32189	0.13123
665.56295	0.12966
665.80400	0.12805
666.04506	0.12641
666.28612	0.12475
666.52718	0.12307
666.76824	0.12137
667.00930	0.11966
667.25036	0.11794
667.49142	0.11620
667.73247	0.11447
667.97353	0.11273
668.21459	0.11098
668.45565	0.10924
668.69671	0.10751
668.93777	0.10578
669.17883	0.10406
669.41988	0.10234
669.66094	0.10065
669.90200	0.09897
670.14306	0.09731
670.38412	0.09568
670.62518	0.09408
670.86624	0.09251
671.10729	0.09099
671.34835	0.08950
671.58941	0.08805
671.83047	0.08664
672.07153	0.08527
672.31259	0.08392
672.55365	0.08260
672.79471	0.08129
673.03576	0.08000
673.27682	0.07872
673.51788	0.07745
673.75894	0.07618
674.00000	0.07491
674.24106	0.07366
674.48212	0.07241
674.72317	0.07117
674.96423	0.06993
675.20529	0.06870
675.44635	0.06747
675.68741	0.06625
675.92847	0.06502
676.16953	0.06380
676.41059	0.06258
676.65164	0.06136
676.89270	0.06015
677.13376	0.05896
677.37482	0.05777
677.61588	0.05661
677.85694	0.05546
678.09800	0.05434
678.33905	0.05323
678.58011	0.05214
678.82117	0.05107
679.06223	0.05003
679.30329	0.04900
679.54435	0.04800
679.78541	0.04704
680.02647	0.04610
680.26752	0.04520
680.50858	0.04433
680.74964	0.04349
680.99070	0.04267
681.23176	0.04188
681.47282	0.04110
681.71388	0.04034
681.95493	0.03958
682.19599	0.03883
682.43705	0.03809
682.67811	0.03734
682.91917	0.03660
683.16023	0.03586
683.40129	0.03514
683.64234	0.03442
683.88340	0.03372
684.12446	0.03304
684.36552	0.03238
684.60658	0.03174
684.84764	0.03112
685.08870	0.03052
685.32976	0.02995
685.57081	0.02939
685.81187	0.02885
686.05293	0.02833
686.29399	0.02783
686.53505	0.02735
686.77611	0.02687
687.01717	0.02642
687.25822	0.02597
687.49928	0.02554
687.74034	0.02512
687.98140	0.02472
688.22246	0.02434
688.46352	0.02397
688.70458	0.02361
688.94564	0.02328
689.18669	0.02297
689.42775	0.02267
689.66881	0.02240
689.90987	0.02214
690.15093	0.02189
690.39199	0.02166
690.63305	0.02144
690.87410	0.02122
691.11516	0.02102
691.35622	0.02081
691.59728	0.02061
691.83834	0.02040
692.07940	0.02019
692.32046	0.01998
692.56152	0.01976
692.80257	0.01953
693.04363	0.01928
693.28469	0.01903
693.52575	0.01877
693.76681	0.01849
694.00787	0.01821
694.24893	0.01791
694.48998	0.01760
694.73104	0.01728
694.97210	0.01695
695.21316	0.01661
695.45422	0.01626
695.69528	0.01590
695.93634	0.01553
696.17740	0.01515
696.41845	0.01476
696.65951	0.01437
696.90057	0.01396
697.14163	0.01355
697.38269	0.01314
697.62375	0.01273
697.86481	0.01231
698.10586	0.01190
698.34692	0.01149
698.58798	0.01109
698.82904	0.01069
699.07010	0.01030
699.31116	0.00991
699.55222	0.00953
699.79327	0.00916
700.03433	0.00881
700.27539	0.00847
700.51645	0.00815
700.75751	0.00785
700.99857	0.00757
701.23963	0.00732
701.48069	0.00709
701.72174	0.00688
701.96280	0.00669
702.20386	0.00652
702.44492	0.00637
702.68598	0.00623
702.92704	0.00611
703.16810	0.00601
703.40915	0.00592
703.65021	0.00584
703.89127	0.00577
704.13233	0.00571
704.37339	0.00566
704.61445	0.00560
704.85551	0.00555
705.09657	0.00549
705.33762	0.00544
705.57868	0.00539
705.81974	0.00535
706.06080	0.00531
706.30186	0.00529
706.54292	0.00528
706.78398	0.00528
707.02503	0.00529
707.26609	0.00531
707.50715	0.00534
707.74821	0.00536
707.98927	0.00538
708.23033	0.00540
708.47139	0.00540
708.71245	0.00539
708.95350	0.00537
709.19456	0.00534
709.43562	0.00530
709.67668	0.00527
709.91774	0.00523
710.15880	0.00518
710.39986	0.00514
710.64091	0.00511
710.88197	0.00507
711.12303	0.00504
711.36409	0.00501
711.60515	0.00498
711.84621	0.00495
712.08727	0.00493
712.32832	0.00491
712.56938	0.00490
712.81044	0.00489
713.05150	0.00487
713.29256	0.00486
713.53362	0.00485
713.77468	0.00484
714.01574	0.00483
714.25679	0.00481
714.49785	0.00480
714.73891	0.00480
714.97997	0.00479
715.22103	0.00479
715.46209	0.00479
715.70315	0.00480
715.94420	0.00481
716.18526	0.00482
716.42632	0.00484
716.66738	0.00486
716.90844	0.00488
717.14950	0.00491
717.39056	0.00493
717.63162	0.00495
717.87267	0.00496
718.11373	0.00497
718.35479	0.00498
718.59585	0.00497
718.83691	0.00497
719.07797	0.00496
719.31903	0.00495
719.56008	0.00494
719.80114	0.00494
720.04220	0.00494
720.28326	0.00493
720.52432	0.00493
720.76538	0.00491
721.00644	0.00490
721.24750	0.00487
721.48855	0.00484
721.72961	0.00481
721.97067	0.00478
722.21173	0.00475
722.45279	0.00472
722.69385	0.00470
722.93491	0.00467
723.17596	0.00466
723.41702	0.00465
723.65808	0.00464
723.89914	0.00463
724.14020	0.00463
724.38126	0.00463
724.62232	0.00464
724.86337	0.00466
725.10443	0.00468
725.34549	0.00472
725.58655	0.00475
725.82761	0.00480
726.06867	0.00484
726.30973	0.00488
726.55079	0.00492
726.79184	0.00496
727.03290	0.00498
727.27396	0.00500
727.51502	0.00500
727.75608	0.00500
727.99714	0.00498
728.23820	0.00496
728.47925	0.00494
728.72031	0.00491
728.96137	0.00489
729.20243	0.00486
729.44349	0.00482
729.68455	0.00479
729.92561	0.00475
730.16667	0.00470
730.40772	0.00466
730.64878	0.00461
730.88984	0.00456
731.13090	0.00451
731.37196	0.00448
731.61302	0.00445
731.85408	0.00443
732.09513	0.00442
732.33619	0.00441
732.57725	0.00442
732.81831	0.00443
733.05937	0.00444
733.30043	0.00445
733.54149	0.00445
733.78255	0.00445
734.02360	0.00445
734.26466	0.00444
734.50572	0.00443
734.74678	0.00441
734.98784	0.00439
735.22890	0.00437
735.46996	0.00435
735.71101	0.00432
735.95207	0.00429
736.19313	0.00426
736.43419	0.00423
736.67525	0.00420
736.91631	0.00417
737.15737	0.00414
737.39842	0.00412
737.63948	0.00411
737.88054	0.00412
738.12160	0.00413
738.36266	0.00415
738.60372	0.00418
738.84478	0.00422
739.08584	0.00425
739.32689	0.00428
739.56795	0.00429
739.80901	0.00430
740.05007	0.00429
740.29113	0.00428
740.53219	0.00426
740.77325	0.00425
741.01430	0.00423
741.25536	0.00423
741.49642	0.00423
741.73748	0.00424
741.97854	0.00425
742.21960	0.00426
742.46066	0.00427
742.70172	0.00428
742.94277	0.00429
743.18383	0.00428
743.42489	0.00428
743.66595	0.00428
743.90701	0.00428
744.14807	0.00428
744.38913	0.00429
744.63018	0.00431
744.87124	0.00433
745.11230	0.00436
745.35336	0.00440
745.59442	0.00444
745.83548	0.00447
746.07654	0.00451
746.31760	0.00455
746.55865	0.00459
746.79971	0.00462
747.04077	0.00466
747.28183	0.00470
747.52289	0.00475
747.76395	0.00481
748.00501	0.00488
748.24606	0.00495
748.48712	0.00503
748.72818	0.00511
748.96924	0.00519
749.21030	0.00528
749.45136	0.00537
749.69242	0.00546
749.93348	0.00555
750.17453	0.00564
750.41559	0.00573
750.65665	0.00583
750.89771	0.00594
751.13877	0.00604
751.37983	0.00615
751.62089	0.00627
751.86194	0.00639
752.10300	0.00652
752.34406	0.00666
752.58512	0.00681
752.82618	0.00697
753.06724	0.00714
753.30830	0.00732
753.54935	0.00751
753.79041	0.00770
754.03147	0.00790
754.27253	0.00810
754.51359	0.00830
754.75465	0.00850
754.99571	0.00870
755.23677	0.00892
755.47782	0.00913
755.71888	0.00936
755.95994	0.00960
756.20100	0.00984
756.44206	0.01009
756.68312	0.01034
756.92418	0.01060
757.16523	0.01085
757.40629	0.01110
757.64735	0.01135
757.88841	0.01159
758.12947	0.01183
758.37053	0.01207
758.61159	0.01231
758.85265	0.01255
759.09370	0.01278
759.33476	0.01303
759.57582	0.01327
759.81688	0.01352
760.05794	0.01376
760.29900	0.01401
760.54006	0.01425
760.78111	0.01448
761.02217	0.01471
761.26323	0.01493
761.50429	0.01515
761.74535	0.01536
761.98641	0.01556
762.22747	0.01576
762.46853	0.01594
762.70958	0.01612
762.95064	0.01628
763.19170	0.01643
763.43276	0.01657
763.67382	0.01670
763.91488	0.01682
764.15594	0.01693
764.39699	0.01704
764.63805	0.01715
764.87911	0.01726
765.12017	0.01738
765.36123	0.01750
765.60229	0.01763
765.84335	0.01776
766.08440	0.01790
766.32546	0.01804
766.56652	0.01818
766.80758	0.01831
767.04864	0.01844
767.28970	0.01856
767.53076	0.01866
767.77182	0.01876
768.01287	0.01885
768.25393	0.01893
768.49499	0.01900
768.73605	0.01907
768.97711	0.01914
769.21817	0.01921
769.45923	0.01927
769.70028	0.01934
769.94134	0.01940
770.18240	0.01946
770.42346	0.01952
770.66452	0.01958
770.90558	0.01966
771.14664	0.01974
771.38770	0.01985
771.62875	0.01997
771.86981	0.02012
772.11087	0.02029
772.35193	0.02048
772.59299	0.02067
772.83405	0.02088
773.07511	0.02109
773.31616	0.02130
773.55722	0.02152
773.79828	0.02175
774.03934	0.02198
774.28040	0.02224
774.52146	0.02250
774.76252	0.02279
775.00358	0.02310
775.24463	0.02342
775.48569	0.02375
775.72675	0.02408
775.96781	0.02441
776.20887	0.02473
776.44993	0.02504
776.69099	0.02532
776.93204	0.02559
777.17310	0.02583
777.41416	0.02605
777.65522	0.02624
777.89628	0.02641
778.13734	0.02657
778.37840	0.02672
778.61945	0.02686
778.86051	0.02699
779.10157	0.02714
779.34263	0.02729
779.58369	0.02745
779.82475	0.02763
780.06581	0.02780
780.30687	0.02799
780.54792	0.02817
780.78898	0.02835
781.03004	0.02851
781.27110	0.02866
781.51216	0.02880
781.75322	0.02892
781.99428	0.02903
782.23533	0.02912
782.47639	0.02920
782.71745	0.02927
782.95851	0.02933
783.19957	0.02938
783.44063	0.02941
783.68169	0.02944
783.92275	0.02946
784.16380	0.02947
784.40486	0.02948
784.64592	0.02948
784.88698	0.02947
785.12804	0.02944
785.36910	0.02940
785.61016	0.02933
785.85121	0.02924
786.09227	0.02913
786.33333	0.02899
786.57439	0.02882
786.81545	0.02863
787.05651	0.02842
787.29757	0.02820
787.53863	0.02797
787.77968	0.02773
788.02074	0.02748
788.26180	0.02723
788.50286	0.02696
788.74392	0.02668
788.98498	0.02639
789.22604	0.02609
789.46709	0.02577
789.70815	0.02544
789.94921	0.02510
790.19027	0.02476
790.43133	0.02440
790.67239	0.02405
790.91345	0.02370
791.15451	0.02336
791.39556	0.02302
791.63662	0.02271
791.87768	0.02241
792.11874	0.02215
792.35980	0.02191
792.60086	0.02171
792.84192	0.02154
793.08297	0.02140
793.32403	0.02129
793.56509	0.02120
793.80615	0.02112
794.04721	0.02106
794.28827	0.02102
794.52933	0.02098
794.77038	0.02095
795.01144	0.02094
795.25250	0.02095
795.49356	0.02098
795.73462	0.02103
795.97568	0.02110
796.21674	0.02119
796.45780	0.02130
796.69885	0.02142
796.93991	0.02154
797.18097	0.02166
797.42203	0.02177
797.66309	0.02186
797.90415	0.02193
798.14521	0.02198
798.38626	0.02201
798.62732	0.02203
798.86838	0.02203
799.10944	0.02203
799.35050	0.02202
799.59156	0.02201
799.83262	0.02201
800.07368	0.02201
800.31473	0.02202
800.55579	0.02203
800.79685	0.02205
801.03791	0.02208
801.27897	0.02212
801.52003	0.02217
801.76109	0.02223
802.00214	0.02230
802.24320	0.02237
802.48426	0.02246
802.72532	0.02255
802.96638	0.02265
803.20744	0.02274
803.44850	0.02283
803.68956	0.02292
803.93061	0.02300
804.17167	0.02308
804.41273	0.02316
804.65379	0.02323
804.89485	0.02331
805.13591	0.02339
805.37697	0.02347
805.61802	0.02356
805.85908	0.02364
806.10014	0.02374
806.34120	0.02383
806.58226	0.02393
806.82332	0.02402
807.06438	0.02412
807.30543	0.02423
807.54649	0.02434
807.78755	0.02446
808.02861	0.02459
808.26967	0.02473
808.51073	0.02488
808.75179	0.02503
808.99285	0.02519
809.23390	0.02534
809.47496	0.02550
809.71602	0.02565
809.95708	0.02579
810.19814	0.02593
810.43920	0.02606
810.68026	0.02619
810.92131	0.02631
811.16237	0.02643
811.40343	0.02655
811.64449	0.02666
811.88555	0.02676
812.12661	0.02686
812.36767	0.02694
812.60873	0.02702
812.84978	0.02709
813.09084	0.02716
813.33190	0.02723
813.57296	0.02730
813.81402	0.02739
814.05508	0.02748
814.29614	0.02758
814.53719	0.02769
814.77825	0.02780
815.01931	0.02792
815.26037	0.02803
815.50143	0.02814
815.74249	0.02823
815.98355	0.02832
816.22461	0.02839
816.46566	0.02845
816.70672	0.02849
816.94778	0.02853
817.18884	0.02856
817.42990	0.02859
817.67096	0.02862
817.91202	0.02866
818.15307	0.02869
818.39413	0.02874
818.63519	0.02879
818.87625	0.02885
819.11731	0.02892
819.35837	0.02899
819.59943	0.02907
819.84048	0.02915
820.08154	0.02923
820.32260	0.02931
820.56366	0.02938
820.80472	0.02945
821.04578	0.02952
821.28684	0.02958
821.52790	0.02963
821.76895	0.02966
822.01001	0.02968
822.25107	0.02969
822.49213	0.02967
822.73319	0.02965
822.97425	0.02961
823.21531	0.02957
823.45636	0.02953
823.69742	0.02950
823.93848	0.02947
824.17954	0.02945
824.42060	0.02945
824.66166	0.02945
824.90272	0.02945
825.14378	0.02946
825.38483	0.02947
825.62589	0.02947
825.86695	0.02947
826.10801	0.02946
826.34907	0.02945
826.59013	0.02942
826.83119	0.02939
827.07224	0.02936
827.31330	0.02932
827.55436	0.02928
827.79542	0.02923
828.03648	0.02919
828.27754	0.02914
828.51860	0.02908
828.75966	0.02902
829.00071	0.02896
829.24177	0.02888
829.48283	0.02880
829.72389	0.02871
829.96495	0.02862
830.20601	0.02853
830.44707	0.02844
830.68812	0.02835
830.92918	0.02827
831.17024	0.02819
831.41130	0.02811
831.65236	0.02803
831.89342	0.02795
832.13448	0.02788
832.37553	0.02779
832.61659	0.02770
832.85765	0.02761
833.09871	0.02751
833.33977	0.02739
833.58083	0.02727
833.82189	0.02713
834.06295	0.02697
834.30400	0.02680
834.54506	0.02660
834.78612	0.02639
835.02718	0.02616
835.26824	0.02592
835.50930	0.02566
835.75036	0.02539
835.99141	0.02512
836.23247	0.02483
836.47353	0.02454
836.71459	0.02425
836.95565	0.02395
837.19671	0.02365
837.43777	0.02335
837.67883	0.02304
837.91988	0.02272
838.16094	0.02239
838.40200	0.02205
838.64306	0.02171
838.88412	0.02135
839.12518	0.02098
839.36624	0.02060
839.60729	0.02022
839.84835	0.01984
840.08941	0.01947
840.33047	0.01910
840.57153	0.01873
840.81259	0.01838
841.05365	0.01803
841.29471	0.01769
841.53576	0.01736
841.77682	0.01702
842.01788	0.01668
842.25894	0.01634
842.50000	0.01599
842.74106	0.01565
842.98212	0.01531
843.22317	0.01498
843.46423	0.01466
843.70529	0.01436
843.94635	0.01408
844.18741	0.01382
844.42847	0.01357
844.66953	0.01334
844.91059	0.01313
845.15164	0.01292
845.39270	0.01272
845.63376	0.01253
845.87482	0.01234
846.11588	0.01216
846.35694	0.01197
846.59800	0.01180
846.83905	0.01163
847.08011	0.01147
847.32117	0.01132
847.56223	0.01120
847.80329	0.01110
848.04435	0.01102
848.28541	0.01098
848.52646	0.01096
848.76752	0.01097
849.00858	0.01100
849.24964	0.01105
849.49070	0.01110
849.73176	0.01116
849.97282	0.01122
850.21388	0.01128
850.45493	0.01132
850.69599	0.01135
850.93705	0.01137
851.17811	0.01139
851.41917	0.01139
851.66023	0.01140
851.90129	0.01141
852.14234	0.01143
852.38340	0.01145
852.62446	0.01149
852.86552	0.01153
853.10658	0.01157
853.34764	0.01162
853.58870	0.01166
853.82976	0.01171
854.07081	0.01175
854.31187	0.01179
854.55293	0.01184
854.79399	0.01188
855.03505	0.01193
855.27611	0.01198
855.51717	0.01203
855.75822	0.01208
855.99928	0.01214
856.24034	0.01218
856.48140	0.01222
856.72246	0.01225
856.96352	0.01226
857.20458	0.01226
857.44564	0.01225
857.68669	0.01222
857.92775	0.01218
858.16881	0.01214
858.40987	0.01210
858.65093	0.01206
858.89199	0.01202
859.13305	0.01199
859.37410	0.01196
859.61516	0.01192
859.85622	0.01189
860.09728	0.01185
860.33834	0.01180
860.57940	0.01174
860.82046	0.01167
861.06151	0.01160
861.30257	0.01151
861.54363	0.01143
861.78469	0.01134
862.02575	0.01125
862.26681	0.01116
862.50787	0.01106
862.74893	0.01097
862.98998	0.01087
863.23104	0.01077
863.47210	0.01066
863.71316	0.01055
863.95422	0.01044
864.19528	0.01032
864.43634	0.01020
864.67739	0.01007
864.91845	0.00995
865.15951	0.00982
865.40057	0.00968
865.64163	0.00954
865.88269	0.00940
866.12375	0.00925
866.36481	0.00909
866.60586	0.00893
866.84692	0.00877
867.08798	0.00861
867.32904	0.00845
867.57010	0.00829
867.81116	0.00814
868.05222	0.00798
868.29327	0.00783
868.53433	0.00767
868.77539	0.00752
869.01645	0.00736
869.25751	0.00721
869.49857	0.00706
869.73963	0.00692
869.98069	0.00678
870.22174	0.00665
870.46280	0.00654
870.70386	0.00644
870.94492	0.00637
871.18598	0.00632
871.42704	0.00631
871.66810	0.00633
871.90915	0.00638
872.15021	0.00646
872.39127	0.00657
872.63233	0.00671
872.87339	0.00688
873.11445	0.00706
873.35551	0.00726
873.59656	0.00747
873.83762	0.00766
874.07868	0.00785
874.31974	0.00802
874.56080	0.00817
874.80186	0.00830
875.04292	0.00841
875.28398	0.00848
875.52503	0.00854
875.76609	0.00857
876.00715	0.00859
876.24821	0.00859
876.48927	0.00858
876.73033	0.00857
876.97139	0.00855
877.21244	0.00853
877.45350	0.00849
877.69456	0.00845
877.93562	0.00840
878.17668	0.00833
878.41774	0.00825
878.65880	0.00816
878.89986	0.00805
879.14091	0.00793
879.38197	0.00780
879.62303	0.00766
879.86409	0.00752
880.10515	0.00738
880.34621	0.00723
880.58727	0.00709
880.82832	0.00695
881.06938	0.00682
881.31044	0.00670
881.55150	0.00659
881.79256	0.00649
882.03362	0.00640
882.27468	0.00631
882.51574	0.00623
882.75679	0.00616
882.99785	0.00608
883.23891	0.00601
883.47997	0.00593
883.72103	0.00584
883.96209	0.00575
884.20315	0.00564
884.44420	0.00552
884.68526	0.00539
884.92632	0.00526
885.16738	0.00511
885.40844	0.00497
885.64950	0.00482
885.89056	0.00468
886.13161	0.00454
886.37267	0.00442
886.61373	0.00431
886.85479	0.00421
887.09585	0.00412
887.33691	0.00405
887.57797	0.00398
887.81903	0.00392
888.06008	0.00386
888.30114	0.00380
888.54220	0.00374
888.78326	0.00367
889.02432	0.00360
889.26538	0.00352
889.50644	0.00344
889.74749	0.00336
889.98855	0.00329
890.22961	0.00322
890.47067	0.00315
890.71173	0.00309
890.95279	0.00304
891.19385	0.00299
891.43491	0.00293
891.67596	0.00288
891.91702	0.00283
892.15808	0.00278
892.39914	0.00272
892.64020	0.00266
892.88126	0.00260
893.12232	0.00254
893.36337	0.00249
893.60443	0.00243
893.84549	0.00239
894.08655	0.00235
894.32761	0.00232
894.56867	0.00230
894.80973	0.00228
895.05079	0.00227
895.29184	0.00227
895.53290	0.00226
895.77396	0.00224
896.01502	0.00221
896.25608	0.00218
896.49714	0.00214
896.73820	0.00208
896.97925	0.00203
897.22031	0.00196
897.46137	0.00189
897.70243	0.00182
897.94349	0.00174
898.18455	0.00168
898.42561	0.00162
898.66667	0.00158
898.90772	0.00154
899.14878	0.00152
899.38984	0.00152
899.63090	0.00151
