0.00000	0.01443
0.24106	0.01449
0.48212	0.01468
0.72318	0.01499
0.96423	0.01542
1.20529	0.01597
1.44635	0.01665
1.68741	0.01743
1.92847	0.01828
2.16953	0.01898
2.41059	0.01984
2.65165	0.02081
2.89270	0.02181
3.13376	0.02272
3.37482	0.02347
3.61588	0.02400
3.85694	0.02431
4.09800	0.02442
4.33906	0.02439
4.58011	0.02429
4.82117	0.02418
5.06223	0.02408
5.30329	0.02402
5.54435	0.02396
5.78541	0.02387
6.02647	0.02370
6.26753	0.02344
6.50858	0.02310
6.74964	0.02268
6.99070	0.02222
7.23176	0.02173
7.47282	0.02126
7.71388	0.02085
7.95494	0.02048
8.19599	0.02018
8.43705	0.01996
8.67811	0.01979
8.91917	0.01969
9.16023	0.01967
9.40129	0.01972
9.64235	0.01989
9.88340	0.02016
10.12446	0.02063
10.36552	0.02136
10.60658	0.02239
10.84764	0.02373
11.08870	0.02534
11.32976	0.02715
11.57082	0.02902
11.81187	0.03078
12.05293	0.03216
12.29399	0.03295
12.53505	0.03303
12.77611	0.03234
13.01717	0.03090
13.25823	0.02887
13.49928	0.02646
13.74034	0.02365
13.98140	0.02108
14.22246	0.01903
14.46352	0.01772
14.70458	0.01722
14.94564	0.01749
15.18670	0.01838
15.42775	0.01967
15.66881	0.02115
15.90987	0.02254
16.15093	0.02365
16.39199	0.02435
16.63305	0.02460
16.87411	0.02442
17.11516	0.02387
17.35622	0.02308
17.59728	0.02214
17.83834	0.02118
18.07940	0.02029
18.32046	0.01951
18.56152	0.01882
18.80258	0.01820
19.04363	0.01761
19.28469	0.01700
19.52575	0.01632
19.76681	0.01555
20.00787	0.01468
20.24893	0.01371
20.48999	0.01266
20.73104	0.01156
20.97210	0.01044
21.21316	0.00930
21.45422	0.00796
21.69528	0.00648
21.93634	0.00512
22.17740	0.00413
22.41845	0.00368
22.65951	0.00383
22.90057	0.00454
23.14163	0.00568
23.38269	0.00693
23.62375	0.00822
23.86481	0.00951
24.10587	0.01077
24.34692	0.01200
24.58798	0.01320
24.82904	0.01437
25.07010	0.01554
25.31116	0.01673
25.55222	0.01802
25.79328	0.01945
26.03433	0.02102
26.27539	0.02272
26.51645	0.02454
26.75751	0.02644
26.99857	0.02840
27.23963	0.03039
27.48069	0.03238
27.72175	0.03435
27.96280	0.03626
28.20386	0.03808
28.44492	0.03981
28.68598	0.04142
28.92704	0.04293
29.16810	0.04438
29.40916	0.04585
29.65021	0.04745
29.89127	0.04930
30.13233	0.05151
30.37339	0.05413
30.61445	0.05716
30.85551	0.06054
31.09657	0.06418
31.33763	0.06783
31.57868	0.07127
31.81974	0.07434
32.06080	0.07691
32.30186	0.07894
32.54292	0.08046
32.78398	0.08157
33.02504	0.08217
33.26609	0.08265
33.50715	0.08319
33.74821	0.08394
33.98927	0.08502
34.23033	0.08646
34.47139	0.08827
34.71245	0.09042
34.95350	0.09288
35.19456	0.09561
35.43562	0.09861
35.67668	0.10190
35.91774	0.10558
36.15880	0.10982
36.39986	0.11481
36.64092	0.12083
36.88197	0.12809
37.12303	0.13685
37.36409	0.14718
37.60515	0.15901
37.84621	0.17210
38.08727	0.18599
38.32833	0.20008
38.56938	0.21367
38.81044	0.22606
39.05150	0.23662
39.29256	0.24487
39.53362	0.25060
39.77468	0.25382
40.01574	0.25478
40.25680	0.25394
40.49785	0.25187
40.73891	0.24917
40.97997	0.24643
41.22103	0.24414
41.46209	0.24264
41.70315	0.24213
41.94421	0.24268
42.18526	0.24427
42.42632	0.24685
42.66738	0.25037
42.90844	0.25484
43.14950	0.26030
43.39056	0.26680
43.63162	0.27441
43.87268	0.28312
44.11373	0.29278
44.35479	0.30311
44.59585	0.31366
44.83691	0.32381
45.07797	0.33290
45.31903	0.34027
45.56009	0.34539
45.80114	0.34793
46.04220	0.34781
46.28326	0.34525
46.52432	0.34071
46.76538	0.33484
47.00644	0.32839
47.24750	0.32210
47.48855	0.31660
47.72961	0.31238
47.97067	0.30971
48.21173	0.30870
48.45279	0.30930
48.69385	0.31139
48.93491	0.31486
49.17597	0.31968
49.41702	0.32590
49.65808	0.33371
49.89914	0.34339
50.14020	0.35523
50.38126	0.36946
50.62232	0.38616
50.86338	0.40518
51.10443	0.42614
51.34549	0.44836
51.58655	0.47100
51.82761	0.49310
52.06867	0.51372
52.30973	0.53206
52.55079	0.54755
52.79185	0.55993
53.03290	0.56922
53.27396	0.57571
53.51502	0.57986
53.75608	0.58225
53.99714	0.58342
54.23820	0.58384
54.47926	0.58391
54.72031	0.58388
54.96137	0.58397
55.20243	0.58437
55.44349	0.58537
55.68455	0.58734
55.92561	0.59082
56.16667	0.59645
56.40773	0.60487
56.64878	0.61669
56.88984	0.63229
57.13090	0.65170
57.37196	0.67460
57.61302	0.70018
57.85408	0.72732
58.09514	0.75459
58.33619	0.78056
58.57725	0.80390
58.81831	0.82362
59.05937	0.83922
59.30043	0.85071
59.54149	0.85858
59.78255	0.86367
60.02361	0.86695
60.26466	0.86936
60.50572	0.87156
60.74678	0.87385
60.98784	0.87614
61.22890	0.87805
61.46996	0.87904
61.71102	0.87864
61.95207	0.87661
62.19313	0.87316
62.43419	0.86892
62.67525	0.86495
62.91631	0.86257
63.15737	0.86314
63.39843	0.86782
63.63948	0.87734
63.88054	0.89187
64.12160	0.91096
64.36266	0.93358
64.60372	0.95831
64.84478	0.98354
65.08584	1.00773
65.32690	1.02960
65.56795	1.04828
65.80901	1.06339
66.05007	1.07494
66.29113	1.08325
66.53219	1.08878
66.77325	1.09191
67.01431	1.09285
67.25536	1.09156
67.49642	1.08772
67.73748	1.08091
67.97854	1.07064
68.21960	1.05662
68.46066	1.03882
68.70172	1.01760
68.94278	0.99375
69.18383	0.96841
69.42489	0.94292
69.66595	0.91872
69.90701	0.89710
70.14807	0.87911
70.38913	0.86538
70.63019	0.85613
70.87124	0.85117
71.11230	0.85003
71.35336	0.85210
71.59442	0.85677
71.83548	0.86358
72.07654	0.87227
72.31760	0.88283
72.55866	0.89539
72.79971	0.91014
73.04077	0.92715
73.28183	0.94623
73.52289	0.96683
73.76395	0.98803
74.00501	1.00857
74.24607	1.02701
74.48712	1.04191
74.72818	1.05203
74.96924	1.05656
75.21030	1.05520
75.45136	1.04830
75.69242	1.03677
75.93348	1.02198
76.17453	1.00560
76.41559	0.98942
76.65665	0.97513
76.89771	0.96416
77.13877	0.95761
77.37983	0.95617
77.62089	0.96017
77.86195	0.96966
78.10300	0.98449
78.34406	1.00448
78.58512	1.02944
78.82618	1.05931
79.06724	1.09406
79.30830	1.13367
79.54936	1.17796
79.79041	1.22651
80.03147	1.27844
80.27253	1.33240
80.51359	1.38653
80.75465	1.43862
80.99571	1.48630
81.23677	1.52730
81.47783	1.55984
81.71888	1.58282
81.95994	1.59600
82.20100	1.60011
82.44206	1.59665
82.68312	1.58776
82.92418	1.57580
83.16524	1.56309
83.40629	1.55156
83.64735	1.54260
83.88841	1.53692
84.12947	1.53472
84.37053	1.53579
84.61159	1.53986
84.85265	1.54681
85.09371	1.55689
85.33476	1.57079
85.57582	1.58959
85.81688	1.61457
86.05794	1.64691
86.29900	1.68733
86.54006	1.73579
86.78112	1.79133
87.02217	1.85193
87.26323	1.91479
87.50429	1.97651
87.74535	2.03360
87.98641	2.08290
88.22747	2.12208
88.46853	2.14985
88.70958	2.16616
88.95064	2.17208
89.19170	2.16952
89.43276	2.16087
89.67382	2.14852
89.91488	2.13447
90.15594	2.12009
90.39700	2.10601
90.63805	2.09223
90.87911	2.07835
91.12017	2.06393
91.36123	2.04888
91.60229	2.03369
91.84335	2.01956
92.08441	2.00840
92.32546	2.00255
92.56652	2.00441
92.80758	2.01602
93.04864	2.03862
93.28970	2.07237
93.53076	2.11617
93.77182	2.16782
94.01288	2.22424
94.25393	2.28193
94.49499	2.33749
94.73605	2.38807
94.97711	2.43174
95.21817	2.46766
95.45923	2.49598
95.70029	2.51762
95.94134	2.53391
96.18240	2.54608
96.42346	2.55496
96.66452	2.56071
96.90558	2.56279
97.14664	2.56008
97.38770	2.55125
97.62876	2.53517
97.86981	2.51131
98.11087	2.48007
98.35193	2.44293
98.59299	2.40236
98.83405	2.36163
99.07511	2.32431
99.31617	2.29380
99.55722	2.27289
99.79828	2.26334
100.03934	2.26568
100.28040	2.27929
100.52146	2.30252
100.76252	2.33313
101.00358	2.36864
101.24464	2.40684
101.48569	2.44601
101.72675	2.48513
101.96781	2.52384
102.20887	2.56223
102.44993	2.60051
102.69099	2.63869
102.93205	2.67626
103.17310	2.71202
103.41416	2.74405
103.65522	2.76999
103.89628	2.78731
104.13734	2.79381
104.37840	2.78801
104.61946	2.76954
104.86051	2.73928
105.10157	2.69933
105.34263	2.65276
105.58369	2.60321
105.82475	2.55440
106.06581	2.50963
106.30687	2.47144
106.54793	2.44137
106.78898	2.41993
107.03004	2.40681
107.27110	2.40112
107.51216	2.40183
107.75322	2.40808
107.99428	2.41945
108.23534	2.43602
108.47639	2.45836
108.71745	2.48724
108.95851	2.52334
109.19957	2.56688
109.44063	2.61728
109.68169	2.67303
109.92275	2.73165
110.16381	2.78985
110.40486	2.84395
110.64592	2.89029
110.88698	2.92574
111.12804	2.94813
111.36910	2.95653
111.61016	2.95140
111.85122	2.93443
112.09227	2.90826
112.33333	2.87605
112.57439	2.84094
112.81545	2.80566
113.05651	2.77220
113.29757	2.74164
113.53863	2.71427
113.77969	2.68984
114.02074	2.66788
114.26180	2.64816
114.50286	2.63095
114.74392	2.61720
114.98498	2.60849
115.22604	2.60677
115.46710	2.61398
115.70815	2.63159
115.94921	2.66014
116.19027	2.69896
116.43133	2.74611
116.67239	2.79850
116.91345	2.85233
117.15451	2.90355
117.39556	2.94851
117.63662	2.98441
117.87768	3.00966
118.11874	3.02404
118.35980	3.02849
118.60086	3.02482
118.84192	3.01523
119.08298	3.00183
119.32403	2.98618
119.56509	2.96911
119.80615	2.95062
120.04721	2.93010
120.28827	2.90663
120.52933	2.87943
120.77039	2.84827
121.01144	2.81380
121.25250	2.77762
121.49356	2.74225
121.73462	2.71079
121.97568	2.68646
122.21674	2.67212
122.45780	2.66972
122.69886	2.67998
122.93991	2.70227
123.18097	2.73466
123.42203	2.77427
123.66309	2.81775
123.90415	2.86181
124.14521	2.90370
124.38627	2.94159
124.62732	2.97463
124.86838	3.00291
125.10944	3.02713
125.35050	3.04820
125.59156	3.06680
125.83262	3.08304
126.07368	3.09628
126.31474	3.10517
126.55579	3.10787
126.79685	3.10248
127.03791	3.08748
127.27897	3.06214
127.52003	3.02688
127.76109	2.98333
128.00215	2.93423
128.24320	2.88314
128.48426	2.83395
128.72532	2.79036
128.96638	2.75539
129.20744	2.73097
129.44850	2.71777
129.68956	2.71522
129.93061	2.72173
130.17167	2.73505
130.41273	2.75274
130.65379	2.77263
130.89485	2.79311
131.13591	2.81335
131.37697	2.83320
131.61803	2.85309
131.85908	2.87359
132.10014	2.89508
132.34120	2.91741
132.58226	2.93970
132.82332	2.96032
133.06438	2.97708
133.30544	2.98754
133.54649	2.98953
133.78755	2.98149
134.02861	2.96287
134.26967	2.93428
134.51073	2.89746
134.75179	2.85505
134.99285	2.81020
135.23391	2.76613
135.47496	2.72559
135.71602	2.69058
135.95708	2.66218
136.19814	2.64048
136.43920	2.62482
136.68026	2.61407
136.92132	2.60701
137.16237	2.60264
137.40343	2.60048
137.64449	2.60066
137.88555	2.60380
138.12661	2.61088
138.36767	2.62285
138.60873	2.64033
138.84979	2.66327
139.09084	2.69081
139.33190	2.72124
139.57296	2.75215
139.81402	2.78076
140.05508	2.80431
140.29614	2.82049
140.53720	2.82781
140.77825	2.82577
141.01931	2.81495
141.26037	2.79681
141.50143	2.77345
141.74249	2.74714
141.98355	2.72001
142.22461	2.69366
142.46566	2.66902
142.70672	2.64632
142.94778	2.62527
143.18884	2.60528
143.42990	2.58584
143.67096	2.56679
143.91202	2.54856
144.15308	2.53217
144.39413	2.51918
144.63519	2.51143
144.87625	2.51065
145.11731	2.51814
145.35837	2.53443
145.59943	2.55906
145.84049	2.59058
146.08154	2.62672
146.32260	2.66463
146.56366	2.70137
146.80472	2.73429
147.04578	2.76139
147.28684	2.78160
147.52790	2.79479
147.76896	2.80170
148.01001	2.80364
148.25107	2.80213
148.49213	2.79854
148.73319	2.79377
148.97425	2.78807
149.21531	2.78107
149.45637	2.77188
149.69742	2.75947
149.93848	2.74294
150.17954	2.72191
150.42060	2.69673
150.66166	2.66859
150.90272	2.63941
151.14378	2.61161
151.38484	2.58771
151.62589	2.56992
151.86695	2.55981
152.10801	2.55800
152.34907	2.56407
152.59013	2.57667
152.83119	2.59377
153.07225	2.61301
153.31330	2.63212
153.55436	2.64928
153.79542	2.66337
154.03648	2.67408
154.27754	2.68182
154.51860	2.68748
154.75966	2.69215
155.00072	2.69673
155.24177	2.70165
155.48283	2.70671
155.72389	2.71108
155.96495	2.71342
156.20601	2.71218
156.44707	2.70598
156.68813	2.69390
156.92918	2.67580
157.17024	2.65240
157.41130	2.62526
157.65236	2.59656
157.89342	2.56875
158.13448	2.54421
158.37554	2.52483
158.61659	2.51177
158.85765	2.50534
159.09871	2.50501
159.33977	2.50963
159.58083	2.51766
159.82189	2.52755
160.06295	2.53802
160.30401	2.54827
160.54506	2.55804
160.78612	2.56762
161.02718	2.57763
161.26824	2.58879
161.50930	2.60167
161.75036	2.61644
161.99142	2.63277
162.23247	2.64979
162.47353	2.66617
162.71459	2.68042
162.95565	2.69107
163.19671	2.69704
163.43777	2.69780
163.67883	2.69355
163.91989	2.68524
164.16094	2.67435
164.40200	2.66272
164.64306	2.65220
164.88412	2.64431
165.12518	2.64005
165.36624	2.63970
165.60730	2.64288
165.84835	2.64867
166.08941	2.65590
166.33047	2.66342
166.57153	2.67044
166.81259	2.67671
167.05365	2.68256
167.29471	2.68883
167.53577	2.69665
167.77682	2.70714
168.01788	2.72104
168.25894	2.73852
168.50000	2.75897
168.74106	2.78108
168.98212	2.80297
169.22318	2.82252
169.46423	2.83769
169.70529	2.84694
169.94635	2.84948
170.18741	2.84539
170.42847	2.83563
170.66953	2.82184
170.91059	2.80605
171.15164	2.79034
171.39270	2.77643
171.63376	2.76546
171.87482	2.75782
172.11588	2.75315
172.35694	2.75051
172.59800	2.74864
172.83906	2.74630
173.08011	2.74254
173.32117	2.73698
173.56223	2.72993
173.80329	2.72229
174.04435	2.71539
174.28541	2.71073
174.52647	2.70959
174.76752	2.71276
175.00858	2.72032
175.24964	2.73157
175.49070	2.74509
175.73176	2.75901
175.97282	2.77132
176.21388	2.78019
176.45494	2.78437
176.69599	2.78331
176.93705	2.77728
177.17811	2.76723
177.41917	2.75460
177.66023	2.74101
177.90129	2.72789
178.14235	2.71627
178.38340	2.70657
178.62446	2.69860
178.86552	2.69169
179.10658	2.68489
179.34764	2.67728
179.58870	2.66821
179.82976	2.65756
180.07082	2.64577
180.31187	2.63382
180.55293	2.62308
180.79399	2.61500
181.03505	2.61083
181.27611	2.61137
181.51717	2.61677
181.75823	2.62648
181.99928	2.63933
182.24034	2.65370
182.48140	2.66786
182.72246	2.68022
182.96352	2.68963
183.20458	2.69552
183.44564	2.69798
183.68669	2.69768
183.92775	2.69566
184.16881	2.69311
184.40987	2.69107
184.65093	2.69023
184.89199	2.69079
185.13305	2.69244
185.37411	2.69448
185.61516	2.69599
185.85622	2.69609
186.09728	2.69418
186.33834	2.69013
186.57940	2.68436
186.82046	2.67780
187.06152	2.67175
187.30257	2.66763
187.54363	2.66671
187.78469	2.66986
188.02575	2.67735
188.26681	2.68880
188.50787	2.70320
188.74893	2.71913
188.98999	2.73501
189.23104	2.74940
189.47210	2.76122
189.71316	2.76999
189.95422	2.77583
190.19528	2.77941
190.43634	2.78175
190.67740	2.78395
190.91845	2.78693
191.15951	2.79116
191.40057	2.79658
191.64163	2.80257
191.88269	2.80805
192.12375	2.81176
192.36481	2.81252
192.60587	2.80950
192.84692	2.80245
193.08798	2.79182
193.32904	2.77868
193.57010	2.76462
193.81116	2.75143
194.05222	2.74085
194.29328	2.73422
194.53433	2.73226
194.77539	2.73500
195.01645	2.74175
195.25751	2.75128
195.49857	2.76207
195.73963	2.77262
195.98069	2.78168
196.22174	2.78853
196.46280	2.79301
196.70386	2.79551
196.94492	2.79684
197.18598	2.79797
197.42704	2.79976
197.66810	2.80276
197.90916	2.80703
198.15021	2.81212
198.39127	2.81713
198.63233	2.82094
198.87339	2.82243
199.11445	2.82075
199.35551	2.81553
199.59657	2.80700
199.83762	2.79599
200.07868	2.78380
200.31974	2.77199
200.56080	2.76211
200.80186	2.75544
201.04292	2.75275
201.28398	2.75422
201.52504	2.75944
201.76609	2.76751
202.00715	2.77727
202.24821	2.78751
202.48927	2.79726
202.73033	2.80594
202.97139	2.81345
203.21245	2.82015
203.45350	2.82673
203.69456	2.83398
203.93562	2.84258
204.17668	2.85289
204.41774	2.86477
204.65880	2.87755
204.89986	2.89012
205.14092	2.90111
205.38197	2.90911
205.62303	2.91296
205.86409	2.91198
206.10515	2.90611
206.34621	2.89597
206.58727	2.88275
206.82833	2.86803
207.06938	2.85349
207.31044	2.84064
207.55150	2.83058
207.79256	2.82385
208.03362	2.82034
208.27468	2.81943
208.51574	2.82016
208.75680	2.82147
208.99785	2.82245
209.23891	2.82256
209.47997	2.82174
209.72103	2.82041
209.96209	2.81934
210.20315	2.81947
210.44421	2.82162
210.68526	2.82628
210.92632	2.83342
211.16738	2.84248
211.40844	2.85237
211.64950	2.86165
211.89056	2.86882
212.13162	2.87255
212.37267	2.87196
212.61373	2.86675
212.85479	2.85724
213.09585	2.84435
213.33691	2.82936
213.57797	2.81368
213.81903	2.79864
214.06009	2.78518
214.30114	2.77380
214.54220	2.76446
214.78326	2.75671
215.02432	2.74984
215.26538	2.74310
215.50644	2.73593
215.74750	2.72814
215.98855	2.71999
216.22961	2.71215
216.47067	2.70563
216.71173	2.70152
216.95279	2.70079
217.19385	2.70403
217.43491	2.71131
217.67597	2.72211
217.91702	2.73535
218.15808	2.74955
218.39914	2.76307
218.64020	2.77441
218.88126	2.78239
219.12232	2.78639
219.36338	2.78638
219.60443	2.78294
219.84549	2.77701
220.08655	2.76977
220.32761	2.76230
220.56867	2.75542
220.80973	2.74948
221.05079	2.74441
221.29185	2.73969
221.53290	2.73458
221.77396	2.72833
222.01502	2.72041
222.25608	2.71066
222.49714	2.69943
222.73820	2.68756
222.97926	2.67624
223.22031	2.66683
223.46137	2.66062
223.70243	2.65856
223.94349	2.66110
224.18455	2.66810
224.42561	2.67885
224.66667	2.69214
224.90772	2.70657
225.14878	2.72068
225.38984	2.73326
225.63090	2.74353
225.87196	2.75118
226.11302	2.75642
226.35408	2.75981
226.59514	2.76212
226.83619	2.76409
227.07725	2.76622
227.31831	2.76865
227.55937	2.77108
227.80043	2.77288
228.04149	2.77314
228.28255	2.77099
228.52360	2.76572
228.76466	2.75707
229.00572	2.74527
229.24678	2.73109
229.48784	2.71577
229.72890	2.70079
229.96996	2.68765
230.21102	2.67762
230.45207	2.67151
230.69313	2.66958
230.93419	2.67149
231.17525	2.67641
231.41631	2.68319
231.65737	2.69062
231.89843	2.69763
232.13948	2.70349
232.38054	2.70792
232.62160	2.71104
232.86266	2.71333
233.10372	2.71538
233.34478	2.71772
233.58584	2.72064
233.82690	2.72405
234.06795	2.72742
234.30901	2.72989
234.55007	2.73039
234.79113	2.72789
235.03219	2.72155
235.27325	2.71099
235.51431	2.69633
235.75536	2.67827
235.99642	2.65794
236.23748	2.63678
236.47854	2.61631
236.71960	2.59789
236.96066	2.58254
237.20172	2.57081
237.44277	2.56276
237.68383	2.55798
237.92489	2.55577
238.16595	2.55529
238.40701	2.55576
238.64807	2.55663
238.88913	2.55764
239.13019	2.55888
239.37124	2.56069
239.61230	2.56354
239.85336	2.56782
240.09442	2.57376
240.33548	2.58123
240.57654	2.58973
240.81760	2.59841
241.05865	2.60620
241.29971	2.61200
241.54077	2.61485
241.78183	2.61413
242.02289	2.60966
242.26395	2.60176
242.50501	2.59115
242.74607	2.57887
242.98712	2.56605
243.22818	2.55374
243.46924	2.54270
243.71030	2.53335
243.95136	2.52573
244.19242	2.51955
244.43348	2.51435
244.67453	2.50963
244.91559	2.50502
245.15665	2.50042
245.39771	2.49604
245.63877	2.49235
245.87983	2.49007
246.12089	2.48990
246.36195	2.49248
246.60300	2.49812
246.84406	2.50677
247.08512	2.51794
247.32618	2.53075
247.56724	2.54406
247.80830	2.55658
248.04936	2.56713
248.29041	2.57477
248.53147	2.57894
248.77253	2.57952
249.01359	2.57681
249.25465	2.57142
249.49571	2.56415
249.73677	2.55581
249.97783	2.54705
250.21888	2.53826
250.45994	2.52955
250.70100	2.52072
250.94206	2.51145
251.18312	2.50135
251.42418	2.49014
251.66524	2.47780
251.90629	2.46463
252.14735	2.45123
252.38841	2.43844
252.62947	2.42724
252.87053	2.41853
253.11159	2.41298
253.35265	2.41090
253.59370	2.41217
253.83476	2.41624
254.07582	2.42218
254.31688	2.42886
254.55794	2.43513
254.79900	2.43997
255.04006	2.44267
255.28112	2.44288
255.52217	2.44065
255.76323	2.43633
256.00429	2.43050
256.24535	2.42376
256.48641	2.41662
256.72747	2.40937
256.96853	2.40204
257.20958	2.39441
257.45064	2.38610
257.69170	2.37668
257.93276	2.36580
258.17382	2.35336
258.41488	2.33951
258.65594	2.32475
258.89700	2.30982
259.13805	2.29564
259.37911	2.28313
259.62017	2.27310
259.86123	2.26608
260.10229	2.26230
260.34335	2.26160
260.58441	2.26351
260.82546	2.26735
261.06652	2.27232
261.30758	2.27768
261.54864	2.28283
261.78970	2.28738
262.03076	2.29119
262.27182	2.29433
262.51288	2.29695
262.75393	2.29926
262.99499	2.30134
263.23605	2.30313
263.47711	2.30437
263.71817	2.30461
263.95923	2.30336
264.20029	2.30010
264.44134	2.29448
264.68240	2.28638
264.92346	2.27600
265.16452	2.26382
265.40558	2.25059
265.64664	2.23722
265.88770	2.22461
266.12875	2.21356
266.36981	2.20465
266.61087	2.19813
266.85193	2.19397
267.09299	2.19186
267.33405	2.19130
267.57511	2.19174
267.81617	2.19265
268.05722	2.19367
268.29828	2.19459
268.53934	2.19543
268.78040	2.19635
269.02146	2.19758
269.26252	2.19935
269.50358	2.20174
269.74463	2.20465
269.98569	2.20778
270.22675	2.21059
270.46781	2.21243
270.70887	2.21261
270.94993	2.21055
271.19099	2.20585
271.43205	2.19843
271.67310	2.18849
271.91416	2.17654
272.15522	2.16331
272.39628	2.14962
272.63734	2.13624
272.87840	2.12381
273.11946	2.11272
273.36051	2.10310
273.60157	2.09484
273.84263	2.08768
274.08369	2.08126
274.32475	2.07529
274.56581	2.06958
274.80687	2.06415
275.04793	2.05917
275.28898	2.05496
275.53004	2.05189
275.77110	2.05027
276.01216	2.05028
276.25322	2.05187
276.49428	2.05475
276.73534	2.05841
276.97639	2.06217
277.21745	2.06529
277.45851	2.06710
277.69957	2.06707
277.94063	2.06494
278.18169	2.06071
278.42275	2.05464
278.66380	2.04720
278.90486	2.03895
279.14592	2.03048
279.38698	2.02223
279.62804	2.01452
279.86910	2.00741
280.11016	2.00083
280.35122	1.99454
280.59227	1.98831
280.83333	1.98195
281.07439	1.97543
281.31545	1.96890
281.55651	1.96273
281.79757	1.95742
282.03863	1.95355
282.27968	1.95164
282.52074	1.95207
282.76180	1.95500
283.00286	1.96029
283.24392	1.96753
283.48498	1.97608
283.72604	1.98516
283.96710	1.99398
284.20815	2.00184
284.44921	2.00825
284.69027	2.01294
284.93133	2.01591
285.17239	2.01738
285.41345	2.01769
285.65451	2.01721
285.89556	2.01627
286.13662	2.01504
286.37768	2.01352
286.61874	2.01156
286.85980	2.00891
287.10086	2.00528
287.34192	2.00046
287.58298	1.99439
287.82403	1.98722
288.06509	1.97930
288.30615	1.97117
288.54721	1.96349
288.78827	1.95690
289.02933	1.95195
289.27039	1.94901
289.51144	1.94821
289.75250	1.94942
289.99356	1.95226
290.23462	1.95623
290.47568	1.96073
290.71674	1.96520
290.95780	1.96918
291.19885	1.97237
291.43991	1.97466
291.68097	1.97607
291.92203	1.97677
292.16309	1.97689
292.40415	1.97658
292.64521	1.97583
292.88627	1.97453
293.12732	1.97243
293.36838	1.96922
293.60944	1.96457
293.85050	1.95825
294.09156	1.95019
294.33262	1.94054
294.57368	1.92966
294.81473	1.91813
295.05579	1.90663
295.29685	1.89586
295.53791	1.88645
295.77897	1.87885
296.02003	1.87329
296.26109	1.86975
296.50215	1.86799
296.74320	1.86763
296.98426	1.86824
297.22532	1.86942
297.46638	1.87087
297.70744	1.87246
297.94850	1.87421
298.18956	1.87626
298.43061	1.87882
298.67167	1.88205
298.91273	1.88603
299.15379	1.89071
299.39485	1.89581
299.63591	1.90093
299.87697	1.90554
300.11803	1.90908
300.35908	1.91107
300.60014	1.91115
300.84120	1.90922
301.08226	1.90541
301.32332	1.90009
301.56438	1.89381
301.80544	1.88723
302.04649	1.88101
302.28755	1.87571
302.52861	1.87174
302.76967	1.86926
303.01073	1.86824
303.25179	1.86847
303.49285	1.86966
303.73391	1.87146
303.97496	1.87363
304.21602	1.87603
304.45708	1.87867
304.69814	1.88172
304.93920	1.88542
305.18026	1.89001
305.42132	1.89567
305.66237	1.90245
305.90343	1.91019
306.14449	1.91856
306.38555	1.92705
306.62661	1.93510
306.86767	1.94213
307.10873	1.94767
307.34978	1.95142
307.59084	1.95330
307.83190	1.95345
308.07296	1.95220
308.31402	1.94998
308.55508	1.94725
308.79614	1.94442
309.03720	1.94177
309.27825	1.93944
309.51931	1.93741
309.76037	1.93556
310.00143	1.93372
310.24249	1.93176
310.48355	1.92960
310.72461	1.92732
310.96566	1.92513
311.20672	1.92333
311.44778	1.92230
311.68884	1.92241
311.92990	1.92394
312.17096	1.92700
312.41202	1.93155
312.65308	1.93730
312.89413	1.94382
313.13519	1.95054
313.37625	1.95686
313.61731	1.96222
313.85837	1.96620
314.09943	1.96857
314.34049	1.96929
314.58154	1.96854
314.82260	1.96661
315.06366	1.96387
315.30472	1.96068
315.54578	1.95729
315.78684	1.95382
316.02790	1.95027
316.26896	1.94650
316.51001	1.94232
316.75107	1.93759
316.99213	1.93226
317.23319	1.92641
317.47425	1.92034
317.71531	1.91444
317.95637	1.90922
318.19742	1.90518
318.43848	1.90274
318.67954	1.90215
318.92060	1.90344
319.16166	1.90645
319.40272	1.91080
319.64378	1.91600
319.88483	1.92152
320.12589	1.92685
320.36695	1.93162
320.60801	1.93557
320.84907	1.93865
321.09013	1.94089
321.33119	1.94247
321.57225	1.94354
321.81330	1.94427
322.05436	1.94471
322.29542	1.94480
322.53648	1.94441
322.77754	1.94330
323.01860	1.94124
323.25966	1.93805
323.50071	1.93364
323.74177	1.92810
323.98283	1.92170
324.22389	1.91484
324.46495	1.90804
324.70601	1.90187
324.94707	1.89682
325.18813	1.89327
325.42918	1.89140
325.67024	1.89120
325.91130	1.89245
326.15236	1.89480
326.39342	1.89783
326.63448	1.90113
326.87554	1.90439
327.11659	1.90740
327.35765	1.91013
327.59871	1.91264
327.83977	1.91505
328.08083	1.91752
328.32189	1.92008
328.56295	1.92269
328.80401	1.92515
329.04506	1.92714
329.28612	1.92826
329.52718	1.92813
329.76824	1.92642
330.00930	1.92297
330.25036	1.91779
330.49142	1.91112
330.73247	1.90335
330.97353	1.89502
331.21459	1.88668
331.45565	1.87885
331.69671	1.87193
331.93777	1.86615
332.17883	1.86156
332.41988	1.85805
332.66094	1.85538
332.90200	1.85326
333.14306	1.85142
333.38412	1.84967
333.62518	1.84792
333.86624	1.84621
334.10730	1.84468
334.34835	1.84350
334.58941	1.84286
334.83047	1.84284
335.07153	1.84343
335.31259	1.84445
335.55365	1.84561
335.79471	1.84651
336.03576	1.84671
336.27682	1.84582
336.51788	1.84355
336.75894	1.83980
337.00000	1.83464
337.24106	1.82831
337.48212	1.82120
337.72318	1.81376
337.96423	1.80646
338.20529	1.79966
338.44635	1.79359
338.68741	1.78831
338.92847	1.78374
339.16953	1.77968
339.41059	1.77587
339.65164	1.77206
339.89270	1.76810
340.13376	1.76394
340.37482	1.75967
340.61588	1.75552
340.85694	1.75174
341.09800	1.74864
341.33906	1.74642
341.58011	1.74521
341.82117	1.74495
342.06223	1.74546
342.30329	1.74641
342.54435	1.74741
342.78541	1.74806
343.02647	1.74803
343.26752	1.74707
343.50858	1.74512
343.74964	1.74222
343.99070	1.73855
344.23176	1.73435
344.47282	1.72989
344.71388	1.72538
344.95493	1.72096
345.19599	1.71664
345.43705	1.71238
345.67811	1.70804
345.91917	1.70347
346.16023	1.69857
346.40129	1.69329
346.64235	1.68769
346.88340	1.68191
347.12446	1.67620
347.36552	1.67082
347.60658	1.66602
347.84764	1.66199
348.08870	1.65882
348.32976	1.65645
348.57081	1.65472
348.81187	1.65336
349.05293	1.65207
349.29399	1.65052
349.53505	1.64846
349.77611	1.64573
350.01717	1.64229
350.25823	1.63821
350.49928	1.63363
350.74034	1.62875
350.98140	1.62376
351.22246	1.61880
351.46352	1.61391
351.70458	1.60905
351.94564	1.60410
352.18669	1.59888
352.42775	1.59323
352.66881	1.58702
352.90987	1.58024
353.15093	1.57295
353.39199	1.56536
353.63305	1.55776
353.87411	1.55048
354.11516	1.54384
354.35622	1.53809
354.59728	1.53339
354.83834	1.52977
355.07940	1.52712
355.32046	1.52523
355.56152	1.52383
355.80257	1.52264
356.04363	1.52140
356.28469	1.51993
356.52575	1.51813
356.76681	1.51601
357.00787	1.51364
357.24893	1.51113
357.48999	1.50861
357.73104	1.50615
357.97210	1.50376
358.21316	1.50136
358.45422	1.49881
358.69528	1.49591
358.93634	1.49244
359.17740	1.48823
359.41845	1.48317
359.65951	1.47726
359.90057	1.47061
360.14163	1.46344
360.38269	1.45604
360.62375	1.44872
360.86481	1.44177
361.10586	1.43543
361.34692	1.42982
361.58798	1.42494
361.82904	1.42068
362.07010	1.41688
362.31116	1.41331
362.55222	1.40977
362.79328	1.40609
363.03433	1.40220
363.27539	1.39809
363.51645	1.39383
363.75751	1.38952
363.99857	1.38526
364.23963	1.38113
364.48069	1.37712
364.72174	1.37316
364.96280	1.36911
365.20386	1.36476
365.44492	1.35991
365.68598	1.35437
365.92704	1.34802
366.16810	1.34083
366.40916	1.33283
366.65021	1.32418
366.89127	1.31507
367.13233	1.30570
367.37339	1.29629
367.61445	1.28697
367.85551	1.27783
368.09657	1.26886
368.33762	1.26001
368.57868	1.25117
368.81974	1.24221
369.06080	1.23303
369.30186	1.22356
369.54292	1.21378
369.78398	1.20374
370.02504	1.19351
370.26609	1.18318
370.50715	1.17283
370.74821	1.16251
370.98927	1.15221
371.23033	1.14187
371.47139	1.13137
371.71245	1.12055
371.95350	1.10925
372.19456	1.09732
372.43562	1.08465
372.67668	1.07119
372.91774	1.05696
373.15880	1.04206
373.39986	1.02663
373.64091	1.01081
373.88197	0.99477
374.12303	0.97864
374.36409	0.96248
374.60515	0.94636
374.84621	0.93027
375.08727	0.91419
375.32833	0.89807
375.56938	0.88189
375.81044	0.86566
376.05150	0.84943
376.29256	0.83323
376.53362	0.81725
376.77468	0.80164
377.01574	0.78656
377.25679	0.77214
377.49785	0.75848
377.73891	0.74564
377.97997	0.73361
378.22103	0.72233
378.46209	0.71180
378.70315	0.70199
378.94421	0.69285
379.18526	0.68439
379.42632	0.67665
379.66738	0.66969
379.90844	0.66363
380.14950	0.65856
380.39056	0.65464
380.63162	0.65197
380.87267	0.65062
381.11373	0.65060
381.35479	0.65188
381.59585	0.65441
381.83691	0.65807
382.07797	0.66278
382.31903	0.66846
382.56009	0.67505
382.80114	0.68254
383.04220	0.69092
383.28326	0.70023
383.52432	0.71049
383.76538	0.72168
384.00644	0.73372
384.24750	0.74655
384.48855	0.76004
384.72961	0.77405
384.97067	0.78836
385.21173	0.80281
385.45279	0.81723
385.69385	0.83148
385.93491	0.84545
386.17596	0.85915
386.41702	0.87259
386.65808	0.88576
386.89914	0.89870
387.14020	0.91140
387.38126	0.92383
387.62232	0.93594
387.86338	0.94766
388.10443	0.95891
388.34549	0.96965
388.58655	0.97985
388.82761	0.98952
389.06867	0.99873
389.30973	1.00762
389.55079	1.01633
389.79184	1.02504
390.03290	1.03392
390.27396	1.04310
390.51502	1.05265
390.75608	1.06260
390.99714	1.07290
391.23820	1.08344
391.47926	1.09411
391.72031	1.10475
391.96137	1.11526
392.20243	1.12553
392.44349	1.13554
392.68455	1.14528
392.92561	1.15478
393.16667	1.16412
393.40772	1.17334
393.64878	1.18246
393.88984	1.19149
394.13090	1.20039
394.37196	1.20908
394.61302	1.21746
394.85408	1.22546
395.09514	1.23301
395.33619	1.24009
395.57725	1.24675
395.81831	1.25307
396.05937	1.25920
396.30043	1.26529
396.54149	1.27149
396.78255	1.27795
397.02360	1.28472
397.26466	1.29185
397.50572	1.29929
397.74678	1.30695
397.98784	1.31472
398.22890	1.32248
398.46996	1.33014
398.71102	1.33763
398.95207	1.34493
399.19313	1.35207
399.43419	1.35909
399.67525	1.36606
399.91631	1.37302
400.15737	1.37997
400.39843	1.38688
400.63948	1.39365
400.88054	1.40015
401.12160	1.40620
401.36266	1.41165
401.60372	1.41637
401.84478	1.42028
402.08584	1.42337
402.32689	1.42571
402.56795	1.42743
402.80901	1.42872
403.05007	1.42976
403.29113	1.43073
403.53219	1.43178
403.77325	1.43298
404.01431	1.43435
404.25536	1.43586
404.49642	1.43743
404.73748	1.43897
404.97854	1.44041
405.21960	1.44171
405.46066	1.44288
405.70172	1.44396
405.94277	1.44506
406.18383	1.44626
406.42489	1.44765
406.66595	1.44928
406.90701	1.45114
407.14807	1.45314
407.38913	1.45517
407.63019	1.45705
407.87124	1.45859
408.11230	1.45964
408.35336	1.46009
408.59442	1.45989
408.83548	1.45907
409.07654	1.45772
409.31760	1.45601
409.55865	1.45410
409.79971	1.45215
410.04077	1.45030
410.28183	1.44861
410.52289	1.44709
410.76395	1.44570
411.00501	1.44436
411.24607	1.44297
411.48712	1.44147
411.72818	1.43981
411.96924	1.43802
412.21030	1.43615
412.45136	1.43432
412.69242	1.43263
412.93348	1.43118
413.17453	1.43004
413.41559	1.42920
413.65665	1.42860
413.89771	1.42813
414.13877	1.42762
414.37983	1.42692
414.62089	1.42587
414.86194	1.42437
415.10300	1.42237
415.34406	1.41988
415.58512	1.41697
415.82618	1.41374
416.06724	1.41029
416.30830	1.40672
416.54936	1.40308
416.79041	1.39941
417.03147	1.39567
417.27253	1.39180
417.51359	1.38775
417.75465	1.38345
417.99571	1.37885
418.23677	1.37395
418.47782	1.36880
418.71888	1.36348
418.95994	1.35810
419.20100	1.35280
419.44206	1.34769
419.68312	1.34288
419.92418	1.33839
420.16524	1.33422
420.40629	1.33030
420.64735	1.32651
420.88841	1.32272
421.12947	1.31879
421.37053	1.31458
421.61159	1.31001
421.85265	1.30503
422.09370	1.29964
422.33476	1.29390
422.57582	1.28784
422.81688	1.28155
423.05794	1.27505
423.29900	1.26836
423.54006	1.26146
423.78112	1.25426
424.02217	1.24669
424.26323	1.23866
424.50429	1.23010
424.74535	1.22097
424.98641	1.21127
425.22747	1.20106
425.46853	1.19044
425.70958	1.17952
425.95064	1.16844
426.19170	1.15733
426.43276	1.14630
426.67382	1.13542
426.91488	1.12476
427.15594	1.11434
427.39699	1.10417
427.63805	1.09426
427.87911	1.08460
428.12017	1.07520
428.36123	1.06608
428.60229	1.05724
428.84335	1.04870
429.08441	1.04047
429.32546	1.03252
429.56652	1.02483
429.80758	1.01733
430.04864	1.00993
430.28970	1.00255
430.53076	0.99507
430.77182	0.98741
431.01287	0.97949
431.25393	0.97125
431.49499	0.96270
431.73605	0.95384
431.97711	0.94473
432.21817	0.93544
432.45923	0.92605
432.70029	0.91664
432.94134	0.90729
433.18240	0.89804
433.42346	0.88892
433.66452	0.87994
433.90558	0.87110
434.14664	0.86237
434.38770	0.85380
434.62875	0.84541
434.86981	0.83726
435.11087	0.82943
435.35193	0.82202
435.59299	0.81511
435.83405	0.80879
436.07511	0.80313
436.31617	0.79818
436.55722	0.79396
436.79828	0.79047
437.03934	0.78770
437.28040	0.78561
437.52146	0.78419
437.76252	0.78344
438.00358	0.78338
438.24463	0.78406
438.48569	0.78553
438.72675	0.78783
438.96781	0.79103
439.20887	0.79515
439.44993	0.80018
439.69099	0.80610
439.93204	0.81280
440.17310	0.82020
440.41416	0.82818
440.65522	0.83661
440.89628	0.84537
441.13734	0.85434
441.37840	0.86343
441.61946	0.87259
441.86051	0.88172
442.10157	0.89083
442.34263	0.89989
442.58369	0.90885
442.82475	0.91767
443.06581	0.92626
443.30687	0.93452
443.54792	0.94234
443.78898	0.94960
444.03004	0.95623
444.27110	0.96216
444.51216	0.96734
444.75322	0.97180
444.99428	0.97555
445.23534	0.97868
445.47639	0.98125
445.71745	0.98336
445.95851	0.98506
446.19957	0.98642
446.44063	0.98748
446.68169	0.98824
446.92275	0.98872
447.16380	0.98891
447.40486	0.98885
447.64592	0.98855
447.88698	0.98806
448.12804	0.98746
448.36910	0.98682
448.61016	0.98621
448.85122	0.98570
449.09227	0.98534
449.33333	0.98514
449.57439	0.98509
449.81545	0.98514
450.05651	0.98523
450.29757	0.98527
450.53863	0.98519
450.77968	0.98492
451.02074	0.98441
451.26180	0.98365
451.50286	0.98265
451.74392	0.98146
451.98498	0.98012
452.22604	0.97869
452.46710	0.97721
452.70815	0.97571
452.94921	0.97418
453.19027	0.97261
453.43133	0.97095
453.67239	0.96914
453.91345	0.96714
454.15451	0.96494
454.39556	0.96253
454.63662	0.95994
454.87768	0.95724
455.11874	0.95451
455.35980	0.95182
455.60086	0.94925
455.84192	0.94685
456.08297	0.94465
456.32403	0.94262
456.56509	0.94075
456.80615	0.93898
457.04721	0.93726
457.28827	0.93554
457.52933	0.93379
457.77039	0.93201
458.01144	0.93018
458.25250	0.92834
458.49356	0.92648
458.73462	0.92463
458.97568	0.92277
459.21674	0.92091
459.45780	0.91900
459.69885	0.91700
459.93991	0.91486
460.18097	0.91256
460.42203	0.91005
460.66309	0.90734
460.90415	0.90444
461.14521	0.90139
461.38627	0.89825
461.62732	0.89510
461.86838	0.89201
462.10944	0.88905
462.35050	0.88626
462.59156	0.88368
462.83262	0.88129
463.07368	0.87908
463.31473	0.87699
463.55579	0.87497
463.79685	0.87296
464.03791	0.87090
464.27897	0.86876
464.52003	0.86652
464.76109	0.86419
465.00215	0.86176
465.24320	0.85927
465.48426	0.85673
465.72532	0.85417
465.96638	0.85159
466.20744	0.84897
466.44850	0.84631
466.68956	0.84360
466.93061	0.84081
467.17167	0.83795
467.41273	0.83503
467.65379	0.83206
467.89485	0.82910
468.13591	0.82618
468.37697	0.82336
468.61802	0.82068
468.85908	0.81817
469.10014	0.81584
469.34120	0.81369
469.58226	0.81170
469.82332	0.80983
470.06438	0.80806
470.30544	0.80634
470.54649	0.80466
470.78755	0.80299
471.02861	0.80135
471.26967	0.79973
471.51073	0.79816
471.75179	0.79664
471.99285	0.79519
472.23390	0.79380
472.47496	0.79245
472.71602	0.79112
472.95708	0.78977
473.19814	0.78837
473.43920	0.78688
473.68026	0.78529
473.92132	0.78360
474.16237	0.78183
474.40343	0.78002
474.64449	0.77821
474.88555	0.77647
475.12661	0.77484
475.36767	0.77338
475.60873	0.77210
475.84978	0.77102
476.09084	0.77014
476.33190	0.76942
476.57296	0.76884
476.81402	0.76835
477.05508	0.76792
477.29614	0.76752
477.53720	0.76713
477.77825	0.76675
478.01931	0.76637
478.26037	0.76599
478.50143	0.76563
478.74249	0.76528
478.98355	0.76493
479.22461	0.76458
479.46566	0.76419
479.70672	0.76376
479.94778	0.76325
480.18884	0.76265
480.42990	0.76194
480.67096	0.76112
480.91202	0.76019
481.15307	0.75918
481.39413	0.75810
481.63519	0.75698
481.87625	0.75583
482.11731	0.75466
482.35837	0.75350
482.59943	0.75233
482.84049	0.75115
483.08154	0.74995
483.32260	0.74874
483.56366	0.74751
483.80472	0.74628
484.04578	0.74508
484.28684	0.74393
484.52790	0.74287
484.76895	0.74193
485.01001	0.74111
485.25107	0.74044
485.49213	0.73990
485.73319	0.73945
485.97425	0.73905
486.21531	0.73865
486.45637	0.73820
486.69742	0.73768
486.93848	0.73704
487.17954	0.73630
487.42060	0.73545
487.66166	0.73454
487.90272	0.73359
488.14378	0.73266
488.38483	0.73178
488.62589	0.73098
488.86695	0.73026
489.10801	0.72964
489.34907	0.72909
489.59013	0.72861
489.83119	0.72817
490.07225	0.72777
490.31330	0.72739
490.55436	0.72705
490.79542	0.72676
491.03648	0.72655
491.27754	0.72647
491.51860	0.72655
491.75966	0.72682
492.00071	0.72728
492.24177	0.72795
492.48283	0.72880
492.72389	0.72980
492.96495	0.73091
493.20601	0.73206
493.44707	0.73320
493.68812	0.73431
493.92918	0.73534
494.17024	0.73630
494.41130	0.73717
494.65236	0.73798
494.89342	0.73875
495.13448	0.73949
495.37554	0.74021
495.61659	0.74089
495.85765	0.74153
496.09871	0.74210
496.33977	0.74258
496.58083	0.74294
496.82189	0.74317
497.06295	0.74328
497.30400	0.74330
497.54506	0.74325
497.78612	0.74319
498.02718	0.74316
498.26824	0.74319
498.50930	0.74329
498.75036	0.74346
498.99142	0.74368
499.23247	0.74391
499.47353	0.74410
499.71459	0.74420
499.95565	0.74418
500.19671	0.74400
500.43777	0.74363
500.67883	0.74308
500.91988	0.74234
501.16094	0.74143
501.40200	0.74035
501.64306	0.73910
501.88412	0.73766
502.12518	0.73601
502.36624	0.73411
502.60730	0.73192
502.84835	0.72937
503.08941	0.72643
503.33047	0.72303
503.57153	0.71916
503.81259	0.71479
504.05365	0.70997
504.29471	0.70475
504.53576	0.69920
504.77682	0.69346
505.01788	0.68768
505.25894	0.68205
505.50000	0.67674
505.74106	0.67203
505.98212	0.66814
506.22318	0.66529
506.46423	0.66371
506.70529	0.66354
506.94635	0.66492
507.18741	0.66790
507.42847	0.67246
507.66953	0.67850
507.91059	0.68586
508.15164	0.69432
508.39270	0.70360
508.63376	0.71341
508.87482	0.72344
509.11588	0.73342
509.35694	0.74306
509.59800	0.75220
509.83905	0.76072
510.08011	0.76854
510.32117	0.77566
510.56223	0.78209
510.80329	0.78791
511.04435	0.79321
511.28541	0.79807
511.52647	0.80258
511.76752	0.80680
512.00858	0.81078
512.24964	0.81454
512.49070	0.81809
512.73176	0.82143
512.97282	0.82454
513.21388	0.82744
513.45493	0.83011
513.69599	0.83259
513.93705	0.83489
514.17811	0.83703
514.41917	0.83904
514.66023	0.84092
514.90129	0.84268
515.14235	0.84429
515.38340	0.84572
515.62446	0.84694
515.86552	0.84791
516.10658	0.84860
516.34764	0.84900
516.58870	0.84912
516.82976	0.84898
517.07081	0.84861
517.31187	0.84806
517.55293	0.84738
517.79399	0.84660
518.03505	0.84575
518.27611	0.84485
518.51717	0.84390
518.75823	0.84290
518.99928	0.84183
519.24034	0.84070
519.48140	0.83953
519.72246	0.83832
519.96352	0.83712
520.20458	0.83596
520.44564	0.83489
520.68669	0.83393
520.92775	0.83312
521.16881	0.83245
521.40987	0.83192
521.65093	0.83150
521.89199	0.83115
522.13305	0.83083
522.37410	0.83050
522.61516	0.83012
522.85622	0.82969
523.09728	0.82919
523.33834	0.82862
523.57940	0.82799
523.82046	0.82731
524.06152	0.82658
524.30257	0.82581
524.54363	0.82500
524.78469	0.82412
525.02575	0.82318
525.26681	0.82216
525.50787	0.82106
525.74893	0.81990
525.98998	0.81870
526.23104	0.81748
526.47210	0.81629
526.71316	0.81518
526.95422	0.81418
527.19528	0.81333
527.43634	0.81266
527.67740	0.81219
527.91845	0.81190
528.15951	0.81178
528.40057	0.81179
528.64163	0.81190
528.88269	0.81205
529.12375	0.81220
529.36481	0.81232
529.60586	0.81240
529.84692	0.81244
530.08798	0.81244
530.32904	0.81242
530.57010	0.81239
530.81116	0.81237
531.05222	0.81235
531.29328	0.81231
531.53433	0.81221
531.77539	0.81203
532.01645	0.81171
532.25751	0.81122
532.49857	0.81055
532.73963	0.80968
532.98069	0.80863
533.22174	0.80743
533.46280	0.80611
533.70386	0.80472
533.94492	0.80330
534.18598	0.80188
534.42704	0.80047
534.66810	0.79909
534.90915	0.79771
535.15021	0.79633
535.39127	0.79493
535.63233	0.79348
535.87339	0.79196
536.11445	0.79039
536.35551	0.78875
536.59657	0.78706
536.83762	0.78534
537.07868	0.78358
537.31974	0.78181
537.56080	0.77999
537.80186	0.77813
538.04292	0.77617
538.28398	0.77409
538.52503	0.77186
538.76609	0.76946
539.00715	0.76689
539.24821	0.76417
539.48927	0.76134
539.73033	0.75847
539.97139	0.75561
540.21245	0.75284
540.45350	0.75021
540.69456	0.74779
540.93562	0.74560
541.17668	0.74367
541.41774	0.74201
541.65880	0.74062
541.89986	0.73948
542.14091	0.73861
542.38197	0.73799
542.62303	0.73762
542.86409	0.73752
543.10515	0.73766
543.34621	0.73806
543.58727	0.73870
543.82833	0.73954
544.06938	0.74055
544.31044	0.74168
544.55150	0.74286
544.79256	0.74402
545.03362	0.74511
545.27468	0.74607
545.51574	0.74685
545.75679	0.74742
545.99785	0.74777
546.23891	0.74790
546.47997	0.74782
546.72103	0.74753
546.96209	0.74706
547.20315	0.74640
547.44421	0.74555
547.68526	0.74450
547.92632	0.74322
548.16738	0.74170
548.40844	0.73993
548.64950	0.73791
548.89056	0.73563
549.13162	0.73314
549.37267	0.73048
549.61373	0.72770
549.85479	0.72486
550.09585	0.72205
550.33691	0.71932
550.57797	0.71676
550.81903	0.71443
551.06008	0.71237
551.30114	0.71066
551.54220	0.70934
551.78326	0.70843
552.02432	0.70798
552.26538	0.70802
552.50644	0.70854
552.74750	0.70956
552.98855	0.71107
553.22961	0.71306
553.47067	0.71552
553.71173	0.71841
553.95279	0.72171
554.19385	0.72540
554.43491	0.72945
554.67596	0.73382
554.91702	0.73849
555.15808	0.74343
555.39914	0.74861
555.64020	0.75398
555.88126	0.75952
556.12232	0.76518
556.36338	0.77093
556.60443	0.77673
556.84549	0.78254
557.08655	0.78833
557.32761	0.79408
557.56867	0.79974
557.80973	0.80528
558.05079	0.81067
558.29184	0.81588
558.53290	0.82087
558.77396	0.82562
559.01502	0.83013
559.25608	0.83437
559.49714	0.83837
559.73820	0.84212
559.97926	0.84564
560.22031	0.84894
560.46137	0.85203
560.70243	0.85490
560.94349	0.85756
561.18455	0.85998
561.42561	0.86216
561.66667	0.86410
561.90772	0.86581
562.14878	0.86732
562.38984	0.86867
562.63090	0.86990
562.87196	0.87106
563.11302	0.87220
563.35408	0.87335
563.59513	0.87453
563.83619	0.87573
564.07725	0.87696
564.31831	0.87818
564.55937	0.87937
564.80043	0.88052
565.04149	0.88162
565.28255	0.88268
565.52360	0.88370
565.76466	0.88474
566.00572	0.88582
566.24678	0.88699
566.48784	0.88826
566.72890	0.88965
566.96996	0.89116
567.21101	0.89277
567.45207	0.89444
567.69313	0.89613
567.93419	0.89779
568.17525	0.89940
568.41631	0.90094
568.65737	0.90238
568.89843	0.90374
569.13948	0.90504
569.38054	0.90631
569.62160	0.90757
569.86266	0.90885
570.10372	0.91015
570.34478	0.91147
570.58584	0.91281
570.82689	0.91413
571.06795	0.91542
571.30901	0.91665
571.55007	0.91780
571.79113	0.91888
572.03219	0.91989
572.27325	0.92086
572.51431	0.92180
572.75536	0.92274
572.99642	0.92370
573.23748	0.92468
573.47854	0.92568
573.71960	0.92668
573.96066	0.92764
574.20172	0.92856
574.44277	0.92939
574.68383	0.93014
574.92489	0.93080
575.16595	0.93139
575.40701	0.93195
575.64807	0.93251
575.88913	0.93313
576.13018	0.93383
576.37124	0.93465
576.61230	0.93560
576.85336	0.93669
577.09442	0.93792
577.33548	0.93925
577.57654	0.94068
577.81760	0.94218
578.05865	0.94372
578.29971	0.94531
578.54077	0.94691
578.78183	0.94854
579.02289	0.95017
579.26395	0.95180
579.50501	0.95342
579.74606	0.95500
579.98712	0.95651
580.22818	0.95793
580.46924	0.95922
580.71030	0.96035
580.95136	0.96130
581.19242	0.96206
581.43348	0.96263
581.67453	0.96304
581.91559	0.96332
582.15665	0.96351
582.39771	0.96366
582.63877	0.96380
582.87983	0.96398
583.12089	0.96420
583.36194	0.96448
583.60300	0.96480
583.84406	0.96513
584.08512	0.96547
584.32618	0.96578
584.56724	0.96604
584.80830	0.96625
585.04936	0.96641
585.29041	0.96651
585.53147	0.96658
585.77253	0.96661
586.01359	0.96662
586.25465	0.96659
586.49571	0.96652
586.73677	0.96639
586.97782	0.96616
587.21888	0.96582
587.45994	0.96533
587.70100	0.96469
587.94206	0.96387
588.18312	0.96288
588.42418	0.96173
588.66523	0.96044
588.90629	0.95903
589.14735	0.95751
589.38841	0.95590
589.62947	0.95420
589.87053	0.95242
590.11159	0.95055
590.35265	0.94859
590.59370	0.94653
590.83476	0.94437
591.07582	0.94211
591.31688	0.93975
591.55794	0.93733
591.79900	0.93485
592.04006	0.93233
592.28111	0.92980
592.52217	0.92728
592.76323	0.92476
593.00429	0.92224
593.24535	0.91972
593.48641	0.91718
593.72747	0.91460
593.96853	0.91195
594.20958	0.90923
594.45064	0.90641
594.69170	0.90349
594.93276	0.90047
595.17382	0.89733
595.41488	0.89410
595.65594	0.89076
595.89699	0.88733
596.13805	0.88382
596.37911	0.88024
596.62017	0.87660
596.86123	0.87293
597.10229	0.86927
597.34335	0.86563
597.58441	0.86205
597.82546	0.85857
598.06652	0.85519
598.30758	0.85196
598.54864	0.84888
598.78970	0.84597
599.03076	0.84326
599.27182	0.84074
599.51287	0.83845
599.75393	0.83637
599.99499	0.83451
600.23605	0.83287
600.47711	0.83140
600.71817	0.83006
600.95923	0.82881
601.20029	0.82758
601.44134	0.82629
601.68240	0.82490
601.92346	0.82333
602.16452	0.82157
602.40558	0.81957
602.64664	0.81732
602.88770	0.81483
603.12875	0.81210
603.36981	0.80915
603.61087	0.80599
603.85193	0.80263
604.09299	0.79911
604.33405	0.79545
604.57511	0.79166
604.81616	0.78778
605.05722	0.78383
605.29828	0.77983
605.53934	0.77579
605.78040	0.77173
606.02146	0.76763
606.26252	0.76350
606.50358	0.75932
606.74463	0.75508
606.98569	0.75075
607.22675	0.74633
607.46781	0.74179
607.70887	0.73712
607.94993	0.73231
608.19099	0.72734
608.43204	0.72221
608.67310	0.71690
608.91416	0.71139
609.15522	0.70567
609.39628	0.69971
609.63734	0.69351
609.87840	0.68705
610.11946	0.68032
610.36051	0.67333
610.60157	0.66609
610.84263	0.65862
611.08369	0.65095
611.32475	0.64313
611.56581	0.63523
611.80687	0.62729
612.04792	0.61941
612.28898	0.61165
612.53004	0.60411
612.77110	0.59686
613.01216	0.59000
613.25322	0.58360
613.49428	0.57774
613.73534	0.57247
613.97639	0.56785
614.21745	0.56390
614.45851	0.56065
614.69957	0.55808
614.94063	0.55617
615.18169	0.55489
615.42275	0.55417
615.66380	0.55394
615.90486	0.55412
616.14592	0.55462
616.38698	0.55536
616.62804	0.55624
616.86910	0.55721
617.11016	0.55818
617.35121	0.55911
617.59227	0.55996
617.83333	0.56071
618.07439	0.56135
618.31545	0.56187
618.55651	0.56228
618.79757	0.56258
619.03863	0.56279
619.27968	0.56291
619.52074	0.56296
619.76180	0.56294
620.00286	0.56287
620.24392	0.56276
620.48498	0.56261
620.72604	0.56242
620.96709	0.56219
621.20815	0.56191
621.44921	0.56158
621.69027	0.56116
621.93133	0.56065
622.17239	0.56000
622.41345	0.55920
622.65451	0.55821
622.89556	0.55702
623.13662	0.55559
623.37768	0.55392
623.61874	0.55200
623.85980	0.54983
624.10086	0.54741
624.34192	0.54477
624.58297	0.54194
624.82403	0.53894
625.06509	0.53582
625.30615	0.53260
625.54721	0.52932
625.78827	0.52602
626.02933	0.52272
626.27039	0.51945
626.51144	0.51621
626.75250	0.51300
626.99356	0.50983
627.23462	0.50665
627.47568	0.50344
627.71674	0.50016
627.95780	0.49674
628.19885	0.49313
628.43991	0.48927
628.68097	0.48511
628.92203	0.48060
629.16309	0.47576
629.40415	0.47059
629.64521	0.46516
629.88626	0.45956
630.12732	0.45390
630.36838	0.44834
630.60944	0.44300
630.85050	0.43805
631.09156	0.43360
631.33262	0.42976
631.57368	0.42660
631.81473	0.42413
632.05579	0.42234
632.29685	0.42118
632.53791	0.42056
632.77897	0.42037
633.02003	0.42051
633.26109	0.42086
633.50214	0.42130
633.74320	0.42175
633.98426	0.42210
634.22532	0.42229
634.46638	0.42228
634.70744	0.42201
634.94850	0.42149
635.18956	0.42072
635.43061	0.41971
635.67167	0.41850
635.91273	0.41712
636.15379	0.41562
636.39485	0.41403
636.63591	0.41240
636.87697	0.41076
637.11802	0.40913
637.35908	0.40751
637.60014	0.40592
637.84120	0.40434
638.08226	0.40275
638.32332	0.40112
638.56438	0.39944
638.80544	0.39769
639.04649	0.39583
639.28755	0.39386
639.52861	0.39176
639.76967	0.38952
640.01073	0.38715
640.25179	0.38464
640.49285	0.38200
640.73390	0.37923
640.97496	0.37633
641.21602	0.37330
641.45708	0.37014
641.69814	0.36686
641.93920	0.36347
642.18026	0.36000
642.42132	0.35647
642.66237	0.35291
642.90343	0.34937
643.14449	0.34589
643.38555	0.34251
643.62661	0.33928
643.86767	0.33622
644.10873	0.33336
644.34978	0.33072
644.59084	0.32830
644.83190	0.32610
645.07296	0.32410
645.31402	0.32229
645.55508	0.32065
645.79614	0.31914
646.03719	0.31773
646.27825	0.31640
646.51931	0.31509
646.76037	0.31378
647.00143	0.31243
647.24249	0.31102
647.48355	0.30950
647.72461	0.30787
647.96566	0.30610
648.20672	0.30419
648.44778	0.30214
648.68884	0.29995
648.92990	0.29764
649.17096	0.29522
649.41202	0.29271
649.65307	0.29013
649.89413	0.28749
650.13519	0.28481
650.37625	0.28210
650.61731	0.27937
650.85837	0.27662
651.09943	0.27386
651.34049	0.27109
651.58154	0.26832
651.82260	0.26554
652.06366	0.26275
652.30472	0.25996
652.54578	0.25717
652.78684	0.25438
653.02790	0.25157
653.26895	0.24875
653.51001	0.24589
653.75107	0.24299
653.99213	0.24002
654.23319	0.23696
654.47425	0.23380
654.71531	0.23051
654.95637	0.22710
655.19742	0.22354
655.43848	0.21984
655.67954	0.21600
655.92060	0.21202
656.16166	0.20792
656.40272	0.20370
656.64378	0.19936
656.88483	0.19492
657.12589	0.19040
657.36695	0.18581
657.60801	0.18119
657.84907	0.17660
658.09013	0.17207
658.33119	0.16767
658.57224	0.16347
658.81330	0.15954
659.05436	0.15595
659.29542	0.15277
659.53648	0.15002
659.77754	0.14775
660.01860	0.14594
660.25966	0.14458
660.50071	0.14362
660.74177	0.14301
660.98283	0.14268
661.22389	0.14254
661.46495	0.14251
661.70601	0.14253
661.94707	0.14252
662.18812	0.14244
662.42918	0.14225
662.67024	0.14191
662.91130	0.14142
663.15236	0.14077
663.39342	0.13997
663.63448	0.13904
663.87554	0.13798
664.11659	0.13682
664.35765	0.13556
664.59871	0.13423
664.83977	0.13284
665.08083	0.13139
665.32189	0.12991
665.56295	0.12840
665.80400	0.12685
666.04506	0.12529
666.28612	0.12370
666.52718	0.12208
666.76824	0.12045
667.00930	0.11880
667.25036	0.11713
667.49142	0.11545
667.73247	0.11375
667.97353	0.11205
668.21459	0.11033
668.45565	0.10861
668.69671	0.10689
668.93777	0.10517
669.17883	0.10344
669.41988	0.10172
669.66094	0.10001
669.90200	0.09831
670.14306	0.09663
670.38412	0.09498
670.62518	0.09336
670.86624	0.09177
671.10729	0.09023
671.34835	0.08874
671.58941	0.08729
671.83047	0.08589
672.07153	0.08453
672.31259	0.08319
672.55365	0.08189
672.79471	0.08060
673.03576	0.07933
673.27682	0.07807
673.51788	0.07681
673.75894	0.07557
674.00000	0.07433
674.24106	0.07310
674.48212	0.07188
674.72317	0.07067
674.96423	0.06947
675.20529	0.06828
675.44635	0.06709
675.68741	0.06591
675.92847	0.06473
676.16953	0.06354
676.41059	0.06236
676.65164	0.06116
676.89270	0.05997
677.13376	0.05877
677.37482	0.05758
677.61588	0.05638
677.85694	0.05520
678.09800	0.05403
678.33905	0.05288
678.58011	0.05175
678.82117	0.05065
679.06223	0.04958
679.30329	0.04854
679.54435	0.04754
679.78541	0.04658
680.02647	0.04565
680.26752	0.04475
680.50858	0.04388
680.74964	0.04303
680.99070	0.04220
681.23176	0.04139
681.47282	0.04059
681.71388	0.03980
681.95493	0.03902
682.19599	0.03825
682.43705	0.03750
682.67811	0.03677
682.91917	0.03605
683.16023	0.03536
683.40129	0.03468
683.64234	0.03402
683.88340	0.03338
684.12446	0.03275
684.36552	0.03214
684.60658	0.03153
684.84764	0.03094
685.08870	0.03036
685.32976	0.02979
685.57081	0.02924
685.81187	0.02869
686.05293	0.02816
686.29399	0.02765
686.53505	0.02715
686.77611	0.02667
687.01717	0.02621
687.25822	0.02577
687.49928	0.02534
687.74034	0.02494
687.98140	0.02456
688.22246	0.02419
688.46352	0.02385
688.70458	0.02353
688.94564	0.02322
689.18669	0.02292
689.42775	0.02264
689.66881	0.02237
689.90987	0.02211
690.15093	0.02186
690.39199	0.02162
690.63305	0.02138
690.87410	0.02114
691.11516	0.02091
691.35622	0.02069
691.59728	0.02046
691.83834	0.02024
692.07940	0.02001
692.32046	0.01978
692.56152	0.01955
692.80257	0.01931
693.04363	0.01905
693.28469	0.01879
693.52575	0.01852
693.76681	0.01824
694.00787	0.01795
694.24893	0.01766
694.48998	0.01736
694.73104	0.01706
694.97210	0.01675
695.21316	0.01643
695.45422	0.01610
695.69528	0.01576
695.93634	0.01540
696.17740	0.01504
696.41845	0.01467
696.65951	0.01429
696.90057	0.01391
697.14163	0.01352
697.38269	0.01312
697.62375	0.01273
697.86481	0.01232
698.10586	0.01192
698.34692	0.01150
698.58798	0.01108
698.82904	0.01066
699.07010	0.01023
699.31116	0.00981
699.55222	0.00940
699.79327	0.00900
700.03433	0.00863
700.27539	0.00828
700.51645	0.00796
700.75751	0.00767
700.99857	0.00742
701.23963	0.00719
701.48069	0.00699
701.72174	0.00681
701.96280	0.00665
702.20386	0.00649
702.44492	0.00633
702.68598	0.00617
702.92704	0.00602
703.16810	0.00586
703.40915	0.00572
703.65021	0.00559
703.89127	0.00547
704.13233	0.00537
704.37339	0.00529
704.61445	0.00523
704.85551	0.00519
705.09657	0.00515
705.33762	0.00513
705.57868	0.00510
705.81974	0.00508
706.06080	0.00506
706.30186	0.00505
706.54292	0.00505
706.78398	0.00506
707.02503	0.00508
707.26609	0.00512
707.50715	0.00516
707.74821	0.00522
707.98927	0.00528
708.23033	0.00533
708.47139	0.00538
708.71245	0.00541
708.95350	0.00544
709.19456	0.00544
709.43562	0.00543
709.67668	0.00541
709.91774	0.00537
710.15880	0.00533
710.39986	0.00527
710.64091	0.00522
710.88197	0.00517
711.12303	0.00513
711.36409	0.00510
711.60515	0.00508
711.84621	0.00507
712.08727	0.00507
712.32832	0.00507
712.56938	0.00508
712.81044	0.00509
713.05150	0.00509
713.29256	0.00509
713.53362	0.00508
713.77468	0.00506
714.01574	0.00504
714.25679	0.00502
714.49785	0.00500
714.73891	0.00498
714.97997	0.00497
715.22103	0.00496
715.46209	0.00495
715.70315	0.00495
715.94420	0.00495
716.18526	0.00496
716.42632	0.00496
716.66738	0.00496
716.90844	0.00496
717.14950	0.00495
717.39056	0.00495
717.63162	0.00494
717.87267	0.00493
718.11373	0.00492
718.35479	0.00491
718.59585	0.00489
718.83691	0.00488
719.07797	0.00486
719.31903	0.00485
719.56008	0.00485
719.80114	0.00485
720.04220	0.00485
720.28326	0.00486
720.52432	0.00488
720.76538	0.00491
721.00644	0.00493
721.24750	0.00495
721.48855	0.00497
721.72961	0.00498
721.97067	0.00497
722.21173	0.00496
722.45279	0.00494
722.69385	0.00491
722.93491	0.00487
723.17596	0.00483
723.41702	0.00480
723.65808	0.00477
723.89914	0.00476
724.14020	0.00475
724.38126	0.00476
724.62232	0.00477
724.86337	0.00480
725.10443	0.00483
725.34549	0.00486
725.58655	0.00489
725.82761	0.00492
726.06867	0.00493
726.30973	0.00494
726.55079	0.00493
726.79184	0.00491
727.03290	0.00488
727.27396	0.00485
727.51502	0.00481
727.75608	0.00477
727.99714	0.00473
728.23820	0.00470
728.47925	0.00468
728.72031	0.00467
728.96137	0.00466
729.20243	0.00466
729.44349	0.00466
729.68455	0.00467
729.92561	0.00466
730.16667	0.00465
730.40772	0.00464
730.64878	0.00462
730.88984	0.00459
731.13090	0.00456
731.37196	0.00453
731.61302	0.00450
731.85408	0.00448
732.09513	0.00447
732.33619	0.00447
732.57725	0.00448
732.81831	0.00450
733.05937	0.00453
733.30043	0.00456
733.54149	0.00458
733.78255	0.00459
734.02360	0.00459
734.26466	0.00457
734.50572	0.00455
734.74678	0.00452
734.98784	0.00448
735.22890	0.00445
735.46996	0.00442
735.71101	0.00441
735.95207	0.00441
736.19313	0.00442
736.43419	0.00444
736.67525	0.00446
736.91631	0.00447
737.15737	0.00448
737.39842	0.00448
737.63948	0.00447
737.88054	0.00445
738.12160	0.00442
738.36266	0.00438
738.60372	0.00435
738.84478	0.00431
739.08584	0.00429
739.32689	0.00427
739.56795	0.00426
739.80901	0.00425
740.05007	0.00425
740.29113	0.00425
740.53219	0.00425
740.77325	0.00425
741.01430	0.00424
741.25536	0.00422
741.49642	0.00420
741.73748	0.00417
741.97854	0.00415
742.21960	0.00412
742.46066	0.00411
742.70172	0.00410
742.94277	0.00410
743.18383	0.00412
743.42489	0.00414
743.66595	0.00418
743.90701	0.00421
744.14807	0.00425
744.38913	0.00428
744.63018	0.00431
744.87124	0.00433
745.11230	0.00435
745.35336	0.00436
745.59442	0.00438
745.83548	0.00439
746.07654	0.00440
746.31760	0.00443
746.55865	0.00446
746.79971	0.00450
747.04077	0.00455
747.28183	0.00460
747.52289	0.00466
747.76395	0.00472
748.00501	0.00479
748.24606	0.00485
748.48712	0.00492
748.72818	0.00499
748.96924	0.00506
749.21030	0.00514
749.45136	0.00523
749.69242	0.00532
749.93348	0.00543
750.17453	0.00555
750.41559	0.00567
750.65665	0.00580
750.89771	0.00593
751.13877	0.00606
751.37983	0.00619
751.62089	0.00632
751.86194	0.00645
752.10300	0.00657
752.34406	0.00670
752.58512	0.00684
752.82618	0.00699
753.06724	0.00715
753.30830	0.00734
753.54935	0.00754
753.79041	0.00776
754.03147	0.00799
754.27253	0.00823
754.51359	0.00848
754.75465	0.00873
754.99571	0.00898
755.23677	0.00923
755.47782	0.00946
755.71888	0.00969
755.95994	0.00992
756.20100	0.01013
756.44206	0.01034
756.68312	0.01054
756.92418	0.01074
757.16523	0.01093
757.40629	0.01112
757.64735	0.01131
757.88841	0.01150
758.12947	0.01170
758.37053	0.01190
758.61159	0.01212
758.85265	0.01234
759.09370	0.01258
759.33476	0.01283
759.57582	0.01309
759.81688	0.01336
760.05794	0.01362
760.29900	0.01389
760.54006	0.01416
760.78111	0.01442
761.02217	0.01467
761.26323	0.01492
761.50429	0.01515
761.74535	0.01538
761.98641	0.01560
762.22747	0.01580
762.46853	0.01600
762.70958	0.01618
762.95064	0.01634
763.19170	0.01650
763.43276	0.01664
763.67382	0.01677
763.91488	0.01690
764.15594	0.01704
764.39699	0.01717
764.63805	0.01732
764.87911	0.01747
765.12017	0.01762
765.36123	0.01777
765.60229	0.01792
765.84335	0.01805
766.08440	0.01818
766.32546	0.01830
766.56652	0.01840
766.80758	0.01849
767.04864	0.01857
767.28970	0.01865
767.53076	0.01872
767.77182	0.01878
768.01287	0.01883
768.25393	0.01888
768.49499	0.01893
768.73605	0.01897
768.97711	0.01901
769.21817	0.01904
769.45923	0.01908
769.70028	0.01911
769.94134	0.01915
770.18240	0.01920
770.42346	0.01925
770.66452	0.01931
770.90558	0.01938
771.14664	0.01947
771.38770	0.01957
771.62875	0.01969
771.86981	0.01983
772.11087	0.01999
772.35193	0.02017
772.59299	0.02036
772.83405	0.02057
773.07511	0.02080
773.31616	0.02104
773.55722	0.02129
773.79828	0.02155
774.03934	0.02182
774.28040	0.02210
774.52146	0.02239
774.76252	0.02269
775.00358	0.02300
775.24463	0.02331
775.48569	0.02362
775.72675	0.02393
775.96781	0.02424
776.20887	0.02453
776.44993	0.02480
776.69099	0.02505
776.93204	0.02529
777.17310	0.02550
777.41416	0.02569
777.65522	0.02587
777.89628	0.02603
778.13734	0.02618
778.37840	0.02632
778.61945	0.02646
778.86051	0.02660
779.10157	0.02675
779.34263	0.02689
779.58369	0.02705
779.82475	0.02721
780.06581	0.02738
780.30687	0.02754
780.54792	0.02771
780.78898	0.02788
781.03004	0.02804
781.27110	0.02818
781.51216	0.02832
781.75322	0.02844
781.99428	0.02856
782.23533	0.02865
782.47639	0.02874
782.71745	0.02881
782.95851	0.02887
783.19957	0.02893
783.44063	0.02897
783.68169	0.02901
783.92275	0.02904
784.16380	0.02906
784.40486	0.02907
784.64592	0.02908
784.88698	0.02906
785.12804	0.02904
785.36910	0.02899
785.61016	0.02893
785.85121	0.02884
786.09227	0.02872
786.33333	0.02858
786.57439	0.02842
786.81545	0.02823
787.05651	0.02802
787.29757	0.02779
787.53863	0.02754
787.77968	0.02729
788.02074	0.02702
788.26180	0.02675
788.50286	0.02647
788.74392	0.02618
788.98498	0.02589
789.22604	0.02559
789.46709	0.02528
789.70815	0.02496
789.94921	0.02464
790.19027	0.02431
790.43133	0.02399
790.67239	0.02367
790.91345	0.02337
791.15451	0.02307
791.39556	0.02279
791.63662	0.02253
791.87768	0.02230
792.11874	0.02208
792.35980	0.02189
792.60086	0.02171
792.84192	0.02155
793.08297	0.02141
793.32403	0.02129
793.56509	0.02118
793.80615	0.02108
794.04721	0.02100
794.28827	0.02093
794.52933	0.02088
794.77038	0.02085
795.01144	0.02083
795.25250	0.02083
795.49356	0.02086
795.73462	0.02090
795.97568	0.02096
796.21674	0.02104
796.45780	0.02113
796.69885	0.02122
796.93991	0.02131
797.18097	0.02139
797.42203	0.02147
797.66309	0.02153
797.90415	0.02158
798.14521	0.02163
798.38626	0.02166
798.62732	0.02169
798.86838	0.02172
799.10944	0.02175
799.35050	0.02178
799.59156	0.02181
799.83262	0.02185
800.07368	0.02188
800.31473	0.02191
800.55579	0.02194
800.79685	0.02196
801.03791	0.02198
801.27897	0.02201
801.52003	0.02203
801.76109	0.02206
802.00214	0.02210
802.24320	0.02214
802.48426	0.02219
802.72532	0.02226
802.96638	0.02233
803.20744	0.02241
803.44850	0.02249
803.68956	0.02259
803.93061	0.02269
804.17167	0.02279
804.41273	0.02290
804.65379	0.02301
804.89485	0.02311
805.13591	0.02322
805.37697	0.02332
805.61802	0.02342
805.85908	0.02351
806.10014	0.02361
806.34120	0.02370
806.58226	0.02379
806.82332	0.02389
807.06438	0.02399
807.30543	0.02409
807.54649	0.02420
807.78755	0.02432
808.02861	0.02444
808.26967	0.02457
808.51073	0.02470
808.75179	0.02483
808.99285	0.02496
809.23390	0.02508
809.47496	0.02521
809.71602	0.02532
809.95708	0.02544
810.19814	0.02555
810.43920	0.02565
810.68026	0.02576
810.92131	0.02587
811.16237	0.02597
811.40343	0.02608
811.64449	0.02619
811.88555	0.02630
812.12661	0.02641
812.36767	0.02651
812.60873	0.02661
812.84978	0.02671
813.09084	0.02679
813.33190	0.02688
813.57296	0.02695
813.81402	0.02703
814.05508	0.02710
814.29614	0.02717
814.53719	0.02724
814.77825	0.02731
815.01931	0.02738
815.26037	0.02745
815.50143	0.02752
815.74249	0.02760
815.98355	0.02767
816.22461	0.02775
816.46566	0.02783
816.70672	0.02790
816.94778	0.02798
817.18884	0.02805
817.42990	0.02812
817.67096	0.02819
817.91202	0.02826
818.15307	0.02832
818.39413	0.02838
818.63519	0.02844
818.87625	0.02849
819.11731	0.02855
819.35837	0.02860
819.59943	0.02865
819.84048	0.02870
820.08154	0.02875
820.32260	0.02881
820.56366	0.02887
820.80472	0.02893
821.04578	0.02899
821.28684	0.02906
821.52790	0.02911
821.76895	0.02917
822.01001	0.02921
822.25107	0.02924
822.49213	0.02927
822.73319	0.02928
822.97425	0.02929
823.21531	0.02930
823.45636	0.02930
823.69742	0.02930
823.93848	0.02931
824.17954	0.02932
824.42060	0.02933
824.66166	0.02935
824.90272	0.02937
825.14378	0.02938
825.38483	0.02939
825.62589	0.02938
825.86695	0.02937
826.10801	0.02934
826.34907	0.02929
826.59013	0.02923
826.83119	0.02917
827.07224	0.02910
827.31330	0.02903
827.55436	0.02896
827.79542	0.02890
828.03648	0.02884
828.27754	0.02879
828.51860	0.02874
828.75966	0.02870
829.00071	0.02866
829.24177	0.02862
829.48283	0.02857
829.72389	0.02852
829.96495	0.02847
830.20601	0.02841
830.44707	0.02834
830.68812	0.02827
830.92918	0.02819
831.17024	0.02811
831.41130	0.02802
831.65236	0.02793
831.89342	0.02783
832.13448	0.02773
832.37553	0.02762
832.61659	0.02751
832.85765	0.02739
833.09871	0.02725
833.33977	0.02711
833.58083	0.02696
833.82189	0.02680
834.06295	0.02663
834.30400	0.02646
834.54506	0.02627
834.78612	0.02608
835.02718	0.02588
835.26824	0.02566
835.50930	0.02543
835.75036	0.02518
835.99141	0.02492
836.23247	0.02463
836.47353	0.02433
836.71459	0.02402
836.95565	0.02368
837.19671	0.02334
837.43777	0.02299
837.67883	0.02263
837.91988	0.02228
838.16094	0.02192
838.40200	0.02158
838.64306	0.02123
838.88412	0.02090
839.12518	0.02057
839.36624	0.02025
839.60729	0.01993
839.84835	0.01961
840.08941	0.01929
840.33047	0.01896
840.57153	0.01862
840.81259	0.01827
841.05365	0.01792
841.29471	0.01756
841.53576	0.01720
841.77682	0.01684
842.01788	0.01650
842.25894	0.01617
842.50000	0.01585
842.74106	0.01554
842.98212	0.01524
843.22317	0.01495
843.46423	0.01466
843.70529	0.01437
843.94635	0.01408
844.18741	0.01379
844.42847	0.01350
844.66953	0.01321
844.91059	0.01294
845.15164	0.01268
845.39270	0.01245
845.63376	0.01224
845.87482	0.01206
846.11588	0.01190
846.35694	0.01176
846.59800	0.01164
846.83905	0.01153
847.08011	0.01143
847.32117	0.01133
847.56223	0.01124
847.80329	0.01116
848.04435	0.01109
848.28541	0.01103
848.52646	0.01098
848.76752	0.01095
849.00858	0.01093
849.24964	0.01093
849.49070	0.01095
849.73176	0.01097
849.97282	0.01101
850.21388	0.01106
850.45493	0.01111
850.69599	0.01116
850.93705	0.01121
851.17811	0.01126
851.41917	0.01130
851.66023	0.01134
851.90129	0.01137
852.14234	0.01139
852.38340	0.01141
852.62446	0.01143
852.86552	0.01144
853.10658	0.01146
853.34764	0.01148
853.58870	0.01152
853.82976	0.01156
854.07081	0.01161
854.31187	0.01166
854.55293	0.01172
854.79399	0.01177
855.03505	0.01183
855.27611	0.01187
855.51717	0.01191
855.75822	0.01195
855.99928	0.01198
856.24034	0.01200
856.48140	0.01203
856.72246	0.01205
856.96352	0.01207
857.20458	0.01209
857.44564	0.01211
857.68669	0.01212
857.92775	0.01212
858.16881	0.01211
858.40987	0.01210
858.65093	0.01208
858.89199	0.01205
859.13305	0.01202
859.37410	0.01199
859.61516	0.01196
859.85622	0.01193
860.09728	0.01189
860.33834	0.01185
860.57940	0.01180
860.82046	0.01175
861.06151	0.01168
861.30257	0.01159
861.54363	0.01150
861.78469	0.01140
862.02575	0.01129
862.26681	0.01117
862.50787	0.01105
862.74893	0.01094
862.98998	0.01081
863.23104	0.01069
863.47210	0.01056
863.71316	0.01042
863.95422	0.01027
864.19528	0.01011
864.43634	0.00994
864.67739	0.00978
864.91845	0.00961
865.15951	0.00946
865.40057	0.00931
865.64163	0.00918
865.88269	0.00906
866.12375	0.00896
866.36481	0.00886
866.60586	0.00876
866.84692	0.00865
867.08798	0.00854
867.32904	0.00841
867.57010	0.00826
867.81116	0.00810
868.05222	0.00793
868.29327	0.00774
868.53433	0.00755
868.77539	0.00735
869.01645	0.00716
869.25751	0.00697
869.49857	0.00679
869.73963	0.00663
869.98069	0.00649
870.22174	0.00637
870.46280	0.00628
870.70386	0.00621
870.94492	0.00617
871.18598	0.00617
871.42704	0.00620
871.66810	0.00627
871.90915	0.00636
872.15021	0.00649
872.39127	0.00665
872.63233	0.00682
872.87339	0.00701
873.11445	0.00720
873.35551	0.00739
873.59656	0.00757
873.83762	0.00773
874.07868	0.00787
874.31974	0.00798
874.56080	0.00808
874.80186	0.00816
875.04292	0.00822
875.28398	0.00827
875.52503	0.00830
875.76609	0.00832
876.00715	0.00833
876.24821	0.00833
876.48927	0.00832
876.73033	0.00829
876.97139	0.00826
877.21244	0.00821
877.45350	0.00814
877.69456	0.00807
877.93562	0.00800
878.17668	0.00792
878.41774	0.00783
878.65880	0.00775
878.89986	0.00767
879.14091	0.00760
879.38197	0.00752
879.62303	0.00743
879.86409	0.00735
880.10515	0.00725
880.34621	0.00715
880.58727	0.00704
880.82832	0.00692
881.06938	0.00680
881.31044	0.00668
881.55150	0.00655
881.79256	0.00644
882.03362	0.00632
882.27468	0.00622
882.51574	0.00613
882.75679	0.00604
882.99785	0.00597
883.23891	0.00590
883.47997	0.00583
883.72103	0.00576
883.96209	0.00569
884.20315	0.00562
884.44420	0.00553
884.68526	0.00544
884.92632	0.00533
885.16738	0.00521
885.40844	0.00507
885.64950	0.00493
885.89056	0.00478
886.13161	0.00462
886.37267	0.00447
886.61373	0.00432
886.85479	0.00418
887.09585	0.00404
887.33691	0.00392
887.57797	0.00381
887.81903	0.00371
888.06008	0.00362
888.30114	0.00355
888.54220	0.00349
888.78326	0.00343
889.02432	0.00338
889.26538	0.00333
889.50644	0.00328
889.74749	0.00323
889.98855	0.00317
890.22961	0.00312
890.47067	0.00305
890.71173	0.00298
890.95279	0.00291
891.19385	0.00285
891.43491	0.00278
891.67596	0.00272
891.91702	0.00267
892.15808	0.00262
892.39914	0.00258
892.64020	0.00256
892.88126	0.00253
893.12232	0.00252
893.36337	0.00250
893.60443	0.00249
893.84549	0.00248
894.08655	0.00247
894.32761	0.00245
894.56867	0.00243
894.80973	0.00241
895.05079	0.00239
895.29184	0.00236
895.53290	0.00232
895.77396	0.00228
896.01502	0.00224
896.25608	0.00219
896.49714	0.00213
896.73820	0.00207
896.97925	0.00200
897.22031	0.00194
897.46137	0.00187
897.70243	0.00180
897.94349	0.00173
898.18455	0.00165
898.42561	0.00158
898.66667	0.00151
898.90772	0.00144
899.14878	0.00138
899.38984	0.00134
899.63090	0.00132
