0.00000	0.03448
0.24106	0.03493
0.48212	0.03613
0.72318	0.03774
0.96423	0.03927
1.20529	0.04024
1.44635	0.04029
1.68741	0.03930
1.92847	0.03736
2.16953	0.03459
2.41059	0.03160
2.65165	0.02879
2.89270	0.02644
3.13376	0.02470
3.37482	0.02356
3.61588	0.02291
3.85694	0.02257
4.09800	0.02238
4.33906	0.02225
4.58011	0.02212
4.82117	0.02202
5.06223	0.02195
5.30329	0.02197
5.54435	0.02205
5.78541	0.02219
6.02647	0.02230
6.26753	0.02235
6.50858	0.02232
6.74964	0.02217
6.99070	0.02192
7.23176	0.02158
7.47282	0.02120
7.71388	0.02078
7.95494	0.02033
8.19599	0.01988
8.43705	0.01942
8.67811	0.01899
8.91917	0.01860
9.16023	0.01830
9.40129	0.01812
9.64235	0.01813
9.88340	0.01832
10.12446	0.01881
10.36552	0.01968
10.60658	0.02098
10.84764	0.02272
11.08870	0.02486
11.32976	0.02730
11.57082	0.02988
11.81187	0.03240
12.05293	0.03453
12.29399	0.03603
12.53505	0.03668
12.77611	0.03636
13.01717	0.03505
13.25823	0.03288
13.49928	0.03005
13.74034	0.02655
13.98140	0.02311
14.22246	0.02012
14.46352	0.01791
14.70458	0.01665
14.94564	0.01637
15.18670	0.01696
15.42775	0.01820
15.66881	0.01993
15.90987	0.02174
16.15093	0.02335
16.39199	0.02457
16.63305	0.02528
16.87411	0.02549
17.11516	0.02526
17.35622	0.02472
17.59728	0.02394
17.83834	0.02314
18.07940	0.02239
18.32046	0.02172
18.56152	0.02112
18.80258	0.02055
19.04363	0.01993
19.28469	0.01920
19.52575	0.01832
19.76681	0.01725
20.00787	0.01599
20.24893	0.01457
20.48999	0.01302
20.73104	0.01140
20.97210	0.00975
21.21316	0.00812
21.45422	0.00638
21.69528	0.00459
21.93634	0.00312
22.17740	0.00225
22.41845	0.00216
22.65951	0.00284
22.90057	0.00415
23.14163	0.00581
23.38269	0.00730
23.62375	0.00885
23.86481	0.01040
24.10587	0.01189
24.34692	0.01327
24.58798	0.01454
24.82904	0.01570
25.07010	0.01679
25.31116	0.01791
25.55222	0.01914
25.79328	0.02058
26.03433	0.02226
26.27539	0.02418
26.51645	0.02633
26.75751	0.02864
26.99857	0.03107
27.23963	0.03354
27.48069	0.03600
27.72175	0.03837
27.96280	0.04061
28.20386	0.04265
28.44492	0.04442
28.68598	0.04589
28.92704	0.04703
29.16810	0.04788
29.40916	0.04852
29.65021	0.04913
29.89127	0.04988
30.13233	0.05099
30.37339	0.05261
30.61445	0.05480
30.85551	0.05756
31.09657	0.06085
31.33763	0.06434
31.57868	0.06776
31.81974	0.07087
32.06080	0.07350
32.30186	0.07558
32.54292	0.07712
32.78398	0.07822
33.02504	0.07866
33.26609	0.07894
33.50715	0.07930
33.74821	0.07991
33.98927	0.08089
34.23033	0.08227
34.47139	0.08406
34.71245	0.08622
34.95350	0.08870
35.19456	0.09145
35.43562	0.09446
35.67668	0.09773
35.91774	0.10135
36.15880	0.10543
36.39986	0.11019
36.64092	0.11586
36.88197	0.12265
37.12303	0.13087
37.36409	0.14061
37.60515	0.15183
37.84621	0.16432
38.08727	0.17765
38.32833	0.19124
38.56938	0.20443
38.81044	0.21655
39.05150	0.22697
39.29256	0.23523
39.53362	0.24108
39.77468	0.24453
40.01574	0.24578
40.25680	0.24525
40.49785	0.24345
40.73891	0.24094
40.97997	0.23831
41.22103	0.23602
41.46209	0.23442
41.70315	0.23374
41.94421	0.23406
42.18526	0.23539
42.42632	0.23768
42.66738	0.24089
42.90844	0.24500
43.14950	0.25005
43.39056	0.25614
43.63162	0.26333
43.87268	0.27167
44.11373	0.28108
44.35479	0.29134
44.59585	0.30206
44.83691	0.31268
45.07797	0.32256
45.31903	0.33102
45.56009	0.33748
45.80114	0.34152
46.04220	0.34298
46.28326	0.34195
46.52432	0.33878
46.76538	0.33402
47.00644	0.32836
47.24750	0.32250
47.48855	0.31710
47.72961	0.31265
47.97067	0.30953
48.21173	0.30790
48.45279	0.30782
48.69385	0.30923
48.93491	0.31208
49.17597	0.31635
49.41702	0.32212
49.65808	0.32955
49.89914	0.33888
50.14020	0.35036
50.38126	0.36415
50.62232	0.38029
50.86338	0.39859
51.10443	0.41864
51.34549	0.43978
51.58655	0.46118
51.82761	0.48193
52.06867	0.50117
52.30973	0.51818
52.55079	0.53247
52.79185	0.54382
53.03290	0.55231
53.27396	0.55822
53.51502	0.56201
53.75608	0.56419
53.99714	0.56524
54.23820	0.56556
54.47926	0.56546
54.72031	0.56515
54.96137	0.56482
55.20243	0.56464
55.44349	0.56490
55.68455	0.56602
55.92561	0.56853
56.16667	0.57312
56.40773	0.58047
56.64878	0.59120
56.88984	0.60573
57.13090	0.62412
57.37196	0.64606
57.61302	0.67079
57.85408	0.69718
58.09514	0.72382
58.33619	0.74927
58.57725	0.77221
58.81831	0.79162
59.05937	0.80699
59.30043	0.81828
59.54149	0.82596
59.78255	0.83084
60.02361	0.83389
60.26466	0.83603
60.50572	0.83795
60.74678	0.83997
60.98784	0.84205
61.22890	0.84385
61.46996	0.84486
61.71102	0.84463
61.95207	0.84295
62.19313	0.83998
62.43419	0.83632
62.67525	0.83297
62.91631	0.83120
63.15737	0.83231
63.39843	0.83744
63.63948	0.84732
63.88054	0.86212
64.12160	0.88141
64.36266	0.90424
64.60372	0.92923
64.84478	0.95482
65.08584	0.97949
65.32690	1.00198
65.56795	1.02141
65.80901	1.03733
66.05007	1.04974
66.29113	1.05890
66.53219	1.06519
66.77325	1.06896
67.01431	1.07040
67.25536	1.06947
67.49642	1.06588
67.73748	1.05924
67.97854	1.04914
68.21960	1.03529
68.46066	1.01772
68.70172	0.99681
68.94278	0.97331
69.18383	0.94833
69.42489	0.92319
69.66595	0.89922
69.90701	0.87772
70.14807	0.85967
70.38913	0.84571
70.63019	0.83607
70.87124	0.83061
71.11230	0.82891
71.35336	0.83041
71.59442	0.83457
71.83548	0.84097
72.07654	0.84939
72.31760	0.85984
72.55866	0.87247
72.79971	0.88745
73.04077	0.90484
73.28183	0.92444
73.52289	0.94567
73.76395	0.96760
74.00501	0.98897
74.24607	1.00830
74.48712	1.02412
74.72818	1.03518
74.96924	1.04062
75.21030	1.04011
75.45136	1.03393
75.69242	1.02294
75.93348	1.00847
76.17453	0.99213
76.41559	0.97568
76.65665	0.96077
76.89771	0.94884
77.13877	0.94098
77.37983	0.93791
77.62089	0.94001
77.86195	0.94737
78.10300	0.95996
78.34406	0.97764
78.58512	1.00037
78.82618	1.02813
79.06724	1.06100
79.30830	1.09901
79.54936	1.14207
79.79041	1.18977
80.03147	1.24128
80.27253	1.29525
80.51359	1.34984
80.75465	1.40284
80.99571	1.45185
81.23677	1.49459
81.47783	1.52921
81.71888	1.55454
81.95994	1.57023
82.20100	1.57684
82.44206	1.57574
82.68312	1.56888
82.92418	1.55848
83.16524	1.54674
83.40629	1.53551
83.64735	1.52615
83.88841	1.51941
84.12947	1.51553
84.37053	1.51441
84.61159	1.51587
84.85265	1.51990
85.09371	1.52684
85.33476	1.53748
85.57582	1.55298
85.81688	1.57469
86.05794	1.60385
86.29900	1.64126
86.54006	1.68698
86.78112	1.74012
87.02217	1.79878
87.26323	1.86023
87.50429	1.92116
87.74535	1.97811
87.98641	2.02794
88.22747	2.06822
88.46853	2.09759
88.70958	2.11582
88.95064	2.12380
89.19170	2.12323
89.43276	2.11630
89.67382	2.10525
89.91488	2.09196
90.15594	2.07775
90.39700	2.06323
90.63805	2.04842
90.87911	2.03297
91.12017	2.01652
91.36123	1.99901
91.60229	1.98094
91.84335	1.96354
92.08441	1.94870
92.32546	1.93873
92.56652	1.93607
92.80758	1.94279
93.04864	1.96024
93.28970	1.98873
93.53076	2.02739
93.77182	2.07424
94.01288	2.12647
94.25393	2.18081
94.49499	2.23403
94.73605	2.28336
94.97711	2.32691
95.21817	2.36372
95.45923	2.39379
95.70029	2.41783
95.94134	2.43692
96.18240	2.45207
96.42346	2.46395
96.66452	2.47258
96.90558	2.47733
97.14664	2.47708
97.38770	2.47048
97.62876	2.45640
97.86981	2.43427
98.11087	2.40445
98.35193	2.36830
98.59299	2.32819
98.83405	2.28726
99.07511	2.24899
99.31617	2.21675
99.55722	2.19331
99.79828	2.18053
100.03934	2.17910
100.28040	2.18859
100.52146	2.20759
100.76252	2.23410
101.00358	2.26584
101.24464	2.30076
101.48569	2.33723
101.72675	2.37427
101.96781	2.41149
102.20887	2.44892
102.44993	2.48668
102.69099	2.52473
102.93205	2.56252
103.17310	2.59882
103.41416	2.63175
103.65522	2.65898
103.89628	2.67801
104.13734	2.68663
104.37840	2.68333
104.61946	2.66764
104.86051	2.64027
105.10157	2.60314
105.34263	2.55908
105.58369	2.51154
105.82475	2.46404
106.06581	2.41978
106.30687	2.38121
106.54793	2.34990
106.78898	2.32646
107.03004	2.31067
107.27110	2.30183
107.51216	2.29906
107.75322	2.30166
107.99428	2.30932
108.23534	2.32225
108.47639	2.34107
108.71745	2.36661
108.95851	2.39960
109.19957	2.44029
109.44063	2.48819
109.68169	2.54188
109.92275	2.59898
110.16381	2.65635
110.40486	2.71044
110.64592	2.75768
110.88698	2.79501
111.12804	2.82021
111.36910	2.83228
111.61016	2.83147
111.85122	2.81921
112.09227	2.79781
112.33333	2.77010
112.57439	2.73892
112.81545	2.70673
113.05651	2.67531
113.29757	2.64566
113.53863	2.61806
113.77969	2.59230
114.02074	2.56803
114.26180	2.54513
114.50286	2.52402
114.74392	2.50575
114.98498	2.49201
115.22604	2.48485
115.46710	2.48631
115.70815	2.49798
115.94921	2.52057
116.19027	2.55362
116.43133	2.59542
116.67239	2.64315
116.91345	2.69324
117.15451	2.74188
117.39556	2.78553
117.63662	2.82145
117.87768	2.84801
118.11874	2.86486
118.35980	2.87273
118.60086	2.87319
118.84192	2.86819
119.08298	2.85958
119.32403	2.84876
119.56509	2.83638
119.80615	2.82233
120.04721	2.80591
120.28827	2.78613
120.52933	2.76213
120.77039	2.73360
121.01144	2.70105
121.25250	2.66597
121.49356	2.63075
121.73462	2.59837
121.97568	2.57204
122.21674	2.55462
122.45780	2.54819
122.69886	2.55367
122.93991	2.57069
123.18097	2.59765
123.42203	2.63199
123.66309	2.67068
123.90415	2.71068
124.14521	2.74940
124.38627	2.78507
124.62732	2.81684
124.86838	2.84472
125.10944	2.86929
125.35050	2.89133
125.59156	2.91142
125.83262	2.92960
126.07368	2.94519
126.31474	2.95683
126.55579	2.96268
126.79685	2.96082
127.03791	2.94966
127.27897	2.92838
127.52003	2.89720
127.76109	2.85752
128.00215	2.81184
128.24320	2.76345
128.48426	2.71603
128.72532	2.67310
128.96638	2.63759
129.20744	2.61143
129.44850	2.59541
129.68956	2.58912
129.93061	2.59120
130.17167	2.59966
130.41273	2.61232
130.65379	2.62724
130.89485	2.64300
131.13591	2.65890
131.37697	2.67491
131.61803	2.69149
131.85908	2.70927
132.10014	2.72865
132.34120	2.74955
132.58226	2.77114
132.82332	2.79186
133.06438	2.80958
133.30544	2.82190
133.54649	2.82664
133.78755	2.82217
134.02861	2.80780
134.26967	2.78394
134.51073	2.75210
134.75179	2.71466
134.99285	2.67450
135.23391	2.63464
135.47496	2.59766
135.71602	2.56548
135.95708	2.53914
136.19814	2.51878
136.43920	2.50377
136.68026	2.49305
136.92132	2.48547
137.16237	2.48008
137.40343	2.47642
137.64449	2.47464
137.88555	2.47541
138.12661	2.47974
138.36767	2.48872
138.60873	2.50311
138.84979	2.52307
139.09084	2.54798
139.33190	2.57636
139.57296	2.60604
139.81402	2.63439
140.05508	2.65872
140.29614	2.67672
140.53720	2.68677
140.77825	2.68818
141.01931	2.68127
141.26037	2.66725
141.50143	2.64794
141.74249	2.62541
141.98355	2.60163
142.22461	2.57813
142.46566	2.55581
142.70672	2.53496
142.94778	2.51531
143.18884	2.49635
143.42990	2.47761
143.67096	2.45892
143.91202	2.44065
144.15308	2.42378
144.39413	2.40978
144.63519	2.40043
144.87625	2.39745
145.11731	2.40218
145.35837	2.41526
145.59943	2.43642
145.84049	2.46445
146.08154	2.49733
146.32260	2.53246
146.56366	2.56712
146.80472	2.59877
147.04578	2.62548
147.28684	2.64616
147.52790	2.66057
147.76896	2.66932
148.01001	2.67352
148.25107	2.67455
148.49213	2.67362
148.73319	2.67153
148.97425	2.66849
149.21531	2.66407
149.45637	2.65741
149.69742	2.64745
149.93848	2.63330
150.17954	2.61451
150.42060	2.59136
150.66166	2.56492
150.90272	2.53698
151.14378	2.50983
151.38484	2.48589
151.62589	2.46735
151.86695	2.45581
152.10801	2.45200
152.34907	2.45571
152.59013	2.46581
152.83119	2.48054
153.07225	2.49777
153.31330	2.51541
153.55436	2.53174
153.79542	2.54567
154.03648	2.55683
154.27754	2.56554
154.51860	2.57255
154.75966	2.57884
155.00072	2.58522
155.24177	2.59209
155.48283	2.59926
155.72389	2.60590
155.96495	2.61074
156.20601	2.61223
156.44707	2.60893
156.68813	2.59986
156.92918	2.58472
157.17024	2.56407
157.41130	2.53928
157.65236	2.51237
157.89342	2.48571
158.13448	2.46163
158.37554	2.44207
158.61659	2.42829
158.85765	2.42074
159.09871	2.41905
159.33977	2.42219
159.58083	2.42873
159.82189	2.43718
160.06295	2.44629
160.30401	2.45526
160.54506	2.46384
160.78612	2.47233
161.02718	2.48138
161.26824	2.49177
161.50930	2.50414
161.75036	2.51873
161.99142	2.53526
162.23247	2.55288
162.47353	2.57027
162.71459	2.58588
162.95565	2.59819
163.19671	2.60599
163.43777	2.60866
163.67883	2.60627
163.91989	2.59960
164.16094	2.59002
164.40200	2.57925
164.64306	2.56902
164.88412	2.56081
165.12518	2.55559
165.36624	2.55371
165.60730	2.55485
165.84835	2.55823
166.08941	2.56281
166.33047	2.56758
166.57153	2.57185
166.81259	2.57541
167.05365	2.57861
167.29471	2.58228
167.53577	2.58755
167.77682	2.59551
168.01788	2.60700
168.25894	2.62228
168.50000	2.64090
168.74106	2.66174
168.98212	2.68308
169.22318	2.70291
169.46423	2.71928
169.70529	2.73059
169.94635	2.73590
170.18741	2.73510
170.42847	2.72890
170.66953	2.71867
170.91059	2.70623
171.15164	2.69343
171.39270	2.68192
171.63376	2.67276
171.87482	2.66637
172.11588	2.66244
172.35694	2.66012
172.59800	2.65824
172.83906	2.65561
173.08011	2.65138
173.32117	2.64518
173.56223	2.63731
173.80329	2.62864
174.04435	2.62051
174.28541	2.61438
174.52647	2.61157
174.76752	2.61291
175.00858	2.61858
175.24964	2.62802
175.49070	2.63998
175.73176	2.65274
175.97282	2.66443
176.21388	2.67334
176.45494	2.67823
176.69599	2.67852
176.93705	2.67438
177.17811	2.66661
177.41917	2.65648
177.66023	2.64543
177.90129	2.63474
178.14235	2.62535
178.38340	2.61762
178.62446	2.61139
178.86552	2.60601
179.10658	2.60059
179.34764	2.59426
179.58870	2.58640
179.82976	2.57686
180.07082	2.56603
180.31187	2.55484
180.55293	2.54454
180.79399	2.53653
181.03505	2.53204
181.27611	2.53190
181.51717	2.53634
181.75823	2.54492
181.99928	2.55661
182.24034	2.56994
182.48140	2.58328
182.72246	2.59511
182.96352	2.60426
183.20458	2.61016
183.44564	2.61282
183.68669	2.61284
183.92775	2.61119
184.16881	2.60901
184.40987	2.60736
184.65093	2.60694
184.89199	2.60800
185.13305	2.61028
185.37411	2.61313
185.61516	2.61564
185.85622	2.61692
186.09728	2.61634
186.33834	2.61367
186.57940	2.60924
186.82046	2.60384
187.06152	2.59868
187.30257	2.59507
187.54363	2.59422
187.78469	2.59698
188.02575	2.60365
188.26681	2.61392
188.50787	2.62691
188.74893	2.64136
188.98999	2.65580
189.23104	2.66893
189.47210	2.67975
189.71316	2.68782
189.95422	2.69324
190.19528	2.69664
190.43634	2.69896
190.67740	2.70125
190.91845	2.70438
191.15951	2.70881
191.40057	2.71450
191.64163	2.72087
191.88269	2.72691
192.12375	2.73138
192.36481	2.73309
192.60587	2.73120
192.84692	2.72536
193.08798	2.71590
193.32904	2.70379
193.57010	2.69048
193.81116	2.67770
194.05222	2.66711
194.29328	2.66006
194.53433	2.65734
194.77539	2.65902
195.01645	2.66453
195.25751	2.67272
195.49857	2.68219
195.73963	2.69146
195.98069	2.69936
196.22174	2.70518
196.46280	2.70878
196.70386	2.71056
196.94492	2.71135
197.18598	2.71215
197.42704	2.71385
197.66810	2.71706
197.90916	2.72187
198.15021	2.72787
198.39127	2.73417
198.63233	2.73961
198.87339	2.74300
199.11445	2.74337
199.35551	2.74021
199.59657	2.73358
199.83762	2.72416
200.07868	2.71310
200.31974	2.70188
200.56080	2.69198
200.80186	2.68470
201.04292	2.68089
201.28398	2.68085
201.52504	2.68430
201.76609	2.69050
202.00715	2.69840
202.24821	2.70692
202.48927	2.71515
202.73033	2.72254
202.97139	2.72897
203.21245	2.73478
203.45350	2.74063
203.69456	2.74728
203.93562	2.75540
204.17668	2.76537
204.41774	2.77707
204.65880	2.78990
204.89986	2.80280
205.14092	2.81445
205.38197	2.82346
205.62303	2.82867
205.86409	2.82936
206.10515	2.82540
206.34621	2.81730
206.58727	2.80612
206.82833	2.79329
207.06938	2.78036
207.31044	2.76875
207.55150	2.75950
207.79256	2.75312
208.03362	2.74956
208.27468	2.74830
208.51574	2.74848
208.75680	2.74917
208.99785	2.74958
209.23891	2.74924
209.47997	2.74815
209.72103	2.74671
209.96209	2.74565
210.20315	2.74582
210.44421	2.74799
210.68526	2.75260
210.92632	2.75962
211.16738	2.76850
211.40844	2.77822
211.64950	2.78741
211.89056	2.79466
212.13162	2.79869
212.37267	2.79864
212.61373	2.79419
212.85479	2.78565
213.09585	2.77383
213.33691	2.75995
213.57797	2.74534
213.81903	2.73127
214.06009	2.71866
214.30114	2.70800
214.54220	2.69928
214.78326	2.69207
215.02432	2.68569
215.26538	2.67943
215.50644	2.67272
215.74750	2.66536
215.98855	2.65757
216.22961	2.64999
216.47067	2.64357
216.71173	2.63939
216.95279	2.63841
217.19385	2.64125
217.43491	2.64803
217.67597	2.65832
217.91702	2.67113
218.15808	2.68509
218.39914	2.69865
218.64020	2.71035
218.88126	2.71905
219.12232	2.72410
219.36338	2.72544
219.60443	2.72354
219.84549	2.71928
220.08655	2.71373
220.32761	2.70791
220.56867	2.70260
220.80973	2.69815
221.05079	2.69447
221.29185	2.69111
221.53290	2.68734
221.77396	2.68243
222.01502	2.67582
222.25608	2.66733
222.49714	2.65722
222.73820	2.64622
222.97926	2.63541
223.22031	2.62605
223.46137	2.61936
223.70243	2.61625
223.94349	2.61724
224.18455	2.62228
224.42561	2.63079
224.66667	2.64179
224.90772	2.65404
225.14878	2.66627
225.38984	2.67741
225.63090	2.68672
225.87196	2.69390
226.11302	2.69910
226.35408	2.70275
226.59514	2.70551
226.83619	2.70796
227.07725	2.71053
227.31831	2.71329
227.55937	2.71594
227.80043	2.71788
228.04149	2.71827
228.28255	2.71630
228.52360	2.71134
228.76466	2.70313
229.00572	2.69188
229.24678	2.67831
229.48784	2.66353
229.72890	2.64893
229.96996	2.63589
230.21102	2.62559
230.45207	2.61881
230.69313	2.61582
230.93419	2.61636
231.17525	2.61970
231.41631	2.62483
231.65737	2.63066
231.89843	2.63623
232.13948	2.64089
232.38054	2.64438
232.62160	2.64681
232.86266	2.64862
233.10372	2.65036
233.34478	2.65253
233.58584	2.65542
233.82690	2.65893
234.06795	2.66261
234.30901	2.66563
234.55007	2.66700
234.79113	2.66569
235.03219	2.66087
235.27325	2.65212
235.51431	2.63948
235.75536	2.62352
235.99642	2.60525
236.23748	2.58598
236.47854	2.56711
236.71960	2.54992
236.96066	2.53540
237.20172	2.52409
237.44277	2.51611
237.68383	2.51112
237.92489	2.50852
238.16595	2.50757
238.40701	2.50759
238.64807	2.50809
238.88913	2.50886
239.13019	2.51000
239.37124	2.51184
239.61230	2.51480
239.85336	2.51928
240.09442	2.52546
240.33548	2.53324
240.57654	2.54213
240.81760	2.55136
241.05865	2.55989
241.29971	2.56668
241.54077	2.57079
241.78183	2.57158
242.02289	2.56881
242.26395	2.56269
242.50501	2.55384
242.74607	2.54316
242.98712	2.53170
243.22818	2.52043
243.46924	2.51011
243.71030	2.50118
243.95136	2.49375
244.19242	2.48760
244.43348	2.48231
244.67453	2.47742
244.91559	2.47256
245.15665	2.46759
245.39771	2.46268
245.63877	2.45828
245.87983	2.45504
246.12089	2.45373
246.36195	2.45501
246.60300	2.45932
246.84406	2.46675
247.08512	2.47693
247.32618	2.48911
247.56724	2.50222
247.80830	2.51501
248.04936	2.52624
248.29041	2.53488
248.53147	2.54022
248.77253	2.54196
249.01359	2.54025
249.25465	2.53556
249.49571	2.52862
249.73677	2.52019
249.97783	2.51096
250.21888	2.50143
250.45994	2.49181
250.70100	2.48206
250.94206	2.47195
251.18312	2.46117
251.42418	2.44951
251.66524	2.43690
251.90629	2.42357
252.14735	2.41002
252.38841	2.39700
252.62947	2.38538
252.87053	2.37601
253.11159	2.36957
253.35265	2.36642
253.59370	2.36655
253.83476	2.36954
254.07582	2.37464
254.31688	2.38088
254.55794	2.38721
254.79900	2.39272
255.04006	2.39668
255.28112	2.39872
255.52217	2.39877
255.76323	2.39707
256.00429	2.39402
256.24535	2.39006
256.48641	2.38555
256.72747	2.38067
256.96853	2.37535
257.20958	2.36935
257.45064	2.36225
257.69170	2.35364
257.93276	2.34323
258.17382	2.33093
258.41488	2.31695
258.65594	2.30182
258.89700	2.28631
259.13805	2.27135
259.37911	2.25787
259.62017	2.24670
259.86123	2.23841
260.10229	2.23324
260.34335	2.23112
260.58441	2.23164
260.82546	2.23420
261.06652	2.23810
261.30758	2.24267
261.54864	2.24735
261.78970	2.25181
262.03076	2.25588
262.27182	2.25961
262.51288	2.26310
262.75393	2.26650
262.99499	2.26982
263.23605	2.27294
263.47711	2.27554
263.71817	2.27717
263.95923	2.27726
264.20029	2.27529
264.44134	2.27085
264.68240	2.26378
264.92346	2.25419
265.16452	2.24253
265.40558	2.22948
265.64664	2.21589
265.88770	2.20267
266.12875	2.19064
266.36981	2.18040
266.61087	2.17229
266.85193	2.16635
267.09299	2.16235
267.33405	2.15989
267.57511	2.15848
267.81617	2.15765
268.05722	2.15708
268.29828	2.15662
268.53934	2.15630
268.78040	2.15632
269.02146	2.15693
269.26252	2.15837
269.50358	2.16072
269.74463	2.16389
269.98569	2.16754
270.22675	2.17112
270.46781	2.17395
270.70887	2.17529
270.94993	2.17452
271.19099	2.17120
271.43205	2.16518
271.67310	2.15661
271.91416	2.14592
272.15522	2.13377
272.39628	2.12092
272.63734	2.10808
272.87840	2.09586
273.11946	2.08467
273.36051	2.07466
273.60157	2.06578
273.84263	2.05783
274.08369	2.05053
274.32475	2.04367
274.56581	2.03710
274.80687	2.03088
275.04793	2.02519
275.28898	2.02038
275.53004	2.01683
275.77110	2.01485
276.01216	2.01466
276.25322	2.01626
276.49428	2.01938
276.73534	2.02356
276.97639	2.02815
277.21745	2.03240
277.45851	2.03562
277.69957	2.03723
277.94063	2.03688
278.18169	2.03448
278.42275	2.03021
278.66380	2.02444
278.90486	2.01766
279.14592	2.01040
279.38698	2.00309
279.62804	1.99605
279.86910	1.98937
280.11016	1.98303
280.35122	1.97685
280.59227	1.97065
280.83333	1.96429
281.07439	1.95776
281.31545	1.95124
281.55651	1.94505
281.79757	1.93969
282.03863	1.93566
282.27968	1.93347
282.52074	1.93348
282.76180	1.93583
283.00286	1.94044
283.24392	1.94694
283.48498	1.95481
283.72604	1.96337
283.96710	1.97193
284.20815	1.97988
284.44921	1.98676
284.69027	1.99230
284.93133	1.99644
285.17239	1.99927
285.41345	2.00101
285.65451	2.00189
285.89556	2.00209
286.13662	2.00168
286.37768	2.00062
286.61874	1.99875
286.85980	1.99583
287.10086	1.99165
287.34192	1.98607
287.58298	1.97910
287.82403	1.97092
288.06509	1.96194
288.30615	1.95269
288.54721	1.94381
288.78827	1.93593
289.02933	1.92961
289.27039	1.92521
289.51144	1.92290
289.75250	1.92260
289.99356	1.92402
290.23462	1.92673
290.47568	1.93019
290.71674	1.93391
290.95780	1.93746
291.19885	1.94054
291.43991	1.94300
291.68097	1.94485
291.92203	1.94614
292.16309	1.94699
292.40415	1.94744
292.64521	1.94745
292.88627	1.94688
293.12732	1.94547
293.36838	1.94291
293.60944	1.93888
293.85050	1.93317
294.09156	1.92571
294.33262	1.91665
294.57368	1.90632
294.81473	1.89525
295.05579	1.88408
295.29685	1.87346
295.53791	1.86400
295.77897	1.85612
296.02003	1.85007
296.26109	1.84588
296.50215	1.84338
296.74320	1.84227
296.98426	1.84220
297.22532	1.84284
297.46638	1.84395
297.70744	1.84542
297.94850	1.84727
298.18956	1.84962
298.43061	1.85263
298.67167	1.85645
298.91273	1.86112
299.15379	1.86654
299.39485	1.87243
299.63591	1.87839
299.87697	1.88389
300.11803	1.88839
300.35908	1.89141
300.60014	1.89260
300.84120	1.89183
301.08226	1.88917
301.32332	1.88495
301.56438	1.87965
301.80544	1.87384
302.04649	1.86810
302.28755	1.86296
302.52861	1.85876
302.76967	1.85569
303.01073	1.85374
303.25179	1.85279
303.49285	1.85261
303.73391	1.85296
303.97496	1.85369
304.21602	1.85472
304.45708	1.85611
304.69814	1.85804
304.93920	1.86072
305.18026	1.86438
305.42132	1.86918
305.66237	1.87512
305.90343	1.88206
306.14449	1.88967
306.38555	1.89750
306.62661	1.90501
306.86767	1.91168
307.10873	1.91706
307.34978	1.92085
307.59084	1.92295
307.83190	1.92344
308.07296	1.92259
308.31402	1.92074
308.55508	1.91830
308.79614	1.91563
309.03720	1.91297
309.27825	1.91047
309.51931	1.90815
309.76037	1.90591
310.00143	1.90363
310.24249	1.90120
310.48355	1.89861
310.72461	1.89592
310.96566	1.89335
311.20672	1.89122
311.44778	1.88988
311.68884	1.88969
311.92990	1.89094
312.17096	1.89376
312.41202	1.89808
312.65308	1.90367
312.89413	1.91012
313.13519	1.91690
313.37625	1.92345
313.61731	1.92923
313.85837	1.93386
314.09943	1.93707
314.34049	1.93883
314.58154	1.93922
314.82260	1.93850
315.06366	1.93694
315.30472	1.93483
315.54578	1.93236
315.78684	1.92963
316.02790	1.92664
316.26896	1.92330
316.51001	1.91948
316.75107	1.91508
316.99213	1.91012
317.23319	1.90471
317.47425	1.89912
317.71531	1.89371
317.95637	1.88892
318.19742	1.88518
318.43848	1.88284
318.67954	1.88211
318.92060	1.88302
319.16166	1.88544
319.40272	1.88906
319.64378	1.89347
319.88483	1.89823
320.12589	1.90292
320.36695	1.90721
320.60801	1.91090
320.84907	1.91390
321.09013	1.91626
321.33119	1.91810
321.57225	1.91954
321.81330	1.92069
322.05436	1.92158
322.29542	1.92215
322.53648	1.92223
322.77754	1.92163
323.01860	1.92009
323.25966	1.91745
323.50071	1.91361
323.74177	1.90865
323.98283	1.90278
324.22389	1.89638
324.46495	1.88991
324.70601	1.88389
324.94707	1.87877
325.18813	1.87491
325.42918	1.87252
325.67024	1.87162
325.91130	1.87205
326.15236	1.87355
326.39342	1.87578
326.63448	1.87840
326.87554	1.88117
327.11659	1.88390
327.35765	1.88655
327.59871	1.88916
327.83977	1.89183
328.08083	1.89464
328.32189	1.89762
328.56295	1.90070
328.80401	1.90367
329.04506	1.90625
329.28612	1.90807
329.52718	1.90875
329.76824	1.90798
330.00930	1.90557
330.25036	1.90150
330.49142	1.89593
330.73247	1.88919
330.97353	1.88175
331.21459	1.87412
331.45565	1.86680
331.69671	1.86023
331.93777	1.85467
332.17883	1.85025
332.41988	1.84693
332.66094	1.84453
332.90200	1.84281
333.14306	1.84150
333.38412	1.84037
333.62518	1.83928
333.86624	1.83822
334.10730	1.83725
334.34835	1.83651
334.58941	1.83614
334.83047	1.83626
335.07153	1.83688
335.31259	1.83789
335.55365	1.83909
335.79471	1.84015
336.03576	1.84069
336.27682	1.84036
336.51788	1.83889
336.75894	1.83613
337.00000	1.83208
337.24106	1.82690
337.48212	1.82089
337.72318	1.81439
337.96423	1.80778
338.20529	1.80139
338.44635	1.79543
338.68741	1.78999
338.92847	1.78505
339.16953	1.78046
339.41059	1.77606
339.65164	1.77167
339.89270	1.76717
340.13376	1.76252
340.37482	1.75781
340.61588	1.75321
340.85694	1.74894
341.09800	1.74527
341.33906	1.74237
341.58011	1.74036
341.82117	1.73922
342.06223	1.73880
342.30329	1.73884
342.54435	1.73901
342.78541	1.73893
343.02647	1.73830
343.26752	1.73689
343.50858	1.73459
343.74964	1.73141
343.99070	1.72749
344.23176	1.72302
344.47282	1.71824
344.71388	1.71335
344.95493	1.70848
345.19599	1.70370
345.43705	1.69898
345.67811	1.69421
345.91917	1.68929
346.16023	1.68412
346.40129	1.67865
346.64235	1.67293
346.88340	1.66711
347.12446	1.66139
347.36552	1.65601
347.60658	1.65124
347.84764	1.64725
348.08870	1.64415
348.32976	1.64191
348.57081	1.64040
348.81187	1.63938
349.05293	1.63857
349.29399	1.63765
349.53505	1.63635
349.77611	1.63446
350.01717	1.63187
350.25823	1.62857
350.49928	1.62464
350.74034	1.62020
350.98140	1.61541
351.22246	1.61040
351.46352	1.60526
351.70458	1.60002
351.94564	1.59464
352.18669	1.58906
352.42775	1.58318
352.66881	1.57696
352.90987	1.57037
353.15093	1.56349
353.39199	1.55647
353.63305	1.54952
353.87411	1.54290
354.11516	1.53688
354.35622	1.53168
354.59728	1.52743
354.83834	1.52419
355.07940	1.52188
355.32046	1.52034
355.56152	1.51932
355.80257	1.51854
356.04363	1.51775
356.28469	1.51672
356.52575	1.51531
356.76681	1.51346
357.00787	1.51121
357.24893	1.50865
357.48999	1.50587
357.73104	1.50298
357.97210	1.50004
358.21316	1.49703
358.45422	1.49387
358.69528	1.49041
358.93634	1.48651
359.17740	1.48198
359.41845	1.47674
359.65951	1.47076
359.90057	1.46410
360.14163	1.45692
360.38269	1.44948
360.62375	1.44204
360.86481	1.43488
361.10586	1.42822
361.34692	1.42221
361.58798	1.41690
361.82904	1.41222
362.07010	1.40806
362.31116	1.40423
362.55222	1.40054
362.79328	1.39682
363.03433	1.39297
363.27539	1.38894
363.51645	1.38473
363.75751	1.38041
363.99857	1.37605
364.23963	1.37171
364.48069	1.36741
364.72174	1.36311
364.96280	1.35872
365.20386	1.35409
365.44492	1.34906
365.68598	1.34347
365.92704	1.33719
366.16810	1.33016
366.40916	1.32237
366.65021	1.31392
366.89127	1.30496
367.13233	1.29566
367.37339	1.28622
367.61445	1.27681
367.85551	1.26755
368.09657	1.25851
368.33762	1.24968
368.57868	1.24100
368.81974	1.23237
369.06080	1.22367
369.30186	1.21482
369.54292	1.20575
369.78398	1.19642
370.02504	1.18686
370.26609	1.17712
370.50715	1.16723
370.74821	1.15724
370.98927	1.14717
371.23033	1.13698
371.47139	1.12658
371.71245	1.11585
371.95350	1.10466
372.19456	1.09286
372.43562	1.08034
372.67668	1.06703
372.91774	1.05294
373.15880	1.03811
373.39986	1.02267
373.64091	1.00677
373.88197	0.99056
374.12303	0.97421
374.36409	0.95780
374.60515	0.94144
374.84621	0.92516
375.08727	0.90896
375.32833	0.89279
375.56938	0.87664
375.81044	0.86050
376.05150	0.84438
376.29256	0.82830
376.53362	0.81241
376.77468	0.79682
377.01574	0.78169
377.25679	0.76714
377.49785	0.75326
377.73891	0.74014
377.97997	0.72780
378.22103	0.71618
378.46209	0.70534
378.70315	0.69526
378.94421	0.68591
379.18526	0.67730
379.42632	0.66946
379.66738	0.66245
379.90844	0.65634
380.14950	0.65120
380.39056	0.64715
380.63162	0.64428
380.87267	0.64265
381.11373	0.64228
381.35479	0.64316
381.59585	0.64526
381.83691	0.64852
382.07797	0.65286
382.31903	0.65823
382.56009	0.66457
382.80114	0.67186
383.04220	0.68010
383.28326	0.68929
383.52432	0.69943
383.76538	0.71051
384.00644	0.72243
384.24750	0.73516
384.48855	0.74857
384.72961	0.76253
384.97067	0.77685
385.21173	0.79135
385.45279	0.80585
385.69385	0.82022
385.93491	0.83429
386.17596	0.84805
386.41702	0.86149
386.65808	0.87459
386.89914	0.88738
387.14020	0.89985
387.38126	0.91203
387.62232	0.92390
387.86338	0.93542
388.10443	0.94657
388.34549	0.95732
388.58655	0.96766
388.82761	0.97758
389.06867	0.98712
389.30973	0.99637
389.55079	1.00543
389.79184	1.01442
390.03290	1.02349
390.27396	1.03275
390.51502	1.04230
390.75608	1.05218
390.99714	1.06237
391.23820	1.07285
391.47926	1.08351
391.72031	1.09425
391.96137	1.10498
392.20243	1.11560
392.44349	1.12606
392.68455	1.13633
392.92561	1.14640
393.16667	1.15631
393.40772	1.16606
393.64878	1.17565
393.88984	1.18506
394.13090	1.19424
394.37196	1.20311
394.61302	1.21157
394.85408	1.21954
395.09514	1.22696
395.33619	1.23380
395.57725	1.24009
395.81831	1.24594
396.05937	1.25146
396.30043	1.25684
396.54149	1.26224
396.78255	1.26782
397.02360	1.27369
397.26466	1.27992
397.50572	1.28649
397.74678	1.29335
397.98784	1.30039
398.22890	1.30750
398.46996	1.31457
398.71102	1.32149
398.95207	1.32823
399.19313	1.33478
399.43419	1.34116
399.67525	1.34744
399.91631	1.35366
400.15737	1.35986
400.39843	1.36605
400.63948	1.37218
400.88054	1.37815
401.12160	1.38384
401.36266	1.38911
401.60372	1.39381
401.84478	1.39784
402.08584	1.40113
402.32689	1.40369
402.56795	1.40559
402.80901	1.40694
403.05007	1.40790
403.29113	1.40865
403.53219	1.40934
403.77325	1.41009
404.01431	1.41099
404.25536	1.41204
404.49642	1.41323
404.73748	1.41449
404.97854	1.41576
405.21960	1.41699
405.46066	1.41815
405.70172	1.41925
405.94277	1.42036
406.18383	1.42155
406.42489	1.42289
406.66595	1.42446
406.90701	1.42628
407.14807	1.42833
407.38913	1.43053
407.63019	1.43275
407.87124	1.43483
408.11230	1.43663
408.35336	1.43798
408.59442	1.43880
408.83548	1.43903
409.07654	1.43869
409.31760	1.43786
409.55865	1.43665
409.79971	1.43518
410.04077	1.43359
410.28183	1.43198
410.52289	1.43043
410.76395	1.42895
411.00501	1.42753
411.24607	1.42614
411.48712	1.42473
411.72818	1.42327
411.96924	1.42175
412.21030	1.42017
412.45136	1.41859
412.69242	1.41707
412.93348	1.41567
413.17453	1.41447
413.41559	1.41347
413.65665	1.41267
413.89771	1.41198
414.13877	1.41129
414.37983	1.41047
414.62089	1.40936
414.86194	1.40784
415.10300	1.40580
415.34406	1.40319
415.58512	1.40000
415.82618	1.39630
416.06724	1.39216
416.30830	1.38769
416.54936	1.38297
416.79041	1.37811
417.03147	1.37314
417.27253	1.36809
417.51359	1.36295
417.75465	1.35770
417.99571	1.35232
418.23677	1.34681
418.47782	1.34119
418.71888	1.33551
418.95994	1.32987
419.20100	1.32438
419.44206	1.31914
419.68312	1.31426
419.92418	1.30977
420.16524	1.30569
420.40629	1.30197
420.64735	1.29851
420.88841	1.29517
421.12947	1.29178
421.37053	1.28819
421.61159	1.28426
421.85265	1.27990
422.09370	1.27507
422.33476	1.26975
422.57582	1.26400
422.81688	1.25785
423.05794	1.25139
423.29900	1.24465
423.54006	1.23766
423.78112	1.23041
424.02217	1.22286
424.26323	1.21497
424.50429	1.20666
424.74535	1.19788
424.98641	1.18863
425.22747	1.17892
425.46853	1.16878
425.70958	1.15833
425.95064	1.14768
426.19170	1.13695
426.43276	1.12628
426.67382	1.11579
426.91488	1.10556
427.15594	1.09565
427.39699	1.08610
427.63805	1.07690
427.87911	1.06803
428.12017	1.05946
428.36123	1.05117
428.60229	1.04311
428.84335	1.03526
429.08441	1.02758
429.32546	1.02004
429.56652	1.01261
429.80758	1.00524
430.04864	0.99789
430.28970	0.99047
430.53076	0.98294
430.77182	0.97521
431.01287	0.96725
431.25393	0.95899
431.49499	0.95045
431.73605	0.94161
431.97711	0.93252
432.21817	0.92322
432.45923	0.91379
432.70029	0.90432
432.94134	0.89487
433.18240	0.88550
433.42346	0.87628
433.66452	0.86722
433.90558	0.85834
434.14664	0.84964
434.38770	0.84115
434.62875	0.83290
434.86981	0.82492
435.11087	0.81727
435.35193	0.81003
435.59299	0.80326
435.83405	0.79705
436.07511	0.79145
436.31617	0.78652
436.55722	0.78230
436.79828	0.77878
437.03934	0.77595
437.28040	0.77380
437.52146	0.77232
437.76252	0.77150
438.00358	0.77135
438.24463	0.77191
438.48569	0.77322
438.72675	0.77532
438.96781	0.77827
439.20887	0.78210
439.44993	0.78680
439.69099	0.79237
439.93204	0.79872
440.17310	0.80580
440.41416	0.81350
440.65522	0.82170
440.89628	0.83028
441.13734	0.83912
441.37840	0.84810
441.61946	0.85715
441.86051	0.86615
442.10157	0.87509
442.34263	0.88393
442.58369	0.89265
442.82475	0.90119
443.06581	0.90950
443.30687	0.91754
443.54792	0.92520
443.78898	0.93238
444.03004	0.93902
444.27110	0.94504
444.51216	0.95039
444.75322	0.95505
444.99428	0.95903
445.23534	0.96239
445.47639	0.96519
445.71745	0.96751
445.95851	0.96944
446.19957	0.97104
446.44063	0.97236
446.68169	0.97342
446.92275	0.97422
447.16380	0.97475
447.40486	0.97502
447.64592	0.97502
447.88698	0.97479
448.12804	0.97437
448.36910	0.97381
448.61016	0.97321
448.85122	0.97262
449.09227	0.97211
449.33333	0.97173
449.57439	0.97148
449.81545	0.97135
450.05651	0.97129
450.29757	0.97124
450.53863	0.97114
450.77968	0.97090
451.02074	0.97050
451.26180	0.96990
451.50286	0.96909
451.74392	0.96810
451.98498	0.96695
452.22604	0.96567
452.46710	0.96430
452.70815	0.96284
452.94921	0.96130
453.19027	0.95966
453.43133	0.95789
453.67239	0.95595
453.91345	0.95383
454.15451	0.95150
454.39556	0.94898
454.63662	0.94629
454.87768	0.94351
455.11874	0.94068
455.35980	0.93790
455.60086	0.93522
455.84192	0.93269
456.08297	0.93036
456.32403	0.92822
456.56509	0.92627
456.80615	0.92447
457.04721	0.92278
457.28827	0.92115
457.52933	0.91956
457.77039	0.91796
458.01144	0.91635
458.25250	0.91472
458.49356	0.91307
458.73462	0.91139
458.97568	0.90967
459.21674	0.90791
459.45780	0.90608
459.69885	0.90414
459.93991	0.90206
460.18097	0.89980
460.42203	0.89735
460.66309	0.89468
460.90415	0.89182
461.14521	0.88880
461.38627	0.88566
461.62732	0.88249
461.86838	0.87935
462.10944	0.87633
462.35050	0.87349
462.59156	0.87088
462.83262	0.86852
463.07368	0.86639
463.31473	0.86446
463.55579	0.86267
463.79685	0.86096
464.03791	0.85926
464.27897	0.85751
464.52003	0.85566
464.76109	0.85371
465.00215	0.85165
465.24320	0.84949
465.48426	0.84727
465.72532	0.84501
465.96638	0.84271
466.20744	0.84038
466.44850	0.83799
466.68956	0.83552
466.93061	0.83296
467.17167	0.83028
467.41273	0.82748
467.65379	0.82460
467.89485	0.82166
468.13591	0.81874
468.37697	0.81591
468.61802	0.81321
468.85908	0.81072
469.10014	0.80845
469.34120	0.80642
469.58226	0.80461
469.82332	0.80298
470.06438	0.80148
470.30544	0.80007
470.54649	0.79869
470.78755	0.79732
471.02861	0.79593
471.26967	0.79451
471.51073	0.79308
471.75179	0.79163
471.99285	0.79019
472.23390	0.78873
472.47496	0.78727
472.71602	0.78576
472.95708	0.78420
473.19814	0.78256
473.43920	0.78080
473.68026	0.77892
473.92132	0.77693
474.16237	0.77485
474.40343	0.77272
474.64449	0.77061
474.88555	0.76858
475.12661	0.76669
475.36767	0.76500
475.60873	0.76355
475.84978	0.76235
476.09084	0.76139
476.33190	0.76067
476.57296	0.76012
476.81402	0.75972
477.05508	0.75942
477.29614	0.75919
477.53720	0.75898
477.77825	0.75880
478.01931	0.75863
478.26037	0.75847
478.50143	0.75833
478.74249	0.75820
478.98355	0.75809
479.22461	0.75796
479.46566	0.75780
479.70672	0.75756
479.94778	0.75722
480.18884	0.75673
480.42990	0.75608
480.67096	0.75525
480.91202	0.75425
481.15307	0.75310
481.39413	0.75183
481.63519	0.75050
481.87625	0.74914
482.11731	0.74778
482.35837	0.74647
482.59943	0.74521
482.84049	0.74402
483.08154	0.74288
483.32260	0.74179
483.56366	0.74074
483.80472	0.73973
484.04578	0.73877
484.28684	0.73788
484.52790	0.73708
484.76895	0.73638
485.01001	0.73583
485.25107	0.73540
485.49213	0.73511
485.73319	0.73491
485.97425	0.73476
486.21531	0.73460
486.45637	0.73436
486.69742	0.73401
486.93848	0.73349
487.17954	0.73279
487.42060	0.73192
487.66166	0.73091
487.90272	0.72981
488.14378	0.72869
488.38483	0.72761
488.62589	0.72660
488.86695	0.72572
489.10801	0.72497
489.34907	0.72435
489.59013	0.72385
489.83119	0.72345
490.07225	0.72312
490.31330	0.72285
490.55436	0.72265
490.79542	0.72252
491.03648	0.72249
491.27754	0.72259
491.51860	0.72285
491.75966	0.72327
492.00071	0.72388
492.24177	0.72465
492.48283	0.72557
492.72389	0.72659
492.96495	0.72768
493.20601	0.72878
493.44707	0.72986
493.68812	0.73088
493.92918	0.73183
494.17024	0.73271
494.41130	0.73352
494.65236	0.73427
494.89342	0.73497
495.13448	0.73564
495.37554	0.73627
495.61659	0.73687
495.85765	0.73741
496.09871	0.73788
496.33977	0.73827
496.58083	0.73856
496.82189	0.73875
497.06295	0.73886
497.30400	0.73890
497.54506	0.73892
497.78612	0.73896
498.02718	0.73904
498.26824	0.73919
498.50930	0.73943
498.75036	0.73976
498.99142	0.74013
499.23247	0.74050
499.47353	0.74083
499.71459	0.74104
499.95565	0.74109
500.19671	0.74094
500.43777	0.74057
500.67883	0.73997
500.91988	0.73916
501.16094	0.73816
501.40200	0.73699
501.64306	0.73568
501.88412	0.73422
502.12518	0.73260
502.36624	0.73078
502.60730	0.72870
502.84835	0.72631
503.08941	0.72355
503.33047	0.72035
503.57153	0.71668
503.81259	0.71253
504.05365	0.70793
504.29471	0.70292
504.53576	0.69760
504.77682	0.69211
505.01788	0.68658
505.25894	0.68123
505.50000	0.67622
505.74106	0.67180
505.98212	0.66821
506.22318	0.66566
506.46423	0.66434
506.70529	0.66439
506.94635	0.66594
507.18741	0.66900
507.42847	0.67357
507.66953	0.67953
507.91059	0.68674
508.15164	0.69498
508.39270	0.70400
508.63376	0.71353
508.87482	0.72327
509.11588	0.73297
509.35694	0.74235
509.59800	0.75127
509.83905	0.75960
510.08011	0.76725
510.32117	0.77420
510.56223	0.78047
510.80329	0.78612
511.04435	0.79124
511.28541	0.79592
511.52647	0.80025
511.76752	0.80431
512.00858	0.80816
512.24964	0.81183
512.49070	0.81534
512.73176	0.81868
512.97282	0.82184
513.21388	0.82481
513.45493	0.82759
513.69599	0.83017
513.93705	0.83255
514.17811	0.83476
514.41917	0.83680
514.66023	0.83868
514.90129	0.84041
515.14235	0.84197
515.38340	0.84333
515.62446	0.84447
515.86552	0.84536
516.10658	0.84596
516.34764	0.84627
516.58870	0.84630
516.82976	0.84607
517.07081	0.84561
517.31187	0.84499
517.55293	0.84424
517.79399	0.84342
518.03505	0.84255
518.27611	0.84167
518.51717	0.84076
518.75823	0.83982
518.99928	0.83883
519.24034	0.83778
519.48140	0.83667
519.72246	0.83549
519.96352	0.83428
520.20458	0.83307
520.44564	0.83190
520.68669	0.83081
520.92775	0.82983
521.16881	0.82897
521.40987	0.82824
521.65093	0.82762
521.89199	0.82707
522.13305	0.82656
522.37410	0.82604
522.61516	0.82548
522.85622	0.82486
523.09728	0.82418
523.33834	0.82344
523.57940	0.82268
523.82046	0.82192
524.06152	0.82117
524.30257	0.82045
524.54363	0.81978
524.78469	0.81913
525.02575	0.81849
525.26681	0.81785
525.50787	0.81718
525.74893	0.81648
525.98998	0.81574
526.23104	0.81497
526.47210	0.81419
526.71316	0.81343
526.95422	0.81273
527.19528	0.81211
527.43634	0.81159
527.67740	0.81119
527.91845	0.81091
528.15951	0.81074
528.40057	0.81065
528.64163	0.81061
528.88269	0.81060
529.12375	0.81058
529.36481	0.81054
529.60586	0.81047
529.84692	0.81038
530.08798	0.81027
530.32904	0.81017
530.57010	0.81008
530.81116	0.81002
531.05222	0.80997
531.29328	0.80992
531.53433	0.80985
531.77539	0.80970
532.01645	0.80945
532.25751	0.80905
532.49857	0.80850
532.73963	0.80777
532.98069	0.80688
533.22174	0.80585
533.46280	0.80471
533.70386	0.80349
533.94492	0.80223
534.18598	0.80094
534.42704	0.79964
534.66810	0.79832
534.90915	0.79696
535.15021	0.79555
535.39127	0.79406
535.63233	0.79248
535.87339	0.79081
536.11445	0.78904
536.35551	0.78719
536.59657	0.78527
536.83762	0.78331
537.07868	0.78132
537.31974	0.77932
537.56080	0.77730
537.80186	0.77526
538.04292	0.77318
538.28398	0.77104
538.52503	0.76883
538.76609	0.76652
539.00715	0.76411
539.24821	0.76162
539.48927	0.75905
539.73033	0.75645
539.97139	0.75386
540.21245	0.75133
540.45350	0.74892
540.69456	0.74666
540.93562	0.74462
541.17668	0.74280
541.41774	0.74123
541.65880	0.73991
541.89986	0.73886
542.14091	0.73806
542.38197	0.73750
542.62303	0.73720
542.86409	0.73714
543.10515	0.73733
543.34621	0.73778
543.58727	0.73846
543.82833	0.73937
544.06938	0.74046
544.31044	0.74170
544.55150	0.74301
544.79256	0.74434
545.03362	0.74561
545.27468	0.74676
545.51574	0.74774
545.75679	0.74852
545.99785	0.74906
546.23891	0.74937
546.47997	0.74946
546.72103	0.74933
546.96209	0.74899
547.20315	0.74846
547.44421	0.74772
547.68526	0.74678
547.92632	0.74561
548.16738	0.74422
548.40844	0.74258
548.64950	0.74069
548.89056	0.73856
549.13162	0.73621
549.37267	0.73367
549.61373	0.73099
549.85479	0.72821
550.09585	0.72542
550.33691	0.72268
550.57797	0.72008
550.81903	0.71769
551.06008	0.71559
551.30114	0.71385
551.54220	0.71254
551.78326	0.71169
552.02432	0.71134
552.26538	0.71149
552.50644	0.71216
552.74750	0.71332
552.98855	0.71498
553.22961	0.71709
553.47067	0.71964
553.71173	0.72259
553.95279	0.72593
554.19385	0.72962
554.43491	0.73363
554.67596	0.73795
554.91702	0.74254
555.15808	0.74737
555.39914	0.75244
555.64020	0.75770
555.88126	0.76314
556.12232	0.76872
556.36338	0.77442
556.60443	0.78020
556.84549	0.78601
557.08655	0.79183
557.32761	0.79759
557.56867	0.80325
557.80973	0.80877
558.05079	0.81410
558.29184	0.81922
558.53290	0.82410
558.77396	0.82874
559.01502	0.83313
559.25608	0.83729
559.49714	0.84123
559.73820	0.84498
559.97926	0.84852
560.22031	0.85189
560.46137	0.85505
560.70243	0.85801
560.94349	0.86075
561.18455	0.86324
561.42561	0.86549
561.66667	0.86749
561.90772	0.86926
562.14878	0.87082
562.38984	0.87222
562.63090	0.87351
562.87196	0.87474
563.11302	0.87595
563.35408	0.87716
563.59513	0.87841
563.83619	0.87968
564.07725	0.88097
564.31831	0.88225
564.55937	0.88350
564.80043	0.88470
565.04149	0.88585
565.28255	0.88696
565.52360	0.88804
565.76466	0.88912
566.00572	0.89023
566.24678	0.89140
566.48784	0.89265
566.72890	0.89400
566.96996	0.89542
567.21101	0.89692
567.45207	0.89844
567.69313	0.89998
567.93419	0.90148
568.17525	0.90293
568.41631	0.90432
568.65737	0.90564
568.89843	0.90690
569.13948	0.90813
569.38054	0.90934
569.62160	0.91056
569.86266	0.91181
570.10372	0.91309
570.34478	0.91440
570.58584	0.91573
570.82689	0.91706
571.06795	0.91836
571.30901	0.91961
571.55007	0.92079
571.79113	0.92190
572.03219	0.92295
572.27325	0.92394
572.51431	0.92489
572.75536	0.92582
572.99642	0.92674
573.23748	0.92765
573.47854	0.92853
573.71960	0.92937
573.96066	0.93012
574.20172	0.93078
574.44277	0.93131
574.68383	0.93173
574.92489	0.93205
575.16595	0.93231
575.40701	0.93256
575.64807	0.93288
575.88913	0.93333
576.13018	0.93395
576.37124	0.93479
576.61230	0.93586
576.85336	0.93714
577.09442	0.93860
577.33548	0.94021
577.57654	0.94190
577.81760	0.94364
578.05865	0.94539
578.29971	0.94714
578.54077	0.94888
578.78183	0.95060
579.02289	0.95230
579.26395	0.95400
579.50501	0.95567
579.74606	0.95730
579.98712	0.95884
580.22818	0.96026
580.46924	0.96151
580.71030	0.96256
580.95136	0.96340
581.19242	0.96403
581.43348	0.96447
581.67453	0.96478
581.91559	0.96502
582.15665	0.96524
582.39771	0.96552
582.63877	0.96590
582.87983	0.96642
583.12089	0.96707
583.36194	0.96785
583.60300	0.96872
583.84406	0.96964
584.08512	0.97058
584.32618	0.97148
584.56724	0.97233
584.80830	0.97311
585.04936	0.97382
585.29041	0.97446
585.53147	0.97502
585.77253	0.97552
586.01359	0.97593
586.25465	0.97623
586.49571	0.97639
586.73677	0.97638
586.97782	0.97615
587.21888	0.97569
587.45994	0.97497
587.70100	0.97400
587.94206	0.97281
588.18312	0.97141
588.42418	0.96986
588.66523	0.96818
588.90629	0.96642
589.14735	0.96458
589.38841	0.96268
589.62947	0.96072
589.87053	0.95869
590.11159	0.95658
590.35265	0.95438
590.59370	0.95209
590.83476	0.94972
591.07582	0.94727
591.31688	0.94478
591.55794	0.94225
591.79900	0.93971
592.04006	0.93717
592.28111	0.93462
592.52217	0.93209
592.76323	0.92954
593.00429	0.92697
593.24535	0.92437
593.48641	0.92170
593.72747	0.91897
593.96853	0.91615
594.20958	0.91323
594.45064	0.91022
594.69170	0.90711
594.93276	0.90392
595.17382	0.90064
595.41488	0.89729
595.65594	0.89387
595.89699	0.89039
596.13805	0.88685
596.37911	0.88326
596.62017	0.87964
596.86123	0.87598
597.10229	0.87231
597.34335	0.86866
597.58441	0.86504
597.82546	0.86149
598.06652	0.85805
598.30758	0.85476
598.54864	0.85165
598.78970	0.84875
599.03076	0.84610
599.27182	0.84371
599.51287	0.84158
599.75393	0.83972
599.99499	0.83810
600.23605	0.83671
600.47711	0.83549
600.71817	0.83440
600.95923	0.83338
601.20029	0.83235
601.44134	0.83126
601.68240	0.83005
601.92346	0.82864
602.16452	0.82700
602.40558	0.82509
602.64664	0.82289
602.88770	0.82040
603.12875	0.81761
603.36981	0.81455
603.61087	0.81124
603.85193	0.80773
604.09299	0.80405
604.33405	0.80024
604.57511	0.79634
604.81616	0.79239
605.05722	0.78841
605.29828	0.78442
605.53934	0.78042
605.78040	0.77642
606.02146	0.77239
606.26252	0.76833
606.50358	0.76420
606.74463	0.75999
606.98569	0.75567
607.22675	0.75123
607.46781	0.74665
607.70887	0.74192
607.94993	0.73702
608.19099	0.73195
608.43204	0.72669
608.67310	0.72122
608.91416	0.71551
609.15522	0.70956
609.39628	0.70333
609.63734	0.69683
609.87840	0.69005
610.11946	0.68299
610.36051	0.67567
610.60157	0.66812
610.84263	0.66038
611.08369	0.65249
611.32475	0.64449
611.56581	0.63645
611.80687	0.62842
612.04792	0.62047
612.28898	0.61267
612.53004	0.60510
612.77110	0.59783
613.01216	0.59095
613.25322	0.58455
613.49428	0.57870
613.73534	0.57347
613.97639	0.56891
614.21745	0.56506
614.45851	0.56193
614.69957	0.55950
614.94063	0.55776
615.18169	0.55663
615.42275	0.55605
615.66380	0.55595
615.90486	0.55623
616.14592	0.55681
616.38698	0.55761
616.62804	0.55856
616.86910	0.55959
617.11016	0.56065
617.35121	0.56169
617.59227	0.56269
617.83333	0.56362
618.07439	0.56445
618.31545	0.56518
618.55651	0.56577
618.79757	0.56624
619.03863	0.56657
619.27968	0.56678
619.52074	0.56686
619.76180	0.56683
620.00286	0.56671
620.24392	0.56652
620.48498	0.56627
620.72604	0.56599
620.96709	0.56567
621.20815	0.56531
621.44921	0.56490
621.69027	0.56443
621.93133	0.56387
622.17239	0.56318
622.41345	0.56234
622.65451	0.56132
622.89556	0.56010
623.13662	0.55867
623.37768	0.55700
623.61874	0.55510
623.85980	0.55296
624.10086	0.55058
624.34192	0.54798
624.58297	0.54516
624.82403	0.54215
625.06509	0.53896
625.30615	0.53564
625.54721	0.53222
625.78827	0.52874
626.02933	0.52523
626.27039	0.52174
626.51144	0.51829
626.75250	0.51490
626.99356	0.51156
627.23462	0.50826
627.47568	0.50498
627.71674	0.50165
627.95780	0.49822
628.19885	0.49462
628.43991	0.49079
628.68097	0.48666
628.92203	0.48219
629.16309	0.47737
629.40415	0.47221
629.64521	0.46677
629.88626	0.46114
630.12732	0.45545
630.36838	0.44984
630.60944	0.44446
630.85050	0.43947
631.09156	0.43500
631.33262	0.43116
631.57368	0.42801
631.81473	0.42558
632.05579	0.42385
632.29685	0.42276
632.53791	0.42222
632.77897	0.42213
633.02003	0.42237
633.26109	0.42281
633.50214	0.42334
633.74320	0.42384
633.98426	0.42422
634.22532	0.42441
634.46638	0.42436
634.70744	0.42404
634.94850	0.42344
635.18956	0.42259
635.43061	0.42151
635.67167	0.42025
635.91273	0.41885
636.15379	0.41735
636.39485	0.41579
636.63591	0.41422
636.87697	0.41264
637.11802	0.41107
637.35908	0.40951
637.60014	0.40795
637.84120	0.40636
638.08226	0.40474
638.32332	0.40306
638.56438	0.40129
638.80544	0.39944
639.04649	0.39748
639.28755	0.39541
639.52861	0.39323
639.76967	0.39093
640.01073	0.38851
640.25179	0.38598
640.49285	0.38331
640.73390	0.38051
640.97496	0.37757
641.21602	0.37448
641.45708	0.37125
641.69814	0.36786
641.93920	0.36435
642.18026	0.36073
642.42132	0.35705
642.66237	0.35334
642.90343	0.34965
643.14449	0.34603
643.38555	0.34254
643.62661	0.33921
643.86767	0.33608
644.10873	0.33318
644.34978	0.33051
644.59084	0.32809
644.83190	0.32589
645.07296	0.32391
645.31402	0.32211
645.55508	0.32049
645.79614	0.31900
646.03719	0.31760
646.27825	0.31627
646.51931	0.31497
646.76037	0.31365
647.00143	0.31228
647.24249	0.31083
647.48355	0.30928
647.72461	0.30760
647.96566	0.30578
648.20672	0.30382
648.44778	0.30172
648.68884	0.29949
648.92990	0.29716
649.17096	0.29473
649.41202	0.29222
649.65307	0.28966
649.89413	0.28704
650.13519	0.28438
650.37625	0.28169
650.61731	0.27896
650.85837	0.27621
651.09943	0.27344
651.34049	0.27066
651.58154	0.26787
651.82260	0.26507
652.06366	0.26229
652.30472	0.25953
652.54578	0.25679
652.78684	0.25407
653.02790	0.25136
653.26895	0.24866
653.51001	0.24594
653.75107	0.24319
653.99213	0.24039
654.23319	0.23750
654.47425	0.23451
654.71531	0.23140
654.95637	0.22814
655.19742	0.22472
655.43848	0.22114
655.67954	0.21738
655.92060	0.21346
656.16166	0.20937
656.40272	0.20513
656.64378	0.20074
656.88483	0.19622
657.12589	0.19160
657.36695	0.18691
657.60801	0.18219
657.84907	0.17749
658.09013	0.17288
658.33119	0.16841
658.57224	0.16416
658.81330	0.16019
659.05436	0.15659
659.29542	0.15340
659.53648	0.15067
659.77754	0.14842
660.01860	0.14665
660.25966	0.14534
660.50071	0.14444
660.74177	0.14389
660.98283	0.14360
661.22389	0.14350
661.46495	0.14350
661.70601	0.14352
661.94707	0.14351
662.18812	0.14340
662.42918	0.14316
662.67024	0.14277
662.91130	0.14222
663.15236	0.14151
663.39342	0.14065
663.63448	0.13965
663.87554	0.13854
664.11659	0.13732
664.35765	0.13602
664.59871	0.13464
664.83977	0.13321
665.08083	0.13173
665.32189	0.13020
665.56295	0.12865
665.80400	0.12708
666.04506	0.12548
666.28612	0.12387
666.52718	0.12224
666.76824	0.12061
667.00930	0.11896
667.25036	0.11731
667.49142	0.11566
667.73247	0.11399
667.97353	0.11231
668.21459	0.11063
668.45565	0.10893
668.69671	0.10722
668.93777	0.10550
669.17883	0.10378
669.41988	0.10206
669.66094	0.10034
669.90200	0.09865
670.14306	0.09698
670.38412	0.09534
670.62518	0.09374
670.86624	0.09218
671.10729	0.09067
671.34835	0.08920
671.58941	0.08777
671.83047	0.08638
672.07153	0.08502
672.31259	0.08369
672.55365	0.08238
672.79471	0.08109
673.03576	0.07982
673.27682	0.07856
673.51788	0.07731
673.75894	0.07608
674.00000	0.07486
674.24106	0.07365
674.48212	0.07245
674.72317	0.07126
674.96423	0.07007
675.20529	0.06888
675.44635	0.06769
675.68741	0.06650
675.92847	0.06531
676.16953	0.06411
676.41059	0.06291
676.65164	0.06170
676.89270	0.06049
677.13376	0.05928
677.37482	0.05807
677.61588	0.05686
677.85694	0.05566
678.09800	0.05447
678.33905	0.05329
678.58011	0.05213
678.82117	0.05100
679.06223	0.04989
679.30329	0.04881
679.54435	0.04777
679.78541	0.04676
680.02647	0.04578
680.26752	0.04485
680.50858	0.04395
680.74964	0.04308
680.99070	0.04224
681.23176	0.04142
681.47282	0.04063
681.71388	0.03985
681.95493	0.03909
682.19599	0.03834
682.43705	0.03760
682.67811	0.03687
682.91917	0.03615
683.16023	0.03545
683.40129	0.03476
683.64234	0.03409
683.88340	0.03343
684.12446	0.03279
684.36552	0.03216
684.60658	0.03155
684.84764	0.03096
685.08870	0.03038
685.32976	0.02981
685.57081	0.02927
685.81187	0.02873
686.05293	0.02821
686.29399	0.02770
686.53505	0.02720
686.77611	0.02671
687.01717	0.02623
687.25822	0.02576
687.49928	0.02530
687.74034	0.02486
687.98140	0.02443
688.22246	0.02402
688.46352	0.02364
688.70458	0.02328
688.94564	0.02295
689.18669	0.02265
689.42775	0.02237
689.66881	0.02211
689.90987	0.02187
690.15093	0.02164
690.39199	0.02143
690.63305	0.02122
690.87410	0.02102
691.11516	0.02082
691.35622	0.02062
691.59728	0.02042
691.83834	0.02021
692.07940	0.02001
692.32046	0.01980
692.56152	0.01958
692.80257	0.01936
693.04363	0.01913
693.28469	0.01890
693.52575	0.01865
693.76681	0.01839
694.00787	0.01812
694.24893	0.01783
694.48998	0.01752
694.73104	0.01720
694.97210	0.01686
695.21316	0.01651
695.45422	0.01615
695.69528	0.01578
695.93634	0.01540
696.17740	0.01502
696.41845	0.01464
696.65951	0.01425
696.90057	0.01386
697.14163	0.01346
697.38269	0.01305
697.62375	0.01264
697.86481	0.01222
698.10586	0.01179
698.34692	0.01136
698.58798	0.01093
698.82904	0.01050
699.07010	0.01008
699.31116	0.00967
699.55222	0.00926
699.79327	0.00887
700.03433	0.00850
700.27539	0.00814
700.51645	0.00780
700.75751	0.00748
700.99857	0.00719
701.23963	0.00693
701.48069	0.00670
701.72174	0.00649
701.96280	0.00632
702.20386	0.00617
702.44492	0.00603
702.68598	0.00592
702.92704	0.00581
703.16810	0.00572
703.40915	0.00563
703.65021	0.00555
703.89127	0.00548
704.13233	0.00541
704.37339	0.00535
704.61445	0.00529
704.85551	0.00524
705.09657	0.00520
705.33762	0.00516
705.57868	0.00512
705.81974	0.00509
706.06080	0.00507
706.30186	0.00505
706.54292	0.00504
706.78398	0.00503
707.02503	0.00503
707.26609	0.00503
707.50715	0.00504
707.74821	0.00505
707.98927	0.00505
708.23033	0.00505
708.47139	0.00504
708.71245	0.00502
708.95350	0.00499
709.19456	0.00495
709.43562	0.00491
709.67668	0.00486
709.91774	0.00481
710.15880	0.00477
710.39986	0.00473
710.64091	0.00471
710.88197	0.00469
711.12303	0.00469
711.36409	0.00471
711.60515	0.00473
711.84621	0.00477
712.08727	0.00480
712.32832	0.00484
712.56938	0.00488
712.81044	0.00490
713.05150	0.00491
713.29256	0.00490
713.53362	0.00489
713.77468	0.00487
714.01574	0.00484
714.25679	0.00482
714.49785	0.00480
714.73891	0.00479
714.97997	0.00479
715.22103	0.00480
715.46209	0.00481
715.70315	0.00483
715.94420	0.00484
716.18526	0.00485
716.42632	0.00486
716.66738	0.00485
716.90844	0.00484
717.14950	0.00482
717.39056	0.00481
717.63162	0.00479
717.87267	0.00477
718.11373	0.00476
718.35479	0.00476
718.59585	0.00475
718.83691	0.00475
719.07797	0.00475
719.31903	0.00476
719.56008	0.00475
719.80114	0.00475
720.04220	0.00474
720.28326	0.00473
720.52432	0.00472
720.76538	0.00470
721.00644	0.00468
721.24750	0.00466
721.48855	0.00465
721.72961	0.00463
721.97067	0.00462
722.21173	0.00461
722.45279	0.00460
722.69385	0.00459
722.93491	0.00457
723.17596	0.00456
723.41702	0.00455
723.65808	0.00453
723.89914	0.00452
724.14020	0.00451
724.38126	0.00451
724.62232	0.00450
724.86337	0.00450
725.10443	0.00450
725.34549	0.00450
725.58655	0.00449
725.82761	0.00449
726.06867	0.00448
726.30973	0.00447
726.55079	0.00446
726.79184	0.00446
727.03290	0.00446
727.27396	0.00446
727.51502	0.00447
727.75608	0.00448
727.99714	0.00448
728.23820	0.00449
728.47925	0.00448
728.72031	0.00448
728.96137	0.00447
729.20243	0.00446
729.44349	0.00445
729.68455	0.00444
729.92561	0.00443
730.16667	0.00442
730.40772	0.00441
730.64878	0.00440
730.88984	0.00439
731.13090	0.00436
731.37196	0.00434
731.61302	0.00431
731.85408	0.00428
732.09513	0.00426
732.33619	0.00423
732.57725	0.00422
732.81831	0.00421
733.05937	0.00421
733.30043	0.00421
733.54149	0.00423
733.78255	0.00424
734.02360	0.00426
734.26466	0.00428
734.50572	0.00430
734.74678	0.00431
734.98784	0.00432
735.22890	0.00432
735.46996	0.00432
735.71101	0.00431
735.95207	0.00430
736.19313	0.00429
736.43419	0.00427
736.67525	0.00426
736.91631	0.00424
737.15737	0.00422
737.39842	0.00420
737.63948	0.00418
737.88054	0.00416
738.12160	0.00414
738.36266	0.00411
738.60372	0.00409
738.84478	0.00408
739.08584	0.00408
739.32689	0.00408
739.56795	0.00410
739.80901	0.00412
740.05007	0.00415
740.29113	0.00418
740.53219	0.00421
740.77325	0.00423
741.01430	0.00424
741.25536	0.00424
741.49642	0.00424
741.73748	0.00421
741.97854	0.00418
742.21960	0.00414
742.46066	0.00410
742.70172	0.00406
742.94277	0.00402
743.18383	0.00399
743.42489	0.00397
743.66595	0.00396
743.90701	0.00396
744.14807	0.00397
744.38913	0.00399
744.63018	0.00402
744.87124	0.00404
745.11230	0.00406
745.35336	0.00408
745.59442	0.00409
745.83548	0.00409
746.07654	0.00410
746.31760	0.00410
746.55865	0.00412
746.79971	0.00414
747.04077	0.00418
747.28183	0.00423
747.52289	0.00429
747.76395	0.00437
748.00501	0.00445
748.24606	0.00454
748.48712	0.00464
748.72818	0.00474
748.96924	0.00484
749.21030	0.00495
749.45136	0.00506
749.69242	0.00518
749.93348	0.00530
750.17453	0.00542
750.41559	0.00555
750.65665	0.00568
750.89771	0.00582
751.13877	0.00595
751.37983	0.00609
751.62089	0.00623
751.86194	0.00638
752.10300	0.00653
752.34406	0.00670
752.58512	0.00688
752.82618	0.00707
753.06724	0.00728
753.30830	0.00750
753.54935	0.00772
753.79041	0.00794
754.03147	0.00816
754.27253	0.00836
754.51359	0.00855
754.75465	0.00873
754.99571	0.00889
755.23677	0.00905
755.47782	0.00920
755.71888	0.00936
755.95994	0.00952
756.20100	0.00970
756.44206	0.00990
756.68312	0.01011
756.92418	0.01034
757.16523	0.01058
757.40629	0.01083
757.64735	0.01109
757.88841	0.01135
758.12947	0.01162
758.37053	0.01189
758.61159	0.01216
758.85265	0.01244
759.09370	0.01272
759.33476	0.01300
759.57582	0.01329
759.81688	0.01358
760.05794	0.01387
760.29900	0.01415
760.54006	0.01442
760.78111	0.01468
761.02217	0.01493
761.26323	0.01516
761.50429	0.01538
761.74535	0.01560
761.98641	0.01580
762.22747	0.01600
762.46853	0.01620
762.70958	0.01639
762.95064	0.01657
763.19170	0.01674
763.43276	0.01690
763.67382	0.01705
763.91488	0.01719
764.15594	0.01733
764.39699	0.01745
764.63805	0.01758
764.87911	0.01771
765.12017	0.01784
765.36123	0.01798
765.60229	0.01813
765.84335	0.01828
766.08440	0.01843
766.32546	0.01857
766.56652	0.01871
766.80758	0.01883
767.04864	0.01894
767.28970	0.01903
767.53076	0.01910
767.77182	0.01915
768.01287	0.01919
768.25393	0.01922
768.49499	0.01925
768.73605	0.01929
768.97711	0.01932
769.21817	0.01937
769.45923	0.01942
769.70028	0.01949
769.94134	0.01957
770.18240	0.01967
770.42346	0.01978
770.66452	0.01991
770.90558	0.02006
771.14664	0.02023
771.38770	0.02042
771.62875	0.02062
771.86981	0.02084
772.11087	0.02106
772.35193	0.02129
772.59299	0.02151
772.83405	0.02173
773.07511	0.02195
773.31616	0.02216
773.55722	0.02237
773.79828	0.02259
774.03934	0.02281
774.28040	0.02304
774.52146	0.02328
774.76252	0.02354
775.00358	0.02380
775.24463	0.02408
775.48569	0.02436
775.72675	0.02464
775.96781	0.02493
776.20887	0.02522
776.44993	0.02550
776.69099	0.02577
776.93204	0.02604
777.17310	0.02630
777.41416	0.02655
777.65522	0.02678
777.89628	0.02699
778.13734	0.02719
778.37840	0.02738
778.61945	0.02754
778.86051	0.02770
779.10157	0.02785
779.34263	0.02799
779.58369	0.02813
779.82475	0.02826
780.06581	0.02840
780.30687	0.02854
780.54792	0.02868
780.78898	0.02881
781.03004	0.02895
781.27110	0.02908
781.51216	0.02921
781.75322	0.02934
781.99428	0.02947
782.23533	0.02960
782.47639	0.02973
782.71745	0.02985
782.95851	0.02998
783.19957	0.03009
783.44063	0.03020
783.68169	0.03029
783.92275	0.03037
784.16380	0.03043
784.40486	0.03046
784.64592	0.03047
784.88698	0.03046
785.12804	0.03042
785.36910	0.03035
785.61016	0.03026
785.85121	0.03014
786.09227	0.03001
786.33333	0.02987
786.57439	0.02971
786.81545	0.02953
787.05651	0.02934
787.29757	0.02913
787.53863	0.02891
787.77968	0.02867
788.02074	0.02841
788.26180	0.02814
788.50286	0.02786
788.74392	0.02757
788.98498	0.02727
789.22604	0.02696
789.46709	0.02665
789.70815	0.02633
789.94921	0.02600
790.19027	0.02567
790.43133	0.02533
790.67239	0.02498
790.91345	0.02464
791.15451	0.02430
791.39556	0.02398
791.63662	0.02366
791.87768	0.02337
792.11874	0.02310
792.35980	0.02284
792.60086	0.02261
792.84192	0.02239
793.08297	0.02220
793.32403	0.02202
793.56509	0.02186
793.80615	0.02172
794.04721	0.02161
794.28827	0.02152
794.52933	0.02147
794.77038	0.02144
795.01144	0.02144
795.25250	0.02148
795.49356	0.02153
795.73462	0.02160
795.97568	0.02169
796.21674	0.02178
796.45780	0.02187
796.69885	0.02197
796.93991	0.02205
797.18097	0.02214
797.42203	0.02222
797.66309	0.02229
797.90415	0.02236
798.14521	0.02242
798.38626	0.02247
798.62732	0.02251
798.86838	0.02255
799.10944	0.02258
799.35050	0.02260
799.59156	0.02263
799.83262	0.02265
800.07368	0.02267
800.31473	0.02269
800.55579	0.02272
800.79685	0.02275
801.03791	0.02278
801.27897	0.02282
801.52003	0.02286
801.76109	0.02291
802.00214	0.02296
802.24320	0.02302
802.48426	0.02309
802.72532	0.02316
802.96638	0.02324
803.20744	0.02332
803.44850	0.02340
803.68956	0.02349
803.93061	0.02357
804.17167	0.02365
804.41273	0.02373
804.65379	0.02381
804.89485	0.02388
805.13591	0.02396
805.37697	0.02404
805.61802	0.02413
805.85908	0.02423
806.10014	0.02433
806.34120	0.02443
806.58226	0.02454
806.82332	0.02466
807.06438	0.02478
807.30543	0.02490
807.54649	0.02503
807.78755	0.02515
808.02861	0.02528
808.26967	0.02542
808.51073	0.02555
808.75179	0.02568
808.99285	0.02581
809.23390	0.02594
809.47496	0.02607
809.71602	0.02619
809.95708	0.02630
810.19814	0.02642
810.43920	0.02652
810.68026	0.02663
810.92131	0.02673
811.16237	0.02684
811.40343	0.02694
811.64449	0.02705
811.88555	0.02717
812.12661	0.02728
812.36767	0.02741
812.60873	0.02753
812.84978	0.02765
813.09084	0.02777
813.33190	0.02789
813.57296	0.02801
813.81402	0.02812
814.05508	0.02822
814.29614	0.02831
814.53719	0.02839
814.77825	0.02846
815.01931	0.02852
815.26037	0.02858
815.50143	0.02864
815.74249	0.02870
815.98355	0.02876
816.22461	0.02882
816.46566	0.02890
816.70672	0.02898
816.94778	0.02907
817.18884	0.02916
817.42990	0.02925
817.67096	0.02934
817.91202	0.02942
818.15307	0.02949
818.39413	0.02955
818.63519	0.02960
818.87625	0.02964
819.11731	0.02967
819.35837	0.02969
819.59943	0.02971
819.84048	0.02974
820.08154	0.02977
820.32260	0.02982
820.56366	0.02986
820.80472	0.02992
821.04578	0.02998
821.28684	0.03004
821.52790	0.03010
821.76895	0.03015
822.01001	0.03018
822.25107	0.03021
822.49213	0.03022
822.73319	0.03023
822.97425	0.03023
823.21531	0.03023
823.45636	0.03023
823.69742	0.03024
823.93848	0.03025
824.17954	0.03027
824.42060	0.03028
824.66166	0.03030
824.90272	0.03031
825.14378	0.03031
825.38483	0.03030
825.62589	0.03029
825.86695	0.03027
826.10801	0.03025
826.34907	0.03023
826.59013	0.03021
826.83119	0.03020
827.07224	0.03019
827.31330	0.03017
827.55436	0.03015
827.79542	0.03013
828.03648	0.03008
828.27754	0.03003
828.51860	0.02995
828.75966	0.02987
829.00071	0.02977
829.24177	0.02966
829.48283	0.02956
829.72389	0.02945
829.96495	0.02935
830.20601	0.02925
830.44707	0.02916
830.68812	0.02907
830.92918	0.02897
831.17024	0.02888
831.41130	0.02878
831.65236	0.02867
831.89342	0.02856
832.13448	0.02845
832.37553	0.02833
832.61659	0.02821
832.85765	0.02808
833.09871	0.02795
833.33977	0.02782
833.58083	0.02767
833.82189	0.02751
834.06295	0.02733
834.30400	0.02714
834.54506	0.02694
834.78612	0.02673
835.02718	0.02650
835.26824	0.02626
835.50930	0.02602
835.75036	0.02576
835.99141	0.02550
836.23247	0.02523
836.47353	0.02495
836.71459	0.02466
836.95565	0.02436
837.19671	0.02406
837.43777	0.02374
837.67883	0.02341
837.91988	0.02307
838.16094	0.02271
838.40200	0.02235
838.64306	0.02197
838.88412	0.02159
839.12518	0.02120
839.36624	0.02081
839.60729	0.02043
839.84835	0.02005
840.08941	0.01969
840.33047	0.01934
840.57153	0.01900
840.81259	0.01867
841.05365	0.01835
841.29471	0.01804
841.53576	0.01773
841.77682	0.01742
842.01788	0.01712
842.25894	0.01681
842.50000	0.01651
842.74106	0.01619
842.98212	0.01587
843.22317	0.01555
843.46423	0.01522
843.70529	0.01488
843.94635	0.01455
844.18741	0.01423
844.42847	0.01391
844.66953	0.01361
844.91059	0.01332
845.15164	0.01305
845.39270	0.01280
845.63376	0.01258
845.87482	0.01237
846.11588	0.01219
846.35694	0.01203
846.59800	0.01189
846.83905	0.01177
847.08011	0.01166
847.32117	0.01157
847.56223	0.01149
847.80329	0.01142
848.04435	0.01136
848.28541	0.01131
848.52646	0.01127
848.76752	0.01124
849.00858	0.01122
849.24964	0.01121
849.49070	0.01122
849.73176	0.01123
849.97282	0.01125
850.21388	0.01127
850.45493	0.01130
850.69599	0.01133
850.93705	0.01137
851.17811	0.01140
851.41917	0.01142
851.66023	0.01145
851.90129	0.01147
852.14234	0.01150
852.38340	0.01152
852.62446	0.01155
852.86552	0.01158
853.10658	0.01162
853.34764	0.01166
853.58870	0.01171
853.82976	0.01176
854.07081	0.01182
854.31187	0.01187
854.55293	0.01192
854.79399	0.01197
855.03505	0.01202
855.27611	0.01205
855.51717	0.01208
855.75822	0.01211
855.99928	0.01213
856.24034	0.01214
856.48140	0.01215
856.72246	0.01216
856.96352	0.01217
857.20458	0.01217
857.44564	0.01217
857.68669	0.01217
857.92775	0.01216
858.16881	0.01215
858.40987	0.01213
858.65093	0.01210
858.89199	0.01208
859.13305	0.01205
859.37410	0.01202
859.61516	0.01199
859.85622	0.01196
860.09728	0.01193
860.33834	0.01189
860.57940	0.01185
860.82046	0.01181
861.06151	0.01175
861.30257	0.01169
861.54363	0.01162
861.78469	0.01154
862.02575	0.01145
862.26681	0.01136
862.50787	0.01126
862.74893	0.01116
862.98998	0.01106
863.23104	0.01095
863.47210	0.01083
863.71316	0.01071
863.95422	0.01058
864.19528	0.01044
864.43634	0.01030
864.67739	0.01015
864.91845	0.01000
865.15951	0.00985
865.40057	0.00970
865.64163	0.00956
865.88269	0.00942
866.12375	0.00928
866.36481	0.00915
866.60586	0.00901
866.84692	0.00886
867.08798	0.00871
867.32904	0.00855
867.57010	0.00838
867.81116	0.00820
868.05222	0.00801
868.29327	0.00782
868.53433	0.00761
868.77539	0.00740
869.01645	0.00719
869.25751	0.00698
869.49857	0.00679
869.73963	0.00661
869.98069	0.00645
870.22174	0.00631
870.46280	0.00622
870.70386	0.00615
870.94492	0.00613
871.18598	0.00615
871.42704	0.00621
871.66810	0.00630
871.90915	0.00642
872.15021	0.00657
872.39127	0.00674
872.63233	0.00692
872.87339	0.00712
873.11445	0.00731
873.35551	0.00749
873.59656	0.00767
873.83762	0.00783
874.07868	0.00797
874.31974	0.00809
874.56080	0.00819
874.80186	0.00827
875.04292	0.00833
875.28398	0.00837
875.52503	0.00839
875.76609	0.00840
876.00715	0.00840
876.24821	0.00839
876.48927	0.00837
876.73033	0.00835
876.97139	0.00832
877.21244	0.00829
877.45350	0.00826
877.69456	0.00822
877.93562	0.00818
878.17668	0.00814
878.41774	0.00808
878.65880	0.00801
878.89986	0.00793
879.14091	0.00783
879.38197	0.00773
879.62303	0.00761
879.86409	0.00748
880.10515	0.00735
880.34621	0.00722
880.58727	0.00709
880.82832	0.00697
881.06938	0.00686
881.31044	0.00675
881.55150	0.00666
881.79256	0.00657
882.03362	0.00649
882.27468	0.00641
882.51574	0.00634
882.75679	0.00626
882.99785	0.00618
883.23891	0.00610
883.47997	0.00600
883.72103	0.00590
883.96209	0.00579
884.20315	0.00566
884.44420	0.00554
884.68526	0.00540
884.92632	0.00527
885.16738	0.00513
885.40844	0.00499
885.64950	0.00485
885.89056	0.00471
886.13161	0.00458
886.37267	0.00445
886.61373	0.00432
886.85479	0.00421
887.09585	0.00410
887.33691	0.00401
887.57797	0.00392
887.81903	0.00384
888.06008	0.00376
888.30114	0.00369
888.54220	0.00362
888.78326	0.00355
889.02432	0.00348
889.26538	0.00341
889.50644	0.00334
889.74749	0.00326
889.98855	0.00318
890.22961	0.00311
890.47067	0.00303
890.71173	0.00296
890.95279	0.00290
891.19385	0.00285
891.43491	0.00280
891.67596	0.00277
891.91702	0.00274
892.15808	0.00271
892.39914	0.00269
892.64020	0.00266
892.88126	0.00263
893.12232	0.00260
893.36337	0.00257
893.60443	0.00253
893.84549	0.00249
894.08655	0.00245
894.32761	0.00242
894.56867	0.00239
894.80973	0.00237
895.05079	0.00235
895.29184	0.00233
895.53290	0.00231
895.77396	0.00229
896.01502	0.00226
896.25608	0.00223
896.49714	0.00218
896.73820	0.00213
896.97925	0.00208
897.22031	0.00201
897.46137	0.00194
897.70243	0.00188
897.94349	0.00181
898.18455	0.00175
898.42561	0.00169
898.66667	0.00163
898.90772	0.00157
899.14878	0.00150
899.38984	0.00145
899.63090	0.00140
