0.00000	0.03254
0.24106	0.03289
0.48212	0.03365
0.72318	0.03403
0.96423	0.03309
1.20529	0.03010
1.44635	0.02484
1.68741	0.01776
1.92847	0.00985
2.16953	0.00110
2.41059	-0.00305
2.65165	-0.00145
2.89270	0.00480
3.13376	0.01308
3.37482	0.02057
3.61588	0.02532
3.85694	0.02674
4.09800	0.02688
4.33906	0.02665
4.58011	0.02638
4.82117	0.02624
5.06223	0.02629
5.30329	0.02649
5.54435	0.02673
5.78541	0.02691
6.02647	0.02696
6.26753	0.02687
6.50858	0.02664
6.74964	0.02629
6.99070	0.02583
7.23176	0.02530
7.47282	0.02472
7.71388	0.02413
7.95494	0.02358
8.19599	0.02309
8.43705	0.02270
8.67811	0.02243
8.91917	0.02226
9.16023	0.02218
9.40129	0.02220
9.64235	0.02232
9.88340	0.02250
10.12446	0.02287
10.36552	0.02348
10.60658	0.02440
10.84764	0.02564
11.08870	0.02718
11.32976	0.02893
11.57082	0.03073
11.81187	0.03241
12.05293	0.03372
12.29399	0.03449
12.53505	0.03458
12.77611	0.03396
13.01717	0.03266
13.25823	0.03082
13.49928	0.02862
13.74034	0.02607
13.98140	0.02367
14.22246	0.02167
14.46352	0.02025
14.70458	0.01947
14.94564	0.01933
15.18670	0.01973
15.42775	0.02049
15.66881	0.02148
15.90987	0.02247
16.15093	0.02332
16.39199	0.02393
16.63305	0.02428
16.87411	0.02438
17.11516	0.02428
17.35622	0.02406
17.59728	0.02371
17.83834	0.02333
18.07940	0.02290
18.32046	0.02242
18.56152	0.02187
18.80258	0.02122
19.04363	0.02046
19.28469	0.01959
19.52575	0.01866
19.76681	0.01767
20.00787	0.01665
20.24893	0.01561
20.48999	0.01457
20.73104	0.01351
20.97210	0.01245
21.21316	0.01138
21.45422	0.01030
21.69528	0.00924
21.93634	0.00820
22.17740	0.00723
22.41845	0.00638
22.65951	0.00570
22.90057	0.00524
23.14163	0.00504
23.38269	0.00484
23.62375	0.00479
23.86481	0.00500
24.10587	0.00554
24.34692	0.00644
24.58798	0.00764
24.82904	0.00905
25.07010	0.01049
25.31116	0.01202
25.55222	0.01359
25.79328	0.01516
26.03433	0.01668
26.27539	0.01813
26.51645	0.01950
26.75751	0.02080
26.99857	0.02206
27.23963	0.02328
27.48069	0.02453
27.72175	0.02585
27.96280	0.02728
28.20386	0.02883
28.44492	0.03051
28.68598	0.03232
28.92704	0.03428
29.16810	0.03640
29.40916	0.03870
29.65021	0.04123
29.89127	0.04399
30.13233	0.04701
30.37339	0.05029
30.61445	0.05377
30.85551	0.05742
31.09657	0.06115
31.33763	0.06481
31.57868	0.06825
31.81974	0.07136
32.06080	0.07403
32.30186	0.07622
32.54292	0.07793
32.78398	0.07922
33.02504	0.08009
33.26609	0.08080
33.50715	0.08155
33.74821	0.08249
33.98927	0.08376
34.23033	0.08539
34.47139	0.08742
34.71245	0.08978
34.95350	0.09244
35.19456	0.09533
35.43562	0.09844
35.67668	0.10180
35.91774	0.10555
36.15880	0.10987
36.39986	0.11502
36.64092	0.12128
36.88197	0.12890
37.12303	0.13809
37.36409	0.14892
37.60515	0.16129
37.84621	0.17491
38.08727	0.18930
38.32833	0.20384
38.56938	0.21782
38.81044	0.23054
39.05150	0.24137
39.29256	0.24987
39.53362	0.25583
39.77468	0.25933
40.01574	0.26067
40.25680	0.26035
40.49785	0.25900
40.73891	0.25720
40.97997	0.25556
41.22103	0.25450
41.46209	0.25431
41.70315	0.25510
41.94421	0.25687
42.18526	0.25955
42.42632	0.26308
42.66738	0.26740
42.90844	0.27255
43.14950	0.27861
43.39056	0.28570
43.63162	0.29391
43.87268	0.30322
44.11373	0.31349
44.35479	0.32443
44.59585	0.33555
44.83691	0.34624
45.07797	0.35581
45.31903	0.36362
45.56009	0.36913
45.80114	0.37201
46.04220	0.37219
46.28326	0.36986
46.52432	0.36547
46.76538	0.35966
47.00644	0.35314
47.24750	0.34666
47.48855	0.34085
47.72961	0.33621
47.97067	0.33308
48.21173	0.33159
48.45279	0.33178
48.69385	0.33359
48.93491	0.33698
49.17597	0.34197
49.41702	0.34865
49.65808	0.35722
49.89914	0.36795
50.14020	0.38107
50.38126	0.39673
50.62232	0.41492
50.86338	0.43537
51.10443	0.45757
51.34549	0.48075
51.58655	0.50399
51.82761	0.52630
52.06867	0.54675
52.30973	0.56461
52.55079	0.57940
52.79185	0.59098
53.03290	0.59949
53.27396	0.60535
53.51502	0.60909
53.75608	0.61131
53.99714	0.61256
54.23820	0.61325
54.47926	0.61368
54.72031	0.61404
54.96137	0.61447
55.20243	0.61513
55.44349	0.61630
55.68455	0.61840
55.92561	0.62203
56.16667	0.62786
56.40773	0.63663
56.64878	0.64893
56.88984	0.66514
57.13090	0.68529
57.37196	0.70897
57.61302	0.73531
57.85408	0.76311
58.09514	0.79089
58.33619	0.81716
58.57725	0.84058
58.81831	0.86015
59.05937	0.87539
59.30043	0.88636
59.54149	0.89359
59.78255	0.89798
60.02361	0.90060
60.26466	0.90241
60.50572	0.90416
60.74678	0.90616
60.98784	0.90835
61.22890	0.91032
61.46996	0.91151
61.71102	0.91139
61.95207	0.90970
62.19313	0.90657
62.43419	0.90263
62.67525	0.89890
62.91631	0.89671
63.15737	0.89743
63.39843	0.90225
63.63948	0.91194
63.88054	0.92671
64.12160	0.94612
64.36266	0.96920
64.60372	0.99454
64.84478	1.02054
65.08584	1.04565
65.32690	1.06859
65.56795	1.08849
65.80901	1.10492
66.05007	1.11789
66.29113	1.12771
66.53219	1.13478
66.77325	1.13947
67.01431	1.14193
67.25536	1.14204
67.49642	1.13945
67.73748	1.13361
67.97854	1.12397
68.21960	1.11016
68.46066	1.09210
68.70172	1.07017
68.94278	1.04518
69.18383	1.01834
69.42489	0.99112
69.66595	0.96506
69.90701	0.94160
70.14807	0.92185
70.38913	0.90653
70.63019	0.89589
70.87124	0.88975
71.11230	0.88765
71.35336	0.88896
71.59442	0.89304
71.83548	0.89945
72.07654	0.90793
72.31760	0.91847
72.55866	0.93125
72.79971	0.94643
73.04077	0.96407
73.28183	0.98394
73.52289	1.00541
73.76395	1.02748
74.00501	1.04879
74.24607	1.06780
74.48712	1.08299
74.72818	1.09308
74.96924	1.09725
75.21030	1.09526
75.45136	1.08749
75.69242	1.07494
75.93348	1.05908
76.17453	1.04167
76.41559	1.02455
76.65665	1.00946
76.89771	0.99787
77.13877	0.99087
77.37983	0.98916
77.62089	0.99307
77.86195	1.00262
78.10300	1.01769
78.34406	1.03806
78.58512	1.06357
78.82618	1.09411
79.06724	1.12966
79.30830	1.17016
79.54936	1.21541
79.79041	1.26495
80.03147	1.31786
80.27253	1.37275
80.51359	1.42771
80.75465	1.48052
80.99571	1.52876
81.23677	1.57020
81.47783	1.60306
81.71888	1.62631
81.95994	1.63978
82.20100	1.64429
82.44206	1.64141
82.68312	1.63332
82.92418	1.62241
83.16524	1.61091
83.40629	1.60070
83.64735	1.59300
83.88841	1.58842
84.12947	1.58700
84.37053	1.58848
84.61159	1.59256
84.85265	1.59915
85.09371	1.60860
85.33476	1.62172
85.57582	1.63975
85.81688	1.66408
86.05794	1.69596
86.29900	1.73614
86.54006	1.78458
86.78112	1.84022
87.02217	1.90098
87.26323	1.96397
87.50429	2.02575
87.74535	2.08283
87.98641	2.13212
88.22747	2.17136
88.46853	2.19944
88.70958	2.21643
88.95064	2.22351
89.19170	2.22264
89.43276	2.21619
89.67382	2.20642
89.91488	2.19517
90.15594	2.18360
90.39700	2.17212
90.63805	2.16055
90.87911	2.14840
91.12017	2.13523
91.36123	2.12104
91.60229	2.10646
91.84335	2.09292
92.08441	2.08250
92.32546	2.07769
92.56652	2.08097
92.80758	2.09435
93.04864	2.11896
93.28970	2.15479
93.53076	2.20055
93.77182	2.25386
94.01288	2.31153
94.25393	2.37005
94.49499	2.42611
94.73605	2.47705
94.97711	2.52119
95.21817	2.55798
95.45923	2.58781
95.70029	2.61178
95.94134	2.63125
96.18240	2.64737
96.42346	2.66073
96.66452	2.67114
96.90558	2.67769
97.14664	2.67891
97.38770	2.67317
97.62876	2.65918
97.86981	2.63639
98.11087	2.60532
98.35193	2.56768
98.59299	2.52620
98.83405	2.48442
99.07511	2.44614
99.31617	2.41489
99.55722	2.39348
99.79828	2.38361
100.03934	2.38571
100.28040	2.39900
100.52146	2.42169
100.76252	2.45147
101.00358	2.48584
101.24464	2.52266
101.48569	2.56037
101.72675	2.59815
101.96781	2.63585
102.20887	2.67379
102.44993	2.71231
102.69099	2.75148
102.93205	2.79074
103.17310	2.82873
103.41416	2.86331
103.65522	2.89183
103.89628	2.91149
104.13734	2.91987
104.37840	2.91539
104.61946	2.89766
104.86051	2.86767
105.10157	2.82767
105.34263	2.78095
105.58369	2.73131
105.82475	2.68259
106.06581	2.63812
106.30687	2.60033
106.54793	2.57064
106.78898	2.54937
107.03004	2.53602
107.27110	2.52959
107.51216	2.52901
107.75322	2.53347
107.99428	2.54271
108.23534	2.55702
108.47639	2.57720
108.71745	2.60425
108.95851	2.63901
109.19957	2.68176
109.44063	2.73192
109.68169	2.78787
109.92275	2.84696
110.16381	2.90572
110.40486	2.96030
110.64592	3.00691
110.88698	3.04240
111.12804	3.06464
111.36910	3.07289
111.61016	3.06781
111.85122	3.05132
112.09227	3.02625
112.33333	2.99586
112.57439	2.96330
112.81545	2.93115
113.05651	2.90113
113.29757	2.87403
113.53863	2.84978
113.77969	2.82782
114.02074	2.80749
114.26180	2.78849
114.50286	2.77115
114.74392	2.75660
114.98498	2.74669
115.22604	2.74365
115.46710	2.74966
115.70815	2.76636
115.94921	2.79435
116.19027	2.83292
116.43133	2.88002
116.67239	2.93243
116.91345	2.98621
117.15451	3.03726
117.39556	3.08195
117.63662	3.11757
117.87768	3.14268
118.11874	3.15721
118.35980	3.16223
118.60086	3.15961
118.84192	3.15150
119.08298	3.13988
119.32403	3.12614
119.56509	3.11089
119.80615	3.09392
120.04721	3.07450
120.28827	3.05168
120.52933	3.02474
120.77039	2.99362
121.01144	2.95915
121.25250	2.92316
121.49356	2.88835
121.73462	2.85791
121.97568	2.83510
122.21674	2.82268
122.45780	2.82243
122.69886	2.83487
122.93991	2.85915
123.18097	2.89317
123.42203	2.93394
123.66309	2.97810
123.90415	3.02245
124.14521	3.06442
124.38627	3.10239
124.62732	3.13574
124.86838	3.16475
125.10944	3.19023
125.35050	3.21310
125.59156	3.23393
125.83262	3.25265
126.07368	3.26837
126.31474	3.27949
126.55579	3.28397
126.79685	3.27976
127.03791	3.26531
127.27897	3.24000
127.52003	3.20440
127.76109	3.16036
128.00215	3.11084
128.24320	3.05958
128.48426	3.01056
128.72532	2.96746
128.96638	2.93318
129.20744	2.90946
129.44850	2.89677
129.68956	2.89432
129.93061	2.90039
130.17167	2.91270
130.41273	2.92893
130.65379	2.94710
130.89485	2.96591
131.13591	2.98483
131.37697	3.00400
131.61803	3.02400
131.85908	3.04543
132.10014	3.06857
132.34120	3.09299
132.58226	3.11748
132.82332	3.14005
133.06438	3.15818
133.30544	3.16925
133.54649	3.17104
133.78755	3.16209
134.02861	3.14212
134.26967	3.11205
134.51073	3.07397
134.75179	3.03082
134.99285	2.98591
135.23391	2.94246
135.47496	2.90311
135.71602	2.86959
135.95708	2.84263
136.19814	2.82201
136.43920	2.80681
136.68026	2.79577
136.92132	2.78772
137.16237	2.78189
137.40343	2.77817
137.64449	2.77708
137.88555	2.77969
138.12661	2.78725
138.36767	2.80087
138.60873	2.82108
138.84979	2.84759
139.09084	2.87911
139.33190	2.91343
139.57296	2.94767
139.81402	2.97867
140.05508	3.00351
140.29614	3.01987
140.53720	3.02648
140.77825	3.02320
141.01931	3.01100
141.26037	2.99177
141.50143	2.96787
141.74249	2.94175
141.98355	2.91548
142.22461	2.89047
142.46566	2.86735
142.70672	2.84596
142.94778	2.82567
143.18884	2.80563
143.42990	2.78522
143.67096	2.76432
143.91202	2.74353
144.15308	2.72420
144.39413	2.70825
144.63519	2.69785
144.87625	2.69498
145.11731	2.70103
145.35837	2.71646
145.59943	2.74060
145.84049	2.77169
146.08154	2.80711
146.32260	2.84378
146.56366	2.87861
146.80472	2.90900
147.04578	2.93316
147.28684	2.95034
147.52790	2.96082
147.76896	2.96566
148.01001	2.96640
148.25107	2.96462
148.49213	2.96156
148.73319	2.95787
148.97425	2.95347
149.21531	2.94764
149.45637	2.93926
149.69742	2.92713
149.93848	2.91038
150.17954	2.88878
150.42060	2.86290
150.66166	2.83419
150.90272	2.80479
151.14378	2.77726
151.38484	2.75416
151.62589	2.73763
151.86695	2.72906
152.10801	2.72882
152.34907	2.73626
152.59013	2.74979
152.83119	2.76723
153.07225	2.78614
153.31330	2.80432
153.55436	2.82009
153.79542	2.83256
154.03648	2.84169
154.27754	2.84816
154.51860	2.85304
154.75966	2.85752
155.00072	2.86246
155.24177	2.86814
155.48283	2.87410
155.72389	2.87920
155.96495	2.88182
156.20601	2.88020
156.44707	2.87289
156.68813	2.85905
156.92918	2.83876
157.17024	2.81308
157.41130	2.78395
157.65236	2.75389
157.89342	2.72559
158.13448	2.70150
158.37554	2.68345
158.61659	2.67235
158.85765	2.66817
159.09871	2.67000
159.33977	2.67633
159.58083	2.68542
159.82189	2.69563
160.06295	2.70575
160.30401	2.71520
160.54506	2.72400
160.78612	2.73273
161.02718	2.74221
161.26824	2.75330
161.50930	2.76650
161.75036	2.78185
161.99142	2.79872
162.23247	2.81596
162.47353	2.83199
162.71459	2.84510
162.95565	2.85378
163.19671	2.85697
163.43777	2.85433
163.67883	2.84633
163.91989	2.83418
164.16094	2.81967
164.40200	2.80485
164.64306	2.79173
164.88412	2.78189
165.12518	2.77628
165.36624	2.77508
165.60730	2.77775
165.84835	2.78323
166.08941	2.79021
166.33047	2.79755
166.57153	2.80448
166.81259	2.81088
167.05365	2.81726
167.29471	2.82463
167.53577	2.83421
167.77682	2.84711
168.01788	2.86391
168.25894	2.88447
168.50000	2.90780
168.74106	2.93215
168.98212	2.95526
169.22318	2.97475
169.46423	2.98856
169.70529	2.99528
169.94635	2.99444
170.18741	2.98656
170.42847	2.97306
170.66953	2.95599
170.91059	2.93765
171.15164	2.92021
171.39270	2.90532
171.63376	2.89391
171.87482	2.88610
172.11588	2.88127
172.35694	2.87826
172.59800	2.87571
172.83906	2.87240
173.08011	2.86753
173.32117	2.86092
173.56223	2.85309
173.80329	2.84517
174.04435	2.83864
174.28541	2.83504
174.52647	2.83561
174.76752	2.84101
175.00858	2.85111
175.24964	2.86495
175.49070	2.88089
175.73176	2.89686
175.97282	2.91072
176.21388	2.92061
176.45494	2.92531
176.69599	2.92439
176.93705	2.91829
177.17811	2.90812
177.41917	2.89547
177.66023	2.88199
177.90129	2.86914
178.14235	2.85782
178.38340	2.84831
178.62446	2.84024
178.86552	2.83278
179.10658	2.82489
179.34764	2.81565
179.58870	2.80457
179.82976	2.79172
180.07082	2.77788
180.31187	2.76435
180.55293	2.75273
180.79399	2.74465
181.03505	2.74136
181.27611	2.74347
181.51717	2.75084
181.75823	2.76252
181.99928	2.77693
182.24034	2.79218
182.48140	2.80635
182.72246	2.81789
182.96352	2.82586
183.20458	2.83002
183.44564	2.83088
183.68669	2.82948
183.92775	2.82711
184.16881	2.82508
184.40987	2.82433
184.65093	2.82531
184.89199	2.82786
185.13305	2.83129
185.37411	2.83455
185.61516	2.83646
185.85622	2.83605
186.09728	2.83275
186.33834	2.82663
186.57940	2.81836
186.82046	2.80920
187.06152	2.80074
187.30257	2.79465
187.54363	2.79233
187.78469	2.79469
188.02575	2.80192
188.26681	2.81347
188.50787	2.82815
188.74893	2.84434
188.98999	2.86032
189.23104	2.87456
189.47210	2.88604
189.71316	2.89439
189.95422	2.89989
190.19528	2.90338
190.43634	2.90599
190.67740	2.90885
190.91845	2.91276
191.15951	2.91802
191.40057	2.92427
191.64163	2.93062
191.88269	2.93581
192.12375	2.93848
192.36481	2.93753
192.60587	2.93233
192.84692	2.92300
193.08798	2.91034
193.32904	2.89578
193.57010	2.88112
193.81116	2.86824
194.05222	2.85873
194.29328	2.85366
194.53433	2.85338
194.77539	2.85750
195.01645	2.86498
195.25751	2.87438
195.49857	2.88413
195.73963	2.89288
195.98069	2.89966
196.22174	2.90413
196.46280	2.90651
196.70386	2.90752
196.94492	2.90815
197.18598	2.90940
197.42704	2.91196
197.66810	2.91612
197.90916	2.92157
198.15021	2.92750
198.39127	2.93277
198.63233	2.93609
198.87339	2.93639
199.11445	2.93301
199.35551	2.92588
199.59657	2.91562
199.83762	2.90342
200.07868	2.89088
200.31974	2.87970
200.56080	2.87142
200.80186	2.86712
201.04292	2.86729
201.28398	2.87172
201.52504	2.87963
201.76609	2.88981
202.00715	2.90091
202.24821	2.91172
202.48927	2.92139
202.73033	2.92958
202.97139	2.93648
203.21245	2.94275
203.45350	2.94927
203.69456	2.95690
203.93562	2.96626
204.17668	2.97751
204.41774	2.99024
204.65880	3.00354
204.89986	3.01609
205.14092	3.02646
205.38197	3.03332
205.62303	3.03575
205.86409	3.03339
206.10515	3.02656
206.34621	3.01618
206.58727	3.00366
206.82833	2.99059
207.06938	2.97854
207.31044	2.96876
207.55150	2.96196
207.79256	2.95828
208.03362	2.95728
208.27468	2.95810
208.51574	2.95967
208.75680	2.96099
208.99785	2.96135
209.23891	2.96046
209.47997	2.95858
209.72103	2.95636
209.96209	2.95475
210.20315	2.95466
210.44421	2.95682
210.68526	2.96146
210.92632	2.96828
211.16738	2.97641
211.40844	2.98456
211.64950	2.99126
211.89056	2.99514
212.13162	2.99518
212.37267	2.99095
212.61373	2.98264
212.85479	2.97105
213.09585	2.95742
213.33691	2.94317
213.57797	2.92964
213.81903	2.91783
214.06009	2.90825
214.30114	2.90085
214.54220	2.89513
214.78326	2.89023
215.02432	2.88522
215.26538	2.87934
215.50644	2.87216
215.74750	2.86374
215.98855	2.85464
216.22961	2.84583
216.47067	2.83849
216.71173	2.83380
216.95279	2.83267
217.19385	2.83552
217.43491	2.84219
217.67597	2.85192
217.91702	2.86344
218.15808	2.87519
218.39914	2.88559
218.64020	2.89330
218.88126	2.89747
219.12232	2.89784
219.36338	2.89479
219.60443	2.88921
219.84549	2.88227
220.08655	2.87520
220.32761	2.86900
220.56867	2.86422
220.80973	2.86091
221.05079	2.85858
221.29185	2.85642
221.53290	2.85343
221.77396	2.84877
222.01502	2.84197
222.25608	2.83305
222.49714	2.82263
222.73820	2.81180
222.97926	2.80195
223.22031	2.79453
223.46137	2.79074
223.70243	2.79134
223.94349	2.79644
224.18455	2.80553
224.42561	2.81756
224.66667	2.83112
224.90772	2.84470
225.14878	2.85697
225.38984	2.86698
225.63090	2.87427
225.87196	2.87893
226.11302	2.88146
226.35408	2.88265
226.59514	2.88332
226.83619	2.88411
227.07725	2.88533
227.31831	2.88691
227.55937	2.88833
227.80043	2.88884
228.04149	2.88756
228.28255	2.88374
228.52360	2.87695
228.76466	2.86720
229.00572	2.85501
229.24678	2.84139
229.48784	2.82764
229.72890	2.81519
229.96996	2.80534
230.21102	2.79902
230.45207	2.79666
230.69313	2.79809
230.93419	2.80261
231.17525	2.80915
231.41631	2.81643
231.65737	2.82327
231.89843	2.82879
232.13948	2.83255
232.38054	2.83458
232.62160	2.83534
232.86266	2.83554
233.10372	2.83590
233.34478	2.83694
233.58584	2.83879
233.82690	2.84113
234.06795	2.84320
234.30901	2.84394
234.55007	2.84219
234.79113	2.83696
235.03219	2.82765
235.27325	2.81414
235.51431	2.79693
235.75536	2.77699
235.99642	2.75569
236.23748	2.73451
236.47854	2.71486
236.71960	2.69785
236.96066	2.68418
237.20172	2.67403
237.44277	2.66718
237.68383	2.66302
237.92489	2.66082
238.16595	2.65983
238.40701	2.65946
238.64807	2.65941
238.88913	2.65966
239.13019	2.66047
239.37124	2.66222
239.61230	2.66532
239.85336	2.66999
240.09442	2.67620
240.33548	2.68355
240.57654	2.69129
240.81760	2.69844
241.05865	2.70394
241.29971	2.70679
241.54077	2.70631
241.78183	2.70219
242.02289	2.69462
242.26395	2.68422
242.50501	2.67193
242.74607	2.65883
242.98712	2.64600
243.22818	2.63426
243.46924	2.62414
243.71030	2.61575
243.95136	2.60892
244.19242	2.60325
244.43348	2.59829
244.67453	2.59368
244.91559	2.58931
245.15665	2.58533
245.39771	2.58219
245.63877	2.58052
245.87983	2.58099
246.12089	2.58415
246.36195	2.59031
246.60300	2.59938
246.84406	2.61084
247.08512	2.62381
247.32618	2.63716
247.56724	2.64964
247.80830	2.66008
248.04936	2.66760
248.29041	2.67165
248.53147	2.67214
248.77253	2.66938
249.01359	2.66397
249.25465	2.65669
249.49571	2.64830
249.73677	2.63942
249.97783	2.63043
250.21888	2.62141
250.45994	2.61219
250.70100	2.60246
250.94206	2.59189
251.18312	2.58028
251.42418	2.56764
251.66524	2.55431
251.90629	2.54090
252.14735	2.52825
252.38841	2.51729
252.62947	2.50888
252.87053	2.50365
253.11159	2.50189
253.35265	2.50347
253.59370	2.50783
253.83476	2.51410
254.07582	2.52117
254.31688	2.52791
254.55794	2.53330
254.79900	2.53658
255.04006	2.53733
255.28112	2.53550
255.52217	2.53134
255.76323	2.52534
256.00429	2.51802
256.24535	2.50988
256.48641	2.50125
256.72747	2.49226
256.96853	2.48280
257.20958	2.47263
257.45064	2.46147
257.69170	2.44907
257.93276	2.43538
258.17382	2.42061
258.41488	2.40521
258.65594	2.38989
258.89700	2.37549
259.13805	2.36286
259.37911	2.35276
259.62017	2.34568
259.86123	2.34181
260.10229	2.34102
260.34335	2.34286
260.58441	2.34664
260.82546	2.35163
261.06652	2.35708
261.30758	2.36243
261.54864	2.36731
261.78970	2.37158
262.03076	2.37527
262.27182	2.37853
262.51288	2.38149
262.75393	2.38418
262.99499	2.38644
263.23605	2.38793
263.47711	2.38813
263.71817	2.38647
263.95923	2.38242
264.20029	2.37564
264.44134	2.36605
264.68240	2.35390
264.92346	2.33976
265.16452	2.32446
265.40558	2.30895
265.64664	2.29422
265.88770	2.28110
266.12875	2.27020
266.36981	2.26184
266.61087	2.25603
266.85193	2.25251
267.09299	2.25088
267.33405	2.25064
267.57511	2.25131
267.81617	2.25253
268.05722	2.25409
268.29828	2.25591
268.53934	2.25805
268.78040	2.26061
269.02146	2.26369
269.26252	2.26727
269.50358	2.27115
269.74463	2.27498
269.98569	2.27823
270.22675	2.28023
270.46781	2.28031
270.70887	2.27790
270.94993	2.27259
271.19099	2.26427
271.43205	2.25313
271.67310	2.23966
271.91416	2.22458
272.15522	2.20873
272.39628	2.19295
272.63734	2.17793
272.87840	2.16418
273.11946	2.15195
273.36051	2.14124
273.60157	2.13189
273.84263	2.12368
274.08369	2.11637
274.32475	2.10986
274.56581	2.10420
274.80687	2.09957
275.04793	2.09626
275.28898	2.09456
275.53004	2.09467
275.77110	2.09661
276.01216	2.10020
276.25322	2.10500
276.49428	2.11035
276.73534	2.11551
276.97639	2.11970
277.21745	2.12222
277.45851	2.12258
277.69957	2.12053
277.94063	2.11607
278.18169	2.10948
278.42275	2.10119
278.66380	2.09175
278.90486	2.08171
279.14592	2.07156
279.38698	2.06165
279.62804	2.05215
279.86910	2.04313
280.11016	2.03451
280.35122	2.02620
280.59227	2.01812
280.83333	2.01031
281.07439	2.00295
281.31545	1.99633
281.55651	1.99091
281.79757	1.98716
282.03863	1.98554
282.27968	1.98636
282.52074	1.98974
282.76180	1.99556
283.00286	2.00341
283.24392	2.01269
283.48498	2.02265
283.72604	2.03249
283.96710	2.04152
284.20815	2.04917
284.44921	2.05513
284.69027	2.05932
284.93133	2.06185
285.17239	2.06298
285.41345	2.06301
285.65451	2.06221
285.89556	2.06074
286.13662	2.05864
286.37768	2.05581
286.61874	2.05208
286.85980	2.04729
287.10086	2.04134
287.34192	2.03429
287.58298	2.02634
287.82403	2.01791
288.06509	2.00952
288.30615	2.00177
288.54721	1.99527
288.78827	1.99048
289.02933	1.98775
289.27039	1.98720
289.51144	1.98871
289.75250	1.99201
289.99356	1.99667
290.23462	2.00217
290.47568	2.00801
290.71674	2.01372
290.95780	2.01896
291.19885	2.02348
291.43991	2.02717
291.68097	2.03000
291.92203	2.03200
292.16309	2.03319
292.40415	2.03355
292.64521	2.03299
292.88627	2.03135
293.12732	2.02842
293.36838	2.02399
293.60944	2.01792
293.85050	2.01018
294.09156	2.00094
294.33262	1.99053
294.57368	1.97947
294.81473	1.96837
295.05579	1.95789
295.29685	1.94859
295.53791	1.94092
295.77897	1.93512
296.02003	1.93121
296.26109	1.92904
296.50215	1.92832
296.74320	1.92872
296.98426	1.92991
297.22532	1.93168
297.46638	1.93391
297.70744	1.93659
297.94850	1.93978
298.18956	1.94354
298.43061	1.94792
298.67167	1.95285
298.91273	1.95816
299.15379	1.96356
299.39485	1.96867
299.63591	1.97307
299.87697	1.97634
300.11803	1.97815
300.35908	1.97827
300.60014	1.97664
300.84120	1.97335
301.08226	1.96868
301.32332	1.96303
301.56438	1.95687
301.80544	1.95072
302.04649	1.94506
302.28755	1.94026
302.52861	1.93658
302.76967	1.93412
303.01073	1.93286
303.25179	1.93268
303.49285	1.93340
303.73391	1.93490
303.97496	1.93708
304.21602	1.93996
304.45708	1.94364
304.69814	1.94826
304.93920	1.95398
305.18026	1.96084
305.42132	1.96879
305.66237	1.97761
305.90343	1.98690
306.14449	1.99616
306.38555	2.00486
306.62661	2.01248
306.86767	2.01861
307.10873	2.02305
307.34978	2.02575
307.59084	2.02687
307.83190	2.02668
308.07296	2.02554
308.31402	2.02377
308.55508	2.02165
308.79614	2.01935
309.03720	2.01691
309.27825	2.01432
309.51931	2.01150
309.76037	2.00839
310.00143	2.00498
310.24249	2.00135
310.48355	1.99770
310.72461	1.99431
310.96566	1.99151
311.20672	1.98966
311.44778	1.98907
311.68884	1.98994
311.92990	1.99238
312.17096	1.99631
312.41202	2.00151
312.65308	2.00763
312.89413	2.01421
313.13519	2.02074
313.37625	2.02674
313.61731	2.03179
313.85837	2.03559
314.09943	2.03797
314.34049	2.03890
314.58154	2.03850
314.82260	2.03692
315.06366	2.03440
315.30472	2.03112
315.54578	2.02723
315.78684	2.02279
316.02790	2.01783
316.26896	2.01233
316.51001	2.00631
316.75107	1.99984
316.99213	1.99311
317.23319	1.98639
317.47425	1.98007
317.71531	1.97455
317.95637	1.97024
318.19742	1.96745
318.43848	1.96635
318.67954	1.96695
318.92060	1.96907
319.16166	1.97241
319.40272	1.97658
319.64378	1.98116
319.88483	1.98578
320.12589	1.99013
320.36695	1.99405
320.60801	1.99743
320.84907	2.00027
321.09013	2.00263
321.33119	2.00453
321.57225	2.00600
321.81330	2.00700
322.05436	2.00745
322.29542	2.00722
322.53648	2.00616
322.77754	2.00413
323.01860	2.00105
323.25966	1.99691
323.50071	1.99183
323.74177	1.98602
323.98283	1.97979
324.22389	1.97356
324.46495	1.96776
324.70601	1.96280
324.94707	1.95900
325.18813	1.95657
325.42918	1.95555
325.67024	1.95582
325.91130	1.95715
326.15236	1.95923
326.39342	1.96172
326.63448	1.96437
326.87554	1.96701
327.11659	1.96960
327.35765	1.97220
327.59871	1.97492
327.83977	1.97788
328.08083	1.98111
328.32189	1.98452
328.56295	1.98787
328.80401	1.99083
329.04506	1.99297
329.28612	1.99389
329.52718	1.99326
329.76824	1.99092
330.00930	1.98689
330.25036	1.98139
330.49142	1.97478
330.73247	1.96751
330.97353	1.96009
331.21459	1.95292
331.45565	1.94632
331.69671	1.94049
331.93777	1.93546
332.17883	1.93116
332.41988	1.92747
332.66094	1.92421
332.90200	1.92124
333.14306	1.91847
333.38412	1.91588
333.62518	1.91350
333.86624	1.91142
334.10730	1.90976
334.34835	1.90860
334.58941	1.90798
334.83047	1.90786
335.07153	1.90810
335.31259	1.90848
335.55365	1.90869
335.79471	1.90838
336.03576	1.90723
336.27682	1.90496
336.51788	1.90143
336.75894	1.89662
337.00000	1.89066
337.24106	1.88382
337.48212	1.87645
337.72318	1.86891
337.96423	1.86156
338.20529	1.85464
338.44635	1.84828
338.68741	1.84248
338.92847	1.83715
339.16953	1.83214
339.41059	1.82728
339.65164	1.82248
339.89270	1.81771
340.13376	1.81307
340.37482	1.80872
340.61588	1.80487
340.85694	1.80172
341.09800	1.79943
341.33906	1.79803
341.58011	1.79745
341.82117	1.79749
342.06223	1.79786
342.30329	1.79825
342.54435	1.79833
342.78541	1.79786
343.02647	1.79668
343.26752	1.79474
343.50858	1.79210
343.74964	1.78888
343.99070	1.78526
344.23176	1.78140
344.47282	1.77746
344.71388	1.77349
344.95493	1.76951
345.19599	1.76547
345.43705	1.76129
345.67811	1.75688
345.91917	1.75217
346.16023	1.74714
346.40129	1.74185
346.64235	1.73640
346.88340	1.73095
347.12446	1.72571
347.36552	1.72085
347.60658	1.71652
347.84764	1.71279
348.08870	1.70965
348.32976	1.70699
348.57081	1.70466
348.81187	1.70243
349.05293	1.70008
349.29399	1.69742
349.53505	1.69433
349.77611	1.69075
350.01717	1.68672
350.25823	1.68232
350.49928	1.67768
350.74034	1.67292
350.98140	1.66811
351.22246	1.66331
351.46352	1.65847
351.70458	1.65351
351.94564	1.64832
352.18669	1.64278
352.42775	1.63682
352.66881	1.63040
352.90987	1.62359
353.15093	1.61651
353.39199	1.60934
353.63305	1.60230
353.87411	1.59562
354.11516	1.58948
354.35622	1.58402
354.59728	1.57928
354.83834	1.57526
355.07940	1.57186
355.32046	1.56896
355.56152	1.56638
355.80257	1.56399
356.04363	1.56163
356.28469	1.55923
356.52575	1.55673
356.76681	1.55413
357.00787	1.55146
357.24893	1.54873
357.48999	1.54597
357.73104	1.54316
357.97210	1.54025
358.21316	1.53713
358.45422	1.53367
358.69528	1.52972
358.93634	1.52517
359.17740	1.51992
359.41845	1.51397
359.65951	1.50736
359.90057	1.50025
360.14163	1.49282
360.38269	1.48530
360.62375	1.47793
360.86481	1.47090
361.10586	1.46435
361.34692	1.45833
361.58798	1.45285
361.82904	1.44784
362.07010	1.44319
362.31116	1.43878
362.55222	1.43451
362.79328	1.43029
363.03433	1.42609
363.27539	1.42187
363.51645	1.41764
363.75751	1.41341
363.99857	1.40915
364.23963	1.40483
364.48069	1.40038
364.72174	1.39569
364.96280	1.39066
365.20386	1.38518
365.44492	1.37915
365.68598	1.37251
365.92704	1.36526
366.16810	1.35744
366.40916	1.34914
366.65021	1.34047
366.89127	1.33154
367.13233	1.32248
367.37339	1.31337
367.61445	1.30426
367.85551	1.29515
368.09657	1.28603
368.33762	1.27683
368.57868	1.26752
368.81974	1.25805
369.06080	1.24840
369.30186	1.23859
369.54292	1.22867
369.78398	1.21868
370.02504	1.20868
370.26609	1.19871
370.50715	1.18879
370.74821	1.17887
370.98927	1.16887
371.23033	1.15868
371.47139	1.14815
371.71245	1.13714
371.95350	1.12551
372.19456	1.11315
372.43562	1.10001
372.67668	1.08608
372.91774	1.07139
373.15880	1.05604
373.39986	1.04013
373.64091	1.02378
373.88197	1.00710
374.12303	0.99019
374.36409	0.97312
374.60515	0.95597
374.84621	0.93878
375.08727	0.92159
375.32833	0.90444
375.56938	0.88737
375.81044	0.87044
376.05150	0.85371
376.29256	0.83722
376.53362	0.82110
376.77468	0.80543
377.01574	0.79030
377.25679	0.77576
377.49785	0.76187
377.73891	0.74865
377.97997	0.73612
378.22103	0.72423
378.46209	0.71303
378.70315	0.70256
378.94421	0.69282
379.18526	0.68386
379.42632	0.67573
379.66738	0.66850
379.90844	0.66224
380.14950	0.65700
380.39056	0.65289
380.63162	0.64995
380.87267	0.64820
381.11373	0.64766
381.35479	0.64829
381.59585	0.65008
381.83691	0.65298
382.07797	0.65696
382.31903	0.66201
382.56009	0.66813
382.80114	0.67533
383.04220	0.68360
383.28326	0.69294
383.52432	0.70332
383.76538	0.71466
384.00644	0.72680
384.24750	0.73966
384.48855	0.75309
384.72961	0.76692
384.97067	0.78099
385.21173	0.79515
385.45279	0.80928
385.69385	0.82328
385.93491	0.83706
386.17596	0.85061
386.41702	0.86393
386.65808	0.87699
386.89914	0.88979
387.14020	0.90230
387.38126	0.91451
387.62232	0.92639
387.86338	0.93791
388.10443	0.94905
388.34549	0.95983
388.58655	0.97025
388.82761	0.98035
389.06867	0.99019
389.30973	0.99982
389.55079	1.00935
389.79184	1.01883
390.03290	1.02835
390.27396	1.03797
390.51502	1.04771
390.75608	1.05759
390.99714	1.06758
391.23820	1.07767
391.47926	1.08781
391.72031	1.09795
391.96137	1.10805
392.20243	1.11809
392.44349	1.12805
392.68455	1.13791
392.92561	1.14766
393.16667	1.15729
393.40772	1.16676
393.64878	1.17603
393.88984	1.18505
394.13090	1.19375
394.37196	1.20206
394.61302	1.20993
394.85408	1.21731
395.09514	1.22418
395.33619	1.23058
395.57725	1.23655
395.81831	1.24219
396.05937	1.24761
396.30043	1.25295
396.54149	1.25831
396.78255	1.26380
397.02360	1.26949
397.26466	1.27543
397.50572	1.28161
397.74678	1.28800
397.98784	1.29458
398.22890	1.30127
398.46996	1.30804
398.71102	1.31484
398.95207	1.32164
399.19313	1.32844
399.43419	1.33522
399.67525	1.34196
399.91631	1.34865
400.15737	1.35523
400.39843	1.36162
400.63948	1.36773
400.88054	1.37345
401.12160	1.37865
401.36266	1.38324
401.60372	1.38716
401.84478	1.39038
402.08584	1.39292
402.32689	1.39485
402.56795	1.39629
402.80901	1.39736
403.05007	1.39821
403.29113	1.39895
403.53219	1.39972
403.77325	1.40057
404.01431	1.40156
404.25536	1.40272
404.49642	1.40401
404.73748	1.40544
404.97854	1.40697
405.21960	1.40858
405.46066	1.41024
405.70172	1.41196
405.94277	1.41373
406.18383	1.41555
406.42489	1.41741
406.66595	1.41929
406.90701	1.42118
407.14807	1.42303
407.38913	1.42477
407.63019	1.42634
407.87124	1.42766
408.11230	1.42865
408.35336	1.42927
408.59442	1.42949
408.83548	1.42930
409.07654	1.42872
409.31760	1.42782
409.55865	1.42666
409.79971	1.42532
410.04077	1.42388
410.28183	1.42238
410.52289	1.42088
410.76395	1.41937
411.00501	1.41785
411.24607	1.41632
411.48712	1.41476
411.72818	1.41318
411.96924	1.41159
412.21030	1.41003
412.45136	1.40855
412.69242	1.40718
412.93348	1.40595
413.17453	1.40486
413.41559	1.40387
413.65665	1.40293
413.89771	1.40194
414.13877	1.40081
414.37983	1.39946
414.62089	1.39780
414.86194	1.39581
415.10300	1.39348
415.34406	1.39082
415.58512	1.38787
415.82618	1.38469
416.06724	1.38132
416.30830	1.37779
416.54936	1.37412
416.79041	1.37031
417.03147	1.36633
417.27253	1.36216
417.51359	1.35776
417.75465	1.35311
417.99571	1.34819
418.23677	1.34302
418.47782	1.33762
418.71888	1.33205
418.95994	1.32638
419.20100	1.32069
419.44206	1.31507
419.68312	1.30957
419.92418	1.30426
420.16524	1.29916
420.40629	1.29423
420.64735	1.28944
420.88841	1.28472
421.12947	1.27999
421.37053	1.27517
421.61159	1.27019
421.85265	1.26503
422.09370	1.25966
422.33476	1.25409
422.57582	1.24833
422.81688	1.24241
423.05794	1.23631
423.29900	1.23002
423.54006	1.22350
423.78112	1.21669
424.02217	1.20953
424.26323	1.20194
424.50429	1.19389
424.74535	1.18535
424.98641	1.17632
425.22747	1.16684
425.46853	1.15697
425.70958	1.14678
425.95064	1.13635
426.19170	1.12578
426.43276	1.11516
426.67382	1.10458
426.91488	1.09411
427.15594	1.08382
427.39699	1.07377
427.63805	1.06400
427.87911	1.05455
428.12017	1.04542
428.36123	1.03664
428.60229	1.02819
428.84335	1.02007
429.08441	1.01226
429.32546	1.00473
429.56652	0.99746
429.80758	0.99038
430.04864	0.98345
430.28970	0.97660
430.53076	0.96974
430.77182	0.96278
431.01287	0.95562
431.25393	0.94820
431.49499	0.94045
431.73605	0.93233
431.97711	0.92385
432.21817	0.91502
432.45923	0.90590
432.70029	0.89655
432.94134	0.88706
433.18240	0.87750
433.42346	0.86792
433.66452	0.85838
433.90558	0.84892
434.14664	0.83957
434.38770	0.83039
434.62875	0.82145
434.86981	0.81281
435.11087	0.80457
435.35193	0.79680
435.59299	0.78961
435.83405	0.78305
436.07511	0.77718
436.31617	0.77204
436.55722	0.76765
436.79828	0.76401
437.03934	0.76109
437.28040	0.75888
437.52146	0.75736
437.76252	0.75653
438.00358	0.75641
438.24463	0.75702
438.48569	0.75838
438.72675	0.76053
438.96781	0.76349
439.20887	0.76727
439.44993	0.77186
439.69099	0.77724
439.93204	0.78333
440.17310	0.79008
440.41416	0.79741
440.65522	0.80520
440.89628	0.81334
441.13734	0.82173
441.37840	0.83026
441.61946	0.83883
441.86051	0.84734
442.10157	0.85578
442.34263	0.86411
442.58369	0.87231
442.82475	0.88035
443.06581	0.88821
443.30687	0.89584
443.54792	0.90318
443.78898	0.91016
444.03004	0.91672
444.27110	0.92283
444.51216	0.92843
444.75322	0.93351
444.99428	0.93807
445.23534	0.94213
445.47639	0.94573
445.71745	0.94890
445.95851	0.95168
446.19957	0.95407
446.44063	0.95610
446.68169	0.95776
446.92275	0.95906
447.16380	0.95998
447.40486	0.96055
447.64592	0.96078
447.88698	0.96070
448.12804	0.96038
448.36910	0.95985
448.61016	0.95919
448.85122	0.95845
449.09227	0.95768
449.33333	0.95691
449.57439	0.95617
449.81545	0.95545
450.05651	0.95474
450.29757	0.95402
450.53863	0.95325
450.77968	0.95241
451.02074	0.95147
451.26180	0.95042
451.50286	0.94926
451.74392	0.94802
451.98498	0.94672
452.22604	0.94540
452.46710	0.94410
452.70815	0.94282
452.94921	0.94156
453.19027	0.94030
453.43133	0.93898
453.67239	0.93756
453.91345	0.93596
454.15451	0.93415
454.39556	0.93210
454.63662	0.92980
454.87768	0.92728
455.11874	0.92460
455.35980	0.92180
455.60086	0.91894
455.84192	0.91609
456.08297	0.91327
456.32403	0.91049
456.56509	0.90775
456.80615	0.90505
457.04721	0.90236
457.28827	0.89967
457.52933	0.89698
457.77039	0.89430
458.01144	0.89166
458.25250	0.88907
458.49356	0.88658
458.73462	0.88420
458.97568	0.88193
459.21674	0.87977
459.45780	0.87769
459.69885	0.87567
459.93991	0.87366
460.18097	0.87163
460.42203	0.86954
460.66309	0.86737
460.90415	0.86512
461.14521	0.86279
461.38627	0.86042
461.62732	0.85803
461.86838	0.85567
462.10944	0.85338
462.35050	0.85118
462.59156	0.84910
462.83262	0.84712
463.07368	0.84524
463.31473	0.84339
463.55579	0.84155
463.79685	0.83964
464.03791	0.83764
464.27897	0.83550
464.52003	0.83322
464.76109	0.83082
465.00215	0.82832
465.24320	0.82578
465.48426	0.82324
465.72532	0.82074
465.96638	0.81830
466.20744	0.81594
466.44850	0.81366
466.68956	0.81142
466.93061	0.80921
467.17167	0.80700
467.41273	0.80478
467.65379	0.80257
467.89485	0.80037
468.13591	0.79822
468.37697	0.79614
468.61802	0.79418
468.85908	0.79235
469.10014	0.79067
469.34120	0.78911
469.58226	0.78765
469.82332	0.78625
470.06438	0.78485
470.30544	0.78341
470.54649	0.78188
470.78755	0.78023
471.02861	0.77843
471.26967	0.77649
471.51073	0.77442
471.75179	0.77225
471.99285	0.77002
472.23390	0.76775
472.47496	0.76548
472.71602	0.76323
472.95708	0.76102
473.19814	0.75886
473.43920	0.75675
473.68026	0.75469
473.92132	0.75269
474.16237	0.75076
474.40343	0.74892
474.64449	0.74720
474.88555	0.74563
475.12661	0.74424
475.36767	0.74305
475.60873	0.74207
475.84978	0.74129
476.09084	0.74067
476.33190	0.74018
476.57296	0.73976
476.81402	0.73937
477.05508	0.73896
477.29614	0.73850
477.53720	0.73798
477.77825	0.73739
478.01931	0.73674
478.26037	0.73605
478.50143	0.73533
478.74249	0.73459
478.98355	0.73381
479.22461	0.73300
479.46566	0.73214
479.70672	0.73122
479.94778	0.73024
480.18884	0.72920
480.42990	0.72813
480.67096	0.72704
480.91202	0.72596
481.15307	0.72494
481.39413	0.72399
481.63519	0.72313
481.87625	0.72238
482.11731	0.72172
482.35837	0.72116
482.59943	0.72067
482.84049	0.72025
483.08154	0.71987
483.32260	0.71952
483.56366	0.71919
483.80472	0.71885
484.04578	0.71851
484.28684	0.71816
484.52790	0.71780
484.76895	0.71742
485.01001	0.71702
485.25107	0.71660
485.49213	0.71615
485.73319	0.71565
485.97425	0.71510
486.21531	0.71446
486.45637	0.71373
486.69742	0.71289
486.93848	0.71195
487.17954	0.71092
487.42060	0.70982
487.66166	0.70871
487.90272	0.70762
488.14378	0.70661
488.38483	0.70571
488.62589	0.70495
488.86695	0.70434
489.10801	0.70389
489.34907	0.70358
489.59013	0.70337
489.83119	0.70326
490.07225	0.70320
490.31330	0.70319
490.55436	0.70322
490.79542	0.70329
491.03648	0.70341
491.27754	0.70360
491.51860	0.70388
491.75966	0.70425
492.00071	0.70472
492.24177	0.70527
492.48283	0.70588
492.72389	0.70654
492.96495	0.70720
493.20601	0.70784
493.44707	0.70842
493.68812	0.70893
493.92918	0.70937
494.17024	0.70975
494.41130	0.71008
494.65236	0.71040
494.89342	0.71071
495.13448	0.71106
495.37554	0.71145
495.61659	0.71188
495.85765	0.71233
496.09871	0.71279
496.33977	0.71324
496.58083	0.71365
496.82189	0.71402
497.06295	0.71436
497.30400	0.71467
497.54506	0.71498
497.78612	0.71532
498.02718	0.71570
498.26824	0.71615
498.50930	0.71667
498.75036	0.71722
498.99142	0.71778
499.23247	0.71830
499.47353	0.71875
499.71459	0.71906
499.95565	0.71922
500.19671	0.71921
500.43777	0.71900
500.67883	0.71862
500.91988	0.71805
501.16094	0.71732
501.40200	0.71640
501.64306	0.71530
501.88412	0.71398
502.12518	0.71241
502.36624	0.71056
502.60730	0.70837
502.84835	0.70580
503.08941	0.70284
503.33047	0.69946
503.57153	0.69564
503.81259	0.69140
504.05365	0.68677
504.29471	0.68182
504.53576	0.67662
504.77682	0.67130
505.01788	0.66599
505.25894	0.66086
505.50000	0.65608
505.74106	0.65190
505.98212	0.64852
506.22318	0.64617
506.46423	0.64503
506.70529	0.64526
506.94635	0.64696
507.18741	0.65016
507.42847	0.65483
507.66953	0.66087
507.91059	0.66812
508.15164	0.67636
508.39270	0.68533
508.63376	0.69474
508.87482	0.70432
509.11588	0.71380
509.35694	0.72292
509.59800	0.73157
509.83905	0.73962
510.08011	0.74701
510.32117	0.75375
510.56223	0.75988
510.80329	0.76545
511.04435	0.77054
511.28541	0.77524
511.52647	0.77962
511.76752	0.78373
512.00858	0.78760
512.24964	0.79124
512.49070	0.79465
512.73176	0.79782
512.97282	0.80075
513.21388	0.80344
513.45493	0.80589
513.69599	0.80813
513.93705	0.81016
514.17811	0.81203
514.41917	0.81374
514.66023	0.81531
514.90129	0.81674
515.14235	0.81800
515.38340	0.81908
515.62446	0.81995
515.86552	0.82057
516.10658	0.82093
516.34764	0.82103
516.58870	0.82089
516.82976	0.82055
517.07081	0.82003
517.31187	0.81941
517.55293	0.81873
517.79399	0.81803
518.03505	0.81734
518.27611	0.81669
518.51717	0.81605
518.75823	0.81543
518.99928	0.81480
519.24034	0.81416
519.48140	0.81348
519.72246	0.81278
519.96352	0.81207
520.20458	0.81138
520.44564	0.81074
520.68669	0.81016
520.92775	0.80969
521.16881	0.80931
521.40987	0.80901
521.65093	0.80878
521.89199	0.80857
522.13305	0.80834
522.37410	0.80806
522.61516	0.80770
522.85622	0.80724
523.09728	0.80669
523.33834	0.80604
523.57940	0.80532
523.82046	0.80454
524.06152	0.80372
524.30257	0.80287
524.54363	0.80200
524.78469	0.80110
525.02575	0.80017
525.26681	0.79922
525.50787	0.79823
525.74893	0.79723
525.98998	0.79622
526.23104	0.79523
526.47210	0.79429
526.71316	0.79344
526.95422	0.79271
527.19528	0.79212
527.43634	0.79170
527.67740	0.79144
527.91845	0.79132
528.15951	0.79133
528.40057	0.79142
528.64163	0.79155
528.88269	0.79166
529.12375	0.79173
529.36481	0.79172
529.60586	0.79163
529.84692	0.79146
530.08798	0.79124
530.32904	0.79097
530.57010	0.79069
530.81116	0.79041
531.05222	0.79013
531.29328	0.78984
531.53433	0.78951
531.77539	0.78911
532.01645	0.78862
532.25751	0.78801
532.49857	0.78728
532.73963	0.78643
532.98069	0.78548
533.22174	0.78447
533.46280	0.78343
533.70386	0.78241
533.94492	0.78143
534.18598	0.78050
534.42704	0.77961
534.66810	0.77875
534.90915	0.77788
535.15021	0.77695
535.39127	0.77594
535.63233	0.77480
535.87339	0.77351
536.11445	0.77208
536.35551	0.77049
536.59657	0.76878
536.83762	0.76696
537.07868	0.76508
537.31974	0.76314
537.56080	0.76116
537.80186	0.75915
538.04292	0.75710
538.28398	0.75500
538.52503	0.75283
538.76609	0.75059
539.00715	0.74828
539.24821	0.74590
539.48927	0.74349
539.73033	0.74108
539.97139	0.73871
540.21245	0.73644
540.45350	0.73429
540.69456	0.73231
540.93562	0.73052
541.17668	0.72893
541.41774	0.72755
541.65880	0.72636
541.89986	0.72537
542.14091	0.72458
542.38197	0.72399
542.62303	0.72361
542.86409	0.72345
543.10515	0.72352
543.34621	0.72382
543.58727	0.72434
543.82833	0.72505
544.06938	0.72591
544.31044	0.72687
544.55150	0.72787
544.79256	0.72886
545.03362	0.72977
545.27468	0.73058
545.51574	0.73123
545.75679	0.73173
545.99785	0.73206
546.23891	0.73222
546.47997	0.73222
546.72103	0.73206
546.96209	0.73173
547.20315	0.73124
547.44421	0.73055
547.68526	0.72966
547.92632	0.72854
548.16738	0.72716
548.40844	0.72549
548.64950	0.72354
548.89056	0.72130
549.13162	0.71878
549.37267	0.71604
549.61373	0.71310
549.85479	0.71004
550.09585	0.70694
550.33691	0.70388
550.57797	0.70095
550.81903	0.69823
551.06008	0.69582
551.30114	0.69378
551.54220	0.69220
551.78326	0.69114
552.02432	0.69064
552.26538	0.69073
552.50644	0.69144
552.74750	0.69274
552.98855	0.69462
553.22961	0.69703
553.47067	0.69994
553.71173	0.70327
553.95279	0.70698
554.19385	0.71101
554.43491	0.71530
554.67596	0.71984
554.91702	0.72458
555.15808	0.72950
555.39914	0.73458
555.64020	0.73980
555.88126	0.74514
556.12232	0.75058
556.36338	0.75609
556.60443	0.76163
556.84549	0.76718
557.08655	0.77271
557.32761	0.77816
557.56867	0.78352
557.80973	0.78874
558.05079	0.79380
558.29184	0.79867
558.53290	0.80334
558.77396	0.80779
559.01502	0.81202
559.25608	0.81603
559.49714	0.81985
559.73820	0.82347
559.97926	0.82691
560.22031	0.83018
560.46137	0.83329
560.70243	0.83622
560.94349	0.83897
561.18455	0.84151
561.42561	0.84385
561.66667	0.84596
561.90772	0.84784
562.14878	0.84952
562.38984	0.85100
562.63090	0.85231
562.87196	0.85348
563.11302	0.85453
563.35408	0.85550
563.59513	0.85639
563.83619	0.85722
564.07725	0.85800
564.31831	0.85874
564.55937	0.85944
564.80043	0.86013
565.04149	0.86083
565.28255	0.86156
565.52360	0.86236
565.76466	0.86324
566.00572	0.86425
566.24678	0.86538
566.48784	0.86663
566.72890	0.86801
566.96996	0.86949
567.21101	0.87103
567.45207	0.87262
567.69313	0.87422
567.93419	0.87581
568.17525	0.87736
568.41631	0.87886
568.65737	0.88030
568.89843	0.88170
569.13948	0.88307
569.38054	0.88441
569.62160	0.88574
569.86266	0.88705
570.10372	0.88835
570.34478	0.88962
570.58584	0.89085
570.82689	0.89200
571.06795	0.89307
571.30901	0.89405
571.55007	0.89493
571.79113	0.89572
572.03219	0.89647
572.27325	0.89719
572.51431	0.89793
572.75536	0.89870
572.99642	0.89953
573.23748	0.90042
573.47854	0.90134
573.71960	0.90227
573.96066	0.90318
574.20172	0.90404
574.44277	0.90483
574.68383	0.90556
574.92489	0.90623
575.16595	0.90688
575.40701	0.90755
575.64807	0.90829
575.88913	0.90913
576.13018	0.91011
576.37124	0.91126
576.61230	0.91257
576.85336	0.91402
577.09442	0.91560
577.33548	0.91727
577.57654	0.91899
577.81760	0.92073
578.05865	0.92246
578.29971	0.92417
578.54077	0.92583
578.78183	0.92744
579.02289	0.92898
579.26395	0.93044
579.50501	0.93180
579.74606	0.93304
579.98712	0.93413
580.22818	0.93504
580.46924	0.93576
580.71030	0.93629
580.95136	0.93662
581.19242	0.93678
581.43348	0.93681
581.67453	0.93677
581.91559	0.93669
582.15665	0.93664
582.39771	0.93667
582.63877	0.93679
582.87983	0.93703
583.12089	0.93737
583.36194	0.93779
583.60300	0.93827
583.84406	0.93876
584.08512	0.93923
584.32618	0.93966
584.56724	0.94004
584.80830	0.94035
585.04936	0.94061
585.29041	0.94080
585.53147	0.94093
585.77253	0.94099
586.01359	0.94094
586.25465	0.94077
586.49571	0.94045
586.73677	0.93994
586.97782	0.93922
587.21888	0.93829
587.45994	0.93715
587.70100	0.93583
587.94206	0.93436
588.18312	0.93276
588.42418	0.93110
588.66523	0.92938
588.90629	0.92766
589.14735	0.92594
589.38841	0.92423
589.62947	0.92255
589.87053	0.92088
590.11159	0.91924
590.35265	0.91761
590.59370	0.91598
590.83476	0.91437
591.07582	0.91275
591.31688	0.91114
591.55794	0.90951
591.79900	0.90786
592.04006	0.90618
592.28111	0.90444
592.52217	0.90262
592.76323	0.90070
593.00429	0.89865
593.24535	0.89645
593.48641	0.89409
593.72747	0.89155
593.96853	0.88885
594.20958	0.88600
594.45064	0.88302
594.69170	0.87995
594.93276	0.87680
595.17382	0.87361
595.41488	0.87039
595.65594	0.86716
595.89699	0.86390
596.13805	0.86061
596.37911	0.85730
596.62017	0.85396
596.86123	0.85061
597.10229	0.84725
597.34335	0.84393
597.58441	0.84066
597.82546	0.83749
598.06652	0.83445
598.30758	0.83156
598.54864	0.82884
598.78970	0.82631
599.03076	0.82397
599.27182	0.82181
599.51287	0.81985
599.75393	0.81806
599.99499	0.81642
600.23605	0.81493
600.47711	0.81354
600.71817	0.81222
600.95923	0.81093
601.20029	0.80959
601.44134	0.80817
601.68240	0.80660
601.92346	0.80483
602.16452	0.80282
602.40558	0.80056
602.64664	0.79801
602.88770	0.79520
603.12875	0.79212
603.36981	0.78881
603.61087	0.78530
603.85193	0.78164
604.09299	0.77786
604.33405	0.77401
604.57511	0.77013
604.81616	0.76624
605.05722	0.76237
605.29828	0.75853
605.53934	0.75470
605.78040	0.75088
606.02146	0.74704
606.26252	0.74316
606.50358	0.73921
606.74463	0.73517
606.98569	0.73101
607.22675	0.72673
607.46781	0.72230
607.70887	0.71772
607.94993	0.71298
608.19099	0.70805
608.43204	0.70292
608.67310	0.69758
608.91416	0.69199
609.15522	0.68615
609.39628	0.68005
609.63734	0.67369
609.87840	0.66709
610.11946	0.66027
610.36051	0.65325
610.60157	0.64608
610.84263	0.63879
611.08369	0.63142
611.32475	0.62401
611.56581	0.61660
611.80687	0.60923
612.04792	0.60196
612.28898	0.59485
612.53004	0.58796
612.77110	0.58137
613.01216	0.57515
613.25322	0.56939
613.49428	0.56415
613.73534	0.55949
613.97639	0.55547
614.21745	0.55210
614.45851	0.54939
614.69957	0.54732
614.94063	0.54586
615.18169	0.54495
615.42275	0.54452
615.66380	0.54448
615.90486	0.54476
616.14592	0.54528
616.38698	0.54596
616.62804	0.54674
616.86910	0.54756
617.11016	0.54837
617.35121	0.54915
617.59227	0.54987
617.83333	0.55050
618.07439	0.55104
618.31545	0.55148
618.55651	0.55181
618.79757	0.55204
619.03863	0.55216
619.27968	0.55221
619.52074	0.55218
619.76180	0.55211
620.00286	0.55202
620.24392	0.55191
620.48498	0.55180
620.72604	0.55168
620.96709	0.55154
621.20815	0.55137
621.44921	0.55112
621.69027	0.55076
621.93133	0.55027
622.17239	0.54959
622.41345	0.54870
622.65451	0.54758
622.89556	0.54620
623.13662	0.54457
623.37768	0.54267
623.61874	0.54051
623.85980	0.53810
624.10086	0.53546
624.34192	0.53261
624.58297	0.52957
624.82403	0.52636
625.06509	0.52303
625.30615	0.51960
625.54721	0.51612
625.78827	0.51262
626.02933	0.50913
626.27039	0.50569
626.51144	0.50231
626.75250	0.49903
626.99356	0.49582
627.23462	0.49268
627.47568	0.48956
627.71674	0.48642
627.95780	0.48319
628.19885	0.47980
628.43991	0.47616
628.68097	0.47222
628.92203	0.46793
629.16309	0.46327
629.40415	0.45826
629.64521	0.45296
629.88626	0.44746
630.12732	0.44190
630.36838	0.43642
630.60944	0.43117
630.85050	0.42631
631.09156	0.42195
631.33262	0.41822
631.57368	0.41517
631.81473	0.41282
632.05579	0.41117
632.29685	0.41016
632.53791	0.40971
632.77897	0.40971
633.02003	0.41006
633.26109	0.41061
633.50214	0.41125
633.74320	0.41187
633.98426	0.41237
634.22532	0.41267
634.46638	0.41272
634.70744	0.41248
634.94850	0.41197
635.18956	0.41121
635.43061	0.41023
635.67167	0.40908
635.91273	0.40779
636.15379	0.40642
636.39485	0.40499
636.63591	0.40355
636.87697	0.40208
637.11802	0.40061
637.35908	0.39913
637.60014	0.39762
637.84120	0.39606
638.08226	0.39445
638.32332	0.39276
638.56438	0.39099
638.80544	0.38912
639.04649	0.38717
639.28755	0.38511
639.52861	0.38296
639.76967	0.38072
640.01073	0.37838
640.25179	0.37593
640.49285	0.37337
640.73390	0.37068
640.97496	0.36785
641.21602	0.36487
641.45708	0.36174
641.69814	0.35846
641.93920	0.35505
642.18026	0.35153
642.42132	0.34795
642.66237	0.34433
642.90343	0.34073
643.14449	0.33719
643.38555	0.33376
643.62661	0.33046
643.86767	0.32733
644.10873	0.32439
644.34978	0.32165
644.59084	0.31912
644.83190	0.31679
645.07296	0.31466
645.31402	0.31271
645.55508	0.31091
645.79614	0.30923
646.03719	0.30766
646.27825	0.30616
646.51931	0.30468
646.76037	0.30321
647.00143	0.30171
647.24249	0.30016
647.48355	0.29853
647.72461	0.29682
647.96566	0.29501
648.20672	0.29309
648.44778	0.29108
648.68884	0.28896
648.92990	0.28674
649.17096	0.28445
649.41202	0.28207
649.65307	0.27963
649.89413	0.27714
650.13519	0.27459
650.37625	0.27199
650.61731	0.26935
650.85837	0.26668
651.09943	0.26399
651.34049	0.26128
651.58154	0.25855
651.82260	0.25584
652.06366	0.25313
652.30472	0.25044
652.54578	0.24777
652.78684	0.24513
653.02790	0.24250
653.26895	0.23987
653.51001	0.23722
653.75107	0.23453
653.99213	0.23178
654.23319	0.22894
654.47425	0.22600
654.71531	0.22294
654.95637	0.21975
655.19742	0.21642
655.43848	0.21295
655.67954	0.20933
655.92060	0.20558
656.16166	0.20169
656.40272	0.19767
656.64378	0.19352
656.88483	0.18926
657.12589	0.18491
657.36695	0.18048
657.60801	0.17602
657.84907	0.17156
658.09013	0.16717
658.33119	0.16290
658.57224	0.15882
658.81330	0.15500
659.05436	0.15150
659.29542	0.14839
659.53648	0.14571
659.77754	0.14348
660.01860	0.14170
660.25966	0.14035
660.50071	0.13940
660.74177	0.13878
660.98283	0.13842
661.22389	0.13826
661.46495	0.13820
661.70601	0.13817
661.94707	0.13813
662.18812	0.13800
662.42918	0.13776
662.67024	0.13739
662.91130	0.13687
663.15236	0.13621
663.39342	0.13541
663.63448	0.13448
663.87554	0.13344
664.11659	0.13230
664.35765	0.13107
664.59871	0.12977
664.83977	0.12840
665.08083	0.12699
665.32189	0.12553
665.56295	0.12404
665.80400	0.12253
666.04506	0.12098
666.28612	0.11941
666.52718	0.11783
666.76824	0.11622
667.00930	0.11460
667.25036	0.11297
667.49142	0.11133
667.73247	0.10967
667.97353	0.10801
668.21459	0.10633
668.45565	0.10465
668.69671	0.10297
668.93777	0.10128
669.17883	0.09959
669.41988	0.09791
669.66094	0.09625
669.90200	0.09461
670.14306	0.09300
670.38412	0.09142
670.62518	0.08989
670.86624	0.08839
671.10729	0.08695
671.34835	0.08554
671.58941	0.08417
671.83047	0.08284
672.07153	0.08154
672.31259	0.08027
672.55365	0.07902
672.79471	0.07780
673.03576	0.07660
673.27682	0.07542
673.51788	0.07425
673.75894	0.07310
674.00000	0.07194
674.24106	0.07079
674.48212	0.06963
674.72317	0.06847
674.96423	0.06730
675.20529	0.06613
675.44635	0.06495
675.68741	0.06376
675.92847	0.06257
676.16953	0.06138
676.41059	0.06020
676.65164	0.05901
676.89270	0.05783
677.13376	0.05666
677.37482	0.05550
677.61588	0.05436
677.85694	0.05324
678.09800	0.05214
678.33905	0.05107
678.58011	0.05002
678.82117	0.04900
679.06223	0.04800
679.30329	0.04703
679.54435	0.04609
679.78541	0.04518
680.02647	0.04429
680.26752	0.04343
680.50858	0.04260
680.74964	0.04179
680.99070	0.04101
681.23176	0.04025
681.47282	0.03952
681.71388	0.03879
681.95493	0.03808
682.19599	0.03737
682.43705	0.03666
682.67811	0.03596
682.91917	0.03525
683.16023	0.03455
683.40129	0.03384
683.64234	0.03314
683.88340	0.03245
684.12446	0.03177
684.36552	0.03111
684.60658	0.03047
684.84764	0.02985
685.08870	0.02925
685.32976	0.02868
685.57081	0.02815
685.81187	0.02764
686.05293	0.02716
686.29399	0.02670
686.53505	0.02626
686.77611	0.02585
687.01717	0.02544
687.25822	0.02506
687.49928	0.02468
687.74034	0.02431
687.98140	0.02395
688.22246	0.02361
688.46352	0.02327
688.70458	0.02293
688.94564	0.02261
689.18669	0.02230
689.42775	0.02199
689.66881	0.02169
689.90987	0.02141
690.15093	0.02114
690.39199	0.02088
690.63305	0.02063
690.87410	0.02039
691.11516	0.02016
691.35622	0.01994
691.59728	0.01972
691.83834	0.01951
692.07940	0.01929
692.32046	0.01908
692.56152	0.01886
692.80257	0.01863
693.04363	0.01840
693.28469	0.01817
693.52575	0.01793
693.76681	0.01768
694.00787	0.01743
694.24893	0.01717
694.48998	0.01690
694.73104	0.01663
694.97210	0.01634
695.21316	0.01605
695.45422	0.01574
695.69528	0.01543
695.93634	0.01510
696.17740	0.01475
696.41845	0.01439
696.65951	0.01401
696.90057	0.01361
697.14163	0.01320
697.38269	0.01277
697.62375	0.01234
697.86481	0.01191
698.10586	0.01148
698.34692	0.01106
698.58798	0.01066
698.82904	0.01027
699.07010	0.00991
699.31116	0.00957
699.55222	0.00924
699.79327	0.00893
700.03433	0.00864
700.27539	0.00835
700.51645	0.00807
700.75751	0.00779
700.99857	0.00753
701.23963	0.00727
701.48069	0.00703
701.72174	0.00680
701.96280	0.00660
702.20386	0.00640
702.44492	0.00623
702.68598	0.00607
702.92704	0.00593
703.16810	0.00580
703.40915	0.00568
703.65021	0.00558
703.89127	0.00549
704.13233	0.00541
704.37339	0.00535
704.61445	0.00530
704.85551	0.00527
705.09657	0.00526
705.33762	0.00525
705.57868	0.00525
705.81974	0.00526
706.06080	0.00526
706.30186	0.00527
706.54292	0.00527
706.78398	0.00526
707.02503	0.00524
707.26609	0.00523
707.50715	0.00520
707.74821	0.00518
707.98927	0.00516
708.23033	0.00515
708.47139	0.00515
708.71245	0.00516
708.95350	0.00517
709.19456	0.00520
709.43562	0.00522
709.67668	0.00525
709.91774	0.00526
710.15880	0.00526
710.39986	0.00526
710.64091	0.00524
710.88197	0.00522
711.12303	0.00519
711.36409	0.00516
711.60515	0.00513
711.84621	0.00510
712.08727	0.00508
712.32832	0.00506
712.56938	0.00505
712.81044	0.00505
713.05150	0.00504
713.29256	0.00503
713.53362	0.00503
713.77468	0.00502
714.01574	0.00501
714.25679	0.00500
714.49785	0.00499
714.73891	0.00498
714.97997	0.00496
715.22103	0.00495
715.46209	0.00494
715.70315	0.00493
715.94420	0.00492
716.18526	0.00491
716.42632	0.00490
716.66738	0.00489
716.90844	0.00488
717.14950	0.00486
717.39056	0.00485
717.63162	0.00484
717.87267	0.00483
718.11373	0.00483
718.35479	0.00484
718.59585	0.00486
718.83691	0.00488
719.07797	0.00492
719.31903	0.00496
719.56008	0.00500
719.80114	0.00504
720.04220	0.00507
720.28326	0.00509
720.52432	0.00510
720.76538	0.00509
721.00644	0.00507
721.24750	0.00504
721.48855	0.00501
721.72961	0.00497
721.97067	0.00493
722.21173	0.00490
722.45279	0.00488
722.69385	0.00487
722.93491	0.00486
723.17596	0.00486
723.41702	0.00487
723.65808	0.00487
723.89914	0.00487
724.14020	0.00487
724.38126	0.00486
724.62232	0.00483
724.86337	0.00481
725.10443	0.00477
725.34549	0.00473
725.58655	0.00469
725.82761	0.00464
726.06867	0.00460
726.30973	0.00456
726.55079	0.00453
726.79184	0.00450
727.03290	0.00448
727.27396	0.00447
727.51502	0.00446
727.75608	0.00445
727.99714	0.00445
728.23820	0.00445
728.47925	0.00445
728.72031	0.00445
728.96137	0.00446
729.20243	0.00446
729.44349	0.00447
729.68455	0.00448
729.92561	0.00449
730.16667	0.00449
730.40772	0.00450
730.64878	0.00449
730.88984	0.00449
731.13090	0.00448
731.37196	0.00447
731.61302	0.00447
731.85408	0.00447
732.09513	0.00448
732.33619	0.00450
732.57725	0.00452
732.81831	0.00455
733.05937	0.00458
733.30043	0.00461
733.54149	0.00463
733.78255	0.00465
734.02360	0.00466
734.26466	0.00466
734.50572	0.00465
734.74678	0.00462
734.98784	0.00459
735.22890	0.00454
735.46996	0.00449
735.71101	0.00443
735.95207	0.00437
736.19313	0.00432
736.43419	0.00427
736.67525	0.00423
736.91631	0.00420
737.15737	0.00418
737.39842	0.00419
737.63948	0.00420
737.88054	0.00422
738.12160	0.00425
738.36266	0.00428
738.60372	0.00430
738.84478	0.00432
739.08584	0.00433
739.32689	0.00433
739.56795	0.00433
739.80901	0.00433
740.05007	0.00433
740.29113	0.00433
740.53219	0.00434
740.77325	0.00436
741.01430	0.00438
741.25536	0.00440
741.49642	0.00443
741.73748	0.00445
741.97854	0.00446
742.21960	0.00447
742.46066	0.00448
742.70172	0.00448
742.94277	0.00447
743.18383	0.00446
743.42489	0.00446
743.66595	0.00445
743.90701	0.00445
744.14807	0.00445
744.38913	0.00446
744.63018	0.00447
744.87124	0.00449
745.11230	0.00451
745.35336	0.00454
745.59442	0.00457
745.83548	0.00460
746.07654	0.00464
746.31760	0.00468
746.55865	0.00471
746.79971	0.00475
747.04077	0.00479
747.28183	0.00483
747.52289	0.00487
747.76395	0.00491
748.00501	0.00495
748.24606	0.00499
748.48712	0.00503
748.72818	0.00507
748.96924	0.00511
749.21030	0.00515
749.45136	0.00520
749.69242	0.00526
749.93348	0.00533
750.17453	0.00542
750.41559	0.00551
750.65665	0.00563
750.89771	0.00575
751.13877	0.00590
751.37983	0.00605
751.62089	0.00621
751.86194	0.00639
752.10300	0.00656
752.34406	0.00674
752.58512	0.00691
752.82618	0.00709
753.06724	0.00727
753.30830	0.00744
753.54935	0.00761
753.79041	0.00777
754.03147	0.00794
754.27253	0.00810
754.51359	0.00827
754.75465	0.00843
754.99571	0.00860
755.23677	0.00877
755.47782	0.00895
755.71888	0.00913
755.95994	0.00933
756.20100	0.00955
756.44206	0.00977
756.68312	0.01001
756.92418	0.01026
757.16523	0.01052
757.40629	0.01078
757.64735	0.01105
757.88841	0.01130
758.12947	0.01156
758.37053	0.01180
758.61159	0.01205
758.85265	0.01228
759.09370	0.01251
759.33476	0.01273
759.57582	0.01296
759.81688	0.01319
760.05794	0.01342
760.29900	0.01366
760.54006	0.01389
760.78111	0.01414
761.02217	0.01437
761.26323	0.01461
761.50429	0.01484
761.74535	0.01506
761.98641	0.01527
762.22747	0.01547
762.46853	0.01565
762.70958	0.01581
762.95064	0.01596
763.19170	0.01609
763.43276	0.01621
763.67382	0.01631
763.91488	0.01641
764.15594	0.01651
764.39699	0.01660
764.63805	0.01670
764.87911	0.01681
765.12017	0.01693
765.36123	0.01706
765.60229	0.01720
765.84335	0.01735
766.08440	0.01750
766.32546	0.01765
766.56652	0.01779
766.80758	0.01792
767.04864	0.01804
767.28970	0.01814
767.53076	0.01822
767.77182	0.01829
768.01287	0.01835
768.25393	0.01839
768.49499	0.01843
768.73605	0.01845
768.97711	0.01848
769.21817	0.01850
769.45923	0.01853
769.70028	0.01856
769.94134	0.01860
770.18240	0.01865
770.42346	0.01871
770.66452	0.01879
770.90558	0.01887
771.14664	0.01897
771.38770	0.01908
771.62875	0.01921
771.86981	0.01935
772.11087	0.01951
772.35193	0.01969
772.59299	0.01989
772.83405	0.02010
773.07511	0.02034
773.31616	0.02058
773.55722	0.02085
773.79828	0.02112
774.03934	0.02140
774.28040	0.02168
774.52146	0.02196
774.76252	0.02224
775.00358	0.02251
775.24463	0.02277
775.48569	0.02303
775.72675	0.02327
775.96781	0.02350
776.20887	0.02372
776.44993	0.02393
776.69099	0.02413
776.93204	0.02433
777.17310	0.02453
777.41416	0.02472
777.65522	0.02492
777.89628	0.02512
778.13734	0.02532
778.37840	0.02551
778.61945	0.02570
778.86051	0.02588
779.10157	0.02605
779.34263	0.02620
779.58369	0.02633
779.82475	0.02646
780.06581	0.02657
780.30687	0.02667
780.54792	0.02678
780.78898	0.02688
781.03004	0.02699
781.27110	0.02709
781.51216	0.02721
781.75322	0.02732
781.99428	0.02743
782.23533	0.02753
782.47639	0.02763
782.71745	0.02772
782.95851	0.02780
783.19957	0.02788
783.44063	0.02795
783.68169	0.02801
783.92275	0.02807
784.16380	0.02811
784.40486	0.02814
784.64592	0.02816
784.88698	0.02815
785.12804	0.02812
785.36910	0.02806
785.61016	0.02798
785.85121	0.02788
786.09227	0.02775
786.33333	0.02761
786.57439	0.02745
786.81545	0.02727
787.05651	0.02707
787.29757	0.02685
787.53863	0.02661
787.77968	0.02634
788.02074	0.02605
788.26180	0.02575
788.50286	0.02542
788.74392	0.02509
788.98498	0.02475
789.22604	0.02442
789.46709	0.02409
789.70815	0.02378
789.94921	0.02348
790.19027	0.02320
790.43133	0.02292
790.67239	0.02266
790.91345	0.02241
791.15451	0.02215
791.39556	0.02191
791.63662	0.02166
791.87768	0.02142
792.11874	0.02119
792.35980	0.02096
792.60086	0.02075
792.84192	0.02055
793.08297	0.02036
793.32403	0.02020
793.56509	0.02005
793.80615	0.01993
794.04721	0.01982
794.28827	0.01974
794.52933	0.01968
794.77038	0.01963
795.01144	0.01961
795.25250	0.01961
795.49356	0.01962
795.73462	0.01966
795.97568	0.01973
796.21674	0.01981
796.45780	0.01991
796.69885	0.02003
796.93991	0.02015
797.18097	0.02028
797.42203	0.02042
797.66309	0.02055
797.90415	0.02067
798.14521	0.02078
798.38626	0.02087
798.62732	0.02095
798.86838	0.02100
799.10944	0.02104
799.35050	0.02106
799.59156	0.02106
799.83262	0.02105
800.07368	0.02102
800.31473	0.02100
800.55579	0.02097
800.79685	0.02095
801.03791	0.02095
801.27897	0.02096
801.52003	0.02098
801.76109	0.02103
802.00214	0.02108
802.24320	0.02115
802.48426	0.02122
802.72532	0.02129
802.96638	0.02136
803.20744	0.02142
803.44850	0.02148
803.68956	0.02154
803.93061	0.02159
804.17167	0.02165
804.41273	0.02172
804.65379	0.02180
804.89485	0.02188
805.13591	0.02198
805.37697	0.02209
805.61802	0.02221
805.85908	0.02232
806.10014	0.02244
806.34120	0.02255
806.58226	0.02265
806.82332	0.02274
807.06438	0.02282
807.30543	0.02289
807.54649	0.02296
807.78755	0.02303
808.02861	0.02310
808.26967	0.02317
808.51073	0.02324
808.75179	0.02332
808.99285	0.02341
809.23390	0.02350
809.47496	0.02359
809.71602	0.02370
809.95708	0.02382
810.19814	0.02394
810.43920	0.02407
810.68026	0.02421
810.92131	0.02435
811.16237	0.02448
811.40343	0.02461
811.64449	0.02473
811.88555	0.02483
812.12661	0.02493
812.36767	0.02500
812.60873	0.02507
812.84978	0.02513
813.09084	0.02519
813.33190	0.02523
813.57296	0.02528
813.81402	0.02533
814.05508	0.02538
814.29614	0.02543
814.53719	0.02549
814.77825	0.02555
815.01931	0.02561
815.26037	0.02569
815.50143	0.02577
815.74249	0.02586
815.98355	0.02595
816.22461	0.02604
816.46566	0.02613
816.70672	0.02621
816.94778	0.02629
817.18884	0.02636
817.42990	0.02643
817.67096	0.02649
817.91202	0.02655
818.15307	0.02660
818.39413	0.02665
818.63519	0.02670
818.87625	0.02675
819.11731	0.02679
819.35837	0.02684
819.59943	0.02688
819.84048	0.02692
820.08154	0.02697
820.32260	0.02702
820.56366	0.02708
820.80472	0.02715
821.04578	0.02722
821.28684	0.02729
821.52790	0.02737
821.76895	0.02743
822.01001	0.02749
822.25107	0.02754
822.49213	0.02757
822.73319	0.02758
822.97425	0.02757
823.21531	0.02755
823.45636	0.02752
823.69742	0.02748
823.93848	0.02744
824.17954	0.02740
824.42060	0.02737
824.66166	0.02735
824.90272	0.02733
825.14378	0.02732
825.38483	0.02732
825.62589	0.02731
825.86695	0.02730
826.10801	0.02729
826.34907	0.02727
826.59013	0.02725
826.83119	0.02722
827.07224	0.02719
827.31330	0.02715
827.55436	0.02712
827.79542	0.02708
828.03648	0.02703
828.27754	0.02699
828.51860	0.02693
828.75966	0.02687
829.00071	0.02680
829.24177	0.02671
829.48283	0.02663
829.72389	0.02654
829.96495	0.02645
830.20601	0.02636
830.44707	0.02627
830.68812	0.02619
830.92918	0.02611
831.17024	0.02603
831.41130	0.02595
831.65236	0.02587
831.89342	0.02578
832.13448	0.02568
832.37553	0.02558
832.61659	0.02546
832.85765	0.02533
833.09871	0.02520
833.33977	0.02505
833.58083	0.02490
833.82189	0.02474
834.06295	0.02457
834.30400	0.02441
834.54506	0.02424
834.78612	0.02407
835.02718	0.02391
835.26824	0.02374
835.50930	0.02357
835.75036	0.02339
835.99141	0.02321
836.23247	0.02302
836.47353	0.02281
836.71459	0.02258
836.95565	0.02235
837.19671	0.02209
837.43777	0.02182
837.67883	0.02154
837.91988	0.02125
838.16094	0.02094
838.40200	0.02063
838.64306	0.02031
838.88412	0.01998
839.12518	0.01965
839.36624	0.01932
839.60729	0.01898
839.84835	0.01865
840.08941	0.01831
840.33047	0.01798
840.57153	0.01765
840.81259	0.01732
841.05365	0.01699
841.29471	0.01666
841.53576	0.01632
841.77682	0.01598
842.01788	0.01564
842.25894	0.01529
842.50000	0.01494
842.74106	0.01460
842.98212	0.01426
843.22317	0.01394
843.46423	0.01363
843.70529	0.01335
843.94635	0.01308
844.18741	0.01283
844.42847	0.01261
844.66953	0.01239
844.91059	0.01219
845.15164	0.01200
845.39270	0.01182
845.63376	0.01165
845.87482	0.01147
846.11588	0.01131
846.35694	0.01114
846.59800	0.01099
846.83905	0.01084
847.08011	0.01071
847.32117	0.01060
847.56223	0.01050
847.80329	0.01043
848.04435	0.01039
848.28541	0.01037
848.52646	0.01036
848.76752	0.01038
849.00858	0.01040
849.24964	0.01043
849.49070	0.01045
849.73176	0.01046
849.97282	0.01046
850.21388	0.01046
850.45493	0.01044
850.69599	0.01043
850.93705	0.01041
851.17811	0.01039
851.41917	0.01038
851.66023	0.01038
851.90129	0.01038
852.14234	0.01040
852.38340	0.01043
852.62446	0.01047
852.86552	0.01053
853.10658	0.01060
853.34764	0.01069
853.58870	0.01079
853.82976	0.01090
854.07081	0.01101
854.31187	0.01111
854.55293	0.01121
854.79399	0.01129
855.03505	0.01136
855.27611	0.01140
855.51717	0.01143
855.75822	0.01144
855.99928	0.01144
856.24034	0.01142
856.48140	0.01140
856.72246	0.01138
856.96352	0.01136
857.20458	0.01134
857.44564	0.01133
857.68669	0.01132
857.92775	0.01132
858.16881	0.01131
858.40987	0.01131
858.65093	0.01130
858.89199	0.01129
859.13305	0.01128
859.37410	0.01125
859.61516	0.01122
859.85622	0.01117
860.09728	0.01112
860.33834	0.01106
860.57940	0.01099
860.82046	0.01092
861.06151	0.01084
861.30257	0.01075
861.54363	0.01066
861.78469	0.01056
862.02575	0.01045
862.26681	0.01034
862.50787	0.01023
862.74893	0.01012
862.98998	0.01000
863.23104	0.00989
863.47210	0.00978
863.71316	0.00966
863.95422	0.00954
864.19528	0.00942
864.43634	0.00930
864.67739	0.00917
864.91845	0.00904
865.15951	0.00891
865.40057	0.00878
865.64163	0.00865
865.88269	0.00853
866.12375	0.00840
866.36481	0.00827
866.60586	0.00814
866.84692	0.00801
867.08798	0.00787
867.32904	0.00772
867.57010	0.00757
867.81116	0.00741
868.05222	0.00724
868.29327	0.00708
868.53433	0.00690
868.77539	0.00673
869.01645	0.00656
869.25751	0.00639
869.49857	0.00622
869.73963	0.00607
869.98069	0.00593
870.22174	0.00581
870.46280	0.00572
870.70386	0.00567
870.94492	0.00565
871.18598	0.00567
871.42704	0.00573
871.66810	0.00582
871.90915	0.00594
872.15021	0.00608
872.39127	0.00624
872.63233	0.00641
872.87339	0.00658
873.11445	0.00676
873.35551	0.00693
873.59656	0.00709
873.83762	0.00724
874.07868	0.00737
874.31974	0.00749
874.56080	0.00759
874.80186	0.00768
875.04292	0.00774
875.28398	0.00778
875.52503	0.00780
875.76609	0.00781
876.00715	0.00780
876.24821	0.00779
876.48927	0.00777
876.73033	0.00774
876.97139	0.00771
877.21244	0.00768
877.45350	0.00765
877.69456	0.00761
877.93562	0.00756
878.17668	0.00751
878.41774	0.00745
878.65880	0.00739
878.89986	0.00732
879.14091	0.00724
879.38197	0.00715
879.62303	0.00705
879.86409	0.00695
880.10515	0.00684
880.34621	0.00673
880.58727	0.00662
880.82832	0.00651
881.06938	0.00640
881.31044	0.00630
881.55150	0.00621
881.79256	0.00613
882.03362	0.00605
882.27468	0.00598
882.51574	0.00591
882.75679	0.00584
882.99785	0.00576
883.23891	0.00568
883.47997	0.00559
883.72103	0.00549
883.96209	0.00538
884.20315	0.00528
884.44420	0.00516
884.68526	0.00505
884.92632	0.00494
885.16738	0.00482
885.40844	0.00471
885.64950	0.00460
885.89056	0.00448
886.13161	0.00436
886.37267	0.00424
886.61373	0.00412
886.85479	0.00400
887.09585	0.00388
887.33691	0.00376
887.57797	0.00366
887.81903	0.00356
888.06008	0.00348
888.30114	0.00341
888.54220	0.00336
888.78326	0.00331
889.02432	0.00328
889.26538	0.00325
889.50644	0.00322
889.74749	0.00319
889.98855	0.00316
890.22961	0.00312
890.47067	0.00307
890.71173	0.00302
890.95279	0.00295
891.19385	0.00288
891.43491	0.00280
891.67596	0.00272
891.91702	0.00264
892.15808	0.00257
892.39914	0.00250
892.64020	0.00245
892.88126	0.00240
893.12232	0.00236
893.36337	0.00233
893.60443	0.00231
893.84549	0.00228
894.08655	0.00225
894.32761	0.00222
894.56867	0.00218
894.80973	0.00214
895.05079	0.00210
895.29184	0.00206
895.53290	0.00201
895.77396	0.00197
896.01502	0.00193
896.25608	0.00189
896.49714	0.00186
896.73820	0.00182
896.97925	0.00179
897.22031	0.00175
897.46137	0.00171
897.70243	0.00167
897.94349	0.00162
898.18455	0.00157
898.42561	0.00152
898.66667	0.00147
898.90772	0.00143
899.14878	0.00139
899.38984	0.00137
899.63090	0.00135
