0.00000	0.01447
0.24106	0.01409
0.48212	0.01276
0.72318	0.01022
0.96423	0.00655
1.20529	0.00261
1.44635	-0.00020
1.68741	-0.00054
1.92847	0.00207
2.16953	0.00567
2.41059	0.01010
2.65165	0.01480
2.89270	0.01916
3.13376	0.02265
3.37482	0.02500
3.61588	0.02619
3.85694	0.02644
4.09800	0.02625
4.33906	0.02591
4.58011	0.02564
4.82117	0.02555
5.06223	0.02567
5.30329	0.02594
5.54435	0.02627
5.78541	0.02657
6.02647	0.02674
6.26753	0.02675
6.50858	0.02658
6.74964	0.02624
6.99070	0.02574
7.23176	0.02511
7.47282	0.02440
7.71388	0.02367
7.95494	0.02297
8.19599	0.02235
8.43705	0.02184
8.67811	0.02146
8.91917	0.02122
9.16023	0.02112
9.40129	0.02117
9.64235	0.02138
9.88340	0.02169
10.12446	0.02222
10.36552	0.02302
10.60658	0.02413
10.84764	0.02557
11.08870	0.02730
11.32976	0.02924
11.57082	0.03124
11.81187	0.03314
12.05293	0.03465
12.29399	0.03558
12.53505	0.03577
12.77611	0.03515
13.01717	0.03375
13.25823	0.03167
13.49928	0.02913
13.74034	0.02605
13.98140	0.02305
14.22246	0.02046
14.46352	0.01850
14.70458	0.01732
14.94564	0.01691
15.18670	0.01720
15.42775	0.01802
15.66881	0.01921
15.90987	0.02049
16.15093	0.02165
16.39199	0.02252
16.63305	0.02301
16.87411	0.02309
17.11516	0.02281
17.35622	0.02226
17.59728	0.02149
17.83834	0.02066
18.07940	0.01985
18.32046	0.01910
18.56152	0.01844
18.80258	0.01786
19.04363	0.01734
19.28469	0.01685
19.52575	0.01632
19.76681	0.01577
20.00787	0.01520
20.24893	0.01458
20.48999	0.01391
20.73104	0.01318
20.97210	0.01240
21.21316	0.01157
21.45422	0.01072
21.69528	0.00983
21.93634	0.00894
22.17740	0.00805
22.41845	0.00720
22.65951	0.00642
22.90057	0.00575
23.14163	0.00523
23.38269	0.00490
23.62375	0.00477
23.86481	0.00497
24.10587	0.00557
24.34692	0.00658
24.58798	0.00793
24.82904	0.00950
25.07010	0.01107
25.31116	0.01238
25.55222	0.01382
25.79328	0.01538
26.03433	0.01702
26.27539	0.01871
26.51645	0.02041
26.75751	0.02211
26.99857	0.02379
27.23963	0.02544
27.48069	0.02708
27.72175	0.02873
27.96280	0.03039
28.20386	0.03210
28.44492	0.03384
28.68598	0.03564
28.92704	0.03751
29.16810	0.03949
29.40916	0.04161
29.65021	0.04394
29.89127	0.04651
30.13233	0.04936
30.37339	0.05249
30.61445	0.05589
30.85551	0.05948
31.09657	0.06320
31.33763	0.06686
31.57868	0.07034
31.81974	0.07350
32.06080	0.07624
32.30186	0.07852
32.54292	0.08035
32.78398	0.08181
33.02504	0.08287
33.26609	0.08380
33.50715	0.08477
33.74821	0.08594
33.98927	0.08739
34.23033	0.08919
34.47139	0.09134
34.71245	0.09381
34.95350	0.09652
35.19456	0.09944
35.43562	0.10254
35.67668	0.10585
35.91774	0.10948
36.15880	0.11364
36.39986	0.11857
36.64092	0.12458
36.88197	0.13195
37.12303	0.14093
37.36409	0.15160
37.60515	0.16389
37.84621	0.17754
38.08727	0.19205
38.32833	0.20680
38.56938	0.22106
38.81044	0.23411
39.05150	0.24530
39.29256	0.25416
39.53362	0.26047
39.77468	0.26425
40.01574	0.26581
40.25680	0.26562
40.49785	0.26428
40.73891	0.26240
40.97997	0.26057
41.22103	0.25925
41.46209	0.25874
41.70315	0.25918
41.94421	0.26059
42.18526	0.26294
42.42632	0.26614
42.66738	0.27015
42.90844	0.27499
43.14950	0.28072
43.39056	0.28746
43.63162	0.29528
43.87268	0.30421
44.11373	0.31411
44.35479	0.32471
44.59585	0.33558
44.83691	0.34611
45.07797	0.35566
45.31903	0.36357
45.56009	0.36930
45.80114	0.37250
46.04220	0.37307
46.28326	0.37117
46.52432	0.36721
46.76538	0.36178
47.00644	0.35559
47.24750	0.34937
47.48855	0.34375
47.72961	0.33925
47.97067	0.33620
48.21173	0.33476
48.45279	0.33497
48.69385	0.33677
48.93491	0.34011
49.17597	0.34501
49.41702	0.35156
49.65808	0.35995
49.89914	0.37047
50.14020	0.38338
50.38126	0.39885
50.62232	0.41691
50.86338	0.43732
51.10443	0.45961
51.34549	0.48304
51.58655	0.50667
51.82761	0.52952
52.06867	0.55063
52.30973	0.56924
52.55079	0.58482
52.79185	0.59720
53.03290	0.60646
53.27396	0.61298
53.51502	0.61726
53.75608	0.61988
53.99714	0.62137
54.23820	0.62214
54.47926	0.62251
54.72031	0.62267
54.96137	0.62278
55.20243	0.62303
55.44349	0.62371
55.68455	0.62526
55.92561	0.62828
56.16667	0.63351
56.40773	0.64171
56.64878	0.65352
56.88984	0.66937
57.13090	0.68933
57.37196	0.71302
57.61302	0.73961
57.85408	0.76787
58.09514	0.79631
58.33619	0.82338
58.57725	0.84768
58.81831	0.86818
59.05937	0.88434
59.30043	0.89615
59.54149	0.90414
59.78255	0.90920
60.02361	0.91236
60.26466	0.91460
60.50572	0.91663
60.74678	0.91880
60.98784	0.92101
61.22890	0.92287
61.46996	0.92379
61.71102	0.92326
61.95207	0.92103
62.19313	0.91728
62.43419	0.91265
62.67525	0.90824
62.91631	0.90542
63.15737	0.90561
63.39843	0.91005
63.63948	0.91953
63.88054	0.93428
64.12160	0.95385
64.36266	0.97725
64.60372	1.00301
64.84478	1.02951
65.08584	1.05513
65.32690	1.07856
65.56795	1.09886
65.80901	1.11561
66.05007	1.12878
66.29113	1.13867
66.53219	1.14570
66.77325	1.15023
67.01431	1.15243
67.25536	1.15220
67.49642	1.14919
67.73748	1.14288
67.97854	1.13277
68.21960	1.11850
68.46066	1.10003
68.70172	1.07775
68.94278	1.05248
69.18383	1.02543
69.42489	0.99808
69.66595	0.97193
69.90701	0.94842
70.14807	0.92865
70.38913	0.91334
70.63019	0.90273
70.87124	0.89666
71.11230	0.89466
71.35336	0.89611
71.59442	0.90039
71.83548	0.90703
72.07654	0.91578
72.31760	0.92662
72.55866	0.93972
72.79971	0.95523
73.04077	0.97323
73.28183	0.99347
73.52289	1.01532
73.76395	1.03776
74.00501	1.05945
74.24607	1.07880
74.48712	1.09429
74.72818	1.10462
74.96924	1.10893
75.21030	1.10698
75.45136	1.09917
75.69242	1.08648
75.93348	1.07043
76.17453	1.05281
76.41559	1.03549
76.65665	1.02027
76.89771	1.00865
77.13877	1.00174
77.37983	1.00024
77.62089	1.00449
77.86195	1.01449
78.10300	1.03008
78.34406	1.05103
78.58512	1.07714
78.82618	1.10831
79.06724	1.14450
79.30830	1.18565
79.54936	1.23160
79.79041	1.28185
80.03147	1.33551
80.27253	1.39117
80.51359	1.44690
80.75465	1.50041
80.99571	1.54929
81.23677	1.59123
81.47783	1.62444
81.71888	1.64784
81.95994	1.66128
82.20100	1.66555
82.44206	1.66227
82.68312	1.65364
82.92418	1.64210
83.16524	1.62993
83.40629	1.61907
83.64735	1.61080
83.88841	1.60576
84.12947	1.60404
84.37053	1.60540
84.61159	1.60952
84.85265	1.61633
85.09371	1.62615
85.33476	1.63978
85.57582	1.65842
85.81688	1.68346
86.05794	1.71612
86.29900	1.75715
86.54006	1.80649
86.78112	1.86307
87.02217	1.92479
87.26323	1.98870
87.50429	2.05134
87.74535	2.10914
87.98641	2.15897
88.22747	2.19852
88.46853	2.22664
88.70958	2.24340
88.95064	2.25000
89.19170	2.24847
89.43276	2.24123
89.67382	2.23063
89.91488	2.21860
90.15594	2.20636
90.39700	2.19438
90.63805	2.18247
90.87911	2.17014
91.12017	2.15690
91.36123	2.14269
91.60229	2.12810
91.84335	2.11449
92.08441	2.10392
92.32546	2.09890
92.56652	2.10191
92.80758	2.11503
93.04864	2.13944
93.28970	2.17516
93.53076	2.22094
93.77182	2.27441
94.01288	2.33232
94.25393	2.39111
94.49499	2.44738
94.73605	2.49839
94.97711	2.54240
95.21817	2.57877
95.45923	2.60792
95.70029	2.63096
95.94134	2.64930
96.18240	2.66419
96.42346	2.67633
96.66452	2.68563
96.90558	2.69125
97.14664	2.69176
97.38770	2.68558
97.62876	2.67138
97.86981	2.64857
98.11087	2.61759
98.35193	2.58007
98.59299	2.53870
98.83405	2.49695
99.07511	2.45861
99.31617	2.42722
99.55722	2.40560
99.79828	2.39550
100.03934	2.39738
100.28040	2.41047
100.52146	2.43302
100.76252	2.46269
101.00358	2.49701
101.24464	2.53380
101.48569	2.57148
101.72675	2.60922
101.96781	2.64687
102.20887	2.68474
102.44993	2.72317
102.69099	2.76227
102.93205	2.80147
103.17310	2.83943
103.41416	2.87402
103.65522	2.90260
103.89628	2.92238
104.13734	2.93091
104.37840	2.92659
104.61946	2.90901
104.86051	2.87911
105.10157	2.83912
105.34263	2.79228
105.58369	2.74240
105.82475	2.69330
106.06581	2.64832
106.30687	2.60995
106.54793	2.57963
106.78898	2.55775
107.03004	2.54386
107.27110	2.53700
107.51216	2.53613
107.75322	2.54046
107.99428	2.54970
108.23534	2.56412
108.47639	2.58450
108.71745	2.61181
108.95851	2.64685
109.19957	2.68991
109.44063	2.74041
109.68169	2.79673
109.92275	2.85626
110.16381	2.91554
110.40486	2.97071
110.64592	3.01798
110.88698	3.05415
111.12804	3.07705
111.36910	3.08585
111.61016	3.08112
111.85122	3.06472
112.09227	3.03942
112.33333	3.00847
112.57439	2.97503
112.81545	2.94174
113.05651	2.91042
113.29757	2.88195
113.53863	2.85636
113.77969	2.83318
114.02074	2.81182
114.26180	2.79198
114.50286	2.77399
114.74392	2.75896
114.98498	2.74869
115.22604	2.74538
115.46710	2.75119
115.70815	2.76775
115.94921	2.79566
116.19027	2.83426
116.43133	2.88150
116.67239	2.93419
116.91345	2.98836
117.15451	3.03990
117.39556	3.08509
117.63662	3.12118
117.87768	3.14664
118.11874	3.16135
118.35980	3.16632
118.60086	3.16342
118.84192	3.15481
119.08298	3.14251
119.32403	3.12796
119.56509	3.11182
119.80615	3.09396
120.04721	3.07365
120.28827	3.04997
120.52933	3.02222
120.77039	2.99030
121.01144	2.95505
121.25250	2.91829
121.49356	2.88272
121.73462	2.85155
121.97568	2.82807
122.21674	2.81509
122.45780	2.81445
122.69886	2.82669
122.93991	2.85098
123.18097	2.88522
123.42203	2.92640
123.66309	2.97108
123.90415	3.01601
124.14521	3.05853
124.38627	3.09693
124.62732	3.13056
124.86838	3.15964
125.10944	3.18497
125.35050	3.20748
125.59156	3.22778
125.83262	3.24584
126.07368	3.26082
126.31474	3.27116
126.55579	3.27485
126.79685	3.26987
127.03791	3.25468
127.27897	3.22865
127.52003	3.19232
127.76109	3.14756
128.00215	3.09733
128.24320	3.04537
128.48426	2.99569
128.72532	2.95204
128.96638	2.91736
129.20744	2.89345
129.44850	2.88080
129.68956	2.87865
129.93061	2.88527
130.17167	2.89836
130.41273	2.91549
130.65379	2.93460
130.89485	2.95428
131.13591	2.97389
131.37697	2.99351
131.61803	3.01366
131.85908	3.03495
132.10014	3.05766
132.34120	3.08145
132.58226	3.10518
132.82332	3.12693
133.06438	3.14427
133.30544	3.15460
133.54649	3.15571
133.78755	3.14616
134.02861	3.12560
134.26967	3.09493
134.51073	3.05620
134.75179	3.01234
134.99285	2.96668
135.23391	2.92247
135.47496	2.88239
135.71602	2.84828
135.95708	2.82093
136.19814	2.80019
136.43920	2.78515
136.68026	2.77457
136.92132	2.76721
137.16237	2.76223
137.40343	2.75937
137.64449	2.75903
137.88555	2.76215
138.12661	2.76989
138.36767	2.78329
138.60873	2.80290
138.84979	2.82846
139.09084	2.85879
139.33190	2.89180
139.57296	2.92472
139.81402	2.95450
140.05508	2.97828
140.29614	2.99377
140.53720	2.99967
140.77825	2.99581
141.01931	2.98309
141.26037	2.96335
141.50143	2.93893
141.74249	2.91227
141.98355	2.88546
142.22461	2.86000
142.46566	2.83656
142.70672	2.81509
142.94778	2.79499
143.18884	2.77545
143.42990	2.75584
143.67096	2.73597
143.91202	2.71638
144.15308	2.69830
144.39413	2.68355
144.63519	2.67419
144.87625	2.67216
145.11731	2.67882
145.35837	2.69465
145.59943	2.71904
145.84049	2.75031
146.08154	2.78591
146.32260	2.82282
146.56366	2.85796
146.80472	2.88870
147.04578	2.91320
147.28684	2.93064
147.52790	2.94120
147.76896	2.94591
148.01001	2.94628
148.25107	2.94393
148.49213	2.94019
148.73319	2.93581
148.97425	2.93083
149.21531	2.92462
149.45637	2.91611
149.69742	2.90414
149.93848	2.88779
150.17954	2.86674
150.42060	2.84150
150.66166	2.81341
150.90272	2.78454
151.14378	2.75741
151.38484	2.73457
151.62589	2.71815
151.86695	2.70958
152.10801	2.70927
152.34907	2.71659
152.59013	2.73000
152.83119	2.74732
153.07225	2.76613
153.31330	2.78419
153.55436	2.79981
153.79542	2.81209
154.03648	2.82097
154.27754	2.82710
154.51860	2.83159
154.75966	2.83564
155.00072	2.84014
155.24177	2.84544
155.48283	2.85114
155.72389	2.85617
155.96495	2.85895
156.20601	2.85776
156.44707	2.85110
156.68813	2.83812
156.92918	2.81881
157.17024	2.79413
157.41130	2.76592
157.65236	2.73661
157.89342	2.70885
158.13448	2.68505
158.37554	2.66705
158.61659	2.65581
158.85765	2.65137
159.09871	2.65290
159.33977	2.65896
159.58083	2.66784
159.82189	2.67792
160.06295	2.68798
160.30401	2.69736
160.54506	2.70607
160.78612	2.71459
161.02718	2.72373
161.26824	2.73432
161.50930	2.74691
161.75036	2.76158
161.99142	2.77782
162.23247	2.79455
162.47353	2.81029
162.71459	2.82339
162.95565	2.83238
163.19671	2.83619
163.43777	2.83445
163.67883	2.82753
163.91989	2.81658
164.16094	2.80329
164.40200	2.78964
164.64306	2.77756
164.88412	2.76861
165.12518	2.76373
165.36624	2.76310
165.60730	2.76622
165.84835	2.77204
166.08941	2.77929
166.33047	2.78681
166.57153	2.79385
166.81259	2.80025
167.05365	2.80649
167.29471	2.81354
167.53577	2.82264
167.77682	2.83488
168.01788	2.85092
168.25894	2.87068
168.50000	2.89327
168.74106	2.91705
168.98212	2.93986
169.22318	2.95938
169.46423	2.97355
169.70529	2.98093
169.94635	2.98095
170.18741	2.97405
170.42847	2.96153
170.66953	2.94533
170.91059	2.92771
171.15164	2.91080
171.39270	2.89629
171.63376	2.88519
171.87482	2.87767
172.11588	2.87317
172.35694	2.87058
172.59800	2.86856
172.83906	2.86584
173.08011	2.86156
173.32117	2.85548
173.56223	2.84805
173.80329	2.84032
174.04435	2.83375
174.28541	2.82987
174.52647	2.82995
174.76752	2.83468
175.00858	2.84400
175.24964	2.85703
175.49070	2.87219
175.73176	2.88748
175.97282	2.90080
176.21388	2.91035
176.45494	2.91491
176.69599	2.91407
176.93705	2.90822
177.17811	2.89848
177.41917	2.88637
177.66023	2.87354
177.90129	2.86141
178.14235	2.85086
178.38340	2.84218
178.62446	2.83497
178.86552	2.82841
179.10658	2.82143
179.34764	2.81309
179.58870	2.80284
179.82976	2.79071
180.07082	2.77740
180.31187	2.76416
180.55293	2.75258
180.79399	2.74427
181.03505	2.74050
181.27611	2.74198
181.51717	2.74863
181.75823	2.75962
181.99928	2.77347
182.24034	2.78834
182.48140	2.80236
182.72246	2.81397
182.96352	2.82218
183.20458	2.82671
183.44564	2.82800
183.68669	2.82701
183.92775	2.82503
184.16881	2.82334
184.40987	2.82292
184.65093	2.82425
184.89199	2.82722
185.13305	2.83116
185.37411	2.83502
185.61516	2.83763
185.85622	2.83795
186.09728	2.83536
186.33834	2.82984
186.57940	2.82199
186.82046	2.81302
187.06152	2.80448
187.30257	2.79803
187.54363	2.79513
187.78469	2.79673
188.02575	2.80310
188.26681	2.81377
188.50787	2.82762
188.74893	2.84310
188.98999	2.85852
189.23104	2.87237
189.47210	2.88362
189.71316	2.89186
189.95422	2.89737
190.19528	2.90096
190.43634	2.90374
190.67740	2.90686
190.91845	2.91114
191.15951	2.91690
191.40057	2.92384
191.64163	2.93106
191.88269	2.93729
192.12375	2.94111
192.36481	2.94134
192.60587	2.93725
192.84692	2.92881
193.08798	2.91674
193.32904	2.90239
193.57010	2.88752
193.81116	2.87405
194.05222	2.86365
194.29328	2.85754
194.53433	2.85620
194.77539	2.85939
195.01645	2.86620
195.25751	2.87526
195.49857	2.88504
195.73963	2.89413
195.98069	2.90152
196.22174	2.90676
196.46280	2.91000
196.70386	2.91187
196.94492	2.91332
197.18598	2.91533
197.42704	2.91864
197.66810	2.92354
197.90916	2.92979
198.15021	2.93660
198.39127	2.94283
198.63233	2.94718
198.87339	2.94849
199.11445	2.94602
199.35551	2.93960
199.59657	2.92976
199.83762	2.91762
200.07868	2.90472
200.31974	2.89279
200.56080	2.88343
200.80186	2.87780
201.04292	2.87652
201.28398	2.87952
201.52504	2.88613
201.76609	2.89523
202.00715	2.90555
202.24821	2.91587
202.48927	2.92533
202.73033	2.93354
202.97139	2.94064
203.21245	2.94721
203.45350	2.95409
203.69456	2.96214
203.93562	2.97200
204.17668	2.98385
204.41774	2.99734
204.65880	3.01156
204.89986	3.02521
205.14092	3.03681
205.38197	3.04493
205.62303	3.04853
205.86409	3.04713
206.10515	3.04090
206.34621	3.03067
206.58727	3.01779
206.82833	3.00388
207.06938	2.99057
207.31044	2.97923
207.55150	2.97075
207.79256	2.96541
208.03362	2.96292
208.27468	2.96252
208.51574	2.96320
208.75680	2.96396
208.99785	2.96404
209.23891	2.96311
209.47997	2.96132
209.72103	2.95927
209.96209	2.95785
210.20315	2.95800
210.44421	2.96042
210.68526	2.96543
210.92632	2.97275
211.16738	2.98156
211.40844	2.99058
211.64950	2.99829
211.89056	3.00323
212.13162	3.00429
212.37267	3.00087
212.61373	2.99306
212.85479	2.98155
213.09585	2.96753
213.33691	2.95246
213.57797	2.93773
213.81903	2.92450
214.06009	2.91344
214.30114	2.90465
214.54220	2.89775
214.78326	2.89198
215.02432	2.88644
215.26538	2.88033
215.50644	2.87316
215.74750	2.86491
215.98855	2.85605
216.22961	2.84748
216.47067	2.84035
216.71173	2.83584
216.95279	2.83489
217.19385	2.83798
217.43491	2.84501
217.67597	2.85525
217.91702	2.86743
218.15808	2.87998
218.39914	2.89125
218.64020	2.89981
218.88126	2.90471
219.12232	2.90559
219.36338	2.90275
219.60443	2.89704
219.84549	2.88966
220.08655	2.88188
220.32761	2.87481
220.56867	2.86911
220.80973	2.86493
221.05079	2.86192
221.29185	2.85929
221.53290	2.85608
221.77396	2.85142
222.01502	2.84476
222.25608	2.83603
222.49714	2.82576
222.73820	2.81496
222.97926	2.80499
223.22031	2.79730
223.46137	2.79313
223.70243	2.79331
223.94349	2.79804
224.18455	2.80689
224.42561	2.81886
224.66667	2.83253
224.90772	2.84638
225.14878	2.85898
225.38984	2.86930
225.63090	2.87678
225.87196	2.88144
226.11302	2.88376
226.35408	2.88454
226.59514	2.88468
226.83619	2.88494
227.07725	2.88577
227.31831	2.88718
227.55937	2.88877
227.80043	2.88979
228.04149	2.88935
228.28255	2.88660
228.52360	2.88096
228.76466	2.87231
229.00572	2.86103
229.24678	2.84801
229.48784	2.83452
229.72890	2.82198
229.96996	2.81176
230.21102	2.80487
230.45207	2.80185
230.69313	2.80265
230.93419	2.80666
231.17525	2.81282
231.41631	2.81987
231.65737	2.82661
231.89843	2.83207
232.13948	2.83575
232.38054	2.83762
232.62160	2.83812
232.86266	2.83794
233.10372	2.83785
233.34478	2.83846
233.58584	2.83998
233.82690	2.84221
234.06795	2.84446
234.30901	2.84570
234.55007	2.84479
234.79113	2.84065
235.03219	2.83258
235.27325	2.82035
235.51431	2.80431
235.75536	2.78534
235.99642	2.76473
236.23748	2.74397
236.47854	2.72451
236.71960	2.70753
236.96066	2.69381
237.20172	2.68364
237.44277	2.67683
237.68383	2.67280
237.92489	2.67077
238.16595	2.66993
238.40701	2.66962
238.64807	2.66942
238.88913	2.66929
239.13019	2.66946
239.37124	2.67036
239.61230	2.67248
239.85336	2.67618
240.09442	2.68155
240.33548	2.68830
240.57654	2.69579
240.81760	2.70307
241.05865	2.70905
241.29971	2.71267
241.54077	2.71312
241.78183	2.70998
242.02289	2.70331
242.26395	2.69365
242.50501	2.68188
242.74607	2.66911
242.98712	2.65643
243.22818	2.64474
243.46924	2.63464
243.71030	2.62631
243.95136	2.61960
244.19242	2.61409
244.43348	2.60928
244.67453	2.60473
244.91559	2.60024
245.15665	2.59589
245.39771	2.59206
245.63877	2.58938
245.87983	2.58857
246.12089	2.59027
246.36195	2.59491
246.60300	2.60254
246.84406	2.61280
247.08512	2.62490
247.32618	2.63777
247.56724	2.65019
247.80830	2.66096
248.04936	2.66909
248.29041	2.67395
248.53147	2.67534
248.77253	2.67346
249.01359	2.66889
249.25465	2.66236
249.49571	2.65468
249.73677	2.64652
249.97783	2.63830
250.21888	2.63017
250.45994	2.62197
250.70100	2.61337
250.94206	2.60396
251.18312	2.59341
251.42418	2.58159
251.66524	2.56870
251.90629	2.55524
252.14735	2.54200
252.38841	2.52991
252.62947	2.51993
252.87053	2.51282
253.11159	2.50905
253.35265	2.50868
253.59370	2.51132
253.83476	2.51621
254.07582	2.52230
254.31688	2.52845
254.55794	2.53359
254.79900	2.53684
255.04006	2.53772
255.28112	2.53606
255.52217	2.53209
255.76323	2.52626
256.00429	2.51915
256.24535	2.51129
256.48641	2.50309
256.72747	2.49471
256.96853	2.48607
257.20958	2.47689
257.45064	2.46680
257.69170	2.45546
257.93276	2.44269
258.17382	2.42858
258.41488	2.41349
258.65594	2.39809
258.89700	2.38321
259.13805	2.36978
259.37911	2.35865
259.62017	2.35043
259.86123	2.34547
260.10229	2.34372
260.34335	2.34481
260.58441	2.34810
260.82546	2.35282
261.06652	2.35820
261.30758	2.36356
261.54864	2.36845
261.78970	2.37265
262.03076	2.37616
262.27182	2.37911
262.51288	2.38166
262.75393	2.38391
262.99499	2.38582
263.23605	2.38713
263.47711	2.38743
263.71817	2.38619
263.95923	2.38289
264.20029	2.37713
264.44134	2.36875
264.68240	2.35789
264.92346	2.34500
265.16452	2.33080
265.40558	2.31618
265.64664	2.30208
265.88770	2.28935
266.12875	2.27864
266.36981	2.27033
266.61087	2.26451
266.85193	2.26096
267.09299	2.25931
267.33405	2.25905
267.57511	2.25969
267.81617	2.26082
268.05722	2.26218
268.29828	2.26367
268.53934	2.26533
268.78040	2.26729
269.02146	2.26968
269.26252	2.27256
269.50358	2.27581
269.74463	2.27914
269.98569	2.28208
270.22675	2.28400
270.46781	2.28424
270.70887	2.28219
270.94993	2.27739
271.19099	2.26965
271.43205	2.25911
271.67310	2.24618
271.91416	2.23154
272.15522	2.21603
272.39628	2.20049
272.63734	2.18567
272.87840	2.17212
273.11946	2.16011
273.36051	2.14970
273.60157	2.14071
273.84263	2.13287
274.08369	2.12590
274.32475	2.11961
274.56581	2.11397
274.80687	2.10909
275.04793	2.10523
275.28898	2.10269
275.53004	2.10173
275.77110	2.10246
276.01216	2.10481
276.25322	2.10843
276.49428	2.11280
276.73534	2.11720
276.97639	2.12089
277.21745	2.12316
277.45851	2.12345
277.69957	2.12145
277.94063	2.11710
278.18169	2.11062
278.42275	2.10243
278.66380	2.09307
278.90486	2.08314
279.14592	2.07314
279.38698	2.06349
279.62804	2.05438
279.86910	2.04588
280.11016	2.03790
280.35122	2.03029
280.59227	2.02291
280.83333	2.01572
281.07439	2.00881
281.31545	2.00245
281.55651	1.99706
281.79757	1.99312
282.03863	1.99112
282.27968	1.99146
282.52074	1.99431
282.76180	1.99961
283.00286	2.00703
283.24392	2.01598
283.48498	2.02570
283.72604	2.03538
283.96710	2.04426
284.20815	2.05171
284.44921	2.05738
284.69027	2.06114
284.93133	2.06311
285.17239	2.06360
285.41345	2.06298
285.65451	2.06160
285.89556	2.05972
286.13662	2.05744
286.37768	2.05473
286.61874	2.05140
286.85980	2.04725
287.10086	2.04210
287.34192	2.03587
287.58298	2.02869
287.82403	2.02086
288.06509	2.01285
288.30615	2.00524
288.54721	1.99866
288.78827	1.99364
289.02933	1.99059
289.27039	1.98970
289.51144	1.99093
289.75250	1.99401
289.99356	1.99849
290.23462	2.00384
290.47568	2.00949
290.71674	2.01494
290.95780	2.01977
291.19885	2.02375
291.43991	2.02678
291.68097	2.02888
291.92203	2.03015
292.16309	2.03067
292.40415	2.03051
292.64521	2.02963
292.88627	2.02787
293.12732	2.02503
293.36838	2.02085
293.60944	2.01512
293.85050	2.00776
294.09156	1.99883
294.33262	1.98862
294.57368	1.97760
294.81473	1.96638
295.05579	1.95564
295.29685	1.94601
295.53791	1.93801
295.77897	1.93194
296.02003	1.92789
296.26109	1.92573
296.50215	1.92517
296.74320	1.92583
296.98426	1.92732
297.22532	1.92932
297.46638	1.93163
297.70744	1.93416
297.94850	1.93695
298.18956	1.94008
298.43061	1.94363
298.67167	1.94764
298.91273	1.95204
299.15379	1.95663
299.39485	1.96110
299.63591	1.96506
299.87697	1.96809
300.11803	1.96980
300.35908	1.96991
300.60014	1.96829
300.84120	1.96498
301.08226	1.96022
301.32332	1.95442
301.56438	1.94810
301.80544	1.94182
302.04649	1.93613
302.28755	1.93146
302.52861	1.92809
302.76967	1.92613
303.01073	1.92553
303.25179	1.92609
303.49285	1.92757
303.73391	1.92973
303.97496	1.93241
304.21602	1.93554
304.45708	1.93919
304.69814	1.94351
304.93920	1.94866
305.18026	1.95480
305.42132	1.96193
305.66237	1.96995
305.90343	1.97855
306.14449	1.98731
306.38555	1.99572
306.62661	2.00327
306.86767	2.00952
307.10873	2.01420
307.34978	2.01720
307.59084	2.01861
307.83190	2.01866
308.07296	2.01769
308.31402	2.01605
308.55508	2.01405
308.79614	2.01190
309.03720	2.00970
309.27825	2.00746
309.51931	2.00510
309.76037	2.00254
310.00143	1.99971
310.24249	1.99664
310.48355	1.99346
310.72461	1.99038
310.96566	1.98772
311.20672	1.98581
311.44778	1.98500
311.68884	1.98553
311.92990	1.98754
312.17096	1.99100
312.41202	1.99573
312.65308	2.00138
312.89413	2.00751
313.13519	2.01360
313.37625	2.01917
313.61731	2.02377
313.85837	2.02711
314.09943	2.02904
314.34049	2.02955
314.58154	2.02878
314.82260	2.02694
315.06366	2.02428
315.30472	2.02101
315.54578	2.01729
315.78684	2.01317
316.02790	2.00862
316.26896	2.00358
316.51001	1.99798
316.75107	1.99183
316.99213	1.98524
317.23319	1.97845
317.47425	1.97181
317.71531	1.96576
317.95637	1.96075
318.19742	1.95714
318.43848	1.95521
318.67954	1.95504
318.92060	1.95652
319.16166	1.95940
319.40272	1.96329
319.64378	1.96776
319.88483	1.97240
320.12589	1.97686
320.36695	1.98090
320.60801	1.98441
320.84907	1.98735
321.09013	1.98978
321.33119	1.99177
321.57225	1.99336
321.81330	1.99455
322.05436	1.99527
322.29542	1.99538
322.53648	1.99472
322.77754	1.99311
323.01860	1.99041
323.25966	1.98657
323.50071	1.98166
323.74177	1.97588
323.98283	1.96953
324.22389	1.96304
324.46495	1.95687
324.70601	1.95147
324.94707	1.94721
325.18813	1.94432
325.42918	1.94287
325.67024	1.94278
325.91130	1.94381
326.15236	1.94565
326.39342	1.94796
326.63448	1.95048
326.87554	1.95302
327.11659	1.95552
327.35765	1.95804
327.59871	1.96068
327.83977	1.96356
328.08083	1.96672
328.32189	1.97011
328.56295	1.97352
328.80401	1.97660
329.04506	1.97896
329.28612	1.98016
329.52718	1.97985
329.76824	1.97781
330.00930	1.97399
330.25036	1.96856
330.49142	1.96183
330.73247	1.95425
330.97353	1.94631
331.21459	1.93848
331.45565	1.93114
331.69671	1.92453
331.93777	1.91877
332.17883	1.91384
332.41988	1.90962
332.66094	1.90594
332.90200	1.90265
333.14306	1.89962
333.38412	1.89679
333.62518	1.89419
333.86624	1.89189
334.10730	1.89002
334.34835	1.88870
334.58941	1.88801
334.83047	1.88793
335.07153	1.88834
335.31259	1.88901
335.55365	1.88961
335.79471	1.88976
336.03576	1.88906
336.27682	1.88721
336.51788	1.88398
336.75894	1.87932
337.00000	1.87335
337.24106	1.86632
337.48212	1.85860
337.72318	1.85060
337.96423	1.84270
338.20529	1.83521
338.44635	1.82831
338.68741	1.82204
338.92847	1.81634
339.16953	1.81106
339.41059	1.80606
339.65164	1.80120
339.89270	1.79645
340.13376	1.79187
340.37482	1.78759
340.61588	1.78382
340.85694	1.78078
341.09800	1.77863
341.33906	1.77744
341.58011	1.77715
341.82117	1.77759
342.06223	1.77846
342.30329	1.77942
342.54435	1.78011
342.78541	1.78022
343.02647	1.77953
343.26752	1.77794
343.50858	1.77549
343.74964	1.77230
343.99070	1.76856
344.23176	1.76449
344.47282	1.76028
344.71388	1.75605
344.95493	1.75186
345.19599	1.74768
345.43705	1.74343
345.67811	1.73900
345.91917	1.73428
346.16023	1.72925
346.40129	1.72391
346.64235	1.71838
346.88340	1.71282
347.12446	1.70745
347.36552	1.70249
347.60658	1.69810
347.84764	1.69438
348.08870	1.69133
348.32976	1.68886
348.57081	1.68676
348.81187	1.68479
349.05293	1.68269
349.29399	1.68024
349.53505	1.67727
349.77611	1.67371
350.01717	1.66959
350.25823	1.66500
350.49928	1.66009
350.74034	1.65502
350.98140	1.64991
351.22246	1.64483
351.46352	1.63976
351.70458	1.63465
351.94564	1.62936
352.18669	1.62378
352.42775	1.61779
352.66881	1.61135
352.90987	1.60449
353.15093	1.59732
353.39199	1.59002
353.63305	1.58283
353.87411	1.57599
354.11516	1.56972
354.35622	1.56417
354.59728	1.55944
354.83834	1.55551
355.07940	1.55228
355.32046	1.54962
355.56152	1.54733
355.80257	1.54522
356.04363	1.54312
356.28469	1.54093
356.52575	1.53858
356.76681	1.53607
357.00787	1.53345
357.24893	1.53079
357.48999	1.52812
357.73104	1.52548
357.97210	1.52281
358.21316	1.52002
358.45422	1.51697
358.69528	1.51349
358.93634	1.50943
359.17740	1.50465
359.41845	1.49913
359.65951	1.49288
359.90057	1.48606
360.14163	1.47884
360.38269	1.47149
360.62375	1.46426
360.86481	1.45735
361.10586	1.45094
361.34692	1.44510
361.58798	1.43981
361.82904	1.43501
362.07010	1.43056
362.31116	1.42633
362.55222	1.42219
362.79328	1.41805
363.03433	1.41387
363.27539	1.40964
363.51645	1.40539
363.75751	1.40116
363.99857	1.39695
364.23963	1.39274
364.48069	1.38846
364.72174	1.38400
364.96280	1.37923
365.20386	1.37400
365.44492	1.36819
365.68598	1.36170
365.92704	1.35451
366.16810	1.34666
366.40916	1.33825
366.65021	1.32942
366.89127	1.32033
367.13233	1.31112
367.37339	1.30192
367.61445	1.29279
367.85551	1.28375
368.09657	1.27476
368.33762	1.26576
368.57868	1.25666
368.81974	1.24740
369.06080	1.23791
369.30186	1.22820
369.54292	1.21828
369.78398	1.20822
370.02504	1.19808
370.26609	1.18792
370.50715	1.17778
370.74821	1.16764
370.98927	1.15746
371.23033	1.14713
371.47139	1.13652
371.71245	1.12548
371.95350	1.11387
372.19456	1.10159
372.43562	1.08856
372.67668	1.07478
372.91774	1.06028
373.15880	1.04515
373.39986	1.02951
373.64091	1.01347
373.88197	0.99715
374.12303	0.98066
374.36409	0.96405
374.60515	0.94738
374.84621	0.93068
375.08727	0.91398
375.32833	0.89729
375.56938	0.88063
375.81044	0.86406
376.05150	0.84763
376.29256	0.83138
376.53362	0.81547
376.77468	0.79999
377.01574	0.78505
377.25679	0.77072
377.49785	0.75706
377.73891	0.74411
377.97997	0.73188
378.22103	0.72031
378.46209	0.70946
378.70315	0.69933
378.94421	0.68994
379.18526	0.68132
379.42632	0.67353
379.66738	0.66664
379.90844	0.66073
380.14950	0.65586
380.39056	0.65214
380.63162	0.64962
380.87267	0.64831
381.11373	0.64822
381.35479	0.64930
381.59585	0.65149
381.83691	0.65476
382.07797	0.65904
382.31903	0.66431
382.56009	0.67056
382.80114	0.67780
383.04220	0.68604
383.28326	0.69528
383.52432	0.70551
383.76538	0.71669
384.00644	0.72865
384.24750	0.74135
384.48855	0.75464
384.72961	0.76837
384.97067	0.78237
385.21173	0.79650
385.45279	0.81064
385.69385	0.82470
385.93491	0.83855
386.17596	0.85222
386.41702	0.86569
386.65808	0.87894
386.89914	0.89196
387.14020	0.90471
387.38126	0.91717
387.62232	0.92928
387.86338	0.94097
388.10443	0.95223
388.34549	0.96303
388.58655	0.97335
388.82761	0.98323
389.06867	0.99273
389.30973	1.00195
389.55079	1.01098
389.79184	1.01997
390.03290	1.02902
390.27396	1.03822
390.51502	1.04763
390.75608	1.05727
390.99714	1.06714
391.23820	1.07718
391.47926	1.08733
391.72031	1.09753
391.96137	1.10770
392.20243	1.11783
392.44349	1.12787
392.68455	1.13783
392.92561	1.14771
393.16667	1.15753
393.40772	1.16728
393.64878	1.17692
393.88984	1.18641
394.13090	1.19567
394.37196	1.20462
394.61302	1.21317
394.85408	1.22123
395.09514	1.22876
395.33619	1.23575
395.57725	1.24223
395.81831	1.24827
396.05937	1.25399
396.30043	1.25952
396.54149	1.26499
396.78255	1.27054
397.02360	1.27626
397.26466	1.28222
397.50572	1.28843
397.74678	1.29490
397.98784	1.30159
398.22890	1.30843
398.46996	1.31538
398.71102	1.32240
398.95207	1.32947
399.19313	1.33657
399.43419	1.34373
399.67525	1.35094
399.91631	1.35819
400.15737	1.36545
400.39843	1.37265
400.63948	1.37965
400.88054	1.38632
401.12160	1.39249
401.36266	1.39799
401.60372	1.40271
401.84478	1.40656
402.08584	1.40953
402.32689	1.41167
402.56795	1.41310
402.80901	1.41398
403.05007	1.41448
403.29113	1.41477
403.53219	1.41502
403.77325	1.41533
404.01431	1.41578
404.25536	1.41638
404.49642	1.41715
404.73748	1.41804
404.97854	1.41905
405.21960	1.42013
405.46066	1.42130
405.70172	1.42256
405.94277	1.42394
406.18383	1.42547
406.42489	1.42718
406.66595	1.42905
406.90701	1.43107
407.14807	1.43317
407.38913	1.43526
407.63019	1.43724
407.87124	1.43897
408.11230	1.44033
408.35336	1.44124
408.59442	1.44164
408.83548	1.44150
409.07654	1.44085
409.31760	1.43975
409.55865	1.43830
409.79971	1.43660
410.04077	1.43474
410.28183	1.43280
410.52289	1.43083
410.76395	1.42884
411.00501	1.42684
411.24607	1.42482
411.48712	1.42277
411.72818	1.42071
411.96924	1.41866
412.21030	1.41669
412.45136	1.41487
412.69242	1.41326
412.93348	1.41192
413.17453	1.41087
413.41559	1.41008
413.65665	1.40947
413.89771	1.40893
414.13877	1.40832
414.37983	1.40750
414.62089	1.40636
414.86194	1.40482
415.10300	1.40284
415.34406	1.40044
415.58512	1.39768
415.82618	1.39462
416.06724	1.39135
416.30830	1.38791
416.54936	1.38435
416.79041	1.38067
417.03147	1.37685
417.27253	1.37282
417.51359	1.36856
417.75465	1.36401
417.99571	1.35915
418.23677	1.35400
418.47782	1.34860
418.71888	1.34303
418.95994	1.33738
419.20100	1.33176
419.44206	1.32628
419.68312	1.32100
419.92418	1.31598
420.16524	1.31122
420.40629	1.30667
420.64735	1.30226
420.88841	1.29788
421.12947	1.29345
421.37053	1.28885
421.61159	1.28402
421.85265	1.27892
422.09370	1.27355
422.33476	1.26794
422.57582	1.26211
422.81688	1.25610
423.05794	1.24992
423.29900	1.24357
423.54006	1.23701
423.78112	1.23016
424.02217	1.22295
424.26323	1.21530
424.50429	1.20715
424.74535	1.19846
424.98641	1.18923
425.22747	1.17950
425.46853	1.16932
425.70958	1.15879
425.95064	1.14801
426.19170	1.13710
426.43276	1.12616
426.67382	1.11529
426.91488	1.10457
427.15594	1.09407
427.39699	1.08384
427.63805	1.07393
427.87911	1.06435
428.12017	1.05511
428.36123	1.04623
428.60229	1.03769
428.84335	1.02950
429.08441	1.02162
429.32546	1.01403
429.56652	1.00670
429.80758	0.99957
430.04864	0.99259
430.28970	0.98568
430.53076	0.97876
430.77182	0.97174
431.01287	0.96454
431.25393	0.95708
431.49499	0.94931
431.73605	0.94120
431.97711	0.93276
432.21817	0.92399
432.45923	0.91496
432.70029	0.90573
432.94134	0.89636
433.18240	0.88692
433.42346	0.87747
433.66452	0.86804
433.90558	0.85869
434.14664	0.84943
434.38770	0.84033
434.62875	0.83144
434.86981	0.82284
435.11087	0.81462
435.35193	0.80687
435.59299	0.79969
435.83405	0.79316
436.07511	0.78735
436.31617	0.78230
436.55722	0.77804
436.79828	0.77455
437.03934	0.77181
437.28040	0.76979
437.52146	0.76847
437.76252	0.76784
438.00358	0.76791
438.24463	0.76869
438.48569	0.77022
438.72675	0.77253
438.96781	0.77566
439.20887	0.77962
439.44993	0.78439
439.69099	0.78995
439.93204	0.79619
440.17310	0.80305
440.41416	0.81042
440.65522	0.81819
440.89628	0.82624
441.13734	0.83446
441.37840	0.84277
441.61946	0.85109
441.86051	0.85935
442.10157	0.86757
442.34263	0.87572
442.58369	0.88381
442.82475	0.89180
443.06581	0.89967
443.30687	0.90737
443.54792	0.91484
443.78898	0.92197
444.03004	0.92873
444.27110	0.93503
444.51216	0.94084
444.75322	0.94613
444.99428	0.95090
445.23534	0.95514
445.47639	0.95889
445.71745	0.96216
445.95851	0.96497
446.19957	0.96733
446.44063	0.96925
446.68169	0.97072
446.92275	0.97173
447.16380	0.97231
447.40486	0.97246
447.64592	0.97224
447.88698	0.97169
448.12804	0.97089
448.36910	0.96991
448.61016	0.96883
448.85122	0.96773
449.09227	0.96665
449.33333	0.96564
449.57439	0.96472
449.81545	0.96389
450.05651	0.96313
450.29757	0.96241
450.53863	0.96171
450.77968	0.96098
451.02074	0.96022
451.26180	0.95940
451.50286	0.95855
451.74392	0.95768
451.98498	0.95680
452.22604	0.95594
452.46710	0.95510
452.70815	0.95426
452.94921	0.95340
453.19027	0.95245
453.43133	0.95134
453.67239	0.94999
453.91345	0.94835
454.15451	0.94637
454.39556	0.94404
454.63662	0.94138
454.87768	0.93845
455.11874	0.93532
455.35980	0.93210
455.60086	0.92886
455.84192	0.92567
456.08297	0.92259
456.32403	0.91963
456.56509	0.91681
456.80615	0.91409
457.04721	0.91148
457.28827	0.90895
457.52933	0.90651
457.77039	0.90416
458.01144	0.90191
458.25250	0.89978
458.49356	0.89779
458.73462	0.89593
458.97568	0.89419
459.21674	0.89254
459.45780	0.89091
459.69885	0.88926
459.93991	0.88753
460.18097	0.88564
460.42203	0.88357
460.66309	0.88130
460.90415	0.87882
461.14521	0.87616
461.38627	0.87337
461.62732	0.87051
461.86838	0.86763
462.10944	0.86480
462.35050	0.86208
462.59156	0.85948
462.83262	0.85703
463.07368	0.85471
463.31473	0.85249
463.55579	0.85034
463.79685	0.84822
464.03791	0.84610
464.27897	0.84396
464.52003	0.84180
464.76109	0.83962
465.00215	0.83745
465.24320	0.83530
465.48426	0.83319
465.72532	0.83111
465.96638	0.82907
466.20744	0.82703
466.44850	0.82498
466.68956	0.82287
466.93061	0.82070
467.17167	0.81843
467.41273	0.81609
467.65379	0.81367
467.89485	0.81123
468.13591	0.80879
468.37697	0.80639
468.61802	0.80408
468.85908	0.80187
469.10014	0.79979
469.34120	0.79782
469.58226	0.79596
469.82332	0.79417
470.06438	0.79242
470.30544	0.79069
470.54649	0.78894
470.78755	0.78717
471.02861	0.78537
471.26967	0.78355
471.51073	0.78170
471.75179	0.77984
471.99285	0.77799
472.23390	0.77615
472.47496	0.77432
472.71602	0.77251
472.95708	0.77070
473.19814	0.76889
473.43920	0.76708
473.68026	0.76525
473.92132	0.76343
474.16237	0.76162
474.40343	0.75984
474.64449	0.75813
474.88555	0.75651
475.12661	0.75501
475.36767	0.75366
475.60873	0.75246
475.84978	0.75142
476.09084	0.75052
476.33190	0.74973
476.57296	0.74903
476.81402	0.74838
477.05508	0.74774
477.29614	0.74711
477.53720	0.74647
477.77825	0.74582
478.01931	0.74517
478.26037	0.74453
478.50143	0.74390
478.74249	0.74329
478.98355	0.74268
479.22461	0.74207
479.46566	0.74143
479.70672	0.74074
479.94778	0.74000
480.18884	0.73921
480.42990	0.73836
480.67096	0.73748
480.91202	0.73658
481.15307	0.73569
481.39413	0.73483
481.63519	0.73400
481.87625	0.73323
482.11731	0.73249
482.35837	0.73180
482.59943	0.73114
482.84049	0.73051
483.08154	0.72990
483.32260	0.72930
483.56366	0.72873
483.80472	0.72818
484.04578	0.72766
484.28684	0.72717
484.52790	0.72671
484.76895	0.72629
485.01001	0.72589
485.25107	0.72549
485.49213	0.72508
485.73319	0.72463
485.97425	0.72410
486.21531	0.72348
486.45637	0.72275
486.69742	0.72190
486.93848	0.72094
487.17954	0.71990
487.42060	0.71881
487.66166	0.71771
487.90272	0.71667
488.14378	0.71573
488.38483	0.71492
488.62589	0.71426
488.86695	0.71376
489.10801	0.71341
489.34907	0.71319
489.59013	0.71305
489.83119	0.71298
490.07225	0.71294
490.31330	0.71291
490.55436	0.71290
490.79542	0.71290
491.03648	0.71293
491.27754	0.71303
491.51860	0.71322
491.75966	0.71351
492.00071	0.71392
492.24177	0.71444
492.48283	0.71506
492.72389	0.71575
492.96495	0.71648
493.20601	0.71720
493.44707	0.71789
493.68812	0.71853
493.92918	0.71911
494.17024	0.71964
494.41130	0.72014
494.65236	0.72062
494.89342	0.72112
495.13448	0.72163
495.37554	0.72217
495.61659	0.72273
495.85765	0.72329
496.09871	0.72383
496.33977	0.72432
496.58083	0.72477
496.82189	0.72515
497.06295	0.72549
497.30400	0.72579
497.54506	0.72609
497.78612	0.72641
498.02718	0.72678
498.26824	0.72720
498.50930	0.72766
498.75036	0.72814
498.99142	0.72860
499.23247	0.72900
499.47353	0.72930
499.71459	0.72947
499.95565	0.72947
500.19671	0.72929
500.43777	0.72895
500.67883	0.72844
500.91988	0.72777
501.16094	0.72696
501.40200	0.72599
501.64306	0.72486
501.88412	0.72353
502.12518	0.72198
502.36624	0.72015
502.60730	0.71800
502.84835	0.71548
503.08941	0.71257
503.33047	0.70923
503.57153	0.70543
503.81259	0.70120
504.05365	0.69654
504.29471	0.69153
504.53576	0.68624
504.77682	0.68079
505.01788	0.67532
505.25894	0.67001
505.50000	0.66504
505.74106	0.66065
505.98212	0.65707
506.22318	0.65452
506.46423	0.65320
506.70529	0.65327
506.94635	0.65484
507.18741	0.65797
507.42847	0.66263
507.66953	0.66870
507.91059	0.67604
508.15164	0.68440
508.39270	0.69352
508.63376	0.70312
508.87482	0.71288
509.11588	0.72255
509.35694	0.73186
509.59800	0.74068
509.83905	0.74889
510.08011	0.75645
510.32117	0.76335
510.56223	0.76963
510.80329	0.77535
511.04435	0.78061
511.28541	0.78545
511.52647	0.78996
511.76752	0.79417
512.00858	0.79811
512.24964	0.80178
512.49070	0.80519
512.73176	0.80832
512.97282	0.81118
513.21388	0.81378
513.45493	0.81614
513.69599	0.81828
513.93705	0.82025
514.17811	0.82206
514.41917	0.82375
514.66023	0.82532
514.90129	0.82678
515.14235	0.82809
515.38340	0.82925
515.62446	0.83020
515.86552	0.83093
516.10658	0.83142
516.34764	0.83166
516.58870	0.83168
516.82976	0.83149
517.07081	0.83115
517.31187	0.83069
517.55293	0.83016
517.79399	0.82958
518.03505	0.82898
518.27611	0.82836
518.51717	0.82771
518.75823	0.82702
518.99928	0.82627
519.24034	0.82546
519.48140	0.82459
519.72246	0.82368
519.96352	0.82277
520.20458	0.82189
520.44564	0.82107
520.68669	0.82036
520.92775	0.81977
521.16881	0.81931
521.40987	0.81895
521.65093	0.81867
521.89199	0.81842
522.13305	0.81816
522.37410	0.81786
522.61516	0.81748
522.85622	0.81702
523.09728	0.81647
523.33834	0.81584
523.57940	0.81516
523.82046	0.81443
524.06152	0.81366
524.30257	0.81286
524.54363	0.81202
524.78469	0.81114
525.02575	0.81021
525.26681	0.80921
525.50787	0.80816
525.74893	0.80705
525.98998	0.80592
526.23104	0.80477
526.47210	0.80365
526.71316	0.80260
526.95422	0.80164
527.19528	0.80081
527.43634	0.80014
527.67740	0.79961
527.91845	0.79924
528.15951	0.79901
528.40057	0.79887
528.64163	0.79882
528.88269	0.79880
529.12375	0.79879
529.36481	0.79877
529.60586	0.79872
529.84692	0.79865
530.08798	0.79855
530.32904	0.79844
530.57010	0.79830
530.81116	0.79815
531.05222	0.79797
531.29328	0.79773
531.53433	0.79743
531.77539	0.79702
532.01645	0.79649
532.25751	0.79582
532.49857	0.79501
532.73963	0.79409
532.98069	0.79308
533.22174	0.79201
533.46280	0.79093
533.70386	0.78987
533.94492	0.78885
534.18598	0.78787
534.42704	0.78692
534.66810	0.78599
534.90915	0.78502
535.15021	0.78399
535.39127	0.78284
535.63233	0.78156
535.87339	0.78014
536.11445	0.77857
536.35551	0.77687
536.59657	0.77507
536.83762	0.77321
537.07868	0.77130
537.31974	0.76938
537.56080	0.76744
537.80186	0.76548
538.04292	0.76348
538.28398	0.76143
538.52503	0.75929
538.76609	0.75705
539.00715	0.75472
539.24821	0.75230
539.48927	0.74983
539.73033	0.74735
539.97139	0.74490
540.21245	0.74256
540.45350	0.74034
540.69456	0.73831
540.93562	0.73646
541.17668	0.73482
541.41774	0.73337
541.65880	0.73212
541.89986	0.73105
542.14091	0.73017
542.38197	0.72948
542.62303	0.72899
542.86409	0.72873
543.10515	0.72871
543.34621	0.72894
543.58727	0.72943
543.82833	0.73014
544.06938	0.73104
544.31044	0.73207
544.55150	0.73317
544.79256	0.73426
545.03362	0.73527
545.27468	0.73616
545.51574	0.73687
545.75679	0.73738
545.99785	0.73768
546.23891	0.73777
546.47997	0.73767
546.72103	0.73739
546.96209	0.73694
547.20315	0.73632
547.44421	0.73552
547.68526	0.73452
547.92632	0.73331
548.16738	0.73186
548.40844	0.73015
548.64950	0.72817
548.89056	0.72592
549.13162	0.72342
549.37267	0.72070
549.61373	0.71782
549.85479	0.71483
550.09585	0.71180
550.33691	0.70881
550.57797	0.70595
550.81903	0.70329
551.06008	0.70092
551.30114	0.69891
551.54220	0.69734
551.78326	0.69626
552.02432	0.69572
552.26538	0.69576
552.50644	0.69639
552.74750	0.69762
552.98855	0.69942
553.22961	0.70176
553.47067	0.70459
553.71173	0.70787
553.95279	0.71153
554.19385	0.71553
554.43491	0.71982
554.67596	0.72437
554.91702	0.72916
555.15808	0.73415
555.39914	0.73932
555.64020	0.74466
555.88126	0.75012
556.12232	0.75569
556.36338	0.76133
556.60443	0.76699
556.84549	0.77264
557.08655	0.77824
557.32761	0.78376
557.56867	0.78915
557.80973	0.79440
558.05079	0.79947
558.29184	0.80434
558.53290	0.80902
558.77396	0.81348
559.01502	0.81772
559.25608	0.82177
559.49714	0.82562
559.73820	0.82929
559.97926	0.83279
560.22031	0.83613
560.46137	0.83930
560.70243	0.84230
560.94349	0.84510
561.18455	0.84769
561.42561	0.85005
561.66667	0.85216
561.90772	0.85402
562.14878	0.85564
562.38984	0.85705
562.63090	0.85827
562.87196	0.85935
563.11302	0.86031
563.35408	0.86119
563.59513	0.86199
563.83619	0.86273
564.07725	0.86342
564.31831	0.86406
564.55937	0.86466
564.80043	0.86523
565.04149	0.86580
565.28255	0.86641
565.52360	0.86710
565.76466	0.86788
566.00572	0.86881
566.24678	0.86990
566.48784	0.87115
566.72890	0.87255
566.96996	0.87410
567.21101	0.87575
567.45207	0.87748
567.69313	0.87923
567.93419	0.88098
568.17525	0.88268
568.41631	0.88432
568.65737	0.88589
568.89843	0.88738
569.13948	0.88880
569.38054	0.89016
569.62160	0.89148
569.86266	0.89277
570.10372	0.89402
570.34478	0.89522
570.58584	0.89637
570.82689	0.89743
571.06795	0.89839
571.30901	0.89924
571.55007	0.89999
571.79113	0.90064
572.03219	0.90124
572.27325	0.90183
572.51431	0.90245
572.75536	0.90316
572.99642	0.90398
573.23748	0.90492
573.47854	0.90598
573.71960	0.90713
573.96066	0.90836
574.20172	0.90961
574.44277	0.91087
574.68383	0.91210
574.92489	0.91329
575.16595	0.91445
575.40701	0.91559
575.64807	0.91671
575.88913	0.91786
576.13018	0.91903
576.37124	0.92025
576.61230	0.92152
576.85336	0.92285
577.09442	0.92424
577.33548	0.92566
577.57654	0.92713
577.81760	0.92861
578.05865	0.93011
578.29971	0.93160
578.54077	0.93309
578.78183	0.93457
579.02289	0.93601
579.26395	0.93741
579.50501	0.93875
579.74606	0.94001
579.98712	0.94117
580.22818	0.94222
580.46924	0.94313
580.71030	0.94389
580.95136	0.94450
581.19242	0.94497
581.43348	0.94532
581.67453	0.94557
581.91559	0.94576
582.15665	0.94591
582.39771	0.94607
582.63877	0.94625
582.87983	0.94645
583.12089	0.94668
583.36194	0.94692
583.60300	0.94714
583.84406	0.94732
584.08512	0.94744
584.32618	0.94748
584.56724	0.94744
584.80830	0.94733
585.04936	0.94714
585.29041	0.94690
585.53147	0.94661
585.77253	0.94628
586.01359	0.94589
586.25465	0.94544
586.49571	0.94490
586.73677	0.94427
586.97782	0.94353
587.21888	0.94268
587.45994	0.94174
587.70100	0.94071
587.94206	0.93960
588.18312	0.93845
588.42418	0.93727
588.66523	0.93605
588.90629	0.93480
589.14735	0.93350
589.38841	0.93216
589.62947	0.93074
589.87053	0.92925
590.11159	0.92767
590.35265	0.92601
590.59370	0.92426
590.83476	0.92244
591.07582	0.92054
591.31688	0.91858
591.55794	0.91657
591.79900	0.91451
592.04006	0.91241
592.28111	0.91026
592.52217	0.90807
592.76323	0.90584
593.00429	0.90355
593.24535	0.90119
593.48641	0.89877
593.72747	0.89627
593.96853	0.89369
594.20958	0.89103
594.45064	0.88830
594.69170	0.88552
594.93276	0.88269
595.17382	0.87981
595.41488	0.87688
595.65594	0.87390
595.89699	0.87085
596.13805	0.86772
596.37911	0.86450
596.62017	0.86119
596.86123	0.85779
597.10229	0.85433
597.34335	0.85084
597.58441	0.84737
597.82546	0.84397
598.06652	0.84068
598.30758	0.83753
598.54864	0.83455
598.78970	0.83177
599.03076	0.82918
599.27182	0.82680
599.51287	0.82462
599.75393	0.82264
599.99499	0.82084
600.23605	0.81921
600.47711	0.81773
600.71817	0.81635
600.95923	0.81503
601.20029	0.81372
601.44134	0.81235
601.68240	0.81086
601.92346	0.80919
602.16452	0.80730
602.40558	0.80514
602.64664	0.80270
602.88770	0.79996
603.12875	0.79694
603.36981	0.79366
603.61087	0.79015
603.85193	0.78645
604.09299	0.78260
604.33405	0.77865
604.57511	0.77464
604.81616	0.77061
605.05722	0.76658
605.29828	0.76258
605.53934	0.75862
605.78040	0.75469
606.02146	0.75077
606.26252	0.74684
606.50358	0.74289
606.74463	0.73887
606.98569	0.73477
607.22675	0.73057
607.46781	0.72625
607.70887	0.72179
607.94993	0.71719
608.19099	0.71242
608.43204	0.70746
608.67310	0.70230
608.91416	0.69690
609.15522	0.69124
609.39628	0.68531
609.63734	0.67910
609.87840	0.67261
610.11946	0.66584
610.36051	0.65883
610.60157	0.65161
610.84263	0.64422
611.08369	0.63669
611.32475	0.62910
611.56581	0.62147
611.80687	0.61389
612.04792	0.60640
612.28898	0.59908
612.53004	0.59200
612.77110	0.58525
613.01216	0.57889
613.25322	0.57302
613.49428	0.56769
613.73534	0.56297
613.97639	0.55889
614.21745	0.55548
614.45851	0.55274
614.69957	0.55065
614.94063	0.54918
615.18169	0.54826
615.42275	0.54783
615.66380	0.54781
615.90486	0.54813
616.14592	0.54869
616.38698	0.54941
616.62804	0.55023
616.86910	0.55108
617.11016	0.55191
617.35121	0.55269
617.59227	0.55338
617.83333	0.55398
618.07439	0.55447
618.31545	0.55484
618.55651	0.55510
618.79757	0.55525
619.03863	0.55530
619.27968	0.55526
619.52074	0.55514
619.76180	0.55496
620.00286	0.55474
620.24392	0.55449
620.48498	0.55424
620.72604	0.55397
620.96709	0.55370
621.20815	0.55339
621.44921	0.55304
621.69027	0.55260
621.93133	0.55204
622.17239	0.55132
622.41345	0.55042
622.65451	0.54929
622.89556	0.54793
623.13662	0.54630
623.37768	0.54442
623.61874	0.54226
623.85980	0.53985
624.10086	0.53719
624.34192	0.53431
624.58297	0.53123
624.82403	0.52799
625.06509	0.52463
625.30615	0.52118
625.54721	0.51769
625.78827	0.51419
626.02933	0.51072
626.27039	0.50731
626.51144	0.50397
626.75250	0.50072
626.99356	0.49756
627.23462	0.49446
627.47568	0.49139
627.71674	0.48831
627.95780	0.48515
628.19885	0.48184
628.43991	0.47830
628.68097	0.47446
628.92203	0.47027
629.16309	0.46570
629.40415	0.46077
629.64521	0.45551
629.88626	0.45002
630.12732	0.44443
630.36838	0.43890
630.60944	0.43357
630.85050	0.42861
631.09156	0.42417
631.33262	0.42036
631.57368	0.41726
631.81473	0.41489
632.05579	0.41325
632.29685	0.41227
632.53791	0.41188
632.77897	0.41195
633.02003	0.41236
633.26109	0.41299
633.50214	0.41370
633.74320	0.41439
633.98426	0.41495
634.22532	0.41532
634.46638	0.41543
634.70744	0.41527
634.94850	0.41483
635.18956	0.41414
635.43061	0.41321
635.67167	0.41208
635.91273	0.41080
636.15379	0.40941
636.39485	0.40793
636.63591	0.40641
636.87697	0.40485
637.11802	0.40328
637.35908	0.40168
637.60014	0.40007
637.84120	0.39843
638.08226	0.39674
638.32332	0.39500
638.56438	0.39318
638.80544	0.39129
639.04649	0.38931
639.28755	0.38723
639.52861	0.38505
639.76967	0.38278
640.01073	0.38040
640.25179	0.37791
640.49285	0.37531
640.73390	0.37259
640.97496	0.36973
641.21602	0.36674
641.45708	0.36362
641.69814	0.36036
641.93920	0.35698
642.18026	0.35351
642.42132	0.34998
642.66237	0.34642
642.90343	0.34288
643.14449	0.33940
643.38555	0.33600
643.62661	0.33273
643.86767	0.32961
644.10873	0.32666
644.34978	0.32388
644.59084	0.32130
644.83190	0.31892
645.07296	0.31672
645.31402	0.31470
645.55508	0.31286
645.79614	0.31116
646.03719	0.30959
646.27825	0.30812
646.51931	0.30670
646.76037	0.30531
647.00143	0.30391
647.24249	0.30247
647.48355	0.30095
647.72461	0.29934
647.96566	0.29761
648.20672	0.29576
648.44778	0.29379
648.68884	0.29168
648.92990	0.28945
649.17096	0.28711
649.41202	0.28466
649.65307	0.28213
649.89413	0.27952
650.13519	0.27685
650.37625	0.27414
650.61731	0.27139
650.85837	0.26864
651.09943	0.26588
651.34049	0.26313
651.58154	0.26039
651.82260	0.25768
652.06366	0.25500
652.30472	0.25235
652.54578	0.24972
652.78684	0.24710
653.02790	0.24448
653.26895	0.24183
653.51001	0.23915
653.75107	0.23641
653.99213	0.23359
654.23319	0.23068
654.47425	0.22767
654.71531	0.22455
654.95637	0.22130
655.19742	0.21792
655.43848	0.21441
655.67954	0.21077
655.92060	0.20699
656.16166	0.20307
656.40272	0.19902
656.64378	0.19484
656.88483	0.19053
657.12589	0.18613
657.36695	0.18166
657.60801	0.17714
657.84907	0.17264
658.09013	0.16821
658.33119	0.16391
658.57224	0.15980
658.81330	0.15595
659.05436	0.15243
659.29542	0.14930
659.53648	0.14660
659.77754	0.14435
660.01860	0.14256
660.25966	0.14120
660.50071	0.14024
660.74177	0.13962
660.98283	0.13927
661.22389	0.13911
661.46495	0.13906
661.70601	0.13904
661.94707	0.13900
662.18812	0.13887
662.42918	0.13863
662.67024	0.13825
662.91130	0.13771
663.15236	0.13703
663.39342	0.13620
663.63448	0.13524
663.87554	0.13417
664.11659	0.13301
664.35765	0.13176
664.59871	0.13045
664.83977	0.12907
665.08083	0.12765
665.32189	0.12619
665.56295	0.12468
665.80400	0.12314
666.04506	0.12158
666.28612	0.11999
666.52718	0.11838
666.76824	0.11677
667.00930	0.11514
667.25036	0.11352
667.49142	0.11189
667.73247	0.11026
667.97353	0.10863
668.21459	0.10699
668.45565	0.10534
668.69671	0.10368
668.93777	0.10201
669.17883	0.10034
669.41988	0.09867
669.66094	0.09702
669.90200	0.09539
670.14306	0.09379
670.38412	0.09222
670.62518	0.09070
670.86624	0.08922
671.10729	0.08778
671.34835	0.08638
671.58941	0.08501
671.83047	0.08366
672.07153	0.08234
672.31259	0.08104
672.55365	0.07975
672.79471	0.07849
673.03576	0.07724
673.27682	0.07601
673.51788	0.07480
673.75894	0.07362
674.00000	0.07244
674.24106	0.07128
674.48212	0.07013
674.72317	0.06898
674.96423	0.06782
675.20529	0.06667
675.44635	0.06550
675.68741	0.06433
675.92847	0.06316
676.16953	0.06199
676.41059	0.06081
676.65164	0.05964
676.89270	0.05847
677.13376	0.05731
677.37482	0.05616
677.61588	0.05502
677.85694	0.05388
678.09800	0.05277
678.33905	0.05166
678.58011	0.05058
678.82117	0.04951
679.06223	0.04847
679.30329	0.04745
679.54435	0.04645
679.78541	0.04548
680.02647	0.04454
680.26752	0.04363
680.50858	0.04275
680.74964	0.04191
680.99070	0.04109
681.23176	0.04031
681.47282	0.03956
681.71388	0.03883
681.95493	0.03813
682.19599	0.03744
682.43705	0.03678
682.67811	0.03611
682.91917	0.03546
683.16023	0.03480
683.40129	0.03414
683.64234	0.03347
683.88340	0.03280
684.12446	0.03213
684.36552	0.03147
684.60658	0.03081
684.84764	0.03017
685.08870	0.02956
685.32976	0.02897
685.57081	0.02841
685.81187	0.02789
686.05293	0.02739
686.29399	0.02693
686.53505	0.02649
686.77611	0.02607
687.01717	0.02566
687.25822	0.02526
687.49928	0.02486
687.74034	0.02447
687.98140	0.02408
688.22246	0.02370
688.46352	0.02333
688.70458	0.02297
688.94564	0.02263
689.18669	0.02231
689.42775	0.02201
689.66881	0.02174
689.90987	0.02149
690.15093	0.02127
690.39199	0.02106
690.63305	0.02086
690.87410	0.02068
691.11516	0.02049
691.35622	0.02031
691.59728	0.02012
691.83834	0.01992
692.07940	0.01972
692.32046	0.01951
692.56152	0.01928
692.80257	0.01905
693.04363	0.01881
693.28469	0.01856
693.52575	0.01830
693.76681	0.01804
694.00787	0.01777
694.24893	0.01750
694.48998	0.01723
694.73104	0.01695
694.97210	0.01667
695.21316	0.01638
695.45422	0.01608
695.69528	0.01576
695.93634	0.01541
696.17740	0.01505
696.41845	0.01465
696.65951	0.01423
696.90057	0.01379
697.14163	0.01334
697.38269	0.01287
697.62375	0.01241
697.86481	0.01195
698.10586	0.01150
698.34692	0.01107
698.58798	0.01066
698.82904	0.01027
699.07010	0.00990
699.31116	0.00956
699.55222	0.00923
699.79327	0.00893
700.03433	0.00865
700.27539	0.00838
700.51645	0.00813
700.75751	0.00790
700.99857	0.00768
701.23963	0.00747
701.48069	0.00727
701.72174	0.00708
701.96280	0.00689
702.20386	0.00672
702.44492	0.00656
702.68598	0.00640
702.92704	0.00625
703.16810	0.00612
703.40915	0.00599
703.65021	0.00587
703.89127	0.00577
704.13233	0.00568
704.37339	0.00560
704.61445	0.00553
704.85551	0.00548
705.09657	0.00544
705.33762	0.00540
705.57868	0.00538
705.81974	0.00535
706.06080	0.00534
706.30186	0.00532
706.54292	0.00531
706.78398	0.00530
707.02503	0.00530
707.26609	0.00530
707.50715	0.00531
707.74821	0.00532
707.98927	0.00534
708.23033	0.00536
708.47139	0.00538
708.71245	0.00540
708.95350	0.00541
709.19456	0.00542
709.43562	0.00543
709.67668	0.00543
709.91774	0.00542
710.15880	0.00542
710.39986	0.00540
710.64091	0.00539
710.88197	0.00539
711.12303	0.00538
711.36409	0.00538
711.60515	0.00537
711.84621	0.00537
712.08727	0.00536
712.32832	0.00534
712.56938	0.00531
712.81044	0.00527
713.05150	0.00522
713.29256	0.00517
713.53362	0.00512
713.77468	0.00508
714.01574	0.00504
714.25679	0.00502
714.49785	0.00501
714.73891	0.00501
714.97997	0.00502
715.22103	0.00503
715.46209	0.00505
715.70315	0.00507
715.94420	0.00509
716.18526	0.00510
716.42632	0.00510
716.66738	0.00508
716.90844	0.00506
717.14950	0.00503
717.39056	0.00500
717.63162	0.00497
717.87267	0.00495
718.11373	0.00494
718.35479	0.00493
718.59585	0.00494
718.83691	0.00497
719.07797	0.00499
719.31903	0.00502
719.56008	0.00504
719.80114	0.00506
720.04220	0.00507
720.28326	0.00507
720.52432	0.00506
720.76538	0.00504
721.00644	0.00502
721.24750	0.00499
721.48855	0.00497
721.72961	0.00494
721.97067	0.00491
722.21173	0.00488
722.45279	0.00484
722.69385	0.00481
722.93491	0.00477
723.17596	0.00472
723.41702	0.00469
723.65808	0.00465
723.89914	0.00462
724.14020	0.00460
724.38126	0.00459
724.62232	0.00460
724.86337	0.00461
725.10443	0.00463
725.34549	0.00467
725.58655	0.00472
725.82761	0.00477
726.06867	0.00482
726.30973	0.00488
726.55079	0.00493
726.79184	0.00496
727.03290	0.00498
727.27396	0.00499
727.51502	0.00498
727.75608	0.00494
727.99714	0.00490
728.23820	0.00484
728.47925	0.00478
728.72031	0.00472
728.96137	0.00466
729.20243	0.00461
729.44349	0.00457
729.68455	0.00455
729.92561	0.00454
730.16667	0.00454
730.40772	0.00456
730.64878	0.00458
730.88984	0.00461
731.13090	0.00465
731.37196	0.00468
731.61302	0.00471
731.85408	0.00474
732.09513	0.00475
732.33619	0.00477
732.57725	0.00477
732.81831	0.00476
733.05937	0.00474
733.30043	0.00471
733.54149	0.00467
733.78255	0.00462
734.02360	0.00457
734.26466	0.00451
734.50572	0.00446
734.74678	0.00440
734.98784	0.00436
735.22890	0.00432
735.46996	0.00429
735.71101	0.00428
735.95207	0.00428
736.19313	0.00429
736.43419	0.00430
736.67525	0.00432
736.91631	0.00434
737.15737	0.00436
737.39842	0.00437
737.63948	0.00438
737.88054	0.00438
738.12160	0.00437
738.36266	0.00436
738.60372	0.00436
738.84478	0.00435
739.08584	0.00436
739.32689	0.00436
739.56795	0.00437
739.80901	0.00439
740.05007	0.00440
740.29113	0.00442
740.53219	0.00443
740.77325	0.00443
741.01430	0.00443
741.25536	0.00442
741.49642	0.00441
741.73748	0.00439
741.97854	0.00436
742.21960	0.00434
742.46066	0.00431
742.70172	0.00429
742.94277	0.00428
743.18383	0.00427
743.42489	0.00428
743.66595	0.00429
743.90701	0.00431
744.14807	0.00434
744.38913	0.00438
744.63018	0.00441
744.87124	0.00445
745.11230	0.00448
745.35336	0.00451
745.59442	0.00454
745.83548	0.00456
746.07654	0.00459
746.31760	0.00462
746.55865	0.00465
746.79971	0.00470
747.04077	0.00475
747.28183	0.00481
747.52289	0.00488
747.76395	0.00496
748.00501	0.00504
748.24606	0.00513
748.48712	0.00521
748.72818	0.00530
748.96924	0.00539
749.21030	0.00548
749.45136	0.00556
749.69242	0.00564
749.93348	0.00572
750.17453	0.00579
750.41559	0.00586
750.65665	0.00593
750.89771	0.00600
751.13877	0.00608
751.37983	0.00616
751.62089	0.00624
751.86194	0.00634
752.10300	0.00645
752.34406	0.00657
752.58512	0.00670
752.82618	0.00684
753.06724	0.00700
753.30830	0.00717
753.54935	0.00734
753.79041	0.00752
754.03147	0.00771
754.27253	0.00791
754.51359	0.00812
754.75465	0.00833
754.99571	0.00855
755.23677	0.00877
755.47782	0.00900
755.71888	0.00922
755.95994	0.00945
756.20100	0.00967
756.44206	0.00989
756.68312	0.01011
756.92418	0.01032
757.16523	0.01053
757.40629	0.01075
757.64735	0.01097
757.88841	0.01119
758.12947	0.01143
758.37053	0.01167
758.61159	0.01192
758.85265	0.01218
759.09370	0.01244
759.33476	0.01271
759.57582	0.01297
759.81688	0.01323
760.05794	0.01348
760.29900	0.01372
760.54006	0.01394
760.78111	0.01415
761.02217	0.01435
761.26323	0.01453
761.50429	0.01470
761.74535	0.01486
761.98641	0.01501
762.22747	0.01516
762.46853	0.01532
762.70958	0.01548
762.95064	0.01565
763.19170	0.01584
763.43276	0.01603
763.67382	0.01623
763.91488	0.01642
764.15594	0.01662
764.39699	0.01680
764.63805	0.01697
764.87911	0.01713
765.12017	0.01728
765.36123	0.01741
765.60229	0.01754
765.84335	0.01766
766.08440	0.01777
766.32546	0.01789
766.56652	0.01799
766.80758	0.01810
767.04864	0.01819
767.28970	0.01828
767.53076	0.01835
767.77182	0.01841
768.01287	0.01846
768.25393	0.01849
768.49499	0.01852
768.73605	0.01853
768.97711	0.01855
769.21817	0.01856
769.45923	0.01857
769.70028	0.01859
769.94134	0.01861
770.18240	0.01864
770.42346	0.01869
770.66452	0.01875
770.90558	0.01882
771.14664	0.01891
771.38770	0.01901
771.62875	0.01913
771.86981	0.01927
772.11087	0.01942
772.35193	0.01959
772.59299	0.01976
772.83405	0.01996
773.07511	0.02016
773.31616	0.02036
773.55722	0.02058
773.79828	0.02080
774.03934	0.02103
774.28040	0.02127
774.52146	0.02152
774.76252	0.02177
775.00358	0.02204
775.24463	0.02232
775.48569	0.02261
775.72675	0.02291
775.96781	0.02321
776.20887	0.02350
776.44993	0.02379
776.69099	0.02406
776.93204	0.02431
777.17310	0.02453
777.41416	0.02473
777.65522	0.02491
777.89628	0.02507
778.13734	0.02521
778.37840	0.02534
778.61945	0.02547
778.86051	0.02560
779.10157	0.02574
779.34263	0.02589
779.58369	0.02605
779.82475	0.02622
780.06581	0.02639
780.30687	0.02657
780.54792	0.02673
780.78898	0.02689
781.03004	0.02704
781.27110	0.02717
781.51216	0.02727
781.75322	0.02736
781.99428	0.02744
782.23533	0.02750
782.47639	0.02755
782.71745	0.02760
782.95851	0.02765
783.19957	0.02771
783.44063	0.02776
783.68169	0.02782
783.92275	0.02788
784.16380	0.02793
784.40486	0.02796
784.64592	0.02798
784.88698	0.02796
785.12804	0.02792
785.36910	0.02785
785.61016	0.02776
785.85121	0.02763
786.09227	0.02748
786.33333	0.02732
786.57439	0.02714
786.81545	0.02696
787.05651	0.02677
787.29757	0.02657
787.53863	0.02637
787.77968	0.02616
788.02074	0.02593
788.26180	0.02570
788.50286	0.02546
788.74392	0.02520
788.98498	0.02493
789.22604	0.02466
789.46709	0.02437
789.70815	0.02408
789.94921	0.02379
790.19027	0.02349
790.43133	0.02319
790.67239	0.02288
790.91345	0.02258
791.15451	0.02227
791.39556	0.02197
791.63662	0.02168
791.87768	0.02140
792.11874	0.02113
792.35980	0.02088
792.60086	0.02066
792.84192	0.02046
793.08297	0.02028
793.32403	0.02013
793.56509	0.02000
793.80615	0.01990
794.04721	0.01982
794.28827	0.01976
794.52933	0.01972
794.77038	0.01971
795.01144	0.01972
795.25250	0.01976
795.49356	0.01981
795.73462	0.01987
795.97568	0.01994
796.21674	0.02001
796.45780	0.02008
796.69885	0.02014
796.93991	0.02020
797.18097	0.02024
797.42203	0.02028
797.66309	0.02032
797.90415	0.02034
798.14521	0.02037
798.38626	0.02040
798.62732	0.02042
798.86838	0.02045
799.10944	0.02048
799.35050	0.02051
799.59156	0.02055
799.83262	0.02059
800.07368	0.02064
800.31473	0.02069
800.55579	0.02076
800.79685	0.02082
801.03791	0.02089
801.27897	0.02096
801.52003	0.02103
801.76109	0.02109
802.00214	0.02115
802.24320	0.02120
802.48426	0.02124
802.72532	0.02129
802.96638	0.02133
803.20744	0.02138
803.44850	0.02144
803.68956	0.02151
803.93061	0.02158
804.17167	0.02167
804.41273	0.02177
804.65379	0.02188
804.89485	0.02199
805.13591	0.02210
805.37697	0.02220
805.61802	0.02231
805.85908	0.02241
806.10014	0.02250
806.34120	0.02258
806.58226	0.02267
806.82332	0.02275
807.06438	0.02283
807.30543	0.02291
807.54649	0.02300
807.78755	0.02310
808.02861	0.02320
808.26967	0.02331
808.51073	0.02343
808.75179	0.02355
808.99285	0.02368
809.23390	0.02380
809.47496	0.02393
809.71602	0.02406
809.95708	0.02419
810.19814	0.02431
810.43920	0.02442
810.68026	0.02453
810.92131	0.02463
811.16237	0.02472
811.40343	0.02481
811.64449	0.02488
811.88555	0.02495
812.12661	0.02501
812.36767	0.02507
812.60873	0.02513
812.84978	0.02519
813.09084	0.02525
813.33190	0.02532
813.57296	0.02540
813.81402	0.02549
814.05508	0.02559
814.29614	0.02568
814.53719	0.02578
814.77825	0.02587
815.01931	0.02595
815.26037	0.02603
815.50143	0.02611
815.74249	0.02619
815.98355	0.02627
816.22461	0.02635
816.46566	0.02644
816.70672	0.02653
816.94778	0.02661
817.18884	0.02670
817.42990	0.02677
817.67096	0.02683
817.91202	0.02688
818.15307	0.02691
818.39413	0.02694
818.63519	0.02695
818.87625	0.02695
819.11731	0.02695
819.35837	0.02696
819.59943	0.02697
819.84048	0.02699
820.08154	0.02702
820.32260	0.02706
820.56366	0.02711
820.80472	0.02717
821.04578	0.02724
821.28684	0.02731
821.52790	0.02737
821.76895	0.02744
822.01001	0.02749
822.25107	0.02754
822.49213	0.02757
822.73319	0.02760
822.97425	0.02761
823.21531	0.02762
823.45636	0.02762
823.69742	0.02763
823.93848	0.02763
824.17954	0.02763
824.42060	0.02764
824.66166	0.02765
824.90272	0.02765
825.14378	0.02765
825.38483	0.02765
825.62589	0.02764
825.86695	0.02763
826.10801	0.02761
826.34907	0.02759
826.59013	0.02757
826.83119	0.02755
827.07224	0.02752
827.31330	0.02750
827.55436	0.02746
827.79542	0.02742
828.03648	0.02736
828.27754	0.02730
828.51860	0.02723
828.75966	0.02715
829.00071	0.02707
829.24177	0.02698
829.48283	0.02689
829.72389	0.02680
829.96495	0.02671
830.20601	0.02661
830.44707	0.02651
830.68812	0.02641
830.92918	0.02631
831.17024	0.02621
831.41130	0.02611
831.65236	0.02601
831.89342	0.02591
832.13448	0.02582
832.37553	0.02574
832.61659	0.02565
832.85765	0.02557
833.09871	0.02548
833.33977	0.02539
833.58083	0.02528
833.82189	0.02515
834.06295	0.02501
834.30400	0.02485
834.54506	0.02467
834.78612	0.02448
835.02718	0.02427
835.26824	0.02404
835.50930	0.02381
835.75036	0.02357
835.99141	0.02332
836.23247	0.02307
836.47353	0.02280
836.71459	0.02253
836.95565	0.02225
837.19671	0.02196
837.43777	0.02167
837.67883	0.02137
837.91988	0.02107
838.16094	0.02077
838.40200	0.02048
838.64306	0.02019
838.88412	0.01991
839.12518	0.01963
839.36624	0.01935
839.60729	0.01907
839.84835	0.01877
840.08941	0.01846
840.33047	0.01812
840.57153	0.01777
840.81259	0.01740
841.05365	0.01701
841.29471	0.01661
841.53576	0.01621
841.77682	0.01582
842.01788	0.01545
842.25894	0.01509
842.50000	0.01475
842.74106	0.01444
842.98212	0.01416
843.22317	0.01389
843.46423	0.01364
843.70529	0.01339
843.94635	0.01316
844.18741	0.01292
844.42847	0.01268
844.66953	0.01245
844.91059	0.01221
845.15164	0.01198
845.39270	0.01176
845.63376	0.01155
845.87482	0.01135
846.11588	0.01117
846.35694	0.01101
846.59800	0.01086
846.83905	0.01073
847.08011	0.01062
847.32117	0.01053
847.56223	0.01045
847.80329	0.01038
848.04435	0.01033
848.28541	0.01029
848.52646	0.01027
848.76752	0.01025
849.00858	0.01024
849.24964	0.01024
849.49070	0.01025
849.73176	0.01026
849.97282	0.01028
850.21388	0.01030
850.45493	0.01032
850.69599	0.01034
850.93705	0.01037
851.17811	0.01040
851.41917	0.01043
851.66023	0.01048
851.90129	0.01052
852.14234	0.01057
852.38340	0.01062
852.62446	0.01067
852.86552	0.01072
853.10658	0.01077
853.34764	0.01081
853.58870	0.01085
853.82976	0.01089
854.07081	0.01094
854.31187	0.01098
854.55293	0.01103
854.79399	0.01108
855.03505	0.01114
855.27611	0.01119
855.51717	0.01124
855.75822	0.01129
855.99928	0.01133
856.24034	0.01135
856.48140	0.01136
856.72246	0.01137
856.96352	0.01136
857.20458	0.01135
857.44564	0.01133
857.68669	0.01131
857.92775	0.01129
858.16881	0.01128
858.40987	0.01126
858.65093	0.01125
858.89199	0.01124
859.13305	0.01123
859.37410	0.01121
859.61516	0.01119
859.85622	0.01117
860.09728	0.01114
860.33834	0.01109
860.57940	0.01104
860.82046	0.01098
861.06151	0.01090
861.30257	0.01081
861.54363	0.01071
861.78469	0.01060
862.02575	0.01048
862.26681	0.01036
862.50787	0.01023
862.74893	0.01009
862.98998	0.00996
863.23104	0.00983
863.47210	0.00971
863.71316	0.00959
863.95422	0.00948
864.19528	0.00937
864.43634	0.00926
864.67739	0.00915
864.91845	0.00904
865.15951	0.00893
865.40057	0.00881
865.64163	0.00869
865.88269	0.00856
866.12375	0.00842
866.36481	0.00828
866.60586	0.00814
866.84692	0.00800
867.08798	0.00785
867.32904	0.00771
867.57010	0.00757
867.81116	0.00743
868.05222	0.00729
868.29327	0.00715
868.53433	0.00701
868.77539	0.00688
869.01645	0.00676
869.25751	0.00663
869.49857	0.00652
869.73963	0.00641
869.98069	0.00630
870.22174	0.00621
870.46280	0.00612
870.70386	0.00604
870.94492	0.00599
871.18598	0.00595
871.42704	0.00595
871.66810	0.00597
871.90915	0.00603
872.15021	0.00611
872.39127	0.00622
872.63233	0.00635
872.87339	0.00650
873.11445	0.00664
873.35551	0.00679
873.59656	0.00692
873.83762	0.00703
874.07868	0.00714
874.31974	0.00722
874.56080	0.00729
874.80186	0.00736
875.04292	0.00741
875.28398	0.00746
875.52503	0.00750
875.76609	0.00754
876.00715	0.00757
876.24821	0.00759
876.48927	0.00760
876.73033	0.00759
876.97139	0.00758
877.21244	0.00755
877.45350	0.00751
877.69456	0.00746
877.93562	0.00741
878.17668	0.00734
878.41774	0.00727
878.65880	0.00719
878.89986	0.00711
879.14091	0.00701
879.38197	0.00691
879.62303	0.00681
879.86409	0.00670
880.10515	0.00659
880.34621	0.00647
880.58727	0.00636
880.82832	0.00625
881.06938	0.00615
881.31044	0.00605
881.55150	0.00595
881.79256	0.00586
882.03362	0.00577
882.27468	0.00569
882.51574	0.00561
882.75679	0.00553
882.99785	0.00545
883.23891	0.00538
883.47997	0.00530
883.72103	0.00522
883.96209	0.00514
884.20315	0.00506
884.44420	0.00497
884.68526	0.00488
884.92632	0.00478
885.16738	0.00468
885.40844	0.00458
885.64950	0.00447
885.89056	0.00436
886.13161	0.00425
886.37267	0.00414
886.61373	0.00404
886.85479	0.00393
887.09585	0.00383
887.33691	0.00373
887.57797	0.00363
887.81903	0.00353
888.06008	0.00344
888.30114	0.00335
888.54220	0.00327
888.78326	0.00320
889.02432	0.00313
889.26538	0.00307
889.50644	0.00302
889.74749	0.00299
889.98855	0.00296
890.22961	0.00294
890.47067	0.00292
890.71173	0.00292
890.95279	0.00291
891.19385	0.00290
891.43491	0.00288
891.67596	0.00286
891.91702	0.00282
892.15808	0.00277
892.39914	0.00271
892.64020	0.00264
892.88126	0.00256
893.12232	0.00247
893.36337	0.00239
893.60443	0.00230
893.84549	0.00222
894.08655	0.00215
894.32761	0.00208
894.56867	0.00202
894.80973	0.00196
895.05079	0.00193
895.29184	0.00189
895.53290	0.00186
895.77396	0.00183
896.01502	0.00180
896.25608	0.00178
896.49714	0.00176
896.73820	0.00174
896.97925	0.00171
897.22031	0.00169
897.46137	0.00167
897.70243	0.00165
897.94349	0.00164
898.18455	0.00163
898.42561	0.00162
898.66667	0.00161
898.90772	0.00159
899.14878	0.00158
899.38984	0.00156
899.63090	0.00155
