0.00000	0.01254
0.24106	0.01257
0.48212	0.01266
0.72318	0.01283
0.96423	0.01313
1.20529	0.01358
1.44635	0.01420
1.68741	0.01501
1.92847	0.01598
2.16953	0.01686
2.41059	0.01797
2.65165	0.01922
2.89270	0.02048
3.13376	0.02164
3.37482	0.02258
3.61588	0.02327
3.85694	0.02368
4.09800	0.02387
4.33906	0.02390
4.58011	0.02385
4.82117	0.02379
5.06223	0.02376
5.30329	0.02377
5.54435	0.02382
5.78541	0.02387
6.02647	0.02389
6.26753	0.02385
6.50858	0.02376
6.74964	0.02360
6.99070	0.02337
7.23176	0.02307
7.47282	0.02272
7.71388	0.02232
7.95494	0.02189
8.19599	0.02143
8.43705	0.02096
8.67811	0.02049
8.91917	0.02004
9.16023	0.01964
9.40129	0.01931
9.64235	0.01911
9.88340	0.01906
10.12446	0.01926
10.36552	0.01977
10.60658	0.02066
10.84764	0.02194
11.08870	0.02358
11.32976	0.02550
11.57082	0.02754
11.81187	0.02955
12.05293	0.03124
12.29399	0.03238
12.53505	0.03282
12.77611	0.03248
13.01717	0.03140
13.25823	0.02970
13.49928	0.02759
13.74034	0.02510
13.98140	0.02277
14.22246	0.02087
14.46352	0.01957
14.70458	0.01895
14.94564	0.01897
15.18670	0.01949
15.42775	0.02031
15.66881	0.02128
15.90987	0.02213
16.15093	0.02266
16.39199	0.02278
16.63305	0.02243
16.87411	0.02165
17.11516	0.02055
17.35622	0.01924
17.59728	0.01786
17.83834	0.01658
18.07940	0.01553
18.32046	0.01476
18.56152	0.01428
18.80258	0.01406
19.04363	0.01401
19.28469	0.01401
19.52575	0.01388
19.76681	0.01362
20.00787	0.01318
20.24893	0.01253
20.48999	0.01169
20.73104	0.01069
20.97210	0.00959
21.21316	0.00844
21.45422	0.00726
21.69528	0.00591
21.93634	0.00467
22.17740	0.00378
22.41845	0.00339
22.65951	0.00356
22.90057	0.00423
23.14163	0.00521
23.38269	0.00632
23.62375	0.00749
23.86481	0.00870
24.10587	0.00993
24.34692	0.01118
24.58798	0.01243
24.82904	0.01369
25.07010	0.01497
25.31116	0.01633
25.55222	0.01776
25.79328	0.01929
26.03433	0.02091
26.27539	0.02263
26.51645	0.02444
26.75751	0.02631
26.99857	0.02822
27.23963	0.03016
27.48069	0.03210
27.72175	0.03402
27.96280	0.03590
28.20386	0.03772
28.44492	0.03945
28.68598	0.04109
28.92704	0.04265
29.16810	0.04419
29.40916	0.04579
29.65021	0.04754
29.89127	0.04957
30.13233	0.05197
30.37339	0.05478
30.61445	0.05800
30.85551	0.06154
31.09657	0.06530
31.33763	0.06903
31.57868	0.07252
31.81974	0.07558
32.06080	0.07809
32.30186	0.08001
32.54292	0.08137
32.78398	0.08227
33.02504	0.08269
33.26609	0.08297
33.50715	0.08331
33.74821	0.08386
33.98927	0.08476
34.23033	0.08605
34.47139	0.08773
34.71245	0.08980
34.95350	0.09219
35.19456	0.09488
35.43562	0.09785
35.67668	0.10112
35.91774	0.10478
36.15880	0.10899
36.39986	0.11397
36.64092	0.11998
36.88197	0.12726
37.12303	0.13605
37.36409	0.14645
37.60515	0.15839
37.84621	0.17161
38.08727	0.18567
38.32833	0.19995
38.56938	0.21374
38.81044	0.22633
39.05150	0.23706
39.29256	0.24547
39.53362	0.25131
39.77468	0.25460
40.01574	0.25560
40.25680	0.25477
40.49785	0.25270
40.73891	0.24998
40.97997	0.24722
41.22103	0.24492
41.46209	0.24341
41.70315	0.24291
41.94421	0.24346
42.18526	0.24507
42.42632	0.24766
42.66738	0.25120
42.90844	0.25565
43.14950	0.26107
43.39056	0.26751
43.63162	0.27502
43.87268	0.28359
44.11373	0.29308
44.35479	0.30320
44.59585	0.31353
44.83691	0.32347
45.07797	0.33237
45.31903	0.33960
45.56009	0.34465
45.80114	0.34718
46.04220	0.34713
46.28326	0.34469
46.52432	0.34033
46.76538	0.33466
47.00644	0.32841
47.24750	0.32229
47.48855	0.31691
47.72961	0.31275
47.97067	0.31008
48.21173	0.30899
48.45279	0.30947
48.69385	0.31142
48.93491	0.31474
49.17597	0.31941
49.41702	0.32552
49.65808	0.33327
49.89914	0.34294
50.14020	0.35481
50.38126	0.36911
50.62232	0.38590
50.86338	0.40502
51.10443	0.42606
51.34549	0.44834
51.58655	0.47100
51.82761	0.49309
52.06867	0.51366
52.30973	0.53193
52.55079	0.54733
52.79185	0.55962
53.03290	0.56881
53.27396	0.57522
53.51502	0.57931
53.75608	0.58165
53.99714	0.58279
54.23820	0.58320
54.47926	0.58325
54.72031	0.58320
54.96137	0.58326
55.20243	0.58362
55.44349	0.58456
55.68455	0.58647
55.92561	0.58990
56.16667	0.59547
56.40773	0.60388
56.64878	0.61569
56.88984	0.63131
57.13090	0.65077
57.37196	0.67372
57.61302	0.69937
57.85408	0.72654
58.09514	0.75384
58.33619	0.77978
58.57725	0.80305
58.81831	0.82266
59.05937	0.83811
59.30043	0.84943
59.54149	0.85712
59.78255	0.86203
60.02361	0.86516
60.26466	0.86743
60.50572	0.86953
60.74678	0.87176
60.98784	0.87404
61.22890	0.87596
61.46996	0.87700
61.71102	0.87666
61.95207	0.87471
62.19313	0.87136
62.43419	0.86722
62.67525	0.86337
62.91631	0.86112
63.15737	0.86182
63.39843	0.86663
63.63948	0.87628
63.88054	0.89092
64.12160	0.91009
64.36266	0.93274
64.60372	0.95745
64.84478	0.98260
65.08584	1.00665
65.32690	1.02832
65.56795	1.04677
65.80901	1.06161
66.05007	1.07289
66.29113	1.08095
66.53219	1.08626
66.77325	1.08922
67.01431	1.09005
67.25536	1.08870
67.49642	1.08489
67.73748	1.07816
67.97854	1.06803
68.21960	1.05419
68.46066	1.03658
68.70172	1.01556
68.94278	0.99190
69.18383	0.96670
69.42489	0.94131
69.66595	0.91713
69.90701	0.89548
70.14807	0.87739
70.38913	0.86351
70.63019	0.85406
70.87124	0.84890
71.11230	0.84756
71.35336	0.84947
71.59442	0.85402
71.83548	0.86077
72.07654	0.86946
72.31760	0.88008
72.55866	0.89275
72.79971	0.90762
73.04077	0.92476
73.28183	0.94394
73.52289	0.96460
73.76395	0.98580
74.00501	1.00628
74.24607	1.02459
74.48712	1.03931
74.72818	1.04922
74.96924	1.05351
75.21030	1.05195
75.45136	1.04488
75.69242	1.03322
75.93348	1.01837
76.17453	1.00201
76.41559	0.98591
76.65665	0.97175
76.89771	0.96096
77.13877	0.95462
77.37983	0.95342
77.62089	0.95766
77.86195	0.96739
78.10300	0.98247
78.34406	1.00267
78.58512	1.02782
78.82618	1.05784
79.06724	1.09268
79.30830	1.13231
79.54936	1.17657
79.79041	1.22500
80.03147	1.27675
80.27253	1.33048
80.51359	1.38433
80.75465	1.43610
80.99571	1.48344
81.23677	1.52412
81.47783	1.55634
81.71888	1.57903
81.95994	1.59197
82.20100	1.59588
82.44206	1.59229
82.68312	1.58331
82.92418	1.57131
83.16524	1.55860
83.40629	1.54710
83.64735	1.53817
83.88841	1.53253
84.12947	1.53035
84.37053	1.53144
84.61159	1.53553
84.85265	1.54252
85.09371	1.55265
85.33476	1.56663
85.57582	1.58556
85.81688	1.61069
86.05794	1.64319
86.29900	1.68375
86.54006	1.73232
86.78112	1.78789
87.02217	1.84844
87.26323	1.91115
87.50429	1.97263
87.74535	2.02940
87.98641	2.07834
88.22747	2.11713
88.46853	2.14453
88.70958	2.16053
88.95064	2.16621
89.19170	2.16351
89.43276	2.15481
89.67382	2.14251
89.91488	2.12861
90.15594	2.11445
90.39700	2.10065
90.63805	2.08718
90.87911	2.07361
91.12017	2.05951
91.36123	2.04476
91.60229	2.02984
91.84335	2.01597
92.08441	2.00505
92.32546	1.99943
92.56652	2.00152
92.80758	2.01337
93.04864	2.03620
93.28970	2.07017
93.53076	2.11418
93.77182	2.16600
94.01288	2.22254
94.25393	2.28030
94.49499	2.33585
94.73605	2.38635
94.97711	2.42988
95.21817	2.46561
95.45923	2.49370
95.70029	2.51511
95.94134	2.53117
96.18240	2.54313
96.42346	2.55185
96.66452	2.55748
96.90558	2.55947
97.14664	2.55671
97.38770	2.54788
97.62876	2.53182
97.86981	2.50802
98.11087	2.47687
98.35193	2.43985
98.59299	2.39943
98.83405	2.35886
99.07511	2.32173
99.31617	2.29142
99.55722	2.27072
99.79828	2.26137
100.03934	2.26390
100.28040	2.27768
100.52146	2.30106
100.76252	2.33179
101.00358	2.36739
101.24464	2.40564
101.48569	2.44482
101.72675	2.48392
101.96781	2.52257
102.20887	2.56086
102.44993	2.59901
102.69099	2.63702
102.93205	2.67440
103.17310	2.70994
103.41416	2.74174
103.65522	2.76745
103.89628	2.78455
104.13734	2.79084
104.37840	2.78487
104.61946	2.76627
104.86051	2.73592
105.10157	2.69593
105.34263	2.64936
105.58369	2.59985
105.82475	2.55110
106.06581	2.50642
106.30687	2.46833
106.54793	2.43838
106.78898	2.41708
107.03004	2.40411
107.27110	2.39861
107.51216	2.39955
107.75322	2.40606
107.99428	2.41771
108.23534	2.43457
108.47639	2.45719
108.71745	2.48632
108.95851	2.52262
109.19957	2.56627
109.44063	2.61671
109.68169	2.67240
109.92275	2.73086
110.16381	2.78881
110.40486	2.84259
110.64592	2.88855
110.88698	2.92360
111.12804	2.94558
111.36910	2.95360
111.61016	2.94815
111.85122	2.93092
112.09227	2.90459
112.33333	2.87229
112.57439	2.83719
112.81545	2.80199
113.05651	2.76867
113.29757	2.73829
113.53863	2.71115
113.77969	2.68695
114.02074	2.66525
114.26180	2.64579
114.50286	2.62885
114.74392	2.61536
114.98498	2.60690
115.22604	2.60542
115.46710	2.61287
115.70815	2.63069
115.94921	2.65943
116.19027	2.69841
116.43133	2.74568
116.67239	2.79816
116.91345	2.85202
117.15451	2.90323
117.39556	2.94813
117.63662	2.98393
117.87768	3.00904
118.11874	3.02325
118.35980	3.02750
118.60086	3.02361
118.84192	3.01379
119.08298	3.00014
119.32403	2.98425
119.56509	2.96694
119.80615	2.94822
120.04721	2.92750
120.28827	2.90386
120.52933	2.87656
120.77039	2.84536
121.01144	2.81094
121.25250	2.77491
121.49356	2.73978
121.73462	2.70864
121.97568	2.68471
122.21674	2.67081
122.45780	2.66886
122.69886	2.67956
122.93991	2.70223
123.18097	2.73493
123.42203	2.77477
123.66309	2.81839
123.90415	2.86251
124.14521	2.90440
124.38627	2.94223
124.62732	2.97519
124.86838	3.00336
125.10944	3.02747
125.35050	3.04842
125.59156	3.06689
125.83262	3.08298
126.07368	3.09604
126.31474	3.10472
126.55579	3.10720
126.79685	3.10157
127.03791	3.08633
127.27897	3.06077
127.52003	3.02533
127.76109	2.98163
128.00215	2.93246
128.24320	2.88135
128.48426	2.83220
128.72532	2.78871
128.96638	2.75386
129.20744	2.72960
129.44850	2.71657
129.68956	2.71421
129.93061	2.72090
130.17167	2.73440
130.41273	2.75228
130.65379	2.77234
130.89485	2.79300
131.13591	2.81339
131.37697	2.83340
131.61803	2.85343
131.85908	2.87404
132.10014	2.89560
132.34120	2.91795
132.58226	2.94021
132.82332	2.96074
133.06438	2.97735
133.30544	2.98761
133.54649	2.98935
133.78755	2.98105
134.02861	2.96218
134.26967	2.93336
134.51073	2.89635
134.75179	2.85381
134.99285	2.80890
135.23391	2.76482
135.47496	2.72432
135.71602	2.68939
135.95708	2.66108
136.19814	2.63948
136.43920	2.62391
136.68026	2.61323
136.92132	2.60622
137.16237	2.60189
137.40343	2.59977
137.64449	2.59998
137.88555	2.60317
138.12661	2.61031
138.36767	2.62234
138.60873	2.63988
138.84979	2.66288
139.09084	2.69046
139.33190	2.72089
139.57296	2.75176
139.81402	2.78029
140.05508	2.80371
140.29614	2.81974
140.53720	2.82689
140.77825	2.82468
141.01931	2.81369
141.26037	2.79542
141.50143	2.77195
141.74249	2.74558
141.98355	2.71841
142.22461	2.69205
142.46566	2.66742
142.70672	2.64475
142.94778	2.62371
143.18884	2.60373
143.42990	2.58428
143.67096	2.56522
143.91202	2.54695
144.15308	2.53053
144.39413	2.51753
144.63519	2.50976
144.87625	2.50899
145.11731	2.51651
145.35837	2.53283
145.59943	2.55749
145.84049	2.58904
146.08154	2.62515
146.32260	2.66301
146.56366	2.69965
146.80472	2.73242
147.04578	2.75933
147.28684	2.77932
147.52790	2.79230
147.76896	2.79900
148.01001	2.80075
148.25107	2.79908
148.49213	2.79537
148.73319	2.79051
148.97425	2.78475
149.21531	2.77770
149.45637	2.76849
149.69742	2.75607
149.93848	2.73956
150.17954	2.71858
150.42060	2.69350
150.66166	2.66550
150.90272	2.63650
151.14378	2.60891
151.38484	2.58523
151.62589	2.56767
151.86695	2.55775
152.10801	2.55608
152.34907	2.56224
152.59013	2.57487
152.83119	2.59196
153.07225	2.61115
153.31330	2.63018
153.55436	2.64725
153.79542	2.66125
154.03648	2.67188
154.27754	2.67955
154.51860	2.68515
154.75966	2.68977
155.00072	2.69429
155.24177	2.69914
155.48283	2.70413
155.72389	2.70841
155.96495	2.71065
156.20601	2.70930
156.44707	2.70296
156.68813	2.69073
156.92918	2.67248
157.17024	2.64894
157.41130	2.62169
157.65236	2.59291
157.89342	2.56508
158.13448	2.54056
158.37554	2.52126
158.61659	2.50833
158.85765	2.50207
159.09871	2.50192
159.33977	2.50671
159.58083	2.51491
159.82189	2.52494
160.06295	2.53552
160.30401	2.54585
160.54506	2.55567
160.78612	2.56527
161.02718	2.57526
161.26824	2.58638
161.50930	2.59918
161.75036	2.61384
161.99142	2.63002
162.23247	2.64684
162.47353	2.66302
162.71459	2.67706
162.95565	2.68750
163.19671	2.69327
163.43777	2.69387
163.67883	2.68950
163.91989	2.68110
164.16094	2.67017
164.40200	2.65854
164.64306	2.64805
164.88412	2.64022
165.12518	2.63604
165.36624	2.63580
165.60730	2.63909
165.84835	2.64500
166.08941	2.65234
166.33047	2.65998
166.57153	2.66713
166.81259	2.67352
167.05365	2.67950
167.29471	2.68592
167.53577	2.69390
167.77682	2.70454
168.01788	2.71861
168.25894	2.73624
168.50000	2.75682
168.74106	2.77901
168.98212	2.80093
169.22318	2.82043
169.46423	2.83549
169.70529	2.84458
169.94635	2.84690
170.18741	2.84257
170.42847	2.83255
170.66953	2.81850
170.91059	2.80247
171.15164	2.78652
171.39270	2.77241
171.63376	2.76125
171.87482	2.75345
172.11588	2.74865
172.35694	2.74590
172.59800	2.74394
172.83906	2.74154
173.08011	2.73776
173.32117	2.73224
173.56223	2.72527
173.80329	2.71776
174.04435	2.71105
174.28541	2.70663
174.52647	2.70576
174.76752	2.70921
175.00858	2.71705
175.24964	2.72854
175.49070	2.74225
175.73176	2.75629
175.97282	2.76864
176.21388	2.77749
176.45494	2.78158
176.69599	2.78038
176.93705	2.77418
177.17811	2.76395
177.41917	2.75116
177.66023	2.73742
177.90129	2.72418
178.14235	2.71246
178.38340	2.70268
178.62446	2.69465
178.86552	2.68770
179.10658	2.68086
179.34764	2.67322
179.58870	2.66415
179.82976	2.65350
180.07082	2.64174
180.31187	2.62985
180.55293	2.61918
180.79399	2.61118
181.03505	2.60712
181.27611	2.60776
181.51717	2.61327
181.75823	2.62306
181.99928	2.63597
182.24034	2.65037
182.48140	2.66453
182.72246	2.67685
182.96352	2.68619
183.20458	2.69199
183.44564	2.69434
183.68669	2.69393
183.92775	2.69182
184.16881	2.68920
184.40987	2.68712
184.65093	2.68627
184.89199	2.68686
185.13305	2.68857
185.37411	2.69068
185.61516	2.69225
185.85622	2.69240
186.09728	2.69052
186.33834	2.68647
186.57940	2.68067
186.82046	2.67408
187.06152	2.66799
187.30257	2.66386
187.54363	2.66295
187.78469	2.66614
188.02575	2.67370
188.26681	2.68523
188.50787	2.69972
188.74893	2.71572
188.98999	2.73165
189.23104	2.74603
189.47210	2.75780
189.71316	2.76647
189.95422	2.77218
190.19528	2.77559
190.43634	2.77774
190.67740	2.77972
190.91845	2.78246
191.15951	2.78644
191.40057	2.79160
191.64163	2.79731
191.88269	2.80252
192.12375	2.80599
192.36481	2.80655
192.60587	2.80340
192.84692	2.79630
193.08798	2.78571
193.32904	2.77270
193.57010	2.75884
193.81116	2.74590
194.05222	2.73559
194.29328	2.72921
194.53433	2.72748
194.77539	2.73039
195.01645	2.73724
195.25751	2.74680
195.49857	2.75759
195.73963	2.76809
195.98069	2.77711
196.22174	2.78391
196.46280	2.78836
196.70386	2.79086
196.94492	2.79221
197.18598	2.79336
197.42704	2.79517
197.66810	2.79817
197.90916	2.80241
198.15021	2.80742
198.39127	2.81232
198.63233	2.81598
198.87339	2.81731
199.11445	2.81546
199.35551	2.81009
199.59657	2.80145
199.83762	2.79037
200.07868	2.77816
200.31974	2.76640
200.56080	2.75663
200.80186	2.75010
201.04292	2.74760
201.28398	2.74928
201.52504	2.75471
201.76609	2.76299
202.00715	2.77293
202.24821	2.78334
202.48927	2.79323
202.73033	2.80201
202.97139	2.80960
203.21245	2.81634
203.45350	2.82293
203.69456	2.83017
203.93562	2.83873
204.17668	2.84897
204.41774	2.86076
204.65880	2.87344
204.89986	2.88590
205.14092	2.89678
205.38197	2.90468
205.62303	2.90845
205.86409	2.90741
206.10515	2.90153
206.34621	2.89142
206.58727	2.87827
206.82833	2.86365
207.06938	2.84924
207.31044	2.83654
207.55150	2.82663
207.79256	2.82002
208.03362	2.81662
208.27468	2.81578
208.51574	2.81654
208.75680	2.81784
208.99785	2.81879
209.23891	2.81885
209.47997	2.81799
209.72103	2.81663
209.96209	2.81556
210.20315	2.81570
210.44421	2.81788
210.68526	2.82256
210.92632	2.82972
211.16738	2.83876
211.40844	2.84857
211.64950	2.85774
211.89056	2.86475
212.13162	2.86830
212.37267	2.86751
212.61373	2.86212
212.85479	2.85246
213.09585	2.83947
213.33691	2.82444
213.57797	2.80878
213.81903	2.79380
214.06009	2.78046
214.30114	2.76921
214.54220	2.76001
214.78326	2.75239
215.02432	2.74564
215.26538	2.73900
215.50644	2.73190
215.74750	2.72416
215.98855	2.71603
216.22961	2.70820
216.47067	2.70167
216.71173	2.69754
216.95279	2.69677
217.19385	2.69996
217.43491	2.70719
217.67597	2.71791
217.91702	2.73107
218.15808	2.74517
218.39914	2.75858
218.64020	2.76980
218.88126	2.77765
219.12232	2.78152
219.36338	2.78139
219.60443	2.77784
219.84549	2.77181
220.08655	2.76448
220.32761	2.75693
220.56867	2.74997
220.80973	2.74396
221.05079	2.73880
221.29185	2.73400
221.53290	2.72881
221.77396	2.72248
222.01502	2.71449
222.25608	2.70471
222.49714	2.69350
222.73820	2.68169
222.97926	2.67051
223.22031	2.66130
223.46137	2.65534
223.70243	2.65357
223.94349	2.65642
224.18455	2.66371
224.42561	2.67470
224.66667	2.68817
224.90772	2.70268
225.14878	2.71679
225.38984	2.72930
225.63090	2.73943
225.87196	2.74690
226.11302	2.75192
226.35408	2.75510
226.59514	2.75721
226.83619	2.75899
227.07725	2.76097
227.31831	2.76327
227.55937	2.76561
227.80043	2.76733
228.04149	2.76755
228.28255	2.76537
228.52360	2.76011
228.76466	2.75147
229.00572	2.73971
229.24678	2.72560
229.48784	2.71035
229.72890	2.69547
229.96996	2.68244
230.21102	2.67252
230.45207	2.66652
230.69313	2.66468
230.93419	2.66666
231.17525	2.67163
231.41631	2.67842
231.65737	2.68583
231.89843	2.69281
232.13948	2.69862
232.38054	2.70300
232.62160	2.70610
232.86266	2.70837
233.10372	2.71044
233.34478	2.71283
233.58584	2.71581
233.82690	2.71929
234.06795	2.72272
234.30901	2.72522
234.55007	2.72574
234.79113	2.72321
235.03219	2.71681
235.27325	2.70616
235.51431	2.69140
235.75536	2.67322
235.99642	2.65278
236.23748	2.63151
236.47854	2.61095
236.71960	2.59245
236.96066	2.57704
237.20172	2.56527
237.44277	2.55718
237.68383	2.55238
237.92489	2.55016
238.16595	2.54969
238.40701	2.55019
238.64807	2.55110
238.88913	2.55218
239.13019	2.55350
239.37124	2.55540
239.61230	2.55832
239.85336	2.56268
240.09442	2.56866
240.33548	2.57613
240.57654	2.58458
240.81760	2.59316
241.05865	2.60081
241.29971	2.60641
241.54077	2.60903
241.78183	2.60805
242.02289	2.60330
242.26395	2.59512
242.50501	2.58423
242.74607	2.57169
242.98712	2.55863
243.22818	2.54611
243.46924	2.53489
243.71030	2.52541
243.95136	2.51771
244.19242	2.51151
244.43348	2.50635
244.67453	2.50172
244.91559	2.49726
245.15665	2.49286
245.39771	2.48871
245.63877	2.48529
245.87983	2.48327
246.12089	2.48336
246.36195	2.48615
246.60300	2.49195
246.84406	2.50069
247.08512	2.51189
247.32618	2.52466
247.56724	2.53786
247.80830	2.55024
248.04936	2.56063
248.29041	2.56811
248.53147	2.57214
248.77253	2.57261
249.01359	2.56982
249.25465	2.56439
249.49571	2.55712
249.73677	2.54878
249.97783	2.54004
250.21888	2.53126
250.45994	2.52255
250.70100	2.51373
250.94206	2.50446
251.18312	2.49436
251.42418	2.48319
251.66524	2.47092
251.90629	2.45786
252.14735	2.44461
252.38841	2.43202
252.62947	2.42103
252.87053	2.41254
253.11159	2.40720
253.35265	2.40531
253.59370	2.40672
253.83476	2.41087
254.07582	2.41683
254.31688	2.42347
254.55794	2.42966
254.79900	2.43438
255.04006	2.43693
255.28112	2.43697
255.52217	2.43457
255.76323	2.43010
256.00429	2.42411
256.24535	2.41721
256.48641	2.40992
256.72747	2.40253
256.96853	2.39506
257.20958	2.38730
257.45064	2.37887
257.69170	2.36935
257.93276	2.35840
258.17382	2.34590
258.41488	2.33205
258.65594	2.31733
258.89700	2.30249
259.13805	2.28845
259.37911	2.27613
259.62017	2.26632
259.86123	2.25957
260.10229	2.25607
260.34335	2.25565
260.58441	2.25783
260.82546	2.26191
261.06652	2.26709
261.30758	2.27259
261.54864	2.27783
261.78970	2.28242
262.03076	2.28621
262.27182	2.28929
262.51288	2.29181
262.75393	2.29399
262.99499	2.29592
263.23605	2.29753
263.47711	2.29857
263.71817	2.29862
263.95923	2.29715
264.20029	2.29369
264.44134	2.28789
264.68240	2.27964
264.92346	2.26914
265.16452	2.25689
265.40558	2.24364
265.64664	2.23029
265.88770	2.21775
266.12875	2.20682
266.36981	2.19805
266.61087	2.19170
266.85193	2.18773
267.09299	2.18580
267.33405	2.18543
267.57511	2.18604
267.81617	2.18711
268.05722	2.18825
268.29828	2.18929
268.53934	2.19022
268.78040	2.19121
269.02146	2.19250
269.26252	2.19431
269.50358	2.19674
269.74463	2.19967
269.98569	2.20278
270.22675	2.20556
270.46781	2.20732
270.70887	2.20740
270.94993	2.20520
271.19099	2.20035
271.43205	2.19275
271.67310	2.18264
271.91416	2.17054
272.15522	2.15719
272.39628	2.14340
272.63734	2.12997
272.87840	2.11751
273.11946	2.10641
273.36051	2.09681
273.60157	2.08858
273.84263	2.08145
274.08369	2.07508
274.32475	2.06917
274.56581	2.06354
274.80687	2.05821
275.04793	2.05335
275.28898	2.04928
275.53004	2.04634
275.77110	2.04485
276.01216	2.04495
276.25322	2.04660
276.49428	2.04948
276.73534	2.05309
276.97639	2.05674
277.21745	2.05972
277.45851	2.06135
277.69957	2.06113
277.94063	2.05880
278.18169	2.05439
278.42275	2.04817
278.66380	2.04060
278.90486	2.03227
279.14592	2.02374
279.38698	2.01547
279.62804	2.00774
279.86910	2.00064
280.11016	1.99406
280.35122	1.98779
280.59227	1.98159
280.83333	1.97526
281.07439	1.96877
281.31545	1.96230
281.55651	1.95620
281.79757	1.95097
282.03863	1.94719
282.27968	1.94537
282.52074	1.94588
282.76180	1.94888
283.00286	1.95420
283.24392	1.96144
283.48498	1.96994
283.72604	1.97895
283.96710	1.98768
284.20815	1.99543
284.44921	2.00172
284.69027	2.00631
284.93133	2.00918
285.17239	2.01057
285.41345	2.01081
285.65451	2.01028
285.89556	2.00927
286.13662	2.00798
286.37768	2.00641
286.61874	2.00439
286.85980	2.00168
287.10086	1.99799
287.34192	1.99313
287.58298	1.98705
287.82403	1.97988
288.06509	1.97201
288.30615	1.96395
288.54721	1.95636
288.78827	1.94989
289.02933	1.94507
289.27039	1.94227
289.51144	1.94161
289.75250	1.94295
289.99356	1.94593
290.23462	1.95002
290.47568	1.95465
290.71674	1.95924
290.95780	1.96334
291.19885	1.96664
291.43991	1.96903
291.68097	1.97054
291.92203	1.97130
292.16309	1.97149
292.40415	1.97120
292.64521	1.97046
292.88627	1.96915
293.12732	1.96703
293.36838	1.96378
293.60944	1.95910
293.85050	1.95274
294.09156	1.94465
294.33262	1.93498
294.57368	1.92409
294.81473	1.91257
295.05579	1.90109
295.29685	1.89035
295.53791	1.88099
295.77897	1.87344
296.02003	1.86794
296.26109	1.86445
296.50215	1.86274
296.74320	1.86244
296.98426	1.86310
297.22532	1.86434
297.46638	1.86584
297.70744	1.86747
297.94850	1.86925
298.18956	1.87130
298.43061	1.87382
298.67167	1.87698
298.91273	1.88085
299.15379	1.88539
299.39485	1.89032
299.63591	1.89527
299.87697	1.89971
300.11803	1.90310
300.35908	1.90495
300.60014	1.90494
300.84120	1.90294
301.08226	1.89907
301.32332	1.89370
301.56438	1.88738
301.80544	1.88077
302.04649	1.87452
302.28755	1.86919
302.52861	1.86520
302.76967	1.86272
303.01073	1.86173
303.25179	1.86203
303.49285	1.86330
303.73391	1.86521
303.97496	1.86751
304.21602	1.87006
304.45708	1.87285
304.69814	1.87604
304.93920	1.87986
305.18026	1.88456
305.42132	1.89030
305.66237	1.89713
305.90343	1.90488
306.14449	1.91323
306.38555	1.92167
306.62661	1.92963
306.86767	1.93656
307.10873	1.94198
307.34978	1.94561
307.59084	1.94737
307.83190	1.94742
308.07296	1.94608
308.31402	1.94379
308.55508	1.94100
308.79614	1.93811
309.03720	1.93541
309.27825	1.93304
309.51931	1.93097
309.76037	1.92909
310.00143	1.92724
310.24249	1.92528
310.48355	1.92315
310.72461	1.92093
310.96566	1.91882
311.20672	1.91712
311.44778	1.91620
311.68884	1.91642
311.92990	1.91804
312.17096	1.92118
312.41202	1.92578
312.65308	1.93155
312.89413	1.93807
313.13519	1.94476
313.37625	1.95103
313.61731	1.95634
313.85837	1.96027
314.09943	1.96258
314.34049	1.96325
314.58154	1.96243
314.82260	1.96043
315.06366	1.95761
315.30472	1.95432
315.54578	1.95082
315.78684	1.94722
316.02790	1.94352
316.26896	1.93960
316.51001	1.93528
316.75107	1.93041
316.99213	1.92496
317.23319	1.91904
317.47425	1.91291
317.71531	1.90700
317.95637	1.90179
318.19742	1.89779
318.43848	1.89538
318.67954	1.89483
318.92060	1.89615
319.16166	1.89915
319.40272	1.90349
319.64378	1.90865
319.88483	1.91412
320.12589	1.91941
320.36695	1.92413
320.60801	1.92806
320.84907	1.93112
321.09013	1.93338
321.33119	1.93497
321.57225	1.93608
321.81330	1.93683
322.05436	1.93729
322.29542	1.93741
322.53648	1.93702
322.77754	1.93590
323.01860	1.93383
323.25966	1.93061
323.50071	1.92618
323.74177	1.92062
323.98283	1.91418
324.22389	1.90729
324.46495	1.90047
324.70601	1.89428
324.94707	1.88922
325.18813	1.88566
325.42918	1.88380
325.67024	1.88361
325.91130	1.88489
326.15236	1.88727
326.39342	1.89035
326.63448	1.89369
326.87554	1.89699
327.11659	1.90004
327.35765	1.90279
327.59871	1.90529
327.83977	1.90768
328.08083	1.91009
328.32189	1.91258
328.56295	1.91509
328.80401	1.91742
329.04506	1.91927
329.28612	1.92025
329.52718	1.91997
329.76824	1.91812
330.00930	1.91455
330.25036	1.90927
330.49142	1.90254
330.73247	1.89474
330.97353	1.88640
331.21459	1.87809
331.45565	1.87030
331.69671	1.86344
331.93777	1.85773
332.17883	1.85319
332.41988	1.84971
332.66094	1.84705
332.90200	1.84492
333.14306	1.84305
333.38412	1.84124
333.62518	1.83943
333.86624	1.83767
334.10730	1.83608
334.34835	1.83487
334.58941	1.83420
334.83047	1.83416
335.07153	1.83474
335.31259	1.83577
335.55365	1.83693
335.79471	1.83784
336.03576	1.83804
336.27682	1.83716
336.51788	1.83490
336.75894	1.83114
337.00000	1.82596
337.24106	1.81961
337.48212	1.81247
337.72318	1.80499
337.96423	1.79765
338.20529	1.79080
338.44635	1.78469
338.68741	1.77938
338.92847	1.77481
339.16953	1.77075
339.41059	1.76697
339.65164	1.76322
339.89270	1.75933
340.13376	1.75525
340.37482	1.75107
340.61588	1.74699
340.85694	1.74328
341.09800	1.74023
341.33906	1.73806
341.58011	1.73687
341.82117	1.73663
342.06223	1.73714
342.30329	1.73809
342.54435	1.73910
342.78541	1.73977
343.02647	1.73976
343.26752	1.73884
343.50858	1.73694
343.74964	1.73411
343.99070	1.73053
344.23176	1.72644
344.47282	1.72210
344.71388	1.71772
344.95493	1.71343
345.19599	1.70924
345.43705	1.70509
345.67811	1.70085
345.91917	1.69637
346.16023	1.69151
346.40129	1.68625
346.64235	1.68064
346.88340	1.67484
347.12446	1.66908
347.36552	1.66364
347.60658	1.65879
347.84764	1.65471
348.08870	1.65148
348.32976	1.64906
348.57081	1.64728
348.81187	1.64586
349.05293	1.64449
349.29399	1.64287
349.53505	1.64074
349.77611	1.63794
350.01717	1.63445
350.25823	1.63033
350.49928	1.62575
350.74034	1.62090
350.98140	1.61595
351.22246	1.61104
351.46352	1.60621
351.70458	1.60141
351.94564	1.59650
352.18669	1.59131
352.42775	1.58567
352.66881	1.57946
352.90987	1.57264
353.15093	1.56532
353.39199	1.55768
353.63305	1.55001
353.87411	1.54266
354.11516	1.53594
354.35622	1.53012
354.59728	1.52536
354.83834	1.52168
355.07940	1.51898
355.32046	1.51707
355.56152	1.51566
355.80257	1.51447
356.04363	1.51324
356.28469	1.51178
356.52575	1.51001
356.76681	1.50792
357.00787	1.50559
357.24893	1.50313
357.48999	1.50067
357.73104	1.49828
357.97210	1.49597
358.21316	1.49366
358.45422	1.49121
358.69528	1.48840
358.93634	1.48501
359.17740	1.48087
359.41845	1.47586
359.65951	1.46998
359.90057	1.46335
360.14163	1.45619
360.38269	1.44879
360.62375	1.44149
360.86481	1.43458
361.10586	1.42828
361.34692	1.42271
361.58798	1.41787
361.82904	1.41365
362.07010	1.40988
362.31116	1.40632
362.55222	1.40278
362.79328	1.39911
363.03433	1.39523
363.27539	1.39114
363.51645	1.38692
363.75751	1.38268
363.99857	1.37851
364.23963	1.37448
364.48069	1.37058
364.72174	1.36672
364.96280	1.36275
365.20386	1.35846
365.44492	1.35364
365.68598	1.34812
365.92704	1.34177
366.16810	1.33457
366.40916	1.32659
366.65021	1.31796
366.89127	1.30889
367.13233	1.29958
367.37339	1.29022
367.61445	1.28097
367.85551	1.27187
368.09657	1.26294
368.33762	1.25411
368.57868	1.24526
368.81974	1.23629
369.06080	1.22709
369.30186	1.21760
369.54292	1.20783
369.78398	1.19780
370.02504	1.18759
370.26609	1.17729
370.50715	1.16699
370.74821	1.15672
370.98927	1.14646
371.23033	1.13616
371.47139	1.12568
371.71245	1.11487
371.95350	1.10356
372.19456	1.09162
372.43562	1.07893
372.67668	1.06545
372.91774	1.05122
373.15880	1.03632
373.39986	1.02089
373.64091	1.00509
373.88197	0.98908
374.12303	0.97301
374.36409	0.95692
374.60515	0.94090
374.84621	0.92493
375.08727	0.90899
375.32833	0.89302
375.56938	0.87701
375.81044	0.86095
376.05150	0.84489
376.29256	0.82887
376.53362	0.81307
376.77468	0.79764
377.01574	0.78273
377.25679	0.76848
377.49785	0.75498
377.73891	0.74229
377.97997	0.73040
378.22103	0.71923
378.46209	0.70880
378.70315	0.69905
378.94421	0.68997
379.18526	0.68156
379.42632	0.67385
379.66738	0.66694
379.90844	0.66093
380.14950	0.65592
380.39056	0.65206
380.63162	0.64945
380.87267	0.64816
381.11373	0.64818
381.35479	0.64948
381.59585	0.65199
381.83691	0.65563
382.07797	0.66029
382.31903	0.66590
382.56009	0.67242
382.80114	0.67983
383.04220	0.68816
383.28326	0.69742
383.52432	0.70763
383.76538	0.71879
384.00644	0.73079
384.24750	0.74360
384.48855	0.75707
384.72961	0.77104
384.97067	0.78531
385.21173	0.79971
385.45279	0.81407
385.69385	0.82826
385.93491	0.84215
386.17596	0.85576
386.41702	0.86909
386.65808	0.88216
386.89914	0.89498
387.14020	0.90755
387.38126	0.91985
387.62232	0.93183
387.86338	0.94342
388.10443	0.95457
388.34549	0.96522
388.58655	0.97535
388.82761	0.98498
389.06867	0.99419
389.30973	1.00309
389.55079	1.01183
389.79184	1.02057
390.03290	1.02948
390.27396	1.03867
390.51502	1.04822
390.75608	1.05814
390.99714	1.06839
391.23820	1.07887
391.47926	1.08946
391.72031	1.10003
391.96137	1.11047
392.20243	1.12068
392.44349	1.13065
392.68455	1.14036
392.92561	1.14984
393.16667	1.15916
393.40772	1.16834
393.64878	1.17742
393.88984	1.18637
394.13090	1.19515
394.37196	1.20370
394.61302	1.21191
394.85408	1.21973
395.09514	1.22709
395.33619	1.23400
395.57725	1.24051
395.81831	1.24672
396.05937	1.25278
396.30043	1.25886
396.54149	1.26509
396.78255	1.27162
397.02360	1.27851
397.26466	1.28578
397.50572	1.29338
397.74678	1.30121
397.98784	1.30915
398.22890	1.31708
398.46996	1.32488
398.71102	1.33249
398.95207	1.33989
399.19313	1.34709
399.43419	1.35414
399.67525	1.36111
399.91631	1.36804
400.15737	1.37493
400.39843	1.38175
400.63948	1.38841
400.88054	1.39478
401.12160	1.40070
401.36266	1.40602
401.60372	1.41062
401.84478	1.41443
402.08584	1.41744
402.32689	1.41973
402.56795	1.42143
402.80901	1.42272
403.05007	1.42378
403.29113	1.42478
403.53219	1.42586
403.77325	1.42709
404.01431	1.42849
404.25536	1.43001
404.49642	1.43159
404.73748	1.43314
404.97854	1.43459
405.21960	1.43590
405.46066	1.43708
405.70172	1.43819
405.94277	1.43931
406.18383	1.44053
406.42489	1.44194
406.66595	1.44357
406.90701	1.44542
407.14807	1.44741
407.38913	1.44941
407.63019	1.45126
407.87124	1.45278
408.11230	1.45382
408.35336	1.45426
408.59442	1.45406
408.83548	1.45325
409.07654	1.45193
409.31760	1.45024
409.55865	1.44835
409.79971	1.44642
410.04077	1.44456
410.28183	1.44286
410.52289	1.44132
410.76395	1.43991
411.00501	1.43854
411.24607	1.43713
411.48712	1.43560
411.72818	1.43392
411.96924	1.43211
412.21030	1.43023
412.45136	1.42838
412.69242	1.42668
412.93348	1.42522
413.17453	1.42407
413.41559	1.42324
413.65665	1.42265
413.89771	1.42221
414.13877	1.42174
414.37983	1.42110
414.62089	1.42011
414.86194	1.41869
415.10300	1.41677
415.34406	1.41437
415.58512	1.41154
415.82618	1.40839
416.06724	1.40502
416.30830	1.40154
416.54936	1.39799
416.79041	1.39441
417.03147	1.39076
417.27253	1.38699
417.51359	1.38302
417.75465	1.37879
417.99571	1.37425
418.23677	1.36939
418.47782	1.36426
418.71888	1.35894
418.95994	1.35355
419.20100	1.34823
419.44206	1.34309
419.68312	1.33824
419.92418	1.33372
420.16524	1.32951
420.40629	1.32554
420.64735	1.32171
420.88841	1.31787
421.12947	1.31389
421.37053	1.30964
421.61159	1.30502
421.85265	1.30001
422.09370	1.29461
422.33476	1.28885
422.57582	1.28279
422.81688	1.27649
423.05794	1.27000
423.29900	1.26331
423.54006	1.25639
423.78112	1.24919
424.02217	1.24162
424.26323	1.23360
424.50429	1.22505
424.74535	1.21594
424.98641	1.20628
425.22747	1.19612
425.46853	1.18555
425.70958	1.17469
425.95064	1.16366
426.19170	1.15260
426.43276	1.14160
426.67382	1.13077
426.91488	1.12015
427.15594	1.10979
427.39699	1.09969
427.63805	1.08986
427.87911	1.08030
428.12017	1.07101
428.36123	1.06200
428.60229	1.05326
428.84335	1.04481
429.08441	1.03664
429.32546	1.02873
429.56652	1.02105
429.80758	1.01354
430.04864	1.00612
430.28970	0.99871
430.53076	0.99121
430.77182	0.98354
431.01287	0.97561
431.25393	0.96739
431.49499	0.95885
431.73605	0.95001
431.97711	0.94091
432.21817	0.93163
432.45923	0.92224
432.70029	0.91284
432.94134	0.90350
433.18240	0.89427
433.42346	0.88519
433.66452	0.87627
433.90558	0.86751
434.14664	0.85889
434.38770	0.85043
434.62875	0.84217
434.86981	0.83414
435.11087	0.82641
435.35193	0.81908
435.59299	0.81223
435.83405	0.80594
436.07511	0.80029
436.31617	0.79532
436.55722	0.79108
436.79828	0.78755
437.03934	0.78473
437.28040	0.78259
437.52146	0.78113
437.76252	0.78033
438.00358	0.78023
438.24463	0.78086
438.48569	0.78229
438.72675	0.78457
438.96781	0.78774
439.20887	0.79184
439.44993	0.79686
439.69099	0.80276
439.93204	0.80944
440.17310	0.81681
440.41416	0.82475
440.65522	0.83312
440.89628	0.84182
441.13734	0.85073
441.37840	0.85977
441.61946	0.86887
441.86051	0.87796
442.10157	0.88703
442.34263	0.89605
442.58369	0.90497
442.82475	0.91374
443.06581	0.92227
443.30687	0.93048
443.54792	0.93825
443.78898	0.94547
444.03004	0.95207
444.27110	0.95798
444.51216	0.96316
444.75322	0.96762
444.99428	0.97140
445.23534	0.97454
445.47639	0.97713
445.71745	0.97924
445.95851	0.98095
446.19957	0.98232
446.44063	0.98337
446.68169	0.98414
446.92275	0.98462
447.16380	0.98484
447.40486	0.98479
447.64592	0.98451
447.88698	0.98404
448.12804	0.98344
448.36910	0.98279
448.61016	0.98216
448.85122	0.98161
449.09227	0.98121
449.33333	0.98096
449.57439	0.98088
449.81545	0.98091
450.05651	0.98100
450.29757	0.98107
450.53863	0.98104
450.77968	0.98083
451.02074	0.98039
451.26180	0.97969
451.50286	0.97874
451.74392	0.97757
451.98498	0.97623
452.22604	0.97477
452.46710	0.97325
452.70815	0.97168
452.94921	0.97009
453.19027	0.96846
453.43133	0.96674
453.67239	0.96491
453.91345	0.96291
454.15451	0.96072
454.39556	0.95834
454.63662	0.95580
454.87768	0.95316
455.11874	0.95047
455.35980	0.94783
455.60086	0.94530
455.84192	0.94293
456.08297	0.94074
456.32403	0.93872
456.56509	0.93685
456.80615	0.93509
457.04721	0.93338
457.28827	0.93169
457.52933	0.92998
457.77039	0.92823
458.01144	0.92645
458.25250	0.92465
458.49356	0.92283
458.73462	0.92100
458.97568	0.91916
459.21674	0.91728
459.45780	0.91536
459.69885	0.91333
459.93991	0.91118
460.18097	0.90886
460.42203	0.90635
460.66309	0.90364
460.90415	0.90076
461.14521	0.89774
461.38627	0.89464
461.62732	0.89151
461.86838	0.88842
462.10944	0.88544
462.35050	0.88261
462.59156	0.87996
462.83262	0.87749
463.07368	0.87519
463.31473	0.87301
463.55579	0.87090
463.79685	0.86882
464.03791	0.86671
464.27897	0.86455
464.52003	0.86230
464.76109	0.85997
465.00215	0.85757
465.24320	0.85510
465.48426	0.85258
465.72532	0.85003
465.96638	0.84744
466.20744	0.84482
466.44850	0.84216
466.68956	0.83944
466.93061	0.83665
467.17167	0.83380
467.41273	0.83090
467.65379	0.82797
467.89485	0.82505
468.13591	0.82219
468.37697	0.81943
468.61802	0.81682
468.85908	0.81437
469.10014	0.81210
469.34120	0.81000
469.58226	0.80805
469.82332	0.80622
470.06438	0.80448
470.30544	0.80279
470.54649	0.80112
470.78755	0.79946
471.02861	0.79781
471.26967	0.79619
471.51073	0.79460
471.75179	0.79305
471.99285	0.79157
472.23390	0.79015
472.47496	0.78877
472.71602	0.78742
472.95708	0.78606
473.19814	0.78465
473.43920	0.78318
473.68026	0.78162
473.92132	0.77998
474.16237	0.77827
474.40343	0.77652
474.64449	0.77477
474.88555	0.77308
475.12661	0.77149
475.36767	0.77004
475.60873	0.76876
475.84978	0.76766
476.09084	0.76673
476.33190	0.76596
476.57296	0.76532
476.81402	0.76478
477.05508	0.76432
477.29614	0.76390
477.53720	0.76352
477.77825	0.76316
478.01931	0.76282
478.26037	0.76249
478.50143	0.76217
478.74249	0.76186
478.98355	0.76154
479.22461	0.76119
479.46566	0.76080
479.70672	0.76034
479.94778	0.75981
480.18884	0.75917
480.42990	0.75844
480.67096	0.75760
480.91202	0.75667
481.15307	0.75567
481.39413	0.75461
481.63519	0.75351
481.87625	0.75239
482.11731	0.75125
482.35837	0.75010
482.59943	0.74894
482.84049	0.74777
483.08154	0.74657
483.32260	0.74535
483.56366	0.74412
483.80472	0.74289
484.04578	0.74169
484.28684	0.74055
484.52790	0.73950
484.76895	0.73857
485.01001	0.73778
485.25107	0.73713
485.49213	0.73662
485.73319	0.73620
485.97425	0.73585
486.21531	0.73551
486.45637	0.73513
486.69742	0.73467
486.93848	0.73410
487.17954	0.73342
487.42060	0.73263
487.66166	0.73177
487.90272	0.73086
488.14378	0.72997
488.38483	0.72911
488.62589	0.72833
488.86695	0.72763
489.10801	0.72703
489.34907	0.72650
489.59013	0.72602
489.83119	0.72558
490.07225	0.72516
490.31330	0.72474
490.55436	0.72434
490.79542	0.72397
491.03648	0.72368
491.27754	0.72349
491.51860	0.72345
491.75966	0.72360
492.00071	0.72395
492.24177	0.72451
492.48283	0.72528
492.72389	0.72621
492.96495	0.72727
493.20601	0.72841
493.44707	0.72957
493.68812	0.73071
493.92918	0.73180
494.17024	0.73282
494.41130	0.73376
494.65236	0.73464
494.89342	0.73547
495.13448	0.73625
495.37554	0.73701
495.61659	0.73773
495.85765	0.73840
496.09871	0.73900
496.33977	0.73950
496.58083	0.73988
496.82189	0.74013
497.06295	0.74026
497.30400	0.74027
497.54506	0.74020
497.78612	0.74010
498.02718	0.74000
498.26824	0.73995
498.50930	0.73997
498.75036	0.74006
498.99142	0.74022
499.23247	0.74040
499.47353	0.74058
499.71459	0.74070
499.95565	0.74073
500.19671	0.74061
500.43777	0.74032
500.67883	0.73985
500.91988	0.73920
501.16094	0.73835
501.40200	0.73731
501.64306	0.73608
501.88412	0.73464
502.12518	0.73296
502.36624	0.73102
502.60730	0.72876
502.84835	0.72614
503.08941	0.72313
503.33047	0.71967
503.57153	0.71575
503.81259	0.71136
504.05365	0.70654
504.29471	0.70133
504.53576	0.69583
504.77682	0.69014
505.01788	0.68442
505.25894	0.67885
505.50000	0.67361
505.74106	0.66895
505.98212	0.66510
506.22318	0.66229
506.46423	0.66072
506.70529	0.66057
506.94635	0.66194
507.18741	0.66488
507.42847	0.66939
507.66953	0.67535
507.91059	0.68262
508.15164	0.69097
508.39270	0.70014
508.63376	0.70985
508.87482	0.71979
509.11588	0.72969
509.35694	0.73928
509.59800	0.74840
509.83905	0.75692
510.08011	0.76476
510.32117	0.77190
510.56223	0.77836
510.80329	0.78421
511.04435	0.78953
511.28541	0.79441
511.52647	0.79892
511.76752	0.80314
512.00858	0.80711
512.24964	0.81086
512.49070	0.81439
512.73176	0.81770
512.97282	0.82079
513.21388	0.82364
513.45493	0.82628
513.69599	0.82871
513.93705	0.83095
514.17811	0.83303
514.41917	0.83499
514.66023	0.83683
514.90129	0.83855
515.14235	0.84014
515.38340	0.84157
515.62446	0.84281
515.86552	0.84381
516.10658	0.84454
516.34764	0.84499
516.58870	0.84514
516.82976	0.84503
517.07081	0.84468
517.31187	0.84414
517.55293	0.84345
517.79399	0.84267
518.03505	0.84181
518.27611	0.84090
518.51717	0.83995
518.75823	0.83894
518.99928	0.83789
519.24034	0.83678
519.48140	0.83562
519.72246	0.83443
519.96352	0.83326
520.20458	0.83212
520.44564	0.83107
520.68669	0.83013
520.92775	0.82933
521.16881	0.82868
521.40987	0.82817
521.65093	0.82776
521.89199	0.82741
522.13305	0.82708
522.37410	0.82673
522.61516	0.82633
522.85622	0.82585
523.09728	0.82529
523.33834	0.82465
523.57940	0.82396
523.82046	0.82322
524.06152	0.82246
524.30257	0.82168
524.54363	0.82087
524.78469	0.82002
525.02575	0.81912
525.26681	0.81813
525.50787	0.81706
525.74893	0.81591
525.98998	0.81469
526.23104	0.81343
526.47210	0.81218
526.71316	0.81099
526.95422	0.80991
527.19528	0.80898
527.43634	0.80824
527.67740	0.80771
527.91845	0.80737
528.15951	0.80721
528.40057	0.80719
528.64163	0.80728
528.88269	0.80742
529.12375	0.80758
529.36481	0.80773
529.60586	0.80784
529.84692	0.80792
530.08798	0.80796
530.32904	0.80799
530.57010	0.80802
530.81116	0.80803
531.05222	0.80804
531.29328	0.80800
531.53433	0.80790
531.77539	0.80770
532.01645	0.80736
532.25751	0.80684
532.49857	0.80613
532.73963	0.80523
532.98069	0.80416
533.22174	0.80294
533.46280	0.80162
533.70386	0.80023
533.94492	0.79882
534.18598	0.79741
534.42704	0.79601
534.66810	0.79463
534.90915	0.79327
535.15021	0.79190
535.39127	0.79050
535.63233	0.78906
535.87339	0.78757
536.11445	0.78602
536.35551	0.78442
536.59657	0.78278
536.83762	0.78111
537.07868	0.77943
537.31974	0.77772
537.56080	0.77598
537.80186	0.77418
538.04292	0.77230
538.28398	0.77028
538.52503	0.76811
538.76609	0.76576
539.00715	0.76323
539.24821	0.76054
539.48927	0.75774
539.73033	0.75488
539.97139	0.75204
540.21245	0.74929
540.45350	0.74669
540.69456	0.74430
540.93562	0.74215
541.17668	0.74026
541.41774	0.73863
541.65880	0.73725
541.89986	0.73613
542.14091	0.73525
542.38197	0.73461
542.62303	0.73421
542.86409	0.73405
543.10515	0.73414
543.34621	0.73449
543.58727	0.73507
543.82833	0.73586
544.06938	0.73683
544.31044	0.73793
544.55150	0.73909
544.79256	0.74024
545.03362	0.74133
545.27468	0.74229
545.51574	0.74307
545.75679	0.74364
545.99785	0.74399
546.23891	0.74411
546.47997	0.74400
546.72103	0.74369
546.96209	0.74318
547.20315	0.74247
547.44421	0.74155
547.68526	0.74042
547.92632	0.73906
548.16738	0.73747
548.40844	0.73562
548.64950	0.73353
548.89056	0.73121
549.13162	0.72870
549.37267	0.72604
549.61373	0.72328
549.85479	0.72049
550.09585	0.71773
550.33691	0.71507
550.57797	0.71258
550.81903	0.71032
551.06008	0.70833
551.30114	0.70667
551.54220	0.70539
551.78326	0.70451
552.02432	0.70408
552.26538	0.70411
552.50644	0.70462
552.74750	0.70563
552.98855	0.70712
553.22961	0.70908
553.47067	0.71150
553.71173	0.71436
553.95279	0.71762
554.19385	0.72126
554.43491	0.72524
554.67596	0.72955
554.91702	0.73415
555.15808	0.73901
555.39914	0.74412
555.64020	0.74944
555.88126	0.75493
556.12232	0.76057
556.36338	0.76632
556.60443	0.77213
556.84549	0.77797
557.08655	0.78379
557.32761	0.78956
557.56867	0.79524
557.80973	0.80080
558.05079	0.80620
558.29184	0.81140
558.53290	0.81640
558.77396	0.82115
559.01502	0.82566
559.25608	0.82991
559.49714	0.83392
559.73820	0.83768
559.97926	0.84122
560.22031	0.84453
560.46137	0.84762
560.70243	0.85048
560.94349	0.85312
561.18455	0.85552
561.42561	0.85768
561.66667	0.85961
561.90772	0.86131
562.14878	0.86281
562.38984	0.86416
562.63090	0.86539
562.87196	0.86655
563.11302	0.86769
563.35408	0.86882
563.59513	0.86996
563.83619	0.87112
564.07725	0.87228
564.31831	0.87343
564.55937	0.87455
564.80043	0.87562
565.04149	0.87666
565.28255	0.87766
565.52360	0.87865
565.76466	0.87967
566.00572	0.88073
566.24678	0.88188
566.48784	0.88313
566.72890	0.88450
566.96996	0.88596
567.21101	0.88751
567.45207	0.88911
567.69313	0.89071
567.93419	0.89230
568.17525	0.89383
568.41631	0.89529
568.65737	0.89667
568.89843	0.89799
569.13948	0.89927
569.38054	0.90053
569.62160	0.90179
569.86266	0.90308
570.10372	0.90441
570.34478	0.90576
570.58584	0.90713
570.82689	0.90849
571.06795	0.90981
571.30901	0.91109
571.55007	0.91229
571.79113	0.91342
572.03219	0.91449
572.27325	0.91551
572.51431	0.91651
572.75536	0.91751
572.99642	0.91852
573.23748	0.91955
573.47854	0.92059
573.71960	0.92162
573.96066	0.92261
574.20172	0.92354
574.44277	0.92438
574.68383	0.92511
574.92489	0.92575
575.16595	0.92630
575.40701	0.92681
575.64807	0.92732
575.88913	0.92789
576.13018	0.92855
576.37124	0.92935
576.61230	0.93029
576.85336	0.93140
577.09442	0.93264
577.33548	0.93400
577.57654	0.93545
577.81760	0.93696
578.05865	0.93849
578.29971	0.94004
578.54077	0.94158
578.78183	0.94313
579.02289	0.94467
579.26395	0.94621
579.50501	0.94774
579.74606	0.94925
579.98712	0.95072
580.22818	0.95212
580.46924	0.95342
580.71030	0.95458
580.95136	0.95557
581.19242	0.95637
581.43348	0.95699
581.67453	0.95742
581.91559	0.95770
582.15665	0.95786
582.39771	0.95795
582.63877	0.95800
582.87983	0.95806
583.12089	0.95814
583.36194	0.95826
583.60300	0.95842
583.84406	0.95861
584.08512	0.95880
584.32618	0.95897
584.56724	0.95912
584.80830	0.95923
585.04936	0.95930
585.29041	0.95933
585.53147	0.95933
585.77253	0.95931
586.01359	0.95927
586.25465	0.95922
586.49571	0.95915
586.73677	0.95902
586.97782	0.95882
587.21888	0.95852
587.45994	0.95809
587.70100	0.95751
587.94206	0.95676
588.18312	0.95583
588.42418	0.95472
588.66523	0.95347
588.90629	0.95207
589.14735	0.95055
589.38841	0.94894
589.62947	0.94724
589.87053	0.94546
590.11159	0.94360
590.35265	0.94165
590.59370	0.93962
590.83476	0.93749
591.07582	0.93527
591.31688	0.93296
591.55794	0.93058
591.79900	0.92814
592.04006	0.92567
592.28111	0.92318
592.52217	0.92069
592.76323	0.91819
593.00429	0.91570
593.24535	0.91320
593.48641	0.91068
593.72747	0.90812
593.96853	0.90550
594.20958	0.90281
594.45064	0.90003
594.69170	0.89717
594.93276	0.89422
595.17382	0.89118
595.41488	0.88804
595.65594	0.88480
595.89699	0.88147
596.13805	0.87805
596.37911	0.87455
596.62017	0.87098
596.86123	0.86737
597.10229	0.86375
597.34335	0.86014
597.58441	0.85657
597.82546	0.85309
598.06652	0.84971
598.30758	0.84645
598.54864	0.84334
598.78970	0.84040
599.03076	0.83764
599.27182	0.83508
599.51287	0.83273
599.75393	0.83060
599.99499	0.82870
600.23605	0.82702
600.47711	0.82553
600.71817	0.82419
600.95923	0.82294
601.20029	0.82172
601.44134	0.82046
601.68240	0.81909
601.92346	0.81756
602.16452	0.81581
602.40558	0.81381
602.64664	0.81156
602.88770	0.80904
603.12875	0.80626
603.36981	0.80325
603.61087	0.80001
603.85193	0.79657
604.09299	0.79297
604.33405	0.78923
604.57511	0.78538
604.81616	0.78146
605.05722	0.77750
605.29828	0.77351
605.53934	0.76952
605.78040	0.76552
606.02146	0.76151
606.26252	0.75748
606.50358	0.75340
606.74463	0.74925
606.98569	0.74500
607.22675	0.74063
607.46781	0.73612
607.70887	0.73146
607.94993	0.72665
608.19099	0.72168
608.43204	0.71655
608.67310	0.71124
608.91416	0.70575
609.15522	0.70007
609.39628	0.69417
609.63734	0.68804
609.87840	0.68167
610.11946	0.67505
610.36051	0.66818
610.60157	0.66108
610.84263	0.65376
611.08369	0.64626
611.32475	0.63861
611.56581	0.63089
611.80687	0.62313
612.04792	0.61541
612.28898	0.60780
612.53004	0.60038
612.77110	0.59323
613.01216	0.58643
613.25322	0.58008
613.49428	0.57424
613.73534	0.56898
613.97639	0.56436
614.21745	0.56042
614.45851	0.55716
614.69957	0.55459
614.94063	0.55269
615.18169	0.55140
615.42275	0.55067
615.66380	0.55042
615.90486	0.55056
616.14592	0.55103
616.38698	0.55173
616.62804	0.55258
616.86910	0.55351
617.11016	0.55447
617.35121	0.55540
617.59227	0.55626
617.83333	0.55702
618.07439	0.55766
618.31545	0.55818
618.55651	0.55856
618.79757	0.55881
619.03863	0.55895
619.27968	0.55899
619.52074	0.55894
619.76180	0.55883
620.00286	0.55867
620.24392	0.55849
620.48498	0.55829
620.72604	0.55808
620.96709	0.55785
621.20815	0.55760
621.44921	0.55731
621.69027	0.55694
621.93133	0.55647
622.17239	0.55586
622.41345	0.55507
622.65451	0.55409
622.89556	0.55288
623.13662	0.55142
623.37768	0.54971
623.61874	0.54775
623.85980	0.54554
624.10086	0.54311
624.34192	0.54047
624.58297	0.53766
624.82403	0.53470
625.06509	0.53163
625.30615	0.52847
625.54721	0.52527
625.78827	0.52204
626.02933	0.51881
626.27039	0.51559
626.51144	0.51240
626.75250	0.50923
626.99356	0.50608
627.23462	0.50293
627.47568	0.49974
627.71674	0.49647
627.95780	0.49308
628.19885	0.48950
628.43991	0.48568
628.68097	0.48156
628.92203	0.47712
629.16309	0.47234
629.40415	0.46725
629.64521	0.46189
629.88626	0.45635
630.12732	0.45075
630.36838	0.44523
630.60944	0.43993
630.85050	0.43500
631.09156	0.43058
631.33262	0.42677
631.57368	0.42363
631.81473	0.42120
632.05579	0.41945
632.29685	0.41833
632.53791	0.41775
632.77897	0.41761
633.02003	0.41778
633.26109	0.41814
633.50214	0.41860
633.74320	0.41904
633.98426	0.41937
634.22532	0.41955
634.46638	0.41951
634.70744	0.41922
634.94850	0.41869
635.18956	0.41792
635.43061	0.41693
635.67167	0.41574
635.91273	0.41440
636.15379	0.41295
636.39485	0.41141
636.63591	0.40983
636.87697	0.40823
637.11802	0.40663
637.35908	0.40503
637.60014	0.40345
637.84120	0.40186
638.08226	0.40025
638.32332	0.39860
638.56438	0.39689
638.80544	0.39510
639.04649	0.39321
639.28755	0.39121
639.52861	0.38909
639.76967	0.38683
640.01073	0.38444
640.25179	0.38192
640.49285	0.37927
640.73390	0.37649
640.97496	0.37357
641.21602	0.37053
641.45708	0.36736
641.69814	0.36407
641.93920	0.36068
642.18026	0.35721
642.42132	0.35369
642.66237	0.35016
642.90343	0.34665
643.14449	0.34321
643.38555	0.33987
643.62661	0.33667
643.86767	0.33365
644.10873	0.33083
644.34978	0.32821
644.59084	0.32581
644.83190	0.32363
645.07296	0.32164
645.31402	0.31984
645.55508	0.31820
645.79614	0.31669
646.03719	0.31528
646.27825	0.31393
646.51931	0.31261
646.76037	0.31128
647.00143	0.30992
647.24249	0.30849
647.48355	0.30697
647.72461	0.30535
647.96566	0.30360
648.20672	0.30173
648.44778	0.29974
648.68884	0.29761
648.92990	0.29537
649.17096	0.29302
649.41202	0.29057
649.65307	0.28803
649.89413	0.28543
650.13519	0.28278
650.37625	0.28008
650.61731	0.27735
650.85837	0.27460
651.09943	0.27183
651.34049	0.26904
651.58154	0.26625
651.82260	0.26344
652.06366	0.26063
652.30472	0.25781
652.54578	0.25500
652.78684	0.25218
653.02790	0.24936
653.26895	0.24652
653.51001	0.24366
653.75107	0.24077
653.99213	0.23781
654.23319	0.23478
654.47425	0.23165
654.71531	0.22840
654.95637	0.22503
655.19742	0.22152
655.43848	0.21788
655.67954	0.21409
655.92060	0.21017
656.16166	0.20612
656.40272	0.20194
656.64378	0.19765
656.88483	0.19326
657.12589	0.18879
657.36695	0.18425
657.60801	0.17969
657.84907	0.17514
658.09013	0.17066
658.33119	0.16630
658.57224	0.16213
658.81330	0.15824
659.05436	0.15467
659.29542	0.15150
659.53648	0.14877
659.77754	0.14651
660.01860	0.14472
660.25966	0.14337
660.50071	0.14243
660.74177	0.14184
660.98283	0.14152
661.22389	0.14140
661.46495	0.14139
661.70601	0.14141
661.94707	0.14141
662.18812	0.14132
662.42918	0.14112
662.67024	0.14077
662.91130	0.14028
663.15236	0.13963
663.39342	0.13884
663.63448	0.13791
663.87554	0.13687
664.11659	0.13572
664.35765	0.13449
664.59871	0.13318
664.83977	0.13181
665.08083	0.13038
665.32189	0.12892
665.56295	0.12743
665.80400	0.12591
666.04506	0.12437
666.28612	0.12280
666.52718	0.12121
666.76824	0.11961
667.00930	0.11798
667.25036	0.11632
667.49142	0.11465
667.73247	0.11296
667.97353	0.11124
668.21459	0.10952
668.45565	0.10778
668.69671	0.10604
668.93777	0.10431
669.17883	0.10258
669.41988	0.10087
669.66094	0.09917
669.90200	0.09750
670.14306	0.09585
670.38412	0.09424
670.62518	0.09267
670.86624	0.09113
671.10729	0.08962
671.34835	0.08816
671.58941	0.08672
671.83047	0.08531
672.07153	0.08393
672.31259	0.08257
672.55365	0.08124
672.79471	0.07993
673.03576	0.07864
673.27682	0.07737
673.51788	0.07613
673.75894	0.07490
674.00000	0.07370
674.24106	0.07250
674.48212	0.07132
674.72317	0.07015
674.96423	0.06899
675.20529	0.06782
675.44635	0.06665
675.68741	0.06548
675.92847	0.06430
676.16953	0.06311
676.41059	0.06193
676.65164	0.06073
676.89270	0.05954
677.13376	0.05834
677.37482	0.05715
677.61588	0.05596
677.85694	0.05478
678.09800	0.05362
678.33905	0.05248
678.58011	0.05136
678.82117	0.05027
679.06223	0.04920
679.30329	0.04817
679.54435	0.04717
679.78541	0.04620
680.02647	0.04526
680.26752	0.04435
680.50858	0.04347
680.74964	0.04260
680.99070	0.04176
681.23176	0.04095
681.47282	0.04015
681.71388	0.03938
681.95493	0.03862
682.19599	0.03789
682.43705	0.03716
682.67811	0.03646
682.91917	0.03576
683.16023	0.03508
683.40129	0.03442
683.64234	0.03376
683.88340	0.03312
684.12446	0.03249
684.36552	0.03187
684.60658	0.03127
684.84764	0.03068
685.08870	0.03010
685.32976	0.02953
685.57081	0.02898
685.81187	0.02844
686.05293	0.02791
686.29399	0.02740
686.53505	0.02691
686.77611	0.02643
687.01717	0.02596
687.25822	0.02552
687.49928	0.02509
687.74034	0.02467
687.98140	0.02428
688.22246	0.02390
688.46352	0.02354
688.70458	0.02320
688.94564	0.02288
689.18669	0.02258
689.42775	0.02230
689.66881	0.02204
689.90987	0.02179
690.15093	0.02156
690.39199	0.02133
690.63305	0.02111
690.87410	0.02089
691.11516	0.02067
691.35622	0.02045
691.59728	0.02022
691.83834	0.02000
692.07940	0.01977
692.32046	0.01954
692.56152	0.01930
692.80257	0.01907
693.04363	0.01883
693.28469	0.01859
693.52575	0.01835
693.76681	0.01810
694.00787	0.01784
694.24893	0.01757
694.48998	0.01729
694.73104	0.01698
694.97210	0.01666
695.21316	0.01632
695.45422	0.01596
695.69528	0.01558
695.93634	0.01519
696.17740	0.01479
696.41845	0.01438
696.65951	0.01396
696.90057	0.01354
697.14163	0.01312
697.38269	0.01270
697.62375	0.01228
697.86481	0.01187
698.10586	0.01147
698.34692	0.01109
698.58798	0.01071
698.82904	0.01035
699.07010	0.01000
699.31116	0.00967
699.55222	0.00935
699.79327	0.00905
700.03433	0.00877
700.27539	0.00849
700.51645	0.00823
700.75751	0.00797
700.99857	0.00773
701.23963	0.00749
701.48069	0.00726
701.72174	0.00704
701.96280	0.00682
702.20386	0.00661
702.44492	0.00642
702.68598	0.00625
702.92704	0.00609
703.16810	0.00596
703.40915	0.00586
703.65021	0.00577
703.89127	0.00571
704.13233	0.00566
704.37339	0.00563
704.61445	0.00560
704.85551	0.00557
705.09657	0.00553
705.33762	0.00549
705.57868	0.00544
705.81974	0.00539
706.06080	0.00533
706.30186	0.00527
706.54292	0.00522
706.78398	0.00516
707.02503	0.00511
707.26609	0.00506
707.50715	0.00503
707.74821	0.00500
707.98927	0.00499
708.23033	0.00499
708.47139	0.00501
708.71245	0.00504
708.95350	0.00509
709.19456	0.00514
709.43562	0.00519
709.67668	0.00525
709.91774	0.00529
710.15880	0.00532
710.39986	0.00533
710.64091	0.00533
710.88197	0.00531
711.12303	0.00528
711.36409	0.00524
711.60515	0.00521
711.84621	0.00518
712.08727	0.00515
712.32832	0.00513
712.56938	0.00512
712.81044	0.00511
713.05150	0.00511
713.29256	0.00512
713.53362	0.00512
713.77468	0.00511
714.01574	0.00510
714.25679	0.00507
714.49785	0.00504
714.73891	0.00501
714.97997	0.00497
715.22103	0.00493
715.46209	0.00489
715.70315	0.00486
715.94420	0.00484
716.18526	0.00482
716.42632	0.00482
716.66738	0.00483
716.90844	0.00484
717.14950	0.00486
717.39056	0.00488
717.63162	0.00490
717.87267	0.00493
718.11373	0.00495
718.35479	0.00498
718.59585	0.00501
718.83691	0.00503
719.07797	0.00505
719.31903	0.00507
719.56008	0.00508
719.80114	0.00507
720.04220	0.00506
720.28326	0.00503
720.52432	0.00499
720.76538	0.00495
721.00644	0.00490
721.24750	0.00486
721.48855	0.00482
721.72961	0.00479
721.97067	0.00476
722.21173	0.00475
722.45279	0.00476
722.69385	0.00476
722.93491	0.00478
723.17596	0.00479
723.41702	0.00480
723.65808	0.00481
723.89914	0.00481
724.14020	0.00480
724.38126	0.00479
724.62232	0.00477
724.86337	0.00475
725.10443	0.00473
725.34549	0.00471
725.58655	0.00469
725.82761	0.00467
726.06867	0.00466
726.30973	0.00465
726.55079	0.00464
726.79184	0.00463
727.03290	0.00463
727.27396	0.00462
727.51502	0.00462
727.75608	0.00461
727.99714	0.00461
728.23820	0.00459
728.47925	0.00457
728.72031	0.00455
728.96137	0.00453
729.20243	0.00451
729.44349	0.00450
729.68455	0.00449
729.92561	0.00449
730.16667	0.00450
730.40772	0.00452
730.64878	0.00454
730.88984	0.00456
731.13090	0.00457
731.37196	0.00458
731.61302	0.00459
731.85408	0.00459
732.09513	0.00459
732.33619	0.00459
732.57725	0.00459
732.81831	0.00458
733.05937	0.00458
733.30043	0.00456
733.54149	0.00455
733.78255	0.00453
734.02360	0.00451
734.26466	0.00450
734.50572	0.00449
734.74678	0.00449
734.98784	0.00450
735.22890	0.00451
735.46996	0.00454
735.71101	0.00457
735.95207	0.00459
736.19313	0.00461
736.43419	0.00461
736.67525	0.00459
736.91631	0.00456
737.15737	0.00451
737.39842	0.00446
737.63948	0.00440
737.88054	0.00435
738.12160	0.00430
738.36266	0.00427
738.60372	0.00425
738.84478	0.00424
739.08584	0.00425
739.32689	0.00426
739.56795	0.00428
739.80901	0.00430
740.05007	0.00431
740.29113	0.00433
740.53219	0.00433
740.77325	0.00433
741.01430	0.00432
741.25536	0.00431
741.49642	0.00430
741.73748	0.00428
741.97854	0.00426
742.21960	0.00424
742.46066	0.00423
742.70172	0.00421
742.94277	0.00421
743.18383	0.00422
743.42489	0.00423
743.66595	0.00426
743.90701	0.00430
744.14807	0.00434
744.38913	0.00439
744.63018	0.00444
744.87124	0.00448
745.11230	0.00452
745.35336	0.00455
745.59442	0.00457
745.83548	0.00458
746.07654	0.00459
746.31760	0.00459
746.55865	0.00460
746.79971	0.00461
747.04077	0.00464
747.28183	0.00467
747.52289	0.00472
747.76395	0.00477
748.00501	0.00484
748.24606	0.00490
748.48712	0.00497
748.72818	0.00503
748.96924	0.00510
749.21030	0.00516
749.45136	0.00522
749.69242	0.00529
749.93348	0.00536
750.17453	0.00544
750.41559	0.00554
750.65665	0.00564
750.89771	0.00576
751.13877	0.00588
751.37983	0.00601
751.62089	0.00615
751.86194	0.00629
752.10300	0.00643
752.34406	0.00657
752.58512	0.00672
752.82618	0.00688
753.06724	0.00705
753.30830	0.00723
753.54935	0.00742
753.79041	0.00762
754.03147	0.00783
754.27253	0.00804
754.51359	0.00825
754.75465	0.00845
754.99571	0.00866
755.23677	0.00885
755.47782	0.00905
755.71888	0.00924
755.95994	0.00944
756.20100	0.00965
756.44206	0.00988
756.68312	0.01012
756.92418	0.01038
757.16523	0.01066
757.40629	0.01095
757.64735	0.01124
757.88841	0.01153
758.12947	0.01182
758.37053	0.01210
758.61159	0.01236
758.85265	0.01261
759.09370	0.01284
759.33476	0.01306
759.57582	0.01326
759.81688	0.01346
760.05794	0.01366
760.29900	0.01386
760.54006	0.01407
760.78111	0.01428
761.02217	0.01450
761.26323	0.01472
761.50429	0.01495
761.74535	0.01516
761.98641	0.01537
762.22747	0.01557
762.46853	0.01575
762.70958	0.01592
762.95064	0.01608
763.19170	0.01624
763.43276	0.01638
763.67382	0.01653
763.91488	0.01667
764.15594	0.01682
764.39699	0.01696
764.63805	0.01709
764.87911	0.01722
765.12017	0.01735
765.36123	0.01746
765.60229	0.01757
765.84335	0.01768
766.08440	0.01778
766.32546	0.01788
766.56652	0.01798
766.80758	0.01808
767.04864	0.01817
767.28970	0.01827
767.53076	0.01836
767.77182	0.01844
768.01287	0.01853
768.25393	0.01860
768.49499	0.01867
768.73605	0.01874
768.97711	0.01879
769.21817	0.01884
769.45923	0.01889
769.70028	0.01893
769.94134	0.01896
770.18240	0.01900
770.42346	0.01905
770.66452	0.01911
770.90558	0.01919
771.14664	0.01930
771.38770	0.01943
771.62875	0.01959
771.86981	0.01976
772.11087	0.01995
772.35193	0.02016
772.59299	0.02037
772.83405	0.02058
773.07511	0.02079
773.31616	0.02100
773.55722	0.02120
773.79828	0.02142
774.03934	0.02163
774.28040	0.02186
774.52146	0.02210
774.76252	0.02234
775.00358	0.02260
775.24463	0.02287
775.48569	0.02314
775.72675	0.02342
775.96781	0.02369
776.20887	0.02397
776.44993	0.02424
776.69099	0.02450
776.93204	0.02476
777.17310	0.02501
777.41416	0.02526
777.65522	0.02549
777.89628	0.02572
778.13734	0.02594
778.37840	0.02615
778.61945	0.02634
778.86051	0.02653
779.10157	0.02669
779.34263	0.02684
779.58369	0.02698
779.82475	0.02711
780.06581	0.02722
780.30687	0.02734
780.54792	0.02745
780.78898	0.02756
781.03004	0.02766
781.27110	0.02777
781.51216	0.02787
781.75322	0.02797
781.99428	0.02807
782.23533	0.02816
782.47639	0.02825
782.71745	0.02834
782.95851	0.02844
783.19957	0.02853
783.44063	0.02863
783.68169	0.02873
783.92275	0.02882
784.16380	0.02890
784.40486	0.02896
784.64592	0.02899
784.88698	0.02898
785.12804	0.02893
785.36910	0.02884
785.61016	0.02871
785.85121	0.02855
786.09227	0.02836
786.33333	0.02815
786.57439	0.02792
786.81545	0.02769
787.05651	0.02746
787.29757	0.02723
787.53863	0.02700
787.77968	0.02677
788.02074	0.02655
788.26180	0.02633
788.50286	0.02610
788.74392	0.02587
788.98498	0.02563
789.22604	0.02538
789.46709	0.02511
789.70815	0.02482
789.94921	0.02452
790.19027	0.02420
790.43133	0.02388
790.67239	0.02355
790.91345	0.02322
791.15451	0.02290
791.39556	0.02259
791.63662	0.02230
791.87768	0.02203
792.11874	0.02179
792.35980	0.02157
792.60086	0.02138
792.84192	0.02121
793.08297	0.02106
793.32403	0.02093
793.56509	0.02082
793.80615	0.02073
794.04721	0.02066
794.28827	0.02062
794.52933	0.02059
794.77038	0.02058
795.01144	0.02059
795.25250	0.02061
795.49356	0.02064
795.73462	0.02068
795.97568	0.02072
796.21674	0.02077
796.45780	0.02083
796.69885	0.02089
796.93991	0.02097
797.18097	0.02104
797.42203	0.02113
797.66309	0.02122
797.90415	0.02131
798.14521	0.02139
798.38626	0.02147
798.62732	0.02154
798.86838	0.02161
799.10944	0.02166
799.35050	0.02170
799.59156	0.02174
799.83262	0.02177
800.07368	0.02179
800.31473	0.02180
800.55579	0.02181
800.79685	0.02182
801.03791	0.02182
801.27897	0.02183
801.52003	0.02184
801.76109	0.02185
802.00214	0.02187
802.24320	0.02190
802.48426	0.02194
802.72532	0.02199
802.96638	0.02205
803.20744	0.02211
803.44850	0.02218
803.68956	0.02225
803.93061	0.02234
804.17167	0.02243
804.41273	0.02253
804.65379	0.02264
804.89485	0.02275
805.13591	0.02287
805.37697	0.02299
805.61802	0.02312
805.85908	0.02324
806.10014	0.02335
806.34120	0.02346
806.58226	0.02357
806.82332	0.02368
807.06438	0.02378
807.30543	0.02388
807.54649	0.02398
807.78755	0.02408
808.02861	0.02417
808.26967	0.02427
808.51073	0.02436
808.75179	0.02445
808.99285	0.02455
809.23390	0.02464
809.47496	0.02474
809.71602	0.02485
809.95708	0.02496
810.19814	0.02508
810.43920	0.02522
810.68026	0.02536
810.92131	0.02550
811.16237	0.02565
811.40343	0.02580
811.64449	0.02595
811.88555	0.02608
812.12661	0.02621
812.36767	0.02632
812.60873	0.02642
812.84978	0.02651
813.09084	0.02659
813.33190	0.02666
813.57296	0.02673
813.81402	0.02680
814.05508	0.02687
814.29614	0.02694
814.53719	0.02702
814.77825	0.02710
815.01931	0.02719
815.26037	0.02728
815.50143	0.02736
815.74249	0.02744
815.98355	0.02752
816.22461	0.02760
816.46566	0.02767
816.70672	0.02774
816.94778	0.02781
817.18884	0.02788
817.42990	0.02796
817.67096	0.02804
817.91202	0.02811
818.15307	0.02819
818.39413	0.02826
818.63519	0.02832
818.87625	0.02838
819.11731	0.02843
819.35837	0.02848
819.59943	0.02853
819.84048	0.02856
820.08154	0.02859
820.32260	0.02862
820.56366	0.02864
820.80472	0.02866
821.04578	0.02868
821.28684	0.02871
821.52790	0.02874
821.76895	0.02878
822.01001	0.02883
822.25107	0.02889
822.49213	0.02894
822.73319	0.02899
822.97425	0.02904
823.21531	0.02907
823.45636	0.02908
823.69742	0.02907
823.93848	0.02904
824.17954	0.02900
824.42060	0.02895
824.66166	0.02889
824.90272	0.02884
825.14378	0.02879
825.38483	0.02876
825.62589	0.02873
825.86695	0.02872
826.10801	0.02871
826.34907	0.02871
826.59013	0.02872
826.83119	0.02873
827.07224	0.02874
827.31330	0.02874
827.55436	0.02873
827.79542	0.02870
828.03648	0.02867
828.27754	0.02861
828.51860	0.02855
828.75966	0.02846
829.00071	0.02836
829.24177	0.02826
829.48283	0.02815
829.72389	0.02805
829.96495	0.02795
830.20601	0.02786
830.44707	0.02778
830.68812	0.02772
830.92918	0.02766
831.17024	0.02760
831.41130	0.02754
831.65236	0.02748
831.89342	0.02741
832.13448	0.02733
832.37553	0.02724
832.61659	0.02714
832.85765	0.02704
833.09871	0.02693
833.33977	0.02681
833.58083	0.02668
833.82189	0.02653
834.06295	0.02638
834.30400	0.02620
834.54506	0.02601
834.78612	0.02580
835.02718	0.02558
835.26824	0.02534
835.50930	0.02509
835.75036	0.02484
835.99141	0.02458
836.23247	0.02431
836.47353	0.02404
836.71459	0.02377
836.95565	0.02348
837.19671	0.02319
837.43777	0.02290
837.67883	0.02259
837.91988	0.02228
838.16094	0.02197
838.40200	0.02164
838.64306	0.02132
838.88412	0.02099
839.12518	0.02066
839.36624	0.02032
839.60729	0.01998
839.84835	0.01964
840.08941	0.01929
840.33047	0.01894
840.57153	0.01858
840.81259	0.01822
841.05365	0.01785
841.29471	0.01748
841.53576	0.01712
841.77682	0.01676
842.01788	0.01640
842.25894	0.01604
842.50000	0.01569
842.74106	0.01535
842.98212	0.01502
843.22317	0.01469
843.46423	0.01436
843.70529	0.01405
843.94635	0.01375
844.18741	0.01346
844.42847	0.01319
844.66953	0.01294
844.91059	0.01271
845.15164	0.01250
845.39270	0.01231
845.63376	0.01214
845.87482	0.01198
846.11588	0.01184
846.35694	0.01171
846.59800	0.01159
846.83905	0.01148
847.08011	0.01138
847.32117	0.01129
847.56223	0.01121
847.80329	0.01114
848.04435	0.01109
848.28541	0.01105
848.52646	0.01102
848.76752	0.01099
849.00858	0.01098
849.24964	0.01098
849.49070	0.01099
849.73176	0.01100
849.97282	0.01102
850.21388	0.01104
850.45493	0.01106
850.69599	0.01109
850.93705	0.01111
851.17811	0.01113
851.41917	0.01115
851.66023	0.01116
851.90129	0.01117
852.14234	0.01117
852.38340	0.01118
852.62446	0.01120
852.86552	0.01122
853.10658	0.01125
853.34764	0.01129
853.58870	0.01134
853.82976	0.01139
854.07081	0.01144
854.31187	0.01149
854.55293	0.01154
854.79399	0.01157
855.03505	0.01161
855.27611	0.01163
855.51717	0.01166
855.75822	0.01169
855.99928	0.01172
856.24034	0.01176
856.48140	0.01180
856.72246	0.01184
856.96352	0.01188
857.20458	0.01192
857.44564	0.01194
857.68669	0.01195
857.92775	0.01194
858.16881	0.01191
858.40987	0.01187
858.65093	0.01181
858.89199	0.01175
859.13305	0.01169
859.37410	0.01163
859.61516	0.01158
859.85622	0.01153
860.09728	0.01149
860.33834	0.01145
860.57940	0.01141
860.82046	0.01137
861.06151	0.01131
861.30257	0.01123
861.54363	0.01114
861.78469	0.01104
862.02575	0.01092
862.26681	0.01080
862.50787	0.01067
862.74893	0.01054
862.98998	0.01041
863.23104	0.01029
863.47210	0.01017
863.71316	0.01006
863.95422	0.00995
864.19528	0.00984
864.43634	0.00973
864.67739	0.00962
864.91845	0.00950
865.15951	0.00938
865.40057	0.00925
865.64163	0.00912
865.88269	0.00898
866.12375	0.00883
866.36481	0.00869
866.60586	0.00854
866.84692	0.00840
867.08798	0.00825
867.32904	0.00811
867.57010	0.00797
867.81116	0.00782
868.05222	0.00767
868.29327	0.00751
868.53433	0.00734
868.77539	0.00717
869.01645	0.00699
869.25751	0.00681
869.49857	0.00664
869.73963	0.00647
869.98069	0.00632
870.22174	0.00620
870.46280	0.00610
870.70386	0.00603
870.94492	0.00599
871.18598	0.00599
871.42704	0.00603
871.66810	0.00610
871.90915	0.00620
872.15021	0.00633
872.39127	0.00648
872.63233	0.00665
872.87339	0.00683
873.11445	0.00701
873.35551	0.00719
873.59656	0.00736
873.83762	0.00751
874.07868	0.00765
874.31974	0.00778
874.56080	0.00788
874.80186	0.00798
875.04292	0.00805
875.28398	0.00812
875.52503	0.00817
875.76609	0.00822
876.00715	0.00826
876.24821	0.00829
876.48927	0.00832
876.73033	0.00834
876.97139	0.00835
877.21244	0.00835
877.45350	0.00834
877.69456	0.00832
877.93562	0.00828
878.17668	0.00822
878.41774	0.00815
878.65880	0.00806
878.89986	0.00795
879.14091	0.00783
879.38197	0.00770
879.62303	0.00756
879.86409	0.00741
880.10515	0.00727
880.34621	0.00712
880.58727	0.00699
880.82832	0.00686
881.06938	0.00675
881.31044	0.00666
881.55150	0.00658
881.79256	0.00651
882.03362	0.00645
882.27468	0.00640
882.51574	0.00635
882.75679	0.00629
882.99785	0.00623
883.23891	0.00617
883.47997	0.00609
883.72103	0.00600
883.96209	0.00589
884.20315	0.00577
884.44420	0.00564
884.68526	0.00550
884.92632	0.00534
885.16738	0.00518
885.40844	0.00502
885.64950	0.00485
885.89056	0.00469
886.13161	0.00454
886.37267	0.00440
886.61373	0.00427
886.85479	0.00416
887.09585	0.00406
887.33691	0.00398
887.57797	0.00391
887.81903	0.00385
888.06008	0.00379
888.30114	0.00374
888.54220	0.00369
888.78326	0.00363
889.02432	0.00357
889.26538	0.00351
889.50644	0.00344
889.74749	0.00338
889.98855	0.00332
890.22961	0.00326
890.47067	0.00320
890.71173	0.00315
890.95279	0.00311
891.19385	0.00306
891.43491	0.00302
891.67596	0.00297
891.91702	0.00291
892.15808	0.00286
892.39914	0.00279
892.64020	0.00273
892.88126	0.00266
893.12232	0.00259
893.36337	0.00251
893.60443	0.00244
893.84549	0.00237
894.08655	0.00231
894.32761	0.00224
894.56867	0.00218
894.80973	0.00212
895.05079	0.00207
895.29184	0.00202
895.53290	0.00198
895.77396	0.00195
896.01502	0.00192
896.25608	0.00189
896.49714	0.00187
896.73820	0.00186
896.97925	0.00185
897.22031	0.00184
897.46137	0.00183
897.70243	0.00181
897.94349	0.00180
898.18455	0.00178
898.42561	0.00176
898.66667	0.00173
898.90772	0.00170
899.14878	0.00167
899.38984	0.00163
899.63090	0.00159
