0.00000	0.01485
0.24106	0.01489
0.48212	0.01501
0.72318	0.01523
0.96423	0.01554
1.20529	0.01598
1.44635	0.01654
1.68741	0.01723
1.92847	0.01803
2.16953	0.01872
2.41059	0.01958
2.65165	0.02056
2.89270	0.02156
3.13376	0.02245
3.37482	0.02317
3.61588	0.02366
3.85694	0.02393
4.09800	0.02400
4.33906	0.02395
4.58011	0.02382
4.82117	0.02368
5.06223	0.02356
5.30329	0.02343
5.54435	0.02329
5.78541	0.02310
6.02647	0.02283
6.26753	0.02249
6.50858	0.02208
6.74964	0.02162
6.99070	0.02115
7.23176	0.02070
7.47282	0.02030
7.71388	0.01996
7.95494	0.01969
8.19599	0.01948
8.43705	0.01933
8.67811	0.01921
8.91917	0.01912
9.16023	0.01908
9.40129	0.01909
9.64235	0.01919
9.88340	0.01939
10.12446	0.01980
10.36552	0.02048
10.60658	0.02150
10.84764	0.02287
11.08870	0.02456
11.32976	0.02649
11.57082	0.02851
11.81187	0.03045
12.05293	0.03201
12.29399	0.03301
12.53505	0.03328
12.77611	0.03278
13.01717	0.03155
13.25823	0.02974
13.49928	0.02757
13.74034	0.02510
13.98140	0.02284
14.22246	0.02102
14.46352	0.01982
14.70458	0.01926
14.94564	0.01931
15.18670	0.01982
15.42775	0.02061
15.66881	0.02153
15.90987	0.02236
16.15093	0.02293
16.39199	0.02315
16.63305	0.02298
16.87411	0.02241
17.11516	0.02151
17.35622	0.02036
17.59728	0.01904
17.83834	0.01771
18.07940	0.01646
18.32046	0.01539
18.56152	0.01454
18.80258	0.01394
19.04363	0.01356
19.28469	0.01335
19.52575	0.01317
19.76681	0.01297
20.00787	0.01269
20.24893	0.01229
20.48999	0.01172
20.73104	0.01099
20.97210	0.01010
21.21316	0.00909
21.45422	0.00792
21.69528	0.00668
21.93634	0.00558
22.17740	0.00481
22.41845	0.00449
22.65951	0.00467
22.90057	0.00530
23.14163	0.00627
23.38269	0.00732
23.62375	0.00843
23.86481	0.00958
24.10587	0.01074
24.34692	0.01192
24.58798	0.01311
24.82904	0.01431
25.07010	0.01554
25.31116	0.01684
25.55222	0.01823
25.79328	0.01974
26.03433	0.02136
26.27539	0.02308
26.51645	0.02489
26.75751	0.02675
26.99857	0.02864
27.23963	0.03054
27.48069	0.03241
27.72175	0.03424
27.96280	0.03602
28.20386	0.03773
28.44492	0.03936
28.68598	0.04091
28.92704	0.04240
29.16810	0.04385
29.40916	0.04535
29.65021	0.04699
29.89127	0.04886
30.13233	0.05107
30.37339	0.05367
30.61445	0.05668
30.85551	0.06002
31.09657	0.06362
31.33763	0.06726
31.57868	0.07073
31.81974	0.07385
32.06080	0.07649
32.30186	0.07860
32.54292	0.08018
32.78398	0.08131
33.02504	0.08193
33.26609	0.08240
33.50715	0.08289
33.74821	0.08359
33.98927	0.08461
34.23033	0.08602
34.47139	0.08782
34.71245	0.08999
34.95350	0.09250
35.19456	0.09529
35.43562	0.09836
35.67668	0.10173
35.91774	0.10549
36.15880	0.10979
36.39986	0.11483
36.64092	0.12088
36.88197	0.12815
37.12303	0.13690
37.36409	0.14720
37.60515	0.15900
37.84621	0.17204
38.08727	0.18589
38.32833	0.19995
38.56938	0.21354
38.81044	0.22595
39.05150	0.23656
39.29256	0.24489
39.53362	0.25069
39.77468	0.25398
40.01574	0.25500
40.25680	0.25420
40.49785	0.25214
40.73891	0.24942
40.97997	0.24666
41.22103	0.24434
41.46209	0.24281
41.70315	0.24229
41.94421	0.24285
42.18526	0.24448
42.42632	0.24711
42.66738	0.25070
42.90844	0.25523
43.14950	0.26073
43.39056	0.26725
43.63162	0.27486
43.87268	0.28351
44.11373	0.29308
44.35479	0.30328
44.59585	0.31365
44.83691	0.32362
45.07797	0.33253
45.31903	0.33975
45.56009	0.34476
45.80114	0.34724
46.04220	0.34713
46.28326	0.34464
46.52432	0.34025
46.76538	0.33457
47.00644	0.32835
47.24750	0.32230
47.48855	0.31704
47.72961	0.31302
47.97067	0.31053
48.21173	0.30965
48.45279	0.31036
48.69385	0.31254
48.93491	0.31608
49.17597	0.32094
49.41702	0.32721
49.65808	0.33506
49.89914	0.34476
50.14020	0.35659
50.38126	0.37077
50.62232	0.38739
50.86338	0.40629
51.10443	0.42708
51.34549	0.44913
51.58655	0.47158
51.82761	0.49351
52.06867	0.51397
52.30973	0.53219
52.55079	0.54759
52.79185	0.55990
53.03290	0.56913
53.27396	0.57557
53.51502	0.57968
53.75608	0.58201
53.99714	0.58313
54.23820	0.58349
54.47926	0.58350
54.72031	0.58341
54.96137	0.58343
55.20243	0.58378
55.44349	0.58473
55.68455	0.58667
55.92561	0.59013
56.16667	0.59575
56.40773	0.60418
56.64878	0.61602
56.88984	0.63162
57.13090	0.65105
57.37196	0.67392
57.61302	0.69947
57.85408	0.72653
58.09514	0.75370
58.33619	0.77954
58.57725	0.80273
58.81831	0.82233
59.05937	0.83783
59.30043	0.84925
59.54149	0.85710
59.78255	0.86222
60.02361	0.86559
60.26466	0.86810
60.50572	0.87044
60.74678	0.87287
60.98784	0.87532
61.22890	0.87738
61.46996	0.87852
61.71102	0.87825
61.95207	0.87635
62.19313	0.87300
62.43419	0.86885
62.67525	0.86494
62.91631	0.86260
63.15737	0.86317
63.39843	0.86782
63.63948	0.87729
63.88054	0.89174
64.12160	0.91073
64.36266	0.93324
64.60372	0.95785
64.84478	0.98296
65.08584	1.00703
65.32690	1.02878
65.56795	1.04735
65.80901	1.06234
66.05007	1.07378
66.29113	1.08199
66.53219	1.08742
66.77325	1.09045
67.01431	1.09131
67.25536	1.08994
67.49642	1.08606
67.73748	1.07923
67.97854	1.06897
68.21960	1.05499
68.46066	1.03726
68.70172	1.01614
68.94278	0.99240
69.18383	0.96715
69.42489	0.94174
69.66595	0.91757
69.90701	0.89597
70.14807	0.87794
70.38913	0.86415
70.63019	0.85481
70.87124	0.84977
71.11230	0.84856
71.35336	0.85060
71.59442	0.85527
71.83548	0.86212
72.07654	0.87088
72.31760	0.88154
72.55866	0.89421
72.79971	0.90907
73.04077	0.92617
73.28183	0.94533
73.52289	0.96597
73.76395	0.98719
74.00501	1.00771
74.24607	1.02611
74.48712	1.04094
74.72818	1.05098
74.96924	1.05540
75.21030	1.05394
75.45136	1.04694
75.69242	1.03532
75.93348	1.02045
76.17453	1.00401
76.41559	0.98780
76.65665	0.97349
76.89771	0.96253
77.13877	0.95600
77.37983	0.95458
77.62089	0.95861
77.86195	0.96813
78.10300	0.98299
78.34406	1.00299
78.58512	1.02797
78.82618	1.05783
79.06724	1.09256
79.30830	1.13214
79.54936	1.17641
79.79041	1.22492
80.03147	1.27682
80.27253	1.33075
80.51359	1.38486
80.75465	1.43692
80.99571	1.48456
81.23677	1.52553
81.47783	1.55802
81.71888	1.58094
81.95994	1.59406
82.20100	1.59809
82.44206	1.59458
82.68312	1.58564
82.92418	1.57365
83.16524	1.56093
83.40629	1.54942
83.64735	1.54049
83.88841	1.53485
84.12947	1.53269
84.37053	1.53379
84.61159	1.53788
84.85265	1.54484
85.09371	1.55491
85.33476	1.56880
85.57582	1.58760
85.81688	1.61259
86.05794	1.64493
86.29900	1.68535
86.54006	1.73382
86.78112	1.78934
87.02217	1.84990
87.26323	1.91267
87.50429	1.97427
87.74535	2.03120
87.98641	2.08033
88.22747	2.11930
88.46853	2.14688
88.70958	2.16303
88.95064	2.16883
89.19170	2.16621
89.43276	2.15755
89.67382	2.14525
89.91488	2.13130
90.15594	2.11706
90.39700	2.10314
90.63805	2.08952
90.87911	2.07578
91.12017	2.06148
91.36123	2.04653
91.60229	2.03140
91.84335	2.01733
92.08441	2.00622
92.32546	2.00042
92.56652	2.00235
92.80758	2.01403
93.04864	2.03673
93.28970	2.07057
93.53076	2.11447
93.77182	2.16620
94.01288	2.22267
94.25393	2.28037
94.49499	2.33591
94.73605	2.38643
94.97711	2.43000
95.21817	2.46579
95.45923	2.49395
95.70029	2.51544
95.94134	2.53156
96.18240	2.54358
96.42346	2.55233
96.66452	2.55797
96.90558	2.55997
97.14664	2.55721
97.38770	2.54837
97.62876	2.53232
97.86981	2.50851
98.11087	2.47735
98.35193	2.44031
98.59299	2.39987
98.83405	2.35926
99.07511	2.32206
99.31617	2.29168
99.55722	2.27088
99.79828	2.26142
100.03934	2.26384
100.28040	2.27750
100.52146	2.30075
100.76252	2.33136
101.00358	2.36686
101.24464	2.40501
101.48569	2.44413
101.72675	2.48318
101.96781	2.52182
102.20887	2.56013
102.44993	2.59832
102.69099	2.63641
102.93205	2.67388
103.17310	2.70952
103.41416	2.74143
103.65522	2.76725
103.89628	2.78444
104.13734	2.79082
104.37840	2.78491
104.61946	2.76635
104.86051	2.73602
105.10157	2.69603
105.34263	2.64943
105.58369	2.59988
105.82475	2.55108
106.06581	2.50634
106.30687	2.46819
106.54793	2.43817
106.78898	2.41681
107.03004	2.40379
107.27110	2.39823
107.51216	2.39909
107.75322	2.40552
107.99428	2.41706
108.23534	2.43382
108.47639	2.45632
108.71745	2.48534
108.95851	2.52154
109.19957	2.56513
109.44063	2.61553
109.68169	2.67122
109.92275	2.72973
110.16381	2.78777
110.40486	2.84169
110.64592	2.88784
110.88698	2.92308
111.12804	2.94526
111.36910	2.95348
111.61016	2.94820
111.85122	2.93112
112.09227	2.90489
112.33333	2.87265
112.57439	2.83756
112.81545	2.80235
113.05651	2.76899
113.29757	2.73856
113.53863	2.71135
113.77969	2.68709
114.02074	2.66530
114.26180	2.64575
114.50286	2.62868
114.74392	2.61505
114.98498	2.60642
115.22604	2.60475
115.46710	2.61200
115.70815	2.62961
115.94921	2.65816
116.19027	2.69698
116.43133	2.74413
116.67239	2.79654
116.91345	2.85040
117.15451	2.90166
117.39556	2.94666
117.63662	2.98261
117.87768	3.00790
118.11874	3.02230
118.35980	3.02674
118.60086	3.02303
118.84192	3.01337
119.08298	2.99987
119.32403	2.98411
119.56509	2.96690
119.80615	2.94828
120.04721	2.92763
120.28827	2.90405
120.52933	2.87677
120.77039	2.84557
121.01144	2.81109
121.25250	2.77495
121.49356	2.73965
121.73462	2.70828
121.97568	2.68407
122.21674	2.66985
122.45780	2.66756
122.69886	2.67793
122.93991	2.70030
123.18097	2.73276
123.42203	2.77242
123.66309	2.81594
123.90415	2.86004
124.14521	2.90198
124.38627	2.93992
124.62732	2.97302
124.86838	3.00137
125.10944	3.02566
125.35050	3.04679
125.59156	3.06542
125.83262	3.08165
126.07368	3.09483
126.31474	3.10362
126.55579	3.10618
126.79685	3.10062
127.03791	3.08543
127.27897	3.05992
127.52003	3.02451
127.76109	2.98084
128.00215	2.93167
128.24320	2.88056
128.48426	2.83140
128.72532	2.78788
128.96638	2.75301
129.20744	2.72871
129.44850	2.71565
129.68956	2.71326
129.93061	2.71991
130.17167	2.73337
130.41273	2.75119
130.65379	2.77119
130.89485	2.79176
131.13591	2.81206
131.37697	2.83197
131.61803	2.85188
131.85908	2.87238
132.10014	2.89385
132.34120	2.91614
132.58226	2.93838
132.82332	2.95892
133.06438	2.97558
133.30544	2.98594
133.54649	2.98780
133.78755	2.97962
134.02861	2.96086
134.26967	2.93213
134.51073	2.89517
134.75179	2.85264
134.99285	2.80769
135.23391	2.76355
135.47496	2.72296
135.71602	2.68795
135.95708	2.65958
136.19814	2.63795
136.43920	2.62240
136.68026	2.61179
136.92132	2.60488
137.16237	2.60070
137.40343	2.59873
137.64449	2.59908
137.88555	2.60239
138.12661	2.60961
138.36767	2.62167
138.60873	2.63920
138.84979	2.66215
139.09084	2.68965
139.33190	2.72000
139.57296	2.75079
139.81402	2.77927
140.05508	2.80268
140.29614	2.81873
140.53720	2.82593
140.77825	2.82380
141.01931	2.81291
141.26037	2.79475
141.50143	2.77137
141.74249	2.74508
141.98355	2.71797
142.22461	2.69164
142.46566	2.66702
142.70672	2.64433
142.94778	2.62325
143.18884	2.60321
143.42990	2.58369
143.67096	2.56454
143.91202	2.54619
144.15308	2.52968
144.39413	2.51658
144.63519	2.50873
144.87625	2.50788
145.11731	2.51533
145.35837	2.53159
145.59943	2.55622
145.84049	2.58774
146.08154	2.62387
146.32260	2.66177
146.56366	2.69849
146.80472	2.73135
147.04578	2.75840
147.28684	2.77855
147.52790	2.79169
147.76896	2.79857
148.01001	2.80050
148.25107	2.79903
148.49213	2.79550
148.73319	2.79082
148.97425	2.78523
149.21531	2.77834
149.45637	2.76928
149.69742	2.75698
149.93848	2.74054
150.17954	2.71958
150.42060	2.69446
150.66166	2.66635
150.90272	2.63718
151.14378	2.60936
151.38484	2.58540
151.62589	2.56754
151.86695	2.55732
152.10801	2.55537
152.34907	2.56129
152.59013	2.57375
152.83119	2.59071
153.07225	2.60985
153.31330	2.62890
153.55436	2.64604
153.79542	2.66015
154.03648	2.67093
154.27754	2.67875
154.51860	2.68451
154.75966	2.68927
155.00072	2.69392
155.24177	2.69889
155.48283	2.70399
155.72389	2.70837
155.96495	2.71071
156.20601	2.70946
156.44707	2.70323
156.68813	2.69113
156.92918	2.67301
157.17024	2.64959
157.41130	2.62244
157.65236	2.59375
157.89342	2.56597
158.13448	2.54148
158.37554	2.52217
158.61659	2.50921
158.85765	2.50288
159.09871	2.50266
159.33977	2.50735
159.58083	2.51544
159.82189	2.52536
160.06295	2.53583
160.30401	2.54604
160.54506	2.55577
160.78612	2.56529
161.02718	2.57524
161.26824	2.58634
161.50930	2.59917
161.75036	2.61389
161.99142	2.63016
162.23247	2.64710
162.47353	2.66339
162.71459	2.67753
162.95565	2.68806
163.19671	2.69390
163.43777	2.69452
163.67883	2.69016
163.91989	2.68174
164.16094	2.67076
164.40200	2.65908
164.64306	2.64852
164.88412	2.64063
165.12518	2.63639
165.36624	2.63609
165.60730	2.63933
165.84835	2.64520
166.08941	2.65250
166.33047	2.66010
166.57153	2.66719
166.81259	2.67352
167.05365	2.67942
167.29471	2.68573
167.53577	2.69358
167.77682	2.70410
168.01788	2.71803
168.25894	2.73554
168.50000	2.75603
168.74106	2.77818
168.98212	2.80011
169.22318	2.81968
169.46423	2.83488
169.70529	2.84415
169.94635	2.84669
170.18741	2.84258
170.42847	2.83279
170.66953	2.81895
170.91059	2.80311
171.15164	2.78733
171.39270	2.77335
171.63376	2.76230
171.87482	2.75458
172.11588	2.74984
172.35694	2.74714
172.59800	2.74521
172.83906	2.74283
173.08011	2.73905
173.32117	2.73350
173.56223	2.72647
173.80329	2.71887
174.04435	2.71204
174.28541	2.70746
174.52647	2.70639
174.76752	2.70963
175.00858	2.71724
175.24964	2.72849
175.49070	2.74198
175.73176	2.75583
175.97282	2.76804
176.21388	2.77679
176.45494	2.78084
176.69599	2.77966
176.93705	2.77351
177.17811	2.76338
177.41917	2.75071
177.66023	2.73710
177.90129	2.72399
178.14235	2.71239
178.38340	2.70273
178.62446	2.69481
178.86552	2.68795
179.10658	2.68120
179.34764	2.67364
179.58870	2.66462
179.82976	2.65402
180.07082	2.64228
180.31187	2.63039
180.55293	2.61969
180.79399	2.61166
181.03505	2.60754
181.27611	2.60812
181.51717	2.61356
181.75823	2.62331
181.99928	2.63617
182.24034	2.65056
182.48140	2.66473
182.72246	2.67710
182.96352	2.68650
183.20458	2.69238
183.44564	2.69484
183.68669	2.69453
183.92775	2.69251
184.16881	2.68995
184.40987	2.68791
184.65093	2.68708
184.89199	2.68765
185.13305	2.68932
185.37411	2.69137
185.61516	2.69288
185.85622	2.69299
186.09728	2.69108
186.33834	2.68702
186.57940	2.68124
186.82046	2.67467
187.06152	2.66860
187.30257	2.66448
187.54363	2.66357
187.78469	2.66674
188.02575	2.67427
188.26681	2.68575
188.50787	2.70019
188.74893	2.71617
188.98999	2.73208
189.23104	2.74646
189.47210	2.75826
189.71316	2.76698
189.95422	2.77273
190.19528	2.77620
190.43634	2.77840
190.67740	2.78045
190.91845	2.78326
191.15951	2.78732
191.40057	2.79258
191.64163	2.79842
191.88269	2.80378
192.12375	2.80740
192.36481	2.80811
192.60587	2.80509
192.84692	2.79810
193.08798	2.78756
193.32904	2.77455
193.57010	2.76063
193.81116	2.74759
194.05222	2.73713
194.29328	2.73059
194.53433	2.72868
194.77539	2.73142
195.01645	2.73813
195.25751	2.74760
195.49857	2.75833
195.73963	2.76882
195.98069	2.77786
196.22174	2.78471
196.46280	2.78923
196.70386	2.79181
196.94492	2.79323
197.18598	2.79445
197.42704	2.79632
197.66810	2.79937
197.90916	2.80366
198.15021	2.80872
198.39127	2.81367
198.63233	2.81740
198.87339	2.81880
199.11445	2.81703
199.35551	2.81175
199.59657	2.80319
199.83762	2.79218
200.07868	2.78003
200.31974	2.76827
200.56080	2.75846
200.80186	2.75186
201.04292	2.74924
201.28398	2.75077
201.52504	2.75605
201.76609	2.76418
202.00715	2.77398
202.24821	2.78427
202.48927	2.79406
202.73033	2.80277
202.97139	2.81028
203.21245	2.81697
203.45350	2.82349
203.69456	2.83065
203.93562	2.83914
204.17668	2.84932
204.41774	2.86105
204.65880	2.87370
204.89986	2.88618
205.14092	2.89710
205.38197	2.90508
205.62303	2.90894
205.86409	2.90799
206.10515	2.90219
206.34621	2.89213
206.58727	2.87900
206.82833	2.86436
207.06938	2.84991
207.31044	2.83714
207.55150	2.82716
207.79256	2.82050
208.03362	2.81705
208.27468	2.81618
208.51574	2.81693
208.75680	2.81822
208.99785	2.81915
209.23891	2.81918
209.47997	2.81827
209.72103	2.81685
209.96209	2.81570
210.20315	2.81576
210.44421	2.81787
210.68526	2.82252
210.92632	2.82968
211.16738	2.83877
211.40844	2.84868
211.64950	2.85798
211.89056	2.86516
212.13162	2.86887
212.37267	2.86824
212.61373	2.86296
212.85479	2.85338
213.09585	2.84042
213.33691	2.82537
213.57797	2.80967
213.81903	2.79462
214.06009	2.78120
214.30114	2.76988
214.54220	2.76063
214.78326	2.75298
215.02432	2.74623
215.26538	2.73961
215.50644	2.73255
215.74750	2.72487
215.98855	2.71681
216.22961	2.70907
216.47067	2.70263
216.71173	2.69859
216.95279	2.69792
217.19385	2.70122
217.43491	2.70854
217.67597	2.71936
217.91702	2.73258
218.15808	2.74673
218.39914	2.76016
218.64020	2.77135
218.88126	2.77915
219.12232	2.78294
219.36338	2.78273
219.60443	2.77908
219.84549	2.77297
220.08655	2.76559
220.32761	2.75802
220.56867	2.75107
220.80973	2.74512
221.05079	2.74005
221.29185	2.73537
221.53290	2.73031
221.77396	2.72412
222.01502	2.71626
222.25608	2.70657
222.49714	2.69542
222.73820	2.68363
222.97926	2.67241
223.22031	2.66311
223.46137	2.65701
223.70243	2.65506
223.94349	2.65769
224.18455	2.66474
224.42561	2.67547
224.66667	2.68871
224.90772	2.70301
225.14878	2.71695
225.38984	2.72934
225.63090	2.73939
225.87196	2.74684
226.11302	2.75191
226.35408	2.75517
226.59514	2.75739
226.83619	2.75933
227.07725	2.76146
227.31831	2.76393
227.55937	2.76643
227.80043	2.76831
228.04149	2.76867
228.28255	2.76663
228.52360	2.76148
228.76466	2.75294
229.00572	2.74124
229.24678	2.72717
229.48784	2.71194
229.72890	2.69704
229.96996	2.68395
230.21102	2.67395
230.45207	2.66785
230.69313	2.66591
230.93419	2.66780
231.17525	2.67269
231.41631	2.67945
231.65737	2.68687
231.89843	2.69389
232.13948	2.69978
232.38054	2.70425
232.62160	2.70744
232.86266	2.70979
233.10372	2.71190
233.34478	2.71430
233.58584	2.71726
233.82690	2.72068
234.06795	2.72405
234.30901	2.72649
234.55007	2.72696
234.79113	2.72440
235.03219	2.71801
235.27325	2.70739
235.51431	2.69268
235.75536	2.67457
235.99642	2.65419
236.23748	2.63298
236.47854	2.61245
236.71960	2.59397
236.96066	2.57856
237.20172	2.56676
237.44277	2.55864
237.68383	2.55380
237.92489	2.55154
238.16595	2.55103
238.40701	2.55150
238.64807	2.55238
238.88913	2.55344
239.13019	2.55475
239.37124	2.55664
239.61230	2.55956
239.85336	2.56394
240.09442	2.56995
240.33548	2.57748
240.57654	2.58602
240.81760	2.59472
241.05865	2.60251
241.29971	2.60828
241.54077	2.61108
241.78183	2.61029
242.02289	2.60574
242.26395	2.59774
242.50501	2.58702
242.74607	2.57463
242.98712	2.56169
243.22818	2.54924
243.46924	2.53808
243.71030	2.52861
243.95136	2.52089
244.19242	2.51463
244.43348	2.50937
244.67453	2.50462
244.91559	2.50001
245.15665	2.49545
245.39771	2.49113
245.63877	2.48753
245.87983	2.48533
246.12089	2.48526
246.36195	2.48791
246.60300	2.49362
246.84406	2.50231
247.08512	2.51350
247.32618	2.52631
247.56724	2.53959
247.80830	2.55209
248.04936	2.56263
248.29041	2.57027
248.53147	2.57445
248.77253	2.57507
249.01359	2.57241
249.25465	2.56708
249.49571	2.55989
249.73677	2.55161
249.97783	2.54290
250.21888	2.53414
250.45994	2.52542
250.70100	2.51659
250.94206	2.50728
251.18312	2.49713
251.42418	2.48588
251.66524	2.47351
251.90629	2.46032
252.14735	2.44690
252.38841	2.43412
252.62947	2.42294
252.87053	2.41424
253.11159	2.40871
253.35265	2.40665
253.59370	2.40793
253.83476	2.41199
254.07582	2.41792
254.31688	2.42459
254.55794	2.43085
254.79900	2.43569
255.04006	2.43839
255.28112	2.43860
255.52217	2.43638
255.76323	2.43207
256.00429	2.42624
256.24535	2.41949
256.48641	2.41232
256.72747	2.40504
256.96853	2.39768
257.20958	2.39002
257.45064	2.38168
257.69170	2.37223
257.93276	2.36136
258.17382	2.34893
258.41488	2.33512
258.65594	2.32042
258.89700	2.30558
259.13805	2.29150
259.37911	2.27911
259.62017	2.26920
259.86123	2.26232
260.10229	2.25865
260.34335	2.25806
260.58441	2.26007
260.82546	2.26398
261.06652	2.26900
261.30758	2.27439
261.54864	2.27954
261.78970	2.28408
262.03076	2.28786
262.27182	2.29095
262.51288	2.29353
262.75393	2.29578
262.99499	2.29780
263.23605	2.29953
263.47711	2.30069
263.71817	2.30088
263.95923	2.29956
264.20029	2.29625
264.44134	2.29058
264.68240	2.28244
264.92346	2.27202
265.16452	2.25982
265.40558	2.24658
265.64664	2.23319
265.88770	2.22059
266.12875	2.20956
266.36981	2.20069
266.61087	2.19422
266.85193	2.19013
267.09299	2.18811
267.33405	2.18765
267.57511	2.18818
267.81617	2.18919
268.05722	2.19028
268.29828	2.19126
268.53934	2.19214
268.78040	2.19309
269.02146	2.19433
269.26252	2.19610
269.50358	2.19849
269.74463	2.20141
269.98569	2.20453
270.22675	2.20734
270.46781	2.20917
270.70887	2.20933
270.94993	2.20724
271.19099	2.20249
271.43205	2.19500
271.67310	2.18499
271.91416	2.17298
272.15522	2.15969
272.39628	2.14594
272.63734	2.13251
272.87840	2.12003
273.11946	2.10890
273.36051	2.09924
273.60157	2.09094
273.84263	2.08374
274.08369	2.07729
274.32475	2.07131
274.56581	2.06563
274.80687	2.06027
275.04793	2.05540
275.28898	2.05134
275.53004	2.04844
275.77110	2.04701
276.01216	2.04719
276.25322	2.04891
276.49428	2.05187
276.73534	2.05554
276.97639	2.05924
277.21745	2.06225
277.45851	2.06389
277.69957	2.06368
277.94063	2.06135
278.18169	2.05694
278.42275	2.05071
278.66380	2.04315
278.90486	2.03482
279.14592	2.02629
279.38698	2.01802
279.62804	2.01029
279.86910	2.00318
280.11016	1.99661
280.35122	1.99035
280.59227	1.98415
280.83333	1.97784
281.07439	1.97138
281.31545	1.96494
281.55651	1.95887
281.79757	1.95366
282.03863	1.94988
282.27968	1.94805
282.52074	1.94855
282.76180	1.95153
283.00286	1.95683
283.24392	1.96406
283.48498	1.97258
283.72604	1.98162
283.96710	1.99040
284.20815	1.99822
284.44921	2.00460
284.69027	2.00928
284.93133	2.01225
285.17239	2.01373
285.41345	2.01404
285.65451	2.01358
285.89556	2.01264
286.13662	2.01141
286.37768	2.00989
286.61874	2.00793
286.85980	2.00528
287.10086	2.00167
287.34192	1.99687
287.58298	1.99083
287.82403	1.98370
288.06509	1.97582
288.30615	1.96775
288.54721	1.96011
288.78827	1.95355
289.02933	1.94863
289.27039	1.94571
289.51144	1.94491
289.75250	1.94611
289.99356	1.94895
290.23462	1.95290
290.47568	1.95738
290.71674	1.96182
290.95780	1.96578
291.19885	1.96896
291.43991	1.97125
291.68097	1.97269
291.92203	1.97341
292.16309	1.97358
292.40415	1.97333
292.64521	1.97265
292.88627	1.97143
293.12732	1.96940
293.36838	1.96624
293.60944	1.96162
293.85050	1.95531
294.09156	1.94724
294.33262	1.93754
294.57368	1.92661
294.81473	1.91501
295.05579	1.90343
295.29685	1.89260
295.53791	1.88313
295.77897	1.87550
296.02003	1.86992
296.26109	1.86637
296.50215	1.86462
296.74320	1.86428
296.98426	1.86492
297.22532	1.86613
297.46638	1.86761
297.70744	1.86923
297.94850	1.87098
298.18956	1.87302
298.43061	1.87555
298.67167	1.87873
298.91273	1.88266
299.15379	1.88726
299.39485	1.89229
299.63591	1.89734
299.87697	1.90190
300.11803	1.90540
300.35908	1.90737
300.60014	1.90745
300.84120	1.90554
301.08226	1.90175
301.32332	1.89646
301.56438	1.89021
301.80544	1.88366
302.04649	1.87747
302.28755	1.87220
302.52861	1.86824
302.76967	1.86578
303.01073	1.86478
303.25179	1.86503
303.49285	1.86624
303.73391	1.86806
303.97496	1.87026
304.21602	1.87268
304.45708	1.87536
304.69814	1.87844
304.93920	1.88216
305.18026	1.88679
305.42132	1.89248
305.66237	1.89928
305.90343	1.90704
306.14449	1.91540
306.38555	1.92386
306.62661	1.93186
306.86767	1.93881
307.10873	1.94425
307.34978	1.94790
307.59084	1.94968
307.83190	1.94976
308.07296	1.94845
308.31402	1.94621
308.55508	1.94349
308.79614	1.94070
309.03720	1.93812
309.27825	1.93586
309.51931	1.93391
309.76037	1.93213
310.00143	1.93035
310.24249	1.92843
310.48355	1.92629
310.72461	1.92402
310.96566	1.92182
311.20672	1.92002
311.44778	1.91899
311.68884	1.91910
311.92990	1.92064
312.17096	1.92372
312.41202	1.92828
312.65308	1.93404
312.89413	1.94056
313.13519	1.94728
313.37625	1.95358
313.61731	1.95892
313.85837	1.96288
314.09943	1.96522
314.34049	1.96593
314.58154	1.96517
314.82260	1.96324
315.06366	1.96051
315.30472	1.95733
315.54578	1.95395
315.78684	1.95048
316.02790	1.94692
316.26896	1.94312
316.51001	1.93890
316.75107	1.93411
316.99213	1.92870
317.23319	1.92278
317.47425	1.91662
317.71531	1.91065
317.95637	1.90537
318.19742	1.90129
318.43848	1.89881
318.67954	1.89820
318.92060	1.89949
319.16166	1.90249
319.40272	1.90684
319.64378	1.91205
319.88483	1.91758
320.12589	1.92292
320.36695	1.92769
320.60801	1.93165
320.84907	1.93472
321.09013	1.93696
321.33119	1.93853
321.57225	1.93961
321.81330	1.94033
322.05436	1.94075
322.29542	1.94084
322.53648	1.94045
322.77754	1.93934
323.01860	1.93730
323.25966	1.93412
323.50071	1.92974
323.74177	1.92424
323.98283	1.91786
324.22389	1.91102
324.46495	1.90422
324.70601	1.89803
324.94707	1.89294
325.18813	1.88932
325.42918	1.88737
325.67024	1.88709
325.91130	1.88826
326.15236	1.89056
326.39342	1.89356
326.63448	1.89687
326.87554	1.90017
327.11659	1.90326
327.35765	1.90607
327.59871	1.90866
327.83977	1.91116
328.08083	1.91368
328.32189	1.91627
328.56295	1.91887
328.80401	1.92128
329.04506	1.92320
329.28612	1.92422
329.52718	1.92399
329.76824	1.92219
330.00930	1.91867
330.25036	1.91345
330.49142	1.90678
330.73247	1.89906
330.97353	1.89081
331.21459	1.88258
331.45565	1.87488
331.69671	1.86809
331.93777	1.86244
332.17883	1.85795
332.41988	1.85450
332.66094	1.85186
332.90200	1.84973
333.14306	1.84785
333.38412	1.84604
333.62518	1.84422
333.86624	1.84244
334.10730	1.84085
334.34835	1.83964
334.58941	1.83897
334.83047	1.83896
335.07153	1.83956
335.31259	1.84060
335.55365	1.84178
335.79471	1.84269
336.03576	1.84288
336.27682	1.84197
336.51788	1.83968
336.75894	1.83588
337.00000	1.83065
337.24106	1.82426
337.48212	1.81709
337.72318	1.80960
337.96423	1.80226
338.20529	1.79544
338.44635	1.78936
338.68741	1.78410
338.92847	1.77956
339.16953	1.77554
339.41059	1.77178
339.65164	1.76803
339.89270	1.76413
340.13376	1.76004
340.37482	1.75583
340.61588	1.75173
340.85694	1.74800
341.09800	1.74493
341.33906	1.74273
341.58011	1.74152
341.82117	1.74125
342.06223	1.74173
342.30329	1.74265
342.54435	1.74361
342.78541	1.74422
343.02647	1.74416
343.26752	1.74319
343.50858	1.74123
343.74964	1.73836
343.99070	1.73474
344.23176	1.73062
344.47282	1.72626
344.71388	1.72186
344.95493	1.71755
345.19599	1.71335
345.43705	1.70918
345.67811	1.70491
345.91917	1.70038
346.16023	1.69547
346.40129	1.69015
346.64235	1.68447
346.88340	1.67860
347.12446	1.67278
347.36552	1.66729
347.60658	1.66240
347.84764	1.65829
348.08870	1.65505
348.32976	1.65263
348.57081	1.65086
348.81187	1.64946
349.05293	1.64812
349.29399	1.64654
349.53505	1.64446
349.77611	1.64172
350.01717	1.63829
350.25823	1.63425
350.49928	1.62975
350.74034	1.62497
350.98140	1.62011
351.22246	1.61527
351.46352	1.61050
351.70458	1.60574
351.94564	1.60084
352.18669	1.59565
352.42775	1.58997
352.66881	1.58371
352.90987	1.57683
353.15093	1.56945
353.39199	1.56176
353.63305	1.55406
353.87411	1.54669
354.11516	1.53999
354.35622	1.53419
354.59728	1.52946
354.83834	1.52582
355.07940	1.52316
355.32046	1.52128
355.56152	1.51989
355.80257	1.51871
356.04363	1.51747
356.28469	1.51601
356.52575	1.51421
356.76681	1.51208
357.00787	1.50969
357.24893	1.50716
357.48999	1.50461
357.73104	1.50213
357.97210	1.49973
358.21316	1.49735
358.45422	1.49484
358.69528	1.49201
358.93634	1.48865
359.17740	1.48457
359.41845	1.47965
359.65951	1.47389
359.90057	1.46738
360.14163	1.46034
360.38269	1.45303
360.62375	1.44579
360.86481	1.43889
361.10586	1.43257
361.34692	1.42695
361.58798	1.42203
361.82904	1.41773
362.07010	1.41386
362.31116	1.41023
362.55222	1.40662
362.79328	1.40289
363.03433	1.39898
363.27539	1.39486
363.51645	1.39063
363.75751	1.38637
363.99857	1.38218
364.23963	1.37813
364.48069	1.37421
364.72174	1.37032
364.96280	1.36632
365.20386	1.36200
365.44492	1.35716
365.68598	1.35161
365.92704	1.34525
366.16810	1.33803
366.40916	1.33002
366.65021	1.32136
366.89127	1.31225
367.13233	1.30290
367.37339	1.29351
367.61445	1.28421
367.85551	1.27509
368.09657	1.26614
368.33762	1.25730
368.57868	1.24845
368.81974	1.23949
369.06080	1.23030
369.30186	1.22081
369.54292	1.21102
369.78398	1.20096
370.02504	1.19071
370.26609	1.18036
370.50715	1.17000
370.74821	1.15967
370.98927	1.14937
371.23033	1.13902
371.47139	1.12852
371.71245	1.11770
371.95350	1.10640
372.19456	1.09445
372.43562	1.08176
372.67668	1.06828
372.91774	1.05403
373.15880	1.03909
373.39986	1.02362
373.64091	1.00778
373.88197	0.99172
374.12303	0.97559
374.36409	0.95946
374.60515	0.94339
374.84621	0.92738
375.08727	0.91140
375.32833	0.89539
375.56938	0.87933
375.81044	0.86321
376.05150	0.84709
376.29256	0.83100
376.53362	0.81511
376.77468	0.79959
377.01574	0.78459
377.25679	0.77025
377.49785	0.75665
377.73891	0.74387
377.97997	0.73189
378.22103	0.72066
378.46209	0.71017
378.70315	0.70038
378.94421	0.69128
379.18526	0.68286
379.42632	0.67516
379.66738	0.66826
379.90844	0.66227
380.14950	0.65728
380.39056	0.65343
380.63162	0.65082
380.87267	0.64951
381.11373	0.64951
381.35479	0.65076
381.59585	0.65322
381.83691	0.65678
382.07797	0.66136
382.31903	0.66688
382.56009	0.67332
382.80114	0.68065
383.04220	0.68891
383.28326	0.69812
383.52432	0.70832
383.76538	0.71950
384.00644	0.73156
384.24750	0.74446
384.48855	0.75806
384.72961	0.77218
384.97067	0.78664
385.21173	0.80121
385.45279	0.81574
385.69385	0.83008
385.93491	0.84408
386.17596	0.85777
386.41702	0.87115
386.65808	0.88422
386.89914	0.89703
387.14020	0.90956
387.38126	0.92183
387.62232	0.93379
387.86338	0.94537
388.10443	0.95654
388.34549	0.96722
388.58655	0.97741
388.82761	0.98710
389.06867	0.99637
389.30973	1.00531
389.55079	1.01409
389.79184	1.02285
390.03290	1.03176
390.27396	1.04095
390.51502	1.05049
390.75608	1.06040
390.99714	1.07066
391.23820	1.08116
391.47926	1.09178
391.72031	1.10238
391.96137	1.11285
392.20243	1.12311
392.44349	1.13310
392.68455	1.14282
392.92561	1.15232
393.16667	1.16163
393.40772	1.17082
393.64878	1.17991
393.88984	1.18889
394.13090	1.19773
394.37196	1.20636
394.61302	1.21469
394.85408	1.22263
395.09514	1.23013
395.33619	1.23718
395.57725	1.24381
395.81831	1.25012
396.05937	1.25626
396.30043	1.26236
396.54149	1.26860
396.78255	1.27509
397.02360	1.28191
397.26466	1.28908
397.50572	1.29655
397.74678	1.30424
397.98784	1.31202
398.22890	1.31978
398.46996	1.32742
398.71102	1.33488
398.95207	1.34214
399.19313	1.34923
399.43419	1.35621
399.67525	1.36313
399.91631	1.37006
400.15737	1.37700
400.39843	1.38390
400.63948	1.39067
400.88054	1.39717
401.12160	1.40323
401.36266	1.40869
401.60372	1.41342
401.84478	1.41733
402.08584	1.42042
402.32689	1.42276
402.56795	1.42448
402.80901	1.42577
403.05007	1.42681
403.29113	1.42779
403.53219	1.42885
403.77325	1.43007
404.01431	1.43147
404.25536	1.43302
404.49642	1.43463
404.73748	1.43623
404.97854	1.43774
405.21960	1.43911
405.46066	1.44034
405.70172	1.44149
405.94277	1.44262
406.18383	1.44383
406.42489	1.44519
406.66595	1.44674
406.90701	1.44848
407.14807	1.45034
407.38913	1.45221
407.63019	1.45393
407.87124	1.45535
408.11230	1.45632
408.35336	1.45676
408.59442	1.45661
408.83548	1.45590
409.07654	1.45470
409.31760	1.45316
409.55865	1.45140
409.79971	1.44957
410.04077	1.44778
410.28183	1.44608
410.52289	1.44450
410.76395	1.44300
411.00501	1.44152
411.24607	1.43999
411.48712	1.43835
411.72818	1.43659
411.96924	1.43473
412.21030	1.43284
412.45136	1.43101
412.69242	1.42936
412.93348	1.42798
413.17453	1.42691
413.41559	1.42615
413.65665	1.42562
413.89771	1.42520
414.13877	1.42473
414.37983	1.42405
414.62089	1.42301
414.86194	1.42150
415.10300	1.41949
415.34406	1.41699
415.58512	1.41407
415.82618	1.41084
416.06724	1.40739
416.30830	1.40383
416.54936	1.40022
416.79041	1.39658
417.03147	1.39287
417.27253	1.38904
417.51359	1.38502
417.75465	1.38074
417.99571	1.37616
418.23677	1.37128
418.47782	1.36615
418.71888	1.36086
418.95994	1.35552
419.20100	1.35027
419.44206	1.34522
419.68312	1.34046
419.92418	1.33603
420.16524	1.33191
420.40629	1.32801
420.64735	1.32424
420.88841	1.32044
421.12947	1.31647
421.37053	1.31222
421.61159	1.30759
421.85265	1.30255
422.09370	1.29712
422.33476	1.29132
422.57582	1.28523
422.81688	1.27891
423.05794	1.27239
423.29900	1.26568
423.54006	1.25875
423.78112	1.25153
424.02217	1.24393
424.26323	1.23587
424.50429	1.22728
424.74535	1.21813
424.98641	1.20842
425.22747	1.19822
425.46853	1.18762
425.70958	1.17674
425.95064	1.16571
426.19170	1.15465
426.43276	1.14367
426.67382	1.13285
426.91488	1.12224
427.15594	1.11187
427.39699	1.10175
427.63805	1.09189
427.87911	1.08229
428.12017	1.07295
428.36123	1.06388
428.60229	1.05509
428.84335	1.04659
429.08441	1.03838
429.32546	1.03044
429.56652	1.02275
429.80758	1.01523
430.04864	1.00782
430.28970	1.00042
430.53076	0.99293
430.77182	0.98528
431.01287	0.97736
431.25393	0.96914
431.49499	0.96060
431.73605	0.95175
431.97711	0.94264
432.21817	0.93333
432.45923	0.92392
432.70029	0.91450
432.94134	0.90514
433.18240	0.89590
433.42346	0.88683
433.66452	0.87792
433.90558	0.86918
434.14664	0.86059
434.38770	0.85216
434.62875	0.84392
434.86981	0.83590
435.11087	0.82819
435.35193	0.82086
435.59299	0.81399
435.83405	0.80769
436.07511	0.80201
436.31617	0.79701
436.55722	0.79273
436.79828	0.78916
437.03934	0.78630
437.28040	0.78414
437.52146	0.78265
437.76252	0.78184
438.00358	0.78174
438.24463	0.78238
438.48569	0.78382
438.72675	0.78612
438.96781	0.78931
439.20887	0.79343
439.44993	0.79847
439.69099	0.80439
439.93204	0.81109
440.17310	0.81849
440.41416	0.82648
440.65522	0.83491
440.89628	0.84366
441.13734	0.85263
441.37840	0.86172
441.61946	0.87087
441.86051	0.87999
442.10157	0.88907
442.34263	0.89808
442.58369	0.90699
442.82475	0.91572
443.06581	0.92422
443.30687	0.93238
443.54792	0.94010
443.78898	0.94727
444.03004	0.95382
444.27110	0.95970
444.51216	0.96485
444.75322	0.96930
444.99428	0.97307
445.23534	0.97623
445.47639	0.97884
445.71745	0.98100
445.95851	0.98276
446.19957	0.98417
446.44063	0.98527
446.68169	0.98607
446.92275	0.98658
447.16380	0.98680
447.40486	0.98673
447.64592	0.98643
447.88698	0.98592
448.12804	0.98529
448.36910	0.98461
448.61016	0.98396
448.85122	0.98341
449.09227	0.98302
449.33333	0.98281
449.57439	0.98276
449.81545	0.98283
450.05651	0.98296
450.29757	0.98306
450.53863	0.98305
450.77968	0.98286
451.02074	0.98244
451.26180	0.98176
451.50286	0.98083
451.74392	0.97969
451.98498	0.97838
452.22604	0.97695
452.46710	0.97546
452.70815	0.97393
452.94921	0.97238
453.19027	0.97077
453.43133	0.96908
453.67239	0.96726
453.91345	0.96528
454.15451	0.96310
454.39556	0.96072
454.63662	0.95818
454.87768	0.95552
455.11874	0.95282
455.35980	0.95014
455.60086	0.94757
455.84192	0.94514
456.08297	0.94289
456.32403	0.94082
456.56509	0.93889
456.80615	0.93708
457.04721	0.93535
457.28827	0.93364
457.52933	0.93193
457.77039	0.93021
458.01144	0.92847
458.25250	0.92671
458.49356	0.92495
458.73462	0.92318
458.97568	0.92139
459.21674	0.91956
459.45780	0.91766
459.69885	0.91565
459.93991	0.91349
460.18097	0.91114
460.42203	0.90859
460.66309	0.90583
460.90415	0.90288
461.14521	0.89979
461.38627	0.89662
461.62732	0.89344
461.86838	0.89032
462.10944	0.88732
462.35050	0.88450
462.59156	0.88188
462.83262	0.87946
463.07368	0.87721
463.31473	0.87510
463.55579	0.87307
463.79685	0.87105
464.03791	0.86900
464.27897	0.86688
464.52003	0.86467
464.76109	0.86236
465.00215	0.85996
465.24320	0.85749
465.48426	0.85496
465.72532	0.85240
465.96638	0.84981
466.20744	0.84719
466.44850	0.84452
466.68956	0.84179
466.93061	0.83899
467.17167	0.83611
467.41273	0.83317
467.65379	0.83018
467.89485	0.82719
468.13591	0.82424
468.37697	0.82139
468.61802	0.81868
468.85908	0.81615
469.10014	0.81381
469.34120	0.81166
469.58226	0.80969
469.82332	0.80784
470.06438	0.80610
470.30544	0.80442
470.54649	0.80277
470.78755	0.80113
471.02861	0.79950
471.26967	0.79790
471.51073	0.79632
471.75179	0.79480
471.99285	0.79333
472.23390	0.79191
472.47496	0.79054
472.71602	0.78919
472.95708	0.78782
473.19814	0.78640
473.43920	0.78491
473.68026	0.78333
473.92132	0.78167
474.16237	0.77993
474.40343	0.77817
474.64449	0.77642
474.88555	0.77474
475.12661	0.77318
475.36767	0.77178
475.60873	0.77055
475.84978	0.76951
476.09084	0.76864
476.33190	0.76792
476.57296	0.76731
476.81402	0.76678
477.05508	0.76629
477.29614	0.76582
477.53720	0.76537
477.77825	0.76492
478.01931	0.76449
478.26037	0.76408
478.50143	0.76370
478.74249	0.76334
478.98355	0.76301
479.22461	0.76268
479.46566	0.76232
479.70672	0.76192
479.94778	0.76144
480.18884	0.76086
480.42990	0.76017
480.67096	0.75937
480.91202	0.75847
481.15307	0.75748
481.39413	0.75643
481.63519	0.75533
481.87625	0.75421
482.11731	0.75308
482.35837	0.75194
482.59943	0.75080
482.84049	0.74963
483.08154	0.74844
483.32260	0.74723
483.56366	0.74600
483.80472	0.74477
484.04578	0.74356
484.28684	0.74242
484.52790	0.74137
484.76895	0.74045
485.01001	0.73968
485.25107	0.73906
485.49213	0.73856
485.73319	0.73817
485.97425	0.73783
486.21531	0.73749
486.45637	0.73709
486.69742	0.73658
486.93848	0.73595
487.17954	0.73519
487.42060	0.73432
487.66166	0.73336
487.90272	0.73238
488.14378	0.73141
488.38483	0.73050
488.62589	0.72969
488.86695	0.72899
489.10801	0.72840
489.34907	0.72789
489.59013	0.72744
489.83119	0.72703
490.07225	0.72662
490.31330	0.72620
490.55436	0.72580
490.79542	0.72542
491.03648	0.72510
491.27754	0.72490
491.51860	0.72485
491.75966	0.72500
492.00071	0.72537
492.24177	0.72596
492.48283	0.72676
492.72389	0.72773
492.96495	0.72881
493.20601	0.72995
493.44707	0.73110
493.68812	0.73221
493.92918	0.73326
494.17024	0.73423
494.41130	0.73513
494.65236	0.73598
494.89342	0.73680
495.13448	0.73759
495.37554	0.73837
495.61659	0.73912
495.85765	0.73983
496.09871	0.74045
496.33977	0.74096
496.58083	0.74133
496.82189	0.74155
497.06295	0.74162
497.30400	0.74157
497.54506	0.74144
497.78612	0.74128
498.02718	0.74115
498.26824	0.74109
498.50930	0.74113
498.75036	0.74127
498.99142	0.74149
499.23247	0.74177
499.47353	0.74204
499.71459	0.74225
499.95565	0.74235
500.19671	0.74229
500.43777	0.74205
500.67883	0.74159
500.91988	0.74093
501.16094	0.74006
501.40200	0.73899
501.64306	0.73772
501.88412	0.73625
502.12518	0.73455
502.36624	0.73259
502.60730	0.73034
502.84835	0.72775
503.08941	0.72476
503.33047	0.72135
503.57153	0.71747
503.81259	0.71312
504.05365	0.70833
504.29471	0.70316
504.53576	0.69767
504.77682	0.69201
505.01788	0.68630
505.25894	0.68074
505.50000	0.67550
505.74106	0.67085
505.98212	0.66699
506.22318	0.66417
506.46423	0.66259
506.70529	0.66240
506.94635	0.66374
507.18741	0.66666
507.42847	0.67114
507.66953	0.67708
507.91059	0.68435
508.15164	0.69271
508.39270	0.70191
508.63376	0.71166
508.87482	0.72167
509.11588	0.73164
509.35694	0.74129
509.59800	0.75047
509.83905	0.75904
510.08011	0.76691
510.32117	0.77407
510.56223	0.78053
510.80329	0.78635
511.04435	0.79163
511.28541	0.79646
511.52647	0.80092
511.76752	0.80508
512.00858	0.80900
512.24964	0.81269
512.49070	0.81617
512.73176	0.81943
512.97282	0.82248
513.21388	0.82530
513.45493	0.82792
513.69599	0.83034
513.93705	0.83260
514.17811	0.83471
514.41917	0.83671
514.66023	0.83861
514.90129	0.84041
515.14235	0.84208
515.38340	0.84359
515.62446	0.84490
515.86552	0.84597
516.10658	0.84676
516.34764	0.84724
516.58870	0.84743
516.82976	0.84733
517.07081	0.84699
517.31187	0.84645
517.55293	0.84575
517.79399	0.84495
518.03505	0.84408
518.27611	0.84316
518.51717	0.84219
518.75823	0.84118
518.99928	0.84013
519.24034	0.83902
519.48140	0.83788
519.72246	0.83671
519.96352	0.83554
520.20458	0.83441
520.44564	0.83336
520.68669	0.83242
520.92775	0.83160
521.16881	0.83092
521.40987	0.83036
521.65093	0.82990
521.89199	0.82950
522.13305	0.82913
522.37410	0.82874
522.61516	0.82830
522.85622	0.82781
523.09728	0.82724
523.33834	0.82661
523.57940	0.82592
523.82046	0.82519
524.06152	0.82444
524.30257	0.82365
524.54363	0.82283
524.78469	0.82196
525.02575	0.82104
525.26681	0.82005
525.50787	0.81898
525.74893	0.81785
525.98998	0.81667
526.23104	0.81548
526.47210	0.81431
526.71316	0.81321
526.95422	0.81222
527.19528	0.81138
527.43634	0.81071
527.67740	0.81023
527.91845	0.80993
528.15951	0.80979
528.40057	0.80978
528.64163	0.80984
528.88269	0.80995
529.12375	0.81007
529.36481	0.81016
529.60586	0.81022
529.84692	0.81024
530.08798	0.81023
530.32904	0.81021
530.57010	0.81020
530.81116	0.81019
531.05222	0.81019
531.29328	0.81016
531.53433	0.81008
531.77539	0.80989
532.01645	0.80957
532.25751	0.80906
532.49857	0.80836
532.73963	0.80746
532.98069	0.80637
533.22174	0.80513
533.46280	0.80379
533.70386	0.80238
533.94492	0.80096
534.18598	0.79955
534.42704	0.79816
534.66810	0.79681
534.90915	0.79548
535.15021	0.79415
535.39127	0.79278
535.63233	0.79138
535.87339	0.78991
536.11445	0.78838
536.35551	0.78679
536.59657	0.78515
536.83762	0.78347
537.07868	0.78175
537.31974	0.78000
537.56080	0.77821
537.80186	0.77635
538.04292	0.77440
538.28398	0.77231
538.52503	0.77008
538.76609	0.76767
539.00715	0.76511
539.24821	0.76241
539.48927	0.75961
539.73033	0.75676
539.97139	0.75395
540.21245	0.75122
540.45350	0.74864
540.69456	0.74625
540.93562	0.74409
541.17668	0.74217
541.41774	0.74049
541.65880	0.73906
541.89986	0.73788
542.14091	0.73693
542.38197	0.73623
542.62303	0.73578
542.86409	0.73558
543.10515	0.73565
543.34621	0.73599
543.58727	0.73658
543.82833	0.73742
544.06938	0.73844
544.31044	0.73960
544.55150	0.74083
544.79256	0.74206
545.03362	0.74320
545.27468	0.74420
545.51574	0.74501
545.75679	0.74559
545.99785	0.74594
546.23891	0.74606
546.47997	0.74595
546.72103	0.74565
546.96209	0.74516
547.20315	0.74448
547.44421	0.74361
547.68526	0.74254
547.92632	0.74125
548.16738	0.73971
548.40844	0.73793
548.64950	0.73589
548.89056	0.73362
549.13162	0.73113
549.37267	0.72847
549.61373	0.72570
549.85479	0.72288
550.09585	0.72007
550.33691	0.71735
550.57797	0.71478
550.81903	0.71244
551.06008	0.71037
551.30114	0.70865
551.54220	0.70732
551.78326	0.70643
552.02432	0.70601
552.26538	0.70607
552.50644	0.70664
552.74750	0.70770
552.98855	0.70926
553.22961	0.71129
553.47067	0.71377
553.71173	0.71668
553.95279	0.71999
554.19385	0.72367
554.43491	0.72769
554.67596	0.73203
554.91702	0.73666
555.15808	0.74156
555.39914	0.74668
555.64020	0.75201
555.88126	0.75750
556.12232	0.76313
556.36338	0.76885
556.60443	0.77463
556.84549	0.78044
557.08655	0.78624
557.32761	0.79200
557.56867	0.79768
557.80973	0.80325
558.05079	0.80867
558.29184	0.81390
558.53290	0.81891
558.77396	0.82368
559.01502	0.82820
559.25608	0.83245
559.49714	0.83644
559.73820	0.84019
559.97926	0.84371
560.22031	0.84700
560.46137	0.85008
560.70243	0.85295
560.94349	0.85560
561.18455	0.85802
561.42561	0.86020
561.66667	0.86214
561.90772	0.86386
562.14878	0.86536
562.38984	0.86670
562.63090	0.86792
562.87196	0.86906
563.11302	0.87017
563.35408	0.87128
563.59513	0.87241
563.83619	0.87356
564.07725	0.87472
564.31831	0.87589
564.55937	0.87703
564.80043	0.87813
565.04149	0.87920
565.28255	0.88023
565.52360	0.88126
565.76466	0.88230
566.00572	0.88340
566.24678	0.88458
566.48784	0.88586
566.72890	0.88725
566.96996	0.88876
567.21101	0.89034
567.45207	0.89198
567.69313	0.89364
567.93419	0.89527
568.17525	0.89686
568.41631	0.89837
568.65737	0.89980
568.89843	0.90116
569.13948	0.90247
569.38054	0.90375
569.62160	0.90504
569.86266	0.90633
570.10372	0.90765
570.34478	0.90900
570.58584	0.91035
570.82689	0.91169
571.06795	0.91299
571.30901	0.91423
571.55007	0.91540
571.79113	0.91649
572.03219	0.91751
572.27325	0.91850
572.51431	0.91946
572.75536	0.92042
572.99642	0.92140
573.23748	0.92241
573.47854	0.92344
573.71960	0.92446
573.96066	0.92545
574.20172	0.92637
574.44277	0.92720
574.68383	0.92793
574.92489	0.92855
575.16595	0.92909
575.40701	0.92959
575.64807	0.93009
575.88913	0.93065
576.13018	0.93131
576.37124	0.93211
576.61230	0.93306
576.85336	0.93418
577.09442	0.93544
577.33548	0.93682
577.57654	0.93830
577.81760	0.93985
578.05865	0.94144
578.29971	0.94305
578.54077	0.94467
578.78183	0.94630
579.02289	0.94793
579.26395	0.94955
579.50501	0.95116
579.74606	0.95273
579.98712	0.95424
580.22818	0.95566
580.46924	0.95694
580.71030	0.95805
580.95136	0.95898
581.19242	0.95971
581.43348	0.96024
581.67453	0.96060
581.91559	0.96082
582.15665	0.96095
582.39771	0.96103
582.63877	0.96111
582.87983	0.96122
583.12089	0.96139
583.36194	0.96162
583.60300	0.96191
583.84406	0.96223
584.08512	0.96257
584.32618	0.96290
584.56724	0.96319
584.80830	0.96343
585.04936	0.96360
585.29041	0.96372
585.53147	0.96378
585.77253	0.96379
586.01359	0.96376
586.25465	0.96368
586.49571	0.96355
586.73677	0.96336
586.97782	0.96308
587.21888	0.96270
587.45994	0.96219
587.70100	0.96154
587.94206	0.96074
588.18312	0.95978
588.42418	0.95867
588.66523	0.95742
588.90629	0.95603
589.14735	0.95453
589.38841	0.95292
589.62947	0.95122
589.87053	0.94942
590.11159	0.94754
590.35265	0.94555
590.59370	0.94348
590.83476	0.94131
591.07582	0.93905
591.31688	0.93671
591.55794	0.93431
591.79900	0.93186
592.04006	0.92938
592.28111	0.92688
592.52217	0.92438
592.76323	0.92187
593.00429	0.91936
593.24535	0.91682
593.48641	0.91424
593.72747	0.91161
593.96853	0.90891
594.20958	0.90614
594.45064	0.90329
594.69170	0.90036
594.93276	0.89735
595.17382	0.89426
595.41488	0.89110
595.65594	0.88786
595.89699	0.88455
596.13805	0.88116
596.37911	0.87769
596.62017	0.87415
596.86123	0.87056
597.10229	0.86693
597.34335	0.86330
597.58441	0.85969
597.82546	0.85615
598.06652	0.85271
598.30758	0.84939
598.54864	0.84623
598.78970	0.84325
599.03076	0.84049
599.27182	0.83795
599.51287	0.83566
599.75393	0.83362
599.99499	0.83182
600.23605	0.83023
600.47711	0.82884
600.71817	0.82757
600.95923	0.82638
601.20029	0.82520
601.44134	0.82396
601.68240	0.82260
601.92346	0.82107
602.16452	0.81934
602.40558	0.81738
602.64664	0.81517
602.88770	0.81271
603.12875	0.81000
603.36981	0.80704
603.61087	0.80385
603.85193	0.80045
604.09299	0.79686
604.33405	0.79311
604.57511	0.78923
604.81616	0.78527
605.05722	0.78126
605.29828	0.77722
605.53934	0.77318
605.78040	0.76913
606.02146	0.76509
606.26252	0.76102
606.50358	0.75691
606.74463	0.75274
606.98569	0.74847
607.22675	0.74408
607.46781	0.73955
607.70887	0.73488
607.94993	0.73005
608.19099	0.72506
608.43204	0.71990
608.67310	0.71457
608.91416	0.70904
609.15522	0.70331
609.39628	0.69736
609.63734	0.69118
609.87840	0.68475
610.11946	0.67807
610.36051	0.67114
610.60157	0.66396
610.84263	0.65657
611.08369	0.64899
611.32475	0.64126
611.56581	0.63345
611.80687	0.62560
612.04792	0.61780
612.28898	0.61012
612.53004	0.60263
612.77110	0.59544
613.01216	0.58861
613.25322	0.58224
613.49428	0.57639
613.73534	0.57114
613.97639	0.56654
614.21745	0.56262
614.45851	0.55939
614.69957	0.55685
614.94063	0.55498
615.18169	0.55372
615.42275	0.55302
615.66380	0.55280
615.90486	0.55297
616.14592	0.55345
616.38698	0.55415
616.62804	0.55499
616.86910	0.55590
617.11016	0.55683
617.35121	0.55772
617.59227	0.55855
617.83333	0.55929
618.07439	0.55993
618.31545	0.56047
618.55651	0.56089
618.79757	0.56121
619.03863	0.56142
619.27968	0.56155
619.52074	0.56160
619.76180	0.56158
620.00286	0.56150
620.24392	0.56137
620.48498	0.56119
620.72604	0.56098
620.96709	0.56073
621.20815	0.56042
621.44921	0.56005
621.69027	0.55959
621.93133	0.55902
622.17239	0.55831
622.41345	0.55745
622.65451	0.55640
622.89556	0.55514
623.13662	0.55366
623.37768	0.55194
623.61874	0.54999
623.85980	0.54780
624.10086	0.54539
624.34192	0.54277
624.58297	0.53998
624.82403	0.53703
625.06509	0.53395
625.30615	0.53078
625.54721	0.52754
625.78827	0.52426
626.02933	0.52097
626.27039	0.51768
626.51144	0.51441
626.75250	0.51116
626.99356	0.50794
627.23462	0.50473
627.47568	0.50150
627.71674	0.49822
627.95780	0.49483
628.19885	0.49127
628.43991	0.48749
628.68097	0.48343
628.92203	0.47904
629.16309	0.47430
629.40415	0.46924
629.64521	0.46389
629.88626	0.45834
630.12732	0.45272
630.36838	0.44715
630.60944	0.44180
630.85050	0.43682
631.09156	0.43234
631.33262	0.42847
631.57368	0.42529
631.81473	0.42282
632.05579	0.42105
632.29685	0.41992
632.53791	0.41934
632.77897	0.41920
633.02003	0.41939
633.26109	0.41978
633.50214	0.42026
633.74320	0.42072
633.98426	0.42108
634.22532	0.42127
634.46638	0.42123
634.70744	0.42094
634.94850	0.42040
635.18956	0.41962
635.43061	0.41861
635.67167	0.41741
635.91273	0.41606
636.15379	0.41460
636.39485	0.41307
636.63591	0.41149
636.87697	0.40990
637.11802	0.40831
637.35908	0.40672
637.60014	0.40514
637.84120	0.40354
638.08226	0.40192
638.32332	0.40026
638.56438	0.39852
638.80544	0.39670
639.04649	0.39477
639.28755	0.39273
639.52861	0.39057
639.76967	0.38829
640.01073	0.38589
640.25179	0.38337
640.49285	0.38074
640.73390	0.37798
640.97496	0.37510
641.21602	0.37211
641.45708	0.36898
641.69814	0.36574
641.93920	0.36239
642.18026	0.35895
642.42132	0.35544
642.66237	0.35190
642.90343	0.34838
643.14449	0.34491
643.38555	0.34153
643.62661	0.33830
643.86767	0.33523
644.10873	0.33236
644.34978	0.32970
644.59084	0.32725
644.83190	0.32502
645.07296	0.32299
645.31402	0.32114
645.55508	0.31946
645.79614	0.31791
646.03719	0.31647
646.27825	0.31510
646.51931	0.31377
646.76037	0.31245
647.00143	0.31110
647.24249	0.30970
647.48355	0.30822
647.72461	0.30664
647.96566	0.30494
648.20672	0.30310
648.44778	0.30112
648.68884	0.29900
648.92990	0.29675
649.17096	0.29437
649.41202	0.29189
649.65307	0.28932
649.89413	0.28669
650.13519	0.28400
650.37625	0.28128
650.61731	0.27854
650.85837	0.27578
651.09943	0.27301
651.34049	0.27023
651.58154	0.26744
651.82260	0.26464
652.06366	0.26183
652.30472	0.25902
652.54578	0.25621
652.78684	0.25339
653.02790	0.25057
653.26895	0.24773
653.51001	0.24487
653.75107	0.24197
653.99213	0.23901
654.23319	0.23598
654.47425	0.23286
654.71531	0.22964
654.95637	0.22629
655.19742	0.22280
655.43848	0.21918
655.67954	0.21541
655.92060	0.21149
656.16166	0.20743
656.40272	0.20324
656.64378	0.19891
656.88483	0.19447
657.12589	0.18992
657.36695	0.18531
657.60801	0.18066
657.84907	0.17604
658.09013	0.17148
658.33119	0.16706
658.57224	0.16284
658.81330	0.15890
659.05436	0.15532
659.29542	0.15213
659.53648	0.14940
659.77754	0.14714
660.01860	0.14535
660.25966	0.14402
660.50071	0.14308
660.74177	0.14250
660.98283	0.14218
661.22389	0.14206
661.46495	0.14204
661.70601	0.14207
661.94707	0.14207
662.18812	0.14200
662.42918	0.14180
662.67024	0.14147
662.91130	0.14099
663.15236	0.14035
663.39342	0.13955
663.63448	0.13862
663.87554	0.13755
664.11659	0.13637
664.35765	0.13509
664.59871	0.13373
664.83977	0.13231
665.08083	0.13084
665.32189	0.12934
665.56295	0.12782
665.80400	0.12629
666.04506	0.12474
666.28612	0.12319
666.52718	0.12162
666.76824	0.12005
667.00930	0.11846
667.25036	0.11685
667.49142	0.11522
667.73247	0.11356
667.97353	0.11188
668.21459	0.11017
668.45565	0.10845
668.69671	0.10670
668.93777	0.10494
669.17883	0.10318
669.41988	0.10142
669.66094	0.09968
669.90200	0.09795
670.14306	0.09625
670.38412	0.09459
670.62518	0.09297
670.86624	0.09139
671.10729	0.08986
671.34835	0.08838
671.58941	0.08694
671.83047	0.08553
672.07153	0.08417
672.31259	0.08283
672.55365	0.08151
672.79471	0.08022
673.03576	0.07894
673.27682	0.07768
673.51788	0.07644
673.75894	0.07521
674.00000	0.07399
674.24106	0.07278
674.48212	0.07159
674.72317	0.07039
674.96423	0.06920
675.20529	0.06801
675.44635	0.06682
675.68741	0.06562
675.92847	0.06441
676.16953	0.06320
676.41059	0.06199
676.65164	0.06078
676.89270	0.05957
677.13376	0.05837
677.37482	0.05717
677.61588	0.05600
677.85694	0.05484
678.09800	0.05371
678.33905	0.05259
678.58011	0.05151
678.82117	0.05045
679.06223	0.04942
679.30329	0.04842
679.54435	0.04745
679.78541	0.04651
680.02647	0.04560
680.26752	0.04472
680.50858	0.04386
680.74964	0.04302
680.99070	0.04219
681.23176	0.04139
681.47282	0.04059
681.71388	0.03980
681.95493	0.03902
682.19599	0.03825
682.43705	0.03749
682.67811	0.03674
682.91917	0.03601
683.16023	0.03529
683.40129	0.03460
683.64234	0.03392
683.88340	0.03327
684.12446	0.03263
684.36552	0.03201
684.60658	0.03141
684.84764	0.03082
685.08870	0.03025
685.32976	0.02969
685.57081	0.02915
685.81187	0.02863
686.05293	0.02813
686.29399	0.02764
686.53505	0.02718
686.77611	0.02674
687.01717	0.02631
687.25822	0.02591
687.49928	0.02552
687.74034	0.02515
687.98140	0.02478
688.22246	0.02442
688.46352	0.02407
688.70458	0.02372
688.94564	0.02338
689.18669	0.02303
689.42775	0.02269
689.66881	0.02235
689.90987	0.02202
690.15093	0.02170
690.39199	0.02139
690.63305	0.02109
690.87410	0.02081
691.11516	0.02054
691.35622	0.02029
691.59728	0.02004
691.83834	0.01980
692.07940	0.01957
692.32046	0.01934
692.56152	0.01911
692.80257	0.01887
693.04363	0.01863
693.28469	0.01838
693.52575	0.01813
693.76681	0.01787
694.00787	0.01761
694.24893	0.01735
694.48998	0.01708
694.73104	0.01681
694.97210	0.01653
695.21316	0.01624
695.45422	0.01594
695.69528	0.01561
695.93634	0.01527
696.17740	0.01491
696.41845	0.01452
696.65951	0.01413
696.90057	0.01372
697.14163	0.01331
697.38269	0.01290
697.62375	0.01250
697.86481	0.01210
698.10586	0.01170
698.34692	0.01131
698.58798	0.01092
698.82904	0.01052
699.07010	0.01013
699.31116	0.00974
699.55222	0.00935
699.79327	0.00897
700.03433	0.00861
700.27539	0.00827
700.51645	0.00795
700.75751	0.00767
700.99857	0.00741
701.23963	0.00719
701.48069	0.00699
701.72174	0.00681
701.96280	0.00664
702.20386	0.00649
702.44492	0.00634
702.68598	0.00620
702.92704	0.00607
703.16810	0.00594
703.40915	0.00582
703.65021	0.00571
703.89127	0.00561
704.13233	0.00553
704.37339	0.00546
704.61445	0.00542
704.85551	0.00538
705.09657	0.00536
705.33762	0.00535
705.57868	0.00534
705.81974	0.00532
706.06080	0.00530
706.30186	0.00527
706.54292	0.00523
706.78398	0.00519
707.02503	0.00515
707.26609	0.00510
707.50715	0.00507
707.74821	0.00504
707.98927	0.00501
708.23033	0.00500
708.47139	0.00499
708.71245	0.00499
708.95350	0.00498
709.19456	0.00497
709.43562	0.00496
709.67668	0.00494
709.91774	0.00493
710.15880	0.00492
710.39986	0.00492
710.64091	0.00493
710.88197	0.00495
711.12303	0.00497
711.36409	0.00501
711.60515	0.00505
711.84621	0.00509
712.08727	0.00512
712.32832	0.00515
712.56938	0.00518
712.81044	0.00519
713.05150	0.00519
713.29256	0.00518
713.53362	0.00517
713.77468	0.00514
714.01574	0.00512
714.25679	0.00509
714.49785	0.00506
714.73891	0.00504
714.97997	0.00502
715.22103	0.00501
715.46209	0.00500
715.70315	0.00501
715.94420	0.00501
716.18526	0.00502
716.42632	0.00504
716.66738	0.00505
716.90844	0.00506
717.14950	0.00506
717.39056	0.00506
717.63162	0.00505
717.87267	0.00504
718.11373	0.00501
718.35479	0.00498
718.59585	0.00494
718.83691	0.00490
719.07797	0.00486
719.31903	0.00482
719.56008	0.00479
719.80114	0.00476
720.04220	0.00475
720.28326	0.00475
720.52432	0.00477
720.76538	0.00480
721.00644	0.00484
721.24750	0.00488
721.48855	0.00492
721.72961	0.00496
721.97067	0.00499
722.21173	0.00501
722.45279	0.00501
722.69385	0.00500
722.93491	0.00497
723.17596	0.00494
723.41702	0.00489
723.65808	0.00485
723.89914	0.00481
724.14020	0.00478
724.38126	0.00475
724.62232	0.00474
724.86337	0.00474
725.10443	0.00474
725.34549	0.00475
725.58655	0.00477
725.82761	0.00478
726.06867	0.00479
726.30973	0.00480
726.55079	0.00480
726.79184	0.00480
727.03290	0.00479
727.27396	0.00477
727.51502	0.00476
727.75608	0.00474
727.99714	0.00472
728.23820	0.00470
728.47925	0.00468
728.72031	0.00466
728.96137	0.00463
729.20243	0.00461
729.44349	0.00459
729.68455	0.00456
729.92561	0.00454
730.16667	0.00453
730.40772	0.00451
730.64878	0.00451
730.88984	0.00451
731.13090	0.00451
731.37196	0.00452
731.61302	0.00454
731.85408	0.00455
732.09513	0.00456
732.33619	0.00458
732.57725	0.00459
732.81831	0.00459
733.05937	0.00460
733.30043	0.00461
733.54149	0.00461
733.78255	0.00462
734.02360	0.00463
734.26466	0.00464
734.50572	0.00465
734.74678	0.00465
734.98784	0.00465
735.22890	0.00464
735.46996	0.00462
735.71101	0.00460
735.95207	0.00458
736.19313	0.00456
736.43419	0.00455
736.67525	0.00453
736.91631	0.00452
737.15737	0.00451
737.39842	0.00449
737.63948	0.00447
737.88054	0.00444
738.12160	0.00441
738.36266	0.00437
738.60372	0.00433
738.84478	0.00430
739.08584	0.00427
739.32689	0.00425
739.56795	0.00425
739.80901	0.00426
740.05007	0.00427
740.29113	0.00429
740.53219	0.00432
740.77325	0.00434
741.01430	0.00436
741.25536	0.00437
741.49642	0.00438
741.73748	0.00439
741.97854	0.00440
742.21960	0.00441
742.46066	0.00442
742.70172	0.00442
742.94277	0.00443
743.18383	0.00443
743.42489	0.00443
743.66595	0.00442
743.90701	0.00441
744.14807	0.00439
744.38913	0.00437
744.63018	0.00435
744.87124	0.00434
745.11230	0.00434
745.35336	0.00434
745.59442	0.00435
745.83548	0.00437
746.07654	0.00440
746.31760	0.00445
746.55865	0.00450
746.79971	0.00456
747.04077	0.00463
747.28183	0.00470
747.52289	0.00477
747.76395	0.00485
748.00501	0.00493
748.24606	0.00500
748.48712	0.00508
748.72818	0.00515
748.96924	0.00521
749.21030	0.00528
749.45136	0.00534
749.69242	0.00540
749.93348	0.00547
750.17453	0.00554
750.41559	0.00562
750.65665	0.00571
750.89771	0.00581
751.13877	0.00592
751.37983	0.00605
751.62089	0.00618
751.86194	0.00632
752.10300	0.00648
752.34406	0.00665
752.58512	0.00684
752.82618	0.00705
753.06724	0.00726
753.30830	0.00749
753.54935	0.00773
753.79041	0.00796
754.03147	0.00818
754.27253	0.00839
754.51359	0.00858
754.75465	0.00875
754.99571	0.00890
755.23677	0.00904
755.47782	0.00917
755.71888	0.00931
755.95994	0.00946
756.20100	0.00964
756.44206	0.00984
756.68312	0.01006
756.92418	0.01031
757.16523	0.01057
757.40629	0.01085
757.64735	0.01113
757.88841	0.01141
758.12947	0.01169
758.37053	0.01195
758.61159	0.01220
758.85265	0.01245
759.09370	0.01268
759.33476	0.01292
759.57582	0.01315
759.81688	0.01339
760.05794	0.01363
760.29900	0.01387
760.54006	0.01412
760.78111	0.01436
761.02217	0.01461
761.26323	0.01485
761.50429	0.01508
761.74535	0.01530
761.98641	0.01551
762.22747	0.01571
762.46853	0.01590
762.70958	0.01608
762.95064	0.01625
763.19170	0.01641
763.43276	0.01656
763.67382	0.01670
763.91488	0.01683
764.15594	0.01696
764.39699	0.01708
764.63805	0.01719
764.87911	0.01730
765.12017	0.01742
765.36123	0.01753
765.60229	0.01766
765.84335	0.01778
766.08440	0.01791
766.32546	0.01804
766.56652	0.01817
766.80758	0.01830
767.04864	0.01841
767.28970	0.01851
767.53076	0.01860
767.77182	0.01867
768.01287	0.01872
768.25393	0.01876
768.49499	0.01879
768.73605	0.01881
768.97711	0.01882
769.21817	0.01883
769.45923	0.01884
769.70028	0.01886
769.94134	0.01889
770.18240	0.01895
770.42346	0.01902
770.66452	0.01911
770.90558	0.01922
771.14664	0.01936
771.38770	0.01950
771.62875	0.01966
771.86981	0.01983
772.11087	0.02000
772.35193	0.02018
772.59299	0.02036
772.83405	0.02055
773.07511	0.02075
773.31616	0.02096
773.55722	0.02119
773.79828	0.02144
774.03934	0.02170
774.28040	0.02197
774.52146	0.02226
774.76252	0.02256
775.00358	0.02285
775.24463	0.02315
775.48569	0.02345
775.72675	0.02373
775.96781	0.02401
776.20887	0.02428
776.44993	0.02454
776.69099	0.02479
776.93204	0.02502
777.17310	0.02525
777.41416	0.02546
777.65522	0.02567
777.89628	0.02587
778.13734	0.02606
778.37840	0.02624
778.61945	0.02642
778.86051	0.02658
779.10157	0.02674
779.34263	0.02690
779.58369	0.02704
779.82475	0.02719
780.06581	0.02733
780.30687	0.02747
780.54792	0.02762
780.78898	0.02776
781.03004	0.02790
781.27110	0.02804
781.51216	0.02818
781.75322	0.02831
781.99428	0.02843
782.23533	0.02853
782.47639	0.02863
782.71745	0.02871
782.95851	0.02878
783.19957	0.02883
783.44063	0.02888
783.68169	0.02891
783.92275	0.02893
784.16380	0.02894
784.40486	0.02895
784.64592	0.02895
784.88698	0.02894
785.12804	0.02892
785.36910	0.02888
785.61016	0.02883
785.85121	0.02876
786.09227	0.02867
786.33333	0.02854
786.57439	0.02839
786.81545	0.02821
787.05651	0.02799
787.29757	0.02776
787.53863	0.02750
787.77968	0.02723
788.02074	0.02694
788.26180	0.02665
788.50286	0.02635
788.74392	0.02605
788.98498	0.02575
789.22604	0.02544
789.46709	0.02514
789.70815	0.02484
789.94921	0.02453
790.19027	0.02424
790.43133	0.02394
790.67239	0.02366
790.91345	0.02337
791.15451	0.02310
791.39556	0.02284
791.63662	0.02258
791.87768	0.02234
792.11874	0.02210
792.35980	0.02189
792.60086	0.02168
792.84192	0.02150
793.08297	0.02133
793.32403	0.02119
793.56509	0.02107
793.80615	0.02098
794.04721	0.02091
794.28827	0.02087
794.52933	0.02084
794.77038	0.02084
795.01144	0.02084
795.25250	0.02086
795.49356	0.02088
795.73462	0.02092
795.97568	0.02098
796.21674	0.02104
796.45780	0.02112
796.69885	0.02122
796.93991	0.02132
797.18097	0.02144
797.42203	0.02155
797.66309	0.02165
797.90415	0.02175
798.14521	0.02183
798.38626	0.02189
798.62732	0.02193
798.86838	0.02196
799.10944	0.02197
799.35050	0.02198
799.59156	0.02197
799.83262	0.02195
800.07368	0.02194
800.31473	0.02191
800.55579	0.02189
800.79685	0.02187
801.03791	0.02185
801.27897	0.02183
801.52003	0.02182
801.76109	0.02183
802.00214	0.02186
802.24320	0.02190
802.48426	0.02196
802.72532	0.02203
802.96638	0.02212
803.20744	0.02222
803.44850	0.02232
803.68956	0.02244
803.93061	0.02255
804.17167	0.02267
804.41273	0.02279
804.65379	0.02291
804.89485	0.02303
805.13591	0.02314
805.37697	0.02325
805.61802	0.02335
805.85908	0.02345
806.10014	0.02354
806.34120	0.02362
806.58226	0.02370
806.82332	0.02377
807.06438	0.02385
807.30543	0.02394
807.54649	0.02403
807.78755	0.02413
808.02861	0.02425
808.26967	0.02437
808.51073	0.02451
808.75179	0.02465
808.99285	0.02479
809.23390	0.02494
809.47496	0.02508
809.71602	0.02522
809.95708	0.02535
810.19814	0.02548
810.43920	0.02560
810.68026	0.02572
810.92131	0.02584
811.16237	0.02595
811.40343	0.02606
811.64449	0.02617
811.88555	0.02628
812.12661	0.02638
812.36767	0.02648
812.60873	0.02657
812.84978	0.02666
813.09084	0.02674
813.33190	0.02681
813.57296	0.02687
813.81402	0.02694
814.05508	0.02700
814.29614	0.02707
814.53719	0.02713
814.77825	0.02720
815.01931	0.02728
815.26037	0.02736
815.50143	0.02744
815.74249	0.02753
815.98355	0.02762
816.22461	0.02772
816.46566	0.02781
816.70672	0.02790
816.94778	0.02799
817.18884	0.02807
817.42990	0.02815
817.67096	0.02821
817.91202	0.02827
818.15307	0.02832
818.39413	0.02837
818.63519	0.02841
818.87625	0.02846
819.11731	0.02851
819.35837	0.02857
819.59943	0.02863
819.84048	0.02869
820.08154	0.02876
820.32260	0.02882
820.56366	0.02887
820.80472	0.02892
821.04578	0.02896
821.28684	0.02898
821.52790	0.02901
821.76895	0.02902
822.01001	0.02904
822.25107	0.02905
822.49213	0.02907
822.73319	0.02908
822.97425	0.02910
823.21531	0.02911
823.45636	0.02913
823.69742	0.02915
823.93848	0.02918
824.17954	0.02920
824.42060	0.02922
824.66166	0.02925
824.90272	0.02927
825.14378	0.02930
825.38483	0.02931
825.62589	0.02932
825.86695	0.02932
826.10801	0.02931
826.34907	0.02929
826.59013	0.02925
826.83119	0.02921
827.07224	0.02915
827.31330	0.02908
827.55436	0.02900
827.79542	0.02892
828.03648	0.02883
828.27754	0.02875
828.51860	0.02867
828.75966	0.02860
829.00071	0.02853
829.24177	0.02848
829.48283	0.02843
829.72389	0.02839
829.96495	0.02835
830.20601	0.02830
830.44707	0.02825
830.68812	0.02818
830.92918	0.02811
831.17024	0.02802
831.41130	0.02793
831.65236	0.02783
831.89342	0.02772
832.13448	0.02761
832.37553	0.02750
832.61659	0.02739
832.85765	0.02728
833.09871	0.02717
833.33977	0.02705
833.58083	0.02693
833.82189	0.02680
834.06295	0.02666
834.30400	0.02651
834.54506	0.02634
834.78612	0.02616
835.02718	0.02597
835.26824	0.02576
835.50930	0.02554
835.75036	0.02531
835.99141	0.02506
836.23247	0.02481
836.47353	0.02454
836.71459	0.02425
836.95565	0.02396
837.19671	0.02364
837.43777	0.02332
837.67883	0.02298
837.91988	0.02262
838.16094	0.02226
838.40200	0.02189
838.64306	0.02151
838.88412	0.02113
839.12518	0.02076
839.36624	0.02038
839.60729	0.02002
839.84835	0.01967
840.08941	0.01932
840.33047	0.01898
840.57153	0.01864
840.81259	0.01831
841.05365	0.01797
841.29471	0.01762
841.53576	0.01727
841.77682	0.01692
842.01788	0.01656
842.25894	0.01620
842.50000	0.01584
842.74106	0.01549
842.98212	0.01515
843.22317	0.01481
843.46423	0.01450
843.70529	0.01419
843.94635	0.01390
844.18741	0.01363
844.42847	0.01337
844.66953	0.01314
844.91059	0.01292
845.15164	0.01271
845.39270	0.01252
845.63376	0.01235
845.87482	0.01219
846.11588	0.01203
846.35694	0.01189
846.59800	0.01175
846.83905	0.01162
847.08011	0.01150
847.32117	0.01139
847.56223	0.01130
847.80329	0.01121
848.04435	0.01114
848.28541	0.01109
848.52646	0.01104
848.76752	0.01100
849.00858	0.01096
849.24964	0.01094
849.49070	0.01092
849.73176	0.01091
849.97282	0.01090
850.21388	0.01091
850.45493	0.01093
850.69599	0.01095
850.93705	0.01098
851.17811	0.01102
851.41917	0.01106
851.66023	0.01110
851.90129	0.01114
852.14234	0.01119
852.38340	0.01122
852.62446	0.01126
852.86552	0.01130
853.10658	0.01133
853.34764	0.01136
853.58870	0.01140
853.82976	0.01144
854.07081	0.01148
854.31187	0.01152
854.55293	0.01157
854.79399	0.01162
855.03505	0.01166
855.27611	0.01171
855.51717	0.01175
855.75822	0.01179
855.99928	0.01183
856.24034	0.01186
856.48140	0.01188
856.72246	0.01190
856.96352	0.01192
857.20458	0.01193
857.44564	0.01194
857.68669	0.01194
857.92775	0.01195
858.16881	0.01195
858.40987	0.01195
858.65093	0.01194
858.89199	0.01193
859.13305	0.01192
859.37410	0.01190
859.61516	0.01188
859.85622	0.01184
860.09728	0.01180
860.33834	0.01174
860.57940	0.01168
860.82046	0.01161
861.06151	0.01154
861.30257	0.01146
861.54363	0.01137
861.78469	0.01128
862.02575	0.01119
862.26681	0.01110
862.50787	0.01100
862.74893	0.01090
862.98998	0.01079
863.23104	0.01067
863.47210	0.01055
863.71316	0.01042
863.95422	0.01028
864.19528	0.01013
864.43634	0.00997
864.67739	0.00981
864.91845	0.00964
865.15951	0.00947
865.40057	0.00930
865.64163	0.00913
865.88269	0.00897
866.12375	0.00881
866.36481	0.00866
866.60586	0.00852
866.84692	0.00838
867.08798	0.00825
867.32904	0.00813
867.57010	0.00800
867.81116	0.00788
868.05222	0.00776
868.29327	0.00763
868.53433	0.00750
868.77539	0.00736
869.01645	0.00721
869.25751	0.00705
869.49857	0.00689
869.73963	0.00673
869.98069	0.00657
870.22174	0.00642
870.46280	0.00629
870.70386	0.00619
870.94492	0.00613
871.18598	0.00612
871.42704	0.00614
871.66810	0.00621
871.90915	0.00631
872.15021	0.00644
872.39127	0.00659
872.63233	0.00675
872.87339	0.00692
873.11445	0.00710
873.35551	0.00726
873.59656	0.00742
873.83762	0.00757
874.07868	0.00770
874.31974	0.00783
874.56080	0.00795
874.80186	0.00806
875.04292	0.00816
875.28398	0.00824
875.52503	0.00830
875.76609	0.00834
876.00715	0.00837
876.24821	0.00838
876.48927	0.00837
876.73033	0.00835
876.97139	0.00832
877.21244	0.00828
877.45350	0.00823
877.69456	0.00818
877.93562	0.00812
878.17668	0.00806
878.41774	0.00799
878.65880	0.00792
878.89986	0.00783
879.14091	0.00774
879.38197	0.00764
879.62303	0.00753
879.86409	0.00742
880.10515	0.00731
880.34621	0.00719
880.58727	0.00708
880.82832	0.00696
881.06938	0.00685
881.31044	0.00673
881.55150	0.00662
881.79256	0.00650
882.03362	0.00638
882.27468	0.00626
882.51574	0.00614
882.75679	0.00603
882.99785	0.00592
883.23891	0.00582
883.47997	0.00573
883.72103	0.00565
883.96209	0.00557
884.20315	0.00550
884.44420	0.00542
884.68526	0.00533
884.92632	0.00523
885.16738	0.00512
885.40844	0.00500
885.64950	0.00487
885.89056	0.00473
886.13161	0.00460
886.37267	0.00446
886.61373	0.00434
886.85479	0.00422
887.09585	0.00413
887.33691	0.00404
887.57797	0.00397
887.81903	0.00390
888.06008	0.00384
888.30114	0.00378
888.54220	0.00372
888.78326	0.00365
889.02432	0.00358
889.26538	0.00350
889.50644	0.00342
889.74749	0.00334
889.98855	0.00325
890.22961	0.00317
890.47067	0.00309
890.71173	0.00301
890.95279	0.00293
891.19385	0.00285
891.43491	0.00278
891.67596	0.00272
891.91702	0.00265
892.15808	0.00260
892.39914	0.00255
892.64020	0.00250
892.88126	0.00246
893.12232	0.00242
893.36337	0.00239
893.60443	0.00237
893.84549	0.00235
894.08655	0.00233
894.32761	0.00232
894.56867	0.00230
894.80973	0.00229
895.05079	0.00228
895.29184	0.00226
895.53290	0.00225
895.77396	0.00223
896.01502	0.00221
896.25608	0.00219
896.49714	0.00217
896.73820	0.00214
896.97925	0.00211
897.22031	0.00208
897.46137	0.00204
897.70243	0.00200
897.94349	0.00194
898.18455	0.00188
898.42561	0.00181
898.66667	0.00174
898.90772	0.00168
899.14878	0.00163
899.38984	0.00158
899.63090	0.00156
