0.00000	0.02011
0.24106	0.01949
0.48212	0.01757
0.72318	0.01435
0.96423	0.01019
1.20529	0.00600
1.44635	0.00302
1.68741	0.00225
1.92847	0.00393
2.16953	0.00561
2.41059	0.00870
2.65165	0.01288
2.89270	0.01748
3.13376	0.02167
3.37482	0.02481
3.61588	0.02658
3.85694	0.02707
4.09800	0.02686
4.33906	0.02641
4.58011	0.02598
4.82117	0.02571
5.06223	0.02563
5.30329	0.02570
5.54435	0.02586
5.78541	0.02601
6.02647	0.02608
6.26753	0.02604
6.50858	0.02590
6.74964	0.02563
6.99070	0.02525
7.23176	0.02476
7.47282	0.02418
7.71388	0.02354
7.95494	0.02290
8.19599	0.02229
8.43705	0.02176
8.67811	0.02133
8.91917	0.02102
9.16023	0.02084
9.40129	0.02081
9.64235	0.02094
9.88340	0.02122
10.12446	0.02175
10.36552	0.02259
10.60658	0.02381
10.84764	0.02542
11.08870	0.02737
11.32976	0.02958
11.57082	0.03186
11.81187	0.03405
12.05293	0.03583
12.29399	0.03697
12.53505	0.03732
12.77611	0.03679
13.01717	0.03542
13.25823	0.03334
13.49928	0.03077
13.74034	0.02774
13.98140	0.02480
14.22246	0.02224
14.46352	0.02029
14.70458	0.01906
14.94564	0.01856
15.18670	0.01868
15.42775	0.01928
15.66881	0.02020
15.90987	0.02121
16.15093	0.02211
16.39199	0.02278
16.63305	0.02312
16.87411	0.02313
17.11516	0.02282
17.35622	0.02225
17.59728	0.02144
17.83834	0.02053
18.07940	0.01956
18.32046	0.01859
18.56152	0.01766
18.80258	0.01680
19.04363	0.01602
19.28469	0.01532
19.52575	0.01470
19.76681	0.01414
20.00787	0.01362
20.24893	0.01312
20.48999	0.01262
20.73104	0.01209
20.97210	0.01152
21.21316	0.01089
21.45422	0.01020
21.69528	0.00947
21.93634	0.00871
22.17740	0.00796
22.41845	0.00724
22.65951	0.00659
22.90057	0.00604
23.14163	0.00565
23.38269	0.00535
23.62375	0.00522
23.86481	0.00537
24.10587	0.00586
24.34692	0.00672
24.58798	0.00791
24.82904	0.00932
25.07010	0.01080
25.31116	0.01235
25.55222	0.01398
25.79328	0.01563
26.03433	0.01727
26.27539	0.01885
26.51645	0.02037
26.75751	0.02183
26.99857	0.02324
27.23963	0.02460
27.48069	0.02597
27.72175	0.02739
27.96280	0.02889
28.20386	0.03047
28.44492	0.03216
28.68598	0.03394
28.92704	0.03583
29.16810	0.03786
29.40916	0.04006
29.65021	0.04246
29.89127	0.04511
30.13233	0.04803
30.37339	0.05123
30.61445	0.05469
30.85551	0.05833
31.09657	0.06210
31.33763	0.06581
31.57868	0.06932
31.81974	0.07249
32.06080	0.07521
32.30186	0.07743
32.54292	0.07916
32.78398	0.08046
33.02504	0.08132
33.26609	0.08202
33.50715	0.08275
33.74821	0.08367
33.98927	0.08492
34.23033	0.08657
34.47139	0.08862
34.71245	0.09104
34.95350	0.09378
35.19456	0.09679
35.43562	0.10002
35.67668	0.10351
35.91774	0.10737
36.15880	0.11176
36.39986	0.11694
36.64092	0.12317
36.88197	0.13073
37.12303	0.13983
37.36409	0.15056
37.60515	0.16283
37.84621	0.17636
38.08727	0.19068
38.32833	0.20518
38.56938	0.21914
38.81044	0.23187
39.05150	0.24272
39.29256	0.25126
39.53362	0.25729
39.77468	0.26086
40.01574	0.26228
40.25680	0.26205
40.49785	0.26078
40.73891	0.25907
40.97997	0.25750
41.22103	0.25651
41.46209	0.25636
41.70315	0.25718
41.94421	0.25895
42.18526	0.26159
42.42632	0.26502
42.66738	0.26917
42.90844	0.27407
43.14950	0.27981
43.39056	0.28651
43.63162	0.29426
43.87268	0.30312
44.11373	0.31297
44.35479	0.32356
44.59585	0.33445
44.83691	0.34503
45.07797	0.35465
45.31903	0.36264
45.56009	0.36844
45.80114	0.37169
46.04220	0.37228
46.28326	0.37035
46.52432	0.36633
46.76538	0.36081
47.00644	0.35451
47.24750	0.34814
47.48855	0.34237
47.72961	0.33769
47.97067	0.33444
48.21173	0.33280
48.45279	0.33282
48.69385	0.33444
48.93491	0.33765
49.17597	0.34245
49.41702	0.34897
49.65808	0.35741
49.89914	0.36801
50.14020	0.38105
50.38126	0.39665
50.62232	0.41481
50.86338	0.43529
51.10443	0.45755
51.34549	0.48085
51.58655	0.50427
51.82761	0.52681
52.06867	0.54754
52.30973	0.56570
52.55079	0.58082
52.79185	0.59273
53.03290	0.60155
53.27396	0.60767
53.51502	0.61162
53.75608	0.61399
53.99714	0.61531
54.23820	0.61602
54.47926	0.61643
54.72031	0.61673
54.96137	0.61707
55.20243	0.61765
55.44349	0.61872
55.68455	0.62072
55.92561	0.62422
56.16667	0.62993
56.40773	0.63856
56.64878	0.65074
56.88984	0.66685
57.13090	0.68693
57.37196	0.71059
57.61302	0.73700
57.85408	0.76495
58.09514	0.79297
58.33619	0.81954
58.57725	0.84332
58.81831	0.86329
59.05937	0.87894
59.30043	0.89029
59.54149	0.89788
59.78255	0.90259
60.02361	0.90546
60.26466	0.90746
60.50572	0.90933
60.74678	0.91138
60.98784	0.91356
61.22890	0.91546
61.46996	0.91652
61.71102	0.91622
61.95207	0.91430
62.19313	0.91091
62.43419	0.90668
62.67525	0.90266
62.91631	0.90019
63.15737	0.90067
63.39843	0.90529
63.63948	0.91485
63.88054	0.92955
64.12160	0.94898
64.36266	0.97215
64.60372	0.99764
64.84478	1.02383
65.08584	1.04916
65.32690	1.07232
65.56795	1.09242
65.80901	1.10901
66.05007	1.12209
66.29113	1.13195
66.53219	1.13899
66.77325	1.14358
67.01431	1.14589
67.25536	1.14580
67.49642	1.14298
67.73748	1.13689
67.97854	1.12703
68.21960	1.11302
68.46066	1.09483
68.70172	1.07281
68.94278	1.04778
69.18383	1.02095
69.42489	0.99377
69.66595	0.96776
69.90701	0.94434
70.14807	0.92462
70.38913	0.90933
70.63019	0.89870
70.87124	0.89260
71.11230	0.89053
71.35336	0.89190
71.59442	0.89606
71.83548	0.90257
72.07654	0.91116
72.31760	0.92183
72.55866	0.93473
72.79971	0.95002
73.04077	0.96777
73.28183	0.98775
73.52289	1.00932
73.76395	1.03150
74.00501	1.05292
74.24607	1.07205
74.48712	1.08736
74.72818	1.09757
74.96924	1.10185
75.21030	1.09993
75.45136	1.09220
75.69242	1.07966
75.93348	1.06377
76.17453	1.04631
76.41559	1.02913
76.65665	1.01398
76.89771	1.00235
77.13877	0.99535
77.37983	0.99368
77.62089	0.99767
77.86195	1.00735
78.10300	1.02258
78.34406	1.04313
78.58512	1.06884
78.82618	1.09960
79.06724	1.13538
79.30830	1.17612
79.54936	1.22163
79.79041	1.27144
80.03147	1.32464
80.27253	1.37983
80.51359	1.43510
80.75465	1.48820
80.99571	1.53671
81.23677	1.57837
81.47783	1.61141
81.71888	1.63476
81.95994	1.64827
82.20100	1.65274
82.44206	1.64978
82.68312	1.64154
82.92418	1.63044
83.16524	1.61875
83.40629	1.60833
83.64735	1.60045
83.88841	1.59571
84.12947	1.59418
84.37053	1.59561
84.61159	1.59967
84.85265	1.60630
85.09371	1.61583
85.33476	1.62908
85.57582	1.64729
85.81688	1.67184
86.05794	1.70400
86.29900	1.74453
86.54006	1.79337
86.78112	1.84947
87.02217	1.91073
87.26323	1.97424
87.50429	2.03652
87.74535	2.09404
87.98641	2.14369
88.22747	2.18318
88.46853	2.21136
88.70958	2.22832
88.95064	2.23524
89.19170	2.23413
89.43276	2.22737
89.67382	2.21729
89.91488	2.20575
90.15594	2.19395
90.39700	2.18232
90.63805	2.17068
90.87911	2.15851
91.12017	2.14537
91.36123	2.13119
91.60229	2.11659
91.84335	2.10297
92.08441	2.09239
92.32546	2.08736
92.56652	2.09036
92.80758	2.10344
93.04864	2.12777
93.28970	2.16335
93.53076	2.20894
93.77182	2.26215
94.01288	2.31979
94.25393	2.37833
94.49499	2.43442
94.73605	2.48537
94.97711	2.52949
95.21817	2.56618
95.45923	2.59584
95.70029	2.61957
95.94134	2.63874
96.18240	2.65451
96.42346	2.66753
96.66452	2.67763
96.90558	2.68391
97.14664	2.68491
97.38770	2.67902
97.62876	2.66494
97.86981	2.64209
98.11087	2.61097
98.35193	2.57325
98.59299	2.53168
98.83405	2.48975
99.07511	2.45128
99.31617	2.41982
99.55722	2.39820
99.79828	2.38814
100.03934	2.39011
100.28040	2.40332
100.52146	2.42602
100.76252	2.45586
101.00358	2.49036
101.24464	2.52735
101.48569	2.56523
101.72675	2.60318
101.96781	2.64104
102.20887	2.67909
102.44993	2.71769
102.69099	2.75692
102.93205	2.79621
103.17310	2.83422
103.41416	2.86882
103.65522	2.89736
103.89628	2.91705
104.13734	2.92546
104.37840	2.92100
104.61946	2.90328
104.86051	2.87326
105.10157	2.83319
105.34263	2.78633
105.58369	2.73651
105.82475	2.68755
106.06581	2.64279
106.30687	2.60470
106.54793	2.57469
106.78898	2.55313
107.03004	2.53951
107.27110	2.53288
107.51216	2.53215
107.75322	2.53653
107.99428	2.54574
108.23534	2.56008
108.47639	2.58032
108.71745	2.60747
108.95851	2.64234
109.19957	2.68524
109.44063	2.73558
109.68169	2.79175
109.92275	2.85111
110.16381	2.91017
110.40486	2.96508
110.64592	3.01205
110.88698	3.04789
111.12804	3.07046
111.36910	3.07898
111.61016	3.07405
111.85122	3.05759
112.09227	3.03242
112.33333	3.00178
112.57439	2.96884
112.81545	2.93622
113.05651	2.90568
113.29757	2.87802
113.53863	2.85325
113.77969	2.83082
114.02074	2.81010
114.26180	2.79078
114.50286	2.77320
114.74392	2.75846
114.98498	2.74841
115.22604	2.74525
115.46710	2.75117
115.70815	2.76781
115.94921	2.79575
116.19027	2.83433
116.43133	2.88149
116.67239	2.93402
116.91345	2.98799
117.15451	3.03928
117.39556	3.08422
117.63662	3.12010
117.87768	3.14544
118.11874	3.16013
118.35980	3.16522
118.60086	3.16257
118.84192	3.15433
119.08298	3.14248
119.32403	3.12843
119.56509	3.11279
119.80615	3.09540
120.04721	3.07553
120.28827	3.05224
120.52933	3.02483
120.77039	2.99324
121.01144	2.95831
121.25250	2.92188
121.49356	2.88665
121.73462	2.85583
121.97568	2.83269
122.21674	2.82001
122.45780	2.81959
122.69886	2.83195
122.93991	2.85623
123.18097	2.89033
123.42203	2.93125
123.66309	2.97560
123.90415	3.02014
124.14521	3.06229
124.38627	3.10039
124.62732	3.13380
124.86838	3.16280
125.10944	3.18819
125.35050	3.21089
125.59156	3.23150
125.83262	3.24995
126.07368	3.26539
126.31474	3.27622
126.55579	3.28043
126.79685	3.27597
127.03791	3.26130
127.27897	3.23577
127.52003	3.19996
127.76109	3.15569
128.00215	3.10592
128.24320	3.05439
128.48426	3.00508
128.72532	2.96170
128.96638	2.92716
129.20744	2.90325
129.44850	2.89044
129.68956	2.88798
129.93061	2.89414
130.17167	2.90665
130.41273	2.92314
130.65379	2.94163
130.89485	2.96074
131.13591	2.97993
131.37697	2.99929
131.61803	3.01937
131.85908	3.04080
132.10014	3.06383
132.34120	3.08807
132.58226	3.11233
132.82332	3.13464
133.06438	3.15252
133.30544	3.16337
133.54649	3.16494
133.78755	3.15581
134.02861	3.13565
134.26967	3.10537
134.51073	3.06706
134.75179	3.02362
134.99285	2.97839
135.23391	2.93461
135.47496	2.89490
135.71602	2.86107
135.95708	2.83387
136.19814	2.81310
136.43920	2.79787
136.68026	2.78692
136.92132	2.77906
137.16237	2.77350
137.40343	2.77004
137.64449	2.76918
137.88555	2.77191
138.12661	2.77946
138.36767	2.79290
138.60873	2.81278
138.84979	2.83881
139.09084	2.86976
139.33190	2.90348
139.57296	2.93713
139.81402	2.96762
140.05508	2.99203
140.29614	3.00809
140.53720	3.01447
140.77825	3.01104
141.01931	2.99874
141.26037	2.97941
141.50143	2.95540
141.74249	2.92916
141.98355	2.90276
142.22461	2.87764
142.46566	2.85446
142.70672	2.83311
142.94778	2.81295
143.18884	2.79319
143.42990	2.77316
143.67096	2.75274
143.91202	2.73249
144.15308	2.71370
144.39413	2.69825
144.63519	2.68825
144.87625	2.68568
145.11731	2.69191
145.35837	2.70743
145.59943	2.73158
145.84049	2.76266
146.08154	2.79809
146.32260	2.83480
146.56366	2.86972
146.80472	2.90021
147.04578	2.92448
147.28684	2.94174
147.52790	2.95222
147.76896	2.95697
148.01001	2.95752
148.25107	2.95549
148.49213	2.95216
148.73319	2.94821
148.97425	2.94363
149.21531	2.93772
149.45637	2.92940
149.69742	2.91746
149.93848	2.90101
150.17954	2.87976
150.42060	2.85427
150.66166	2.82592
150.90272	2.79682
151.14378	2.76951
151.38484	2.74653
151.62589	2.73004
151.86695	2.72141
152.10801	2.72106
152.34907	2.72833
152.59013	2.74167
152.83119	2.75891
153.07225	2.77763
153.31330	2.79563
153.55436	2.81124
153.79542	2.82357
154.03648	2.83258
154.27754	2.83893
154.51860	2.84371
154.75966	2.84809
155.00072	2.85294
155.24177	2.85855
155.48283	2.86447
155.72389	2.86959
155.96495	2.87230
156.20601	2.87088
156.44707	2.86383
156.68813	2.85034
156.92918	2.83045
157.17024	2.80517
157.41130	2.77641
157.65236	2.74663
157.89342	2.71851
158.13448	2.69450
158.37554	2.67641
158.61659	2.66519
158.85765	2.66084
159.09871	2.66249
159.33977	2.66868
159.58083	2.67769
159.82189	2.68788
160.06295	2.69803
160.30401	2.70752
160.54506	2.71635
160.78612	2.72505
161.02718	2.73443
161.26824	2.74533
161.50930	2.75827
161.75036	2.77332
161.99142	2.78991
162.23247	2.80694
162.47353	2.82286
162.71459	2.83602
162.95565	2.84490
163.19671	2.84846
163.43777	2.84632
163.67883	2.83890
163.91989	2.82735
164.16094	2.81343
164.40200	2.79914
164.64306	2.78644
164.88412	2.77694
165.12518	2.77155
165.36624	2.77050
165.60730	2.77324
165.84835	2.77875
166.08941	2.78576
166.33047	2.79311
166.57153	2.80005
166.81259	2.80645
167.05365	2.81279
167.29471	2.82007
167.53577	2.82950
167.77682	2.84217
168.01788	2.85870
168.25894	2.87897
168.50000	2.90202
168.74106	2.92616
168.98212	2.94917
169.22318	2.96871
169.46423	2.98272
169.70529	2.98979
169.94635	2.98940
170.18741	2.98203
170.42847	2.96904
170.66953	2.95244
170.91059	2.93449
171.15164	2.91732
171.39270	2.90262
171.63376	2.89133
171.87482	2.88362
172.11588	2.87888
172.35694	2.87599
172.59800	2.87360
172.83906	2.87047
173.08011	2.86579
173.32117	2.85934
173.56223	2.85161
173.80329	2.84370
174.04435	2.83707
174.28541	2.83326
174.52647	2.83353
174.76752	2.83856
175.00858	2.84825
175.24964	2.86168
175.49070	2.87726
175.73176	2.89294
175.97282	2.90660
176.21388	2.91641
176.45494	2.92114
176.69599	2.92037
176.93705	2.91451
177.17811	2.90468
177.41917	2.89242
177.66023	2.87939
177.90129	2.86700
178.14235	2.85615
178.38340	2.84710
178.62446	2.83947
178.86552	2.83242
179.10658	2.82490
179.34764	2.81598
179.58870	2.80516
179.82976	2.79251
180.07082	2.77879
180.31187	2.76528
180.55293	2.75361
180.79399	2.74539
181.03505	2.74189
181.27611	2.74376
181.51717	2.75089
181.75823	2.76236
181.99928	2.77663
182.24034	2.79183
182.48140	2.80605
182.72246	2.81774
182.96352	2.82592
183.20458	2.83036
183.44564	2.83151
183.68669	2.83040
183.92775	2.82832
184.16881	2.82656
184.40987	2.82608
184.65093	2.82736
184.89199	2.83023
185.13305	2.83402
185.37411	2.83767
185.61516	2.83997
185.85622	2.83993
186.09728	2.83694
186.33834	2.83102
186.57940	2.82283
186.82046	2.81359
187.06152	2.80491
187.30257	2.79845
187.54363	2.79568
187.78469	2.79752
188.02575	2.80422
188.26681	2.81528
188.50787	2.82955
188.74893	2.84542
188.98999	2.86118
189.23104	2.87531
189.47210	2.88678
189.71316	2.89518
189.95422	2.90079
190.19528	2.90444
190.43634	2.90724
190.67740	2.91032
190.91845	2.91449
191.15951	2.92004
191.40057	2.92666
191.64163	2.93344
191.88269	2.93910
192.12375	2.94229
192.36481	2.94185
192.60587	2.93713
192.84692	2.92818
193.08798	2.91577
193.32904	2.90130
193.57010	2.88657
193.81116	2.87345
194.05222	2.86358
194.29328	2.85809
194.53433	2.85737
194.77539	2.86110
195.01645	2.86829
195.25751	2.87753
195.49857	2.88727
195.73963	2.89612
195.98069	2.90312
196.22174	2.90786
196.46280	2.91055
196.70386	2.91188
196.94492	2.91281
197.18598	2.91432
197.42704	2.91716
197.66810	2.92159
197.90916	2.92734
198.15021	2.93362
198.39127	2.93926
198.63233	2.94299
198.87339	2.94369
199.11445	2.94066
199.35551	2.93379
199.59657	2.92367
199.83762	2.91145
200.07868	2.89872
200.31974	2.88720
200.56080	2.87846
200.80186	2.87364
201.04292	2.87327
201.28398	2.87722
201.52504	2.88475
201.76609	2.89467
202.00715	2.90565
202.24821	2.91647
202.48927	2.92625
202.73033	2.93460
202.97139	2.94170
203.21245	2.94815
203.45350	2.95481
203.69456	2.96257
203.93562	2.97206
204.17668	2.98346
204.41774	2.99641
204.65880	3.00999
204.89986	3.02293
205.14092	3.03376
205.38197	3.04112
205.62303	3.04403
205.86409	3.04207
206.10515	3.03549
206.34621	3.02517
206.58727	3.01249
206.82833	2.99905
207.06938	2.98646
207.31044	2.97602
207.55150	2.96851
207.79256	2.96415
208.03362	2.96256
208.27468	2.96291
208.51574	2.96415
208.75680	2.96528
208.99785	2.96555
209.23891	2.96465
209.47997	2.96279
209.72103	2.96060
209.96209	2.95901
210.20315	2.95894
210.44421	2.96114
210.68526	2.96586
210.92632	2.97283
211.16738	2.98119
211.40844	2.98966
211.64950	2.99676
211.89056	3.00107
212.13162	3.00153
212.37267	2.99763
212.61373	2.98951
212.85479	2.97793
213.09585	2.96412
213.33691	2.94949
213.57797	2.93543
213.81903	2.92300
214.06009	2.91278
214.30114	2.90481
214.54220	2.89861
214.78326	2.89338
215.02432	2.88821
215.26538	2.88230
215.50644	2.87521
215.74750	2.86695
215.98855	2.85803
216.22961	2.84939
216.47067	2.84221
216.71173	2.83764
216.95279	2.83661
217.19385	2.83958
217.43491	2.84642
217.67597	2.85636
217.91702	2.86817
218.15808	2.88025
218.39914	2.89102
218.64020	2.89909
218.88126	2.90356
219.12232	2.90414
219.36338	2.90117
219.60443	2.89552
219.84549	2.88838
220.08655	2.88101
220.32761	2.87444
220.56867	2.86931
220.80973	2.86568
221.05079	2.86314
221.29185	2.86088
221.53290	2.85791
221.77396	2.85336
222.01502	2.84670
222.25608	2.83793
222.49714	2.82759
222.73820	2.81674
222.97926	2.80676
223.22031	2.79910
223.46137	2.79499
223.70243	2.79522
223.94349	2.79997
224.18455	2.80878
224.42561	2.82061
224.66667	2.83409
224.90772	2.84770
225.14878	2.86008
225.38984	2.87023
225.63090	2.87766
225.87196	2.88240
226.11302	2.88495
226.35408	2.88608
226.59514	2.88665
226.83619	2.88735
227.07725	2.88854
227.31831	2.89017
227.55937	2.89178
227.80043	2.89262
228.04149	2.89179
228.28255	2.88850
228.52360	2.88225
228.76466	2.87298
229.00572	2.86117
229.24678	2.84776
229.48784	2.83407
229.72890	2.82152
229.96996	2.81144
230.21102	2.80483
230.45207	2.80216
230.69313	2.80332
230.93419	2.80763
231.17525	2.81402
231.41631	2.82122
231.65737	2.82802
231.89843	2.83350
232.13948	2.83718
232.38054	2.83909
232.62160	2.83967
232.86266	2.83965
233.10372	2.83978
233.34478	2.84061
233.58584	2.84234
233.82690	2.84467
234.06795	2.84687
234.30901	2.84787
234.55007	2.84652
234.79113	2.84178
235.03219	2.83298
235.27325	2.81996
235.51431	2.80315
235.75536	2.78351
235.99642	2.76237
236.23748	2.74124
236.47854	2.72155
236.71960	2.70444
236.96066	2.69067
237.20172	2.68045
237.44277	2.67357
237.68383	2.66945
237.92489	2.66730
238.16595	2.66636
238.40701	2.66601
238.64807	2.66590
238.88913	2.66600
239.13019	2.66656
239.37124	2.66800
239.61230	2.67073
239.85336	2.67506
240.09442	2.68098
240.33548	2.68814
240.57654	2.69584
240.81760	2.70310
241.05865	2.70884
241.29971	2.71204
241.54077	2.71196
241.78183	2.70827
242.02289	2.70108
242.26395	2.69098
242.50501	2.67889
242.74607	2.66591
242.98712	2.65310
243.22818	2.64135
243.46924	2.63119
243.71030	2.62278
243.95136	2.61595
244.19242	2.61031
244.43348	2.60537
244.67453	2.60077
244.91559	2.59634
245.15665	2.59222
245.39771	2.58881
245.63877	2.58676
245.87983	2.58674
246.12089	2.58936
246.36195	2.59496
246.60300	2.60350
246.84406	2.61454
247.08512	2.62722
247.32618	2.64044
247.56724	2.65295
247.80830	2.66356
248.04936	2.67132
248.29041	2.67567
248.53147	2.67646
248.77253	2.67397
249.01359	2.66878
249.25465	2.66168
249.49571	2.65347
249.73677	2.64480
249.97783	2.63607
250.21888	2.62740
250.45994	2.61864
250.70100	2.60944
250.94206	2.59945
251.18312	2.58837
251.42418	2.57616
251.66524	2.56308
251.90629	2.54969
252.14735	2.53679
252.38841	2.52533
252.62947	2.51620
252.87053	2.51012
253.11159	2.50744
253.35265	2.50812
253.59370	2.51170
253.83476	2.51733
254.07582	2.52395
254.31688	2.53041
254.55794	2.53567
254.79900	2.53892
255.04006	2.53970
255.28112	2.53792
255.52217	2.53381
255.76323	2.52785
256.00429	2.52058
256.24535	2.51253
256.48641	2.50406
256.72747	2.49532
256.96853	2.48620
257.20958	2.47647
257.45064	2.46578
257.69170	2.45385
257.93276	2.44058
258.17382	2.42610
258.41488	2.41084
258.65594	2.39546
258.89700	2.38083
259.13805	2.36782
259.37911	2.35723
259.62017	2.34962
259.86123	2.34526
260.10229	2.34405
260.34335	2.34557
260.58441	2.34917
260.82546	2.35407
261.06652	2.35953
261.30758	2.36493
261.54864	2.36983
261.78970	2.37408
262.03076	2.37767
262.27182	2.38075
262.51288	2.38347
262.75393	2.38588
262.99499	2.38787
263.23605	2.38915
263.47711	2.38926
263.71817	2.38764
263.95923	2.38379
264.20029	2.37735
264.44134	2.36822
264.68240	2.35660
264.92346	2.34302
265.16452	2.32826
265.40558	2.31323
265.64664	2.29890
265.88770	2.28608
266.12875	2.27539
266.36981	2.26717
266.61087	2.26144
266.85193	2.25797
267.09299	2.25635
267.33405	2.25609
267.57511	2.25671
267.81617	2.25783
268.05722	2.25923
268.29828	2.26082
268.53934	2.26267
268.78040	2.26491
269.02146	2.26765
269.26252	2.27089
269.50358	2.27451
269.74463	2.27815
269.98569	2.28130
270.22675	2.28332
270.46781	2.28353
270.70887	2.28131
270.94993	2.27626
271.19099	2.26820
271.43205	2.25731
271.67310	2.24405
271.91416	2.22912
272.15522	2.21337
272.39628	2.19764
272.63734	2.18267
272.87840	2.16897
273.11946	2.15680
273.36051	2.14620
273.60157	2.13699
273.84263	2.12892
274.08369	2.12174
274.32475	2.11530
274.56581	2.10960
274.80687	2.10482
275.04793	2.10122
275.28898	2.09909
275.53004	2.09867
275.77110	2.10002
276.01216	2.10299
276.25322	2.10720
276.49428	2.11205
276.73534	2.11680
276.97639	2.12069
277.21745	2.12302
277.45851	2.12327
277.69957	2.12118
277.94063	2.11672
278.18169	2.11014
278.42275	2.10189
278.66380	2.09249
278.90486	2.08254
279.14592	2.07250
279.38698	2.06276
279.62804	2.05351
279.86910	2.04478
280.11016	2.03649
280.35122	2.02852
280.59227	2.02077
280.83333	2.01324
281.07439	2.00607
281.31545	1.99955
281.55651	1.99411
281.79757	1.99025
282.03863	1.98843
282.27968	1.98901
282.52074	1.99213
282.76180	1.99769
283.00286	2.00532
283.24392	2.01442
283.48498	2.02422
283.72604	2.03394
283.96710	2.04283
284.20815	2.05033
284.44921	2.05609
284.69027	2.06003
284.93133	2.06226
285.17239	2.06307
285.41345	2.06280
285.65451	2.06176
285.89556	2.06015
286.13662	2.05803
286.37768	2.05534
286.61874	2.05189
286.85980	2.04749
287.10086	2.04201
287.34192	2.03543
287.58298	2.02792
287.82403	2.01983
288.06509	2.01166
288.30615	2.00401
288.54721	1.99749
288.78827	1.99261
289.02933	1.98973
289.27039	1.98901
289.51144	1.99039
289.75250	1.99359
289.99356	1.99818
290.23462	2.00364
290.47568	2.00943
290.71674	2.01506
290.95780	2.02017
291.19885	2.02450
291.43991	2.02795
291.68097	2.03050
291.92203	2.03221
292.16309	2.03313
292.40415	2.03327
292.64521	2.03256
292.88627	2.03086
293.12732	2.02794
293.36838	2.02358
293.60944	2.01762
293.85050	2.01000
294.09156	2.00084
294.33262	1.99048
294.57368	1.97939
294.81473	1.96821
295.05579	1.95758
295.29685	1.94811
295.53791	1.94027
295.77897	1.93433
296.02003	1.93035
296.26109	1.92817
296.50215	1.92751
296.74320	1.92801
296.98426	1.92933
297.22532	1.93121
297.46638	1.93349
297.70744	1.93613
297.94850	1.93918
298.18956	1.94270
298.43061	1.94676
298.67167	1.95133
298.91273	1.95628
299.15379	1.96137
299.39485	1.96623
299.63591	1.97046
299.87697	1.97364
300.11803	1.97543
300.35908	1.97556
300.60014	1.97394
300.84120	1.97066
301.08226	1.96595
301.32332	1.96023
301.56438	1.95399
301.80544	1.94777
302.04649	1.94206
302.28755	1.93728
302.52861	1.93371
302.76967	1.93145
303.01073	1.93047
303.25179	1.93063
303.49285	1.93173
303.73391	1.93358
303.97496	1.93607
304.21602	1.93917
304.45708	1.94294
304.69814	1.94752
304.93920	1.95305
305.18026	1.95964
305.42132	1.96723
305.66237	1.97566
305.90343	1.98458
306.14449	1.99353
306.38555	2.00200
306.62661	2.00949
306.86767	2.01559
307.10873	2.02008
307.34978	2.02288
307.59084	2.02413
307.83190	2.02409
308.07296	2.02309
308.31402	2.02146
308.55508	2.01949
308.79614	2.01733
309.03720	2.01508
309.27825	2.01269
309.51931	2.01011
309.76037	2.00724
310.00143	2.00407
310.24249	2.00065
310.48355	1.99716
310.72461	1.99387
310.96566	1.99110
311.20672	1.98920
311.44778	1.98850
311.68884	1.98924
311.92990	1.99151
312.17096	1.99526
312.41202	2.00028
312.65308	2.00621
312.89413	2.01259
313.13519	2.01893
313.37625	2.02472
313.61731	2.02956
313.85837	2.03313
314.09943	2.03529
314.34049	2.03602
314.58154	2.03545
314.82260	2.03376
315.06366	2.03119
315.30472	2.02793
315.54578	2.02413
315.78684	2.01983
316.02790	2.01505
316.26896	2.00973
316.51001	2.00387
316.75107	1.99750
316.99213	1.99078
317.23319	1.98399
317.47425	1.97748
317.71531	1.97169
317.95637	1.96705
318.19742	1.96389
318.43848	1.96242
318.67954	1.96269
318.92060	1.96454
319.16166	1.96768
319.40272	1.97174
319.64378	1.97626
319.88483	1.98088
320.12589	1.98526
320.36695	1.98920
320.60801	1.99261
320.84907	1.99548
321.09013	1.99784
321.33119	1.99976
321.57225	2.00126
321.81330	2.00232
322.05436	2.00285
322.29542	2.00273
322.53648	2.00178
322.77754	1.99985
323.01860	1.99685
323.25966	1.99276
323.50071	1.98767
323.74177	1.98179
323.98283	1.97547
324.22389	1.96912
324.46495	1.96317
324.70601	1.95807
324.94707	1.95414
325.18813	1.95160
325.42918	1.95049
325.67024	1.95071
325.91130	1.95202
326.15236	1.95410
326.39342	1.95661
326.63448	1.95930
326.87554	1.96199
327.11659	1.96462
327.35765	1.96725
327.59871	1.96999
327.83977	1.97294
328.08083	1.97615
328.32189	1.97954
328.56295	1.98289
328.80401	1.98586
329.04506	1.98804
329.28612	1.98902
329.52718	1.98847
329.76824	1.98620
330.00930	1.98220
330.25036	1.97667
330.49142	1.96995
330.73247	1.96249
330.97353	1.95480
331.21459	1.94730
331.45565	1.94036
331.69671	1.93418
331.93777	1.92884
332.17883	1.92429
332.41988	1.92041
332.66094	1.91701
332.90200	1.91396
333.14306	1.91112
333.38412	1.90847
333.62518	1.90602
333.86624	1.90388
334.10730	1.90214
334.34835	1.90093
334.58941	1.90028
334.83047	1.90018
335.07153	1.90050
335.31259	1.90099
335.55365	1.90135
335.79471	1.90120
336.03576	1.90020
336.27682	1.89805
336.51788	1.89456
336.75894	1.88972
337.00000	1.88366
337.24106	1.87663
337.48212	1.86900
337.72318	1.86117
337.96423	1.85350
338.20529	1.84629
338.44635	1.83968
338.68741	1.83370
338.92847	1.82826
339.16953	1.82322
339.41059	1.81841
339.65164	1.81369
339.89270	1.80904
340.13376	1.80451
340.37482	1.80025
340.61588	1.79646
340.85694	1.79336
341.09800	1.79109
341.33906	1.78972
341.58011	1.78920
341.82117	1.78933
342.06223	1.78985
342.30329	1.79041
342.54435	1.79070
342.78541	1.79043
343.02647	1.78942
343.26752	1.78761
343.50858	1.78502
343.74964	1.78180
343.99070	1.77812
344.23176	1.77420
344.47282	1.77017
344.71388	1.76616
344.95493	1.76217
345.19599	1.75818
345.43705	1.75409
345.67811	1.74980
345.91917	1.74522
346.16023	1.74031
346.40129	1.73510
346.64235	1.72969
346.88340	1.72424
347.12446	1.71895
347.36552	1.71401
347.60658	1.70960
347.84764	1.70579
348.08870	1.70259
348.32976	1.69992
348.57081	1.69759
348.81187	1.69539
349.05293	1.69310
349.29399	1.69049
349.53505	1.68743
349.77611	1.68386
350.01717	1.67978
350.25823	1.67529
350.49928	1.67051
350.74034	1.66558
350.98140	1.66060
351.22246	1.65562
351.46352	1.65064
351.70458	1.64556
351.94564	1.64030
352.18669	1.63471
352.42775	1.62872
352.66881	1.62228
352.90987	1.61544
353.15093	1.60832
353.39199	1.60109
353.63305	1.59399
353.87411	1.58724
354.11516	1.58105
354.35622	1.57556
354.59728	1.57085
354.83834	1.56688
355.07940	1.56358
355.32046	1.56078
355.56152	1.55831
355.80257	1.55599
356.04363	1.55367
356.28469	1.55127
356.52575	1.54873
356.76681	1.54606
357.00787	1.54330
357.24893	1.54052
357.48999	1.53774
357.73104	1.53498
357.97210	1.53217
358.21316	1.52922
358.45422	1.52599
358.69528	1.52231
358.93634	1.51802
359.17740	1.51304
359.41845	1.50731
359.65951	1.50090
359.90057	1.49393
360.14163	1.48660
360.38269	1.47916
360.62375	1.47184
360.86481	1.46486
361.10586	1.45835
361.34692	1.45240
361.58798	1.44700
361.82904	1.44206
362.07010	1.43749
362.31116	1.43315
362.55222	1.42892
362.79328	1.42471
363.03433	1.42049
363.27539	1.41623
363.51645	1.41196
363.75751	1.40768
363.99857	1.40339
364.23963	1.39908
364.48069	1.39467
364.72174	1.39006
364.96280	1.38514
365.20386	1.37977
365.44492	1.37385
365.68598	1.36731
365.92704	1.36014
366.16810	1.35237
366.40916	1.34409
366.65021	1.33541
366.89127	1.32648
367.13233	1.31741
367.37339	1.30830
367.61445	1.29920
367.85551	1.29012
368.09657	1.28103
368.33762	1.27186
368.57868	1.26256
368.81974	1.25309
369.06080	1.24341
369.30186	1.23353
369.54292	1.22349
369.78398	1.21337
370.02504	1.20321
370.26609	1.19307
370.50715	1.18299
370.74821	1.17292
370.98927	1.16281
371.23033	1.15254
371.47139	1.14197
371.71245	1.13097
371.95350	1.11938
372.19456	1.10709
372.43562	1.09406
372.67668	1.08025
372.91774	1.06572
373.15880	1.05054
373.39986	1.03482
373.64091	1.01869
373.88197	1.00224
374.12303	0.98558
374.36409	0.96876
374.60515	0.95184
374.84621	0.93487
375.08727	0.91786
375.32833	0.90085
375.56938	0.88388
375.81044	0.86701
376.05150	0.85031
376.29256	0.83383
376.53362	0.81772
376.77468	0.80208
377.01574	0.78701
377.25679	0.77257
377.49785	0.75883
377.73891	0.74581
377.97997	0.73352
378.22103	0.72189
378.46209	0.71097
378.70315	0.70077
378.94421	0.69129
379.18526	0.68255
379.42632	0.67462
379.66738	0.66756
379.90844	0.66144
380.14950	0.65634
380.39056	0.65235
380.63162	0.64955
380.87267	0.64796
381.11373	0.64758
381.35479	0.64840
381.59585	0.65037
381.83691	0.65345
382.07797	0.65759
382.31903	0.66277
382.56009	0.66898
382.80114	0.67620
383.04220	0.68446
383.28326	0.69374
383.52432	0.70402
383.76538	0.71524
384.00644	0.72725
384.24750	0.73999
384.48855	0.75330
384.72961	0.76703
384.97067	0.78103
385.21173	0.79516
385.45279	0.80929
385.69385	0.82332
385.93491	0.83715
386.17596	0.85080
386.41702	0.86423
386.65808	0.87743
386.89914	0.89038
387.14020	0.90305
387.38126	0.91542
387.62232	0.92743
387.86338	0.93904
388.10443	0.95024
388.34549	0.96101
388.58655	0.97135
388.82761	0.98129
389.06867	0.99090
389.30973	1.00026
389.55079	1.00947
389.79184	1.01863
390.03290	1.02785
390.27396	1.03719
390.51502	1.04671
390.75608	1.05643
390.99714	1.06633
391.23820	1.07639
391.47926	1.08654
391.72031	1.09672
391.96137	1.10688
392.20243	1.11699
392.44349	1.12702
392.68455	1.13695
392.92561	1.14680
393.16667	1.15655
393.40772	1.16619
393.64878	1.17567
393.88984	1.18494
394.13090	1.19394
394.37196	1.20258
394.61302	1.21078
394.85408	1.21849
395.09514	1.22566
395.33619	1.23232
395.57725	1.23849
395.81831	1.24428
396.05937	1.24979
396.30043	1.25516
396.54149	1.26051
396.78255	1.26596
397.02360	1.27160
397.26466	1.27748
397.50572	1.28364
397.74678	1.29004
397.98784	1.29666
398.22890	1.30345
398.46996	1.31034
398.71102	1.31730
398.95207	1.32430
399.19313	1.33131
399.43419	1.33833
399.67525	1.34536
399.91631	1.35236
400.15737	1.35929
400.39843	1.36608
400.63948	1.37261
400.88054	1.37877
401.12160	1.38440
401.36266	1.38940
401.60372	1.39367
401.84478	1.39715
402.08584	1.39986
402.32689	1.40186
402.56795	1.40326
402.80901	1.40422
403.05007	1.40488
403.29113	1.40540
403.53219	1.40591
403.77325	1.40650
404.01431	1.40723
404.25536	1.40811
404.49642	1.40914
404.73748	1.41030
404.97854	1.41155
405.21960	1.41288
405.46066	1.41427
405.70172	1.41574
405.94277	1.41729
406.18383	1.41895
406.42489	1.42072
406.66595	1.42259
406.90701	1.42454
407.14807	1.42651
407.38913	1.42842
407.63019	1.43019
407.87124	1.43171
408.11230	1.43288
408.35336	1.43363
408.59442	1.43392
408.83548	1.43374
409.07654	1.43312
409.31760	1.43213
409.55865	1.43086
409.79971	1.42939
410.04077	1.42782
410.28183	1.42621
410.52289	1.42459
410.76395	1.42297
411.00501	1.42135
411.24607	1.41970
411.48712	1.41801
411.72818	1.41627
411.96924	1.41452
412.21030	1.41279
412.45136	1.41114
412.69242	1.40964
412.93348	1.40831
413.17453	1.40718
413.41559	1.40621
413.65665	1.40534
413.89771	1.40447
414.13877	1.40348
414.37983	1.40227
414.62089	1.40076
414.86194	1.39888
415.10300	1.39662
415.34406	1.39400
415.58512	1.39108
415.82618	1.38790
416.06724	1.38455
416.30830	1.38105
416.54936	1.37743
416.79041	1.37369
417.03147	1.36981
417.27253	1.36573
417.51359	1.36143
417.75465	1.35686
417.99571	1.35200
418.23677	1.34685
418.47782	1.34146
418.71888	1.33587
418.95994	1.33017
419.20100	1.32446
419.44206	1.31883
419.68312	1.31334
419.92418	1.30806
420.16524	1.30300
420.40629	1.29814
420.64735	1.29341
420.88841	1.28876
421.12947	1.28409
421.37053	1.27931
421.61159	1.27438
421.85265	1.26925
422.09370	1.26391
422.33476	1.25838
422.57582	1.25269
422.81688	1.24684
423.05794	1.24084
423.29900	1.23466
423.54006	1.22827
423.78112	1.22158
424.02217	1.21451
424.26323	1.20700
424.50429	1.19897
424.74535	1.19040
424.98641	1.18129
425.22747	1.17168
425.46853	1.16162
425.70958	1.15122
425.95064	1.14058
426.19170	1.12980
426.43276	1.11899
426.67382	1.10825
426.91488	1.09765
427.15594	1.08726
427.39699	1.07715
427.63805	1.06734
427.87911	1.05786
428.12017	1.04873
428.36123	1.03995
428.60229	1.03151
428.84335	1.02340
429.08441	1.01561
429.32546	1.00811
429.56652	1.00087
429.80758	0.99384
430.04864	0.98695
430.28970	0.98014
430.53076	0.97332
430.77182	0.96640
431.01287	0.95930
431.25393	0.95193
431.49499	0.94424
431.73605	0.93619
431.97711	0.92778
432.21817	0.91901
432.45923	0.90994
432.70029	0.90064
432.94134	0.89118
433.18240	0.88162
433.42346	0.87204
433.66452	0.86249
433.90558	0.85301
434.14664	0.84364
434.38770	0.83443
434.62875	0.82546
434.86981	0.81679
435.11087	0.80850
435.35193	0.80069
435.59299	0.79345
435.83405	0.78686
436.07511	0.78098
436.31617	0.77586
436.55722	0.77153
436.79828	0.76798
437.03934	0.76520
437.28040	0.76316
437.52146	0.76184
437.76252	0.76122
438.00358	0.76132
438.24463	0.76213
438.48569	0.76367
438.72675	0.76598
438.96781	0.76906
439.20887	0.77293
439.44993	0.77756
439.69099	0.78295
439.93204	0.78900
440.17310	0.79567
440.41416	0.80287
440.65522	0.81050
440.89628	0.81846
441.13734	0.82665
441.37840	0.83498
441.61946	0.84337
441.86051	0.85172
442.10157	0.86004
442.34263	0.86830
442.58369	0.87646
442.82475	0.88451
443.06581	0.89240
443.30687	0.90009
443.54792	0.90753
443.78898	0.91462
444.03004	0.92133
444.27110	0.92758
444.51216	0.93335
444.75322	0.93859
444.99428	0.94330
445.23534	0.94751
445.47639	0.95121
445.71745	0.95445
445.95851	0.95725
446.19957	0.95962
446.44063	0.96156
446.68169	0.96310
446.92275	0.96422
447.16380	0.96494
447.40486	0.96527
447.64592	0.96527
447.88698	0.96495
448.12804	0.96440
448.36910	0.96366
448.61016	0.96281
448.85122	0.96190
449.09227	0.96098
449.33333	0.96008
449.57439	0.95922
449.81545	0.95841
450.05651	0.95763
450.29757	0.95686
450.53863	0.95608
450.77968	0.95527
451.02074	0.95439
451.26180	0.95346
451.50286	0.95247
451.74392	0.95144
451.98498	0.95038
452.22604	0.94933
452.46710	0.94830
452.70815	0.94728
452.94921	0.94624
453.19027	0.94514
453.43133	0.94393
453.67239	0.94254
453.91345	0.94089
454.15451	0.93896
454.39556	0.93672
454.63662	0.93418
454.87768	0.93139
455.11874	0.92841
455.35980	0.92533
455.60086	0.92223
455.84192	0.91916
456.08297	0.91619
456.32403	0.91332
456.56509	0.91056
456.80615	0.90790
457.04721	0.90530
457.28827	0.90274
457.52933	0.90022
457.77039	0.89773
458.01144	0.89528
458.25250	0.89289
458.49356	0.89059
458.73462	0.88838
458.97568	0.88629
459.21674	0.88428
459.45780	0.88234
459.69885	0.88043
459.93991	0.87850
460.18097	0.87652
460.42203	0.87444
460.66309	0.87224
460.90415	0.86991
461.14521	0.86747
461.38627	0.86495
461.62732	0.86239
461.86838	0.85983
462.10944	0.85732
462.35050	0.85490
462.59156	0.85259
462.83262	0.85038
463.07368	0.84827
463.31473	0.84622
463.55579	0.84419
463.79685	0.84215
464.03791	0.84005
464.27897	0.83787
464.52003	0.83562
464.76109	0.83331
465.00215	0.83095
465.24320	0.82859
465.48426	0.82626
465.72532	0.82397
465.96638	0.82173
466.20744	0.81954
466.44850	0.81738
466.68956	0.81522
466.93061	0.81305
467.17167	0.81085
467.41273	0.80862
467.65379	0.80637
467.89485	0.80412
468.13591	0.80192
468.37697	0.79979
468.61802	0.79776
468.85908	0.79586
469.10014	0.79410
469.34120	0.79245
469.58226	0.79090
469.82332	0.78940
470.06438	0.78790
470.30544	0.78637
470.54649	0.78477
470.78755	0.78307
471.02861	0.78126
471.26967	0.77934
471.51073	0.77733
471.75179	0.77525
471.99285	0.77313
472.23390	0.77099
472.47496	0.76885
472.71602	0.76672
472.95708	0.76461
473.19814	0.76252
473.43920	0.76046
473.68026	0.75842
473.92132	0.75642
474.16237	0.75448
474.40343	0.75262
474.64449	0.75088
474.88555	0.74930
475.12661	0.74789
475.36767	0.74669
475.60873	0.74568
475.84978	0.74487
476.09084	0.74421
476.33190	0.74366
476.57296	0.74318
476.81402	0.74271
477.05508	0.74222
477.29614	0.74168
477.53720	0.74109
477.77825	0.74044
478.01931	0.73975
478.26037	0.73904
478.50143	0.73831
478.74249	0.73758
478.98355	0.73684
479.22461	0.73607
479.46566	0.73526
479.70672	0.73439
479.94778	0.73347
480.18884	0.73249
480.42990	0.73147
480.67096	0.73045
480.91202	0.72945
481.15307	0.72851
481.39413	0.72766
481.63519	0.72691
481.87625	0.72627
482.11731	0.72572
482.35837	0.72524
482.59943	0.72482
482.84049	0.72442
483.08154	0.72402
483.32260	0.72361
483.56366	0.72317
483.80472	0.72270
484.04578	0.72221
484.28684	0.72170
484.52790	0.72121
484.76895	0.72072
485.01001	0.72026
485.25107	0.71982
485.49213	0.71939
485.73319	0.71894
485.97425	0.71844
486.21531	0.71787
486.45637	0.71719
486.69742	0.71639
486.93848	0.71546
487.17954	0.71442
487.42060	0.71331
487.66166	0.71217
487.90272	0.71106
488.14378	0.71002
488.38483	0.70912
488.62589	0.70836
488.86695	0.70778
489.10801	0.70736
489.34907	0.70708
489.59013	0.70691
489.83119	0.70682
490.07225	0.70679
490.31330	0.70679
490.55436	0.70682
490.79542	0.70689
491.03648	0.70701
491.27754	0.70720
491.51860	0.70748
491.75966	0.70786
492.00071	0.70834
492.24177	0.70890
492.48283	0.70953
492.72389	0.71018
492.96495	0.71083
493.20601	0.71144
493.44707	0.71198
493.68812	0.71245
493.92918	0.71285
494.17024	0.71319
494.41130	0.71351
494.65236	0.71383
494.89342	0.71419
495.13448	0.71461
495.37554	0.71509
495.61659	0.71562
495.85765	0.71619
496.09871	0.71676
496.33977	0.71732
496.58083	0.71782
496.82189	0.71827
497.06295	0.71866
497.30400	0.71902
497.54506	0.71935
497.78612	0.71971
498.02718	0.72010
498.26824	0.72054
498.50930	0.72102
498.75036	0.72153
498.99142	0.72202
499.23247	0.72247
499.47353	0.72281
499.71459	0.72301
499.95565	0.72304
500.19671	0.72289
500.43777	0.72256
500.67883	0.72205
500.91988	0.72139
501.16094	0.72057
501.40200	0.71960
501.64306	0.71846
501.88412	0.71714
502.12518	0.71559
502.36624	0.71377
502.60730	0.71163
502.84835	0.70913
503.08941	0.70622
503.33047	0.70288
503.57153	0.69910
503.81259	0.69488
504.05365	0.69026
504.29471	0.68529
504.53576	0.68008
504.77682	0.67472
505.01788	0.66936
505.25894	0.66418
505.50000	0.65933
505.74106	0.65507
505.98212	0.65161
506.22318	0.64917
506.46423	0.64793
506.70529	0.64806
506.94635	0.64967
507.18741	0.65281
507.42847	0.65744
507.66953	0.66347
507.91059	0.67074
508.15164	0.67902
508.39270	0.68805
508.63376	0.69755
508.87482	0.70723
509.11588	0.71681
509.35694	0.72604
509.59800	0.73478
509.83905	0.74293
510.08011	0.75042
510.32117	0.75725
510.56223	0.76347
510.80329	0.76913
511.04435	0.77432
511.28541	0.77910
511.52647	0.78356
511.76752	0.78773
512.00858	0.79165
512.24964	0.79531
512.49070	0.79872
512.73176	0.80188
512.97282	0.80478
513.21388	0.80743
513.45493	0.80983
513.69599	0.81202
513.93705	0.81401
514.17811	0.81584
514.41917	0.81752
514.66023	0.81907
514.90129	0.82048
515.14235	0.82174
515.38340	0.82282
515.62446	0.82370
515.86552	0.82434
516.10658	0.82475
516.34764	0.82491
516.58870	0.82484
516.82976	0.82458
517.07081	0.82416
517.31187	0.82364
517.55293	0.82307
517.79399	0.82246
518.03505	0.82186
518.27611	0.82127
518.51717	0.82067
518.75823	0.82006
518.99928	0.81942
519.24034	0.81872
519.48140	0.81797
519.72246	0.81718
519.96352	0.81638
520.20458	0.81559
520.44564	0.81484
520.68669	0.81419
520.92775	0.81363
521.16881	0.81318
521.40987	0.81283
521.65093	0.81254
521.89199	0.81228
522.13305	0.81201
522.37410	0.81169
522.61516	0.81130
522.85622	0.81082
523.09728	0.81027
523.33834	0.80964
523.57940	0.80895
523.82046	0.80821
524.06152	0.80744
524.30257	0.80663
524.54363	0.80579
524.78469	0.80490
525.02575	0.80395
525.26681	0.80295
525.50787	0.80189
525.74893	0.80079
525.98998	0.79967
526.23104	0.79855
526.47210	0.79747
526.71316	0.79648
526.95422	0.79560
527.19528	0.79487
527.43634	0.79431
527.67740	0.79391
527.91845	0.79367
528.15951	0.79357
528.40057	0.79357
528.64163	0.79363
528.88269	0.79370
529.12375	0.79376
529.36481	0.79377
529.60586	0.79373
529.84692	0.79363
530.08798	0.79348
530.32904	0.79329
530.57010	0.79307
530.81116	0.79284
531.05222	0.79259
531.29328	0.79230
531.53433	0.79195
531.77539	0.79152
532.01645	0.79098
532.25751	0.79033
532.49857	0.78955
532.73963	0.78865
532.98069	0.78767
533.22174	0.78663
533.46280	0.78558
533.70386	0.78455
533.94492	0.78356
534.18598	0.78263
534.42704	0.78175
534.66810	0.78090
534.90915	0.78004
535.15021	0.77912
535.39127	0.77810
535.63233	0.77695
535.87339	0.77565
536.11445	0.77419
536.35551	0.77258
536.59657	0.77085
536.83762	0.76902
537.07868	0.76713
537.31974	0.76521
537.56080	0.76325
537.80186	0.76127
538.04292	0.75925
538.28398	0.75717
538.52503	0.75503
538.76609	0.75279
539.00715	0.75047
539.24821	0.74808
539.48927	0.74564
539.73033	0.74319
539.97139	0.74078
540.21245	0.73846
540.45350	0.73628
540.69456	0.73426
540.93562	0.73243
541.17668	0.73079
541.41774	0.72936
541.65880	0.72811
541.89986	0.72706
542.14091	0.72619
542.38197	0.72552
542.62303	0.72506
542.86409	0.72484
543.10515	0.72485
543.34621	0.72511
543.58727	0.72562
543.82833	0.72634
544.06938	0.72724
544.31044	0.72826
544.55150	0.72933
544.79256	0.73038
545.03362	0.73136
545.27468	0.73221
545.51574	0.73290
545.75679	0.73341
545.99785	0.73373
546.23891	0.73387
546.47997	0.73383
546.72103	0.73363
546.96209	0.73326
547.20315	0.73273
547.44421	0.73201
547.68526	0.73109
547.92632	0.72995
548.16738	0.72856
548.40844	0.72689
548.64950	0.72494
548.89056	0.72271
549.13162	0.72021
549.37267	0.71748
549.61373	0.71456
549.85479	0.71153
550.09585	0.70844
550.33691	0.70537
550.57797	0.70243
550.81903	0.69968
551.06008	0.69722
551.30114	0.69512
551.54220	0.69347
551.78326	0.69233
552.02432	0.69177
552.26538	0.69180
552.50644	0.69247
552.74750	0.69375
552.98855	0.69564
553.22961	0.69808
553.47067	0.70103
553.71173	0.70442
553.95279	0.70820
554.19385	0.71229
554.43491	0.71666
554.67596	0.72125
554.91702	0.72605
555.15808	0.73102
555.39914	0.73614
555.64020	0.74139
555.88126	0.74675
556.12232	0.75220
556.36338	0.75769
556.60443	0.76322
556.84549	0.76874
557.08655	0.77423
557.32761	0.77966
557.56867	0.78500
557.80973	0.79021
558.05079	0.79529
558.29184	0.80019
558.53290	0.80490
558.77396	0.80941
559.01502	0.81371
559.25608	0.81780
559.49714	0.82169
559.73820	0.82538
559.97926	0.82888
560.22031	0.83220
560.46137	0.83534
560.70243	0.83828
560.94349	0.84102
561.18455	0.84354
561.42561	0.84581
561.66667	0.84785
561.90772	0.84963
562.14878	0.85119
562.38984	0.85253
562.63090	0.85371
562.87196	0.85474
563.11302	0.85567
563.35408	0.85652
563.59513	0.85731
563.83619	0.85806
564.07725	0.85878
564.31831	0.85946
564.55937	0.86012
564.80043	0.86079
565.04149	0.86146
565.28255	0.86219
565.52360	0.86298
565.76466	0.86388
566.00572	0.86490
566.24678	0.86606
566.48784	0.86736
566.72890	0.86879
566.96996	0.87034
567.21101	0.87197
567.45207	0.87366
567.69313	0.87536
567.93419	0.87706
568.17525	0.87871
568.41631	0.88031
568.65737	0.88183
568.89843	0.88329
569.13948	0.88468
569.38054	0.88601
569.62160	0.88731
569.86266	0.88856
570.10372	0.88979
570.34478	0.89098
570.58584	0.89211
570.82689	0.89318
571.06795	0.89417
571.30901	0.89508
571.55007	0.89589
571.79113	0.89664
572.03219	0.89733
572.27325	0.89802
572.51431	0.89873
572.75536	0.89949
572.99642	0.90033
573.23748	0.90125
573.47854	0.90224
573.71960	0.90327
573.96066	0.90433
574.20172	0.90538
574.44277	0.90640
574.68383	0.90737
574.92489	0.90830
575.16595	0.90921
575.40701	0.91012
575.64807	0.91105
575.88913	0.91204
576.13018	0.91312
576.37124	0.91430
576.61230	0.91559
576.85336	0.91698
577.09442	0.91846
577.33548	0.92002
577.57654	0.92162
577.81760	0.92325
578.05865	0.92489
578.29971	0.92653
578.54077	0.92813
578.78183	0.92970
579.02289	0.93121
579.26395	0.93266
579.50501	0.93402
579.74606	0.93528
579.98712	0.93642
580.22818	0.93742
580.46924	0.93825
580.71030	0.93890
580.95136	0.93938
581.19242	0.93970
581.43348	0.93989
581.67453	0.93997
581.91559	0.93999
582.15665	0.93999
582.39771	0.94002
582.63877	0.94010
582.87983	0.94025
583.12089	0.94047
583.36194	0.94074
583.60300	0.94104
583.84406	0.94135
584.08512	0.94164
584.32618	0.94190
584.56724	0.94210
584.80830	0.94226
585.04936	0.94236
585.29041	0.94241
585.53147	0.94241
585.77253	0.94234
586.01359	0.94219
586.25465	0.94193
586.49571	0.94154
586.73677	0.94100
586.97782	0.94028
587.21888	0.93939
587.45994	0.93834
587.70100	0.93713
587.94206	0.93580
588.18312	0.93439
588.42418	0.93291
588.66523	0.93139
588.90629	0.92985
589.14735	0.92831
589.38841	0.92675
589.62947	0.92517
589.87053	0.92358
590.11159	0.92197
590.35265	0.92032
590.59370	0.91864
590.83476	0.91693
591.07582	0.91518
591.31688	0.91341
591.55794	0.91161
591.79900	0.90978
592.04006	0.90793
592.28111	0.90603
592.52217	0.90409
592.76323	0.90207
593.00429	0.89996
593.24535	0.89773
593.48641	0.89538
593.72747	0.89288
593.96853	0.89023
594.20958	0.88745
594.45064	0.88455
594.69170	0.88155
594.93276	0.87848
595.17382	0.87536
595.41488	0.87222
595.65594	0.86906
595.89699	0.86587
596.13805	0.86267
596.37911	0.85942
596.62017	0.85614
596.86123	0.85282
597.10229	0.84948
597.34335	0.84614
597.58441	0.84283
597.82546	0.83959
598.06652	0.83645
598.30758	0.83346
598.54864	0.83063
598.78970	0.82800
599.03076	0.82558
599.27182	0.82336
599.51287	0.82134
599.75393	0.81952
599.99499	0.81787
600.23605	0.81636
600.47711	0.81495
600.71817	0.81361
600.95923	0.81228
601.20029	0.81090
601.44134	0.80943
601.68240	0.80780
601.92346	0.80598
602.16452	0.80393
602.40558	0.80163
602.64664	0.79907
602.88770	0.79624
603.12875	0.79317
603.36981	0.78987
603.61087	0.78637
603.85193	0.78271
604.09299	0.77892
604.33405	0.77505
604.57511	0.77112
604.81616	0.76717
605.05722	0.76323
605.29828	0.75931
605.53934	0.75541
605.78040	0.75153
606.02146	0.74766
606.26252	0.74377
606.50358	0.73985
606.74463	0.73586
606.98569	0.73178
607.22675	0.72759
607.46781	0.72327
607.70887	0.71881
607.94993	0.71417
608.19099	0.70935
608.43204	0.70432
608.67310	0.69907
608.91416	0.69356
609.15522	0.68779
609.39628	0.68175
609.63734	0.67542
609.87840	0.66883
610.11946	0.66200
610.36051	0.65494
610.60157	0.64769
610.84263	0.64030
611.08369	0.63281
611.32475	0.62527
611.56581	0.61773
611.80687	0.61025
612.04792	0.60291
612.28898	0.59576
612.53004	0.58887
612.77110	0.58233
613.01216	0.57621
613.25322	0.57056
613.49428	0.56545
613.73534	0.56093
613.97639	0.55702
614.21745	0.55373
614.45851	0.55108
614.69957	0.54902
614.94063	0.54754
615.18169	0.54658
615.42275	0.54608
615.66380	0.54598
615.90486	0.54620
616.14592	0.54667
616.38698	0.54732
616.62804	0.54807
616.86910	0.54888
617.11016	0.54968
617.35121	0.55045
617.59227	0.55115
617.83333	0.55176
618.07439	0.55227
618.31545	0.55268
618.55651	0.55298
618.79757	0.55319
619.03863	0.55331
619.27968	0.55335
619.52074	0.55333
619.76180	0.55326
620.00286	0.55316
620.24392	0.55304
620.48498	0.55290
620.72604	0.55274
620.96709	0.55255
621.20815	0.55230
621.44921	0.55198
621.69027	0.55155
621.93133	0.55097
622.17239	0.55022
622.41345	0.54926
622.65451	0.54807
622.89556	0.54664
623.13662	0.54495
623.37768	0.54301
623.61874	0.54081
623.85980	0.53837
624.10086	0.53571
624.34192	0.53283
624.58297	0.52978
624.82403	0.52658
625.06509	0.52326
625.30615	0.51986
625.54721	0.51642
625.78827	0.51297
626.02933	0.50955
626.27039	0.50618
626.51144	0.50289
626.75250	0.49967
626.99356	0.49653
627.23462	0.49344
627.47568	0.49036
627.71674	0.48725
627.95780	0.48403
628.19885	0.48064
628.43991	0.47701
628.68097	0.47307
628.92203	0.46878
629.16309	0.46412
629.40415	0.45912
629.64521	0.45383
629.88626	0.44834
630.12732	0.44277
630.36838	0.43728
630.60944	0.43202
630.85050	0.42712
631.09156	0.42274
631.33262	0.41897
631.57368	0.41590
631.81473	0.41353
632.05579	0.41188
632.29685	0.41088
632.53791	0.41045
632.77897	0.41049
633.02003	0.41087
633.26109	0.41147
633.50214	0.41216
633.74320	0.41282
633.98426	0.41336
634.22532	0.41371
634.46638	0.41380
634.70744	0.41362
634.94850	0.41316
635.18956	0.41245
635.43061	0.41151
635.67167	0.41039
635.91273	0.40912
636.15379	0.40774
636.39485	0.40629
636.63591	0.40480
636.87697	0.40327
637.11802	0.40172
637.35908	0.40014
637.60014	0.39852
637.84120	0.39687
638.08226	0.39516
638.32332	0.39339
638.56438	0.39154
638.80544	0.38962
639.04649	0.38762
639.28755	0.38554
639.52861	0.38339
639.76967	0.38116
640.01073	0.37884
640.25179	0.37644
640.49285	0.37393
640.73390	0.37131
640.97496	0.36855
641.21602	0.36565
641.45708	0.36258
641.69814	0.35936
641.93920	0.35600
642.18026	0.35250
642.42132	0.34891
642.66237	0.34527
642.90343	0.34162
643.14449	0.33801
643.38555	0.33448
643.62661	0.33109
643.86767	0.32787
644.10873	0.32484
644.34978	0.32204
644.59084	0.31945
644.83190	0.31710
645.07296	0.31495
645.31402	0.31300
645.55508	0.31122
645.79614	0.30958
646.03719	0.30805
646.27825	0.30660
646.51931	0.30518
646.76037	0.30376
647.00143	0.30232
647.24249	0.30083
647.48355	0.29926
647.72461	0.29759
647.96566	0.29582
648.20672	0.29394
648.44778	0.29195
648.68884	0.28984
648.92990	0.28763
649.17096	0.28533
649.41202	0.28294
649.65307	0.28048
649.89413	0.27797
650.13519	0.27540
650.37625	0.27278
650.61731	0.27012
650.85837	0.26742
651.09943	0.26469
651.34049	0.26194
651.58154	0.25918
651.82260	0.25642
652.06366	0.25368
652.30472	0.25096
652.54578	0.24827
652.78684	0.24561
653.02790	0.24297
653.26895	0.24034
653.51001	0.23770
653.75107	0.23502
653.99213	0.23227
654.23319	0.22944
654.47425	0.22650
654.71531	0.22344
654.95637	0.22025
655.19742	0.21691
655.43848	0.21343
655.67954	0.20980
655.92060	0.20603
656.16166	0.20211
656.40272	0.19806
656.64378	0.19388
656.88483	0.18959
657.12589	0.18520
657.36695	0.18074
657.60801	0.17625
657.84907	0.17177
658.09013	0.16736
658.33119	0.16308
658.57224	0.15899
658.81330	0.15517
659.05436	0.15167
659.29542	0.14856
659.53648	0.14587
659.77754	0.14364
660.01860	0.14186
660.25966	0.14051
660.50071	0.13955
660.74177	0.13893
660.98283	0.13856
661.22389	0.13838
661.46495	0.13831
661.70601	0.13827
661.94707	0.13821
662.18812	0.13807
662.42918	0.13782
662.67024	0.13744
662.91130	0.13692
663.15236	0.13626
663.39342	0.13546
663.63448	0.13453
663.87554	0.13350
664.11659	0.13236
664.35765	0.13114
664.59871	0.12985
664.83977	0.12850
665.08083	0.12709
665.32189	0.12565
665.56295	0.12416
665.80400	0.12264
666.04506	0.12109
666.28612	0.11952
666.52718	0.11792
666.76824	0.11630
667.00930	0.11467
667.25036	0.11303
667.49142	0.11138
667.73247	0.10972
667.97353	0.10806
668.21459	0.10638
668.45565	0.10470
668.69671	0.10302
668.93777	0.10134
669.17883	0.09966
669.41988	0.09799
669.66094	0.09635
669.90200	0.09473
670.14306	0.09314
670.38412	0.09159
670.62518	0.09007
670.86624	0.08860
671.10729	0.08716
671.34835	0.08576
671.58941	0.08440
671.83047	0.08307
672.07153	0.08177
672.31259	0.08050
672.55365	0.07925
672.79471	0.07802
673.03576	0.07682
673.27682	0.07562
673.51788	0.07444
673.75894	0.07327
674.00000	0.07210
674.24106	0.07094
674.48212	0.06977
674.72317	0.06860
674.96423	0.06742
675.20529	0.06624
675.44635	0.06504
675.68741	0.06383
675.92847	0.06262
676.16953	0.06140
676.41059	0.06018
676.65164	0.05897
676.89270	0.05776
677.13376	0.05657
677.37482	0.05539
677.61588	0.05425
677.85694	0.05313
678.09800	0.05204
678.33905	0.05098
678.58011	0.04996
678.82117	0.04896
679.06223	0.04800
679.30329	0.04706
679.54435	0.04615
679.78541	0.04525
680.02647	0.04438
680.26752	0.04353
680.50858	0.04269
680.74964	0.04186
680.99070	0.04104
681.23176	0.04023
681.47282	0.03943
681.71388	0.03864
681.95493	0.03786
682.19599	0.03708
682.43705	0.03632
682.67811	0.03559
682.91917	0.03487
683.16023	0.03418
683.40129	0.03351
683.64234	0.03287
683.88340	0.03226
684.12446	0.03166
684.36552	0.03109
684.60658	0.03052
684.84764	0.02997
685.08870	0.02942
685.32976	0.02888
685.57081	0.02835
685.81187	0.02782
686.05293	0.02731
686.29399	0.02681
686.53505	0.02634
686.77611	0.02588
687.01717	0.02545
687.25822	0.02504
687.49928	0.02465
687.74034	0.02429
687.98140	0.02395
688.22246	0.02364
688.46352	0.02334
688.70458	0.02305
688.94564	0.02277
689.18669	0.02249
689.42775	0.02221
689.66881	0.02192
689.90987	0.02163
690.15093	0.02133
690.39199	0.02103
690.63305	0.02074
690.87410	0.02045
691.11516	0.02018
691.35622	0.01992
691.59728	0.01969
691.83834	0.01947
692.07940	0.01928
692.32046	0.01909
692.56152	0.01892
692.80257	0.01874
693.04363	0.01856
693.28469	0.01837
693.52575	0.01816
693.76681	0.01793
694.00787	0.01769
694.24893	0.01742
694.48998	0.01714
694.73104	0.01684
694.97210	0.01653
695.21316	0.01620
695.45422	0.01586
695.69528	0.01551
695.93634	0.01515
696.17740	0.01478
696.41845	0.01440
696.65951	0.01402
696.90057	0.01363
697.14163	0.01323
697.38269	0.01284
697.62375	0.01245
697.86481	0.01206
698.10586	0.01168
698.34692	0.01130
698.58798	0.01093
698.82904	0.01056
699.07010	0.01021
699.31116	0.00985
699.55222	0.00951
699.79327	0.00917
700.03433	0.00883
700.27539	0.00850
700.51645	0.00818
700.75751	0.00787
700.99857	0.00758
701.23963	0.00730
701.48069	0.00704
701.72174	0.00681
701.96280	0.00661
702.20386	0.00643
702.44492	0.00628
702.68598	0.00615
702.92704	0.00605
703.16810	0.00597
703.40915	0.00590
703.65021	0.00585
703.89127	0.00581
704.13233	0.00577
704.37339	0.00573
704.61445	0.00570
704.85551	0.00567
705.09657	0.00565
705.33762	0.00562
705.57868	0.00559
705.81974	0.00556
706.06080	0.00552
706.30186	0.00548
706.54292	0.00544
706.78398	0.00539
707.02503	0.00534
707.26609	0.00528
707.50715	0.00523
707.74821	0.00519
707.98927	0.00515
708.23033	0.00512
708.47139	0.00510
708.71245	0.00508
708.95350	0.00507
709.19456	0.00506
709.43562	0.00505
709.67668	0.00504
709.91774	0.00503
710.15880	0.00502
710.39986	0.00500
710.64091	0.00499
710.88197	0.00499
711.12303	0.00498
711.36409	0.00497
711.60515	0.00496
711.84621	0.00495
712.08727	0.00495
712.32832	0.00495
712.56938	0.00495
712.81044	0.00496
713.05150	0.00497
713.29256	0.00499
713.53362	0.00503
713.77468	0.00506
714.01574	0.00510
714.25679	0.00514
714.49785	0.00518
714.73891	0.00521
714.97997	0.00522
715.22103	0.00523
715.46209	0.00521
715.70315	0.00519
715.94420	0.00516
716.18526	0.00512
716.42632	0.00508
716.66738	0.00504
716.90844	0.00500
717.14950	0.00498
717.39056	0.00497
717.63162	0.00497
717.87267	0.00498
718.11373	0.00500
718.35479	0.00502
718.59585	0.00504
718.83691	0.00506
719.07797	0.00507
719.31903	0.00506
719.56008	0.00505
719.80114	0.00503
720.04220	0.00500
720.28326	0.00497
720.52432	0.00494
720.76538	0.00491
721.00644	0.00488
721.24750	0.00487
721.48855	0.00485
721.72961	0.00485
721.97067	0.00484
722.21173	0.00484
722.45279	0.00484
722.69385	0.00485
722.93491	0.00486
723.17596	0.00487
723.41702	0.00488
723.65808	0.00491
723.89914	0.00493
724.14020	0.00495
724.38126	0.00498
724.62232	0.00499
724.86337	0.00500
725.10443	0.00500
725.34549	0.00499
725.58655	0.00497
725.82761	0.00494
726.06867	0.00490
726.30973	0.00487
726.55079	0.00483
726.79184	0.00481
727.03290	0.00478
727.27396	0.00477
727.51502	0.00476
727.75608	0.00476
727.99714	0.00476
728.23820	0.00476
728.47925	0.00475
728.72031	0.00474
728.96137	0.00472
729.20243	0.00470
729.44349	0.00467
729.68455	0.00463
729.92561	0.00459
730.16667	0.00455
730.40772	0.00452
730.64878	0.00449
730.88984	0.00447
731.13090	0.00446
731.37196	0.00445
731.61302	0.00445
731.85408	0.00446
732.09513	0.00447
732.33619	0.00448
732.57725	0.00449
732.81831	0.00450
733.05937	0.00451
733.30043	0.00451
733.54149	0.00451
733.78255	0.00451
734.02360	0.00450
734.26466	0.00449
734.50572	0.00449
734.74678	0.00448
734.98784	0.00448
735.22890	0.00448
735.46996	0.00447
735.71101	0.00447
735.95207	0.00447
736.19313	0.00446
736.43419	0.00445
736.67525	0.00443
736.91631	0.00441
737.15737	0.00438
737.39842	0.00435
737.63948	0.00432
737.88054	0.00428
738.12160	0.00425
738.36266	0.00423
738.60372	0.00421
738.84478	0.00420
739.08584	0.00420
739.32689	0.00420
739.56795	0.00421
739.80901	0.00421
740.05007	0.00422
740.29113	0.00423
740.53219	0.00424
740.77325	0.00425
741.01430	0.00426
741.25536	0.00427
741.49642	0.00429
741.73748	0.00431
741.97854	0.00433
742.21960	0.00435
742.46066	0.00437
742.70172	0.00439
742.94277	0.00441
743.18383	0.00442
743.42489	0.00442
743.66595	0.00441
743.90701	0.00440
744.14807	0.00439
744.38913	0.00438
744.63018	0.00437
744.87124	0.00438
745.11230	0.00439
745.35336	0.00441
745.59442	0.00444
745.83548	0.00448
746.07654	0.00452
746.31760	0.00458
746.55865	0.00463
746.79971	0.00470
747.04077	0.00476
747.28183	0.00483
747.52289	0.00491
747.76395	0.00498
748.00501	0.00506
748.24606	0.00513
748.48712	0.00520
748.72818	0.00527
748.96924	0.00534
749.21030	0.00541
749.45136	0.00547
749.69242	0.00554
749.93348	0.00562
750.17453	0.00569
750.41559	0.00578
750.65665	0.00587
750.89771	0.00596
751.13877	0.00606
751.37983	0.00617
751.62089	0.00628
751.86194	0.00639
752.10300	0.00650
752.34406	0.00662
752.58512	0.00674
752.82618	0.00686
753.06724	0.00698
753.30830	0.00711
753.54935	0.00725
753.79041	0.00739
754.03147	0.00756
754.27253	0.00774
754.51359	0.00795
754.75465	0.00817
754.99571	0.00841
755.23677	0.00867
755.47782	0.00893
755.71888	0.00920
755.95994	0.00946
756.20100	0.00972
756.44206	0.00997
756.68312	0.01022
756.92418	0.01045
757.16523	0.01069
757.40629	0.01092
757.64735	0.01115
757.88841	0.01139
758.12947	0.01162
758.37053	0.01186
758.61159	0.01210
758.85265	0.01234
759.09370	0.01257
759.33476	0.01280
759.57582	0.01302
759.81688	0.01324
760.05794	0.01346
760.29900	0.01368
760.54006	0.01390
760.78111	0.01412
761.02217	0.01434
761.26323	0.01455
761.50429	0.01477
761.74535	0.01498
761.98641	0.01518
762.22747	0.01537
762.46853	0.01554
762.70958	0.01571
762.95064	0.01586
763.19170	0.01601
763.43276	0.01615
763.67382	0.01629
763.91488	0.01643
764.15594	0.01658
764.39699	0.01672
764.63805	0.01687
764.87911	0.01702
765.12017	0.01717
765.36123	0.01731
765.60229	0.01744
765.84335	0.01756
766.08440	0.01767
766.32546	0.01777
766.56652	0.01785
766.80758	0.01793
767.04864	0.01800
767.28970	0.01806
767.53076	0.01812
767.77182	0.01818
768.01287	0.01824
768.25393	0.01830
768.49499	0.01836
768.73605	0.01842
768.97711	0.01847
769.21817	0.01852
769.45923	0.01857
769.70028	0.01861
769.94134	0.01865
770.18240	0.01870
770.42346	0.01875
770.66452	0.01881
770.90558	0.01888
771.14664	0.01897
771.38770	0.01907
771.62875	0.01918
771.86981	0.01930
772.11087	0.01944
772.35193	0.01959
772.59299	0.01974
772.83405	0.01991
773.07511	0.02010
773.31616	0.02030
773.55722	0.02051
773.79828	0.02073
774.03934	0.02098
774.28040	0.02123
774.52146	0.02149
774.76252	0.02176
775.00358	0.02203
775.24463	0.02231
775.48569	0.02259
775.72675	0.02288
775.96781	0.02316
776.20887	0.02345
776.44993	0.02374
776.69099	0.02402
776.93204	0.02430
777.17310	0.02456
777.41416	0.02481
777.65522	0.02504
777.89628	0.02526
778.13734	0.02546
778.37840	0.02564
778.61945	0.02581
778.86051	0.02597
779.10157	0.02613
779.34263	0.02629
779.58369	0.02644
779.82475	0.02660
780.06581	0.02674
780.30687	0.02688
780.54792	0.02701
780.78898	0.02712
781.03004	0.02722
781.27110	0.02731
781.51216	0.02739
781.75322	0.02747
781.99428	0.02754
782.23533	0.02761
782.47639	0.02767
782.71745	0.02775
782.95851	0.02782
783.19957	0.02789
783.44063	0.02796
783.68169	0.02803
783.92275	0.02809
784.16380	0.02814
784.40486	0.02817
784.64592	0.02818
784.88698	0.02817
785.12804	0.02813
785.36910	0.02806
785.61016	0.02796
785.85121	0.02783
786.09227	0.02769
786.33333	0.02752
786.57439	0.02733
786.81545	0.02714
787.05651	0.02693
787.29757	0.02672
787.53863	0.02649
787.77968	0.02625
788.02074	0.02599
788.26180	0.02571
788.50286	0.02540
788.74392	0.02508
788.98498	0.02473
789.22604	0.02438
789.46709	0.02402
789.70815	0.02366
789.94921	0.02331
790.19027	0.02298
790.43133	0.02265
790.67239	0.02234
790.91345	0.02205
791.15451	0.02177
791.39556	0.02149
791.63662	0.02123
791.87768	0.02098
792.11874	0.02074
792.35980	0.02051
792.60086	0.02030
792.84192	0.02012
793.08297	0.01995
793.32403	0.01981
793.56509	0.01970
793.80615	0.01962
794.04721	0.01956
794.28827	0.01953
794.52933	0.01952
794.77038	0.01954
795.01144	0.01957
795.25250	0.01962
795.49356	0.01969
795.73462	0.01977
795.97568	0.01985
796.21674	0.01994
796.45780	0.02004
796.69885	0.02013
796.93991	0.02022
797.18097	0.02030
797.42203	0.02038
797.66309	0.02045
797.90415	0.02051
798.14521	0.02056
798.38626	0.02060
798.62732	0.02063
798.86838	0.02065
799.10944	0.02066
799.35050	0.02066
799.59156	0.02067
799.83262	0.02067
800.07368	0.02069
800.31473	0.02071
800.55579	0.02075
800.79685	0.02081
801.03791	0.02089
801.27897	0.02097
801.52003	0.02107
801.76109	0.02116
802.00214	0.02125
802.24320	0.02133
802.48426	0.02140
802.72532	0.02146
802.96638	0.02151
803.20744	0.02156
803.44850	0.02160
803.68956	0.02165
803.93061	0.02171
804.17167	0.02178
804.41273	0.02186
804.65379	0.02194
804.89485	0.02203
805.13591	0.02212
805.37697	0.02221
805.61802	0.02230
805.85908	0.02238
806.10014	0.02246
806.34120	0.02253
806.58226	0.02260
806.82332	0.02268
807.06438	0.02275
807.30543	0.02283
807.54649	0.02292
807.78755	0.02301
808.02861	0.02311
808.26967	0.02321
808.51073	0.02332
808.75179	0.02343
808.99285	0.02354
809.23390	0.02365
809.47496	0.02375
809.71602	0.02385
809.95708	0.02394
810.19814	0.02402
810.43920	0.02411
810.68026	0.02419
810.92131	0.02428
811.16237	0.02437
811.40343	0.02446
811.64449	0.02456
811.88555	0.02467
812.12661	0.02478
812.36767	0.02490
812.60873	0.02501
812.84978	0.02512
813.09084	0.02523
813.33190	0.02533
813.57296	0.02542
813.81402	0.02550
814.05508	0.02558
814.29614	0.02566
814.53719	0.02573
814.77825	0.02579
815.01931	0.02586
815.26037	0.02593
815.50143	0.02599
815.74249	0.02607
815.98355	0.02614
816.22461	0.02621
816.46566	0.02629
816.70672	0.02636
816.94778	0.02643
817.18884	0.02649
817.42990	0.02655
817.67096	0.02659
817.91202	0.02663
818.15307	0.02667
818.39413	0.02671
818.63519	0.02674
818.87625	0.02678
819.11731	0.02683
819.35837	0.02688
819.59943	0.02693
819.84048	0.02698
820.08154	0.02703
820.32260	0.02709
820.56366	0.02713
820.80472	0.02717
821.04578	0.02721
821.28684	0.02723
821.52790	0.02725
821.76895	0.02727
822.01001	0.02727
822.25107	0.02728
822.49213	0.02729
822.73319	0.02729
822.97425	0.02730
823.21531	0.02732
823.45636	0.02734
823.69742	0.02737
823.93848	0.02741
824.17954	0.02745
824.42060	0.02749
824.66166	0.02753
824.90272	0.02756
825.14378	0.02759
825.38483	0.02760
825.62589	0.02760
825.86695	0.02758
826.10801	0.02755
826.34907	0.02751
826.59013	0.02746
826.83119	0.02740
827.07224	0.02734
827.31330	0.02728
827.55436	0.02723
827.79542	0.02717
828.03648	0.02711
828.27754	0.02706
828.51860	0.02700
828.75966	0.02694
829.00071	0.02688
829.24177	0.02683
829.48283	0.02676
829.72389	0.02669
829.96495	0.02662
830.20601	0.02654
830.44707	0.02645
830.68812	0.02634
830.92918	0.02623
831.17024	0.02611
831.41130	0.02599
831.65236	0.02586
831.89342	0.02575
832.13448	0.02564
832.37553	0.02555
832.61659	0.02548
832.85765	0.02541
833.09871	0.02536
833.33977	0.02531
833.58083	0.02525
833.82189	0.02517
834.06295	0.02508
834.30400	0.02495
834.54506	0.02479
834.78612	0.02461
835.02718	0.02439
835.26824	0.02416
835.50930	0.02390
835.75036	0.02363
835.99141	0.02335
836.23247	0.02306
836.47353	0.02278
836.71459	0.02249
836.95565	0.02221
837.19671	0.02192
837.43777	0.02164
837.67883	0.02135
837.91988	0.02106
838.16094	0.02076
838.40200	0.02045
838.64306	0.02013
838.88412	0.01981
839.12518	0.01947
839.36624	0.01913
839.60729	0.01879
839.84835	0.01844
840.08941	0.01810
840.33047	0.01775
840.57153	0.01741
840.81259	0.01708
841.05365	0.01674
841.29471	0.01642
841.53576	0.01609
841.77682	0.01577
842.01788	0.01545
842.25894	0.01513
842.50000	0.01482
842.74106	0.01451
842.98212	0.01421
843.22317	0.01391
843.46423	0.01363
843.70529	0.01335
843.94635	0.01308
844.18741	0.01282
844.42847	0.01258
844.66953	0.01235
844.91059	0.01214
845.15164	0.01194
845.39270	0.01175
845.63376	0.01157
845.87482	0.01141
846.11588	0.01126
846.35694	0.01112
846.59800	0.01099
846.83905	0.01087
847.08011	0.01076
847.32117	0.01066
847.56223	0.01057
847.80329	0.01049
848.04435	0.01043
848.28541	0.01038
848.52646	0.01034
848.76752	0.01030
849.00858	0.01028
849.24964	0.01026
849.49070	0.01025
849.73176	0.01026
849.97282	0.01027
850.21388	0.01029
850.45493	0.01032
850.69599	0.01035
850.93705	0.01040
851.17811	0.01044
851.41917	0.01048
851.66023	0.01053
851.90129	0.01056
852.14234	0.01060
852.38340	0.01063
852.62446	0.01066
852.86552	0.01068
853.10658	0.01070
853.34764	0.01072
853.58870	0.01073
853.82976	0.01075
854.07081	0.01077
854.31187	0.01079
854.55293	0.01082
854.79399	0.01085
855.03505	0.01089
855.27611	0.01094
855.51717	0.01100
855.75822	0.01106
855.99928	0.01113
856.24034	0.01120
856.48140	0.01127
856.72246	0.01133
856.96352	0.01138
857.20458	0.01142
857.44564	0.01144
857.68669	0.01145
857.92775	0.01145
858.16881	0.01144
858.40987	0.01143
858.65093	0.01140
858.89199	0.01137
859.13305	0.01133
859.37410	0.01128
859.61516	0.01123
859.85622	0.01117
860.09728	0.01110
860.33834	0.01103
860.57940	0.01095
860.82046	0.01086
861.06151	0.01076
861.30257	0.01067
861.54363	0.01057
861.78469	0.01047
862.02575	0.01038
862.26681	0.01029
862.50787	0.01020
862.74893	0.01011
862.98998	0.01002
863.23104	0.00992
863.47210	0.00982
863.71316	0.00971
863.95422	0.00959
864.19528	0.00947
864.43634	0.00935
864.67739	0.00922
864.91845	0.00910
865.15951	0.00898
865.40057	0.00887
865.64163	0.00876
865.88269	0.00866
866.12375	0.00856
866.36481	0.00847
866.60586	0.00837
866.84692	0.00826
867.08798	0.00814
867.32904	0.00801
867.57010	0.00787
867.81116	0.00771
868.05222	0.00755
868.29327	0.00738
868.53433	0.00721
868.77539	0.00703
869.01645	0.00687
869.25751	0.00671
869.49857	0.00655
869.73963	0.00641
869.98069	0.00628
870.22174	0.00616
870.46280	0.00605
870.70386	0.00597
870.94492	0.00591
871.18598	0.00588
871.42704	0.00587
871.66810	0.00590
871.90915	0.00595
872.15021	0.00603
872.39127	0.00613
872.63233	0.00626
872.87339	0.00640
873.11445	0.00656
873.35551	0.00672
873.59656	0.00689
873.83762	0.00706
874.07868	0.00723
874.31974	0.00740
874.56080	0.00755
874.80186	0.00768
875.04292	0.00780
875.28398	0.00788
875.52503	0.00794
875.76609	0.00797
876.00715	0.00797
876.24821	0.00794
876.48927	0.00789
876.73033	0.00784
876.97139	0.00777
877.21244	0.00771
877.45350	0.00766
877.69456	0.00760
877.93562	0.00756
878.17668	0.00752
878.41774	0.00747
878.65880	0.00742
878.89986	0.00736
879.14091	0.00727
879.38197	0.00717
879.62303	0.00705
879.86409	0.00691
880.10515	0.00677
880.34621	0.00662
880.58727	0.00647
880.82832	0.00633
881.06938	0.00620
881.31044	0.00609
881.55150	0.00600
881.79256	0.00593
882.03362	0.00587
882.27468	0.00582
882.51574	0.00578
882.75679	0.00574
882.99785	0.00570
883.23891	0.00564
883.47997	0.00558
883.72103	0.00550
883.96209	0.00541
884.20315	0.00530
884.44420	0.00517
884.68526	0.00504
884.92632	0.00489
885.16738	0.00474
885.40844	0.00459
885.64950	0.00444
885.89056	0.00430
886.13161	0.00416
886.37267	0.00403
886.61373	0.00392
886.85479	0.00382
887.09585	0.00373
887.33691	0.00365
887.57797	0.00359
887.81903	0.00354
888.06008	0.00349
888.30114	0.00345
888.54220	0.00341
888.78326	0.00337
889.02432	0.00332
889.26538	0.00327
889.50644	0.00321
889.74749	0.00316
889.98855	0.00309
890.22961	0.00303
890.47067	0.00296
890.71173	0.00290
890.95279	0.00283
891.19385	0.00277
891.43491	0.00272
891.67596	0.00266
891.91702	0.00261
892.15808	0.00256
892.39914	0.00251
892.64020	0.00246
892.88126	0.00240
893.12232	0.00235
893.36337	0.00229
893.60443	0.00223
893.84549	0.00217
894.08655	0.00211
894.32761	0.00206
894.56867	0.00201
894.80973	0.00196
895.05079	0.00193
895.29184	0.00190
895.53290	0.00188
895.77396	0.00187
896.01502	0.00187
896.25608	0.00188
896.49714	0.00188
896.73820	0.00189
896.97925	0.00189
897.22031	0.00188
897.46137	0.00187
897.70243	0.00185
897.94349	0.00182
898.18455	0.00179
898.42561	0.00175
898.66667	0.00171
898.90772	0.00166
899.14878	0.00162
899.38984	0.00158
899.63090	0.00154
