0.00000	0.01166
0.24106	0.01173
0.48212	0.01194
0.72318	0.01230
0.96423	0.01282
1.20529	0.01350
1.44635	0.01435
1.68741	0.01534
1.92847	0.01644
2.16953	0.01745
2.41059	0.01860
2.65165	0.01982
2.89270	0.02100
3.13376	0.02202
3.37482	0.02282
3.61588	0.02335
3.85694	0.02363
4.09800	0.02371
4.33906	0.02367
4.58011	0.02359
4.82117	0.02353
5.06223	0.02351
5.30329	0.02352
5.54435	0.02355
5.78541	0.02354
6.02647	0.02345
6.26753	0.02326
6.50858	0.02298
6.74964	0.02262
6.99070	0.02219
7.23176	0.02174
7.47282	0.02130
7.71388	0.02089
7.95494	0.02054
8.19599	0.02024
8.43705	0.01999
8.67811	0.01980
8.91917	0.01967
9.16023	0.01960
9.40129	0.01961
9.64235	0.01974
9.88340	0.01998
10.12446	0.02044
10.36552	0.02118
10.60658	0.02224
10.84764	0.02365
11.08870	0.02537
11.32976	0.02732
11.57082	0.02934
11.81187	0.03127
12.05293	0.03282
12.29399	0.03378
12.53505	0.03400
12.77611	0.03341
13.01717	0.03206
13.25823	0.03009
13.49928	0.02773
13.74034	0.02497
13.98140	0.02242
14.22246	0.02035
14.46352	0.01897
14.70458	0.01833
14.94564	0.01838
15.18670	0.01898
15.42775	0.01991
15.66881	0.02098
15.90987	0.02196
16.15093	0.02266
16.39199	0.02296
16.63305	0.02286
16.87411	0.02238
17.11516	0.02162
17.35622	0.02070
17.59728	0.01971
17.83834	0.01880
18.07940	0.01805
18.32046	0.01749
18.56152	0.01711
18.80258	0.01687
19.04363	0.01668
19.28469	0.01648
19.52575	0.01611
19.76681	0.01561
20.00787	0.01495
20.24893	0.01413
20.48999	0.01315
20.73104	0.01206
20.97210	0.01087
21.21316	0.00965
21.45422	0.00839
21.69528	0.00708
21.93634	0.00586
22.17740	0.00488
22.41845	0.00424
22.65951	0.00401
22.90057	0.00421
23.14163	0.00479
23.38269	0.00559
23.62375	0.00651
23.86481	0.00755
24.10587	0.00866
24.34692	0.00984
24.58798	0.01105
24.82904	0.01230
25.07010	0.01358
25.31116	0.01489
25.55222	0.01632
25.79328	0.01788
26.03433	0.01956
26.27539	0.02135
26.51645	0.02324
26.75751	0.02519
26.99857	0.02719
27.23963	0.02921
27.48069	0.03122
27.72175	0.03320
27.96280	0.03514
28.20386	0.03702
28.44492	0.03881
28.68598	0.04052
28.92704	0.04216
29.16810	0.04376
29.40916	0.04540
29.65021	0.04717
29.89127	0.04919
30.13233	0.05155
30.37339	0.05430
30.61445	0.05744
30.85551	0.06090
31.09657	0.06457
31.33763	0.06824
31.57868	0.07169
31.81974	0.07476
32.06080	0.07730
32.30186	0.07929
32.54292	0.08075
32.78398	0.08177
33.02504	0.08231
33.26609	0.08273
33.50715	0.08321
33.74821	0.08392
33.98927	0.08497
34.23033	0.08641
34.47139	0.08825
34.71245	0.09043
34.95350	0.09292
35.19456	0.09567
35.43562	0.09865
35.67668	0.10188
35.91774	0.10548
36.15880	0.10959
36.39986	0.11446
36.64092	0.12035
36.88197	0.12751
37.12303	0.13620
37.36409	0.14651
37.60515	0.15837
37.84621	0.17152
38.08727	0.18550
38.32833	0.19969
38.56938	0.21338
38.81044	0.22586
39.05150	0.23647
39.29256	0.24473
39.53362	0.25042
39.77468	0.25356
40.01574	0.25441
40.25680	0.25343
40.49785	0.25123
40.73891	0.24841
40.97997	0.24560
41.22103	0.24328
41.46209	0.24181
41.70315	0.24140
41.94421	0.24211
42.18526	0.24392
42.42632	0.24675
42.66738	0.25054
42.90844	0.25526
43.14950	0.26093
43.39056	0.26760
43.63162	0.27530
43.87268	0.28401
44.11373	0.29359
44.35479	0.30376
44.59585	0.31409
44.83691	0.32399
45.07797	0.33281
45.31903	0.33994
45.56009	0.34486
45.80114	0.34724
46.04220	0.34703
46.28326	0.34442
46.52432	0.33987
46.76538	0.33402
47.00644	0.32759
47.24750	0.32130
47.48855	0.31580
47.72961	0.31157
47.97067	0.30888
48.21173	0.30785
48.45279	0.30846
48.69385	0.31060
48.93491	0.31416
49.17597	0.31911
49.41702	0.32549
49.65808	0.33350
49.89914	0.34338
50.14020	0.35541
50.38126	0.36979
50.62232	0.38660
50.86338	0.40569
51.10443	0.42665
51.34549	0.44882
51.58655	0.47135
51.82761	0.49331
52.06867	0.51376
52.30973	0.53191
52.55079	0.54721
52.79185	0.55940
53.03290	0.56850
53.27396	0.57481
53.51502	0.57881
53.75608	0.58106
53.99714	0.58212
54.23820	0.58247
54.47926	0.58248
54.72031	0.58242
54.96137	0.58249
55.20243	0.58290
55.44349	0.58391
55.68455	0.58592
55.92561	0.58945
56.16667	0.59512
56.40773	0.60360
56.64878	0.61548
56.88984	0.63114
57.13090	0.65062
57.37196	0.67356
57.61302	0.69916
57.85408	0.72628
58.09514	0.75349
58.33619	0.77934
58.57725	0.80251
58.81831	0.82202
59.05937	0.83738
59.30043	0.84862
59.54149	0.85624
59.78255	0.86111
60.02361	0.86424
60.26466	0.86654
60.50572	0.86871
60.74678	0.87105
60.98784	0.87345
61.22890	0.87553
61.46996	0.87673
61.71102	0.87654
61.95207	0.87475
62.19313	0.87151
62.43419	0.86746
62.67525	0.86364
62.91631	0.86138
63.15737	0.86202
63.39843	0.86673
63.63948	0.87625
63.88054	0.89074
64.12160	0.90975
64.36266	0.93226
64.60372	0.95684
64.84478	0.98190
65.08584	1.00590
65.32690	1.02755
65.56795	1.04602
65.80901	1.06092
66.05007	1.07228
66.29113	1.08043
66.53219	1.08584
66.77325	1.08888
67.01431	1.08979
67.25536	1.08850
67.49642	1.08472
67.73748	1.07800
67.97854	1.06786
68.21960	1.05398
68.46066	1.03633
68.70172	1.01526
68.94278	0.99154
69.18383	0.96628
69.42489	0.94084
69.66595	0.91661
69.90701	0.89493
70.14807	0.87682
70.38913	0.86294
70.63019	0.85352
70.87124	0.84841
71.11230	0.84715
71.35336	0.84914
71.59442	0.85379
71.83548	0.86063
72.07654	0.86940
72.31760	0.88007
72.55866	0.89274
72.79971	0.90758
73.04077	0.92464
73.28183	0.94371
73.52289	0.96424
73.76395	0.98531
74.00501	1.00567
74.24607	1.02388
74.48712	1.03853
74.72818	1.04840
74.96924	1.05269
75.21030	1.05114
75.45136	1.04409
75.69242	1.03245
75.93348	1.01761
76.17453	1.00124
76.41559	0.98513
76.65665	0.97095
76.89771	0.96015
77.13877	0.95381
77.37983	0.95262
77.62089	0.95690
77.86195	0.96669
78.10300	0.98183
78.34406	1.00210
78.58512	1.02732
78.82618	1.05739
79.06724	1.09226
79.30830	1.13190
79.54936	1.17615
79.79041	1.22455
80.03147	1.27626
80.27253	1.32992
80.51359	1.38369
80.75465	1.43538
80.99571	1.48262
81.23677	1.52320
81.47783	1.55533
81.71888	1.57792
81.95994	1.59078
82.20100	1.59460
82.44206	1.59093
82.68312	1.58188
82.92418	1.56983
83.16524	1.55706
83.40629	1.54553
83.64735	1.53659
83.88841	1.53097
84.12947	1.52883
84.37053	1.53000
84.61159	1.53418
84.85265	1.54126
85.09371	1.55149
85.33476	1.56556
85.57582	1.58454
85.81688	1.60971
86.05794	1.64222
86.29900	1.68279
86.54006	1.73136
86.78112	1.78694
87.02217	1.84751
87.26323	1.91026
87.50429	1.97179
87.74535	2.02861
87.98641	2.07761
88.22747	2.11645
88.46853	2.14389
88.70958	2.15991
88.95064	2.16561
89.19170	2.16292
89.43276	2.15423
89.67382	2.14194
89.91488	2.12803
90.15594	2.11387
90.39700	2.10006
90.63805	2.08657
90.87911	2.07298
91.12017	2.05888
91.36123	2.04414
91.60229	2.02926
91.84335	2.01546
92.08441	2.00464
92.32546	1.99915
92.56652	2.00137
92.80758	2.01333
93.04864	2.03627
93.28970	2.07030
93.53076	2.11432
93.77182	2.16612
94.01288	2.22260
94.25393	2.28028
94.49499	2.33576
94.73605	2.38619
94.97711	2.42970
95.21817	2.46543
95.45923	2.49357
95.70029	2.51506
95.94134	2.53121
96.18240	2.54328
96.42346	2.55209
96.66452	2.55779
96.90558	2.55981
97.14664	2.55706
97.38770	2.54819
97.62876	2.53209
97.86981	2.50822
98.11087	2.47701
98.35193	2.43995
98.59299	2.39951
98.83405	2.35897
99.07511	2.32189
99.31617	2.29168
99.55722	2.27109
99.79828	2.26187
100.03934	2.26454
100.28040	2.27846
100.52146	2.30196
100.76252	2.33280
101.00358	2.36850
101.24464	2.40684
101.48569	2.44610
101.72675	2.48527
101.96781	2.52399
102.20887	2.56234
102.44993	2.60054
102.69099	2.63861
102.93205	2.67601
103.17310	2.71155
103.41416	2.74334
103.65522	2.76898
103.89628	2.78599
104.13734	2.79215
104.37840	2.78603
104.61946	2.76727
104.86051	2.73675
105.10157	2.69660
105.34263	2.64991
105.58369	2.60032
105.82475	2.55155
106.06581	2.50692
106.30687	2.46893
106.54793	2.43913
106.78898	2.41802
107.03004	2.40526
107.27110	2.39996
107.51216	2.40106
107.75322	2.40769
107.99428	2.41939
108.23534	2.43625
108.47639	2.45881
108.71745	2.48783
108.95851	2.52398
109.19957	2.56748
109.44063	2.61775
109.68169	2.67329
109.92275	2.73160
110.16381	2.78942
110.40486	2.84308
110.64592	2.88894
110.88698	2.92389
111.12804	2.94578
111.36910	2.95373
111.61016	2.94821
111.85122	2.93095
112.09227	2.90460
112.33333	2.87232
112.57439	2.83726
112.81545	2.80215
113.05651	2.76893
113.29757	2.73869
113.53863	2.71169
113.77969	2.68765
114.02074	2.66611
114.26180	2.64682
114.50286	2.63004
114.74392	2.61673
114.98498	2.60845
115.22604	2.60715
115.46710	2.61478
115.70815	2.63278
115.94921	2.66168
116.19027	2.70079
116.43133	2.74815
116.67239	2.80066
116.91345	2.85452
117.15451	2.90567
117.39556	2.95047
117.63662	2.98612
117.87768	3.01108
118.11874	3.02510
118.35980	3.02918
118.60086	3.02512
118.84192	3.01515
119.08298	3.00137
119.32403	2.98539
119.56509	2.96802
119.80615	2.94930
120.04721	2.92860
120.28827	2.90503
120.52933	2.87782
120.77039	2.84676
121.01144	2.81248
121.25250	2.77660
121.49356	2.74162
121.73462	2.71062
121.97568	2.68681
122.21674	2.67301
122.45780	2.67113
122.69886	2.68187
122.93991	2.70456
123.18097	2.73725
123.42203	2.77706
123.66309	2.82064
123.90415	2.86472
124.14521	2.90656
124.38627	2.94436
124.62732	2.97730
124.86838	3.00547
125.10944	3.02959
125.35050	3.05058
125.59156	3.06908
125.83262	3.08521
126.07368	3.09830
126.31474	3.10698
126.55579	3.10944
126.79685	3.10376
127.03791	3.08844
127.27897	3.06280
127.52003	3.02725
127.76109	2.98348
128.00215	2.93423
128.24320	2.88309
128.48426	2.83395
128.72532	2.79049
128.96638	2.75571
129.20744	2.73153
129.44850	2.71860
129.68956	2.71631
129.93061	2.72305
130.17167	2.73655
130.41273	2.75439
130.65379	2.77438
130.89485	2.79493
131.13591	2.81521
131.37697	2.83511
131.61803	2.85504
131.85908	2.87558
132.10014	2.89713
132.34120	2.91951
132.58226	2.94184
132.82332	2.96246
133.06438	2.97918
133.30544	2.98955
133.54649	2.99140
133.78755	2.98319
134.02861	2.96436
134.26967	2.93555
134.51073	2.89853
134.75179	2.85595
134.99285	2.81096
135.23391	2.76680
135.47496	2.72620
135.71602	2.69118
135.95708	2.66279
136.19814	2.64112
136.43920	2.62552
136.68026	2.61484
136.92132	2.60786
137.16237	2.60361
137.40343	2.60161
137.64449	2.60197
137.88555	2.60533
138.12661	2.61265
138.36767	2.62487
138.60873	2.64258
138.84979	2.66572
139.09084	2.69339
139.33190	2.72387
139.57296	2.75474
139.81402	2.78322
140.05508	2.80658
140.29614	2.82252
140.53720	2.82957
140.77825	2.82728
141.01931	2.81624
141.26037	2.79794
141.50143	2.77446
141.74249	2.74810
141.98355	2.72095
142.22461	2.69462
142.46566	2.67000
142.70672	2.64731
142.94778	2.62623
143.18884	2.60618
143.42990	2.58664
143.67096	2.56747
143.91202	2.54910
144.15308	2.53258
144.39413	2.51948
144.63519	2.51165
144.87625	2.51085
145.11731	2.51836
145.35837	2.53469
145.59943	2.55938
145.84049	2.59095
146.08154	2.62709
146.32260	2.66496
146.56366	2.70159
146.80472	2.73434
147.04578	2.76123
147.28684	2.78119
147.52790	2.79414
147.76896	2.80083
148.01001	2.80259
148.25107	2.80096
148.49213	2.79729
148.73319	2.79249
148.97425	2.78680
149.21531	2.77981
149.45637	2.77066
149.69742	2.75827
149.93848	2.74176
150.17954	2.72075
150.42060	2.69561
150.66166	2.66752
150.90272	2.63844
151.14378	2.61076
151.38484	2.58700
151.62589	2.56939
151.86695	2.55945
152.10801	2.55778
152.34907	2.56397
152.59013	2.57664
152.83119	2.59375
153.07225	2.61294
153.31330	2.63195
153.55436	2.64896
153.79542	2.66290
154.03648	2.67345
154.27754	2.68106
154.51860	2.68662
154.75966	2.69123
155.00072	2.69578
155.24177	2.70068
155.48283	2.70574
155.72389	2.71007
155.96495	2.71233
156.20601	2.71096
156.44707	2.70458
156.68813	2.69227
156.92918	2.67393
157.17024	2.65032
157.41130	2.62302
157.65236	2.59423
157.89342	2.56645
158.13448	2.54202
158.37554	2.52285
158.61659	2.51005
158.85765	2.50391
159.09871	2.50386
159.33977	2.50870
159.58083	2.51690
159.82189	2.52689
160.06295	2.53739
160.30401	2.54762
160.54506	2.55735
160.78612	2.56689
161.02718	2.57685
161.26824	2.58797
161.50930	2.60080
161.75036	2.61551
161.99142	2.63175
162.23247	2.64863
162.47353	2.66483
162.71459	2.67885
162.95565	2.68924
163.19671	2.69492
163.43777	2.69540
163.67883	2.69090
163.91989	2.68235
164.16094	2.67129
164.40200	2.65954
164.64306	2.64895
164.88412	2.64107
165.12518	2.63688
165.36624	2.63665
165.60730	2.63998
165.84835	2.64595
166.08941	2.65337
166.33047	2.66110
166.57153	2.66832
166.81259	2.67480
167.05365	2.68087
167.29471	2.68738
167.53577	2.69548
167.77682	2.70626
168.01788	2.72048
168.25894	2.73828
168.50000	2.75904
168.74106	2.78140
168.98212	2.80346
169.22318	2.82307
169.46423	2.83820
169.70529	2.84730
169.94635	2.84960
170.18741	2.84520
170.42847	2.83509
170.66953	2.82094
170.91059	2.80481
171.15164	2.78875
171.39270	2.77452
171.63376	2.76326
171.87482	2.75534
172.11588	2.75041
172.35694	2.74754
172.59800	2.74548
172.83906	2.74299
173.08011	2.73916
173.32117	2.73363
173.56223	2.72670
173.80329	2.71927
174.04435	2.71268
174.28541	2.70838
174.52647	2.70763
174.76752	2.71119
175.00858	2.71909
175.24964	2.73061
175.49070	2.74431
175.73176	2.75831
175.97282	2.77059
176.21388	2.77937
176.45494	2.78339
176.69599	2.78215
176.93705	2.77593
177.17811	2.76572
177.41917	2.75299
177.66023	2.73934
177.90129	2.72621
178.14235	2.71462
178.38340	2.70498
178.62446	2.69709
178.86552	2.69025
179.10658	2.68351
179.34764	2.67593
179.58870	2.66689
179.82976	2.65625
180.07082	2.64447
180.31187	2.63256
180.55293	2.62187
180.79399	2.61388
181.03505	2.60983
181.27611	2.61051
181.51717	2.61606
181.75823	2.62592
181.99928	2.63888
182.24034	2.65335
182.48140	2.66756
182.72246	2.67994
182.96352	2.68934
183.20458	2.69519
183.44564	2.69762
183.68669	2.69727
183.92775	2.69521
184.16881	2.69261
184.40987	2.69051
184.65093	2.68959
184.89199	2.69005
185.13305	2.69156
185.37411	2.69343
185.61516	2.69474
185.85622	2.69462
186.09728	2.69248
186.33834	2.68822
186.57940	2.68226
186.82046	2.67555
187.06152	2.66940
187.30257	2.66523
187.54363	2.66432
187.78469	2.66752
188.02575	2.67510
188.26681	2.68666
188.50787	2.70118
188.74893	2.71722
188.98999	2.73320
189.23104	2.74763
189.47210	2.75946
189.71316	2.76819
189.95422	2.77394
190.19528	2.77739
190.43634	2.77956
190.67740	2.78156
190.91845	2.78430
191.15951	2.78828
191.40057	2.79343
191.64163	2.79912
191.88269	2.80432
192.12375	2.80776
192.36481	2.80829
192.60587	2.80511
192.84692	2.79799
193.08798	2.78738
193.32904	2.77439
193.57010	2.76056
193.81116	2.74770
194.05222	2.73750
194.29328	2.73125
194.53433	2.72966
194.77539	2.73271
195.01645	2.73968
195.25751	2.74936
195.49857	2.76021
195.73963	2.77076
195.98069	2.77979
196.22174	2.78657
196.46280	2.79098
196.70386	2.79343
196.94492	2.79471
197.18598	2.79578
197.42704	2.79749
197.66810	2.80038
197.90916	2.80449
198.15021	2.80936
198.39127	2.81412
198.63233	2.81765
198.87339	2.81886
199.11445	2.81692
199.35551	2.81150
199.59657	2.80285
199.83762	2.79182
200.07868	2.77973
200.31974	2.76812
200.56080	2.75855
200.80186	2.75225
201.04292	2.74998
201.28398	2.75188
201.52504	2.75752
201.76609	2.76596
202.00715	2.77602
202.24821	2.78650
202.48927	2.79641
202.73033	2.80519
202.97139	2.81273
203.21245	2.81942
203.45350	2.82595
203.69456	2.83313
203.93562	2.84163
204.17668	2.85182
204.41774	2.86356
204.65880	2.87618
204.89986	2.88859
205.14092	2.89941
205.38197	2.90726
205.62303	2.91099
205.86409	2.90992
206.10515	2.90401
206.34621	2.89389
206.58727	2.88074
206.82833	2.86614
207.06938	2.85176
207.31044	2.83909
207.55150	2.82921
207.79256	2.82264
208.03362	2.81927
208.27468	2.81847
208.51574	2.81925
208.75680	2.82057
208.99785	2.82152
209.23891	2.82157
209.47997	2.82068
209.72103	2.81929
209.96209	2.81819
210.20315	2.81830
210.44421	2.82045
210.68526	2.82512
210.92632	2.83228
211.16738	2.84134
211.40844	2.85117
211.64950	2.86036
211.89056	2.86739
212.13162	2.87094
212.37267	2.87015
212.61373	2.86475
212.85479	2.85509
213.09585	2.84210
213.33691	2.82708
213.57797	2.81146
213.81903	2.79653
214.06009	2.78324
214.30114	2.77204
214.54220	2.76288
214.78326	2.75527
215.02432	2.74851
215.26538	2.74183
215.50644	2.73468
215.74750	2.72689
215.98855	2.71872
216.22961	2.71087
216.47067	2.70437
216.71173	2.70029
216.95279	2.69961
217.19385	2.70292
217.43491	2.71025
217.67597	2.72107
217.91702	2.73428
218.15808	2.74839
218.39914	2.76178
218.64020	2.77291
218.88126	2.78064
219.12232	2.78438
219.36338	2.78412
219.60443	2.78044
219.84549	2.77432
220.08655	2.76694
220.32761	2.75938
220.56867	2.75243
220.80973	2.74646
221.05079	2.74136
221.29185	2.73659
221.53290	2.73143
221.77396	2.72511
222.01502	2.71710
222.25608	2.70728
222.49714	2.69601
222.73820	2.68416
222.97926	2.67294
223.22031	2.66370
223.46137	2.65773
223.70243	2.65595
223.94349	2.65879
224.18455	2.66605
224.42561	2.67698
224.66667	2.69038
224.90772	2.70478
225.14878	2.71876
225.38984	2.73113
225.63090	2.74113
225.87196	2.74848
226.11302	2.75344
226.35408	2.75658
226.59514	2.75871
226.83619	2.76055
227.07725	2.76261
227.31831	2.76501
227.55937	2.76743
227.80043	2.76920
228.04149	2.76943
228.28255	2.76723
228.52360	2.76191
228.76466	2.75319
229.00572	2.74133
229.24678	2.72712
229.48784	2.71181
229.72890	2.69689
229.96996	2.68386
230.21102	2.67399
230.45207	2.66809
230.69313	2.66638
230.93419	2.66852
231.17525	2.67366
231.41631	2.68064
231.65737	2.68823
231.89843	2.69537
232.13948	2.70132
232.38054	2.70581
232.62160	2.70898
232.86266	2.71130
233.10372	2.71338
233.34478	2.71575
233.58584	2.71869
233.82690	2.72208
234.06795	2.72540
234.30901	2.72776
234.55007	2.72810
234.79113	2.72537
235.03219	2.71875
235.27325	2.70787
235.51431	2.69289
235.75536	2.67450
235.99642	2.65388
236.23748	2.63248
236.47854	2.61182
236.71960	2.59328
236.96066	2.57787
237.20172	2.56613
237.44277	2.55812
237.68383	2.55342
237.92489	2.55132
238.16595	2.55097
238.40701	2.55159
238.64807	2.55262
238.88913	2.55379
239.13019	2.55520
239.37124	2.55715
239.61230	2.56012
239.85336	2.56449
240.09442	2.57048
240.33548	2.57793
240.57654	2.58634
240.81760	2.59487
241.05865	2.60243
241.29971	2.60793
241.54077	2.61042
241.78183	2.60931
242.02289	2.60442
242.26395	2.59611
242.50501	2.58512
242.74607	2.57252
242.98712	2.55943
243.22818	2.54692
243.46924	2.53575
243.71030	2.52634
243.95136	2.51870
244.19242	2.51255
244.43348	2.50742
244.67453	2.50280
244.91559	2.49833
245.15665	2.49392
245.39771	2.48976
245.63877	2.48636
245.87983	2.48439
246.12089	2.48456
246.36195	2.48745
246.60300	2.49336
246.84406	2.50221
247.08512	2.51347
247.32618	2.52625
247.56724	2.53941
247.80830	2.55168
248.04936	2.56191
248.29041	2.56920
248.53147	2.57303
248.77253	2.57333
249.01359	2.57042
249.25465	2.56493
249.49571	2.55765
249.73677	2.54937
249.97783	2.54071
250.21888	2.53204
250.45994	2.52344
250.70100	2.51470
250.94206	2.50547
251.18312	2.49539
251.42418	2.48419
251.66524	2.47187
251.90629	2.45875
252.14735	2.44544
252.38841	2.43282
252.62947	2.42184
252.87053	2.41339
253.11159	2.40813
253.35265	2.40634
253.59370	2.40787
253.83476	2.41214
254.07582	2.41821
254.31688	2.42494
254.55794	2.43118
254.79900	2.43592
255.04006	2.43846
255.28112	2.43848
255.52217	2.43603
255.76323	2.43149
256.00429	2.42545
256.24535	2.41850
256.48641	2.41115
256.72747	2.40370
256.96853	2.39618
257.20958	2.38836
257.45064	2.37987
257.69170	2.37028
257.93276	2.35926
258.17382	2.34672
258.41488	2.33284
258.65594	2.31813
258.89700	2.30335
259.13805	2.28941
259.37911	2.27722
259.62017	2.26757
259.86123	2.26098
260.10229	2.25761
260.34335	2.25730
260.58441	2.25953
260.82546	2.26360
261.06652	2.26872
261.30758	2.27412
261.54864	2.27922
261.78970	2.28366
262.03076	2.28732
262.27182	2.29026
262.51288	2.29269
262.75393	2.29480
262.99499	2.29667
263.23605	2.29824
263.47711	2.29924
263.71817	2.29924
263.95923	2.29772
264.20029	2.29418
264.44134	2.28830
264.68240	2.27996
264.92346	2.26937
265.16452	2.25706
265.40558	2.24378
265.64664	2.23044
265.88770	2.21794
266.12875	2.20708
266.36981	2.19841
266.61087	2.19217
266.85193	2.18829
267.09299	2.18646
267.33405	2.18617
267.57511	2.18683
267.81617	2.18794
268.05722	2.18910
268.29828	2.19015
268.53934	2.19107
268.78040	2.19205
269.02146	2.19331
269.26252	2.19508
269.50358	2.19744
269.74463	2.20029
269.98569	2.20331
270.22675	2.20598
270.46781	2.20763
270.70887	2.20761
270.94993	2.20532
271.19099	2.20039
271.43205	2.19275
271.67310	2.18262
271.91416	2.17052
272.15522	2.15719
272.39628	2.14343
272.63734	2.13003
272.87840	2.11759
273.11946	2.10651
273.36051	2.09690
273.60157	2.08866
273.84263	2.08152
274.08369	2.07514
274.32475	2.06922
274.56581	2.06360
274.80687	2.05830
275.04793	2.05350
275.28898	2.04951
275.53004	2.04668
275.77110	2.04531
276.01216	2.04554
276.25322	2.04730
276.49428	2.05029
276.73534	2.05396
276.97639	2.05764
277.21745	2.06061
277.45851	2.06219
277.69957	2.06190
277.94063	2.05948
278.18169	2.05495
278.42275	2.04861
278.66380	2.04094
278.90486	2.03250
279.14592	2.02387
279.38698	2.01552
279.62804	2.00772
279.86910	2.00055
280.11016	1.99392
280.35122	1.98760
280.59227	1.98135
280.83333	1.97499
281.07439	1.96849
281.31545	1.96202
281.55651	1.95594
281.79757	1.95075
282.03863	1.94703
282.27968	1.94530
282.52074	1.94592
282.76180	1.94904
283.00286	1.95449
283.24392	1.96186
283.48498	1.97047
283.72604	1.97957
283.96710	1.98834
284.20815	1.99609
284.44921	2.00234
284.69027	2.00684
284.93133	2.00960
285.17239	2.01086
285.41345	2.01096
285.65451	2.01030
285.89556	2.00920
286.13662	2.00784
286.37768	2.00623
286.61874	2.00421
286.85980	2.00152
287.10086	1.99789
287.34192	1.99308
287.58298	1.98706
287.82403	1.97996
288.06509	1.97214
288.30615	1.96414
288.54721	1.95661
288.78827	1.95019
289.02933	1.94542
289.27039	1.94268
289.51144	1.94207
289.75250	1.94345
289.99356	1.94647
290.23462	1.95059
290.47568	1.95524
290.71674	1.95983
290.95780	1.96393
291.19885	1.96722
291.43991	1.96960
291.68097	1.97110
291.92203	1.97186
292.16309	1.97203
292.40415	1.97173
292.64521	1.97098
292.88627	1.96966
293.12732	1.96752
293.36838	1.96425
293.60944	1.95954
293.85050	1.95315
294.09156	1.94503
294.33262	1.93533
294.57368	1.92441
294.81473	1.91286
295.05579	1.90136
295.29685	1.89061
295.53791	1.88125
295.77897	1.87372
296.02003	1.86825
296.26109	1.86481
296.50215	1.86315
296.74320	1.86291
296.98426	1.86363
297.22532	1.86491
297.46638	1.86645
297.70744	1.86811
297.94850	1.86990
298.18956	1.87195
298.43061	1.87446
298.67167	1.87759
298.91273	1.88143
299.15379	1.88590
299.39485	1.89077
299.63591	1.89563
299.87697	1.89997
300.11803	1.90326
300.35908	1.90503
300.60014	1.90493
300.84120	1.90287
301.08226	1.89898
301.32332	1.89361
301.56438	1.88731
301.80544	1.88074
302.04649	1.87455
302.28755	1.86928
302.52861	1.86533
302.76967	1.86287
303.01073	1.86187
303.25179	1.86213
303.49285	1.86334
303.73391	1.86518
303.97496	1.86740
304.21602	1.86986
304.45708	1.87258
304.69814	1.87572
304.93920	1.87951
305.18026	1.88418
305.42132	1.88991
305.66237	1.89673
305.90343	1.90448
306.14449	1.91281
306.38555	1.92123
306.62661	1.92918
306.86767	1.93608
307.10873	1.94148
307.34978	1.94511
307.59084	1.94688
307.83190	1.94694
308.07296	1.94563
308.31402	1.94337
308.55508	1.94061
308.79614	1.93775
309.03720	1.93507
309.27825	1.93269
309.51931	1.93061
309.76037	1.92871
310.00143	1.92684
310.24249	1.92485
310.48355	1.92271
310.72461	1.92048
310.96566	1.91836
311.20672	1.91667
311.44778	1.91577
311.68884	1.91601
311.92990	1.91766
312.17096	1.92083
312.41202	1.92545
312.65308	1.93124
312.89413	1.93776
313.13519	1.94443
313.37625	1.95066
313.61731	1.95590
313.85837	1.95974
314.09943	1.96194
314.34049	1.96249
314.58154	1.96155
314.82260	1.95943
315.06366	1.95651
315.30472	1.95312
315.54578	1.94954
315.78684	1.94590
316.02790	1.94217
316.26896	1.93824
316.51001	1.93392
316.75107	1.92908
316.99213	1.92366
317.23319	1.91776
317.47425	1.91166
317.71531	1.90576
317.95637	1.90056
318.19742	1.89656
318.43848	1.89416
318.67954	1.89362
318.92060	1.89496
319.16166	1.89800
319.40272	1.90238
319.64378	1.90761
319.88483	1.91315
320.12589	1.91851
320.36695	1.92330
320.60801	1.92728
320.84907	1.93037
321.09013	1.93263
321.33119	1.93419
321.57225	1.93522
321.81330	1.93586
322.05436	1.93618
322.29542	1.93612
322.53648	1.93554
322.77754	1.93423
323.01860	1.93198
323.25966	1.92861
323.50071	1.92407
323.74177	1.91845
323.98283	1.91202
324.22389	1.90518
324.46495	1.89845
324.70601	1.89238
324.94707	1.88745
325.18813	1.88401
325.42918	1.88225
325.67024	1.88213
325.91130	1.88344
326.15236	1.88584
326.39342	1.88890
326.63448	1.89223
326.87554	1.89551
327.11659	1.89855
327.35765	1.90131
327.59871	1.90384
327.83977	1.90628
328.08083	1.90873
328.32189	1.91125
328.56295	1.91377
328.80401	1.91610
329.04506	1.91791
329.28612	1.91883
329.52718	1.91848
329.76824	1.91656
330.00930	1.91293
330.25036	1.90764
330.49142	1.90091
330.73247	1.89316
330.97353	1.88490
331.21459	1.87669
331.45565	1.86901
331.69671	1.86224
331.93777	1.85660
332.17883	1.85211
332.41988	1.84864
332.66094	1.84595
332.90200	1.84376
333.14306	1.84182
333.38412	1.83994
333.62518	1.83807
333.86624	1.83625
334.10730	1.83462
334.34835	1.83338
334.58941	1.83269
334.83047	1.83263
335.07153	1.83319
335.31259	1.83417
335.55365	1.83526
335.79471	1.83607
336.03576	1.83616
336.27682	1.83514
336.51788	1.83274
336.75894	1.82886
337.00000	1.82358
337.24106	1.81715
337.48212	1.80998
337.72318	1.80253
337.96423	1.79524
338.20529	1.78848
338.44635	1.78247
338.68741	1.77728
338.92847	1.77281
339.16953	1.76885
339.41059	1.76514
339.65164	1.76144
339.89270	1.75758
340.13376	1.75353
340.37482	1.74939
340.61588	1.74535
340.85694	1.74169
341.09800	1.73869
341.33906	1.73657
341.58011	1.73542
341.82117	1.73519
342.06223	1.73570
342.30329	1.73661
342.54435	1.73755
342.78541	1.73812
343.02647	1.73801
343.26752	1.73700
343.50858	1.73502
343.74964	1.73215
343.99070	1.72856
344.23176	1.72450
344.47282	1.72022
344.71388	1.71592
344.95493	1.71172
345.19599	1.70763
345.43705	1.70357
345.67811	1.69940
345.91917	1.69497
346.16023	1.69016
346.40129	1.68494
346.64235	1.67936
346.88340	1.67358
347.12446	1.66785
347.36552	1.66243
347.60658	1.65759
347.84764	1.65351
348.08870	1.65027
348.32976	1.64783
348.57081	1.64602
348.81187	1.64457
349.05293	1.64318
349.29399	1.64153
349.53505	1.63939
349.77611	1.63660
350.01717	1.63312
350.25823	1.62902
350.49928	1.62446
350.74034	1.61962
350.98140	1.61469
351.22246	1.60979
351.46352	1.60496
351.70458	1.60015
351.94564	1.59522
352.18669	1.59000
352.42775	1.58433
352.66881	1.57809
352.90987	1.57125
353.15093	1.56389
353.39199	1.55623
353.63305	1.54855
353.87411	1.54119
354.11516	1.53445
354.35622	1.52860
354.59728	1.52380
354.83834	1.52006
355.07940	1.51729
355.32046	1.51528
355.56152	1.51377
355.80257	1.51247
356.04363	1.51115
356.28469	1.50962
356.52575	1.50780
356.76681	1.50569
357.00787	1.50337
357.24893	1.50094
357.48999	1.49853
357.73104	1.49619
357.97210	1.49394
358.21316	1.49168
358.45422	1.48927
358.69528	1.48649
358.93634	1.48313
359.17740	1.47900
359.41845	1.47402
359.65951	1.46816
359.90057	1.46156
360.14163	1.45443
360.38269	1.44706
360.62375	1.43977
360.86481	1.43286
361.10586	1.42655
361.34692	1.42095
361.58798	1.41607
361.82904	1.41182
362.07010	1.40800
362.31116	1.40443
362.55222	1.40089
362.79328	1.39724
363.03433	1.39340
363.27539	1.38938
363.51645	1.38525
363.75751	1.38111
363.99857	1.37703
364.23963	1.37309
364.48069	1.36926
364.72174	1.36545
364.96280	1.36150
365.20386	1.35720
365.44492	1.35235
365.68598	1.34677
365.92704	1.34035
366.16810	1.33307
366.40916	1.32499
366.65021	1.31627
366.89127	1.30710
367.13233	1.29772
367.37339	1.28830
367.61445	1.27900
367.85551	1.26988
368.09657	1.26095
368.33762	1.25213
368.57868	1.24331
368.81974	1.23439
369.06080	1.22524
369.30186	1.21582
369.54292	1.20611
369.78398	1.19615
370.02504	1.18601
370.26609	1.17579
370.50715	1.16557
370.74821	1.15537
370.98927	1.14518
371.23033	1.13495
371.47139	1.12452
371.71245	1.11376
371.95350	1.10249
372.19456	1.09057
372.43562	1.07789
372.67668	1.06441
372.91774	1.05016
373.15880	1.03524
373.39986	1.01979
373.64091	1.00397
373.88197	0.98794
374.12303	0.97184
374.36409	0.95574
374.60515	0.93970
374.84621	0.92372
375.08727	0.90778
375.32833	0.89183
375.56938	0.87584
375.81044	0.85983
376.05150	0.84382
376.29256	0.82786
376.53362	0.81212
376.77468	0.79674
377.01574	0.78188
377.25679	0.76767
377.49785	0.75420
377.73891	0.74152
377.97997	0.72965
378.22103	0.71850
378.46209	0.70810
378.70315	0.69841
378.94421	0.68939
379.18526	0.68104
379.42632	0.67341
379.66738	0.66656
379.90844	0.66059
380.14950	0.65560
380.39056	0.65173
380.63162	0.64909
380.87267	0.64774
381.11373	0.64769
381.35479	0.64893
381.59585	0.65138
381.83691	0.65496
382.07797	0.65958
382.31903	0.66517
382.56009	0.67168
382.80114	0.67909
383.04220	0.68742
383.28326	0.69668
383.52432	0.70690
383.76538	0.71806
384.00644	0.73008
384.24750	0.74290
384.48855	0.75639
384.72961	0.77039
384.97067	0.78471
385.21173	0.79915
385.45279	0.81356
385.69385	0.82778
385.93491	0.84170
386.17596	0.85533
386.41702	0.86865
386.65808	0.88169
386.89914	0.89445
387.14020	0.90695
387.38126	0.91917
387.62232	0.93106
387.86338	0.94256
388.10443	0.95363
388.34549	0.96421
388.58655	0.97429
388.82761	0.98389
389.06867	0.99308
389.30973	1.00197
389.55079	1.01072
389.79184	1.01948
390.03290	1.02841
390.27396	1.03762
390.51502	1.04721
390.75608	1.05716
390.99714	1.06745
391.23820	1.07796
391.47926	1.08858
391.72031	1.09917
391.96137	1.10962
392.20243	1.11983
392.44349	1.12977
392.68455	1.13945
392.92561	1.14890
393.16667	1.15817
393.40772	1.16731
393.64878	1.17636
393.88984	1.18530
394.13090	1.19411
394.37196	1.20270
394.61302	1.21100
394.85408	1.21891
395.09514	1.22639
395.33619	1.23341
395.57725	1.24001
395.81831	1.24629
396.05937	1.25238
396.30043	1.25843
396.54149	1.26460
396.78255	1.27103
397.02360	1.27779
397.26466	1.28491
397.50572	1.29237
397.74678	1.30008
397.98784	1.30794
398.22890	1.31581
398.46996	1.32359
398.71102	1.33122
398.95207	1.33866
399.19313	1.34593
399.43419	1.35306
399.67525	1.36010
399.91631	1.36710
400.15737	1.37406
400.39843	1.38095
400.63948	1.38766
400.88054	1.39407
401.12160	1.40003
401.36266	1.40538
401.60372	1.41000
401.84478	1.41383
402.08584	1.41686
402.32689	1.41917
402.56795	1.42088
402.80901	1.42217
403.05007	1.42323
403.29113	1.42422
403.53219	1.42529
403.77325	1.42650
404.01431	1.42788
404.25536	1.42940
404.49642	1.43098
404.73748	1.43253
404.97854	1.43400
405.21960	1.43535
405.46066	1.43657
405.70172	1.43772
405.94277	1.43887
406.18383	1.44011
406.42489	1.44150
406.66595	1.44309
406.90701	1.44485
407.14807	1.44673
407.38913	1.44860
407.63019	1.45031
407.87124	1.45171
408.11230	1.45266
408.35336	1.45306
408.59442	1.45287
408.83548	1.45212
409.07654	1.45089
409.31760	1.44932
409.55865	1.44755
409.79971	1.44573
410.04077	1.44396
410.28183	1.44229
410.52289	1.44075
410.76395	1.43929
411.00501	1.43784
411.24607	1.43632
411.48712	1.43469
411.72818	1.43292
411.96924	1.43103
412.21030	1.42910
412.45136	1.42723
412.69242	1.42554
412.93348	1.42411
413.17453	1.42302
413.41559	1.42224
413.65665	1.42172
413.89771	1.42133
414.13877	1.42092
414.37983	1.42030
414.62089	1.41933
414.86194	1.41791
415.10300	1.41598
415.34406	1.41357
415.58512	1.41073
415.82618	1.40759
416.06724	1.40424
416.30830	1.40078
416.54936	1.39729
416.79041	1.39377
417.03147	1.39020
417.27253	1.38650
417.51359	1.38261
417.75465	1.37844
417.99571	1.37396
418.23677	1.36915
418.47782	1.36405
418.71888	1.35877
418.95994	1.35340
419.20100	1.34810
419.44206	1.34297
419.68312	1.33811
419.92418	1.33357
420.16524	1.32931
420.40629	1.32529
420.64735	1.32137
420.88841	1.31744
421.12947	1.31335
421.37053	1.30900
421.61159	1.30429
421.85265	1.29921
422.09370	1.29376
422.33476	1.28798
422.57582	1.28194
422.81688	1.27568
423.05794	1.26925
423.29900	1.26263
423.54006	1.25579
423.78112	1.24866
424.02217	1.24114
424.26323	1.23315
424.50429	1.22461
424.74535	1.21551
424.98641	1.20584
425.22747	1.19567
425.46853	1.18510
425.70958	1.17424
425.95064	1.16322
426.19170	1.15218
426.43276	1.14120
426.67382	1.13038
426.91488	1.11977
427.15594	1.10939
427.39699	1.09926
427.63805	1.08940
427.87911	1.07980
428.12017	1.07047
428.36123	1.06143
428.60229	1.05268
428.84335	1.04425
429.08441	1.03611
429.32546	1.02825
429.56652	1.02063
429.80758	1.01318
430.04864	1.00583
430.28970	0.99848
430.53076	0.99103
430.77182	0.98339
431.01287	0.97549
431.25393	0.96729
431.49499	0.95877
431.73605	0.94996
431.97711	0.94089
432.21817	0.93164
432.45923	0.92228
432.70029	0.91289
432.94134	0.90355
433.18240	0.89430
433.42346	0.88517
433.66452	0.87618
433.90558	0.86733
434.14664	0.85861
434.38770	0.85005
434.62875	0.84169
434.86981	0.83358
435.11087	0.82580
435.35193	0.81845
435.59299	0.81161
435.83405	0.80536
436.07511	0.79976
436.31617	0.79487
436.55722	0.79069
436.79828	0.78722
437.03934	0.78443
437.28040	0.78231
437.52146	0.78085
437.76252	0.78004
438.00358	0.77991
438.24463	0.78052
438.48569	0.78191
438.72675	0.78415
438.96781	0.78728
439.20887	0.79134
439.44993	0.79631
439.69099	0.80217
439.93204	0.80880
440.17310	0.81614
440.41416	0.82404
440.65522	0.83240
440.89628	0.84107
441.13734	0.84996
441.37840	0.85898
441.61946	0.86806
441.86051	0.87711
442.10157	0.88615
442.34263	0.89514
442.58369	0.90404
442.82475	0.91279
443.06581	0.92133
443.30687	0.92956
443.54792	0.93736
443.78898	0.94461
444.03004	0.95125
444.27110	0.95720
444.51216	0.96242
444.75322	0.96691
444.99428	0.97072
445.23534	0.97389
445.47639	0.97651
445.71745	0.97867
445.95851	0.98042
446.19957	0.98183
446.44063	0.98292
446.68169	0.98372
446.92275	0.98422
447.16380	0.98443
447.40486	0.98437
447.64592	0.98406
447.88698	0.98354
448.12804	0.98290
448.36910	0.98220
448.61016	0.98153
448.85122	0.98096
449.09227	0.98055
449.33333	0.98031
449.57439	0.98024
449.81545	0.98029
450.05651	0.98040
450.29757	0.98048
450.53863	0.98045
450.77968	0.98024
451.02074	0.97978
451.26180	0.97907
451.50286	0.97811
451.74392	0.97693
451.98498	0.97559
452.22604	0.97415
452.46710	0.97266
452.70815	0.97115
452.94921	0.96964
453.19027	0.96809
453.43133	0.96648
453.67239	0.96473
453.91345	0.96282
454.15451	0.96071
454.39556	0.95839
454.63662	0.95589
454.87768	0.95327
455.11874	0.95059
455.35980	0.94793
455.60086	0.94537
455.84192	0.94295
456.08297	0.94071
456.32403	0.93864
456.56509	0.93672
456.80615	0.93490
457.04721	0.93314
457.28827	0.93140
457.52933	0.92964
457.77039	0.92785
458.01144	0.92604
458.25250	0.92421
458.49356	0.92238
458.73462	0.92054
458.97568	0.91869
459.21674	0.91681
459.45780	0.91488
459.69885	0.91285
459.93991	0.91067
460.18097	0.90833
460.42203	0.90579
460.66309	0.90305
460.90415	0.90013
461.14521	0.89708
461.38627	0.89395
461.62732	0.89081
461.86838	0.88773
462.10944	0.88476
462.35050	0.88196
462.59156	0.87935
462.83262	0.87691
463.07368	0.87464
463.31473	0.87247
463.55579	0.87037
463.79685	0.86827
464.03791	0.86614
464.27897	0.86394
464.52003	0.86165
464.76109	0.85928
465.00215	0.85684
465.24320	0.85435
465.48426	0.85183
465.72532	0.84930
465.96638	0.84676
466.20744	0.84421
466.44850	0.84162
466.68956	0.83899
466.93061	0.83628
467.17167	0.83350
467.41273	0.83065
467.65379	0.82775
467.89485	0.82483
468.13591	0.82196
468.37697	0.81916
468.61802	0.81651
468.85908	0.81402
469.10014	0.81173
469.34120	0.80962
469.58226	0.80768
469.82332	0.80587
470.06438	0.80415
470.30544	0.80248
470.54649	0.80083
470.78755	0.79917
471.02861	0.79751
471.26967	0.79586
471.51073	0.79422
471.75179	0.79262
471.99285	0.79107
472.23390	0.78958
472.47496	0.78815
472.71602	0.78675
472.95708	0.78535
473.19814	0.78392
473.43920	0.78244
473.68026	0.78088
473.92132	0.77924
474.16237	0.77754
474.40343	0.77580
474.64449	0.77407
474.88555	0.77240
475.12661	0.77084
475.36767	0.76942
475.60873	0.76818
475.84978	0.76713
476.09084	0.76625
476.33190	0.76552
476.57296	0.76491
476.81402	0.76439
477.05508	0.76392
477.29614	0.76348
477.53720	0.76305
477.77825	0.76263
478.01931	0.76222
478.26037	0.76183
478.50143	0.76146
478.74249	0.76112
478.98355	0.76079
479.22461	0.76046
479.46566	0.76010
479.70672	0.75970
479.94778	0.75922
480.18884	0.75864
480.42990	0.75795
480.67096	0.75716
480.91202	0.75627
481.15307	0.75529
481.39413	0.75426
481.63519	0.75318
481.87625	0.75208
482.11731	0.75096
482.35837	0.74983
482.59943	0.74868
482.84049	0.74751
483.08154	0.74631
483.32260	0.74509
483.56366	0.74384
483.80472	0.74259
484.04578	0.74136
484.28684	0.74019
484.52790	0.73912
484.76895	0.73816
485.01001	0.73735
485.25107	0.73669
485.49213	0.73615
485.73319	0.73571
485.97425	0.73532
486.21531	0.73494
486.45637	0.73451
486.69742	0.73400
486.93848	0.73340
487.17954	0.73269
487.42060	0.73190
487.66166	0.73105
487.90272	0.73019
488.14378	0.72935
488.38483	0.72856
488.62589	0.72785
488.86695	0.72722
489.10801	0.72666
489.34907	0.72617
489.59013	0.72571
489.83119	0.72528
490.07225	0.72486
490.31330	0.72445
490.55436	0.72407
490.79542	0.72373
491.03648	0.72347
491.27754	0.72332
491.51860	0.72332
491.75966	0.72351
492.00071	0.72390
492.24177	0.72449
492.48283	0.72527
492.72389	0.72621
492.96495	0.72726
493.20601	0.72838
493.44707	0.72951
493.68812	0.73062
493.92918	0.73167
494.17024	0.73264
494.41130	0.73353
494.65236	0.73436
494.89342	0.73515
495.13448	0.73590
495.37554	0.73664
495.61659	0.73735
495.85765	0.73801
496.09871	0.73861
496.33977	0.73912
496.58083	0.73949
496.82189	0.73973
497.06295	0.73983
497.30400	0.73980
497.54506	0.73969
497.78612	0.73954
498.02718	0.73939
498.26824	0.73929
498.50930	0.73927
498.75036	0.73934
498.99142	0.73948
499.23247	0.73966
499.47353	0.73983
499.71459	0.73995
499.95565	0.73996
500.19671	0.73983
500.43777	0.73953
500.67883	0.73903
500.91988	0.73835
501.16094	0.73748
501.40200	0.73643
501.64306	0.73519
501.88412	0.73376
502.12518	0.73211
502.36624	0.73021
502.60730	0.72800
502.84835	0.72544
503.08941	0.72248
503.33047	0.71908
503.57153	0.71519
503.81259	0.71083
504.05365	0.70600
504.29471	0.70078
504.53576	0.69524
504.77682	0.68952
505.01788	0.68377
505.25894	0.67817
505.50000	0.67291
505.74106	0.66825
505.98212	0.66442
506.22318	0.66163
506.46423	0.66010
506.70529	0.65999
506.94635	0.66141
507.18741	0.66441
507.42847	0.66896
507.66953	0.67498
507.91059	0.68230
508.15164	0.69071
508.39270	0.69993
508.63376	0.70969
508.87482	0.71967
509.11588	0.72960
509.35694	0.73921
509.59800	0.74833
509.83905	0.75684
510.08011	0.76465
510.32117	0.77174
510.56223	0.77815
510.80329	0.78394
511.04435	0.78918
511.28541	0.79398
511.52647	0.79841
511.76752	0.80255
512.00858	0.80645
512.24964	0.81014
512.49070	0.81362
512.73176	0.81690
512.97282	0.81998
513.21388	0.82285
513.45493	0.82551
513.69599	0.82798
513.93705	0.83028
514.17811	0.83243
514.41917	0.83444
514.66023	0.83633
514.90129	0.83811
515.14235	0.83974
515.38340	0.84120
515.62446	0.84246
515.86552	0.84347
516.10658	0.84420
516.34764	0.84464
516.58870	0.84479
516.82976	0.84467
517.07081	0.84430
517.31187	0.84374
517.55293	0.84304
517.79399	0.84224
518.03505	0.84137
518.27611	0.84045
518.51717	0.83949
518.75823	0.83849
518.99928	0.83744
519.24034	0.83634
519.48140	0.83518
519.72246	0.83400
519.96352	0.83282
520.20458	0.83168
520.44564	0.83061
520.68669	0.82966
520.92775	0.82884
521.16881	0.82817
521.40987	0.82764
521.65093	0.82723
521.89199	0.82688
522.13305	0.82656
522.37410	0.82622
522.61516	0.82582
522.85622	0.82534
523.09728	0.82478
523.33834	0.82413
523.57940	0.82341
523.82046	0.82264
524.06152	0.82183
524.30257	0.82099
524.54363	0.82011
524.78469	0.81919
525.02575	0.81822
525.26681	0.81717
525.50787	0.81605
525.74893	0.81486
525.98998	0.81362
526.23104	0.81235
526.47210	0.81110
526.71316	0.80992
526.95422	0.80886
527.19528	0.80796
527.43634	0.80726
527.67740	0.80677
527.91845	0.80648
528.15951	0.80639
528.40057	0.80644
528.64163	0.80661
528.88269	0.80683
529.12375	0.80707
529.36481	0.80728
529.60586	0.80744
529.84692	0.80754
530.08798	0.80760
530.32904	0.80762
530.57010	0.80761
530.81116	0.80758
531.05222	0.80753
531.29328	0.80744
531.53433	0.80729
531.77539	0.80703
532.01645	0.80664
532.25751	0.80607
532.49857	0.80531
532.73963	0.80436
532.98069	0.80324
533.22174	0.80198
533.46280	0.80062
533.70386	0.79921
533.94492	0.79779
534.18598	0.79638
534.42704	0.79502
534.66810	0.79368
534.90915	0.79238
535.15021	0.79107
535.39127	0.78975
535.63233	0.78839
535.87339	0.78697
536.11445	0.78549
536.35551	0.78395
536.59657	0.78236
536.83762	0.78074
537.07868	0.77908
537.31974	0.77739
537.56080	0.77565
537.80186	0.77385
538.04292	0.77195
538.28398	0.76991
538.52503	0.76772
538.76609	0.76534
539.00715	0.76279
539.24821	0.76008
539.48927	0.75725
539.73033	0.75436
539.97139	0.75147
540.21245	0.74866
540.45350	0.74598
540.69456	0.74351
540.93562	0.74127
541.17668	0.73929
541.41774	0.73759
541.65880	0.73617
541.89986	0.73502
542.14091	0.73415
542.38197	0.73354
542.62303	0.73319
542.86409	0.73310
543.10515	0.73327
543.34621	0.73368
543.58727	0.73431
543.82833	0.73514
544.06938	0.73613
544.31044	0.73721
544.55150	0.73833
544.79256	0.73944
545.03362	0.74046
545.27468	0.74136
545.51574	0.74208
545.75679	0.74261
545.99785	0.74293
546.23891	0.74305
546.47997	0.74297
546.72103	0.74270
546.96209	0.74224
547.20315	0.74160
547.44421	0.74076
547.68526	0.73971
547.92632	0.73843
548.16738	0.73690
548.40844	0.73511
548.64950	0.73306
548.89056	0.73078
549.13162	0.72827
549.37267	0.72560
549.61373	0.72281
549.85479	0.71997
550.09585	0.71715
550.33691	0.71442
550.57797	0.71185
550.81903	0.70950
551.06008	0.70744
551.30114	0.70571
551.54220	0.70438
551.78326	0.70347
552.02432	0.70303
552.26538	0.70306
552.50644	0.70359
552.74750	0.70462
552.98855	0.70614
553.22961	0.70813
553.47067	0.71058
553.71173	0.71346
553.95279	0.71674
554.19385	0.72040
554.43491	0.72442
554.67596	0.72875
554.91702	0.73339
555.15808	0.73830
555.39914	0.74344
555.64020	0.74879
555.88126	0.75431
556.12232	0.75996
556.36338	0.76569
556.60443	0.77149
556.84549	0.77730
557.08655	0.78310
557.32761	0.78885
557.56867	0.79452
557.80973	0.80007
558.05079	0.80547
558.29184	0.81068
558.53290	0.81568
558.77396	0.82044
559.01502	0.82494
559.25608	0.82919
559.49714	0.83318
559.73820	0.83694
559.97926	0.84046
560.22031	0.84377
560.46137	0.84687
560.70243	0.84975
560.94349	0.85240
561.18455	0.85483
561.42561	0.85700
561.66667	0.85893
561.90772	0.86062
562.14878	0.86210
562.38984	0.86340
562.63090	0.86456
562.87196	0.86565
563.11302	0.86670
563.35408	0.86774
563.59513	0.86880
563.83619	0.86987
564.07725	0.87097
564.31831	0.87206
564.55937	0.87313
564.80043	0.87416
565.04149	0.87517
565.28255	0.87614
565.52360	0.87711
565.76466	0.87811
566.00572	0.87917
566.24678	0.88032
566.48784	0.88159
566.72890	0.88298
566.96996	0.88450
567.21101	0.88610
567.45207	0.88777
567.69313	0.88944
567.93419	0.89110
568.17525	0.89268
568.41631	0.89418
568.65737	0.89560
568.89843	0.89693
569.13948	0.89820
569.38054	0.89945
569.62160	0.90070
569.86266	0.90198
570.10372	0.90331
570.34478	0.90467
570.58584	0.90606
570.82689	0.90744
571.06795	0.90880
571.30901	0.91009
571.55007	0.91130
571.79113	0.91243
572.03219	0.91347
572.27325	0.91446
572.51431	0.91543
572.75536	0.91638
572.99642	0.91737
573.23748	0.91838
573.47854	0.91942
573.71960	0.92046
573.96066	0.92149
574.20172	0.92246
574.44277	0.92335
574.68383	0.92415
574.92489	0.92484
575.16595	0.92545
575.40701	0.92601
575.64807	0.92657
575.88913	0.92717
576.13018	0.92786
576.37124	0.92868
576.61230	0.92964
576.85336	0.93075
577.09442	0.93200
577.33548	0.93337
577.57654	0.93482
577.81760	0.93633
578.05865	0.93787
578.29971	0.93942
578.54077	0.94096
578.78183	0.94248
579.02289	0.94399
579.26395	0.94549
579.50501	0.94696
579.74606	0.94840
579.98712	0.94979
580.22818	0.95110
580.46924	0.95230
580.71030	0.95337
580.95136	0.95428
581.19242	0.95502
581.43348	0.95558
581.67453	0.95598
581.91559	0.95625
582.15665	0.95643
582.39771	0.95655
582.63877	0.95667
582.87983	0.95680
583.12089	0.95696
583.36194	0.95716
583.60300	0.95739
583.84406	0.95763
584.08512	0.95784
584.32618	0.95800
584.56724	0.95811
584.80830	0.95814
585.04936	0.95812
585.29041	0.95804
585.53147	0.95793
585.77253	0.95780
586.01359	0.95766
586.25465	0.95752
586.49571	0.95736
586.73677	0.95717
586.97782	0.95692
587.21888	0.95658
587.45994	0.95613
587.70100	0.95553
587.94206	0.95478
588.18312	0.95388
588.42418	0.95282
588.66523	0.95161
588.90629	0.95027
589.14735	0.94883
589.38841	0.94728
589.62947	0.94564
589.87053	0.94391
590.11159	0.94210
590.35265	0.94019
590.59370	0.93818
590.83476	0.93607
591.07582	0.93387
591.31688	0.93158
591.55794	0.92921
591.79900	0.92679
592.04006	0.92433
592.28111	0.92185
592.52217	0.91936
592.76323	0.91687
593.00429	0.91438
593.24535	0.91186
593.48641	0.90932
593.72747	0.90673
593.96853	0.90408
594.20958	0.90135
594.45064	0.89854
594.69170	0.89565
594.93276	0.89266
595.17382	0.88959
595.41488	0.88644
595.65594	0.88320
595.89699	0.87987
596.13805	0.87647
596.37911	0.87300
596.62017	0.86948
596.86123	0.86593
597.10229	0.86236
597.34335	0.85882
597.58441	0.85532
597.82546	0.85189
598.06652	0.84855
598.30758	0.84532
598.54864	0.84221
598.78970	0.83925
599.03076	0.83644
599.27182	0.83382
599.51287	0.83140
599.75393	0.82920
599.99499	0.82723
600.23605	0.82547
600.47711	0.82391
600.71817	0.82250
600.95923	0.82120
601.20029	0.81994
601.44134	0.81864
601.68240	0.81725
601.92346	0.81570
602.16452	0.81396
602.40558	0.81199
602.64664	0.80977
602.88770	0.80731
603.12875	0.80459
603.36981	0.80163
603.61087	0.79845
603.85193	0.79505
604.09299	0.79146
604.33405	0.78772
604.57511	0.78385
604.81616	0.77990
605.05722	0.77591
605.29828	0.77189
605.53934	0.76788
605.78040	0.76388
606.02146	0.75989
606.26252	0.75589
606.50358	0.75184
606.74463	0.74773
606.98569	0.74352
607.22675	0.73918
607.46781	0.73469
607.70887	0.73005
607.94993	0.72524
608.19099	0.72026
608.43204	0.71512
608.67310	0.70981
608.91416	0.70432
609.15522	0.69865
609.39628	0.69278
609.63734	0.68668
609.87840	0.68035
610.11946	0.67377
610.36051	0.66694
610.60157	0.65987
610.84263	0.65258
611.08369	0.64510
611.32475	0.63747
611.56581	0.62974
611.80687	0.62199
612.04792	0.61429
612.28898	0.60670
612.53004	0.59931
612.77110	0.59220
613.01216	0.58545
613.25322	0.57915
613.49428	0.57336
613.73534	0.56815
613.97639	0.56356
614.21745	0.55964
614.45851	0.55639
614.69957	0.55382
614.94063	0.55192
615.18169	0.55062
615.42275	0.54989
615.66380	0.54964
615.90486	0.54980
616.14592	0.55027
616.38698	0.55098
616.62804	0.55183
616.86910	0.55277
617.11016	0.55372
617.35121	0.55463
617.59227	0.55548
617.83333	0.55623
618.07439	0.55687
618.31545	0.55738
618.55651	0.55778
618.79757	0.55804
619.03863	0.55819
619.27968	0.55824
619.52074	0.55818
619.76180	0.55805
620.00286	0.55786
620.24392	0.55762
620.48498	0.55735
620.72604	0.55705
620.96709	0.55673
621.20815	0.55639
621.44921	0.55600
621.69027	0.55556
621.93133	0.55503
622.17239	0.55438
622.41345	0.55358
622.65451	0.55261
622.89556	0.55142
623.13662	0.55000
623.37768	0.54833
623.61874	0.54640
623.85980	0.54423
624.10086	0.54183
624.34192	0.53921
624.58297	0.53641
624.82403	0.53347
625.06509	0.53041
625.30615	0.52728
625.54721	0.52410
625.78827	0.52089
626.02933	0.51768
626.27039	0.51448
626.51144	0.51130
626.75250	0.50813
626.99356	0.50498
627.23462	0.50181
627.47568	0.49861
627.71674	0.49534
627.95780	0.49194
628.19885	0.48837
628.43991	0.48457
628.68097	0.48049
628.92203	0.47608
629.16309	0.47134
629.40415	0.46628
629.64521	0.46095
629.88626	0.45543
630.12732	0.44985
630.36838	0.44433
630.60944	0.43904
630.85050	0.43411
631.09156	0.42970
631.33262	0.42591
631.57368	0.42281
631.81473	0.42043
632.05579	0.41874
632.29685	0.41770
632.53791	0.41720
632.77897	0.41712
633.02003	0.41735
633.26109	0.41775
633.50214	0.41821
633.74320	0.41863
633.98426	0.41892
634.22532	0.41903
634.46638	0.41892
634.70744	0.41856
634.94850	0.41796
635.18956	0.41713
635.43061	0.41611
635.67167	0.41491
635.91273	0.41357
636.15379	0.41213
636.39485	0.41061
636.63591	0.40904
636.87697	0.40745
637.11802	0.40585
637.35908	0.40424
637.60014	0.40262
637.84120	0.40100
638.08226	0.39934
638.32332	0.39765
638.56438	0.39589
638.80544	0.39406
639.04649	0.39213
639.28755	0.39009
639.52861	0.38795
639.76967	0.38568
640.01073	0.38329
640.25179	0.38078
640.49285	0.37815
640.73390	0.37540
640.97496	0.37252
641.21602	0.36951
641.45708	0.36638
641.69814	0.36312
641.93920	0.35976
642.18026	0.35631
642.42132	0.35279
642.66237	0.34925
642.90343	0.34572
643.14449	0.34225
643.38555	0.33889
643.62661	0.33567
643.86767	0.33262
644.10873	0.32978
644.34978	0.32715
644.59084	0.32475
644.83190	0.32257
645.07296	0.32061
645.31402	0.31883
645.55508	0.31722
645.79614	0.31575
646.03719	0.31438
646.27825	0.31307
646.51931	0.31179
646.76037	0.31051
647.00143	0.30918
647.24249	0.30779
647.48355	0.30632
647.72461	0.30473
647.96566	0.30301
648.20672	0.30117
648.44778	0.29919
648.68884	0.29707
648.92990	0.29483
649.17096	0.29247
649.41202	0.29001
649.65307	0.28747
649.89413	0.28486
650.13519	0.28221
650.37625	0.27952
650.61731	0.27680
650.85837	0.27406
651.09943	0.27130
651.34049	0.26853
651.58154	0.26576
651.82260	0.26297
652.06366	0.26019
652.30472	0.25740
652.54578	0.25460
652.78684	0.25181
653.02790	0.24901
653.26895	0.24618
653.51001	0.24333
653.75107	0.24044
653.99213	0.23748
654.23319	0.23444
654.47425	0.23131
654.71531	0.22806
654.95637	0.22469
655.19742	0.22120
655.43848	0.21757
655.67954	0.21380
655.92060	0.20990
656.16166	0.20588
656.40272	0.20173
656.64378	0.19747
656.88483	0.19309
657.12589	0.18863
657.36695	0.18410
657.60801	0.17953
657.84907	0.17498
658.09013	0.17048
658.33119	0.16611
658.57224	0.16192
658.81330	0.15799
659.05436	0.15440
659.29542	0.15120
659.53648	0.14845
659.77754	0.14616
660.01860	0.14433
660.25966	0.14296
660.50071	0.14200
660.74177	0.14138
660.98283	0.14104
661.22389	0.14090
661.46495	0.14087
661.70601	0.14089
661.94707	0.14089
662.18812	0.14081
662.42918	0.14063
662.67024	0.14030
662.91130	0.13983
663.15236	0.13920
663.39342	0.13843
663.63448	0.13752
663.87554	0.13648
664.11659	0.13534
664.35765	0.13411
664.59871	0.13280
664.83977	0.13143
665.08083	0.13001
665.32189	0.12855
665.56295	0.12705
665.80400	0.12552
666.04506	0.12396
666.28612	0.12238
666.52718	0.12078
666.76824	0.11916
667.00930	0.11752
667.25036	0.11587
667.49142	0.11419
667.73247	0.11251
667.97353	0.11081
668.21459	0.10910
668.45565	0.10738
668.69671	0.10566
668.93777	0.10395
669.17883	0.10224
669.41988	0.10056
669.66094	0.09889
669.90200	0.09726
670.14306	0.09565
670.38412	0.09408
670.62518	0.09254
670.86624	0.09103
671.10729	0.08955
671.34835	0.08810
671.58941	0.08668
671.83047	0.08529
672.07153	0.08391
672.31259	0.08257
672.55365	0.08124
672.79471	0.07993
673.03576	0.07864
673.27682	0.07736
673.51788	0.07610
673.75894	0.07486
674.00000	0.07363
674.24106	0.07240
674.48212	0.07118
674.72317	0.06997
674.96423	0.06875
675.20529	0.06754
675.44635	0.06632
675.68741	0.06510
675.92847	0.06387
676.16953	0.06265
676.41059	0.06144
676.65164	0.06023
676.89270	0.05904
677.13376	0.05787
677.37482	0.05671
677.61588	0.05557
677.85694	0.05445
678.09800	0.05335
678.33905	0.05227
678.58011	0.05120
678.82117	0.05014
679.06223	0.04909
679.30329	0.04806
679.54435	0.04705
679.78541	0.04606
680.02647	0.04510
680.26752	0.04416
680.50858	0.04325
680.74964	0.04236
680.99070	0.04151
681.23176	0.04070
681.47282	0.03991
681.71388	0.03914
681.95493	0.03841
682.19599	0.03770
682.43705	0.03700
682.67811	0.03632
682.91917	0.03565
683.16023	0.03500
683.40129	0.03434
683.64234	0.03370
683.88340	0.03305
684.12446	0.03241
684.36552	0.03178
684.60658	0.03116
684.84764	0.03054
685.08870	0.02994
685.32976	0.02936
685.57081	0.02880
685.81187	0.02825
686.05293	0.02774
686.29399	0.02725
686.53505	0.02679
686.77611	0.02636
687.01717	0.02595
687.25822	0.02557
687.49928	0.02520
687.74034	0.02486
687.98140	0.02452
688.22246	0.02419
688.46352	0.02386
688.70458	0.02354
688.94564	0.02321
689.18669	0.02289
689.42775	0.02257
689.66881	0.02226
689.90987	0.02197
690.15093	0.02168
690.39199	0.02141
690.63305	0.02115
690.87410	0.02090
691.11516	0.02066
691.35622	0.02043
691.59728	0.02020
691.83834	0.01997
692.07940	0.01974
692.32046	0.01951
692.56152	0.01928
692.80257	0.01905
693.04363	0.01882
693.28469	0.01859
693.52575	0.01835
693.76681	0.01811
694.00787	0.01785
694.24893	0.01758
694.48998	0.01729
694.73104	0.01698
694.97210	0.01666
695.21316	0.01632
695.45422	0.01596
695.69528	0.01559
695.93634	0.01520
696.17740	0.01482
696.41845	0.01442
696.65951	0.01403
696.90057	0.01364
697.14163	0.01325
697.38269	0.01286
697.62375	0.01248
697.86481	0.01211
698.10586	0.01173
698.34692	0.01136
698.58798	0.01098
698.82904	0.01060
699.07010	0.01022
699.31116	0.00984
699.55222	0.00945
699.79327	0.00907
700.03433	0.00870
700.27539	0.00834
700.51645	0.00801
700.75751	0.00770
700.99857	0.00743
701.23963	0.00719
701.48069	0.00699
701.72174	0.00682
701.96280	0.00668
702.20386	0.00658
702.44492	0.00649
702.68598	0.00642
702.92704	0.00636
703.16810	0.00630
703.40915	0.00623
703.65021	0.00616
703.89127	0.00608
704.13233	0.00599
704.37339	0.00589
704.61445	0.00578
704.85551	0.00568
705.09657	0.00557
705.33762	0.00548
705.57868	0.00540
705.81974	0.00533
706.06080	0.00528
706.30186	0.00524
706.54292	0.00521
706.78398	0.00520
707.02503	0.00519
707.26609	0.00519
707.50715	0.00520
707.74821	0.00522
707.98927	0.00523
708.23033	0.00524
708.47139	0.00525
708.71245	0.00525
708.95350	0.00524
709.19456	0.00523
709.43562	0.00520
709.67668	0.00516
709.91774	0.00512
710.15880	0.00507
710.39986	0.00503
710.64091	0.00499
710.88197	0.00496
711.12303	0.00494
711.36409	0.00494
711.60515	0.00494
711.84621	0.00494
712.08727	0.00496
712.32832	0.00497
712.56938	0.00497
712.81044	0.00498
713.05150	0.00498
713.29256	0.00498
713.53362	0.00498
713.77468	0.00497
714.01574	0.00497
714.25679	0.00496
714.49785	0.00494
714.73891	0.00492
714.97997	0.00489
715.22103	0.00486
715.46209	0.00483
715.70315	0.00479
715.94420	0.00476
716.18526	0.00474
716.42632	0.00472
716.66738	0.00472
716.90844	0.00472
717.14950	0.00472
717.39056	0.00473
717.63162	0.00474
717.87267	0.00473
718.11373	0.00472
718.35479	0.00470
718.59585	0.00467
718.83691	0.00465
719.07797	0.00462
719.31903	0.00460
719.56008	0.00459
719.80114	0.00459
720.04220	0.00460
720.28326	0.00462
720.52432	0.00465
720.76538	0.00469
721.00644	0.00472
721.24750	0.00475
721.48855	0.00478
721.72961	0.00480
721.97067	0.00482
722.21173	0.00484
722.45279	0.00485
722.69385	0.00486
722.93491	0.00487
723.17596	0.00488
723.41702	0.00489
723.65808	0.00489
723.89914	0.00489
724.14020	0.00488
724.38126	0.00487
724.62232	0.00485
724.86337	0.00483
725.10443	0.00481
725.34549	0.00479
725.58655	0.00477
725.82761	0.00475
726.06867	0.00473
726.30973	0.00471
726.55079	0.00469
726.79184	0.00467
727.03290	0.00464
727.27396	0.00462
727.51502	0.00459
727.75608	0.00457
727.99714	0.00456
728.23820	0.00455
728.47925	0.00454
728.72031	0.00453
728.96137	0.00453
729.20243	0.00452
729.44349	0.00451
729.68455	0.00449
729.92561	0.00446
730.16667	0.00443
730.40772	0.00440
730.64878	0.00436
730.88984	0.00433
731.13090	0.00429
731.37196	0.00427
731.61302	0.00425
731.85408	0.00423
732.09513	0.00423
732.33619	0.00422
732.57725	0.00422
732.81831	0.00422
733.05937	0.00423
733.30043	0.00423
733.54149	0.00423
733.78255	0.00424
734.02360	0.00425
734.26466	0.00425
734.50572	0.00426
734.74678	0.00427
734.98784	0.00429
735.22890	0.00430
735.46996	0.00431
735.71101	0.00433
735.95207	0.00434
736.19313	0.00435
736.43419	0.00436
736.67525	0.00437
736.91631	0.00437
737.15737	0.00437
737.39842	0.00437
737.63948	0.00437
737.88054	0.00437
738.12160	0.00437
738.36266	0.00437
738.60372	0.00437
738.84478	0.00436
739.08584	0.00436
739.32689	0.00436
739.56795	0.00435
739.80901	0.00433
740.05007	0.00431
740.29113	0.00429
740.53219	0.00425
740.77325	0.00422
741.01430	0.00418
741.25536	0.00414
741.49642	0.00410
741.73748	0.00407
741.97854	0.00405
742.21960	0.00403
742.46066	0.00403
742.70172	0.00404
742.94277	0.00406
743.18383	0.00409
743.42489	0.00413
743.66595	0.00418
743.90701	0.00423
744.14807	0.00430
744.38913	0.00436
744.63018	0.00442
744.87124	0.00448
745.11230	0.00453
745.35336	0.00457
745.59442	0.00459
745.83548	0.00460
746.07654	0.00459
746.31760	0.00457
746.55865	0.00455
746.79971	0.00453
747.04077	0.00451
747.28183	0.00450
747.52289	0.00451
747.76395	0.00454
748.00501	0.00460
748.24606	0.00467
748.48712	0.00476
748.72818	0.00486
748.96924	0.00497
749.21030	0.00509
749.45136	0.00522
749.69242	0.00534
749.93348	0.00547
750.17453	0.00560
750.41559	0.00573
750.65665	0.00586
750.89771	0.00600
751.13877	0.00614
751.37983	0.00628
751.62089	0.00643
751.86194	0.00658
752.10300	0.00673
752.34406	0.00688
752.58512	0.00704
752.82618	0.00720
753.06724	0.00736
753.30830	0.00752
753.54935	0.00769
753.79041	0.00785
754.03147	0.00802
754.27253	0.00818
754.51359	0.00835
754.75465	0.00853
754.99571	0.00871
755.23677	0.00890
755.47782	0.00910
755.71888	0.00931
755.95994	0.00953
756.20100	0.00976
756.44206	0.00999
756.68312	0.01023
756.92418	0.01048
757.16523	0.01072
757.40629	0.01097
757.64735	0.01121
757.88841	0.01145
758.12947	0.01169
758.37053	0.01192
758.61159	0.01216
758.85265	0.01240
759.09370	0.01263
759.33476	0.01287
759.57582	0.01310
759.81688	0.01334
760.05794	0.01358
760.29900	0.01381
760.54006	0.01404
760.78111	0.01426
761.02217	0.01448
761.26323	0.01469
761.50429	0.01488
761.74535	0.01507
761.98641	0.01526
762.22747	0.01543
762.46853	0.01560
762.70958	0.01577
762.95064	0.01593
763.19170	0.01608
763.43276	0.01623
763.67382	0.01638
763.91488	0.01652
764.15594	0.01665
764.39699	0.01678
764.63805	0.01690
764.87911	0.01702
765.12017	0.01715
765.36123	0.01727
765.60229	0.01740
765.84335	0.01753
766.08440	0.01766
766.32546	0.01778
766.56652	0.01790
766.80758	0.01802
767.04864	0.01812
767.28970	0.01821
767.53076	0.01828
767.77182	0.01834
768.01287	0.01839
768.25393	0.01842
768.49499	0.01845
768.73605	0.01847
768.97711	0.01849
769.21817	0.01851
769.45923	0.01854
769.70028	0.01857
769.94134	0.01862
770.18240	0.01869
770.42346	0.01877
770.66452	0.01886
770.90558	0.01897
771.14664	0.01910
771.38770	0.01923
771.62875	0.01937
771.86981	0.01952
772.11087	0.01968
772.35193	0.01985
772.59299	0.02003
772.83405	0.02021
773.07511	0.02041
773.31616	0.02062
773.55722	0.02085
773.79828	0.02110
774.03934	0.02136
774.28040	0.02163
774.52146	0.02191
774.76252	0.02221
775.00358	0.02250
775.24463	0.02279
775.48569	0.02308
775.72675	0.02336
775.96781	0.02364
776.20887	0.02390
776.44993	0.02415
776.69099	0.02440
776.93204	0.02464
777.17310	0.02488
777.41416	0.02512
777.65522	0.02535
777.89628	0.02559
778.13734	0.02583
778.37840	0.02607
778.61945	0.02630
778.86051	0.02652
779.10157	0.02672
779.34263	0.02691
779.58369	0.02708
779.82475	0.02723
780.06581	0.02736
780.30687	0.02749
780.54792	0.02760
780.78898	0.02771
781.03004	0.02781
781.27110	0.02791
781.51216	0.02801
781.75322	0.02811
781.99428	0.02820
782.23533	0.02829
782.47639	0.02836
782.71745	0.02843
782.95851	0.02848
783.19957	0.02853
783.44063	0.02856
783.68169	0.02859
783.92275	0.02861
784.16380	0.02861
784.40486	0.02861
784.64592	0.02859
784.88698	0.02856
785.12804	0.02851
785.36910	0.02845
785.61016	0.02837
785.85121	0.02826
786.09227	0.02814
786.33333	0.02800
786.57439	0.02784
786.81545	0.02766
787.05651	0.02747
787.29757	0.02726
787.53863	0.02703
787.77968	0.02680
788.02074	0.02656
788.26180	0.02631
788.50286	0.02605
788.74392	0.02580
788.98498	0.02554
789.22604	0.02528
789.46709	0.02502
789.70815	0.02475
789.94921	0.02449
790.19027	0.02422
790.43133	0.02395
790.67239	0.02367
790.91345	0.02338
791.15451	0.02308
791.39556	0.02278
791.63662	0.02247
791.87768	0.02216
792.11874	0.02186
792.35980	0.02157
792.60086	0.02130
792.84192	0.02105
793.08297	0.02083
793.32403	0.02064
793.56509	0.02049
793.80615	0.02037
794.04721	0.02028
794.28827	0.02024
794.52933	0.02022
794.77038	0.02023
795.01144	0.02026
795.25250	0.02031
795.49356	0.02038
795.73462	0.02045
795.97568	0.02054
796.21674	0.02064
796.45780	0.02074
796.69885	0.02084
796.93991	0.02095
797.18097	0.02105
797.42203	0.02114
797.66309	0.02122
797.90415	0.02128
798.14521	0.02132
798.38626	0.02133
798.62732	0.02133
798.86838	0.02132
799.10944	0.02129
799.35050	0.02127
799.59156	0.02125
799.83262	0.02125
800.07368	0.02126
800.31473	0.02128
800.55579	0.02133
800.79685	0.02138
801.03791	0.02145
801.27897	0.02152
801.52003	0.02160
801.76109	0.02168
802.00214	0.02176
802.24320	0.02184
802.48426	0.02192
802.72532	0.02200
802.96638	0.02208
803.20744	0.02216
803.44850	0.02225
803.68956	0.02234
803.93061	0.02244
804.17167	0.02253
804.41273	0.02263
804.65379	0.02273
804.89485	0.02282
805.13591	0.02291
805.37697	0.02300
805.61802	0.02308
805.85908	0.02315
806.10014	0.02322
806.34120	0.02329
806.58226	0.02337
806.82332	0.02345
807.06438	0.02354
807.30543	0.02365
807.54649	0.02377
807.78755	0.02391
808.02861	0.02405
808.26967	0.02421
808.51073	0.02437
808.75179	0.02452
808.99285	0.02468
809.23390	0.02482
809.47496	0.02496
809.71602	0.02508
809.95708	0.02520
810.19814	0.02532
810.43920	0.02543
810.68026	0.02554
810.92131	0.02565
811.16237	0.02575
811.40343	0.02586
811.64449	0.02596
811.88555	0.02605
812.12661	0.02613
812.36767	0.02621
812.60873	0.02629
812.84978	0.02636
813.09084	0.02642
813.33190	0.02649
813.57296	0.02656
813.81402	0.02663
814.05508	0.02671
814.29614	0.02679
814.53719	0.02688
814.77825	0.02697
815.01931	0.02707
815.26037	0.02717
815.50143	0.02727
815.74249	0.02737
815.98355	0.02748
816.22461	0.02760
816.46566	0.02771
816.70672	0.02781
816.94778	0.02791
817.18884	0.02801
817.42990	0.02808
817.67096	0.02815
817.91202	0.02820
818.15307	0.02824
818.39413	0.02826
818.63519	0.02829
818.87625	0.02831
819.11731	0.02834
819.35837	0.02837
819.59943	0.02841
819.84048	0.02845
820.08154	0.02850
820.32260	0.02854
820.56366	0.02859
820.80472	0.02863
821.04578	0.02867
821.28684	0.02872
821.52790	0.02876
821.76895	0.02880
822.01001	0.02885
822.25107	0.02889
822.49213	0.02893
822.73319	0.02896
822.97425	0.02898
823.21531	0.02900
823.45636	0.02900
823.69742	0.02899
823.93848	0.02897
824.17954	0.02895
824.42060	0.02892
824.66166	0.02890
824.90272	0.02888
825.14378	0.02886
825.38483	0.02885
825.62589	0.02884
825.86695	0.02882
826.10801	0.02881
826.34907	0.02880
826.59013	0.02879
826.83119	0.02877
827.07224	0.02875
827.31330	0.02873
827.55436	0.02869
827.79542	0.02866
828.03648	0.02861
828.27754	0.02855
828.51860	0.02848
828.75966	0.02841
829.00071	0.02833
829.24177	0.02824
829.48283	0.02815
829.72389	0.02806
829.96495	0.02797
830.20601	0.02789
830.44707	0.02781
830.68812	0.02773
830.92918	0.02766
831.17024	0.02758
831.41130	0.02750
831.65236	0.02741
831.89342	0.02732
832.13448	0.02723
832.37553	0.02713
832.61659	0.02703
832.85765	0.02692
833.09871	0.02681
833.33977	0.02668
833.58083	0.02655
833.82189	0.02641
834.06295	0.02625
834.30400	0.02608
834.54506	0.02590
834.78612	0.02571
835.02718	0.02550
835.26824	0.02529
835.50930	0.02506
835.75036	0.02483
835.99141	0.02459
836.23247	0.02435
836.47353	0.02409
836.71459	0.02383
836.95565	0.02356
837.19671	0.02327
837.43777	0.02298
837.67883	0.02267
837.91988	0.02236
838.16094	0.02203
838.40200	0.02170
838.64306	0.02135
838.88412	0.02100
839.12518	0.02064
839.36624	0.02028
839.60729	0.01991
839.84835	0.01954
840.08941	0.01917
840.33047	0.01880
840.57153	0.01844
840.81259	0.01807
841.05365	0.01770
841.29471	0.01734
841.53576	0.01698
841.77682	0.01662
842.01788	0.01627
842.25894	0.01592
842.50000	0.01558
842.74106	0.01525
842.98212	0.01493
843.22317	0.01462
843.46423	0.01434
843.70529	0.01406
843.94635	0.01381
844.18741	0.01357
844.42847	0.01334
844.66953	0.01311
844.91059	0.01290
845.15164	0.01270
845.39270	0.01249
845.63376	0.01230
845.87482	0.01211
846.11588	0.01193
846.35694	0.01175
846.59800	0.01158
846.83905	0.01143
847.08011	0.01128
847.32117	0.01115
847.56223	0.01103
847.80329	0.01093
848.04435	0.01084
848.28541	0.01077
848.52646	0.01072
848.76752	0.01068
849.00858	0.01065
849.24964	0.01064
849.49070	0.01064
849.73176	0.01065
849.97282	0.01067
850.21388	0.01070
850.45493	0.01075
850.69599	0.01080
850.93705	0.01087
851.17811	0.01094
851.41917	0.01102
851.66023	0.01109
851.90129	0.01116
852.14234	0.01122
852.38340	0.01127
852.62446	0.01130
852.86552	0.01133
853.10658	0.01134
853.34764	0.01135
853.58870	0.01136
853.82976	0.01138
854.07081	0.01141
854.31187	0.01146
854.55293	0.01151
854.79399	0.01158
855.03505	0.01165
855.27611	0.01173
855.51717	0.01180
855.75822	0.01186
855.99928	0.01191
856.24034	0.01194
856.48140	0.01196
856.72246	0.01197
856.96352	0.01197
857.20458	0.01196
857.44564	0.01195
857.68669	0.01193
857.92775	0.01191
858.16881	0.01189
858.40987	0.01186
858.65093	0.01182
858.89199	0.01178
859.13305	0.01173
859.37410	0.01167
859.61516	0.01161
859.85622	0.01154
860.09728	0.01147
860.33834	0.01139
860.57940	0.01133
860.82046	0.01126
861.06151	0.01120
861.30257	0.01113
861.54363	0.01107
861.78469	0.01099
862.02575	0.01091
862.26681	0.01082
862.50787	0.01072
862.74893	0.01060
862.98998	0.01049
863.23104	0.01036
863.47210	0.01023
863.71316	0.01010
863.95422	0.00998
864.19528	0.00985
864.43634	0.00972
864.67739	0.00959
864.91845	0.00945
865.15951	0.00932
865.40057	0.00918
865.64163	0.00903
865.88269	0.00889
866.12375	0.00875
866.36481	0.00860
866.60586	0.00846
866.84692	0.00831
867.08798	0.00817
867.32904	0.00803
867.57010	0.00789
867.81116	0.00774
868.05222	0.00759
868.29327	0.00744
868.53433	0.00729
868.77539	0.00713
869.01645	0.00698
869.25751	0.00683
869.49857	0.00669
869.73963	0.00656
869.98069	0.00643
870.22174	0.00632
870.46280	0.00623
870.70386	0.00616
870.94492	0.00611
871.18598	0.00609
871.42704	0.00610
871.66810	0.00614
871.90915	0.00622
872.15021	0.00632
872.39127	0.00644
872.63233	0.00659
872.87339	0.00675
873.11445	0.00691
873.35551	0.00708
873.59656	0.00724
873.83762	0.00738
874.07868	0.00751
874.31974	0.00763
874.56080	0.00773
874.80186	0.00782
875.04292	0.00789
875.28398	0.00795
875.52503	0.00800
875.76609	0.00804
876.00715	0.00807
876.24821	0.00809
876.48927	0.00810
876.73033	0.00810
876.97139	0.00809
877.21244	0.00807
877.45350	0.00805
877.69456	0.00802
877.93562	0.00798
878.17668	0.00793
878.41774	0.00787
878.65880	0.00779
878.89986	0.00770
879.14091	0.00760
879.38197	0.00747
879.62303	0.00734
879.86409	0.00719
880.10515	0.00704
880.34621	0.00688
880.58727	0.00673
880.82832	0.00659
881.06938	0.00646
881.31044	0.00635
881.55150	0.00624
881.79256	0.00615
882.03362	0.00607
882.27468	0.00600
882.51574	0.00593
882.75679	0.00587
882.99785	0.00580
883.23891	0.00574
883.47997	0.00567
883.72103	0.00560
883.96209	0.00553
884.20315	0.00545
884.44420	0.00537
884.68526	0.00527
884.92632	0.00517
885.16738	0.00507
885.40844	0.00496
885.64950	0.00484
885.89056	0.00472
886.13161	0.00459
886.37267	0.00447
886.61373	0.00436
886.85479	0.00425
887.09585	0.00414
887.33691	0.00405
887.57797	0.00396
887.81903	0.00389
888.06008	0.00382
888.30114	0.00376
888.54220	0.00369
888.78326	0.00363
889.02432	0.00357
889.26538	0.00350
889.50644	0.00343
889.74749	0.00336
889.98855	0.00329
890.22961	0.00322
890.47067	0.00315
890.71173	0.00309
890.95279	0.00303
891.19385	0.00297
891.43491	0.00292
891.67596	0.00287
891.91702	0.00282
892.15808	0.00278
892.39914	0.00273
892.64020	0.00269
892.88126	0.00264
893.12232	0.00260
893.36337	0.00255
893.60443	0.00251
893.84549	0.00246
894.08655	0.00241
894.32761	0.00237
894.56867	0.00232
894.80973	0.00227
895.05079	0.00223
895.29184	0.00219
895.53290	0.00215
895.77396	0.00210
896.01502	0.00206
896.25608	0.00201
896.49714	0.00196
896.73820	0.00191
896.97925	0.00186
897.22031	0.00180
897.46137	0.00174
897.70243	0.00169
897.94349	0.00165
898.18455	0.00161
898.42561	0.00158
898.66667	0.00155
898.90772	0.00153
899.14878	0.00151
899.38984	0.00150
899.63090	0.00149
