0.00000	0.02737
0.24106	0.02772
0.48212	0.02870
0.72318	0.03006
0.96423	0.03145
1.20529	0.03255
1.44635	0.03307
1.68741	0.03289
1.92847	0.03204
2.16953	0.03048
2.41059	0.02869
2.65165	0.02692
2.89270	0.02536
3.13376	0.02411
3.37482	0.02320
3.61588	0.02257
3.85694	0.02216
4.09800	0.02191
4.33906	0.02179
4.58011	0.02178
4.82117	0.02190
5.06223	0.02214
5.30329	0.02250
5.54435	0.02291
5.78541	0.02330
6.02647	0.02360
6.26753	0.02374
6.50858	0.02369
6.74964	0.02343
6.99070	0.02300
7.23176	0.02244
7.47282	0.02181
7.71388	0.02116
7.95494	0.02053
8.19599	0.01994
8.43705	0.01942
8.67811	0.01896
8.91917	0.01860
9.16023	0.01834
9.40129	0.01821
9.64235	0.01827
9.88340	0.01845
10.12446	0.01891
10.36552	0.01972
10.60658	0.02094
10.84764	0.02260
11.08870	0.02469
11.32976	0.02713
11.57082	0.02976
11.81187	0.03242
12.05293	0.03477
12.29399	0.03652
12.53505	0.03745
12.77611	0.03741
13.01717	0.03638
13.25823	0.03444
13.49928	0.03181
13.74034	0.02840
13.98140	0.02497
14.22246	0.02196
14.46352	0.01967
14.70458	0.01831
14.94564	0.01789
15.18670	0.01828
15.42775	0.01928
15.66881	0.02070
15.90987	0.02215
16.15093	0.02330
16.39199	0.02396
16.63305	0.02402
16.87411	0.02353
17.11516	0.02261
17.35622	0.02144
17.59728	0.02019
17.83834	0.01908
18.07940	0.01822
18.32046	0.01767
18.56152	0.01740
18.80258	0.01735
19.04363	0.01738
19.28469	0.01736
19.52575	0.01711
19.76681	0.01662
20.00787	0.01584
20.24893	0.01479
20.48999	0.01350
20.73104	0.01203
20.97210	0.01046
21.21316	0.00887
21.45422	0.00722
21.69528	0.00533
21.93634	0.00365
22.17740	0.00259
22.41845	0.00239
22.65951	0.00307
22.90057	0.00442
23.14163	0.00607
23.38269	0.00766
23.62375	0.00931
23.86481	0.01095
24.10587	0.01250
24.34692	0.01391
24.58798	0.01514
24.82904	0.01620
25.07010	0.01712
25.31116	0.01803
25.55222	0.01899
25.79328	0.02008
26.03433	0.02138
26.27539	0.02292
26.51645	0.02471
26.75751	0.02673
26.99857	0.02893
27.23963	0.03124
27.48069	0.03361
27.72175	0.03595
27.96280	0.03820
28.20386	0.04029
28.44492	0.04215
28.68598	0.04373
28.92704	0.04503
29.16810	0.04607
29.40916	0.04694
29.65021	0.04779
29.89127	0.04879
30.13233	0.05011
30.37339	0.05187
30.61445	0.05414
30.85551	0.05688
31.09657	0.06007
31.33763	0.06340
31.57868	0.06664
31.81974	0.06959
32.06080	0.07210
32.30186	0.07413
32.54292	0.07569
32.78398	0.07689
33.02504	0.07751
33.26609	0.07804
33.50715	0.07866
33.74821	0.07955
33.98927	0.08077
34.23033	0.08238
34.47139	0.08437
34.71245	0.08669
34.95350	0.08930
35.19456	0.09216
35.43562	0.09527
35.67668	0.09865
35.91774	0.10237
36.15880	0.10659
36.39986	0.11148
36.64092	0.11730
36.88197	0.12427
37.12303	0.13266
37.36409	0.14256
37.60515	0.15392
37.84621	0.16653
38.08727	0.17995
38.32833	0.19362
38.56938	0.20686
38.81044	0.21901
39.05150	0.22944
39.29256	0.23770
39.53362	0.24356
39.77468	0.24701
40.01574	0.24828
40.25680	0.24777
40.49785	0.24601
40.73891	0.24356
40.97997	0.24099
41.22103	0.23875
41.46209	0.23720
41.70315	0.23656
41.94421	0.23690
42.18526	0.23824
42.42632	0.24054
42.66738	0.24376
42.90844	0.24789
43.14950	0.25300
43.39056	0.25915
43.63162	0.26642
43.87268	0.27484
44.11373	0.28432
44.35479	0.29462
44.59585	0.30534
44.83691	0.31591
45.07797	0.32568
45.31903	0.33400
45.56009	0.34028
45.80114	0.34414
46.04220	0.34540
46.28326	0.34418
46.52432	0.34083
46.76538	0.33590
47.00644	0.33007
47.24750	0.32405
47.48855	0.31847
47.72961	0.31386
47.97067	0.31058
48.21173	0.30883
48.45279	0.30867
48.69385	0.31008
48.93491	0.31301
49.17597	0.31747
49.41702	0.32352
49.65808	0.33131
49.89914	0.34105
50.14020	0.35295
50.38126	0.36716
50.62232	0.38368
50.86338	0.40231
51.10443	0.42261
51.34549	0.44395
51.58655	0.46549
51.82761	0.48636
52.06867	0.50570
52.30973	0.52279
52.55079	0.53714
52.79185	0.54854
53.03290	0.55705
53.27396	0.56295
53.51502	0.56669
53.75608	0.56879
53.99714	0.56973
54.23820	0.56994
54.47926	0.56975
54.72031	0.56940
54.96137	0.56909
55.20243	0.56901
55.44349	0.56945
55.68455	0.57083
55.92561	0.57367
56.16667	0.57863
56.40773	0.58640
56.64878	0.59755
56.88984	0.61249
57.13090	0.63129
57.37196	0.65360
57.61302	0.67866
57.85408	0.70534
58.09514	0.73223
58.33619	0.75789
58.57725	0.78099
58.81831	0.80055
59.05937	0.81603
59.30043	0.82742
59.54149	0.83521
59.78255	0.84019
60.02361	0.84335
60.26466	0.84560
60.50572	0.84762
60.74678	0.84971
60.98784	0.85184
61.22890	0.85362
61.46996	0.85456
61.71102	0.85420
61.95207	0.85233
62.19313	0.84914
62.43419	0.84525
62.67525	0.84169
62.91631	0.83976
63.15737	0.84078
63.39843	0.84588
63.63948	0.85580
63.88054	0.87070
64.12160	0.89014
64.36266	0.91312
64.60372	0.93825
64.84478	0.96393
65.08584	0.98863
65.32690	1.01106
65.56795	1.03036
65.80901	1.04609
66.05007	1.05826
66.29113	1.06714
66.53219	1.07315
66.77325	1.07666
67.01431	1.07789
67.25536	1.07678
67.49642	1.07309
67.73748	1.06638
67.97854	1.05623
68.21960	1.04236
68.46066	1.02476
68.70172	1.00380
68.94278	0.98024
69.18383	0.95519
69.42489	0.92996
69.66595	0.90593
69.90701	0.88438
70.14807	0.86632
70.38913	0.85239
70.63019	0.84281
70.87124	0.83743
71.11230	0.83583
71.35336	0.83742
71.59442	0.84165
71.83548	0.84810
72.07654	0.85654
72.31760	0.86699
72.55866	0.87960
72.79971	0.89458
73.04077	0.91198
73.28183	0.93161
73.52289	0.95291
73.76395	0.97493
74.00501	0.99638
74.24607	1.01577
74.48712	1.03163
74.72818	1.04268
74.96924	1.04804
75.21030	1.04741
75.45136	1.04107
75.69242	1.02988
75.93348	1.01520
76.17453	0.99868
76.41559	0.98207
76.65665	0.96707
76.89771	0.95512
77.13877	0.94733
77.37983	0.94442
77.62089	0.94677
77.86195	0.95448
78.10300	0.96748
78.34406	0.98564
78.58512	1.00886
78.82618	1.03713
79.06724	1.07049
79.30830	1.10897
79.54936	1.15245
79.79041	1.20052
80.03147	1.25234
80.27253	1.30656
80.51359	1.36133
80.75465	1.41441
80.99571	1.46339
81.23677	1.50599
81.47783	1.54033
81.71888	1.56525
81.95994	1.58042
82.20100	1.58644
82.44206	1.58473
82.68312	1.57730
82.92418	1.56642
83.16524	1.55434
83.40629	1.54297
83.64735	1.53365
83.88841	1.52715
84.12947	1.52369
84.37053	1.52314
84.61159	1.52529
84.85265	1.53010
85.09371	1.53786
85.33476	1.54934
85.57582	1.56568
85.81688	1.58821
86.05794	1.61815
86.29900	1.65630
86.54006	1.70270
86.78112	1.75646
87.02217	1.81565
87.26323	1.87753
87.50429	1.93877
87.74535	1.99590
87.98641	2.04577
88.22747	2.08596
88.46853	2.11510
88.70958	2.13301
88.95064	2.14060
89.19170	2.13962
89.43276	2.13230
89.67382	2.12092
89.91488	2.10739
90.15594	2.09304
90.39700	2.07850
90.63805	2.06378
90.87911	2.04853
91.12017	2.03237
91.36123	2.01525
91.60229	1.99766
91.84335	1.98085
92.08441	1.96670
92.32546	1.95757
92.56652	1.95585
92.80758	1.96365
93.04864	1.98227
93.28970	2.01199
93.53076	2.05190
93.77182	2.09997
94.01288	2.15332
94.25393	2.20864
94.49499	2.26265
94.73605	2.31257
94.97711	2.35647
95.21817	2.39341
95.45923	2.42339
95.70029	2.44716
95.94134	2.46582
96.18240	2.48044
96.42346	2.49169
96.66452	2.49965
96.90558	2.50370
97.14664	2.50273
97.38770	2.49542
97.62876	2.48066
97.86981	2.45789
98.11087	2.42750
98.35193	2.39088
98.59299	2.35044
98.83405	2.30934
99.07511	2.27109
99.31617	2.23907
99.55722	2.21606
99.79828	2.20391
100.03934	2.20327
100.28040	2.21368
100.52146	2.23369
100.76252	2.26123
101.00358	2.29401
101.24464	2.32990
101.48569	2.36728
101.72675	2.40513
101.96781	2.44306
102.20887	2.48109
102.44993	2.51935
102.69099	2.55779
102.93205	2.59584
103.17310	2.63226
103.41416	2.66516
103.65522	2.69218
103.89628	2.71083
104.13734	2.71889
104.37840	2.71488
104.61946	2.69836
104.86051	2.67011
105.10157	2.63210
105.34263	2.58724
105.58369	2.53902
105.82475	2.49103
106.06581	2.44649
106.30687	2.40788
106.54793	2.37676
106.78898	2.35369
107.03004	2.33846
107.27110	2.33031
107.51216	2.32833
107.75322	2.33179
107.99428	2.34037
108.23534	2.35425
108.47639	2.37403
108.71745	2.40054
108.95851	2.43449
109.19957	2.47611
109.44063	2.52488
109.68169	2.57935
109.92275	2.63710
110.16381	2.69494
110.40486	2.74928
110.64592	2.79652
110.88698	2.83356
111.12804	2.85820
111.36910	2.86945
111.61016	2.86759
111.85122	2.85414
112.09227	2.83148
112.33333	2.80254
112.57439	2.77023
112.81545	2.73710
113.05651	2.70499
113.29757	2.67494
113.53863	2.64723
113.77969	2.62165
114.02074	2.59783
114.26180	2.57563
114.50286	2.55541
114.74392	2.53821
114.98498	2.52567
115.22604	2.51982
115.46710	2.52268
115.70815	2.53579
115.94921	2.55982
116.19027	2.59427
116.43133	2.63738
116.67239	2.68626
116.91345	2.73731
117.15451	2.78665
117.39556	2.83072
117.63662	2.86676
117.87768	2.89315
118.11874	2.90955
118.35980	2.91674
118.60086	2.91632
118.84192	2.91030
119.08298	2.90059
119.32403	2.88860
119.56509	2.87504
119.80615	2.85984
120.04721	2.84232
120.28827	2.82152
120.52933	2.79662
120.77039	2.76733
121.01144	2.73420
121.25250	2.69875
121.49356	2.66341
121.73462	2.63118
121.97568	2.60526
122.21674	2.58851
122.45780	2.58298
122.69886	2.58954
122.93991	2.60777
123.18097	2.63598
123.42203	2.67157
123.66309	2.71142
123.90415	2.75243
124.14521	2.79199
124.38627	2.82830
124.62732	2.86050
124.86838	2.88861
125.10944	2.91324
125.35050	2.93517
125.59156	2.95501
125.83262	2.97280
126.07368	2.98789
126.31474	2.99891
126.55579	3.00404
126.79685	3.00136
127.03791	2.98931
127.27897	2.96709
127.52003	2.93497
127.76109	2.89441
128.00215	2.84795
128.24320	2.79894
128.48426	2.75108
128.72532	2.70795
128.96638	2.67247
129.20744	2.64659
129.44850	2.63106
129.68956	2.62544
129.93061	2.62832
130.17167	2.63766
130.41273	2.65126
130.65379	2.66710
130.89485	2.68375
131.13591	2.70047
131.37697	2.71722
131.61803	2.73446
131.85908	2.75279
132.10014	2.77264
132.34120	2.79388
132.58226	2.81569
132.82332	2.83650
133.06438	2.85414
133.30544	2.86621
133.54649	2.87051
133.78755	2.86542
134.02861	2.85027
134.26967	2.82549
134.51073	2.79263
134.75179	2.75413
134.99285	2.71293
135.23391	2.67207
135.47496	2.63420
135.71602	2.60127
135.95708	2.57433
136.19814	2.55352
136.43920	2.53822
136.68026	2.52737
136.92132	2.51979
137.16237	2.51454
137.40343	2.51116
137.64449	2.50977
137.88555	2.51103
138.12661	2.51597
138.36767	2.52562
138.60873	2.54071
138.84979	2.56138
139.09084	2.58693
139.33190	2.61586
139.57296	2.64591
139.81402	2.67443
140.05508	2.69871
140.29614	2.71643
140.53720	2.72598
140.77825	2.72673
141.01931	2.71903
141.26037	2.70415
141.50143	2.68397
141.74249	2.66060
141.98355	2.63604
142.22461	2.61185
142.46566	2.58894
142.70672	2.56759
142.94778	2.54751
143.18884	2.52821
143.42990	2.50919
143.67096	2.49031
143.91202	2.47195
144.15308	2.45510
144.39413	2.44127
144.63519	2.43224
144.87625	2.42975
145.11731	2.43512
145.35837	2.44897
145.59943	2.47099
145.84049	2.49992
146.08154	2.53365
146.32260	2.56957
146.56366	2.60487
146.80472	2.63699
147.04578	2.66398
147.28684	2.68472
147.52790	2.69902
147.76896	2.70748
148.01001	2.71127
148.25107	2.71178
148.49213	2.71027
148.73319	2.70755
148.97425	2.70385
149.21531	2.69876
149.45637	2.69144
149.69742	2.68082
149.93848	2.66603
150.17954	2.64665
150.42060	2.62298
150.66166	2.59610
150.90272	2.56785
151.14378	2.54054
151.38484	2.51660
151.62589	2.49824
151.86695	2.48703
152.10801	2.48367
152.34907	2.48790
152.59013	2.49855
152.83119	2.51379
153.07225	2.53144
153.31330	2.54938
153.55436	2.56587
153.79542	2.57983
154.03648	2.59090
154.27754	2.59942
154.51860	2.60619
154.75966	2.61219
155.00072	2.61826
155.24177	2.62480
155.48283	2.63160
155.72389	2.63783
155.96495	2.64217
156.20601	2.64308
156.44707	2.63913
156.68813	2.62935
156.92918	2.61348
157.17024	2.59211
157.41130	2.56668
157.65236	2.53925
157.89342	2.51222
158.13448	2.48793
158.37554	2.46831
158.61659	2.45462
158.85765	2.44728
159.09871	2.44586
159.33977	2.44932
159.58083	2.45621
159.82189	2.46503
160.06295	2.47451
160.30401	2.48385
160.54506	2.49282
160.78612	2.50168
161.02718	2.51109
161.26824	2.52180
161.50930	2.53443
161.75036	2.54920
161.99142	2.56581
162.23247	2.58339
162.47353	2.60064
162.71459	2.61600
162.95565	2.62798
163.19671	2.63539
163.43777	2.63763
163.67883	2.63480
163.91989	2.62772
164.16094	2.61779
164.40200	2.60673
164.64306	2.59632
164.88412	2.58806
165.12518	2.58293
165.36624	2.58127
165.60730	2.58276
165.84835	2.58662
166.08941	2.59177
166.33047	2.59719
166.57153	2.60216
166.81259	2.60647
167.05365	2.61043
167.29471	2.61487
167.53577	2.62090
167.77682	2.62961
168.01788	2.64179
168.25894	2.65768
168.50000	2.67680
168.74106	2.69799
168.98212	2.71952
169.22318	2.73935
169.46423	2.75553
169.70529	2.76647
169.94635	2.77128
170.18741	2.76987
170.42847	2.76301
170.66953	2.75211
170.91059	2.73902
171.15164	2.72564
171.39270	2.71361
171.63376	2.70403
171.87482	2.69729
172.11588	2.69309
172.35694	2.69057
172.59800	2.68854
172.83906	2.68584
173.08011	2.68158
173.32117	2.67542
173.56223	2.66766
173.80329	2.65919
174.04435	2.65133
174.28541	2.64556
174.52647	2.64317
174.76752	2.64500
175.00858	2.65118
175.24964	2.66112
175.49070	2.67353
175.73176	2.68666
175.97282	2.69860
176.21388	2.70760
176.45494	2.71243
176.69599	2.71249
176.93705	2.70797
177.17811	2.69970
177.41917	2.68899
177.66023	2.67730
177.90129	2.66597
178.14235	2.65595
178.38340	2.64764
178.62446	2.64088
178.86552	2.63503
179.10658	2.62921
179.34764	2.62253
179.58870	2.61438
179.82976	2.60460
180.07082	2.59359
180.31187	2.58227
180.55293	2.57190
180.79399	2.56389
181.03505	2.55947
181.27611	2.55946
181.51717	2.56408
181.75823	2.57288
181.99928	2.58479
182.24034	2.59832
182.48140	2.61183
182.72246	2.62376
182.96352	2.63296
183.20458	2.63883
183.44564	2.64140
183.68669	2.64129
183.92775	2.63948
184.16881	2.63713
184.40987	2.63530
184.65093	2.63470
184.89199	2.63557
185.13305	2.63767
185.37411	2.64031
185.61516	2.64260
185.85622	2.64364
186.09728	2.64280
186.33834	2.63986
186.57940	2.63517
186.82046	2.62955
187.06152	2.62422
187.30257	2.62053
187.54363	2.61970
187.78469	2.62259
188.02575	2.62952
188.26681	2.64014
188.50787	2.65358
188.74893	2.66852
188.98999	2.68349
189.23104	2.69712
189.47210	2.70841
189.71316	2.71688
189.95422	2.72262
190.19528	2.72624
190.43634	2.72869
190.67740	2.73103
190.91845	2.73412
191.15951	2.73846
191.40057	2.74400
191.64163	2.75018
191.88269	2.75598
192.12375	2.76021
192.36481	2.76167
192.60587	2.75954
192.84692	2.75348
193.08798	2.74384
193.32904	2.73159
193.57010	2.71818
193.81116	2.70533
194.05222	2.69471
194.29328	2.68764
194.53433	2.68491
194.77539	2.68660
195.01645	2.69212
195.25751	2.70035
195.49857	2.70986
195.73963	2.71924
195.98069	2.72729
196.22174	2.73333
196.46280	2.73720
196.70386	2.73929
196.94492	2.74041
197.18598	2.74152
197.42704	2.74347
197.66810	2.74684
197.90916	2.75170
198.15021	2.75762
198.39127	2.76371
198.63233	2.76882
198.87339	2.77180
199.11445	2.77170
199.35551	2.76807
199.59657	2.76099
199.83762	2.75116
200.07868	2.73978
200.31974	2.72831
200.56080	2.71827
200.80186	2.71094
201.04292	2.70718
201.28398	2.70726
201.52504	2.71091
201.76609	2.71737
202.00715	2.72559
202.24821	2.73446
202.48927	2.74307
202.73033	2.75083
202.97139	2.75765
203.21245	2.76382
203.45350	2.76999
203.69456	2.77692
203.93562	2.78528
204.17668	2.79542
204.41774	2.80723
204.65880	2.82010
204.89986	2.83295
205.14092	2.84446
205.38197	2.85325
205.62303	2.85815
205.86409	2.85845
206.10515	2.85403
206.34621	2.84542
206.58727	2.83371
206.82833	2.82035
207.06938	2.80694
207.31044	2.79490
207.55150	2.78530
207.79256	2.77865
208.03362	2.77492
208.27468	2.77355
208.51574	2.77368
208.75680	2.77435
208.99785	2.77476
209.23891	2.77443
209.47997	2.77334
209.72103	2.77190
209.96209	2.77086
210.20315	2.77109
210.44421	2.77335
210.68526	2.77809
210.92632	2.78528
211.16738	2.79432
211.40844	2.80418
211.64950	2.81347
211.89056	2.82075
212.13162	2.82473
212.37267	2.82454
212.61373	2.81990
212.85479	2.81110
213.09585	2.79902
213.33691	2.78487
213.57797	2.77003
213.81903	2.75576
214.06009	2.74299
214.30114	2.73219
214.54220	2.72335
214.78326	2.71602
215.02432	2.70951
215.26538	2.70309
215.50644	2.69622
215.74750	2.68869
215.98855	2.68073
216.22961	2.67301
216.47067	2.66650
216.71173	2.66228
216.95279	2.66131
217.19385	2.66420
217.43491	2.67108
217.67597	2.68148
217.91702	2.69439
218.15808	2.70841
218.39914	2.72198
218.64020	2.73363
218.88126	2.74219
219.12232	2.74704
219.36338	2.74812
219.60443	2.74592
219.84549	2.74134
220.08655	2.73547
220.32761	2.72934
220.56867	2.72372
220.80973	2.71897
221.05079	2.71500
221.29185	2.71133
221.53290	2.70725
221.77396	2.70200
222.01502	2.69505
222.25608	2.68621
222.49714	2.67578
222.73820	2.66450
222.97926	2.65348
223.22031	2.64401
223.46137	2.63731
223.70243	2.63431
223.94349	2.63551
224.18455	2.64086
224.42561	2.64974
224.66667	2.66115
224.90772	2.67380
225.14878	2.68641
225.38984	2.69786
225.63090	2.70741
225.87196	2.71476
226.11302	2.72004
226.35408	2.72373
226.59514	2.72648
226.83619	2.72891
227.07725	2.73145
227.31831	2.73418
227.55937	2.73680
227.80043	2.73869
228.04149	2.73902
228.28255	2.73697
228.52360	2.73188
228.76466	2.72350
229.00572	2.71205
229.24678	2.69826
229.48784	2.68329
229.72890	2.66853
229.96996	2.65539
230.21102	2.64508
230.45207	2.63840
230.69313	2.63562
230.93419	2.63645
231.17525	2.64015
231.41631	2.64567
231.65737	2.65189
231.89843	2.65783
232.13948	2.66280
232.38054	2.66653
232.62160	2.66913
232.86266	2.67105
233.10372	2.67284
233.34478	2.67503
233.58584	2.67789
233.82690	2.68137
234.06795	2.68498
234.30901	2.68791
234.55007	2.68914
234.79113	2.68764
235.03219	2.68260
235.27325	2.67355
235.51431	2.66057
235.75536	2.64422
235.99642	2.62555
236.23748	2.60588
236.47854	2.58664
236.71960	2.56913
236.96066	2.55436
237.20172	2.54289
237.44277	2.53483
237.68383	2.52983
237.92489	2.52728
238.16595	2.52642
238.40701	2.52654
238.64807	2.52713
238.88913	2.52797
239.13019	2.52913
239.37124	2.53095
239.61230	2.53386
239.85336	2.53825
240.09442	2.54432
240.33548	2.55198
240.57654	2.56075
240.81760	2.56983
241.05865	2.57822
241.29971	2.58485
241.54077	2.58877
241.78183	2.58934
242.02289	2.58632
242.26395	2.57993
242.50501	2.57079
242.74607	2.55984
242.98712	2.54811
243.22818	2.53661
243.46924	2.52609
243.71030	2.51701
243.95136	2.50947
244.19242	2.50323
244.43348	2.49789
244.67453	2.49298
244.91559	2.48814
245.15665	2.48323
245.39771	2.47841
245.63877	2.47415
245.87983	2.47109
246.12089	2.47001
246.36195	2.47154
246.60300	2.47611
246.84406	2.48377
247.08512	2.49413
247.32618	2.50642
247.56724	2.51955
247.80830	2.53226
248.04936	2.54334
248.29041	2.55175
248.53147	2.55683
248.77253	2.55833
249.01359	2.55642
249.25465	2.55160
249.49571	2.54462
249.73677	2.53624
249.97783	2.52715
250.21888	2.51781
250.45994	2.50841
250.70100	2.49887
250.94206	2.48893
251.18312	2.47828
251.42418	2.46667
251.66524	2.45406
251.90629	2.44069
252.14735	2.42708
252.38841	2.41400
252.62947	2.40236
252.87053	2.39302
253.11159	2.38666
253.35265	2.38364
253.59370	2.38394
253.83476	2.38711
254.07582	2.39236
254.31688	2.39869
254.55794	2.40503
254.79900	2.41043
255.04006	2.41416
255.28112	2.41586
255.52217	2.41548
255.76323	2.41327
256.00429	2.40966
256.24535	2.40514
256.48641	2.40009
256.72747	2.39470
256.96853	2.38895
257.20958	2.38257
257.45064	2.37517
257.69170	2.36634
257.93276	2.35576
258.17382	2.34335
258.41488	2.32931
258.65594	2.31418
258.89700	2.29871
259.13805	2.28384
259.37911	2.27050
259.62017	2.25952
259.86123	2.25146
260.10229	2.24657
260.34335	2.24473
260.58441	2.24555
260.82546	2.24840
261.06652	2.25256
261.30758	2.25734
261.54864	2.26217
261.78970	2.26670
262.03076	2.27078
262.27182	2.27443
262.51288	2.27778
262.75393	2.28096
262.99499	2.28400
263.23605	2.28680
263.47711	2.28904
263.71817	2.29027
263.95923	2.28996
264.20029	2.28760
264.44134	2.28278
264.68240	2.27538
264.92346	2.26554
265.16452	2.25370
265.40558	2.24057
265.64664	2.22701
265.88770	2.21393
266.12875	2.20214
266.36981	2.19223
266.61087	2.18454
266.85193	2.17908
267.09299	2.17560
267.33405	2.17367
267.57511	2.17279
267.81617	2.17246
268.05722	2.17233
268.29828	2.17223
268.53934	2.17219
268.78040	2.17238
269.02146	2.17306
269.26252	2.17446
269.50358	2.17668
269.74463	2.17964
269.98569	2.18303
270.22675	2.18631
270.46781	2.18881
270.70887	2.18984
270.94993	2.18876
271.19099	2.18515
271.43205	2.17887
271.67310	2.17008
271.91416	2.15921
272.15522	2.14693
272.39628	2.13399
272.63734	2.12112
272.87840	2.10892
273.11946	2.09778
273.36051	2.08786
273.60157	2.07910
273.84263	2.07127
274.08369	2.06411
274.32475	2.05737
274.56581	2.05092
274.80687	2.04481
275.04793	2.03924
275.28898	2.03454
275.53004	2.03108
275.77110	2.02921
276.01216	2.02911
276.25322	2.03076
276.49428	2.03390
276.73534	2.03804
276.97639	2.04252
277.21745	2.04658
277.45851	2.04954
277.69957	2.05082
277.94063	2.05009
278.18169	2.04727
278.42275	2.04256
278.66380	2.03635
278.90486	2.02917
279.14592	2.02154
279.38698	2.01393
279.62804	2.00663
279.86910	1.99978
280.11016	1.99331
280.35122	1.98706
280.59227	1.98083
280.83333	1.97447
281.07439	1.96797
281.31545	1.96149
281.55651	1.95537
281.79757	1.95008
282.03863	1.94615
282.27968	1.94408
282.52074	1.94422
282.76180	1.94673
283.00286	1.95150
283.24392	1.95817
283.48498	1.96618
283.72604	1.97485
283.96710	1.98346
284.20815	1.99138
284.44921	1.99814
284.69027	2.00347
284.93133	2.00732
285.17239	2.00982
285.41345	2.01119
285.65451	2.01170
285.89556	2.01157
286.13662	2.01091
286.37768	2.00968
286.61874	2.00773
286.85980	2.00485
287.10086	2.00080
287.34192	1.99542
287.58298	1.98871
287.82403	1.98085
288.06509	1.97220
288.30615	1.96331
288.54721	1.95480
288.78827	1.94729
289.02933	1.94133
289.27039	1.93730
289.51144	1.93534
289.75250	1.93536
289.99356	1.93708
290.23462	1.94002
290.47568	1.94366
290.71674	1.94750
290.95780	1.95108
291.19885	1.95413
291.43991	1.95651
291.68097	1.95821
291.92203	1.95932
292.16309	1.95996
292.40415	1.96020
292.64521	1.96000
292.88627	1.95921
293.12732	1.95760
293.36838	1.95483
293.60944	1.95060
293.85050	1.94469
294.09156	1.93702
294.33262	1.92774
294.57368	1.91720
294.81473	1.90593
295.05579	1.89459
295.29685	1.88384
295.53791	1.87430
295.77897	1.86640
296.02003	1.86040
296.26109	1.85630
296.50215	1.85393
296.74320	1.85297
296.98426	1.85304
297.22532	1.85379
297.46638	1.85498
297.70744	1.85647
297.94850	1.85829
298.18956	1.86055
298.43061	1.86344
298.67167	1.86709
298.91273	1.87156
299.15379	1.87676
299.39485	1.88244
299.63591	1.88817
299.87697	1.89343
300.11803	1.89770
300.35908	1.90047
300.60014	1.90142
300.84120	1.90039
301.08226	1.89749
301.32332	1.89304
301.56438	1.88753
301.80544	1.88155
302.04649	1.87570
302.28755	1.87051
302.52861	1.86635
302.76967	1.86339
303.01073	1.86165
303.25179	1.86096
303.49285	1.86109
303.73391	1.86178
303.97496	1.86285
304.21602	1.86422
304.45708	1.86592
304.69814	1.86811
304.93920	1.87104
305.18026	1.87493
305.42132	1.87994
305.66237	1.88609
305.90343	1.89325
306.14449	1.90109
306.38555	1.90915
306.62661	1.91687
306.86767	1.92370
307.10873	1.92920
307.34978	1.93305
307.59084	1.93515
307.83190	1.93560
308.07296	1.93466
308.31402	1.93273
308.55508	1.93021
308.79614	1.92749
309.03720	1.92484
309.27825	1.92240
309.51931	1.92018
309.76037	1.91809
310.00143	1.91599
310.24249	1.91375
310.48355	1.91134
310.72461	1.90883
310.96566	1.90643
311.20672	1.90446
311.44778	1.90327
311.68884	1.90324
311.92990	1.90464
312.17096	1.90761
312.41202	1.91209
312.65308	1.91783
312.89413	1.92441
313.13519	1.93128
313.37625	1.93787
313.61731	1.94364
313.85837	1.94818
314.09943	1.95125
314.34049	1.95280
314.58154	1.95294
314.82260	1.95194
315.06366	1.95011
315.30472	1.94773
315.54578	1.94504
315.78684	1.94213
316.02790	1.93901
316.26896	1.93557
316.51001	1.93166
316.75107	1.92719
316.99213	1.92213
317.23319	1.91660
317.47425	1.91087
317.71531	1.90532
317.95637	1.90041
318.19742	1.89659
318.43848	1.89423
318.67954	1.89355
318.92060	1.89461
319.16166	1.89724
319.40272	1.90112
319.64378	1.90581
319.88483	1.91085
320.12589	1.91577
320.36695	1.92024
320.60801	1.92401
320.84907	1.92702
321.09013	1.92931
321.33119	1.93101
321.57225	1.93227
321.81330	1.93321
322.05436	1.93390
322.29542	1.93427
322.53648	1.93417
322.77754	1.93339
323.01860	1.93170
323.25966	1.92889
323.50071	1.92490
323.74177	1.91977
323.98283	1.91375
324.22389	1.90720
324.46495	1.90062
324.70601	1.89452
324.94707	1.88939
325.18813	1.88559
325.42918	1.88334
325.67024	1.88263
325.91130	1.88332
326.15236	1.88510
326.39342	1.88762
326.63448	1.89050
326.87554	1.89347
327.11659	1.89634
327.35765	1.89906
327.59871	1.90166
327.83977	1.90427
328.08083	1.90698
328.32189	1.90983
328.56295	1.91276
328.80401	1.91559
329.04506	1.91802
329.28612	1.91967
329.52718	1.92016
329.76824	1.91919
330.00930	1.91655
330.25036	1.91225
330.49142	1.90645
330.73247	1.89951
330.97353	1.89191
331.21459	1.88417
331.45565	1.87682
331.69671	1.87026
331.93777	1.86476
332.17883	1.86041
332.41988	1.85715
332.66094	1.85478
332.90200	1.85302
333.14306	1.85162
333.38412	1.85035
333.62518	1.84908
333.86624	1.84783
334.10730	1.84667
334.34835	1.84577
334.58941	1.84529
334.83047	1.84533
335.07153	1.84590
335.31259	1.84690
335.55365	1.84807
335.79471	1.84907
336.03576	1.84953
336.27682	1.84906
336.51788	1.84740
336.75894	1.84439
337.00000	1.84007
337.24106	1.83460
337.48212	1.82831
337.72318	1.82158
337.96423	1.81481
338.20529	1.80831
338.44635	1.80232
338.68741	1.79692
338.92847	1.79205
339.16953	1.78759
339.41059	1.78331
339.65164	1.77903
339.89270	1.77462
340.13376	1.77004
340.37482	1.76538
340.61588	1.76081
340.85694	1.75659
341.09800	1.75296
341.33906	1.75013
341.58011	1.74822
341.82117	1.74719
342.06223	1.74690
342.30329	1.74707
342.54435	1.74734
342.78541	1.74737
343.02647	1.74681
343.26752	1.74545
343.50858	1.74318
343.74964	1.74002
343.99070	1.73612
344.23176	1.73169
344.47282	1.72697
344.71388	1.72217
344.95493	1.71742
345.19599	1.71277
345.43705	1.70818
345.67811	1.70355
345.91917	1.69875
346.16023	1.69368
346.40129	1.68828
346.64235	1.68262
346.88340	1.67682
347.12446	1.67110
347.36552	1.66571
347.60658	1.66090
347.84764	1.65687
348.08870	1.65370
348.32976	1.65139
348.57081	1.64980
348.81187	1.64867
349.05293	1.64773
349.29399	1.64667
349.53505	1.64522
349.77611	1.64317
350.01717	1.64044
350.25823	1.63704
350.49928	1.63303
350.74034	1.62858
350.98140	1.62382
351.22246	1.61889
351.46352	1.61386
351.70458	1.60873
351.94564	1.60346
352.18669	1.59795
352.42775	1.59208
352.66881	1.58580
352.90987	1.57908
353.15093	1.57201
353.39199	1.56476
353.63305	1.55755
353.87411	1.55069
354.11516	1.54444
354.35622	1.53905
354.59728	1.53467
354.83834	1.53133
355.07940	1.52896
355.32046	1.52738
355.56152	1.52632
355.80257	1.52551
356.04363	1.52467
356.28469	1.52359
356.52575	1.52212
356.76681	1.52023
357.00787	1.51795
357.24893	1.51537
357.48999	1.51263
357.73104	1.50981
357.97210	1.50696
358.21316	1.50405
358.45422	1.50100
358.69528	1.49763
358.93634	1.49377
359.17740	1.48926
359.41845	1.48400
359.65951	1.47795
359.90057	1.47122
360.14163	1.46397
360.38269	1.45647
360.62375	1.44901
360.86481	1.44188
361.10586	1.43531
361.34692	1.42942
361.58798	1.42426
361.82904	1.41975
362.07010	1.41573
362.31116	1.41201
362.55222	1.40838
362.79328	1.40467
363.03433	1.40078
363.27539	1.39668
363.51645	1.39239
363.75751	1.38799
363.99857	1.38356
364.23963	1.37919
364.48069	1.37489
364.72174	1.37063
364.96280	1.36629
365.20386	1.36172
365.44492	1.35675
365.68598	1.35120
365.92704	1.34495
366.16810	1.33792
366.40916	1.33014
366.65021	1.32168
366.89127	1.31272
367.13233	1.30342
367.37339	1.29400
367.61445	1.28460
367.85551	1.27535
368.09657	1.26629
368.33762	1.25741
368.57868	1.24864
368.81974	1.23988
369.06080	1.23103
369.30186	1.22199
369.54292	1.21272
369.78398	1.20321
370.02504	1.19349
370.26609	1.18360
370.50715	1.17361
370.74821	1.16355
370.98927	1.15343
371.23033	1.14319
371.47139	1.13275
371.71245	1.12197
371.95350	1.11070
372.19456	1.09879
372.43562	1.08614
372.67668	1.07269
372.91774	1.05843
373.15880	1.04345
373.39986	1.02787
373.64091	1.01184
373.88197	0.99555
374.12303	0.97914
374.36409	0.96270
374.60515	0.94633
374.84621	0.93005
375.08727	0.91385
375.32833	0.89768
375.56938	0.88150
375.81044	0.86532
376.05150	0.84914
376.29256	0.83298
376.53362	0.81701
376.77468	0.80135
377.01574	0.78616
377.25679	0.77156
377.49785	0.75767
377.73891	0.74455
377.97997	0.73223
378.22103	0.72064
378.46209	0.70983
378.70315	0.69975
378.94421	0.69039
379.18526	0.68174
379.42632	0.67384
379.66738	0.66675
379.90844	0.66055
380.14950	0.65533
380.39056	0.65122
380.63162	0.64833
380.87267	0.64670
381.11373	0.64637
381.35479	0.64733
381.59585	0.64952
381.83691	0.65288
382.07797	0.65733
382.31903	0.66279
382.56009	0.66922
382.80114	0.67659
383.04220	0.68489
383.28326	0.69414
383.52432	0.70435
383.76538	0.71551
384.00644	0.72753
384.24750	0.74038
384.48855	0.75393
384.72961	0.76802
384.97067	0.78249
385.21173	0.79713
385.45279	0.81177
385.69385	0.82626
385.93491	0.84044
386.17596	0.85430
386.41702	0.86782
386.65808	0.88101
386.89914	0.89387
387.14020	0.90642
387.38126	0.91867
387.62232	0.93059
387.86338	0.94214
388.10443	0.95331
388.34549	0.96404
388.58655	0.97433
388.82761	0.98417
389.06867	0.99363
389.30973	1.00279
389.55079	1.01178
389.79184	1.02073
390.03290	1.02979
390.27396	1.03908
390.51502	1.04868
390.75608	1.05864
390.99714	1.06893
391.23820	1.07948
391.47926	1.09019
391.72031	1.10095
391.96137	1.11165
392.20243	1.12219
392.44349	1.13253
392.68455	1.14265
392.92561	1.15256
393.16667	1.16230
393.40772	1.17190
393.64878	1.18136
393.88984	1.19068
394.13090	1.19980
394.37196	1.20863
394.61302	1.21709
394.85408	1.22508
395.09514	1.23254
395.33619	1.23943
395.57725	1.24580
395.81831	1.25174
396.05937	1.25738
396.30043	1.26289
396.54149	1.26845
396.78255	1.27422
397.02360	1.28030
397.26466	1.28674
397.50572	1.29354
397.74678	1.30061
397.98784	1.30787
398.22890	1.31517
398.46996	1.32241
398.71102	1.32949
398.95207	1.33637
399.19313	1.34304
399.43419	1.34955
399.67525	1.35594
399.91631	1.36228
400.15737	1.36862
400.39843	1.37493
400.63948	1.38119
400.88054	1.38728
401.12160	1.39307
401.36266	1.39842
401.60372	1.40318
401.84478	1.40724
402.08584	1.41054
402.32689	1.41311
402.56795	1.41501
402.80901	1.41638
403.05007	1.41739
403.29113	1.41821
403.53219	1.41900
403.77325	1.41987
404.01431	1.42089
404.25536	1.42206
404.49642	1.42334
404.73748	1.42467
404.97854	1.42598
405.21960	1.42721
405.46066	1.42836
405.70172	1.42945
405.94277	1.43055
406.18383	1.43176
406.42489	1.43317
406.66595	1.43486
406.90701	1.43684
407.14807	1.43907
407.38913	1.44145
407.63019	1.44381
407.87124	1.44597
408.11230	1.44774
408.35336	1.44896
408.59442	1.44953
408.83548	1.44941
409.07654	1.44866
409.31760	1.44739
409.55865	1.44576
409.79971	1.44392
410.04077	1.44205
410.28183	1.44026
410.52289	1.43862
410.76395	1.43713
411.00501	1.43575
411.24607	1.43442
411.48712	1.43307
411.72818	1.43165
411.96924	1.43012
412.21030	1.42852
412.45136	1.42689
412.69242	1.42532
412.93348	1.42389
413.17453	1.42265
413.41559	1.42164
413.65665	1.42082
413.89771	1.42012
414.13877	1.41942
414.37983	1.41856
414.62089	1.41740
414.86194	1.41581
415.10300	1.41370
415.34406	1.41105
415.58512	1.40787
415.82618	1.40422
416.06724	1.40021
416.30830	1.39592
416.54936	1.39146
416.79041	1.38687
417.03147	1.38220
417.27253	1.37744
417.51359	1.37255
417.75465	1.36750
417.99571	1.36227
418.23677	1.35685
418.47782	1.35127
418.71888	1.34561
418.95994	1.33997
419.20100	1.33447
419.44206	1.32923
419.68312	1.32434
419.92418	1.31988
420.16524	1.31583
420.40629	1.31213
420.64735	1.30870
420.88841	1.30537
421.12947	1.30198
421.37053	1.29837
421.61159	1.29442
421.85265	1.29003
422.09370	1.28516
422.33476	1.27982
422.57582	1.27405
422.81688	1.26791
423.05794	1.26146
423.29900	1.25475
423.54006	1.24779
423.78112	1.24057
424.02217	1.23303
424.26323	1.22512
424.50429	1.21677
424.74535	1.20792
424.98641	1.19857
425.22747	1.18873
425.46853	1.17845
425.70958	1.16784
425.95064	1.15702
426.19170	1.14613
426.43276	1.13529
426.67382	1.12462
426.91488	1.11421
427.15594	1.10410
427.39699	1.09434
427.63805	1.08492
427.87911	1.07583
428.12017	1.06705
428.36123	1.05854
428.60229	1.05029
428.84335	1.04227
429.08441	1.03445
429.32546	1.02680
429.56652	1.01929
429.80758	1.01186
430.04864	1.00445
430.28970	0.99700
430.53076	0.98943
430.77182	0.98166
431.01287	0.97364
431.25393	0.96531
431.49499	0.95668
431.73605	0.94774
431.97711	0.93854
432.21817	0.92914
432.45923	0.91962
432.70029	0.91006
432.94134	0.90056
433.18240	0.89117
433.42346	0.88193
433.66452	0.87287
433.90558	0.86400
434.14664	0.85530
434.38770	0.84679
434.62875	0.83850
434.86981	0.83047
435.11087	0.82275
435.35193	0.81543
435.59299	0.80858
435.83405	0.80230
436.07511	0.79665
436.31617	0.79170
436.55722	0.78748
436.79828	0.78399
437.03934	0.78122
437.28040	0.77915
437.52146	0.77777
437.76252	0.77705
438.00358	0.77701
438.24463	0.77767
438.48569	0.77909
438.72675	0.78129
438.96781	0.78434
439.20887	0.78826
439.44993	0.79306
439.69099	0.79873
439.93204	0.80519
440.17310	0.81238
440.41416	0.82020
440.65522	0.82852
440.89628	0.83724
441.13734	0.84621
441.37840	0.85534
441.61946	0.86452
441.86051	0.87365
442.10157	0.88272
442.34263	0.89169
442.58369	0.90052
442.82475	0.90918
443.06581	0.91760
443.30687	0.92573
443.54792	0.93348
443.78898	0.94073
444.03004	0.94741
444.27110	0.95345
444.51216	0.95878
444.75322	0.96340
444.99428	0.96731
445.23534	0.97056
445.47639	0.97323
445.71745	0.97541
445.95851	0.97718
446.19957	0.97861
446.44063	0.97975
446.68169	0.98063
446.92275	0.98126
447.16380	0.98165
447.40486	0.98180
447.64592	0.98173
447.88698	0.98145
448.12804	0.98103
448.36910	0.98053
448.61016	0.98001
448.85122	0.97954
449.09227	0.97918
449.33333	0.97895
449.57439	0.97886
449.81545	0.97886
450.05651	0.97889
450.29757	0.97890
450.53863	0.97880
450.77968	0.97852
451.02074	0.97802
451.26180	0.97729
451.50286	0.97634
451.74392	0.97519
451.98498	0.97391
452.22604	0.97253
452.46710	0.97110
452.70815	0.96964
452.94921	0.96815
453.19027	0.96659
453.43133	0.96492
453.67239	0.96310
453.91345	0.96107
454.15451	0.95883
454.39556	0.95637
454.63662	0.95373
454.87768	0.95096
455.11874	0.94814
455.35980	0.94536
455.60086	0.94269
455.84192	0.94020
456.08297	0.93792
456.32403	0.93586
456.56509	0.93401
456.80615	0.93232
457.04721	0.93075
457.28827	0.92924
457.52933	0.92775
457.77039	0.92625
458.01144	0.92471
458.25250	0.92313
458.49356	0.92151
458.73462	0.91985
458.97568	0.91814
459.21674	0.91638
459.45780	0.91454
459.69885	0.91258
459.93991	0.91048
460.18097	0.90819
460.42203	0.90569
460.66309	0.90297
460.90415	0.90005
461.14521	0.89696
461.38627	0.89376
461.62732	0.89053
461.86838	0.88733
462.10944	0.88427
462.35050	0.88140
462.59156	0.87876
462.83262	0.87638
463.07368	0.87425
463.31473	0.87230
463.55579	0.87050
463.79685	0.86875
464.03791	0.86699
464.27897	0.86517
464.52003	0.86323
464.76109	0.86116
465.00215	0.85897
465.24320	0.85669
465.48426	0.85435
465.72532	0.85197
465.96638	0.84957
466.20744	0.84716
466.44850	0.84471
466.68956	0.84222
466.93061	0.83965
467.17167	0.83698
467.41273	0.83421
467.65379	0.83134
467.89485	0.82843
468.13591	0.82552
468.37697	0.82267
468.61802	0.81995
468.85908	0.81742
469.10014	0.81509
469.34120	0.81299
469.58226	0.81110
469.82332	0.80939
470.06438	0.80780
470.30544	0.80629
470.54649	0.80483
470.78755	0.80336
471.02861	0.80189
471.26967	0.80039
471.51073	0.79888
471.75179	0.79737
471.99285	0.79587
472.23390	0.79438
472.47496	0.79290
472.71602	0.79141
472.95708	0.78988
473.19814	0.78829
473.43920	0.78661
473.68026	0.78483
473.92132	0.78294
474.16237	0.78097
474.40343	0.77896
474.64449	0.77695
474.88555	0.77501
475.12661	0.77320
475.36767	0.77157
475.60873	0.77017
475.84978	0.76902
476.09084	0.76811
476.33190	0.76742
476.57296	0.76691
476.81402	0.76654
477.05508	0.76627
477.29614	0.76606
477.53720	0.76587
477.77825	0.76569
478.01931	0.76552
478.26037	0.76535
478.50143	0.76519
478.74249	0.76504
478.98355	0.76489
479.22461	0.76473
479.46566	0.76453
479.70672	0.76426
479.94778	0.76388
480.18884	0.76337
480.42990	0.76271
480.67096	0.76187
480.91202	0.76088
481.15307	0.75974
481.39413	0.75849
481.63519	0.75716
481.87625	0.75579
482.11731	0.75442
482.35837	0.75307
482.59943	0.75175
482.84049	0.75046
483.08154	0.74921
483.32260	0.74798
483.56366	0.74677
483.80472	0.74561
484.04578	0.74449
484.28684	0.74346
484.52790	0.74253
484.76895	0.74174
485.01001	0.74110
485.25107	0.74061
485.49213	0.74026
485.73319	0.74001
485.97425	0.73981
486.21531	0.73960
486.45637	0.73932
486.69742	0.73891
486.93848	0.73836
487.17954	0.73764
487.42060	0.73676
487.66166	0.73577
487.90272	0.73472
488.14378	0.73365
488.38483	0.73261
488.62589	0.73166
488.86695	0.73081
489.10801	0.73009
489.34907	0.72947
489.59013	0.72895
489.83119	0.72851
490.07225	0.72813
490.31330	0.72781
490.55436	0.72755
490.79542	0.72737
491.03648	0.72730
491.27754	0.72738
491.51860	0.72763
491.75966	0.72807
492.00071	0.72871
492.24177	0.72952
492.48283	0.73048
492.72389	0.73154
492.96495	0.73267
493.20601	0.73380
493.44707	0.73490
493.68812	0.73594
493.92918	0.73692
494.17024	0.73783
494.41130	0.73868
494.65236	0.73949
494.89342	0.74027
495.13448	0.74104
495.37554	0.74178
495.61659	0.74249
495.85765	0.74313
496.09871	0.74370
496.33977	0.74416
496.58083	0.74450
496.82189	0.74472
497.06295	0.74482
497.30400	0.74484
497.54506	0.74481
497.78612	0.74478
498.02718	0.74478
498.26824	0.74486
498.50930	0.74502
498.75036	0.74526
498.99142	0.74555
499.23247	0.74586
499.47353	0.74612
499.71459	0.74628
499.95565	0.74628
500.19671	0.74609
500.43777	0.74567
500.67883	0.74504
500.91988	0.74419
501.16094	0.74316
501.40200	0.74196
501.64306	0.74062
501.88412	0.73914
502.12518	0.73751
502.36624	0.73569
502.60730	0.73362
502.84835	0.73124
503.08941	0.72848
503.33047	0.72529
503.57153	0.72160
503.81259	0.71741
504.05365	0.71273
504.29471	0.70761
504.53576	0.70217
504.77682	0.69652
505.01788	0.69084
505.25894	0.68533
505.50000	0.68018
505.74106	0.67565
505.98212	0.67196
506.22318	0.66933
506.46423	0.66797
506.70529	0.66800
506.94635	0.66955
507.18741	0.67265
507.42847	0.67728
507.66953	0.68333
507.91059	0.69065
508.15164	0.69903
508.39270	0.70820
508.63376	0.71788
508.87482	0.72777
509.11588	0.73759
509.35694	0.74706
509.59800	0.75603
509.83905	0.76436
510.08011	0.77199
510.32117	0.77890
510.56223	0.78512
510.80329	0.79073
511.04435	0.79584
511.28541	0.80054
511.52647	0.80494
511.76752	0.80910
512.00858	0.81307
512.24964	0.81688
512.49070	0.82053
512.73176	0.82400
512.97282	0.82727
513.21388	0.83032
513.45493	0.83315
513.69599	0.83576
513.93705	0.83817
514.17811	0.84040
514.41917	0.84246
514.66023	0.84438
514.90129	0.84615
515.14235	0.84775
515.38340	0.84915
515.62446	0.85032
515.86552	0.85122
516.10658	0.85183
516.34764	0.85213
516.58870	0.85214
516.82976	0.85188
517.07081	0.85141
517.31187	0.85077
517.55293	0.85003
517.79399	0.84921
518.03505	0.84836
518.27611	0.84747
518.51717	0.84656
518.75823	0.84559
518.99928	0.84455
519.24034	0.84343
519.48140	0.84223
519.72246	0.84096
519.96352	0.83966
520.20458	0.83835
520.44564	0.83710
520.68669	0.83596
520.92775	0.83495
521.16881	0.83409
521.40987	0.83339
521.65093	0.83282
521.89199	0.83234
522.13305	0.83190
522.37410	0.83145
522.61516	0.83096
522.85622	0.83040
523.09728	0.82976
523.33834	0.82907
523.57940	0.82833
523.82046	0.82757
524.06152	0.82683
524.30257	0.82610
524.54363	0.82539
524.78469	0.82468
525.02575	0.82397
525.26681	0.82323
525.50787	0.82245
525.74893	0.82161
525.98998	0.82073
526.23104	0.81981
526.47210	0.81890
526.71316	0.81802
526.95422	0.81722
527.19528	0.81653
527.43634	0.81597
527.67740	0.81556
527.91845	0.81530
528.15951	0.81516
528.40057	0.81513
528.64163	0.81517
528.88269	0.81524
529.12375	0.81532
529.36481	0.81538
529.60586	0.81543
529.84692	0.81545
530.08798	0.81546
530.32904	0.81548
530.57010	0.81552
530.81116	0.81558
531.05222	0.81567
531.29328	0.81576
531.53433	0.81581
531.77539	0.81578
532.01645	0.81563
532.25751	0.81532
532.49857	0.81483
532.73963	0.81414
532.98069	0.81326
533.22174	0.81222
533.46280	0.81105
533.70386	0.80978
533.94492	0.80845
534.18598	0.80709
534.42704	0.80571
534.66810	0.80430
534.90915	0.80286
535.15021	0.80136
535.39127	0.79980
535.63233	0.79815
535.87339	0.79641
536.11445	0.79459
536.35551	0.79269
536.59657	0.79075
536.83762	0.78877
537.07868	0.78677
537.31974	0.78476
537.56080	0.78274
537.80186	0.78069
538.04292	0.77857
538.28398	0.77637
538.52503	0.77406
538.76609	0.77161
539.00715	0.76903
539.24821	0.76633
539.48927	0.76355
539.73033	0.76073
539.97139	0.75795
540.21245	0.75526
540.45350	0.75272
540.69456	0.75039
540.93562	0.74831
541.17668	0.74648
541.41774	0.74494
541.65880	0.74366
541.89986	0.74265
542.14091	0.74189
542.38197	0.74137
542.62303	0.74109
542.86409	0.74106
543.10515	0.74126
543.34621	0.74171
543.58727	0.74238
543.82833	0.74325
544.06938	0.74430
544.31044	0.74548
544.55150	0.74672
544.79256	0.74797
545.03362	0.74915
545.27468	0.75022
545.51574	0.75113
545.75679	0.75184
545.99785	0.75235
546.23891	0.75266
546.47997	0.75275
546.72103	0.75265
546.96209	0.75235
547.20315	0.75185
547.44421	0.75116
547.68526	0.75025
547.92632	0.74910
548.16738	0.74772
548.40844	0.74609
548.64950	0.74421
548.89056	0.74210
549.13162	0.73977
549.37267	0.73726
549.61373	0.73462
549.85479	0.73189
550.09585	0.72915
550.33691	0.72646
550.57797	0.72390
550.81903	0.72155
551.06008	0.71947
551.30114	0.71775
551.54220	0.71643
551.78326	0.71557
552.02432	0.71520
552.26538	0.71534
552.50644	0.71599
552.74750	0.71715
552.98855	0.71878
553.22961	0.72088
553.47067	0.72340
553.71173	0.72631
553.95279	0.72959
554.19385	0.73320
554.43491	0.73713
554.67596	0.74135
554.91702	0.74584
555.15808	0.75059
555.39914	0.75559
555.64020	0.76082
555.88126	0.76625
556.12232	0.77187
556.36338	0.77763
556.60443	0.78349
556.84549	0.78941
557.08655	0.79533
557.32761	0.80120
557.56867	0.80694
557.80973	0.81252
558.05079	0.81788
558.29184	0.82300
558.53290	0.82786
558.77396	0.83245
559.01502	0.83679
559.25608	0.84089
559.49714	0.84478
559.73820	0.84848
559.97926	0.85200
560.22031	0.85533
560.46137	0.85848
560.70243	0.86142
560.94349	0.86412
561.18455	0.86657
561.42561	0.86875
561.66667	0.87067
561.90772	0.87235
562.14878	0.87381
562.38984	0.87511
562.63090	0.87630
562.87196	0.87745
563.11302	0.87859
563.35408	0.87976
563.59513	0.88097
563.83619	0.88223
564.07725	0.88350
564.31831	0.88477
564.55937	0.88602
564.80043	0.88723
565.04149	0.88838
565.28255	0.88950
565.52360	0.89060
565.76466	0.89172
566.00572	0.89288
566.24678	0.89412
566.48784	0.89545
566.72890	0.89687
566.96996	0.89839
567.21101	0.89997
567.45207	0.90158
567.69313	0.90320
567.93419	0.90478
568.17525	0.90630
568.41631	0.90775
568.65737	0.90913
568.89843	0.91045
569.13948	0.91174
569.38054	0.91301
569.62160	0.91430
569.86266	0.91561
570.10372	0.91695
570.34478	0.91832
570.58584	0.91970
570.82689	0.92107
571.06795	0.92241
571.30901	0.92368
571.55007	0.92487
571.79113	0.92598
572.03219	0.92701
572.27325	0.92797
572.51431	0.92889
572.75536	0.92978
572.99642	0.93066
573.23748	0.93151
573.47854	0.93234
573.71960	0.93311
573.96066	0.93381
574.20172	0.93441
574.44277	0.93489
574.68383	0.93526
574.92489	0.93554
575.16595	0.93577
575.40701	0.93601
575.64807	0.93631
575.88913	0.93675
576.13018	0.93737
576.37124	0.93820
576.61230	0.93924
576.85336	0.94048
577.09442	0.94189
577.33548	0.94343
577.57654	0.94506
577.81760	0.94673
578.05865	0.94842
578.29971	0.95011
578.54077	0.95179
578.78183	0.95347
579.02289	0.95514
579.26395	0.95680
579.50501	0.95842
579.74606	0.95999
579.98712	0.96147
580.22818	0.96281
580.46924	0.96399
580.71030	0.96498
580.95136	0.96577
581.19242	0.96637
581.43348	0.96682
581.67453	0.96716
581.91559	0.96745
582.15665	0.96775
582.39771	0.96813
582.63877	0.96861
582.87983	0.96922
583.12089	0.96996
583.36194	0.97080
583.60300	0.97172
583.84406	0.97267
584.08512	0.97360
584.32618	0.97448
584.56724	0.97529
584.80830	0.97602
585.04936	0.97666
585.29041	0.97722
585.53147	0.97773
585.77253	0.97816
586.01359	0.97853
586.25465	0.97879
586.49571	0.97893
586.73677	0.97890
586.97782	0.97866
587.21888	0.97820
587.45994	0.97749
587.70100	0.97654
587.94206	0.97537
588.18312	0.97403
588.42418	0.97253
588.66523	0.97093
588.90629	0.96924
589.14735	0.96749
589.38841	0.96568
589.62947	0.96379
589.87053	0.96181
590.11159	0.95974
590.35265	0.95755
590.59370	0.95526
590.83476	0.95287
591.07582	0.95041
591.31688	0.94790
591.55794	0.94536
591.79900	0.94282
592.04006	0.94029
592.28111	0.93777
592.52217	0.93526
592.76323	0.93274
593.00429	0.93018
593.24535	0.92756
593.48641	0.92486
593.72747	0.92205
593.96853	0.91914
594.20958	0.91611
594.45064	0.91298
594.69170	0.90977
594.93276	0.90647
595.17382	0.90311
595.41488	0.89970
595.65594	0.89624
595.89699	0.89274
596.13805	0.88920
596.37911	0.88562
596.62017	0.88201
596.86123	0.87837
597.10229	0.87472
597.34335	0.87109
597.58441	0.86750
597.82546	0.86400
598.06652	0.86061
598.30758	0.85736
598.54864	0.85430
598.78970	0.85144
599.03076	0.84880
599.27182	0.84639
599.51287	0.84423
599.75393	0.84231
599.99499	0.84061
600.23605	0.83913
600.47711	0.83781
600.71817	0.83662
600.95923	0.83552
601.20029	0.83443
601.44134	0.83331
601.68240	0.83207
601.92346	0.83068
602.16452	0.82908
602.40558	0.82721
602.64664	0.82507
602.88770	0.82263
603.12875	0.81989
603.36981	0.81687
603.61087	0.81359
603.85193	0.81009
604.09299	0.80642
604.33405	0.80262
604.57511	0.79873
604.81616	0.79480
605.05722	0.79084
605.29828	0.78688
605.53934	0.78291
605.78040	0.77891
606.02146	0.77488
606.26252	0.77079
606.50358	0.76662
606.74463	0.76235
606.98569	0.75796
607.22675	0.75346
607.46781	0.74882
607.70887	0.74406
607.94993	0.73916
608.19099	0.73411
608.43204	0.72889
608.67310	0.72348
608.91416	0.71784
609.15522	0.71194
609.39628	0.70577
609.63734	0.69931
609.87840	0.69254
610.11946	0.68547
610.36051	0.67813
610.60157	0.67054
610.84263	0.66274
611.08369	0.65480
611.32475	0.64675
611.56581	0.63866
611.80687	0.63059
612.04792	0.62260
612.28898	0.61476
612.53004	0.60714
612.77110	0.59982
613.01216	0.59289
613.25322	0.58641
613.49428	0.58049
613.73534	0.57517
613.97639	0.57053
614.21745	0.56660
614.45851	0.56340
614.69957	0.56092
614.94063	0.55914
615.18169	0.55799
615.42275	0.55740
615.66380	0.55730
615.90486	0.55759
616.14592	0.55818
616.38698	0.55898
616.62804	0.55991
616.86910	0.56091
617.11016	0.56193
617.35121	0.56292
617.59227	0.56385
617.83333	0.56471
618.07439	0.56548
618.31545	0.56614
618.55651	0.56670
618.79757	0.56716
619.03863	0.56750
619.27968	0.56774
619.52074	0.56788
619.76180	0.56794
620.00286	0.56794
620.24392	0.56788
620.48498	0.56779
620.72604	0.56766
620.96709	0.56750
621.20815	0.56730
621.44921	0.56703
621.69027	0.56667
621.93133	0.56618
622.17239	0.56554
622.41345	0.56472
622.65451	0.56367
622.89556	0.56240
623.13662	0.56088
623.37768	0.55911
623.61874	0.55709
623.85980	0.55483
624.10086	0.55233
624.34192	0.54963
624.58297	0.54672
624.82403	0.54364
625.06509	0.54041
625.30615	0.53706
625.54721	0.53362
625.78827	0.53013
626.02933	0.52663
626.27039	0.52314
626.51144	0.51970
626.75250	0.51630
626.99356	0.51297
627.23462	0.50967
627.47568	0.50639
627.71674	0.50307
627.95780	0.49966
628.19885	0.49609
628.43991	0.49228
628.68097	0.48819
628.92203	0.48375
629.16309	0.47895
629.40415	0.47380
629.64521	0.46837
629.88626	0.46274
630.12732	0.45703
630.36838	0.45139
630.60944	0.44598
630.85050	0.44094
631.09156	0.43641
631.33262	0.43249
631.57368	0.42927
631.81473	0.42675
632.05579	0.42493
632.29685	0.42375
632.53791	0.42314
632.77897	0.42298
633.02003	0.42316
633.26109	0.42357
633.50214	0.42407
633.74320	0.42456
633.98426	0.42494
634.22532	0.42515
634.46638	0.42511
634.70744	0.42480
634.94850	0.42421
635.18956	0.42337
635.43061	0.42229
635.67167	0.42102
635.91273	0.41961
636.15379	0.41811
636.39485	0.41657
636.63591	0.41500
636.87697	0.41345
637.11802	0.41191
637.35908	0.41037
637.60014	0.40883
637.84120	0.40727
638.08226	0.40565
638.32332	0.40398
638.56438	0.40221
638.80544	0.40036
639.04649	0.39840
639.28755	0.39635
639.52861	0.39418
639.76967	0.39191
640.01073	0.38953
640.25179	0.38703
640.49285	0.38441
640.73390	0.38164
640.97496	0.37873
641.21602	0.37567
641.45708	0.37244
641.69814	0.36907
641.93920	0.36556
642.18026	0.36195
642.42132	0.35827
642.66237	0.35456
642.90343	0.35089
643.14449	0.34730
643.38555	0.34383
643.62661	0.34053
643.86767	0.33744
644.10873	0.33456
644.34978	0.33191
644.59084	0.32949
644.83190	0.32728
645.07296	0.32528
645.31402	0.32347
645.55508	0.32180
645.79614	0.32027
646.03719	0.31883
646.27825	0.31745
646.51931	0.31611
646.76037	0.31475
647.00143	0.31336
647.24249	0.31190
647.48355	0.31033
647.72461	0.30865
647.96566	0.30683
648.20672	0.30487
648.44778	0.30276
648.68884	0.30053
648.92990	0.29817
649.17096	0.29571
649.41202	0.29317
649.65307	0.29056
649.89413	0.28790
650.13519	0.28522
650.37625	0.28250
650.61731	0.27978
650.85837	0.27703
651.09943	0.27428
651.34049	0.27152
651.58154	0.26876
651.82260	0.26600
652.06366	0.26324
652.30472	0.26050
652.54578	0.25776
652.78684	0.25504
653.02790	0.25231
653.26895	0.24958
653.51001	0.24683
653.75107	0.24403
653.99213	0.24116
654.23319	0.23820
654.47425	0.23514
654.71531	0.23195
654.95637	0.22861
655.19742	0.22514
655.43848	0.22150
655.67954	0.21772
655.92060	0.21378
656.16166	0.20969
656.40272	0.20546
656.64378	0.20111
656.88483	0.19663
657.12589	0.19207
657.36695	0.18744
657.60801	0.18278
657.84907	0.17814
658.09013	0.17358
658.33119	0.16915
658.57224	0.16492
658.81330	0.16095
659.05436	0.15733
659.29542	0.15410
659.53648	0.15132
659.77754	0.14900
660.01860	0.14716
660.25966	0.14577
660.50071	0.14480
660.74177	0.14419
660.98283	0.14387
661.22389	0.14376
661.46495	0.14377
661.70601	0.14382
661.94707	0.14386
662.18812	0.14381
662.42918	0.14363
662.67024	0.14330
662.91130	0.14280
663.15236	0.14213
663.39342	0.14129
663.63448	0.14029
663.87554	0.13916
664.11659	0.13792
664.35765	0.13659
664.59871	0.13519
664.83977	0.13375
665.08083	0.13226
665.32189	0.13075
665.56295	0.12922
665.80400	0.12767
666.04506	0.12610
666.28612	0.12450
666.52718	0.12288
666.76824	0.12123
667.00930	0.11955
667.25036	0.11784
667.49142	0.11611
667.73247	0.11436
667.97353	0.11260
668.21459	0.11084
668.45565	0.10908
668.69671	0.10733
668.93777	0.10560
669.17883	0.10388
669.41988	0.10217
669.66094	0.10049
669.90200	0.09883
670.14306	0.09719
670.38412	0.09557
670.62518	0.09399
670.86624	0.09244
671.10729	0.09092
671.34835	0.08944
671.58941	0.08799
671.83047	0.08657
672.07153	0.08518
672.31259	0.08380
672.55365	0.08244
672.79471	0.08110
673.03576	0.07977
673.27682	0.07846
673.51788	0.07717
673.75894	0.07590
674.00000	0.07465
674.24106	0.07343
674.48212	0.07222
674.72317	0.07104
674.96423	0.06986
675.20529	0.06869
675.44635	0.06752
675.68741	0.06635
675.92847	0.06516
676.16953	0.06397
676.41059	0.06276
676.65164	0.06155
676.89270	0.06034
677.13376	0.05913
677.37482	0.05793
677.61588	0.05675
677.85694	0.05558
678.09800	0.05444
678.33905	0.05332
678.58011	0.05223
678.82117	0.05116
679.06223	0.05012
679.30329	0.04909
679.54435	0.04808
679.78541	0.04709
680.02647	0.04613
680.26752	0.04518
680.50858	0.04425
680.74964	0.04335
680.99070	0.04248
681.23176	0.04163
681.47282	0.04081
681.71388	0.04001
681.95493	0.03924
682.19599	0.03848
682.43705	0.03775
682.67811	0.03703
682.91917	0.03632
683.16023	0.03562
683.40129	0.03493
683.64234	0.03425
683.88340	0.03359
684.12446	0.03293
684.36552	0.03228
684.60658	0.03165
684.84764	0.03103
685.08870	0.03042
685.32976	0.02983
685.57081	0.02927
685.81187	0.02872
686.05293	0.02820
686.29399	0.02770
686.53505	0.02723
686.77611	0.02678
687.01717	0.02636
687.25822	0.02595
687.49928	0.02557
687.74034	0.02521
687.98140	0.02486
688.22246	0.02452
688.46352	0.02419
688.70458	0.02387
688.94564	0.02355
689.18669	0.02324
689.42775	0.02293
689.66881	0.02262
689.90987	0.02232
690.15093	0.02202
690.39199	0.02173
690.63305	0.02145
690.87410	0.02118
691.11516	0.02092
691.35622	0.02067
691.59728	0.02043
691.83834	0.02019
692.07940	0.01997
692.32046	0.01974
692.56152	0.01952
692.80257	0.01929
693.04363	0.01906
693.28469	0.01882
693.52575	0.01858
693.76681	0.01832
694.00787	0.01806
694.24893	0.01778
694.48998	0.01750
694.73104	0.01720
694.97210	0.01689
695.21316	0.01656
695.45422	0.01621
695.69528	0.01585
695.93634	0.01547
696.17740	0.01507
696.41845	0.01466
696.65951	0.01424
696.90057	0.01381
697.14163	0.01337
697.38269	0.01294
697.62375	0.01251
697.86481	0.01208
698.10586	0.01166
698.34692	0.01125
698.58798	0.01085
698.82904	0.01047
699.07010	0.01009
699.31116	0.00973
699.55222	0.00937
699.79327	0.00903
700.03433	0.00870
700.27539	0.00838
700.51645	0.00807
700.75751	0.00777
700.99857	0.00748
701.23963	0.00721
701.48069	0.00696
701.72174	0.00673
701.96280	0.00653
702.20386	0.00635
702.44492	0.00620
702.68598	0.00607
702.92704	0.00596
703.16810	0.00587
703.40915	0.00580
703.65021	0.00573
703.89127	0.00567
704.13233	0.00560
704.37339	0.00554
704.61445	0.00547
704.85551	0.00541
705.09657	0.00534
705.33762	0.00528
705.57868	0.00523
705.81974	0.00518
706.06080	0.00514
706.30186	0.00511
706.54292	0.00509
706.78398	0.00507
707.02503	0.00507
707.26609	0.00507
707.50715	0.00508
707.74821	0.00510
707.98927	0.00512
708.23033	0.00515
708.47139	0.00517
708.71245	0.00520
708.95350	0.00521
709.19456	0.00522
709.43562	0.00521
709.67668	0.00519
709.91774	0.00516
710.15880	0.00512
710.39986	0.00508
710.64091	0.00503
710.88197	0.00498
711.12303	0.00492
711.36409	0.00487
711.60515	0.00483
711.84621	0.00480
712.08727	0.00478
712.32832	0.00478
712.56938	0.00479
712.81044	0.00482
713.05150	0.00486
713.29256	0.00492
713.53362	0.00498
713.77468	0.00504
714.01574	0.00509
714.25679	0.00513
714.49785	0.00516
714.73891	0.00517
714.97997	0.00516
715.22103	0.00513
715.46209	0.00510
715.70315	0.00506
715.94420	0.00503
716.18526	0.00499
716.42632	0.00496
716.66738	0.00494
716.90844	0.00493
717.14950	0.00492
717.39056	0.00491
717.63162	0.00490
717.87267	0.00489
718.11373	0.00488
718.35479	0.00487
718.59585	0.00486
718.83691	0.00485
719.07797	0.00483
719.31903	0.00482
719.56008	0.00481
719.80114	0.00481
720.04220	0.00481
720.28326	0.00481
720.52432	0.00481
720.76538	0.00482
721.00644	0.00483
721.24750	0.00484
721.48855	0.00485
721.72961	0.00486
721.97067	0.00486
722.21173	0.00486
722.45279	0.00486
722.69385	0.00485
722.93491	0.00483
723.17596	0.00482
723.41702	0.00480
723.65808	0.00478
723.89914	0.00477
724.14020	0.00476
724.38126	0.00475
724.62232	0.00474
724.86337	0.00474
725.10443	0.00474
725.34549	0.00473
725.58655	0.00472
725.82761	0.00471
726.06867	0.00469
726.30973	0.00466
726.55079	0.00463
726.79184	0.00459
727.03290	0.00455
727.27396	0.00452
727.51502	0.00450
727.75608	0.00448
727.99714	0.00449
728.23820	0.00450
728.47925	0.00453
728.72031	0.00456
728.96137	0.00460
729.20243	0.00463
729.44349	0.00465
729.68455	0.00465
729.92561	0.00464
730.16667	0.00461
730.40772	0.00457
730.64878	0.00453
730.88984	0.00447
731.13090	0.00442
731.37196	0.00438
731.61302	0.00435
731.85408	0.00433
732.09513	0.00432
732.33619	0.00432
732.57725	0.00433
732.81831	0.00434
733.05937	0.00435
733.30043	0.00436
733.54149	0.00436
733.78255	0.00435
734.02360	0.00434
734.26466	0.00433
734.50572	0.00432
734.74678	0.00431
734.98784	0.00430
735.22890	0.00429
735.46996	0.00428
735.71101	0.00427
735.95207	0.00426
736.19313	0.00425
736.43419	0.00423
736.67525	0.00421
736.91631	0.00419
737.15737	0.00416
737.39842	0.00414
737.63948	0.00412
737.88054	0.00411
738.12160	0.00411
738.36266	0.00411
738.60372	0.00412
738.84478	0.00413
739.08584	0.00415
739.32689	0.00417
739.56795	0.00418
739.80901	0.00420
740.05007	0.00421
740.29113	0.00422
740.53219	0.00422
740.77325	0.00422
741.01430	0.00422
741.25536	0.00422
741.49642	0.00422
741.73748	0.00421
741.97854	0.00421
742.21960	0.00421
742.46066	0.00420
742.70172	0.00420
742.94277	0.00419
743.18383	0.00419
743.42489	0.00419
743.66595	0.00418
743.90701	0.00418
744.14807	0.00418
744.38913	0.00418
744.63018	0.00418
744.87124	0.00419
745.11230	0.00420
745.35336	0.00421
745.59442	0.00422
745.83548	0.00424
746.07654	0.00427
746.31760	0.00430
746.55865	0.00435
746.79971	0.00441
747.04077	0.00448
747.28183	0.00457
747.52289	0.00467
747.76395	0.00478
748.00501	0.00489
748.24606	0.00501
748.48712	0.00513
748.72818	0.00525
748.96924	0.00535
749.21030	0.00545
749.45136	0.00553
749.69242	0.00561
749.93348	0.00568
750.17453	0.00575
750.41559	0.00582
750.65665	0.00590
750.89771	0.00598
751.13877	0.00607
751.37983	0.00617
751.62089	0.00628
751.86194	0.00640
752.10300	0.00653
752.34406	0.00666
752.58512	0.00680
752.82618	0.00695
753.06724	0.00712
753.30830	0.00729
753.54935	0.00747
753.79041	0.00767
754.03147	0.00788
754.27253	0.00811
754.51359	0.00834
754.75465	0.00857
754.99571	0.00880
755.23677	0.00903
755.47782	0.00926
755.71888	0.00949
755.95994	0.00971
756.20100	0.00993
756.44206	0.01016
756.68312	0.01039
756.92418	0.01063
757.16523	0.01088
757.40629	0.01114
757.64735	0.01141
757.88841	0.01168
758.12947	0.01195
758.37053	0.01223
758.61159	0.01250
758.85265	0.01276
759.09370	0.01301
759.33476	0.01326
759.57582	0.01350
759.81688	0.01374
760.05794	0.01398
760.29900	0.01422
760.54006	0.01445
760.78111	0.01468
761.02217	0.01491
761.26323	0.01513
761.50429	0.01534
761.74535	0.01555
761.98641	0.01574
762.22747	0.01594
762.46853	0.01612
762.70958	0.01631
762.95064	0.01650
763.19170	0.01668
763.43276	0.01687
763.67382	0.01704
763.91488	0.01721
764.15594	0.01737
764.39699	0.01751
764.63805	0.01765
764.87911	0.01777
765.12017	0.01788
765.36123	0.01799
765.60229	0.01809
765.84335	0.01819
766.08440	0.01830
766.32546	0.01840
766.56652	0.01850
766.80758	0.01861
767.04864	0.01871
767.28970	0.01881
767.53076	0.01891
767.77182	0.01900
768.01287	0.01908
768.25393	0.01915
768.49499	0.01922
768.73605	0.01928
768.97711	0.01932
769.21817	0.01937
769.45923	0.01941
769.70028	0.01945
769.94134	0.01951
770.18240	0.01957
770.42346	0.01965
770.66452	0.01975
770.90558	0.01987
771.14664	0.02001
771.38770	0.02017
771.62875	0.02035
771.86981	0.02053
772.11087	0.02073
772.35193	0.02093
772.59299	0.02114
772.83405	0.02135
773.07511	0.02156
773.31616	0.02178
773.55722	0.02201
773.79828	0.02225
774.03934	0.02251
774.28040	0.02280
774.52146	0.02310
774.76252	0.02341
775.00358	0.02375
775.24463	0.02408
775.48569	0.02443
775.72675	0.02476
775.96781	0.02509
776.20887	0.02540
776.44993	0.02569
776.69099	0.02597
776.93204	0.02622
777.17310	0.02645
777.41416	0.02667
777.65522	0.02687
777.89628	0.02706
778.13734	0.02724
778.37840	0.02742
778.61945	0.02759
778.86051	0.02776
779.10157	0.02792
779.34263	0.02807
779.58369	0.02822
779.82475	0.02835
780.06581	0.02848
780.30687	0.02861
780.54792	0.02873
780.78898	0.02885
781.03004	0.02896
781.27110	0.02908
781.51216	0.02920
781.75322	0.02933
781.99428	0.02946
782.23533	0.02959
782.47639	0.02973
782.71745	0.02986
782.95851	0.02998
783.19957	0.03010
783.44063	0.03021
783.68169	0.03030
783.92275	0.03037
784.16380	0.03041
784.40486	0.03043
784.64592	0.03043
784.88698	0.03039
785.12804	0.03033
785.36910	0.03025
785.61016	0.03014
785.85121	0.03001
786.09227	0.02987
786.33333	0.02971
786.57439	0.02954
786.81545	0.02936
787.05651	0.02916
787.29757	0.02895
787.53863	0.02873
787.77968	0.02849
788.02074	0.02824
788.26180	0.02797
788.50286	0.02768
788.74392	0.02738
788.98498	0.02705
789.22604	0.02671
789.46709	0.02636
789.70815	0.02600
789.94921	0.02563
790.19027	0.02527
790.43133	0.02491
790.67239	0.02456
790.91345	0.02423
791.15451	0.02391
791.39556	0.02361
791.63662	0.02334
791.87768	0.02308
792.11874	0.02284
792.35980	0.02262
792.60086	0.02242
792.84192	0.02223
793.08297	0.02207
793.32403	0.02192
793.56509	0.02179
793.80615	0.02168
794.04721	0.02159
794.28827	0.02153
794.52933	0.02149
794.77038	0.02148
795.01144	0.02149
795.25250	0.02152
795.49356	0.02157
795.73462	0.02164
795.97568	0.02173
796.21674	0.02183
796.45780	0.02193
796.69885	0.02204
796.93991	0.02215
797.18097	0.02226
797.42203	0.02235
797.66309	0.02244
797.90415	0.02251
798.14521	0.02257
798.38626	0.02262
798.62732	0.02265
798.86838	0.02267
799.10944	0.02269
799.35050	0.02270
799.59156	0.02271
799.83262	0.02272
800.07368	0.02273
800.31473	0.02274
800.55579	0.02276
800.79685	0.02277
801.03791	0.02279
801.27897	0.02282
801.52003	0.02285
801.76109	0.02289
802.00214	0.02293
802.24320	0.02298
802.48426	0.02304
802.72532	0.02310
802.96638	0.02317
803.20744	0.02324
803.44850	0.02331
803.68956	0.02339
803.93061	0.02346
804.17167	0.02353
804.41273	0.02360
804.65379	0.02367
804.89485	0.02375
805.13591	0.02383
805.37697	0.02392
805.61802	0.02402
805.85908	0.02414
806.10014	0.02427
806.34120	0.02441
806.58226	0.02456
806.82332	0.02471
807.06438	0.02486
807.30543	0.02500
807.54649	0.02514
807.78755	0.02527
808.02861	0.02540
808.26967	0.02551
808.51073	0.02563
808.75179	0.02573
808.99285	0.02584
809.23390	0.02594
809.47496	0.02604
809.71602	0.02614
809.95708	0.02624
810.19814	0.02635
810.43920	0.02647
810.68026	0.02659
810.92131	0.02671
811.16237	0.02685
811.40343	0.02699
811.64449	0.02714
811.88555	0.02729
812.12661	0.02743
812.36767	0.02757
812.60873	0.02769
812.84978	0.02781
813.09084	0.02791
813.33190	0.02800
813.57296	0.02808
813.81402	0.02814
814.05508	0.02820
814.29614	0.02826
814.53719	0.02831
814.77825	0.02837
815.01931	0.02842
815.26037	0.02848
815.50143	0.02855
815.74249	0.02862
815.98355	0.02871
816.22461	0.02880
816.46566	0.02889
816.70672	0.02899
816.94778	0.02908
817.18884	0.02916
817.42990	0.02923
817.67096	0.02929
817.91202	0.02934
818.15307	0.02938
818.39413	0.02941
818.63519	0.02943
818.87625	0.02945
819.11731	0.02947
819.35837	0.02950
819.59943	0.02954
819.84048	0.02959
820.08154	0.02964
820.32260	0.02970
820.56366	0.02977
820.80472	0.02984
821.04578	0.02991
821.28684	0.02997
821.52790	0.03003
821.76895	0.03008
822.01001	0.03012
822.25107	0.03015
822.49213	0.03017
822.73319	0.03018
822.97425	0.03018
823.21531	0.03017
823.45636	0.03016
823.69742	0.03015
823.93848	0.03014
824.17954	0.03014
824.42060	0.03014
824.66166	0.03015
824.90272	0.03015
825.14378	0.03016
825.38483	0.03016
825.62589	0.03015
825.86695	0.03014
826.10801	0.03011
826.34907	0.03008
826.59013	0.03004
826.83119	0.03000
827.07224	0.02996
827.31330	0.02992
827.55436	0.02989
827.79542	0.02987
828.03648	0.02985
828.27754	0.02982
828.51860	0.02980
828.75966	0.02976
829.00071	0.02972
829.24177	0.02966
829.48283	0.02959
829.72389	0.02950
829.96495	0.02941
830.20601	0.02930
830.44707	0.02919
830.68812	0.02907
830.92918	0.02895
831.17024	0.02882
831.41130	0.02869
831.65236	0.02857
831.89342	0.02844
832.13448	0.02832
832.37553	0.02820
832.61659	0.02808
832.85765	0.02796
833.09871	0.02784
833.33977	0.02772
833.58083	0.02758
833.82189	0.02743
834.06295	0.02727
834.30400	0.02709
834.54506	0.02689
834.78612	0.02667
835.02718	0.02644
835.26824	0.02619
835.50930	0.02594
835.75036	0.02569
835.99141	0.02543
836.23247	0.02518
836.47353	0.02493
836.71459	0.02467
836.95565	0.02441
837.19671	0.02413
837.43777	0.02384
837.67883	0.02353
837.91988	0.02320
838.16094	0.02285
838.40200	0.02249
838.64306	0.02211
838.88412	0.02173
839.12518	0.02135
839.36624	0.02098
839.60729	0.02062
839.84835	0.02026
840.08941	0.01992
840.33047	0.01958
840.57153	0.01924
840.81259	0.01891
841.05365	0.01857
841.29471	0.01822
841.53576	0.01787
841.77682	0.01751
842.01788	0.01715
842.25894	0.01679
842.50000	0.01643
842.74106	0.01608
842.98212	0.01574
843.22317	0.01541
843.46423	0.01509
843.70529	0.01479
843.94635	0.01449
844.18741	0.01421
844.42847	0.01393
844.66953	0.01367
844.91059	0.01341
845.15164	0.01316
845.39270	0.01293
845.63376	0.01270
845.87482	0.01249
846.11588	0.01230
846.35694	0.01211
846.59800	0.01195
846.83905	0.01180
847.08011	0.01166
847.32117	0.01153
847.56223	0.01142
847.80329	0.01132
848.04435	0.01124
848.28541	0.01117
848.52646	0.01111
848.76752	0.01108
849.00858	0.01105
849.24964	0.01104
849.49070	0.01104
849.73176	0.01106
849.97282	0.01109
850.21388	0.01112
850.45493	0.01117
850.69599	0.01122
850.93705	0.01128
851.17811	0.01133
851.41917	0.01138
851.66023	0.01142
851.90129	0.01146
852.14234	0.01150
852.38340	0.01153
852.62446	0.01156
852.86552	0.01159
853.10658	0.01162
853.34764	0.01165
853.58870	0.01168
853.82976	0.01172
854.07081	0.01176
854.31187	0.01180
854.55293	0.01184
854.79399	0.01189
855.03505	0.01193
855.27611	0.01198
855.51717	0.01202
855.75822	0.01207
855.99928	0.01212
856.24034	0.01216
856.48140	0.01220
856.72246	0.01223
856.96352	0.01225
857.20458	0.01227
857.44564	0.01227
857.68669	0.01227
857.92775	0.01226
858.16881	0.01225
858.40987	0.01223
858.65093	0.01220
858.89199	0.01217
859.13305	0.01214
859.37410	0.01211
859.61516	0.01208
859.85622	0.01205
860.09728	0.01202
860.33834	0.01199
860.57940	0.01196
860.82046	0.01193
861.06151	0.01189
861.30257	0.01186
861.54363	0.01181
861.78469	0.01175
862.02575	0.01168
862.26681	0.01159
862.50787	0.01148
862.74893	0.01135
862.98998	0.01120
863.23104	0.01103
863.47210	0.01085
863.71316	0.01067
863.95422	0.01048
864.19528	0.01030
864.43634	0.01014
864.67739	0.00998
864.91845	0.00985
865.15951	0.00972
865.40057	0.00960
865.64163	0.00949
865.88269	0.00937
866.12375	0.00924
866.36481	0.00911
866.60586	0.00896
866.84692	0.00881
867.08798	0.00864
867.32904	0.00847
867.57010	0.00829
867.81116	0.00812
868.05222	0.00794
868.29327	0.00777
868.53433	0.00760
868.77539	0.00744
869.01645	0.00728
869.25751	0.00713
869.49857	0.00698
869.73963	0.00684
869.98069	0.00671
870.22174	0.00658
870.46280	0.00647
870.70386	0.00637
870.94492	0.00630
871.18598	0.00626
871.42704	0.00625
871.66810	0.00629
871.90915	0.00635
872.15021	0.00646
872.39127	0.00660
872.63233	0.00677
872.87339	0.00695
873.11445	0.00714
873.35551	0.00734
873.59656	0.00753
873.83762	0.00770
874.07868	0.00786
874.31974	0.00799
874.56080	0.00812
874.80186	0.00822
875.04292	0.00830
875.28398	0.00837
875.52503	0.00842
875.76609	0.00845
876.00715	0.00846
876.24821	0.00846
876.48927	0.00844
876.73033	0.00841
876.97139	0.00838
877.21244	0.00833
877.45350	0.00828
877.69456	0.00823
877.93562	0.00817
878.17668	0.00811
878.41774	0.00805
878.65880	0.00799
878.89986	0.00792
879.14091	0.00784
879.38197	0.00776
879.62303	0.00767
879.86409	0.00757
880.10515	0.00747
880.34621	0.00736
880.58727	0.00725
880.82832	0.00714
881.06938	0.00704
881.31044	0.00693
881.55150	0.00683
881.79256	0.00674
882.03362	0.00665
882.27468	0.00656
882.51574	0.00647
882.75679	0.00638
882.99785	0.00629
883.23891	0.00620
883.47997	0.00610
883.72103	0.00601
883.96209	0.00592
884.20315	0.00582
884.44420	0.00573
884.68526	0.00563
884.92632	0.00554
885.16738	0.00543
885.40844	0.00532
885.64950	0.00519
885.89056	0.00505
886.13161	0.00490
886.37267	0.00473
886.61373	0.00456
886.85479	0.00438
887.09585	0.00421
887.33691	0.00404
887.57797	0.00389
887.81903	0.00376
888.06008	0.00365
888.30114	0.00357
888.54220	0.00351
888.78326	0.00346
889.02432	0.00344
889.26538	0.00341
889.50644	0.00340
889.74749	0.00338
889.98855	0.00336
890.22961	0.00333
890.47067	0.00330
890.71173	0.00326
890.95279	0.00321
891.19385	0.00316
891.43491	0.00311
891.67596	0.00305
891.91702	0.00299
892.15808	0.00293
892.39914	0.00287
892.64020	0.00281
892.88126	0.00275
893.12232	0.00269
893.36337	0.00263
893.60443	0.00258
893.84549	0.00253
894.08655	0.00248
894.32761	0.00245
894.56867	0.00241
894.80973	0.00238
895.05079	0.00235
895.29184	0.00232
895.53290	0.00228
895.77396	0.00224
896.01502	0.00220
896.25608	0.00216
896.49714	0.00212
896.73820	0.00208
896.97925	0.00204
897.22031	0.00201
897.46137	0.00197
897.70243	0.00193
897.94349	0.00189
898.18455	0.00184
898.42561	0.00178
898.66667	0.00171
898.90772	0.00164
899.14878	0.00157
899.38984	0.00151
899.63090	0.00147
