0.00000	0.01206
0.24106	0.01219
0.48212	0.01259
0.72318	0.01322
0.96423	0.01406
1.20529	0.01506
1.44635	0.01619
1.68741	0.01740
1.92847	0.01863
2.16953	0.01982
2.41059	0.02097
2.65165	0.02201
2.89270	0.02285
3.13376	0.02342
3.37482	0.02370
3.61588	0.02372
3.85694	0.02354
4.09800	0.02326
4.33906	0.02299
4.58011	0.02281
4.82117	0.02278
5.06223	0.02289
5.30329	0.02310
5.54435	0.02336
5.78541	0.02357
6.02647	0.02365
6.26753	0.02358
6.50858	0.02334
6.74964	0.02296
6.99070	0.02246
7.23176	0.02192
7.47282	0.02138
7.71388	0.02090
7.95494	0.02049
8.19599	0.02017
8.43705	0.01994
8.67811	0.01979
8.91917	0.01973
9.16023	0.01975
9.40129	0.01987
9.64235	0.02014
9.88340	0.02054
10.12446	0.02118
10.36552	0.02211
10.60658	0.02335
10.84764	0.02492
11.08870	0.02675
11.32976	0.02874
11.57082	0.03073
11.81187	0.03253
12.05293	0.03385
12.29399	0.03451
12.53505	0.03439
12.77611	0.03344
13.01717	0.03175
13.25823	0.02950
13.49928	0.02693
13.74034	0.02409
13.98140	0.02157
14.22246	0.01963
14.46352	0.01845
14.70458	0.01806
14.94564	0.01838
15.18670	0.01924
15.42775	0.02041
15.66881	0.02168
15.90987	0.02280
16.15093	0.02360
16.39199	0.02397
16.63305	0.02391
16.87411	0.02345
17.11516	0.02270
17.35622	0.02178
17.59728	0.02079
17.83834	0.01985
18.07940	0.01904
18.32046	0.01836
18.56152	0.01783
18.80258	0.01738
19.04363	0.01698
19.28469	0.01655
19.52575	0.01598
19.76681	0.01532
20.00787	0.01456
20.24893	0.01368
20.48999	0.01271
20.73104	0.01165
20.97210	0.01055
21.21316	0.00942
21.45422	0.00822
21.69528	0.00703
21.93634	0.00597
22.17740	0.00513
22.41845	0.00459
22.65951	0.00441
22.90057	0.00459
23.14163	0.00511
23.38269	0.00578
23.62375	0.00662
23.86481	0.00759
24.10587	0.00868
24.34692	0.00988
24.58798	0.01116
24.82904	0.01252
25.07010	0.01393
25.31116	0.01549
25.55222	0.01715
25.79328	0.01892
26.03433	0.02077
26.27539	0.02266
26.51645	0.02458
26.75751	0.02650
26.99857	0.02840
27.23963	0.03028
27.48069	0.03213
27.72175	0.03394
27.96280	0.03570
28.20386	0.03740
28.44492	0.03903
28.68598	0.04058
28.92704	0.04206
29.16810	0.04348
29.40916	0.04493
29.65021	0.04652
29.89127	0.04836
30.13233	0.05056
30.37339	0.05318
30.61445	0.05625
30.85551	0.05970
31.09657	0.06346
31.33763	0.06728
31.57868	0.07094
31.81974	0.07424
32.06080	0.07704
32.30186	0.07926
32.54292	0.08091
32.78398	0.08207
33.02504	0.08267
33.26609	0.08309
33.50715	0.08353
33.74821	0.08417
33.98927	0.08514
34.23033	0.08650
34.47139	0.08827
34.71245	0.09041
34.95350	0.09288
35.19456	0.09561
35.43562	0.09860
35.67668	0.10186
35.91774	0.10549
36.15880	0.10965
36.39986	0.11456
36.64092	0.12050
36.88197	0.12771
37.12303	0.13645
37.36409	0.14680
37.60515	0.15870
37.84621	0.17188
38.08727	0.18589
38.32833	0.20010
38.56938	0.21380
38.81044	0.22629
39.05150	0.23693
39.29256	0.24525
39.53362	0.25102
39.77468	0.25425
40.01574	0.25523
40.25680	0.25439
40.49785	0.25231
40.73891	0.24960
40.97997	0.24686
41.22103	0.24456
41.46209	0.24306
41.70315	0.24256
41.94421	0.24314
42.18526	0.24476
42.42632	0.24739
42.66738	0.25095
42.90844	0.25545
43.14950	0.26091
43.39056	0.26738
43.63162	0.27492
43.87268	0.28352
44.11373	0.29304
44.35479	0.30321
44.59585	0.31359
44.83691	0.32360
45.07797	0.33258
45.31903	0.33990
45.56009	0.34502
45.80114	0.34760
46.04220	0.34758
46.28326	0.34513
46.52432	0.34071
46.76538	0.33496
47.00644	0.32859
47.24750	0.32234
47.48855	0.31686
47.72961	0.31261
47.97067	0.30988
48.21173	0.30879
48.45279	0.30930
48.69385	0.31131
48.93491	0.31471
49.17597	0.31946
49.41702	0.32564
49.65808	0.33341
49.89914	0.34306
50.14020	0.35488
50.38126	0.36908
50.62232	0.38574
50.86338	0.40473
51.10443	0.42565
51.34549	0.44784
51.58655	0.47047
51.82761	0.49257
52.06867	0.51322
52.30973	0.53161
52.55079	0.54716
52.79185	0.55960
53.03290	0.56894
53.27396	0.57546
53.51502	0.57962
53.75608	0.58200
53.99714	0.58315
54.23820	0.58355
54.47926	0.58359
54.72031	0.58354
54.96137	0.58362
55.20243	0.58402
55.44349	0.58501
55.68455	0.58699
55.92561	0.59047
56.16667	0.59608
56.40773	0.60448
56.64878	0.61626
56.88984	0.63179
57.13090	0.65115
57.37196	0.67396
57.61302	0.69947
57.85408	0.72652
58.09514	0.75372
58.33619	0.77960
58.57725	0.80287
58.81831	0.82253
59.05937	0.83809
59.30043	0.84954
59.54149	0.85739
59.78255	0.86247
60.02361	0.86575
60.26466	0.86817
60.50572	0.87038
60.74678	0.87270
60.98784	0.87504
61.22890	0.87701
61.46996	0.87808
61.71102	0.87776
61.95207	0.87583
62.19313	0.87246
62.43419	0.86830
62.67525	0.86439
62.91631	0.86206
63.15737	0.86264
63.39843	0.86732
63.63948	0.87682
63.88054	0.89132
64.12160	0.91037
64.36266	0.93296
64.60372	0.95765
64.84478	0.98286
65.08584	1.00702
65.32690	1.02885
65.56795	1.04750
65.80901	1.06256
66.05007	1.07406
66.29113	1.08232
66.53219	1.08778
66.77325	1.09085
67.01431	1.09172
67.25536	1.09037
67.49642	1.08650
67.73748	1.07966
67.97854	1.06940
68.21960	1.05539
68.46066	1.03761
68.70172	1.01643
68.94278	0.99262
69.18383	0.96729
69.42489	0.94181
69.66595	0.91758
69.90701	0.89592
70.14807	0.87787
70.38913	0.86408
70.63019	0.85476
70.87124	0.84976
71.11230	0.84863
71.35336	0.85075
71.59442	0.85552
71.83548	0.86247
72.07654	0.87134
72.31760	0.88208
72.55866	0.89482
72.79971	0.90973
73.04077	0.92686
73.28183	0.94601
73.52289	0.96663
73.76395	0.98780
74.00501	1.00829
74.24607	1.02667
74.48712	1.04149
74.72818	1.05154
74.96924	1.05601
75.21030	1.05463
75.45136	1.04773
75.69242	1.03621
75.93348	1.02145
76.17453	1.00511
76.41559	0.98896
76.65665	0.97468
76.89771	0.96370
77.13877	0.95710
77.37983	0.95556
77.62089	0.95943
77.86195	0.96874
78.10300	0.98338
78.34406	1.00315
78.58512	1.02790
78.82618	1.05758
79.06724	1.09218
79.30830	1.13167
79.54936	1.17592
79.79041	1.22447
80.03147	1.27646
80.27253	1.33051
80.51359	1.38477
80.75465	1.43701
80.99571	1.48482
81.23677	1.52596
81.47783	1.55862
81.71888	1.58168
81.95994	1.59493
82.20100	1.59908
82.44206	1.59565
82.68312	1.58676
82.92418	1.57481
83.16524	1.56210
83.40629	1.55059
83.64735	1.54163
83.88841	1.53596
84.12947	1.53375
84.37053	1.53481
84.61159	1.53885
84.85265	1.54575
85.09371	1.55575
85.33476	1.56957
85.57582	1.58827
85.81688	1.61316
86.05794	1.64542
86.29900	1.68576
86.54006	1.73416
86.78112	1.78965
87.02217	1.85022
87.26323	1.91305
87.50429	1.97476
87.74535	2.03183
87.98641	2.08114
88.22747	2.12033
88.46853	2.14814
88.70958	2.16451
88.95064	2.17052
89.19170	2.16809
89.43276	2.15957
89.67382	2.14736
89.91488	2.13345
90.15594	2.11919
90.39700	2.10520
90.63805	2.09146
90.87911	2.07757
91.12017	2.06310
91.36123	2.04796
91.60229	2.03263
91.84335	2.01835
92.08441	2.00701
92.32546	2.00097
92.56652	2.00265
92.80758	2.01407
93.04864	2.03649
93.28970	2.07006
93.53076	2.11371
93.77182	2.16522
94.01288	2.22154
94.25393	2.27915
94.49499	2.33467
94.73605	2.38524
94.97711	2.42893
95.21817	2.46488
95.45923	2.49324
95.70029	2.51492
95.94134	2.53124
96.18240	2.54342
96.42346	2.55230
96.66452	2.55803
96.90558	2.56006
97.14664	2.55730
97.38770	2.54843
97.62876	2.53231
97.86981	2.50842
98.11087	2.47716
98.35193	2.44002
98.59299	2.39947
98.83405	2.35875
99.07511	2.32144
99.31617	2.29094
99.55722	2.27001
99.79828	2.26042
100.03934	2.26272
100.28040	2.27627
100.52146	2.29944
100.76252	2.32997
101.00358	2.36543
101.24464	2.40358
101.48569	2.44271
101.72675	2.48182
101.96781	2.52053
102.20887	2.55894
102.44993	2.59726
102.69099	2.63548
102.93205	2.67311
103.17310	2.70892
103.41416	2.74102
103.65522	2.76701
103.89628	2.78439
104.13734	2.79094
104.37840	2.78520
104.61946	2.76678
104.86051	2.73657
105.10157	2.69666
105.34263	2.65012
105.58369	2.60058
105.82475	2.55175
106.06581	2.50695
106.30687	2.46869
106.54793	2.43854
106.78898	2.41700
107.03004	2.40378
107.27110	2.39802
107.51216	2.39867
107.75322	2.40489
107.99428	2.41623
108.23534	2.43279
108.47639	2.45511
108.71745	2.48396
108.95851	2.52000
109.19957	2.56345
109.44063	2.61375
109.68169	2.66938
109.92275	2.72789
110.16381	2.78600
110.40486	2.84006
110.64592	2.88641
110.88698	2.92192
111.12804	2.94440
111.36910	2.95294
111.61016	2.94796
111.85122	2.93114
112.09227	2.90511
112.33333	2.87301
112.57439	2.83798
112.81545	2.80277
113.05651	2.76933
113.29757	2.73878
113.53863	2.71142
113.77969	2.68697
114.02074	2.66499
114.26180	2.64524
114.50286	2.62798
114.74392	2.61415
114.98498	2.60531
115.22604	2.60343
115.46710	2.61045
115.70815	2.62785
115.94921	2.65618
116.19027	2.69480
116.43133	2.74179
116.67239	2.79408
116.91345	2.84786
117.15451	2.89912
117.39556	2.94417
117.63662	2.98021
117.87768	3.00565
118.11874	3.02022
118.35980	3.02486
118.60086	3.02137
118.84192	3.01194
119.08298	2.99866
119.32403	2.98311
119.56509	2.96612
119.80615	2.94769
120.04721	2.92721
120.28827	2.90377
120.52933	2.87659
120.77039	2.84545
121.01144	2.81098
121.25250	2.77481
121.49356	2.73943
121.73462	2.70795
121.97568	2.68360
122.21674	2.66922
122.45780	2.66676
122.69886	2.67696
122.93991	2.69916
123.18097	2.73145
123.42203	2.77096
123.66309	2.81433
123.90415	2.85830
124.14521	2.90012
124.38627	2.93796
124.62732	2.97099
124.86838	2.99929
125.10944	3.02355
125.35050	3.04469
125.59156	3.06336
125.83262	3.07967
126.07368	3.09297
126.31474	3.10190
126.55579	3.10463
126.79685	3.09926
127.03791	3.08426
127.27897	3.05892
127.52003	3.02365
127.76109	2.98008
128.00215	2.93097
128.24320	2.87986
128.48426	2.83065
128.72532	2.78702
128.96638	2.75200
129.20744	2.72752
129.44850	2.71425
129.68956	2.71164
129.93061	2.71807
130.17167	2.73132
130.41273	2.74894
130.65379	2.76874
130.89485	2.78913
131.13591	2.80926
131.37697	2.82900
131.61803	2.84877
131.85908	2.86916
132.10014	2.89056
132.34120	2.91284
132.58226	2.93512
132.82332	2.95580
133.06438	2.97267
133.30544	2.98330
133.54649	2.98551
133.78755	2.97771
134.02861	2.95933
134.26967	2.93097
134.51073	2.89436
134.75179	2.85212
134.99285	2.80741
135.23391	2.76343
135.47496	2.72294
135.71602	2.68797
135.95708	2.65957
136.19814	2.63786
136.43920	2.62218
136.68026	2.61140
136.92132	2.60430
137.16237	2.59988
137.40343	2.59768
137.64449	2.59779
137.88555	2.60087
138.12661	2.60789
138.36767	2.61979
138.60873	2.63720
138.84979	2.66009
139.09084	2.68760
139.33190	2.71801
139.57296	2.74893
139.81402	2.77757
140.05508	2.80118
140.29614	2.81746
140.53720	2.82490
140.77825	2.82300
141.01931	2.81233
141.26037	2.79435
141.50143	2.77113
141.74249	2.74493
141.98355	2.71788
142.22461	2.69156
142.46566	2.66690
142.70672	2.64415
142.94778	2.62299
143.18884	2.60288
143.42990	2.58331
143.67096	2.56413
143.91202	2.54577
144.15308	2.52927
144.39413	2.51619
144.63519	2.50836
144.87625	2.50752
145.11731	2.51495
145.35837	2.53118
145.59943	2.55575
145.84049	2.58720
146.08154	2.62326
146.32260	2.66111
146.56366	2.69779
146.80472	2.73065
147.04578	2.75772
147.28684	2.77791
147.52790	2.79111
147.76896	2.79806
148.01001	2.80006
148.25107	2.79864
148.49213	2.79516
148.73319	2.79051
148.97425	2.78494
149.21531	2.77806
149.45637	2.76899
149.69742	2.75667
149.93848	2.74022
150.17954	2.71924
150.42060	2.69410
150.66166	2.66597
150.90272	2.63679
151.14378	2.60897
151.38484	2.58502
151.62589	2.56717
151.86695	2.55697
152.10801	2.55505
152.34907	2.56099
152.59013	2.57345
152.83119	2.59042
153.07225	2.60955
153.31330	2.62858
153.55436	2.64570
153.79542	2.65979
154.03648	2.67055
154.27754	2.67838
154.51860	2.68416
154.75966	2.68896
155.00072	2.69366
155.24177	2.69870
155.48283	2.70387
155.72389	2.70832
155.96495	2.71072
156.20601	2.70952
156.44707	2.70334
156.68813	2.69127
156.92918	2.67318
157.17024	2.64978
157.41130	2.62265
157.65236	2.59397
157.89342	2.56620
158.13448	2.54171
158.37554	2.52239
158.61659	2.50941
158.85765	2.50306
159.09871	2.50282
159.33977	2.50750
159.58083	2.51559
159.82189	2.52552
160.06295	2.53601
160.30401	2.54625
160.54506	2.55601
160.78612	2.56556
161.02718	2.57554
161.26824	2.58666
161.50930	2.59951
161.75036	2.61426
161.99142	2.63059
162.23247	2.64760
162.47353	2.66401
162.71459	2.67830
162.95565	2.68902
163.19671	2.69506
163.43777	2.69592
163.67883	2.69179
163.91989	2.68358
164.16094	2.67279
164.40200	2.66123
164.64306	2.65075
164.88412	2.64287
165.12518	2.63857
165.36624	2.63814
165.60730	2.64121
165.84835	2.64685
166.08941	2.65391
166.33047	2.66125
166.57153	2.66809
166.81259	2.67417
167.05365	2.67983
167.29471	2.68595
167.53577	2.69364
167.77682	2.70402
168.01788	2.71788
168.25894	2.73536
168.50000	2.75588
168.74106	2.77812
168.98212	2.80019
169.22318	2.81995
169.46423	2.83536
169.70529	2.84487
169.94635	2.84764
170.18741	2.84375
170.42847	2.83415
170.66953	2.82045
170.91059	2.80470
171.15164	2.78894
171.39270	2.77493
171.63376	2.76380
171.87482	2.75597
172.11588	2.75109
172.35694	2.74824
172.59800	2.74616
172.83906	2.74363
173.08011	2.73973
173.32117	2.73407
173.56223	2.72696
173.80329	2.71931
174.04435	2.71243
174.28541	2.70781
174.52647	2.70674
174.76752	2.70999
175.00858	2.71762
175.24964	2.72893
175.49070	2.74250
175.73176	2.75646
175.97282	2.76878
176.21388	2.77768
176.45494	2.78187
176.69599	2.78083
176.93705	2.77482
177.17811	2.76480
177.41917	2.75221
177.66023	2.73866
177.90129	2.72560
178.14235	2.71402
178.38340	2.70436
178.62446	2.69643
178.86552	2.68955
179.10658	2.68277
179.34764	2.67517
179.58870	2.66611
179.82976	2.65545
180.07082	2.64364
180.31187	2.63167
180.55293	2.62088
180.79399	2.61275
181.03505	2.60852
181.27611	2.60901
181.51717	2.61438
181.75823	2.62407
181.99928	2.63691
182.24034	2.65131
182.48140	2.66552
182.72246	2.67794
182.96352	2.68740
183.20458	2.69334
183.44564	2.69583
183.68669	2.69555
183.92775	2.69353
184.16881	2.69097
184.40987	2.68892
184.65093	2.68807
184.89199	2.68864
185.13305	2.69031
185.37411	2.69237
185.61516	2.69391
185.85622	2.69403
186.09728	2.69215
186.33834	2.68812
186.57940	2.68237
186.82046	2.67582
187.06152	2.66979
187.30257	2.66569
187.54363	2.66481
187.78469	2.66800
188.02575	2.67554
188.26681	2.68704
188.50787	2.70149
188.74893	2.71747
188.98999	2.73339
189.23104	2.74779
189.47210	2.75962
189.71316	2.76837
189.95422	2.77417
190.19528	2.77769
190.43634	2.77994
190.67740	2.78203
190.91845	2.78488
191.15951	2.78899
191.40057	2.79428
191.64163	2.80015
191.88269	2.80554
192.12375	2.80920
192.36481	2.80995
192.60587	2.80697
192.84692	2.80000
193.08798	2.78950
193.32904	2.77652
193.57010	2.76262
193.81116	2.74961
194.05222	2.73919
194.29328	2.73268
194.53433	2.73082
194.77539	2.73361
195.01645	2.74036
195.25751	2.74985
195.49857	2.76058
195.73963	2.77104
195.98069	2.78003
196.22174	2.78680
196.46280	2.79121
196.70386	2.79367
196.94492	2.79499
197.18598	2.79611
197.42704	2.79791
197.66810	2.80092
197.90916	2.80519
198.15021	2.81029
198.39127	2.81530
198.63233	2.81911
198.87339	2.82061
199.11445	2.81893
199.35551	2.81373
199.59657	2.80521
199.83762	2.79421
200.07868	2.78202
200.31974	2.77020
200.56080	2.76029
200.80186	2.75357
201.04292	2.75081
201.28398	2.75222
201.52504	2.75737
201.76609	2.76537
202.00715	2.77508
202.24821	2.78528
202.48927	2.79502
202.73033	2.80370
202.97139	2.81121
203.21245	2.81791
203.45350	2.82448
203.69456	2.83170
203.93562	2.84026
204.17668	2.85051
204.41774	2.86230
204.65880	2.87499
204.89986	2.88748
205.14092	2.89838
205.38197	2.90632
205.62303	2.91013
205.86409	2.90913
206.10515	2.90328
206.34621	2.89318
206.58727	2.88005
206.82833	2.86543
207.06938	2.85101
207.31044	2.83831
207.55150	2.82839
207.79256	2.82179
208.03362	2.81839
208.27468	2.81757
208.51574	2.81834
208.75680	2.81965
208.99785	2.82059
209.23891	2.82063
209.47997	2.81972
209.72103	2.81829
209.96209	2.81713
210.20315	2.81719
210.44421	2.81928
210.68526	2.82391
210.92632	2.83106
211.16738	2.84015
211.40844	2.85008
211.64950	2.85943
211.89056	2.86667
212.13162	2.87048
212.37267	2.86997
212.61373	2.86484
212.85479	2.85541
213.09585	2.84260
213.33691	2.82768
213.57797	2.81207
213.81903	2.79708
214.06009	2.78367
214.30114	2.77231
214.54220	2.76297
214.78326	2.75521
215.02432	2.74832
215.26538	2.74155
215.50644	2.73435
215.74750	2.72654
215.98855	2.71838
216.22961	2.71054
216.47067	2.70402
216.71173	2.69992
216.95279	2.69919
217.19385	2.70242
217.43491	2.70969
217.67597	2.72047
217.91702	2.73367
218.15808	2.74782
218.39914	2.76130
218.64020	2.77259
218.88126	2.78052
219.12232	2.78448
219.36338	2.78444
219.60443	2.78098
219.84549	2.77504
220.08655	2.76780
220.32761	2.76035
220.56867	2.75348
220.80973	2.74758
221.05079	2.74255
221.29185	2.73789
221.53290	2.73286
221.77396	2.72669
222.01502	2.71884
222.25608	2.70917
222.49714	2.69801
222.73820	2.68618
222.97926	2.67489
223.22031	2.66548
223.46137	2.65923
223.70243	2.65710
223.94349	2.65954
224.18455	2.66642
224.42561	2.67701
224.66667	2.69014
224.90772	2.70441
225.14878	2.71837
225.38984	2.73084
225.63090	2.74102
225.87196	2.74863
226.11302	2.75387
226.35408	2.75730
226.59514	2.75969
226.83619	2.76177
227.07725	2.76403
227.31831	2.76659
227.55937	2.76917
227.80043	2.77110
228.04149	2.77149
228.28255	2.76944
228.52360	2.76425
228.76466	2.75565
229.00572	2.74387
229.24678	2.72969
229.48784	2.71433
229.72890	2.69929
229.96996	2.68607
230.21102	2.67594
230.45207	2.66974
230.69313	2.66772
230.93419	2.66955
231.17525	2.67441
231.41631	2.68116
231.65737	2.68858
231.89843	2.69561
232.13948	2.70151
232.38054	2.70599
232.62160	2.70918
232.86266	2.71155
233.10372	2.71367
233.34478	2.71610
233.58584	2.71910
233.82690	2.72257
234.06795	2.72601
234.30901	2.72853
234.55007	2.72909
234.79113	2.72662
235.03219	2.72032
235.27325	2.70978
235.51431	2.69516
235.75536	2.67711
235.99642	2.65680
236.23748	2.63566
236.47854	2.61519
236.71960	2.59678
236.96066	2.58142
237.20172	2.56969
237.44277	2.56161
237.68383	2.55681
237.92489	2.55457
238.16595	2.55406
238.40701	2.55450
238.64807	2.55535
238.88913	2.55635
239.13019	2.55758
239.37124	2.55939
239.61230	2.56223
239.85336	2.56652
240.09442	2.57246
240.33548	2.57995
240.57654	2.58847
240.81760	2.59720
241.05865	2.60507
241.29971	2.61096
241.54077	2.61392
241.78183	2.61332
242.02289	2.60896
242.26395	2.60115
242.50501	2.59061
242.74607	2.57836
242.98712	2.56551
243.22818	2.55312
243.46924	2.54196
243.71030	2.53247
243.95136	2.52468
244.19242	2.51834
244.43348	2.51299
244.67453	2.50815
244.91559	2.50345
245.15665	2.49879
245.39771	2.49438
245.63877	2.49072
245.87983	2.48847
246.12089	2.48837
246.36195	2.49102
246.60300	2.49676
246.84406	2.50551
247.08512	2.51679
247.32618	2.52972
247.56724	2.54314
247.80830	2.55578
248.04936	2.56645
248.29041	2.57421
248.53147	2.57848
248.77253	2.57915
249.01359	2.57650
249.25465	2.57115
249.49571	2.56389
249.73677	2.55551
249.97783	2.54668
250.21888	2.53778
250.45994	2.52893
250.70100	2.51996
250.94206	2.51053
251.18312	2.50027
251.42418	2.48893
251.66524	2.47650
251.90629	2.46326
252.14735	2.44981
252.38841	2.43701
252.62947	2.42581
252.87053	2.41710
253.11159	2.41156
253.35265	2.40948
253.59370	2.41074
253.83476	2.41479
254.07582	2.42072
254.31688	2.42740
254.55794	2.43369
254.79900	2.43859
255.04006	2.44137
255.28112	2.44170
255.52217	2.43962
255.76323	2.43547
256.00429	2.42983
256.24535	2.42327
256.48641	2.41630
256.72747	2.40920
256.96853	2.40198
257.20958	2.39444
257.45064	2.38618
257.69170	2.37676
257.93276	2.36587
258.17382	2.35337
258.41488	2.33946
258.65594	2.32464
258.89700	2.30964
259.13805	2.29540
259.37911	2.28284
259.62017	2.27276
259.86123	2.26571
260.10229	2.26189
260.34335	2.26115
260.58441	2.26301
260.82546	2.26679
261.06652	2.27170
261.30758	2.27699
261.54864	2.28207
261.78970	2.28657
262.03076	2.29035
262.27182	2.29348
262.51288	2.29612
262.75393	2.29847
262.99499	2.30060
263.23605	2.30245
263.47711	2.30374
263.71817	2.30403
263.95923	2.30280
264.20029	2.29956
264.44134	2.29394
264.68240	2.28585
264.92346	2.27546
265.16452	2.26329
265.40558	2.25008
265.64664	2.23672
265.88770	2.22414
266.12875	2.21312
266.36981	2.20425
266.61087	2.19779
266.85193	2.19368
267.09299	2.19161
267.33405	2.19109
267.57511	2.19155
267.81617	2.19246
268.05722	2.19344
268.29828	2.19429
268.53934	2.19503
268.78040	2.19583
269.02146	2.19694
269.26252	2.19860
269.50358	2.20090
269.74463	2.20376
269.98569	2.20687
270.22675	2.20970
270.46781	2.21159
270.70887	2.21185
270.94993	2.20987
271.19099	2.20526
271.43205	2.19791
271.67310	2.18804
271.91416	2.17616
272.15522	2.16299
272.39628	2.14934
272.63734	2.13600
272.87840	2.12360
273.11946	2.11253
273.36051	2.10292
273.60157	2.09466
273.84263	2.08748
274.08369	2.08104
274.32475	2.07505
274.56581	2.06933
274.80687	2.06389
275.04793	2.05891
275.28898	2.05471
275.53004	2.05164
275.77110	2.05002
276.01216	2.05001
276.25322	2.05157
276.49428	2.05440
276.73534	2.05800
276.97639	2.06170
277.21745	2.06477
277.45851	2.06654
277.69957	2.06650
277.94063	2.06439
278.18169	2.06019
278.42275	2.05418
278.66380	2.04680
278.90486	2.03862
279.14592	2.03021
279.38698	2.02201
279.62804	2.01431
279.86910	2.00720
280.11016	2.00059
280.35122	1.99427
280.59227	1.98799
280.83333	1.98159
281.07439	1.97503
281.31545	1.96849
281.55651	1.96232
281.79757	1.95703
282.03863	1.95319
282.27968	1.95134
282.52074	1.95183
282.76180	1.95483
283.00286	1.96017
283.24392	1.96744
283.48498	1.97601
283.72604	1.98509
283.96710	1.99390
284.20815	2.00174
284.44921	2.00812
284.69027	2.01279
284.93133	2.01576
285.17239	2.01724
285.41345	2.01757
285.65451	2.01713
285.89556	2.01623
286.13662	2.01504
286.37768	2.01357
286.61874	2.01165
286.85980	2.00903
287.10086	2.00541
287.34192	2.00058
287.58298	1.99448
287.82403	1.98727
288.06509	1.97929
288.30615	1.97110
288.54721	1.96333
288.78827	1.95665
289.02933	1.95161
289.27039	1.94858
289.51144	1.94769
289.75250	1.94881
289.99356	1.95158
290.23462	1.95549
290.47568	1.95994
290.71674	1.96438
290.95780	1.96834
291.19885	1.97154
291.43991	1.97385
291.68097	1.97532
291.92203	1.97608
292.16309	1.97630
292.40415	1.97608
292.64521	1.97545
292.88627	1.97426
293.12732	1.97226
293.36838	1.96912
293.60944	1.96452
293.85050	1.95822
294.09156	1.95014
294.33262	1.94044
294.57368	1.92950
294.81473	1.91789
295.05579	1.90630
295.29685	1.89545
295.53791	1.88597
295.77897	1.87832
296.02003	1.87272
296.26109	1.86915
296.50215	1.86737
296.74320	1.86700
296.98426	1.86760
297.22532	1.86877
297.46638	1.87021
297.70744	1.87179
297.94850	1.87352
298.18956	1.87556
298.43061	1.87809
298.67167	1.88131
298.91273	1.88528
299.15379	1.88995
299.39485	1.89506
299.63591	1.90019
299.87697	1.90483
300.11803	1.90841
300.35908	1.91045
300.60014	1.91059
300.84120	1.90872
301.08226	1.90496
301.32332	1.89967
301.56438	1.89343
301.80544	1.88687
302.04649	1.88066
302.28755	1.87538
302.52861	1.87141
302.76967	1.86894
303.01073	1.86794
303.25179	1.86819
303.49285	1.86939
303.73391	1.87120
303.97496	1.87337
304.21602	1.87575
304.45708	1.87837
304.69814	1.88137
304.93920	1.88500
305.18026	1.88951
305.42132	1.89509
305.66237	1.90178
305.90343	1.90945
306.14449	1.91776
306.38555	1.92623
306.62661	1.93428
306.86767	1.94133
307.10873	1.94691
307.34978	1.95072
307.59084	1.95267
307.83190	1.95289
308.07296	1.95170
308.31402	1.94953
308.55508	1.94683
308.79614	1.94401
309.03720	1.94135
309.27825	1.93900
309.51931	1.93694
309.76037	1.93507
310.00143	1.93321
310.24249	1.93122
310.48355	1.92906
310.72461	1.92678
310.96566	1.92460
311.20672	1.92283
311.44778	1.92183
311.68884	1.92198
311.92990	1.92354
312.17096	1.92665
312.41202	1.93122
312.65308	1.93699
312.89413	1.94352
313.13519	1.95025
313.37625	1.95656
313.61731	1.96193
313.85837	1.96593
314.09943	1.96832
314.34049	1.96909
314.58154	1.96840
314.82260	1.96655
315.06366	1.96391
315.30472	1.96080
315.54578	1.95749
315.78684	1.95409
316.02790	1.95058
316.26896	1.94683
316.51001	1.94266
316.75107	1.93792
316.99213	1.93256
317.23319	1.92669
317.47425	1.92059
317.71531	1.91466
317.95637	1.90940
318.19742	1.90534
318.43848	1.90287
318.67954	1.90225
318.92060	1.90352
319.16166	1.90651
319.40272	1.91086
319.64378	1.91607
319.88483	1.92160
320.12589	1.92697
320.36695	1.93176
320.60801	1.93575
320.84907	1.93885
321.09013	1.94112
321.33119	1.94270
321.57225	1.94379
321.81330	1.94453
322.05436	1.94498
322.29542	1.94510
322.53648	1.94475
322.77754	1.94370
323.01860	1.94171
323.25966	1.93858
323.50071	1.93423
323.74177	1.92873
323.98283	1.92234
324.22389	1.91547
324.46495	1.90863
324.70601	1.90238
324.94707	1.89724
325.18813	1.89358
325.42918	1.89161
325.67024	1.89131
325.91130	1.89248
326.15236	1.89477
326.39342	1.89777
326.63448	1.90107
326.87554	1.90433
327.11659	1.90735
327.35765	1.91008
327.59871	1.91258
327.83977	1.91498
328.08083	1.91741
328.32189	1.91994
328.56295	1.92250
328.80401	1.92490
329.04506	1.92684
329.28612	1.92792
329.52718	1.92776
329.76824	1.92603
330.00930	1.92258
330.25036	1.91742
330.49142	1.91079
330.73247	1.90308
330.97353	1.89482
331.21459	1.88658
331.45565	1.87886
331.69671	1.87206
331.93777	1.86640
332.17883	1.86194
332.41988	1.85854
332.66094	1.85597
332.90200	1.85394
333.14306	1.85217
333.38412	1.85047
333.62518	1.84876
333.86624	1.84708
334.10730	1.84556
334.34835	1.84440
334.58941	1.84375
334.83047	1.84373
335.07153	1.84431
335.31259	1.84533
335.55365	1.84648
335.79471	1.84738
336.03576	1.84758
336.27682	1.84670
336.51788	1.84444
336.75894	1.84069
337.00000	1.83552
337.24106	1.82918
337.48212	1.82206
337.72318	1.81462
337.96423	1.80730
338.20529	1.80049
338.44635	1.79441
338.68741	1.78913
338.92847	1.78456
339.16953	1.78050
339.41059	1.77668
339.65164	1.77286
339.89270	1.76888
340.13376	1.76470
340.37482	1.76040
340.61588	1.75620
340.85694	1.75238
341.09800	1.74923
341.33906	1.74696
341.58011	1.74570
341.82117	1.74539
342.06223	1.74586
342.30329	1.74677
342.54435	1.74775
342.78541	1.74839
343.02647	1.74835
343.26752	1.74741
343.50858	1.74547
343.74964	1.74259
343.99070	1.73895
344.23176	1.73478
344.47282	1.73034
344.71388	1.72585
344.95493	1.72144
345.19599	1.71714
345.43705	1.71289
345.67811	1.70856
345.91917	1.70399
346.16023	1.69908
346.40129	1.69378
346.64235	1.68815
346.88340	1.68233
347.12446	1.67657
347.36552	1.67112
347.60658	1.66626
347.84764	1.66216
348.08870	1.65893
348.32976	1.65650
348.57081	1.65473
348.81187	1.65333
349.05293	1.65201
349.29399	1.65046
349.53505	1.64841
349.77611	1.64570
350.01717	1.64231
350.25823	1.63828
350.49928	1.63377
350.74034	1.62896
350.98140	1.62405
351.22246	1.61914
351.46352	1.61430
351.70458	1.60946
351.94564	1.60451
352.18669	1.59926
352.42775	1.59356
352.66881	1.58729
352.90987	1.58043
353.15093	1.57307
353.39199	1.56542
353.63305	1.55778
353.87411	1.55048
354.11516	1.54384
354.35622	1.53813
354.59728	1.53348
354.83834	1.52993
355.07940	1.52735
355.32046	1.52554
355.56152	1.52421
355.80257	1.52308
356.04363	1.52187
356.28469	1.52041
356.52575	1.51861
356.76681	1.51647
357.00787	1.51407
357.24893	1.51153
357.48999	1.50899
357.73104	1.50651
357.97210	1.50412
358.21316	1.50174
358.45422	1.49923
358.69528	1.49638
358.93634	1.49297
359.17740	1.48882
359.41845	1.48381
359.65951	1.47794
359.90057	1.47132
360.14163	1.46416
360.38269	1.45676
360.62375	1.44944
360.86481	1.44250
361.10586	1.43616
361.34692	1.43056
361.58798	1.42569
361.82904	1.42146
362.07010	1.41768
362.31116	1.41413
362.55222	1.41060
362.79328	1.40693
363.03433	1.40304
363.27539	1.39892
363.51645	1.39464
363.75751	1.39031
363.99857	1.38603
364.23963	1.38188
364.48069	1.37785
364.72174	1.37388
364.96280	1.36981
365.20386	1.36545
365.44492	1.36057
365.68598	1.35500
365.92704	1.34861
366.16810	1.34137
366.40916	1.33332
366.65021	1.32462
366.89127	1.31545
367.13233	1.30605
367.37339	1.29662
367.61445	1.28730
367.85551	1.27818
368.09657	1.26925
368.33762	1.26044
368.57868	1.25165
368.81974	1.24274
369.06080	1.23360
369.30186	1.22416
369.54292	1.21441
369.78398	1.20439
370.02504	1.19417
370.26609	1.18385
370.50715	1.17350
370.74821	1.16318
370.98927	1.15286
371.23033	1.14250
371.47139	1.13195
371.71245	1.12106
371.95350	1.10967
372.19456	1.09763
372.43562	1.08484
372.67668	1.07126
372.91774	1.05693
373.15880	1.04193
373.39986	1.02641
373.64091	1.01054
373.88197	0.99447
374.12303	0.97833
374.36409	0.96218
374.60515	0.94609
374.84621	0.93005
375.08727	0.91402
375.32833	0.89796
375.56938	0.88184
375.81044	0.86567
376.05150	0.84949
376.29256	0.83335
376.53362	0.81743
376.77468	0.80188
377.01574	0.78685
377.25679	0.77248
377.49785	0.75887
377.73891	0.74607
377.97997	0.73407
378.22103	0.72281
378.46209	0.71229
378.70315	0.70247
378.94421	0.69331
379.18526	0.68482
379.42632	0.67704
379.66738	0.67006
379.90844	0.66397
380.14950	0.65888
380.39056	0.65496
380.63162	0.65230
380.87267	0.65096
381.11373	0.65096
381.35479	0.65225
381.59585	0.65478
381.83691	0.65843
382.07797	0.66311
382.31903	0.66874
382.56009	0.67527
382.80114	0.68268
383.04220	0.69099
383.28326	0.70023
383.52432	0.71042
383.76538	0.72158
384.00644	0.73360
384.24750	0.74645
384.48855	0.76000
384.72961	0.77407
384.97067	0.78848
385.21173	0.80303
385.45279	0.81755
385.69385	0.83190
385.93491	0.84596
386.17596	0.85972
386.41702	0.87320
386.65808	0.88640
386.89914	0.89933
387.14020	0.91199
387.38126	0.92437
387.62232	0.93641
387.86338	0.94804
388.10443	0.95920
388.34549	0.96985
388.58655	0.97996
388.82761	0.98956
389.06867	0.99872
389.30973	1.00757
389.55079	1.01626
389.79184	1.02496
390.03290	1.03383
390.27396	1.04300
390.51502	1.05255
390.75608	1.06249
390.99714	1.07278
391.23820	1.08333
391.47926	1.09401
391.72031	1.10469
391.96137	1.11524
392.20243	1.12558
392.44349	1.13568
392.68455	1.14552
392.92561	1.15514
393.16667	1.16458
393.40772	1.17389
393.64878	1.18308
393.88984	1.19214
394.13090	1.20104
394.37196	1.20969
394.61302	1.21801
394.85408	1.22593
395.09514	1.23339
395.33619	1.24038
395.57725	1.24695
395.81831	1.25320
396.05937	1.25928
396.30043	1.26533
396.54149	1.27151
396.78255	1.27795
397.02360	1.28473
397.26466	1.29186
397.50572	1.29930
397.74678	1.30696
397.98784	1.31473
398.22890	1.32249
398.46996	1.33014
398.71102	1.33762
398.95207	1.34491
399.19313	1.35203
399.43419	1.35903
399.67525	1.36597
399.91631	1.37289
400.15737	1.37981
400.39843	1.38668
400.63948	1.39341
400.88054	1.39986
401.12160	1.40588
401.36266	1.41129
401.60372	1.41597
401.84478	1.41985
402.08584	1.42292
402.32689	1.42524
402.56795	1.42695
402.80901	1.42823
403.05007	1.42929
403.29113	1.43029
403.53219	1.43138
403.77325	1.43265
404.01431	1.43411
404.25536	1.43572
404.49642	1.43740
404.73748	1.43905
404.97854	1.44059
405.21960	1.44197
405.46066	1.44319
405.70172	1.44430
405.94277	1.44539
406.18383	1.44655
406.42489	1.44789
406.66595	1.44944
406.90701	1.45123
407.14807	1.45317
407.38913	1.45516
407.63019	1.45703
407.87124	1.45860
408.11230	1.45971
408.35336	1.46024
408.59442	1.46014
408.83548	1.45942
409.07654	1.45818
409.31760	1.45654
409.55865	1.45468
409.79971	1.45275
410.04077	1.45088
410.28183	1.44915
410.52289	1.44759
410.76395	1.44614
411.00501	1.44476
411.24607	1.44335
411.48712	1.44184
411.72818	1.44020
411.96924	1.43844
412.21030	1.43662
412.45136	1.43482
412.69242	1.43315
412.93348	1.43171
413.17453	1.43055
413.41559	1.42967
413.65665	1.42901
413.89771	1.42846
414.13877	1.42787
414.37983	1.42708
414.62089	1.42595
414.86194	1.42438
415.10300	1.42232
415.34406	1.41979
415.58512	1.41685
415.82618	1.41360
416.06724	1.41016
416.30830	1.40660
416.54936	1.40300
416.79041	1.39937
417.03147	1.39568
417.27253	1.39186
417.51359	1.38784
417.75465	1.38355
417.99571	1.37895
418.23677	1.37403
418.47782	1.36885
418.71888	1.36350
418.95994	1.35809
419.20100	1.35278
419.44206	1.34769
419.68312	1.34290
419.92418	1.33845
420.16524	1.33433
420.40629	1.33046
420.64735	1.32673
420.88841	1.32297
421.12947	1.31905
421.37053	1.31484
421.61159	1.31025
421.85265	1.30524
422.09370	1.29982
422.33476	1.29403
422.57582	1.28793
422.81688	1.28158
423.05794	1.27503
423.29900	1.26829
423.54006	1.26132
423.78112	1.25408
424.02217	1.24647
424.26323	1.23841
424.50429	1.22984
424.74535	1.22071
424.98641	1.21104
425.22747	1.20087
425.46853	1.19030
425.70958	1.17943
425.95064	1.16840
426.19170	1.15734
426.43276	1.14635
426.67382	1.13552
426.91488	1.12490
427.15594	1.11454
427.39699	1.10444
427.63805	1.09461
427.87911	1.08503
428.12017	1.07572
428.36123	1.06668
428.60229	1.05790
428.84335	1.04940
429.08441	1.04117
429.32546	1.03320
429.56652	1.02544
429.80758	1.01784
430.04864	1.01033
430.28970	1.00281
430.53076	0.99521
430.77182	0.98742
431.01287	0.97939
431.25393	0.97108
431.49499	0.96247
431.73605	0.95359
431.97711	0.94449
432.21817	0.93523
432.45923	0.92589
432.70029	0.91655
432.94134	0.90726
433.18240	0.89807
433.42346	0.88901
433.66452	0.88009
433.90558	0.87129
434.14664	0.86262
434.38770	0.85409
434.62875	0.84574
434.86981	0.83764
435.11087	0.82985
435.35193	0.82246
435.59299	0.81558
435.83405	0.80928
436.07511	0.80363
436.31617	0.79867
436.55722	0.79444
436.79828	0.79092
437.03934	0.78811
437.28040	0.78597
437.52146	0.78449
437.76252	0.78369
438.00358	0.78357
438.24463	0.78419
438.48569	0.78560
438.72675	0.78787
438.96781	0.79104
439.20887	0.79515
439.44993	0.80019
439.69099	0.80612
439.93204	0.81285
440.17310	0.82029
440.41416	0.82830
440.65522	0.83677
440.89628	0.84556
441.13734	0.85455
441.37840	0.86365
441.61946	0.87280
441.86051	0.88190
442.10157	0.89097
442.34263	0.89997
442.58369	0.90886
442.82475	0.91760
443.06581	0.92612
443.30687	0.93431
443.54792	0.94209
443.78898	0.94932
444.03004	0.95594
444.27110	0.96188
444.51216	0.96708
444.75322	0.97155
444.99428	0.97533
445.23534	0.97847
445.47639	0.98105
445.71745	0.98315
445.95851	0.98487
446.19957	0.98625
446.44063	0.98735
446.68169	0.98817
446.92275	0.98873
447.16380	0.98902
447.40486	0.98906
447.64592	0.98885
447.88698	0.98844
448.12804	0.98789
448.36910	0.98726
448.61016	0.98663
448.85122	0.98609
449.09227	0.98568
449.33333	0.98543
449.57439	0.98535
449.81545	0.98540
450.05651	0.98552
450.29757	0.98562
450.53863	0.98562
450.77968	0.98544
451.02074	0.98503
451.26180	0.98434
451.50286	0.98339
451.74392	0.98221
451.98498	0.98084
452.22604	0.97936
452.46710	0.97781
452.70815	0.97623
452.94921	0.97463
453.19027	0.97300
453.43133	0.97129
453.67239	0.96947
453.91345	0.96749
454.15451	0.96531
454.39556	0.96293
454.63662	0.96039
454.87768	0.95772
455.11874	0.95501
455.35980	0.95233
455.60086	0.94975
455.84192	0.94733
456.08297	0.94510
456.32403	0.94304
456.56509	0.94114
456.80615	0.93936
457.04721	0.93765
457.28827	0.93596
457.52933	0.93427
457.77039	0.93256
458.01144	0.93082
458.25250	0.92907
458.49356	0.92731
458.73462	0.92553
458.97568	0.92375
459.21674	0.92193
459.45780	0.92004
459.69885	0.91805
459.93991	0.91591
460.18097	0.91359
460.42203	0.91105
460.66309	0.90831
460.90415	0.90537
461.14521	0.90228
461.38627	0.89909
461.62732	0.89589
461.86838	0.89274
462.10944	0.88972
462.35050	0.88688
462.59156	0.88425
462.83262	0.88183
463.07368	0.87959
463.31473	0.87750
463.55579	0.87549
463.79685	0.87349
464.03791	0.87146
464.27897	0.86935
464.52003	0.86713
464.76109	0.86480
465.00215	0.86237
465.24320	0.85986
465.48426	0.85729
465.72532	0.85469
465.96638	0.85205
466.20744	0.84938
466.44850	0.84667
466.68956	0.84392
466.93061	0.84109
467.17167	0.83821
467.41273	0.83526
467.65379	0.83229
467.89485	0.82932
468.13591	0.82641
468.37697	0.82360
468.61802	0.82094
468.85908	0.81846
469.10014	0.81617
469.34120	0.81405
469.58226	0.81210
469.82332	0.81028
470.06438	0.80854
470.30544	0.80685
470.54649	0.80518
470.78755	0.80352
471.02861	0.80187
471.26967	0.80023
471.51073	0.79863
471.75179	0.79709
471.99285	0.79560
472.23390	0.79417
472.47496	0.79278
472.71602	0.79142
472.95708	0.79004
473.19814	0.78862
473.43920	0.78712
473.68026	0.78554
473.92132	0.78387
474.16237	0.78212
474.40343	0.78034
474.64449	0.77858
474.88555	0.77688
475.12661	0.77529
475.36767	0.77386
475.60873	0.77262
475.84978	0.77157
476.09084	0.77070
476.33190	0.76998
476.57296	0.76939
476.81402	0.76889
477.05508	0.76844
477.29614	0.76801
477.53720	0.76760
477.77825	0.76720
478.01931	0.76680
478.26037	0.76642
478.50143	0.76606
478.74249	0.76573
478.98355	0.76540
479.22461	0.76507
479.46566	0.76471
479.70672	0.76430
479.94778	0.76379
480.18884	0.76318
480.42990	0.76245
480.67096	0.76160
480.91202	0.76064
481.15307	0.75959
481.39413	0.75849
481.63519	0.75734
481.87625	0.75619
482.11731	0.75504
482.35837	0.75389
482.59943	0.75273
482.84049	0.75157
483.08154	0.75039
483.32260	0.74917
483.56366	0.74793
483.80472	0.74668
484.04578	0.74545
484.28684	0.74427
484.52790	0.74319
484.76895	0.74224
485.01001	0.74145
485.25107	0.74081
485.49213	0.74032
485.73319	0.73995
485.97425	0.73964
486.21531	0.73934
486.45637	0.73899
486.69742	0.73854
486.93848	0.73797
487.17954	0.73726
487.42060	0.73642
487.66166	0.73549
487.90272	0.73451
488.14378	0.73352
488.38483	0.73257
488.62589	0.73169
488.86695	0.73090
489.10801	0.73021
489.34907	0.72962
489.59013	0.72910
489.83119	0.72864
490.07225	0.72822
490.31330	0.72783
490.55436	0.72747
490.79542	0.72717
491.03648	0.72694
491.27754	0.72683
491.51860	0.72687
491.75966	0.72710
492.00071	0.72752
492.24177	0.72815
492.48283	0.72896
492.72389	0.72991
492.96495	0.73098
493.20601	0.73209
493.44707	0.73321
493.68812	0.73431
493.92918	0.73534
494.17024	0.73631
494.41130	0.73723
494.65236	0.73810
494.89342	0.73895
495.13448	0.73978
495.37554	0.74059
495.61659	0.74137
495.85765	0.74209
496.09871	0.74273
496.33977	0.74324
496.58083	0.74362
496.82189	0.74384
497.06295	0.74392
497.30400	0.74387
497.54506	0.74375
497.78612	0.74361
498.02718	0.74348
498.26824	0.74342
498.50930	0.74345
498.75036	0.74358
498.99142	0.74378
499.23247	0.74402
499.47353	0.74426
499.71459	0.74443
499.95565	0.74449
500.19671	0.74439
500.43777	0.74409
500.67883	0.74358
500.91988	0.74287
501.16094	0.74194
501.40200	0.74082
501.64306	0.73951
501.88412	0.73799
502.12518	0.73626
502.36624	0.73428
502.60730	0.73202
502.84835	0.72941
503.08941	0.72643
503.33047	0.72302
503.57153	0.71914
503.81259	0.71480
504.05365	0.71001
504.29471	0.70483
504.53576	0.69933
504.77682	0.69364
505.01788	0.68791
505.25894	0.68233
505.50000	0.67708
505.74106	0.67241
505.98212	0.66856
506.22318	0.66574
506.46423	0.66417
506.70529	0.66402
506.94635	0.66540
507.18741	0.66837
507.42847	0.67290
507.66953	0.67891
507.91059	0.68623
508.15164	0.69465
508.39270	0.70390
508.63376	0.71370
508.87482	0.72374
509.11588	0.73373
509.35694	0.74341
509.59800	0.75261
509.83905	0.76120
510.08011	0.76909
510.32117	0.77628
510.56223	0.78278
510.80329	0.78865
511.04435	0.79397
511.28541	0.79884
511.52647	0.80334
511.76752	0.80753
512.00858	0.81145
512.24964	0.81515
512.49070	0.81861
512.73176	0.82186
512.97282	0.82489
513.21388	0.82770
513.45493	0.83031
513.69599	0.83273
513.93705	0.83500
514.17811	0.83713
514.41917	0.83915
514.66023	0.84107
514.90129	0.84289
515.14235	0.84458
515.38340	0.84610
515.62446	0.84742
515.86552	0.84848
516.10658	0.84926
516.34764	0.84973
516.58870	0.84990
516.82976	0.84979
517.07081	0.84944
517.31187	0.84889
517.55293	0.84819
517.79399	0.84739
518.03505	0.84652
518.27611	0.84559
518.51717	0.84461
518.75823	0.84358
518.99928	0.84249
519.24034	0.84135
519.48140	0.84015
519.72246	0.83893
519.96352	0.83772
520.20458	0.83654
520.44564	0.83545
520.68669	0.83448
520.92775	0.83365
521.16881	0.83297
521.40987	0.83242
521.65093	0.83198
521.89199	0.83162
522.13305	0.83128
522.37410	0.83092
522.61516	0.83051
522.85622	0.83003
523.09728	0.82947
523.33834	0.82883
523.57940	0.82815
523.82046	0.82742
524.06152	0.82666
524.30257	0.82588
524.54363	0.82508
524.78469	0.82425
525.02575	0.82335
525.26681	0.82239
525.50787	0.82135
525.74893	0.82023
525.98998	0.81904
526.23104	0.81783
526.47210	0.81663
526.71316	0.81549
526.95422	0.81448
527.19528	0.81363
527.43634	0.81298
527.67740	0.81254
527.91845	0.81230
528.15951	0.81223
528.40057	0.81231
528.64163	0.81247
528.88269	0.81266
529.12375	0.81284
529.36481	0.81298
529.60586	0.81306
529.84692	0.81309
530.08798	0.81307
530.32904	0.81303
530.57010	0.81298
530.81116	0.81294
531.05222	0.81291
531.29328	0.81286
531.53433	0.81277
531.77539	0.81259
532.01645	0.81229
532.25751	0.81182
532.49857	0.81116
532.73963	0.81029
532.98069	0.80925
533.22174	0.80803
533.46280	0.80670
533.70386	0.80528
533.94492	0.80383
534.18598	0.80237
534.42704	0.80093
534.66810	0.79950
534.90915	0.79810
535.15021	0.79669
535.39127	0.79526
535.63233	0.79380
535.87339	0.79228
536.11445	0.79071
536.35551	0.78908
536.59657	0.78740
536.83762	0.78570
537.07868	0.78398
537.31974	0.78223
537.56080	0.78045
537.80186	0.77861
538.04292	0.77667
538.28398	0.77461
538.52503	0.77238
538.76609	0.76997
539.00715	0.76738
539.24821	0.76463
539.48927	0.76176
539.73033	0.75884
539.97139	0.75594
540.21245	0.75312
540.45350	0.75047
540.69456	0.74803
540.93562	0.74584
541.17668	0.74392
541.41774	0.74228
541.65880	0.74090
541.89986	0.73979
542.14091	0.73894
542.38197	0.73832
542.62303	0.73795
542.86409	0.73783
543.10515	0.73794
543.34621	0.73830
543.58727	0.73889
543.82833	0.73968
544.06938	0.74064
544.31044	0.74172
544.55150	0.74288
544.79256	0.74403
545.03362	0.74513
545.27468	0.74612
545.51574	0.74695
545.75679	0.74760
545.99785	0.74804
546.23891	0.74828
546.47997	0.74831
546.72103	0.74814
546.96209	0.74778
547.20315	0.74722
547.44421	0.74644
547.68526	0.74545
547.92632	0.74420
548.16738	0.74270
548.40844	0.74092
548.64950	0.73887
548.89056	0.73657
549.13162	0.73404
549.37267	0.73134
549.61373	0.72853
549.85479	0.72567
550.09585	0.72283
550.33691	0.72010
550.57797	0.71753
550.81903	0.71519
551.06008	0.71314
551.30114	0.71145
551.54220	0.71014
551.78326	0.70928
552.02432	0.70888
552.26538	0.70896
552.50644	0.70955
552.74750	0.71062
552.98855	0.71218
553.22961	0.71421
553.47067	0.71667
553.71173	0.71955
553.95279	0.72282
554.19385	0.72644
554.43491	0.73040
554.67596	0.73467
554.91702	0.73924
555.15808	0.74407
555.39914	0.74915
555.64020	0.75445
555.88126	0.75993
556.12232	0.76556
556.36338	0.77130
556.60443	0.77711
556.84549	0.78295
557.08655	0.78879
557.32761	0.79458
557.56867	0.80029
557.80973	0.80587
558.05079	0.81129
558.29184	0.81652
558.53290	0.82152
558.77396	0.82628
559.01502	0.83079
559.25608	0.83504
559.49714	0.83904
559.73820	0.84281
559.97926	0.84636
560.22031	0.84969
560.46137	0.85281
560.70243	0.85573
560.94349	0.85842
561.18455	0.86087
561.42561	0.86308
561.66667	0.86504
561.90772	0.86676
562.14878	0.86828
562.38984	0.86962
562.63090	0.87085
562.87196	0.87200
563.11302	0.87313
563.35408	0.87428
563.59513	0.87545
563.83619	0.87666
564.07725	0.87789
564.31831	0.87911
564.55937	0.88030
564.80043	0.88144
565.04149	0.88252
565.28255	0.88355
565.52360	0.88455
565.76466	0.88555
566.00572	0.88660
566.24678	0.88774
566.48784	0.88898
566.72890	0.89035
566.96996	0.89184
567.21101	0.89342
567.45207	0.89506
567.69313	0.89672
567.93419	0.89836
568.17525	0.89994
568.41631	0.90144
568.65737	0.90285
568.89843	0.90419
569.13948	0.90548
569.38054	0.90675
569.62160	0.90802
569.86266	0.90932
570.10372	0.91066
570.34478	0.91204
570.58584	0.91343
570.82689	0.91483
571.06795	0.91619
571.30901	0.91749
571.55007	0.91871
571.79113	0.91984
572.03219	0.92089
572.27325	0.92188
572.51431	0.92283
572.75536	0.92377
572.99642	0.92471
573.23748	0.92567
573.47854	0.92664
573.71960	0.92760
573.96066	0.92853
574.20172	0.92940
574.44277	0.93019
574.68383	0.93088
574.92489	0.93149
575.16595	0.93204
575.40701	0.93257
575.64807	0.93312
575.88913	0.93373
576.13018	0.93445
576.37124	0.93530
576.61230	0.93630
576.85336	0.93743
577.09442	0.93869
577.33548	0.94005
577.57654	0.94148
577.81760	0.94297
578.05865	0.94450
578.29971	0.94605
578.54077	0.94763
578.78183	0.94922
579.02289	0.95084
579.26395	0.95246
579.50501	0.95407
579.74606	0.95566
579.98712	0.95719
580.22818	0.95861
580.46924	0.95991
580.71030	0.96103
580.95136	0.96197
581.19242	0.96272
581.43348	0.96327
581.67453	0.96367
581.91559	0.96394
582.15665	0.96413
582.39771	0.96429
582.63877	0.96446
582.87983	0.96468
583.12089	0.96494
583.36194	0.96526
583.60300	0.96562
583.84406	0.96600
584.08512	0.96636
584.32618	0.96669
584.56724	0.96696
584.80830	0.96717
585.04936	0.96731
585.29041	0.96740
585.53147	0.96744
585.77253	0.96745
586.01359	0.96744
586.25465	0.96741
586.49571	0.96735
586.73677	0.96723
586.97782	0.96703
587.21888	0.96673
587.45994	0.96629
587.70100	0.96570
587.94206	0.96494
588.18312	0.96400
588.42418	0.96289
588.66523	0.96163
588.90629	0.96023
589.14735	0.95870
589.38841	0.95706
589.62947	0.95533
589.87053	0.95350
590.11159	0.95157
590.35265	0.94954
590.59370	0.94741
590.83476	0.94518
591.07582	0.94285
591.31688	0.94044
591.55794	0.93797
591.79900	0.93546
592.04006	0.93293
592.28111	0.93042
592.52217	0.92792
592.76323	0.92543
593.00429	0.92296
593.24535	0.92047
593.48641	0.91794
593.72747	0.91536
593.96853	0.91268
594.20958	0.90990
594.45064	0.90701
594.69170	0.90401
594.93276	0.90090
595.17382	0.89770
595.41488	0.89441
595.65594	0.89105
595.89699	0.88762
596.13805	0.88412
596.37911	0.88057
596.62017	0.87698
596.86123	0.87337
597.10229	0.86976
597.34335	0.86617
597.58441	0.86264
597.82546	0.85919
598.06652	0.85584
598.30758	0.85263
598.54864	0.84957
598.78970	0.84667
599.03076	0.84396
599.27182	0.84144
599.51287	0.83913
599.75393	0.83704
599.99499	0.83517
600.23605	0.83351
600.47711	0.83203
600.71817	0.83070
600.95923	0.82947
601.20029	0.82827
601.44134	0.82703
601.68240	0.82570
601.92346	0.82422
602.16452	0.82253
602.40558	0.82061
602.64664	0.81843
602.88770	0.81599
603.12875	0.81330
603.36981	0.81036
603.61087	0.80718
603.85193	0.80380
604.09299	0.80023
604.33405	0.79651
604.57511	0.79267
604.81616	0.78873
605.05722	0.78474
605.29828	0.78070
605.53934	0.77664
605.78040	0.77257
606.02146	0.76849
606.26252	0.76439
606.50358	0.76025
606.74463	0.75604
606.98569	0.75175
607.22675	0.74736
607.46781	0.74284
607.70887	0.73818
607.94993	0.73336
608.19099	0.72838
608.43204	0.72321
608.67310	0.71786
608.91416	0.71231
609.15522	0.70654
609.39628	0.70053
609.63734	0.69428
609.87840	0.68777
610.11946	0.68100
610.36051	0.67398
610.60157	0.66672
610.84263	0.65923
611.08369	0.65156
611.32475	0.64375
611.56581	0.63585
611.80687	0.62794
612.04792	0.62007
612.28898	0.61232
612.53004	0.60478
612.77110	0.59754
613.01216	0.59067
613.25322	0.58426
613.49428	0.57839
613.73534	0.57311
613.97639	0.56849
614.21745	0.56454
614.45851	0.56130
614.69957	0.55875
614.94063	0.55686
615.18169	0.55558
615.42275	0.55486
615.66380	0.55462
615.90486	0.55477
616.14592	0.55522
616.38698	0.55590
616.62804	0.55673
616.86910	0.55764
617.11016	0.55858
617.35121	0.55949
617.59227	0.56036
617.83333	0.56116
618.07439	0.56186
618.31545	0.56246
618.55651	0.56294
618.79757	0.56332
619.03863	0.56357
619.27968	0.56372
619.52074	0.56378
619.76180	0.56374
620.00286	0.56365
620.24392	0.56350
620.48498	0.56332
620.72604	0.56312
620.96709	0.56290
621.20815	0.56265
621.44921	0.56235
621.69027	0.56198
621.93133	0.56150
622.17239	0.56088
622.41345	0.56009
622.65451	0.55909
622.89556	0.55786
623.13662	0.55639
623.37768	0.55466
623.61874	0.55268
623.85980	0.55045
624.10086	0.54799
624.34192	0.54532
624.58297	0.54247
624.82403	0.53947
625.06509	0.53634
625.30615	0.53313
625.54721	0.52986
625.78827	0.52657
626.02933	0.52327
626.27039	0.51999
626.51144	0.51674
626.75250	0.51353
626.99356	0.51033
627.23462	0.50714
627.47568	0.50392
627.71674	0.50063
627.95780	0.49722
628.19885	0.49362
628.43991	0.48978
628.68097	0.48564
628.92203	0.48116
629.16309	0.47634
629.40415	0.47120
629.64521	0.46578
629.88626	0.46017
630.12732	0.45450
630.36838	0.44889
630.60944	0.44352
630.85050	0.43851
631.09156	0.43401
631.33262	0.43013
631.57368	0.42693
631.81473	0.42445
632.05579	0.42266
632.29685	0.42151
632.53791	0.42092
632.77897	0.42077
633.02003	0.42095
633.26109	0.42133
633.50214	0.42181
633.74320	0.42226
633.98426	0.42262
634.22532	0.42281
634.46638	0.42278
634.70744	0.42251
634.94850	0.42198
635.18956	0.42120
635.43061	0.42021
635.67167	0.41901
635.91273	0.41766
636.15379	0.41618
636.39485	0.41462
636.63591	0.41300
636.87697	0.41136
637.11802	0.40971
637.35908	0.40806
637.60014	0.40642
637.84120	0.40477
638.08226	0.40311
638.32332	0.40143
638.56438	0.39970
638.80544	0.39791
639.04649	0.39603
639.28755	0.39407
639.52861	0.39199
639.76967	0.38980
640.01073	0.38747
640.25179	0.38501
640.49285	0.38241
640.73390	0.37966
640.97496	0.37676
641.21602	0.37372
641.45708	0.37055
641.69814	0.36724
641.93920	0.36383
642.18026	0.36034
642.42132	0.35679
642.66237	0.35322
642.90343	0.34968
643.14449	0.34620
643.38555	0.34284
643.62661	0.33962
643.86767	0.33657
644.10873	0.33374
644.34978	0.33111
644.59084	0.32871
644.83190	0.32652
645.07296	0.32454
645.31402	0.32274
645.55508	0.32110
645.79614	0.31958
646.03719	0.31817
646.27825	0.31681
646.51931	0.31550
646.76037	0.31418
647.00143	0.31282
647.24249	0.31141
647.48355	0.30991
647.72461	0.30831
647.96566	0.30657
648.20672	0.30469
648.44778	0.30267
648.68884	0.30050
648.92990	0.29820
649.17096	0.29579
649.41202	0.29327
649.65307	0.29066
649.89413	0.28800
650.13519	0.28529
650.37625	0.28254
650.61731	0.27976
650.85837	0.27696
651.09943	0.27415
651.34049	0.27133
651.58154	0.26850
651.82260	0.26567
652.06366	0.26285
652.30472	0.26003
652.54578	0.25723
652.78684	0.25443
653.02790	0.25163
653.26895	0.24882
653.51001	0.24598
653.75107	0.24308
653.99213	0.24012
654.23319	0.23708
654.47425	0.23392
654.71531	0.23065
654.95637	0.22725
655.19742	0.22372
655.43848	0.22005
655.67954	0.21624
655.92060	0.21231
656.16166	0.20824
656.40272	0.20405
656.64378	0.19974
656.88483	0.19531
657.12589	0.19079
657.36695	0.18620
657.60801	0.18157
657.84907	0.17695
658.09013	0.17238
658.33119	0.16795
658.57224	0.16371
658.81330	0.15974
659.05436	0.15612
659.29542	0.15290
659.53648	0.15014
659.77754	0.14785
660.01860	0.14605
660.25966	0.14470
660.50071	0.14377
660.74177	0.14319
660.98283	0.14288
661.22389	0.14276
661.46495	0.14275
661.70601	0.14278
661.94707	0.14277
662.18812	0.14269
662.42918	0.14249
662.67024	0.14216
662.91130	0.14168
663.15236	0.14106
663.39342	0.14030
663.63448	0.13942
663.87554	0.13841
664.11659	0.13729
664.35765	0.13608
664.59871	0.13477
664.83977	0.13339
665.08083	0.13194
665.32189	0.13043
665.56295	0.12888
665.80400	0.12729
666.04506	0.12567
666.28612	0.12403
666.52718	0.12238
666.76824	0.12072
667.00930	0.11905
667.25036	0.11738
667.49142	0.11570
667.73247	0.11402
667.97353	0.11234
668.21459	0.11065
668.45565	0.10896
668.69671	0.10727
668.93777	0.10557
669.17883	0.10387
669.41988	0.10216
669.66094	0.10046
669.90200	0.09876
670.14306	0.09706
670.38412	0.09539
670.62518	0.09373
670.86624	0.09211
671.10729	0.09053
671.34835	0.08899
671.58941	0.08750
671.83047	0.08606
672.07153	0.08466
672.31259	0.08330
672.55365	0.08197
672.79471	0.08068
673.03576	0.07941
673.27682	0.07816
673.51788	0.07693
673.75894	0.07571
674.00000	0.07451
674.24106	0.07332
674.48212	0.07213
674.72317	0.07095
674.96423	0.06977
675.20529	0.06859
675.44635	0.06740
675.68741	0.06620
675.92847	0.06499
676.16953	0.06377
676.41059	0.06254
676.65164	0.06130
676.89270	0.06006
677.13376	0.05883
677.37482	0.05761
677.61588	0.05641
677.85694	0.05524
678.09800	0.05410
678.33905	0.05299
678.58011	0.05191
678.82117	0.05087
679.06223	0.04985
679.30329	0.04885
679.54435	0.04788
679.78541	0.04693
680.02647	0.04600
680.26752	0.04509
680.50858	0.04419
680.74964	0.04331
680.99070	0.04245
681.23176	0.04162
681.47282	0.04080
681.71388	0.04000
681.95493	0.03922
682.19599	0.03845
682.43705	0.03770
682.67811	0.03696
682.91917	0.03623
683.16023	0.03550
683.40129	0.03479
683.64234	0.03408
683.88340	0.03339
684.12446	0.03271
684.36552	0.03205
684.60658	0.03141
684.84764	0.03079
685.08870	0.03019
685.32976	0.02962
685.57081	0.02906
685.81187	0.02853
686.05293	0.02801
686.29399	0.02751
686.53505	0.02703
686.77611	0.02656
687.01717	0.02611
687.25822	0.02568
687.49928	0.02526
687.74034	0.02487
687.98140	0.02450
688.22246	0.02415
688.46352	0.02382
688.70458	0.02351
688.94564	0.02322
689.18669	0.02294
689.42775	0.02267
689.66881	0.02242
689.90987	0.02217
690.15093	0.02192
690.39199	0.02167
690.63305	0.02143
690.87410	0.02119
691.11516	0.02096
691.35622	0.02073
691.59728	0.02050
691.83834	0.02029
692.07940	0.02008
692.32046	0.01987
692.56152	0.01967
692.80257	0.01946
693.04363	0.01925
693.28469	0.01902
693.52575	0.01878
693.76681	0.01852
694.00787	0.01825
694.24893	0.01796
694.48998	0.01765
694.73104	0.01732
694.97210	0.01698
695.21316	0.01663
695.45422	0.01626
695.69528	0.01588
695.93634	0.01549
696.17740	0.01509
696.41845	0.01468
696.65951	0.01426
696.90057	0.01385
697.14163	0.01343
697.38269	0.01303
697.62375	0.01262
697.86481	0.01223
698.10586	0.01184
698.34692	0.01146
698.58798	0.01107
698.82904	0.01069
699.07010	0.01030
699.31116	0.00991
699.55222	0.00952
699.79327	0.00913
700.03433	0.00874
700.27539	0.00836
700.51645	0.00800
700.75751	0.00767
700.99857	0.00737
701.23963	0.00710
701.48069	0.00687
701.72174	0.00667
701.96280	0.00650
702.20386	0.00635
702.44492	0.00622
702.68598	0.00610
702.92704	0.00599
703.16810	0.00588
703.40915	0.00578
703.65021	0.00569
703.89127	0.00561
704.13233	0.00555
704.37339	0.00549
704.61445	0.00546
704.85551	0.00543
705.09657	0.00541
705.33762	0.00539
705.57868	0.00537
705.81974	0.00535
706.06080	0.00532
706.30186	0.00529
706.54292	0.00525
706.78398	0.00522
707.02503	0.00519
707.26609	0.00517
707.50715	0.00515
707.74821	0.00515
707.98927	0.00515
708.23033	0.00516
708.47139	0.00517
708.71245	0.00519
708.95350	0.00520
709.19456	0.00522
709.43562	0.00524
709.67668	0.00526
709.91774	0.00528
710.15880	0.00529
710.39986	0.00530
710.64091	0.00531
710.88197	0.00531
711.12303	0.00530
711.36409	0.00528
711.60515	0.00526
711.84621	0.00524
712.08727	0.00521
712.32832	0.00518
712.56938	0.00515
712.81044	0.00512
713.05150	0.00509
713.29256	0.00506
713.53362	0.00503
713.77468	0.00500
714.01574	0.00497
714.25679	0.00494
714.49785	0.00492
714.73891	0.00489
714.97997	0.00488
715.22103	0.00486
715.46209	0.00486
715.70315	0.00486
715.94420	0.00487
716.18526	0.00488
716.42632	0.00489
716.66738	0.00490
716.90844	0.00491
717.14950	0.00491
717.39056	0.00491
717.63162	0.00491
717.87267	0.00490
718.11373	0.00489
718.35479	0.00488
718.59585	0.00487
718.83691	0.00486
719.07797	0.00485
719.31903	0.00484
719.56008	0.00483
719.80114	0.00482
720.04220	0.00482
720.28326	0.00483
720.52432	0.00484
720.76538	0.00485
721.00644	0.00487
721.24750	0.00488
721.48855	0.00490
721.72961	0.00492
721.97067	0.00493
722.21173	0.00494
722.45279	0.00494
722.69385	0.00493
722.93491	0.00491
723.17596	0.00488
723.41702	0.00484
723.65808	0.00480
723.89914	0.00475
724.14020	0.00471
724.38126	0.00466
724.62232	0.00462
724.86337	0.00459
725.10443	0.00457
725.34549	0.00457
725.58655	0.00457
725.82761	0.00458
726.06867	0.00460
726.30973	0.00463
726.55079	0.00466
726.79184	0.00469
727.03290	0.00472
727.27396	0.00474
727.51502	0.00475
727.75608	0.00475
727.99714	0.00474
728.23820	0.00473
728.47925	0.00470
728.72031	0.00467
728.96137	0.00464
729.20243	0.00461
729.44349	0.00458
729.68455	0.00456
729.92561	0.00454
730.16667	0.00453
730.40772	0.00452
730.64878	0.00452
730.88984	0.00453
731.13090	0.00454
731.37196	0.00455
731.61302	0.00457
731.85408	0.00459
732.09513	0.00460
732.33619	0.00462
732.57725	0.00464
732.81831	0.00465
733.05937	0.00467
733.30043	0.00467
733.54149	0.00468
733.78255	0.00467
734.02360	0.00466
734.26466	0.00465
734.50572	0.00462
734.74678	0.00460
734.98784	0.00456
735.22890	0.00453
735.46996	0.00450
735.71101	0.00448
735.95207	0.00446
736.19313	0.00445
736.43419	0.00444
736.67525	0.00443
736.91631	0.00443
737.15737	0.00443
737.39842	0.00442
737.63948	0.00441
737.88054	0.00439
738.12160	0.00437
738.36266	0.00434
738.60372	0.00431
738.84478	0.00427
739.08584	0.00422
739.32689	0.00418
739.56795	0.00414
739.80901	0.00410
740.05007	0.00408
740.29113	0.00406
740.53219	0.00406
740.77325	0.00407
741.01430	0.00409
741.25536	0.00412
741.49642	0.00416
741.73748	0.00419
741.97854	0.00422
742.21960	0.00424
742.46066	0.00426
742.70172	0.00426
742.94277	0.00426
743.18383	0.00425
743.42489	0.00423
743.66595	0.00421
743.90701	0.00420
744.14807	0.00418
744.38913	0.00416
744.63018	0.00416
744.87124	0.00416
745.11230	0.00418
745.35336	0.00421
745.59442	0.00425
745.83548	0.00430
746.07654	0.00437
746.31760	0.00444
746.55865	0.00451
746.79971	0.00459
747.04077	0.00467
747.28183	0.00474
747.52289	0.00482
747.76395	0.00490
748.00501	0.00498
748.24606	0.00506
748.48712	0.00514
748.72818	0.00522
748.96924	0.00531
749.21030	0.00539
749.45136	0.00547
749.69242	0.00555
749.93348	0.00563
750.17453	0.00571
750.41559	0.00579
750.65665	0.00588
750.89771	0.00596
751.13877	0.00606
751.37983	0.00617
751.62089	0.00628
751.86194	0.00641
752.10300	0.00655
752.34406	0.00670
752.58512	0.00687
752.82618	0.00706
753.06724	0.00726
753.30830	0.00746
753.54935	0.00767
753.79041	0.00789
754.03147	0.00810
754.27253	0.00831
754.51359	0.00852
754.75465	0.00872
754.99571	0.00892
755.23677	0.00913
755.47782	0.00933
755.71888	0.00953
755.95994	0.00975
756.20100	0.00996
756.44206	0.01018
756.68312	0.01041
756.92418	0.01064
757.16523	0.01087
757.40629	0.01111
757.64735	0.01135
757.88841	0.01158
758.12947	0.01181
758.37053	0.01203
758.61159	0.01224
758.85265	0.01244
759.09370	0.01265
759.33476	0.01285
759.57582	0.01305
759.81688	0.01326
760.05794	0.01348
760.29900	0.01372
760.54006	0.01396
760.78111	0.01421
761.02217	0.01447
761.26323	0.01473
761.50429	0.01499
761.74535	0.01524
761.98641	0.01548
762.22747	0.01571
762.46853	0.01593
762.70958	0.01613
762.95064	0.01632
763.19170	0.01650
763.43276	0.01666
763.67382	0.01681
763.91488	0.01695
764.15594	0.01708
764.39699	0.01720
764.63805	0.01732
764.87911	0.01744
765.12017	0.01756
765.36123	0.01767
765.60229	0.01778
765.84335	0.01788
766.08440	0.01798
766.32546	0.01807
766.56652	0.01816
766.80758	0.01824
767.04864	0.01833
767.28970	0.01841
767.53076	0.01848
767.77182	0.01856
768.01287	0.01863
768.25393	0.01870
768.49499	0.01876
768.73605	0.01882
768.97711	0.01888
769.21817	0.01894
769.45923	0.01899
769.70028	0.01905
769.94134	0.01911
770.18240	0.01918
770.42346	0.01925
770.66452	0.01933
770.90558	0.01942
771.14664	0.01952
771.38770	0.01964
771.62875	0.01978
771.86981	0.01994
772.11087	0.02012
772.35193	0.02031
772.59299	0.02052
772.83405	0.02074
773.07511	0.02097
773.31616	0.02120
773.55722	0.02144
773.79828	0.02169
774.03934	0.02194
774.28040	0.02220
774.52146	0.02247
774.76252	0.02275
775.00358	0.02304
775.24463	0.02333
775.48569	0.02362
775.72675	0.02391
775.96781	0.02418
776.20887	0.02444
776.44993	0.02469
776.69099	0.02493
776.93204	0.02515
777.17310	0.02537
777.41416	0.02558
777.65522	0.02580
777.89628	0.02602
778.13734	0.02624
778.37840	0.02647
778.61945	0.02671
778.86051	0.02694
779.10157	0.02718
779.34263	0.02740
779.58369	0.02761
779.82475	0.02780
780.06581	0.02796
780.30687	0.02810
780.54792	0.02821
780.78898	0.02830
781.03004	0.02837
781.27110	0.02842
781.51216	0.02845
781.75322	0.02849
781.99428	0.02852
782.23533	0.02856
782.47639	0.02861
782.71745	0.02866
782.95851	0.02873
783.19957	0.02880
783.44063	0.02888
783.68169	0.02896
783.92275	0.02904
784.16380	0.02911
784.40486	0.02917
784.64592	0.02922
784.88698	0.02924
785.12804	0.02925
785.36910	0.02923
785.61016	0.02918
785.85121	0.02910
786.09227	0.02900
786.33333	0.02885
786.57439	0.02868
786.81545	0.02848
787.05651	0.02825
787.29757	0.02800
787.53863	0.02773
787.77968	0.02745
788.02074	0.02716
788.26180	0.02685
788.50286	0.02655
788.74392	0.02623
788.98498	0.02592
789.22604	0.02560
789.46709	0.02529
789.70815	0.02498
789.94921	0.02467
790.19027	0.02438
790.43133	0.02408
790.67239	0.02380
790.91345	0.02352
791.15451	0.02325
791.39556	0.02299
791.63662	0.02274
791.87768	0.02249
792.11874	0.02225
792.35980	0.02203
792.60086	0.02182
792.84192	0.02164
793.08297	0.02148
793.32403	0.02134
793.56509	0.02123
793.80615	0.02114
794.04721	0.02108
794.28827	0.02104
794.52933	0.02102
794.77038	0.02102
795.01144	0.02104
795.25250	0.02107
795.49356	0.02111
795.73462	0.02115
795.97568	0.02121
796.21674	0.02126
796.45780	0.02131
796.69885	0.02135
796.93991	0.02139
797.18097	0.02143
797.42203	0.02146
797.66309	0.02149
797.90415	0.02152
798.14521	0.02156
798.38626	0.02159
798.62732	0.02164
798.86838	0.02168
799.10944	0.02173
799.35050	0.02178
799.59156	0.02184
799.83262	0.02189
800.07368	0.02194
800.31473	0.02199
800.55579	0.02204
800.79685	0.02209
801.03791	0.02214
801.27897	0.02219
801.52003	0.02225
801.76109	0.02230
802.00214	0.02236
802.24320	0.02243
802.48426	0.02249
802.72532	0.02255
802.96638	0.02262
803.20744	0.02269
803.44850	0.02276
803.68956	0.02283
803.93061	0.02290
804.17167	0.02298
804.41273	0.02305
804.65379	0.02312
804.89485	0.02320
805.13591	0.02327
805.37697	0.02335
805.61802	0.02344
805.85908	0.02353
806.10014	0.02362
806.34120	0.02372
806.58226	0.02383
806.82332	0.02394
807.06438	0.02406
807.30543	0.02417
807.54649	0.02429
807.78755	0.02440
808.02861	0.02450
808.26967	0.02460
808.51073	0.02470
808.75179	0.02480
808.99285	0.02490
809.23390	0.02500
809.47496	0.02512
809.71602	0.02525
809.95708	0.02539
810.19814	0.02554
810.43920	0.02571
810.68026	0.02587
810.92131	0.02604
811.16237	0.02619
811.40343	0.02634
811.64449	0.02647
811.88555	0.02659
812.12661	0.02669
812.36767	0.02678
812.60873	0.02686
812.84978	0.02693
813.09084	0.02700
813.33190	0.02707
813.57296	0.02714
813.81402	0.02721
814.05508	0.02729
814.29614	0.02736
814.53719	0.02744
814.77825	0.02752
815.01931	0.02761
815.26037	0.02769
815.50143	0.02777
815.74249	0.02784
815.98355	0.02792
816.22461	0.02799
816.46566	0.02805
816.70672	0.02811
816.94778	0.02817
817.18884	0.02822
817.42990	0.02828
817.67096	0.02833
817.91202	0.02838
818.15307	0.02844
818.39413	0.02850
818.63519	0.02856
818.87625	0.02862
819.11731	0.02867
819.35837	0.02873
819.59943	0.02878
819.84048	0.02883
820.08154	0.02887
820.32260	0.02890
820.56366	0.02893
820.80472	0.02896
821.04578	0.02899
821.28684	0.02901
821.52790	0.02904
821.76895	0.02907
822.01001	0.02910
822.25107	0.02913
822.49213	0.02916
822.73319	0.02918
822.97425	0.02921
823.21531	0.02923
823.45636	0.02924
823.69742	0.02926
823.93848	0.02927
824.17954	0.02927
824.42060	0.02928
824.66166	0.02929
824.90272	0.02929
825.14378	0.02930
825.38483	0.02931
825.62589	0.02932
825.86695	0.02933
826.10801	0.02934
826.34907	0.02935
826.59013	0.02935
826.83119	0.02936
827.07224	0.02935
827.31330	0.02934
827.55436	0.02931
827.79542	0.02927
828.03648	0.02920
828.27754	0.02912
828.51860	0.02903
828.75966	0.02892
829.00071	0.02880
829.24177	0.02868
829.48283	0.02857
829.72389	0.02846
829.96495	0.02836
830.20601	0.02827
830.44707	0.02819
830.68812	0.02812
830.92918	0.02806
831.17024	0.02799
831.41130	0.02793
831.65236	0.02787
831.89342	0.02780
832.13448	0.02773
832.37553	0.02764
832.61659	0.02755
832.85765	0.02745
833.09871	0.02734
833.33977	0.02721
833.58083	0.02707
833.82189	0.02691
834.06295	0.02674
834.30400	0.02656
834.54506	0.02636
834.78612	0.02616
835.02718	0.02595
835.26824	0.02573
835.50930	0.02551
835.75036	0.02529
835.99141	0.02506
836.23247	0.02482
836.47353	0.02457
836.71459	0.02431
836.95565	0.02404
837.19671	0.02375
837.43777	0.02345
837.67883	0.02314
837.91988	0.02280
838.16094	0.02246
838.40200	0.02210
838.64306	0.02173
838.88412	0.02136
839.12518	0.02098
839.36624	0.02059
839.60729	0.02021
839.84835	0.01983
840.08941	0.01946
840.33047	0.01909
840.57153	0.01874
840.81259	0.01839
841.05365	0.01804
841.29471	0.01771
841.53576	0.01738
841.77682	0.01705
842.01788	0.01673
842.25894	0.01641
842.50000	0.01608
842.74106	0.01576
842.98212	0.01543
843.22317	0.01510
843.46423	0.01477
843.70529	0.01444
843.94635	0.01412
844.18741	0.01380
844.42847	0.01349
844.66953	0.01319
844.91059	0.01292
845.15164	0.01267
845.39270	0.01245
845.63376	0.01226
845.87482	0.01210
846.11588	0.01196
846.35694	0.01184
846.59800	0.01174
846.83905	0.01164
847.08011	0.01156
847.32117	0.01147
847.56223	0.01139
847.80329	0.01130
848.04435	0.01122
848.28541	0.01114
848.52646	0.01107
848.76752	0.01101
849.00858	0.01095
849.24964	0.01091
849.49070	0.01088
849.73176	0.01086
849.97282	0.01085
850.21388	0.01086
850.45493	0.01089
850.69599	0.01092
850.93705	0.01097
851.17811	0.01103
851.41917	0.01109
851.66023	0.01115
851.90129	0.01121
852.14234	0.01126
852.38340	0.01131
852.62446	0.01134
852.86552	0.01137
853.10658	0.01140
853.34764	0.01143
853.58870	0.01146
853.82976	0.01150
854.07081	0.01154
854.31187	0.01160
854.55293	0.01166
854.79399	0.01172
855.03505	0.01179
855.27611	0.01186
855.51717	0.01192
855.75822	0.01197
855.99928	0.01201
856.24034	0.01205
856.48140	0.01207
856.72246	0.01209
856.96352	0.01210
857.20458	0.01210
857.44564	0.01209
857.68669	0.01208
857.92775	0.01206
858.16881	0.01203
858.40987	0.01199
858.65093	0.01195
858.89199	0.01190
859.13305	0.01185
859.37410	0.01179
859.61516	0.01173
859.85622	0.01167
860.09728	0.01161
860.33834	0.01155
860.57940	0.01149
860.82046	0.01143
861.06151	0.01137
861.30257	0.01130
861.54363	0.01124
861.78469	0.01117
862.02575	0.01109
862.26681	0.01101
862.50787	0.01093
862.74893	0.01084
862.98998	0.01075
863.23104	0.01065
863.47210	0.01056
863.71316	0.01045
863.95422	0.01035
864.19528	0.01023
864.43634	0.01012
864.67739	0.00999
864.91845	0.00986
865.15951	0.00972
865.40057	0.00958
865.64163	0.00943
865.88269	0.00927
866.12375	0.00911
866.36481	0.00895
866.60586	0.00878
866.84692	0.00860
867.08798	0.00843
867.32904	0.00825
867.57010	0.00808
867.81116	0.00790
868.05222	0.00772
868.29327	0.00755
868.53433	0.00738
868.77539	0.00721
869.01645	0.00704
869.25751	0.00688
869.49857	0.00672
869.73963	0.00657
869.98069	0.00643
870.22174	0.00630
870.46280	0.00619
870.70386	0.00611
870.94492	0.00607
871.18598	0.00606
871.42704	0.00609
871.66810	0.00616
871.90915	0.00627
872.15021	0.00642
872.39127	0.00660
872.63233	0.00680
872.87339	0.00701
873.11445	0.00722
873.35551	0.00743
873.59656	0.00762
873.83762	0.00779
874.07868	0.00793
874.31974	0.00805
874.56080	0.00815
874.80186	0.00822
875.04292	0.00828
875.28398	0.00832
875.52503	0.00834
875.76609	0.00836
876.00715	0.00837
876.24821	0.00837
876.48927	0.00838
876.73033	0.00838
876.97139	0.00839
877.21244	0.00839
877.45350	0.00838
877.69456	0.00836
877.93562	0.00833
878.17668	0.00828
878.41774	0.00821
878.65880	0.00813
878.89986	0.00802
879.14091	0.00790
879.38197	0.00776
879.62303	0.00762
879.86409	0.00747
880.10515	0.00733
880.34621	0.00719
880.58727	0.00706
880.82832	0.00694
881.06938	0.00682
881.31044	0.00672
881.55150	0.00663
881.79256	0.00654
882.03362	0.00645
882.27468	0.00637
882.51574	0.00629
882.75679	0.00620
882.99785	0.00611
883.23891	0.00603
883.47997	0.00594
883.72103	0.00584
883.96209	0.00575
884.20315	0.00565
884.44420	0.00555
884.68526	0.00545
884.92632	0.00535
885.16738	0.00524
885.40844	0.00513
885.64950	0.00502
885.89056	0.00491
886.13161	0.00480
886.37267	0.00468
886.61373	0.00458
886.85479	0.00447
887.09585	0.00437
887.33691	0.00427
887.57797	0.00417
887.81903	0.00406
888.06008	0.00395
888.30114	0.00384
888.54220	0.00372
888.78326	0.00360
889.02432	0.00348
889.26538	0.00337
889.50644	0.00327
889.74749	0.00318
889.98855	0.00310
890.22961	0.00304
890.47067	0.00299
890.71173	0.00295
890.95279	0.00293
891.19385	0.00291
891.43491	0.00289
891.67596	0.00286
891.91702	0.00283
892.15808	0.00280
892.39914	0.00275
892.64020	0.00269
892.88126	0.00264
893.12232	0.00258
893.36337	0.00252
893.60443	0.00247
893.84549	0.00242
894.08655	0.00239
894.32761	0.00236
894.56867	0.00233
894.80973	0.00231
895.05079	0.00230
895.29184	0.00228
895.53290	0.00226
895.77396	0.00224
896.01502	0.00222
896.25608	0.00219
896.49714	0.00216
896.73820	0.00213
896.97925	0.00209
897.22031	0.00204
897.46137	0.00199
897.70243	0.00193
897.94349	0.00187
898.18455	0.00180
898.42561	0.00174
898.66667	0.00167
898.90772	0.00162
899.14878	0.00158
899.38984	0.00157
899.63090	0.00157
