0.00000	0.01843
0.24106	0.01856
0.48212	0.01891
0.72318	0.01945
0.96423	0.02009
1.20529	0.02075
1.44635	0.02138
1.68741	0.02192
1.92847	0.02237
2.16953	0.02253
2.41059	0.02270
2.65165	0.02292
2.89270	0.02317
3.13376	0.02344
3.37482	0.02365
3.61588	0.02378
3.85694	0.02380
4.09800	0.02371
4.33906	0.02356
4.58011	0.02341
4.82117	0.02329
5.06223	0.02327
5.30329	0.02333
5.54435	0.02346
5.78541	0.02363
6.02647	0.02375
6.26753	0.02382
6.50858	0.02380
6.74964	0.02367
6.99070	0.02345
7.23176	0.02314
7.47282	0.02277
7.71388	0.02235
7.95494	0.02188
8.19599	0.02139
8.43705	0.02089
8.67811	0.02040
8.91917	0.01993
9.16023	0.01953
9.40129	0.01923
9.64235	0.01908
9.88340	0.01912
10.12446	0.01945
10.36552	0.02013
10.60658	0.02123
10.84764	0.02275
11.08870	0.02466
11.32976	0.02686
11.57082	0.02919
11.81187	0.03149
12.05293	0.03341
12.29399	0.03469
12.53505	0.03513
12.77611	0.03465
13.01717	0.03325
13.25823	0.03107
13.49928	0.02835
13.74034	0.02508
13.98140	0.02197
14.22246	0.01938
14.46352	0.01759
14.70458	0.01673
14.94564	0.01677
15.18670	0.01757
15.42775	0.01889
15.66881	0.02043
15.90987	0.02195
16.15093	0.02322
16.39199	0.02409
16.63305	0.02450
16.87411	0.02446
17.11516	0.02405
17.35622	0.02341
17.59728	0.02260
17.83834	0.02181
18.07940	0.02108
18.32046	0.02045
18.56152	0.01987
18.80258	0.01931
19.04363	0.01871
19.28469	0.01800
19.52575	0.01715
19.76681	0.01615
20.00787	0.01502
20.24893	0.01379
20.48999	0.01250
20.73104	0.01118
20.97210	0.00989
21.21316	0.00863
21.45422	0.00729
21.69528	0.00581
21.93634	0.00450
22.17740	0.00364
22.41845	0.00340
22.65951	0.00382
22.90057	0.00482
23.14163	0.00618
23.38269	0.00742
23.62375	0.00869
23.86481	0.00995
24.10587	0.01118
24.34692	0.01235
24.58798	0.01347
24.82904	0.01456
25.07010	0.01565
25.31116	0.01683
25.55222	0.01812
25.79328	0.01958
26.03433	0.02120
26.27539	0.02299
26.51645	0.02492
26.75751	0.02693
26.99857	0.02900
27.23963	0.03108
27.48069	0.03313
27.72175	0.03513
27.96280	0.03706
28.20386	0.03890
28.44492	0.04061
28.68598	0.04218
28.92704	0.04361
29.16810	0.04492
29.40916	0.04618
29.65021	0.04749
29.89127	0.04899
30.13233	0.05078
30.37339	0.05298
30.61445	0.05562
30.85551	0.05869
31.09657	0.06214
31.33763	0.06573
31.57868	0.06926
31.81974	0.07252
32.06080	0.07536
32.30186	0.07768
32.54292	0.07946
32.78398	0.08076
33.02504	0.08144
33.26609	0.08188
33.50715	0.08230
33.74821	0.08287
33.98927	0.08374
34.23033	0.08500
34.47139	0.08667
34.71245	0.08876
34.95350	0.09122
35.19456	0.09401
35.43562	0.09710
35.67668	0.10050
35.91774	0.10427
36.15880	0.10855
36.39986	0.11353
36.64092	0.11946
36.88197	0.12657
37.12303	0.13513
37.36409	0.14525
37.60515	0.15689
37.84621	0.16982
38.08727	0.18361
38.32833	0.19768
38.56938	0.21133
38.81044	0.22386
39.05150	0.23462
39.29256	0.24312
39.53362	0.24912
39.77468	0.25260
40.01574	0.25379
40.25680	0.25312
40.49785	0.25116
40.73891	0.24851
40.97997	0.24577
41.22103	0.24342
41.46209	0.24183
41.70315	0.24121
41.94421	0.24163
42.18526	0.24309
42.42632	0.24552
42.66738	0.24889
42.90844	0.25318
43.14950	0.25844
43.39056	0.26474
43.63162	0.27216
43.87268	0.28070
44.11373	0.29025
44.35479	0.30054
44.59585	0.31115
44.83691	0.32147
45.07797	0.33084
45.31903	0.33860
45.56009	0.34419
45.80114	0.34727
46.04220	0.34772
46.28326	0.34571
46.52432	0.34166
46.76538	0.33620
47.00644	0.33004
47.24750	0.32391
47.48855	0.31844
47.72961	0.31412
47.97067	0.31125
48.21173	0.30995
48.45279	0.31022
48.69385	0.31195
48.93491	0.31504
49.17597	0.31946
49.41702	0.32528
49.65808	0.33269
49.89914	0.34196
50.14020	0.35341
50.38126	0.36727
50.62232	0.38363
50.86338	0.40238
51.10443	0.42311
51.34549	0.44519
51.58655	0.46775
51.82761	0.48983
52.06867	0.51049
52.30973	0.52890
52.55079	0.54448
52.79185	0.55696
53.03290	0.56634
53.27396	0.57292
53.51502	0.57715
53.75608	0.57959
53.99714	0.58079
54.23820	0.58120
54.47926	0.58121
54.72031	0.58107
54.96137	0.58098
55.20243	0.58114
55.44349	0.58184
55.68455	0.58347
55.92561	0.58658
56.16667	0.59182
56.40773	0.59987
56.64878	0.61135
56.88984	0.62664
57.13090	0.64581
57.37196	0.66851
57.61302	0.69396
57.85408	0.72100
58.09514	0.74822
58.33619	0.77416
58.57725	0.79749
58.81831	0.81723
59.05937	0.83286
59.30043	0.84438
59.54149	0.85230
59.78255	0.85742
60.02361	0.86075
60.26466	0.86318
60.50572	0.86538
60.74678	0.86765
60.98784	0.86990
61.22890	0.87176
61.46996	0.87268
61.71102	0.87221
61.95207	0.87013
62.19313	0.86664
62.43419	0.86239
62.67525	0.85845
62.91631	0.85614
63.15737	0.85682
63.39843	0.86165
63.63948	0.87137
63.88054	0.88614
64.12160	0.90550
64.36266	0.92844
64.60372	0.95353
64.84478	0.97915
65.08584	1.00374
65.32690	1.02602
65.56795	1.04510
65.80901	1.06059
66.05007	1.07248
66.29113	1.08109
66.53219	1.08686
66.77325	1.09017
67.01431	1.09123
67.25536	1.08999
67.49642	1.08617
67.73748	1.07933
67.97854	1.06901
68.21960	1.05492
68.46066	1.03702
68.70172	1.01570
68.94278	0.99172
69.18383	0.96623
69.42489	0.94058
69.66595	0.91618
69.90701	0.89436
70.14807	0.87616
70.38913	0.86223
70.63019	0.85280
70.87124	0.84770
71.11230	0.84647
71.35336	0.84852
71.59442	0.85323
71.83548	0.86014
72.07654	0.86899
72.31760	0.87977
72.55866	0.89260
72.79971	0.90766
73.04077	0.92501
73.28183	0.94446
73.52289	0.96544
73.76395	0.98701
74.00501	1.00791
74.24607	1.02668
74.48712	1.04185
74.72818	1.05220
74.96924	1.05688
75.21030	1.05562
75.45136	1.04875
75.69242	1.03717
75.93348	1.02227
76.17453	1.00573
76.41559	0.98931
76.65665	0.97470
76.89771	0.96336
77.13877	0.95635
77.37983	0.95439
77.62089	0.95780
77.86195	0.96665
78.10300	0.98082
78.34406	1.00014
78.58512	1.02448
78.82618	1.05379
79.06724	1.08808
79.30830	1.12735
79.54936	1.17147
79.79041	1.21999
80.03147	1.27207
80.27253	1.32634
80.51359	1.38093
80.75465	1.43362
80.99571	1.48199
81.23677	1.52377
81.47783	1.55714
81.71888	1.58095
81.95994	1.59495
82.20100	1.59981
82.44206	1.59702
82.68312	1.58867
82.92418	1.57711
83.16524	1.56463
83.40629	1.55318
83.64735	1.54412
83.88841	1.53820
84.12947	1.53560
84.37053	1.53618
84.61159	1.53966
84.85265	1.54596
85.09371	1.55533
85.33476	1.56851
85.57582	1.58660
85.81688	1.61089
86.05794	1.64259
86.29900	1.68245
86.54006	1.73044
86.78112	1.78561
87.02217	1.84597
87.26323	1.90871
87.50429	1.97043
87.74535	2.02765
87.98641	2.07719
88.22747	2.11669
88.46853	2.14486
88.70958	2.16162
88.95064	2.16800
89.19170	2.16590
89.43276	2.15767
89.67382	2.14567
89.91488	2.13190
90.15594	2.11769
90.39700	2.10367
90.63805	2.08981
90.87911	2.07571
91.12017	2.06092
91.36123	2.04535
91.60229	2.02946
91.84335	2.01449
92.08441	2.00233
92.32546	1.99532
92.56652	1.99591
92.80758	2.00615
93.04864	2.02735
93.28970	2.05970
93.53076	2.10220
93.77182	2.15268
94.01288	2.20814
94.25393	2.26514
94.49499	2.32029
94.73605	2.37077
94.97711	2.41464
95.21817	2.45100
95.45923	2.47999
95.70029	2.50246
95.94134	2.51966
96.18240	2.53279
96.42346	2.54263
96.66452	2.54928
96.90558	2.55218
97.14664	2.55020
97.38770	2.54200
97.62876	2.52642
97.86981	2.50293
98.11087	2.47192
98.35193	2.43485
98.59299	2.39418
98.83405	2.35317
99.07511	2.31537
99.31617	2.28422
99.55722	2.26250
99.79828	2.25201
100.03934	2.25334
100.28040	2.26591
100.52146	2.28813
100.76252	2.31781
101.00358	2.35253
101.24464	2.39008
101.48569	2.42879
101.72675	2.46764
101.96781	2.50625
102.20887	2.54469
102.44993	2.58314
102.69099	2.62162
102.93205	2.65956
103.17310	2.69575
103.41416	2.72827
103.65522	2.75474
103.89628	2.77262
104.13734	2.77970
104.37840	2.77448
104.61946	2.75657
104.86051	2.72681
105.10157	2.68728
105.34263	2.64100
105.58369	2.59160
105.82475	2.54276
106.06581	2.49779
106.30687	2.45921
106.54793	2.42858
106.78898	2.40645
107.03004	2.39252
107.27110	2.38596
107.51216	2.38577
107.75322	2.39114
107.99428	2.40165
108.23534	2.41743
108.47639	2.43905
108.71745	2.46731
108.95851	2.50290
109.19957	2.54602
109.44063	2.59614
109.68169	2.65175
109.92275	2.71038
110.16381	2.76878
110.40486	2.82327
110.64592	2.87022
110.88698	2.90648
111.12804	2.92986
111.36910	2.93940
111.61016	2.93550
111.85122	2.91977
112.09227	2.89477
112.33333	2.86357
112.57439	2.82925
112.81545	2.79449
113.05651	2.76124
113.29757	2.73057
113.53863	2.70281
113.77969	2.67772
114.02074	2.65489
114.26180	2.63413
114.50286	2.61575
114.74392	2.60074
114.98498	2.59069
115.22604	2.58760
115.46710	2.59343
115.70815	2.60968
115.94921	2.63692
116.19027	2.67453
116.43133	2.72063
116.67239	2.77218
116.91345	2.82543
117.15451	2.87636
117.39556	2.92135
117.63662	2.95759
117.87768	2.98349
118.11874	2.99875
118.35980	3.00427
118.60086	3.00181
118.84192	2.99351
119.08298	2.98138
119.32403	2.96699
119.56509	2.95109
119.80615	2.93366
120.04721	2.91407
120.28827	2.89138
120.52933	2.86480
120.77039	2.83409
121.01144	2.79985
121.25250	2.76370
121.49356	2.72813
121.73462	2.69622
121.97568	2.67120
122.21674	2.65595
122.45780	2.65245
122.69886	2.66147
122.93991	2.68243
123.18097	2.71348
123.42203	2.75183
123.66309	2.79418
123.90415	2.83732
124.14521	2.87853
124.38627	2.91600
124.62732	2.94889
124.86838	2.97727
125.10944	3.00182
125.35050	3.02341
125.59156	3.04269
125.83262	3.05973
126.07368	3.07385
126.31474	3.08369
126.55579	3.08738
126.79685	3.08301
127.03791	3.06901
127.27897	3.04463
127.52003	3.01025
127.76109	2.96746
128.00215	2.91895
128.24320	2.86824
128.48426	2.81918
128.72532	2.77547
128.96638	2.74011
129.20744	2.71505
129.44850	2.70100
129.68956	2.69744
129.93061	2.70282
130.17167	2.71496
130.41273	2.73146
130.65379	2.75020
130.89485	2.76961
131.13591	2.78887
131.37697	2.80787
131.61803	2.82703
131.85908	2.84693
132.10014	2.86797
132.34120	2.89001
132.58226	2.91217
132.82332	2.93285
133.06438	2.94985
133.30544	2.96075
133.54649	2.96337
133.78755	2.95614
134.02861	2.93845
134.26967	2.91090
134.51073	2.87516
134.75179	2.83382
134.99285	2.78999
135.23391	2.74684
135.47496	2.70707
135.71602	2.67270
135.95708	2.64478
136.19814	2.62341
136.43920	2.60794
136.68026	2.59726
136.92132	2.59014
137.16237	2.58561
137.40343	2.58318
137.64449	2.58297
137.88555	2.58563
138.12661	2.59214
138.36767	2.60348
138.60873	2.62032
138.84979	2.64265
139.09084	2.66968
139.33190	2.69974
139.57296	2.73047
139.81402	2.75911
140.05508	2.78293
140.29614	2.79960
140.53720	2.80759
140.77825	2.80636
141.01931	2.79644
141.26037	2.77924
141.50143	2.75679
141.74249	2.73132
141.98355	2.70493
142.22461	2.67920
142.46566	2.65505
142.70672	2.63273
142.94778	2.61193
143.18884	2.59209
143.42990	2.57270
143.67096	2.55361
143.91202	2.53524
144.15308	2.51861
144.39413	2.50528
144.63519	2.49707
144.87625	2.49572
145.11731	2.50257
145.35837	2.51814
145.59943	2.54205
145.84049	2.57289
146.08154	2.60842
146.32260	2.64588
146.56366	2.68233
146.80472	2.71516
147.04578	2.74236
147.28684	2.76285
147.52790	2.77647
147.76896	2.78392
148.01001	2.78647
148.25107	2.78561
148.49213	2.78268
148.73319	2.77856
148.97425	2.77351
149.21531	2.76712
149.45637	2.75853
149.69742	2.74668
149.93848	2.73068
150.17954	2.71013
150.42060	2.68536
150.66166	2.65753
150.90272	2.62854
151.14378	2.60077
151.38484	2.57673
151.62589	2.55866
151.86695	2.54811
152.10801	2.54575
152.34907	2.55120
152.59013	2.56318
152.83119	2.57969
153.07225	2.59843
153.31330	2.61717
153.55436	2.63410
153.79542	2.64812
154.03648	2.65890
154.27754	2.66684
154.51860	2.67283
154.75966	2.67792
155.00072	2.68301
155.24177	2.68852
155.48283	2.69427
155.72389	2.69939
155.96495	2.70254
156.20601	2.70216
156.44707	2.69683
156.68813	2.68559
156.92918	2.66826
157.17024	2.64551
157.41130	2.61888
157.65236	2.59052
157.89342	2.56287
158.13448	2.53832
158.37554	2.51879
158.61659	2.50548
158.85765	2.49872
159.09871	2.49804
159.33977	2.50228
159.58083	2.50996
159.82189	2.51951
160.06295	2.52966
160.30401	2.53959
160.54506	2.54906
160.78612	2.55834
161.02718	2.56808
161.26824	2.57900
161.50930	2.59171
161.75036	2.60640
161.99142	2.62276
162.23247	2.63992
162.47353	2.65659
162.71459	2.67124
162.95565	2.68239
163.19671	2.68892
163.43777	2.69028
163.67883	2.68662
163.91989	2.67884
164.16094	2.66840
164.40200	2.65708
164.64306	2.64670
164.88412	2.63880
165.12518	2.63436
165.36624	2.63367
165.60730	2.63639
165.84835	2.64163
166.08941	2.64825
166.33047	2.65514
166.57153	2.66153
166.81259	2.66718
167.05365	2.67244
167.29471	2.67815
167.53577	2.68543
167.77682	2.69541
168.01788	2.70887
168.25894	2.72598
168.50000	2.74618
168.74106	2.76819
168.98212	2.79016
169.22318	2.80998
169.46423	2.82563
169.70529	2.83555
169.94635	2.83888
170.18741	2.83568
170.42847	2.82684
170.66953	2.81395
170.91059	2.79898
171.15164	2.78397
171.39270	2.77063
171.63376	2.76008
171.87482	2.75271
172.11588	2.74818
172.35694	2.74558
172.59800	2.74366
172.83906	2.74119
173.08011	2.73725
173.32117	2.73147
173.56223	2.72415
173.80329	2.71620
174.04435	2.70896
174.28541	2.70392
174.52647	2.70237
174.76752	2.70513
175.00858	2.71227
175.24964	2.72314
175.49070	2.73633
175.73176	2.75001
175.97282	2.76218
176.21388	2.77104
176.45494	2.77534
176.69599	2.77453
176.93705	2.76887
177.17811	2.75928
177.41917	2.74720
177.66023	2.73419
177.90129	2.72168
178.14235	2.71065
178.38340	2.70152
178.62446	2.69408
178.86552	2.68766
179.10658	2.68129
179.34764	2.67405
179.58870	2.66530
179.82976	2.65488
180.07082	2.64325
180.31187	2.63138
180.55293	2.62060
180.79399	2.61238
181.03505	2.60799
181.27611	2.60823
181.51717	2.61330
181.75823	2.62266
181.99928	2.63518
182.24034	2.64930
182.48140	2.66328
182.72246	2.67555
182.96352	2.68494
183.20458	2.69088
183.44564	2.69343
183.68669	2.69324
183.92775	2.69133
184.16881	2.68889
184.40987	2.68698
184.65093	2.68628
184.89199	2.68702
185.13305	2.68891
185.37411	2.69126
185.61516	2.69313
185.85622	2.69364
186.09728	2.69218
186.33834	2.68857
186.57940	2.68322
186.82046	2.67700
187.06152	2.67121
187.30257	2.66723
187.54363	2.66634
187.78469	2.66940
188.02575	2.67670
188.26681	2.68787
188.50787	2.70196
188.74893	2.71756
188.98999	2.73314
189.23104	2.74726
189.47210	2.75888
189.71316	2.76752
189.95422	2.77330
190.19528	2.77689
190.43634	2.77928
190.67740	2.78159
190.91845	2.78470
191.15951	2.78911
191.40057	2.79475
191.64163	2.80100
191.88269	2.80679
192.12375	2.81084
192.36481	2.81195
192.60587	2.80927
192.84692	2.80252
193.08798	2.79210
193.32904	2.77908
193.57010	2.76501
193.81116	2.75168
194.05222	2.74084
194.29328	2.73385
194.53433	2.73147
194.77539	2.73376
195.01645	2.74006
195.25751	2.74918
195.49857	2.75962
195.73963	2.76989
195.98069	2.77875
196.22174	2.78547
196.46280	2.78989
196.70386	2.79240
196.94492	2.79379
197.18598	2.79503
197.42704	2.79700
197.66810	2.80024
197.90916	2.80481
198.15021	2.81027
198.39127	2.81571
198.63233	2.82001
198.87339	2.82202
199.11445	2.82087
199.35551	2.81615
199.59657	2.80805
199.83762	2.79737
200.07868	2.78537
200.31974	2.77359
200.56080	2.76357
200.80186	2.75659
201.04292	2.75346
201.28398	2.75439
201.52504	2.75902
201.76609	2.76649
202.00715	2.77568
202.24821	2.78543
202.48927	2.79477
202.73033	2.80314
202.97139	2.81042
203.21245	2.81697
203.45350	2.82346
203.69456	2.83066
203.93562	2.83926
204.17668	2.84960
204.41774	2.86154
204.65880	2.87443
204.89986	2.88718
205.14092	2.89840
205.38197	2.90669
205.62303	2.91088
205.86409	2.91028
206.10515	2.90481
206.34621	2.89507
206.58727	2.88223
206.82833	2.86783
207.06938	2.85353
207.31044	2.84084
207.55150	2.83082
207.79256	2.82402
208.03362	2.82034
208.27468	2.81919
208.51574	2.81961
208.75680	2.82059
208.99785	2.82124
209.23891	2.82106
209.47997	2.82000
209.72103	2.81851
209.96209	2.81736
210.20315	2.81746
210.44421	2.81964
210.68526	2.82437
210.92632	2.83162
211.16738	2.84080
211.40844	2.85083
211.64950	2.86027
211.89056	2.86762
212.13162	2.87156
212.37267	2.87118
212.61373	2.86619
212.85479	2.85690
213.09585	2.84422
213.33691	2.82942
213.57797	2.81391
213.81903	2.79898
214.06009	2.78561
214.30114	2.77427
214.54220	2.76494
214.78326	2.75717
215.02432	2.75027
215.26538	2.74349
215.50644	2.73628
215.74750	2.72846
215.98855	2.72028
216.22961	2.71242
216.47067	2.70589
216.71173	2.70177
216.95279	2.70104
217.19385	2.70429
217.43491	2.71160
217.67597	2.72246
217.91702	2.73578
218.15808	2.75011
218.39914	2.76381
218.64020	2.77537
218.88126	2.78361
219.12232	2.78791
219.36338	2.78823
219.60443	2.78512
219.84549	2.77954
220.08655	2.77264
220.32761	2.76550
220.56867	2.75892
220.80973	2.75328
221.05079	2.74849
221.29185	2.74404
221.53290	2.73918
221.77396	2.73316
222.01502	2.72543
222.25608	2.71583
222.49714	2.70471
222.73820	2.69287
222.97926	2.68150
223.22031	2.67196
223.46137	2.66551
223.70243	2.66311
223.94349	2.66523
224.18455	2.67174
224.42561	2.68194
224.66667	2.69469
224.90772	2.70859
225.14878	2.72225
225.38984	2.73447
225.63090	2.74450
225.87196	2.75202
226.11302	2.75724
226.35408	2.76072
226.59514	2.76319
226.83619	2.76536
227.07725	2.76772
227.31831	2.77038
227.55937	2.77305
227.80043	2.77506
228.04149	2.77553
228.28255	2.77357
228.52360	2.76848
228.76466	2.75998
229.00572	2.74831
229.24678	2.73423
229.48784	2.71895
229.72890	2.70395
229.96996	2.69073
230.21102	2.68053
230.45207	2.67419
230.69313	2.67197
230.93419	2.67352
231.17525	2.67806
231.41631	2.68444
231.65737	2.69148
231.89843	2.69811
232.13948	2.70364
232.38054	2.70778
232.62160	2.71068
232.86266	2.71279
233.10372	2.71474
233.34478	2.71706
233.58584	2.72005
233.82690	2.72361
234.06795	2.72723
234.30901	2.73005
234.55007	2.73100
234.79113	2.72902
235.03219	2.72327
235.27325	2.71332
235.51431	2.69927
235.75536	2.68178
235.99642	2.66194
236.23748	2.64118
236.47854	2.62098
236.71960	2.60271
236.96066	2.58739
237.20172	2.57559
237.44277	2.56738
237.68383	2.56238
237.92489	2.55993
238.16595	2.55921
238.40701	2.55948
238.64807	2.56020
238.88913	2.56112
239.13019	2.56233
239.37124	2.56417
239.61230	2.56709
239.85336	2.57148
240.09442	2.57756
240.33548	2.58520
240.57654	2.59390
240.81760	2.60283
241.05865	2.61093
241.29971	2.61709
241.54077	2.62036
241.78183	2.62011
242.02289	2.61613
242.26395	2.60871
242.50501	2.59855
242.74607	2.58665
242.98712	2.57412
243.22818	2.56200
243.46924	2.55106
243.71030	2.54173
243.95136	2.53407
244.19242	2.52781
244.43348	2.52250
244.67453	2.51765
244.91559	2.51290
245.15665	2.50811
245.39771	2.50350
245.63877	2.49954
245.87983	2.49691
246.12089	2.49637
246.36195	2.49854
246.60300	2.50380
246.84406	2.51213
247.08512	2.52308
247.32618	2.53580
247.56724	2.54915
247.80830	2.56188
248.04936	2.57276
248.29041	2.58083
248.53147	2.58548
248.77253	2.58653
249.01359	2.58422
249.25465	2.57915
249.49571	2.57206
249.73677	2.56375
249.97783	2.55489
250.21888	2.54590
250.45994	2.53689
250.70100	2.52774
250.94206	2.51814
251.18312	2.50772
251.42418	2.49623
251.66524	2.48365
251.90629	2.47025
252.14735	2.45662
252.38841	2.44359
252.62947	2.43210
252.87053	2.42305
253.11159	2.41712
253.35265	2.41465
253.59370	2.41554
253.83476	2.41929
254.07582	2.42501
254.31688	2.43162
254.55794	2.43798
254.79900	2.44309
255.04006	2.44624
255.28112	2.44704
255.52217	2.44552
255.76323	2.44199
256.00429	2.43696
256.24535	2.43100
256.48641	2.42457
256.72747	2.41794
256.96853	2.41112
257.20958	2.40388
257.45064	2.39584
257.69170	2.38657
257.93276	2.37574
258.17382	2.36324
258.41488	2.34927
258.65594	2.33431
258.89700	2.31913
259.13805	2.30464
259.37911	2.29177
259.62017	2.28133
259.86123	2.27387
260.10229	2.26963
260.34335	2.26847
260.58441	2.26994
260.82546	2.27339
261.06652	2.27805
261.30758	2.28320
261.54864	2.28824
261.78970	2.29281
262.03076	2.29675
262.27182	2.30011
262.51288	2.30304
262.75393	2.30569
262.99499	2.30814
263.23605	2.31028
263.47711	2.31184
263.71817	2.31237
263.95923	2.31136
264.20029	2.30829
264.44134	2.30281
264.68240	2.29480
264.92346	2.28446
265.16452	2.27227
265.40558	2.25899
265.64664	2.24549
265.88770	2.23271
266.12875	2.22145
266.36981	2.21228
266.61087	2.20547
266.85193	2.20101
267.09299	2.19859
267.33405	2.19773
267.57511	2.19788
267.81617	2.19850
268.05722	2.19924
268.29828	2.19990
268.53934	2.20049
268.78040	2.20119
269.02146	2.20224
269.26252	2.20387
269.50358	2.20619
269.74463	2.20910
269.98569	2.21230
270.22675	2.21525
270.46781	2.21729
270.70887	2.21773
270.94993	2.21596
271.19099	2.21158
271.43205	2.20447
271.67310	2.19484
271.91416	2.18318
272.15522	2.17021
272.39628	2.15674
272.63734	2.14352
272.87840	2.13119
273.11946	2.12014
273.36051	2.11050
273.60157	2.10217
273.84263	2.09489
274.08369	2.08832
274.32475	2.08218
274.56581	2.07631
274.80687	2.07071
275.04793	2.06558
275.28898	2.06124
275.53004	2.05804
275.77110	2.05632
276.01216	2.05625
276.25322	2.05778
276.49428	2.06064
276.73534	2.06432
276.97639	2.06816
277.21745	2.07142
277.45851	2.07344
277.69957	2.07369
277.94063	2.07190
278.18169	2.06804
278.42275	2.06237
278.66380	2.05532
278.90486	2.04744
279.14592	2.03929
279.38698	2.03132
279.62804	2.02380
279.86910	2.01682
280.11016	2.01029
280.35122	2.00401
280.59227	1.99773
280.83333	1.99129
281.07439	1.98467
281.31545	1.97804
281.55651	1.97175
281.79757	1.96631
282.03863	1.96230
282.27968	1.96022
282.52074	1.96047
282.76180	1.96320
283.00286	1.96828
283.24392	1.97531
283.48498	1.98369
283.72604	1.99267
283.96710	2.00147
284.20815	2.00942
284.44921	2.01602
284.69027	2.02101
284.93133	2.02436
285.17239	2.02625
285.41345	2.02697
285.65451	2.02688
285.89556	2.02625
286.13662	2.02523
286.37768	2.02382
286.61874	2.02188
286.85980	2.01914
287.10086	2.01536
287.34192	2.01034
287.58298	2.00404
287.82403	1.99661
288.06509	1.98842
288.30615	1.98000
288.54721	1.97200
288.78827	1.96507
289.02933	1.95975
289.27039	1.95643
289.51144	1.95525
289.75250	1.95607
289.99356	1.95858
290.23462	1.96226
290.47568	1.96653
290.71674	1.97086
290.95780	1.97477
291.19885	1.97798
291.43991	1.98035
291.68097	1.98191
291.92203	1.98279
292.16309	1.98312
292.40415	1.98302
292.64521	1.98249
292.88627	1.98139
293.12732	1.97946
293.36838	1.97640
293.60944	1.97186
293.85050	1.96561
294.09156	1.95759
294.33262	1.94794
294.57368	1.93704
294.81473	1.92544
295.05579	1.91383
295.29685	1.90294
295.53791	1.89338
295.77897	1.88563
296.02003	1.87990
296.26109	1.87618
296.50215	1.87426
296.74320	1.87374
296.98426	1.87422
297.22532	1.87528
297.46638	1.87665
297.70744	1.87818
297.94850	1.87989
298.18956	1.88195
298.43061	1.88454
298.67167	1.88784
298.91273	1.89195
299.15379	1.89678
299.39485	1.90208
299.63591	1.90744
299.87697	1.91231
300.11803	1.91614
300.35908	1.91842
300.60014	1.91881
300.84120	1.91717
301.08226	1.91362
301.32332	1.90852
301.56438	1.90240
301.80544	1.89592
302.04649	1.88974
302.28755	1.88440
302.52861	1.88031
302.76967	1.87764
303.01073	1.87638
303.25179	1.87633
303.49285	1.87719
303.73391	1.87866
303.97496	1.88050
304.21602	1.88257
304.45708	1.88492
304.69814	1.88769
304.93920	1.89115
305.18026	1.89553
305.42132	1.90102
305.66237	1.90765
305.90343	1.91529
306.14449	1.92358
306.38555	1.93204
306.62661	1.94008
306.86767	1.94713
307.10873	1.95271
307.34978	1.95652
307.59084	1.95847
307.83190	1.95870
308.07296	1.95752
308.31402	1.95537
308.55508	1.95270
308.79614	1.94993
309.03720	1.94733
309.27825	1.94506
309.51931	1.94309
309.76037	1.94131
310.00143	1.93956
310.24249	1.93768
310.48355	1.93560
310.72461	1.93340
310.96566	1.93128
311.20672	1.92954
311.44778	1.92855
311.68884	1.92870
311.92990	1.93027
312.17096	1.93339
312.41202	1.93800
312.65308	1.94385
312.89413	1.95050
313.13519	1.95740
313.37625	1.96393
313.61731	1.96956
313.85837	1.97384
314.09943	1.97655
314.34049	1.97764
314.58154	1.97726
314.82260	1.97571
315.06366	1.97334
315.30472	1.97048
315.54578	1.96738
315.78684	1.96416
316.02790	1.96079
316.26896	1.95715
316.51001	1.95306
316.75107	1.94837
316.99213	1.94304
317.23319	1.93716
317.47425	1.93102
317.71531	1.92502
317.95637	1.91967
318.19742	1.91547
318.43848	1.91283
318.67954	1.91201
318.92060	1.91306
319.16166	1.91580
319.40272	1.91989
319.64378	1.92486
319.88483	1.93018
320.12589	1.93538
320.36695	1.94007
320.60801	1.94402
320.84907	1.94714
321.09013	1.94950
321.33119	1.95122
321.57225	1.95248
321.81330	1.95339
322.05436	1.95400
322.29542	1.95426
322.53648	1.95400
322.77754	1.95300
323.01860	1.95102
323.25966	1.94787
323.50071	1.94349
323.74177	1.93795
323.98283	1.93152
324.22389	1.92461
324.46495	1.91774
324.70601	1.91148
324.94707	1.90633
325.18813	1.90265
325.42918	1.90066
325.67024	1.90032
325.91130	1.90145
326.15236	1.90369
326.39342	1.90664
326.63448	1.90990
326.87554	1.91313
327.11659	1.91616
327.35765	1.91893
327.59871	1.92150
327.83977	1.92401
328.08083	1.92658
328.32189	1.92928
328.56295	1.93205
328.80401	1.93468
329.04506	1.93687
329.28612	1.93822
329.52718	1.93832
329.76824	1.93687
330.00930	1.93366
330.25036	1.92872
330.49142	1.92227
330.73247	1.91469
330.97353	1.90650
331.21459	1.89828
331.45565	1.89055
331.69671	1.88370
331.93777	1.87799
332.17883	1.87348
332.41988	1.87005
332.66094	1.86748
332.90200	1.86549
333.14306	1.86378
333.38412	1.86217
333.62518	1.86056
333.86624	1.85897
334.10730	1.85754
334.34835	1.85644
334.58941	1.85585
334.83047	1.85587
335.07153	1.85649
335.31259	1.85755
335.55365	1.85876
335.79471	1.85973
336.03576	1.86002
336.27682	1.85926
336.51788	1.85713
336.75894	1.85352
337.00000	1.84849
337.24106	1.84226
337.48212	1.83522
337.72318	1.82781
337.96423	1.82049
338.20529	1.81362
338.44635	1.80746
338.68741	1.80206
338.92847	1.79737
339.16953	1.79318
339.41059	1.78925
339.65164	1.78534
339.89270	1.78129
340.13376	1.77703
340.37482	1.77267
340.61588	1.76838
340.85694	1.76444
341.09800	1.76113
341.33906	1.75867
341.58011	1.75719
341.82117	1.75664
342.06223	1.75685
342.30329	1.75752
342.54435	1.75826
342.78541	1.75869
343.02647	1.75845
343.26752	1.75733
343.50858	1.75523
343.74964	1.75219
343.99070	1.74840
344.23176	1.74409
344.47282	1.73952
344.71388	1.73491
344.95493	1.73041
345.19599	1.72604
345.43705	1.72176
345.67811	1.71742
345.91917	1.71288
346.16023	1.70802
346.40129	1.70278
346.64235	1.69720
346.88340	1.69145
347.12446	1.68574
347.36552	1.68034
347.60658	1.67552
347.84764	1.67147
348.08870	1.66827
348.32976	1.66590
348.57081	1.66419
348.81187	1.66288
349.05293	1.66167
349.29399	1.66024
349.53505	1.65834
349.77611	1.65578
350.01717	1.65253
350.25823	1.64861
350.49928	1.64418
350.74034	1.63939
350.98140	1.63444
351.22246	1.62945
351.46352	1.62448
351.70458	1.61948
351.94564	1.61436
352.18669	1.60898
352.42775	1.60317
352.66881	1.59685
352.90987	1.58998
353.15093	1.58267
353.39199	1.57511
353.63305	1.56756
353.87411	1.56036
354.11516	1.55381
354.35622	1.54816
354.59728	1.54356
354.83834	1.54005
355.07940	1.53751
355.32046	1.53575
355.56152	1.53449
355.80257	1.53344
356.04363	1.53233
356.28469	1.53096
356.52575	1.52923
356.76681	1.52711
357.00787	1.52468
357.24893	1.52204
357.48999	1.51933
357.73104	1.51663
357.97210	1.51399
358.21316	1.51134
358.45422	1.50858
358.69528	1.50550
358.93634	1.50192
359.17740	1.49766
359.41845	1.49260
359.65951	1.48674
359.90057	1.48017
360.14163	1.47309
360.38269	1.46578
360.62375	1.45855
360.86481	1.45168
361.10586	1.44540
361.34692	1.43982
361.58798	1.43495
361.82904	1.43069
362.07010	1.42687
362.31116	1.42327
362.55222	1.41969
362.79328	1.41597
363.03433	1.41202
363.27539	1.40785
363.51645	1.40352
363.75751	1.39913
363.99857	1.39479
364.23963	1.39055
364.48069	1.38644
364.72174	1.38237
364.96280	1.37821
365.20386	1.37377
365.44492	1.36884
365.68598	1.36324
365.92704	1.35684
366.16810	1.34961
366.40916	1.34159
366.65021	1.33291
366.89127	1.32376
367.13233	1.31435
367.37339	1.30489
367.61445	1.29551
367.85551	1.28632
368.09657	1.27732
368.33762	1.26845
368.57868	1.25962
368.81974	1.25070
369.06080	1.24159
369.30186	1.23221
369.54292	1.22254
369.78398	1.21260
370.02504	1.20245
370.26609	1.19218
370.50715	1.18185
370.74821	1.17152
370.98927	1.16118
371.23033	1.15076
371.47139	1.14015
371.71245	1.12921
371.95350	1.11777
372.19456	1.10568
372.43562	1.09285
372.67668	1.07921
372.91774	1.06480
373.15880	1.04970
373.39986	1.03405
373.64091	1.01802
373.88197	1.00176
374.12303	0.98543
374.36409	0.96909
374.60515	0.95282
374.84621	0.93661
375.08727	0.92043
375.32833	0.90424
375.56938	0.88799
375.81044	0.87169
376.05150	0.85538
376.29256	0.83908
376.53362	0.82297
376.77468	0.80722
377.01574	0.79198
377.25679	0.77739
377.49785	0.76357
377.73891	0.75056
377.97997	0.73839
378.22103	0.72697
378.46209	0.71633
378.70315	0.70641
378.94421	0.69719
379.18526	0.68867
379.42632	0.68088
379.66738	0.67389
379.90844	0.66780
380.14950	0.66271
380.39056	0.65875
380.63162	0.65603
380.87267	0.65460
381.11373	0.65448
381.35479	0.65564
381.59585	0.65801
381.83691	0.66153
382.07797	0.66609
382.31903	0.67163
382.56009	0.67812
382.80114	0.68555
383.04220	0.69392
383.28326	0.70327
383.52432	0.71361
383.76538	0.72494
384.00644	0.73714
384.24750	0.75017
384.48855	0.76391
384.72961	0.77816
384.97067	0.79273
385.21173	0.80744
385.45279	0.82210
385.69385	0.83657
385.93491	0.85072
386.17596	0.86455
386.41702	0.87808
386.65808	0.89130
386.89914	0.90424
387.14020	0.91692
387.38126	0.92932
387.62232	0.94141
387.86338	0.95311
388.10443	0.96440
388.34549	0.97522
388.58655	0.98553
388.82761	0.99536
389.06867	1.00476
389.30973	1.01383
389.55079	1.02272
389.79184	1.03158
390.03290	1.04057
390.27396	1.04981
390.51502	1.05940
390.75608	1.06935
390.99714	1.07963
391.23820	1.09016
391.47926	1.10082
391.72031	1.11149
391.96137	1.12205
392.20243	1.13242
392.44349	1.14254
392.68455	1.15243
392.92561	1.16209
393.16667	1.17159
393.40772	1.18097
393.64878	1.19025
393.88984	1.19942
394.13090	1.20844
394.37196	1.21723
394.61302	1.22570
394.85408	1.23377
395.09514	1.24136
395.33619	1.24845
395.57725	1.25509
395.81831	1.26136
396.05937	1.26741
396.30043	1.27339
396.54149	1.27947
396.78255	1.28578
397.02360	1.29240
397.26466	1.29938
397.50572	1.30667
397.74678	1.31420
397.98784	1.32184
398.22890	1.32948
398.46996	1.33701
398.71102	1.34438
398.95207	1.35156
399.19313	1.35856
399.43419	1.36546
399.67525	1.37230
399.91631	1.37915
400.15737	1.38602
400.39843	1.39288
400.63948	1.39963
400.88054	1.40616
401.12160	1.41228
401.36266	1.41784
401.60372	1.42269
401.84478	1.42674
402.08584	1.42996
402.32689	1.43241
402.56795	1.43421
402.80901	1.43552
403.05007	1.43654
403.29113	1.43745
403.53219	1.43840
403.77325	1.43950
404.01431	1.44078
404.25536	1.44222
404.49642	1.44375
404.73748	1.44528
404.97854	1.44675
405.21960	1.44810
405.46066	1.44932
405.70172	1.45045
405.94277	1.45158
406.18383	1.45280
406.42489	1.45420
406.66595	1.45583
406.90701	1.45769
407.14807	1.45974
407.38913	1.46184
407.63019	1.46385
407.87124	1.46558
408.11230	1.46687
408.35336	1.46758
408.59442	1.46766
408.83548	1.46710
409.07654	1.46599
409.31760	1.46446
409.55865	1.46266
409.79971	1.46075
410.04077	1.45886
410.28183	1.45708
410.52289	1.45542
410.76395	1.45387
411.00501	1.45237
411.24607	1.45083
411.48712	1.44920
411.72818	1.44744
411.96924	1.44557
412.21030	1.44364
412.45136	1.44175
412.69242	1.44001
412.93348	1.43851
413.17453	1.43731
413.41559	1.43644
413.65665	1.43582
413.89771	1.43535
414.13877	1.43487
414.37983	1.43423
414.62089	1.43325
414.86194	1.43183
415.10300	1.42988
415.34406	1.42742
415.58512	1.42447
415.82618	1.42113
416.06724	1.41750
416.30830	1.41369
416.54936	1.40976
416.79041	1.40575
417.03147	1.40166
417.27253	1.39745
417.51359	1.39306
417.75465	1.38845
417.99571	1.38357
418.23677	1.37842
418.47782	1.37306
418.71888	1.36756
418.95994	1.36205
419.20100	1.35667
419.44206	1.35152
419.68312	1.34671
419.92418	1.34228
420.16524	1.33820
420.40629	1.33441
420.64735	1.33078
420.88841	1.32716
421.12947	1.32341
421.37053	1.31939
421.61159	1.31499
421.85265	1.31016
422.09370	1.30491
422.33476	1.29927
422.57582	1.29328
422.81688	1.28702
423.05794	1.28051
423.29900	1.27378
423.54006	1.26681
423.78112	1.25953
424.02217	1.25188
424.26323	1.24378
424.50429	1.23517
424.74535	1.22601
424.98641	1.21631
425.22747	1.20612
425.46853	1.19553
425.70958	1.18465
425.95064	1.17360
426.19170	1.16253
426.43276	1.15152
426.67382	1.14068
426.91488	1.13006
427.15594	1.11970
427.39699	1.10961
427.63805	1.09980
427.87911	1.09026
428.12017	1.08098
428.36123	1.07197
428.60229	1.06323
428.84335	1.05476
429.08441	1.04656
429.32546	1.03860
429.56652	1.03086
429.80758	1.02328
430.04864	1.01578
430.28970	1.00828
430.53076	1.00069
430.77182	0.99292
431.01287	0.98489
431.25393	0.97657
431.49499	0.96793
431.73605	0.95900
431.97711	0.94982
432.21817	0.94044
432.45923	0.93096
432.70029	0.92146
432.94134	0.91201
433.18240	0.90266
433.42346	0.89344
433.66452	0.88438
433.90558	0.87548
434.14664	0.86672
434.38770	0.85813
434.62875	0.84975
434.86981	0.84162
435.11087	0.83381
435.35193	0.82642
435.59299	0.81951
435.83405	0.81319
436.07511	0.80750
436.31617	0.80251
436.55722	0.79825
436.79828	0.79471
437.03934	0.79188
437.28040	0.78975
437.52146	0.78830
437.76252	0.78754
438.00358	0.78749
438.24463	0.78819
438.48569	0.78969
438.72675	0.79206
438.96781	0.79533
439.20887	0.79953
439.44993	0.80467
439.69099	0.81069
439.93204	0.81751
440.17310	0.82504
440.41416	0.83315
440.65522	0.84170
440.89628	0.85058
441.13734	0.85965
441.37840	0.86883
441.61946	0.87804
441.86051	0.88719
442.10157	0.89628
442.34263	0.90528
442.58369	0.91416
442.82475	0.92288
443.06581	0.93136
443.30687	0.93953
443.54792	0.94729
443.78898	0.95453
444.03004	0.96117
444.27110	0.96714
444.51216	0.97238
444.75322	0.97690
444.99428	0.98071
445.23534	0.98388
445.47639	0.98648
445.71745	0.98859
445.95851	0.99030
446.19957	0.99168
446.44063	0.99276
446.68169	0.99358
446.92275	0.99415
447.16380	0.99447
447.40486	0.99454
447.64592	0.99438
447.88698	0.99403
448.12804	0.99353
448.36910	0.99295
448.61016	0.99238
448.85122	0.99187
449.09227	0.99149
449.33333	0.99126
449.57439	0.99119
449.81545	0.99123
450.05651	0.99132
450.29757	0.99139
450.53863	0.99135
450.77968	0.99113
451.02074	0.99066
451.26180	0.98994
451.50286	0.98896
451.74392	0.98777
451.98498	0.98642
452.22604	0.98496
452.46710	0.98346
452.70815	0.98193
452.94921	0.98038
453.19027	0.97880
453.43133	0.97713
453.67239	0.97533
453.91345	0.97334
454.15451	0.97115
454.39556	0.96876
454.63662	0.96619
454.87768	0.96350
455.11874	0.96078
455.35980	0.95810
455.60086	0.95553
455.84192	0.95313
456.08297	0.95093
456.32403	0.94891
456.56509	0.94706
456.80615	0.94532
457.04721	0.94365
457.28827	0.94200
457.52933	0.94035
457.77039	0.93866
458.01144	0.93696
458.25250	0.93523
458.49356	0.93349
458.73462	0.93175
458.97568	0.93000
459.21674	0.92821
459.45780	0.92636
459.69885	0.92440
459.93991	0.92229
460.18097	0.91997
460.42203	0.91743
460.66309	0.91467
460.90415	0.91169
461.14521	0.90856
461.38627	0.90532
461.62732	0.90207
461.86838	0.89888
462.10944	0.89582
462.35050	0.89295
462.59156	0.89029
462.83262	0.88784
463.07368	0.88559
463.31473	0.88347
463.55579	0.88144
463.79685	0.87942
464.03791	0.87738
464.27897	0.87526
464.52003	0.87304
464.76109	0.87073
465.00215	0.86835
465.24320	0.86590
465.48426	0.86342
465.72532	0.86093
465.96638	0.85842
466.20744	0.85590
466.44850	0.85333
466.68956	0.85069
466.93061	0.84796
467.17167	0.84513
467.41273	0.84219
467.65379	0.83918
467.89485	0.83613
468.13591	0.83310
468.37697	0.83015
468.61802	0.82734
468.85908	0.82471
469.10014	0.82228
469.34120	0.82005
469.58226	0.81801
469.82332	0.81613
470.06438	0.81435
470.30544	0.81265
470.54649	0.81100
470.78755	0.80937
471.02861	0.80778
471.26967	0.80621
471.51073	0.80469
471.75179	0.80322
471.99285	0.80182
472.23390	0.80046
472.47496	0.79914
472.71602	0.79782
472.95708	0.79647
473.19814	0.79504
473.43920	0.79352
473.68026	0.79188
473.92132	0.79013
474.16237	0.78829
474.40343	0.78640
474.64449	0.78452
474.88555	0.78270
475.12661	0.78100
475.36767	0.77948
475.60873	0.77815
475.84978	0.77704
476.09084	0.77615
476.33190	0.77544
476.57296	0.77489
476.81402	0.77446
477.05508	0.77412
477.29614	0.77383
477.53720	0.77357
477.77825	0.77333
478.01931	0.77310
478.26037	0.77289
478.50143	0.77267
478.74249	0.77246
478.98355	0.77222
479.22461	0.77195
479.46566	0.77162
479.70672	0.77119
479.94778	0.77065
480.18884	0.76998
480.42990	0.76918
480.67096	0.76824
480.91202	0.76719
481.15307	0.76606
481.39413	0.76486
481.63519	0.76363
481.87625	0.76238
482.11731	0.76113
482.35837	0.75989
482.59943	0.75864
482.84049	0.75738
483.08154	0.75610
483.32260	0.75480
483.56366	0.75348
483.80472	0.75216
484.04578	0.75087
484.28684	0.74965
484.52790	0.74855
484.76895	0.74759
485.01001	0.74680
485.25107	0.74620
485.49213	0.74575
485.73319	0.74543
485.97425	0.74518
486.21531	0.74495
486.45637	0.74466
486.69742	0.74426
486.93848	0.74371
487.17954	0.74300
487.42060	0.74213
487.66166	0.74114
487.90272	0.74009
488.14378	0.73902
488.38483	0.73799
488.62589	0.73706
488.86695	0.73623
489.10801	0.73554
489.34907	0.73495
489.59013	0.73447
489.83119	0.73405
490.07225	0.73367
490.31330	0.73332
490.55436	0.73300
490.79542	0.73274
491.03648	0.73255
491.27754	0.73248
491.51860	0.73257
491.75966	0.73286
492.00071	0.73335
492.24177	0.73405
492.48283	0.73494
492.72389	0.73598
492.96495	0.73713
493.20601	0.73832
493.44707	0.73951
493.68812	0.74066
493.92918	0.74174
494.17024	0.74275
494.41130	0.74369
494.65236	0.74458
494.89342	0.74543
495.13448	0.74626
495.37554	0.74707
495.61659	0.74784
495.85765	0.74856
496.09871	0.74919
496.33977	0.74969
496.58083	0.75005
496.82189	0.75025
497.06295	0.75030
497.30400	0.75022
497.54506	0.75006
497.78612	0.74987
498.02718	0.74971
498.26824	0.74961
498.50930	0.74962
498.75036	0.74973
498.99142	0.74993
499.23247	0.75017
499.47353	0.75042
499.71459	0.75061
499.95565	0.75068
500.19671	0.75059
500.43777	0.75030
500.67883	0.74980
500.91988	0.74909
501.16094	0.74816
501.40200	0.74702
501.64306	0.74568
501.88412	0.74414
502.12518	0.74237
502.36624	0.74034
502.60730	0.73802
502.84835	0.73536
503.08941	0.73231
503.33047	0.72884
503.57153	0.72490
503.81259	0.72050
504.05365	0.71566
504.29471	0.71044
504.53576	0.70492
504.77682	0.69923
505.01788	0.69352
505.25894	0.68797
505.50000	0.68276
505.74106	0.67816
505.98212	0.67438
506.22318	0.67165
506.46423	0.67016
506.70529	0.67008
506.94635	0.67152
507.18741	0.67454
507.42847	0.67911
507.66953	0.68514
507.91059	0.69249
508.15164	0.70092
508.39270	0.71020
508.63376	0.72001
508.87482	0.73008
509.11588	0.74011
509.35694	0.74982
509.59800	0.75904
509.83905	0.76764
510.08011	0.77553
510.32117	0.78268
510.56223	0.78912
510.80329	0.79493
511.04435	0.80019
511.28541	0.80500
511.52647	0.80946
511.76752	0.81365
512.00858	0.81762
512.24964	0.82141
512.49070	0.82502
512.73176	0.82844
512.97282	0.83166
513.21388	0.83468
513.45493	0.83749
513.69599	0.84009
513.93705	0.84250
514.17811	0.84475
514.41917	0.84684
514.66023	0.84880
514.90129	0.85062
515.14235	0.85228
515.38340	0.85376
515.62446	0.85502
515.86552	0.85602
516.10658	0.85676
516.34764	0.85720
516.58870	0.85735
516.82976	0.85725
517.07081	0.85692
517.31187	0.85640
517.55293	0.85575
517.79399	0.85499
518.03505	0.85416
518.27611	0.85326
518.51717	0.85229
518.75823	0.85125
518.99928	0.85012
519.24034	0.84891
519.48140	0.84761
519.72246	0.84625
519.96352	0.84487
520.20458	0.84353
520.44564	0.84226
520.68669	0.84113
520.92775	0.84017
521.16881	0.83939
521.40987	0.83879
521.65093	0.83834
521.89199	0.83798
522.13305	0.83766
522.37410	0.83733
522.61516	0.83694
522.85622	0.83646
523.09728	0.83588
523.33834	0.83521
523.57940	0.83447
523.82046	0.83369
524.06152	0.83290
524.30257	0.83210
524.54363	0.83131
524.78469	0.83052
525.02575	0.82970
525.26681	0.82885
525.50787	0.82795
525.74893	0.82700
525.98998	0.82600
526.23104	0.82497
526.47210	0.82396
526.71316	0.82299
526.95422	0.82212
527.19528	0.82139
527.43634	0.82081
527.67740	0.82041
527.91845	0.82017
528.15951	0.82009
528.40057	0.82011
528.64163	0.82020
528.88269	0.82032
529.12375	0.82044
529.36481	0.82052
529.60586	0.82056
529.84692	0.82057
530.08798	0.82056
530.32904	0.82055
530.57010	0.82057
530.81116	0.82061
531.05222	0.82066
531.29328	0.82071
531.53433	0.82071
531.77539	0.82062
532.01645	0.82039
532.25751	0.81998
532.49857	0.81937
532.73963	0.81855
532.98069	0.81755
533.22174	0.81638
533.46280	0.81508
533.70386	0.81370
533.94492	0.81226
534.18598	0.81080
534.42704	0.80933
534.66810	0.80785
534.90915	0.80636
535.15021	0.80483
535.39127	0.80327
535.63233	0.80164
535.87339	0.79996
536.11445	0.79823
536.35551	0.79645
536.59657	0.79464
536.83762	0.79282
537.07868	0.79099
537.31974	0.78914
537.56080	0.78727
537.80186	0.78534
538.04292	0.78332
538.28398	0.78117
538.52503	0.77886
538.76609	0.77638
539.00715	0.77373
539.24821	0.77093
539.48927	0.76804
539.73033	0.76510
539.97139	0.76220
540.21245	0.75940
540.45350	0.75677
540.69456	0.75436
540.93562	0.75220
541.17668	0.75031
541.41774	0.74870
541.65880	0.74735
541.89986	0.74626
542.14091	0.74542
542.38197	0.74481
542.62303	0.74445
542.86409	0.74433
543.10515	0.74446
543.34621	0.74484
543.58727	0.74546
543.82833	0.74631
544.06938	0.74734
544.31044	0.74851
544.55150	0.74975
544.79256	0.75100
545.03362	0.75217
545.27468	0.75321
545.51574	0.75408
545.75679	0.75474
545.99785	0.75518
546.23891	0.75541
546.47997	0.75543
546.72103	0.75526
546.96209	0.75491
547.20315	0.75436
547.44421	0.75362
547.68526	0.75266
547.92632	0.75146
548.16738	0.75000
548.40844	0.74827
548.64950	0.74626
548.89056	0.74398
549.13162	0.74147
549.37267	0.73878
549.61373	0.73596
549.85479	0.73309
550.09585	0.73023
550.33691	0.72747
550.57797	0.72488
550.81903	0.72253
551.06008	0.72047
551.30114	0.71878
551.54220	0.71749
551.78326	0.71664
552.02432	0.71625
552.26538	0.71635
552.50644	0.71693
552.74750	0.71800
552.98855	0.71955
553.22961	0.72156
553.47067	0.72401
553.71173	0.72689
553.95279	0.73016
554.19385	0.73381
554.43491	0.73780
554.67596	0.74213
554.91702	0.74675
555.15808	0.75164
555.39914	0.75677
555.64020	0.76210
555.88126	0.76761
556.12232	0.77326
556.36338	0.77901
556.60443	0.78482
556.84549	0.79066
557.08655	0.79649
557.32761	0.80227
557.56867	0.80796
557.80973	0.81352
558.05079	0.81891
558.29184	0.82410
558.53290	0.82907
558.77396	0.83379
559.01502	0.83828
559.25608	0.84252
559.49714	0.84653
559.73820	0.85032
559.97926	0.85389
560.22031	0.85725
560.46137	0.86040
560.70243	0.86332
560.94349	0.86600
561.18455	0.86842
561.42561	0.87059
561.66667	0.87251
561.90772	0.87420
562.14878	0.87570
562.38984	0.87706
562.63090	0.87832
562.87196	0.87955
563.11302	0.88079
563.35408	0.88206
563.59513	0.88336
563.83619	0.88470
564.07725	0.88604
564.31831	0.88736
564.55937	0.88863
564.80043	0.88983
565.04149	0.89095
565.28255	0.89201
565.52360	0.89305
565.76466	0.89409
566.00572	0.89518
566.24678	0.89637
566.48784	0.89767
566.72890	0.89910
566.96996	0.90065
567.21101	0.90229
567.45207	0.90398
567.69313	0.90567
567.93419	0.90733
568.17525	0.90892
568.41631	0.91043
568.65737	0.91184
568.89843	0.91319
569.13948	0.91449
569.38054	0.91577
569.62160	0.91706
569.86266	0.91838
570.10372	0.91973
570.34478	0.92112
570.58584	0.92252
570.82689	0.92390
571.06795	0.92524
571.30901	0.92650
571.55007	0.92769
571.79113	0.92879
572.03219	0.92982
572.27325	0.93080
572.51431	0.93175
572.75536	0.93269
572.99642	0.93364
573.23748	0.93461
573.47854	0.93557
573.71960	0.93651
573.96066	0.93739
574.20172	0.93819
574.44277	0.93888
574.68383	0.93944
574.92489	0.93990
575.16595	0.94027
575.40701	0.94060
575.64807	0.94096
575.88913	0.94138
576.13018	0.94194
576.37124	0.94267
576.61230	0.94358
576.85336	0.94468
577.09442	0.94595
577.33548	0.94736
577.57654	0.94888
577.81760	0.95047
578.05865	0.95212
578.29971	0.95378
578.54077	0.95547
578.78183	0.95715
579.02289	0.95885
579.26395	0.96054
579.50501	0.96221
579.74606	0.96385
579.98712	0.96542
580.22818	0.96689
580.46924	0.96823
580.71030	0.96940
580.95136	0.97038
581.19242	0.97116
581.43348	0.97176
581.67453	0.97221
581.91559	0.97253
582.15665	0.97279
582.39771	0.97304
582.63877	0.97331
582.87983	0.97365
583.12089	0.97406
583.36194	0.97455
583.60300	0.97511
583.84406	0.97570
584.08512	0.97629
584.32618	0.97685
584.56724	0.97736
584.80830	0.97780
585.04936	0.97817
585.29041	0.97848
585.53147	0.97873
585.77253	0.97893
586.01359	0.97908
586.25465	0.97917
586.49571	0.97919
586.73677	0.97911
586.97782	0.97890
587.21888	0.97855
587.45994	0.97802
587.70100	0.97732
587.94206	0.97643
588.18312	0.97536
588.42418	0.97413
588.66523	0.97275
588.90629	0.97124
589.14735	0.96962
589.38841	0.96788
589.62947	0.96604
589.87053	0.96409
590.11159	0.96202
590.35265	0.95985
590.59370	0.95757
590.83476	0.95519
591.07582	0.95274
591.31688	0.95022
591.55794	0.94767
591.79900	0.94510
592.04006	0.94254
592.28111	0.93999
592.52217	0.93746
592.76323	0.93494
593.00429	0.93242
593.24535	0.92987
593.48641	0.92726
593.72747	0.92459
593.96853	0.92182
594.20958	0.91896
594.45064	0.91599
594.69170	0.91291
594.93276	0.90974
595.17382	0.90647
595.41488	0.90311
595.65594	0.89968
595.89699	0.89616
596.13805	0.89259
596.37911	0.88895
596.62017	0.88528
596.86123	0.88159
597.10229	0.87790
597.34335	0.87424
597.58441	0.87065
597.82546	0.86715
598.06652	0.86378
598.30758	0.86055
598.54864	0.85749
598.78970	0.85462
599.03076	0.85196
599.27182	0.84951
599.51287	0.84730
599.75393	0.84531
599.99499	0.84355
600.23605	0.84201
600.47711	0.84064
600.71817	0.83941
600.95923	0.83827
601.20029	0.83716
601.44134	0.83600
601.68240	0.83474
601.92346	0.83332
602.16452	0.83169
602.40558	0.82981
602.64664	0.82766
602.88770	0.82522
603.12875	0.82249
603.36981	0.81948
603.61087	0.81621
603.85193	0.81271
604.09299	0.80900
604.33405	0.80514
604.57511	0.80117
604.81616	0.79713
605.05722	0.79305
605.29828	0.78897
605.53934	0.78490
605.78040	0.78084
606.02146	0.77680
606.26252	0.77275
606.50358	0.76865
606.74463	0.76450
606.98569	0.76024
607.22675	0.75587
607.46781	0.75134
607.70887	0.74666
607.94993	0.74179
608.19099	0.73674
608.43204	0.73149
608.67310	0.72603
608.91416	0.72035
609.15522	0.71443
609.39628	0.70827
609.63734	0.70184
609.87840	0.69514
610.11946	0.68818
610.36051	0.68096
610.60157	0.67350
610.84263	0.66582
611.08369	0.65796
611.32475	0.64997
611.56581	0.64190
611.80687	0.63381
612.04792	0.62577
612.28898	0.61787
612.53004	0.61017
612.77110	0.60278
613.01216	0.59577
613.25322	0.58922
613.49428	0.58323
613.73534	0.57785
613.97639	0.57313
614.21745	0.56912
614.45851	0.56582
614.69957	0.56324
614.94063	0.56134
615.18169	0.56008
615.42275	0.55941
615.66380	0.55923
615.90486	0.55948
616.14592	0.56006
616.38698	0.56088
616.62804	0.56187
616.86910	0.56294
617.11016	0.56405
617.35121	0.56512
617.59227	0.56612
617.83333	0.56703
618.07439	0.56781
618.31545	0.56847
618.55651	0.56898
618.79757	0.56936
619.03863	0.56961
619.27968	0.56975
619.52074	0.56980
619.76180	0.56978
620.00286	0.56971
620.24392	0.56961
620.48498	0.56950
620.72604	0.56937
620.96709	0.56924
621.20815	0.56907
621.44921	0.56885
621.69027	0.56853
621.93133	0.56810
622.17239	0.56750
622.41345	0.56670
622.65451	0.56569
622.89556	0.56443
623.13662	0.56291
623.37768	0.56114
623.61874	0.55910
623.85980	0.55682
624.10086	0.55430
624.34192	0.55157
624.58297	0.54865
624.82403	0.54556
625.06509	0.54235
625.30615	0.53903
625.54721	0.53566
625.78827	0.53225
626.02933	0.52885
626.27039	0.52547
626.51144	0.52214
626.75250	0.51885
626.99356	0.51561
627.23462	0.51240
627.47568	0.50917
627.71674	0.50589
627.95780	0.50249
628.19885	0.49890
628.43991	0.49507
628.68097	0.49093
628.92203	0.48644
629.16309	0.48158
629.40415	0.47637
629.64521	0.47087
629.88626	0.46515
630.12732	0.45935
630.36838	0.45362
630.60944	0.44810
630.85050	0.44296
631.09156	0.43834
631.33262	0.43436
631.57368	0.43107
631.81473	0.42851
632.05579	0.42667
632.29685	0.42548
632.53791	0.42486
632.77897	0.42468
633.02003	0.42484
633.26109	0.42521
633.50214	0.42566
633.74320	0.42611
633.98426	0.42645
634.22532	0.42662
634.46638	0.42657
634.70744	0.42627
634.94850	0.42572
635.18956	0.42492
635.43061	0.42390
635.67167	0.42269
635.91273	0.42133
636.15379	0.41987
636.39485	0.41833
636.63591	0.41675
636.87697	0.41517
637.11802	0.41359
637.35908	0.41203
637.60014	0.41047
637.84120	0.40891
638.08226	0.40734
638.32332	0.40572
638.56438	0.40405
638.80544	0.40229
639.04649	0.40044
639.28755	0.39847
639.52861	0.39637
639.76967	0.39415
640.01073	0.39178
640.25179	0.38927
640.49285	0.38663
640.73390	0.38384
640.97496	0.38092
641.21602	0.37787
641.45708	0.37469
641.69814	0.37139
641.93920	0.36798
642.18026	0.36450
642.42132	0.36096
642.66237	0.35740
642.90343	0.35385
643.14449	0.35035
643.38555	0.34695
643.62661	0.34367
643.86767	0.34055
644.10873	0.33762
644.34978	0.33490
644.59084	0.33239
644.83190	0.33010
645.07296	0.32802
645.31402	0.32614
645.55508	0.32444
645.79614	0.32288
646.03719	0.32144
646.27825	0.32009
646.51931	0.31877
646.76037	0.31745
647.00143	0.31610
647.24249	0.31467
647.48355	0.31315
647.72461	0.31149
647.96566	0.30969
648.20672	0.30774
648.44778	0.30564
648.68884	0.30340
648.92990	0.30104
649.17096	0.29856
649.41202	0.29600
649.65307	0.29336
649.89413	0.29068
650.13519	0.28795
650.37625	0.28520
650.61731	0.28242
650.85837	0.27961
651.09943	0.27679
651.34049	0.27395
651.58154	0.27109
651.82260	0.26823
652.06366	0.26536
652.30472	0.26249
652.54578	0.25964
652.78684	0.25680
653.02790	0.25397
653.26895	0.25114
653.51001	0.24830
653.75107	0.24543
653.99213	0.24250
654.23319	0.23949
654.47425	0.23638
654.71531	0.23314
654.95637	0.22976
655.19742	0.22623
655.43848	0.22254
655.67954	0.21871
655.92060	0.21473
656.16166	0.21061
656.40272	0.20637
656.64378	0.20200
656.88483	0.19754
657.12589	0.19299
657.36695	0.18837
657.60801	0.18372
657.84907	0.17909
658.09013	0.17452
658.33119	0.17008
658.57224	0.16584
658.81330	0.16187
659.05436	0.15824
659.29542	0.15503
659.53648	0.15227
659.77754	0.14999
660.01860	0.14819
660.25966	0.14685
660.50071	0.14593
660.74177	0.14536
660.98283	0.14505
661.22389	0.14494
661.46495	0.14493
661.70601	0.14495
661.94707	0.14494
662.18812	0.14483
662.42918	0.14460
662.67024	0.14423
662.91130	0.14370
663.15236	0.14302
663.39342	0.14219
663.63448	0.14123
663.87554	0.14016
664.11659	0.13898
664.35765	0.13771
664.59871	0.13638
664.83977	0.13498
665.08083	0.13354
665.32189	0.13205
665.56295	0.13052
665.80400	0.12895
666.04506	0.12735
666.28612	0.12572
666.52718	0.12405
666.76824	0.12236
667.00930	0.12064
667.25036	0.11889
667.49142	0.11713
667.73247	0.11536
667.97353	0.11358
668.21459	0.11179
668.45565	0.11001
668.69671	0.10823
668.93777	0.10646
669.17883	0.10470
669.41988	0.10296
669.66094	0.10124
669.90200	0.09954
670.14306	0.09787
670.38412	0.09623
670.62518	0.09463
670.86624	0.09306
671.10729	0.09152
671.34835	0.09003
671.58941	0.08857
671.83047	0.08714
672.07153	0.08575
672.31259	0.08438
672.55365	0.08304
672.79471	0.08173
673.03576	0.08043
673.27682	0.07915
673.51788	0.07789
673.75894	0.07664
674.00000	0.07541
674.24106	0.07419
674.48212	0.07297
674.72317	0.07177
674.96423	0.07056
675.20529	0.06935
675.44635	0.06814
675.68741	0.06693
675.92847	0.06571
676.16953	0.06448
676.41059	0.06326
676.65164	0.06203
676.89270	0.06081
677.13376	0.05959
677.37482	0.05837
677.61588	0.05717
677.85694	0.05599
678.09800	0.05481
678.33905	0.05366
678.58011	0.05253
678.82117	0.05142
679.06223	0.05034
679.30329	0.04929
679.54435	0.04827
679.78541	0.04728
680.02647	0.04633
680.26752	0.04541
680.50858	0.04452
680.74964	0.04365
680.99070	0.04280
681.23176	0.04198
681.47282	0.04117
681.71388	0.04037
681.95493	0.03958
682.19599	0.03881
682.43705	0.03805
682.67811	0.03730
682.91917	0.03657
683.16023	0.03586
683.40129	0.03517
683.64234	0.03450
683.88340	0.03385
684.12446	0.03322
684.36552	0.03260
684.60658	0.03199
684.84764	0.03140
685.08870	0.03081
685.32976	0.03023
685.57081	0.02965
685.81187	0.02909
686.05293	0.02853
686.29399	0.02799
686.53505	0.02747
686.77611	0.02696
687.01717	0.02648
687.25822	0.02602
687.49928	0.02559
687.74034	0.02519
687.98140	0.02482
688.22246	0.02447
688.46352	0.02415
688.70458	0.02385
688.94564	0.02356
689.18669	0.02329
689.42775	0.02302
689.66881	0.02275
689.90987	0.02248
690.15093	0.02221
690.39199	0.02194
690.63305	0.02168
690.87410	0.02142
691.11516	0.02116
691.35622	0.02092
691.59728	0.02069
691.83834	0.02047
692.07940	0.02026
692.32046	0.02006
692.56152	0.01984
692.80257	0.01963
693.04363	0.01940
693.28469	0.01915
693.52575	0.01889
693.76681	0.01862
694.00787	0.01833
694.24893	0.01802
694.48998	0.01771
694.73104	0.01738
694.97210	0.01705
695.21316	0.01671
695.45422	0.01635
695.69528	0.01599
695.93634	0.01561
696.17740	0.01523
696.41845	0.01484
696.65951	0.01443
696.90057	0.01402
697.14163	0.01361
697.38269	0.01319
697.62375	0.01278
697.86481	0.01236
698.10586	0.01195
698.34692	0.01154
698.58798	0.01113
698.82904	0.01073
699.07010	0.01033
699.31116	0.00994
699.55222	0.00956
699.79327	0.00919
700.03433	0.00884
700.27539	0.00850
700.51645	0.00817
700.75751	0.00787
700.99857	0.00759
701.23963	0.00734
701.48069	0.00711
701.72174	0.00689
701.96280	0.00670
702.20386	0.00653
702.44492	0.00638
702.68598	0.00624
702.92704	0.00612
703.16810	0.00601
703.40915	0.00591
703.65021	0.00583
703.89127	0.00575
704.13233	0.00568
704.37339	0.00561
704.61445	0.00556
704.85551	0.00551
705.09657	0.00546
705.33762	0.00542
705.57868	0.00539
705.81974	0.00536
706.06080	0.00534
706.30186	0.00532
706.54292	0.00531
706.78398	0.00530
707.02503	0.00531
707.26609	0.00532
707.50715	0.00534
707.74821	0.00537
707.98927	0.00541
708.23033	0.00545
708.47139	0.00549
708.71245	0.00552
708.95350	0.00554
709.19456	0.00555
709.43562	0.00555
709.67668	0.00553
709.91774	0.00550
710.15880	0.00546
710.39986	0.00541
710.64091	0.00536
710.88197	0.00531
711.12303	0.00527
711.36409	0.00523
711.60515	0.00519
711.84621	0.00516
712.08727	0.00514
712.32832	0.00512
712.56938	0.00510
712.81044	0.00508
713.05150	0.00506
713.29256	0.00504
713.53362	0.00501
713.77468	0.00498
714.01574	0.00496
714.25679	0.00493
714.49785	0.00490
714.73891	0.00488
714.97997	0.00487
715.22103	0.00487
715.46209	0.00487
715.70315	0.00489
715.94420	0.00491
716.18526	0.00494
716.42632	0.00497
716.66738	0.00500
716.90844	0.00503
717.14950	0.00506
717.39056	0.00507
717.63162	0.00509
717.87267	0.00510
718.11373	0.00511
718.35479	0.00513
718.59585	0.00514
718.83691	0.00515
719.07797	0.00517
719.31903	0.00518
719.56008	0.00518
719.80114	0.00517
720.04220	0.00515
720.28326	0.00513
720.52432	0.00509
720.76538	0.00505
721.00644	0.00500
721.24750	0.00496
721.48855	0.00493
721.72961	0.00491
721.97067	0.00490
722.21173	0.00490
722.45279	0.00490
722.69385	0.00491
722.93491	0.00491
723.17596	0.00491
723.41702	0.00491
723.65808	0.00490
723.89914	0.00489
724.14020	0.00487
724.38126	0.00485
724.62232	0.00484
724.86337	0.00482
725.10443	0.00480
725.34549	0.00479
725.58655	0.00478
725.82761	0.00477
726.06867	0.00476
726.30973	0.00475
726.55079	0.00474
726.79184	0.00474
727.03290	0.00473
727.27396	0.00472
727.51502	0.00471
727.75608	0.00471
727.99714	0.00470
728.23820	0.00470
728.47925	0.00469
728.72031	0.00469
728.96137	0.00469
729.20243	0.00469
729.44349	0.00468
729.68455	0.00467
729.92561	0.00467
730.16667	0.00466
730.40772	0.00465
730.64878	0.00465
730.88984	0.00465
731.13090	0.00465
731.37196	0.00466
731.61302	0.00466
731.85408	0.00466
732.09513	0.00467
732.33619	0.00466
732.57725	0.00465
732.81831	0.00464
733.05937	0.00462
733.30043	0.00460
733.54149	0.00458
733.78255	0.00456
734.02360	0.00454
734.26466	0.00453
734.50572	0.00452
734.74678	0.00451
734.98784	0.00450
735.22890	0.00449
735.46996	0.00448
735.71101	0.00446
735.95207	0.00444
736.19313	0.00442
736.43419	0.00441
736.67525	0.00439
736.91631	0.00438
737.15737	0.00437
737.39842	0.00437
737.63948	0.00436
737.88054	0.00436
738.12160	0.00436
738.36266	0.00435
738.60372	0.00435
738.84478	0.00435
739.08584	0.00435
739.32689	0.00435
739.56795	0.00435
739.80901	0.00435
740.05007	0.00435
740.29113	0.00434
740.53219	0.00434
740.77325	0.00433
741.01430	0.00432
741.25536	0.00431
741.49642	0.00430
741.73748	0.00430
741.97854	0.00430
742.21960	0.00430
742.46066	0.00430
742.70172	0.00429
742.94277	0.00429
743.18383	0.00428
743.42489	0.00426
743.66595	0.00424
743.90701	0.00422
744.14807	0.00421
744.38913	0.00420
744.63018	0.00420
744.87124	0.00421
745.11230	0.00424
745.35336	0.00428
745.59442	0.00433
745.83548	0.00440
746.07654	0.00447
746.31760	0.00455
746.55865	0.00463
746.79971	0.00471
747.04077	0.00480
747.28183	0.00488
747.52289	0.00496
747.76395	0.00503
748.00501	0.00510
748.24606	0.00516
748.48712	0.00522
748.72818	0.00527
748.96924	0.00531
749.21030	0.00535
749.45136	0.00540
749.69242	0.00545
749.93348	0.00551
750.17453	0.00559
750.41559	0.00569
750.65665	0.00581
750.89771	0.00594
751.13877	0.00610
751.37983	0.00626
751.62089	0.00643
751.86194	0.00661
752.10300	0.00678
752.34406	0.00695
752.58512	0.00712
752.82618	0.00728
753.06724	0.00744
753.30830	0.00760
753.54935	0.00776
753.79041	0.00794
754.03147	0.00811
754.27253	0.00831
754.51359	0.00851
754.75465	0.00872
754.99571	0.00895
755.23677	0.00919
755.47782	0.00943
755.71888	0.00968
755.95994	0.00994
756.20100	0.01019
756.44206	0.01044
756.68312	0.01068
756.92418	0.01092
757.16523	0.01115
757.40629	0.01137
757.64735	0.01159
757.88841	0.01181
758.12947	0.01203
758.37053	0.01225
758.61159	0.01248
758.85265	0.01271
759.09370	0.01295
759.33476	0.01319
759.57582	0.01343
759.81688	0.01367
760.05794	0.01391
760.29900	0.01415
760.54006	0.01439
760.78111	0.01463
761.02217	0.01486
761.26323	0.01508
761.50429	0.01531
761.74535	0.01552
761.98641	0.01573
762.22747	0.01594
762.46853	0.01614
762.70958	0.01634
762.95064	0.01653
763.19170	0.01671
763.43276	0.01690
763.67382	0.01708
763.91488	0.01727
764.15594	0.01745
764.39699	0.01764
764.63805	0.01781
764.87911	0.01797
765.12017	0.01812
765.36123	0.01825
765.60229	0.01836
765.84335	0.01844
766.08440	0.01850
766.32546	0.01855
766.56652	0.01859
766.80758	0.01862
767.04864	0.01866
767.28970	0.01870
767.53076	0.01875
767.77182	0.01880
768.01287	0.01886
768.25393	0.01892
768.49499	0.01897
768.73605	0.01901
768.97711	0.01904
769.21817	0.01905
769.45923	0.01906
769.70028	0.01907
769.94134	0.01909
770.18240	0.01912
770.42346	0.01917
770.66452	0.01925
770.90558	0.01937
771.14664	0.01951
771.38770	0.01968
771.62875	0.01988
771.86981	0.02009
772.11087	0.02033
772.35193	0.02057
772.59299	0.02082
772.83405	0.02108
773.07511	0.02134
773.31616	0.02161
773.55722	0.02188
773.79828	0.02216
774.03934	0.02244
774.28040	0.02272
774.52146	0.02301
774.76252	0.02331
775.00358	0.02361
775.24463	0.02391
775.48569	0.02422
775.72675	0.02453
775.96781	0.02483
776.20887	0.02513
776.44993	0.02542
776.69099	0.02571
776.93204	0.02598
777.17310	0.02624
777.41416	0.02649
777.65522	0.02672
777.89628	0.02694
778.13734	0.02715
778.37840	0.02735
778.61945	0.02754
778.86051	0.02771
779.10157	0.02788
779.34263	0.02804
779.58369	0.02819
779.82475	0.02833
780.06581	0.02847
780.30687	0.02860
780.54792	0.02871
780.78898	0.02883
781.03004	0.02894
781.27110	0.02904
781.51216	0.02915
781.75322	0.02924
781.99428	0.02934
782.23533	0.02943
782.47639	0.02952
782.71745	0.02960
782.95851	0.02967
783.19957	0.02974
783.44063	0.02979
783.68169	0.02983
783.92275	0.02986
784.16380	0.02988
784.40486	0.02988
784.64592	0.02987
784.88698	0.02985
785.12804	0.02981
785.36910	0.02975
785.61016	0.02967
785.85121	0.02958
786.09227	0.02946
786.33333	0.02931
786.57439	0.02914
786.81545	0.02894
787.05651	0.02872
787.29757	0.02848
787.53863	0.02822
787.77968	0.02796
788.02074	0.02768
788.26180	0.02740
788.50286	0.02712
788.74392	0.02684
788.98498	0.02655
789.22604	0.02625
789.46709	0.02595
789.70815	0.02563
789.94921	0.02530
790.19027	0.02497
790.43133	0.02465
790.67239	0.02432
790.91345	0.02402
791.15451	0.02373
791.39556	0.02347
791.63662	0.02324
791.87768	0.02303
792.11874	0.02283
792.35980	0.02266
792.60086	0.02249
792.84192	0.02233
793.08297	0.02217
793.32403	0.02202
793.56509	0.02186
793.80615	0.02171
794.04721	0.02158
794.28827	0.02146
794.52933	0.02137
794.77038	0.02131
795.01144	0.02127
795.25250	0.02128
795.49356	0.02132
795.73462	0.02138
795.97568	0.02147
796.21674	0.02158
796.45780	0.02170
796.69885	0.02182
796.93991	0.02194
797.18097	0.02205
797.42203	0.02214
797.66309	0.02222
797.90415	0.02228
798.14521	0.02233
798.38626	0.02237
798.62732	0.02239
798.86838	0.02240
799.10944	0.02240
799.35050	0.02240
799.59156	0.02240
799.83262	0.02240
800.07368	0.02240
800.31473	0.02240
800.55579	0.02241
800.79685	0.02243
801.03791	0.02245
801.27897	0.02248
801.52003	0.02253
801.76109	0.02258
802.00214	0.02265
802.24320	0.02273
802.48426	0.02282
802.72532	0.02292
802.96638	0.02303
803.20744	0.02316
803.44850	0.02328
803.68956	0.02340
803.93061	0.02352
804.17167	0.02364
804.41273	0.02375
804.65379	0.02386
804.89485	0.02396
805.13591	0.02406
805.37697	0.02416
805.61802	0.02426
805.85908	0.02436
806.10014	0.02447
806.34120	0.02458
806.58226	0.02470
806.82332	0.02481
807.06438	0.02493
807.30543	0.02504
807.54649	0.02515
807.78755	0.02525
808.02861	0.02536
808.26967	0.02546
808.51073	0.02556
808.75179	0.02567
808.99285	0.02576
809.23390	0.02586
809.47496	0.02596
809.71602	0.02605
809.95708	0.02615
810.19814	0.02624
810.43920	0.02634
810.68026	0.02644
810.92131	0.02655
811.16237	0.02666
811.40343	0.02678
811.64449	0.02690
811.88555	0.02702
812.12661	0.02713
812.36767	0.02724
812.60873	0.02734
812.84978	0.02743
813.09084	0.02750
813.33190	0.02758
813.57296	0.02764
813.81402	0.02771
814.05508	0.02778
814.29614	0.02785
814.53719	0.02793
814.77825	0.02801
815.01931	0.02809
815.26037	0.02818
815.50143	0.02827
815.74249	0.02836
815.98355	0.02844
816.22461	0.02853
816.46566	0.02861
816.70672	0.02869
816.94778	0.02876
817.18884	0.02882
817.42990	0.02888
817.67096	0.02894
817.91202	0.02901
818.15307	0.02908
818.39413	0.02915
818.63519	0.02923
818.87625	0.02932
819.11731	0.02941
819.35837	0.02949
819.59943	0.02957
819.84048	0.02964
820.08154	0.02969
820.32260	0.02974
820.56366	0.02977
820.80472	0.02979
821.04578	0.02982
821.28684	0.02985
821.52790	0.02988
821.76895	0.02992
822.01001	0.02997
822.25107	0.03002
822.49213	0.03007
822.73319	0.03011
822.97425	0.03015
823.21531	0.03017
823.45636	0.03018
823.69742	0.03018
823.93848	0.03016
824.17954	0.03015
824.42060	0.03014
824.66166	0.03012
824.90272	0.03012
825.14378	0.03011
825.38483	0.03011
825.62589	0.03011
825.86695	0.03010
826.10801	0.03008
826.34907	0.03005
826.59013	0.03002
826.83119	0.02998
827.07224	0.02993
827.31330	0.02988
827.55436	0.02983
827.79542	0.02978
828.03648	0.02972
828.27754	0.02967
828.51860	0.02961
828.75966	0.02954
829.00071	0.02947
829.24177	0.02938
829.48283	0.02929
829.72389	0.02919
829.96495	0.02909
830.20601	0.02898
830.44707	0.02887
830.68812	0.02876
830.92918	0.02865
831.17024	0.02854
831.41130	0.02843
831.65236	0.02832
831.89342	0.02822
832.13448	0.02812
832.37553	0.02802
832.61659	0.02792
832.85765	0.02783
833.09871	0.02773
833.33977	0.02763
833.58083	0.02752
833.82189	0.02741
834.06295	0.02729
834.30400	0.02715
834.54506	0.02700
834.78612	0.02683
835.02718	0.02664
835.26824	0.02643
835.50930	0.02620
835.75036	0.02596
835.99141	0.02570
836.23247	0.02542
836.47353	0.02514
836.71459	0.02484
836.95565	0.02454
837.19671	0.02423
837.43777	0.02391
837.67883	0.02358
837.91988	0.02324
838.16094	0.02289
838.40200	0.02253
838.64306	0.02217
838.88412	0.02180
839.12518	0.02142
839.36624	0.02104
839.60729	0.02065
839.84835	0.02025
840.08941	0.01985
840.33047	0.01944
840.57153	0.01903
840.81259	0.01863
841.05365	0.01824
841.29471	0.01786
841.53576	0.01749
841.77682	0.01714
842.01788	0.01680
842.25894	0.01647
842.50000	0.01615
842.74106	0.01583
842.98212	0.01551
843.22317	0.01520
843.46423	0.01488
843.70529	0.01457
843.94635	0.01427
844.18741	0.01397
844.42847	0.01368
844.66953	0.01341
844.91059	0.01316
845.15164	0.01292
845.39270	0.01269
845.63376	0.01248
845.87482	0.01228
846.11588	0.01210
846.35694	0.01193
846.59800	0.01178
846.83905	0.01166
847.08011	0.01155
847.32117	0.01147
847.56223	0.01141
847.80329	0.01138
848.04435	0.01136
848.28541	0.01136
848.52646	0.01137
848.76752	0.01139
849.00858	0.01141
849.24964	0.01143
849.49070	0.01145
849.73176	0.01145
849.97282	0.01146
850.21388	0.01146
850.45493	0.01145
850.69599	0.01145
850.93705	0.01146
851.17811	0.01147
851.41917	0.01148
851.66023	0.01151
851.90129	0.01153
852.14234	0.01157
852.38340	0.01160
852.62446	0.01163
852.86552	0.01166
853.10658	0.01168
853.34764	0.01171
853.58870	0.01173
853.82976	0.01176
854.07081	0.01179
854.31187	0.01184
854.55293	0.01189
854.79399	0.01194
855.03505	0.01201
855.27611	0.01207
855.51717	0.01213
855.75822	0.01219
855.99928	0.01225
856.24034	0.01229
856.48140	0.01232
856.72246	0.01235
856.96352	0.01236
857.20458	0.01236
857.44564	0.01236
857.68669	0.01235
857.92775	0.01234
858.16881	0.01232
858.40987	0.01230
858.65093	0.01227
858.89199	0.01225
859.13305	0.01222
859.37410	0.01220
859.61516	0.01217
859.85622	0.01214
860.09728	0.01211
860.33834	0.01208
860.57940	0.01204
860.82046	0.01200
861.06151	0.01195
861.30257	0.01188
861.54363	0.01181
861.78469	0.01172
862.02575	0.01162
862.26681	0.01151
862.50787	0.01139
862.74893	0.01126
862.98998	0.01112
863.23104	0.01099
863.47210	0.01086
863.71316	0.01073
863.95422	0.01060
864.19528	0.01048
864.43634	0.01036
864.67739	0.01023
864.91845	0.01010
865.15951	0.00997
865.40057	0.00982
865.64163	0.00967
865.88269	0.00951
866.12375	0.00934
866.36481	0.00917
866.60586	0.00899
866.84692	0.00882
867.08798	0.00864
867.32904	0.00846
867.57010	0.00828
867.81116	0.00811
868.05222	0.00793
868.29327	0.00776
868.53433	0.00759
868.77539	0.00742
869.01645	0.00726
869.25751	0.00710
869.49857	0.00693
869.73963	0.00678
869.98069	0.00663
870.22174	0.00649
870.46280	0.00637
870.70386	0.00629
870.94492	0.00623
871.18598	0.00622
871.42704	0.00625
871.66810	0.00632
871.90915	0.00642
872.15021	0.00655
872.39127	0.00670
872.63233	0.00686
872.87339	0.00702
873.11445	0.00719
873.35551	0.00735
873.59656	0.00751
873.83762	0.00765
874.07868	0.00779
874.31974	0.00791
874.56080	0.00804
874.80186	0.00815
875.04292	0.00825
875.28398	0.00835
875.52503	0.00843
875.76609	0.00850
876.00715	0.00855
876.24821	0.00859
876.48927	0.00861
876.73033	0.00862
876.97139	0.00861
877.21244	0.00858
877.45350	0.00854
877.69456	0.00849
877.93562	0.00843
878.17668	0.00836
878.41774	0.00828
878.65880	0.00819
878.89986	0.00810
879.14091	0.00800
879.38197	0.00789
879.62303	0.00778
879.86409	0.00767
880.10515	0.00756
880.34621	0.00745
880.58727	0.00735
880.82832	0.00724
881.06938	0.00714
881.31044	0.00704
881.55150	0.00695
881.79256	0.00685
882.03362	0.00675
882.27468	0.00665
882.51574	0.00654
882.75679	0.00644
882.99785	0.00633
883.23891	0.00623
883.47997	0.00612
883.72103	0.00602
883.96209	0.00592
884.20315	0.00582
884.44420	0.00572
884.68526	0.00562
884.92632	0.00552
885.16738	0.00541
885.40844	0.00530
885.64950	0.00519
885.89056	0.00507
886.13161	0.00495
886.37267	0.00482
886.61373	0.00469
886.85479	0.00456
887.09585	0.00444
887.33691	0.00432
887.57797	0.00421
887.81903	0.00410
888.06008	0.00401
888.30114	0.00392
888.54220	0.00384
888.78326	0.00377
889.02432	0.00369
889.26538	0.00362
889.50644	0.00355
889.74749	0.00348
889.98855	0.00341
890.22961	0.00335
890.47067	0.00328
890.71173	0.00321
890.95279	0.00314
891.19385	0.00308
891.43491	0.00301
891.67596	0.00295
891.91702	0.00288
892.15808	0.00282
892.39914	0.00275
892.64020	0.00269
892.88126	0.00263
893.12232	0.00257
893.36337	0.00251
893.60443	0.00247
893.84549	0.00242
894.08655	0.00239
894.32761	0.00236
894.56867	0.00233
894.80973	0.00231
895.05079	0.00229
895.29184	0.00227
895.53290	0.00225
895.77396	0.00222
896.01502	0.00220
896.25608	0.00216
896.49714	0.00213
896.73820	0.00209
896.97925	0.00205
897.22031	0.00201
897.46137	0.00197
897.70243	0.00193
897.94349	0.00189
898.18455	0.00186
898.42561	0.00182
898.66667	0.00178
898.90772	0.00174
899.14878	0.00169
899.38984	0.00164
899.63090	0.00158
