0.00000	0.12996
0.24106	0.13252
0.48212	0.13930
0.72318	0.14791
0.96423	0.15517
1.20529	0.15795
1.44635	0.15410
1.68741	0.14297
1.92847	0.12551
2.16953	0.10403
2.41059	0.08147
2.65165	0.06042
2.89270	0.04279
3.13376	0.02956
3.37482	0.02073
3.61588	0.01559
3.85694	0.01303
4.09800	0.01150
4.33906	0.01064
4.58011	0.01006
4.82117	0.00966
5.06223	0.00949
5.30329	0.00963
5.54435	0.01014
5.78541	0.01093
6.02647	0.01188
6.26753	0.01279
6.50858	0.01352
6.74964	0.01400
6.99070	0.01424
7.23176	0.01431
7.47282	0.01429
7.71388	0.01422
7.95494	0.01412
8.19599	0.01398
8.43705	0.01375
8.67811	0.01342
8.91917	0.01302
9.16023	0.01260
9.40129	0.01224
9.64235	0.01201
9.88340	0.01193
10.12446	0.01198
10.36552	0.01212
10.60658	0.01229
10.84764	0.01244
11.08870	0.01256
11.32976	0.01267
11.57082	0.01280
11.81187	0.01296
12.05293	0.01315
12.29399	0.01334
12.53505	0.01347
12.77611	0.01348
13.01717	0.01335
13.25823	0.01308
13.49928	0.01275
13.74034	0.01243
13.98140	0.01219
14.22246	0.01208
14.46352	0.01211
14.70458	0.01225
14.94564	0.01242
15.18670	0.01257
15.42775	0.01265
15.66881	0.01264
15.90987	0.01255
16.15093	0.01242
16.39199	0.01225
16.63305	0.01203
16.87411	0.01176
17.11516	0.01140
17.35622	0.01092
17.59728	0.01034
17.83834	0.00966
18.07940	0.00893
18.32046	0.00821
18.56152	0.00752
18.80258	0.00688
19.04363	0.00630
19.28469	0.00574
19.52575	0.00483
19.76681	0.00375
20.00787	0.00264
20.24893	0.00170
20.48999	0.00108
20.73104	0.00089
20.97210	0.00116
21.21316	0.00186
21.45422	0.00302
21.69528	0.00439
21.93634	0.00595
22.17740	0.00764
22.41845	0.00941
22.65951	0.01119
22.90057	0.01292
23.14163	0.01459
23.38269	0.01619
23.62375	0.01774
23.86481	0.01927
24.10587	0.02084
24.34692	0.02244
24.58798	0.02408
24.82904	0.02574
25.07010	0.02739
25.31116	0.02902
25.55222	0.03062
25.79328	0.03219
26.03433	0.03374
26.27539	0.03527
26.51645	0.03680
26.75751	0.03834
26.99857	0.03989
27.23963	0.04149
27.48069	0.04319
27.72175	0.04507
27.96280	0.04720
28.20386	0.04968
28.44492	0.05254
28.68598	0.05581
28.92704	0.05945
29.16810	0.06343
29.40916	0.06769
29.65021	0.07218
29.89127	0.07685
30.13233	0.08167
30.37339	0.08660
30.61445	0.09156
30.85551	0.09646
31.09657	0.10120
31.33763	0.10564
31.57868	0.10968
31.81974	0.11323
32.06080	0.11629
32.30186	0.11889
32.54292	0.12114
32.78398	0.12319
33.02504	0.12523
33.26609	0.12743
33.50715	0.12996
33.74821	0.13297
33.98927	0.13660
34.23033	0.14092
34.47139	0.14598
34.71245	0.15178
34.95350	0.15826
35.19456	0.16531
35.43562	0.17281
35.67668	0.18065
35.91774	0.18877
36.15880	0.19724
36.39986	0.20623
36.64092	0.21600
36.88197	0.22692
37.12303	0.23931
37.36409	0.25339
37.60515	0.26917
37.84621	0.28641
38.08727	0.30460
38.32833	0.32300
38.56938	0.34073
38.81044	0.35689
39.05150	0.37071
39.29256	0.38164
39.53362	0.38947
39.77468	0.39432
40.01574	0.39664
40.25680	0.39715
40.49785	0.39667
40.73891	0.39608
40.97997	0.39615
41.22103	0.39745
41.46209	0.40031
41.70315	0.40483
41.94421	0.41087
42.18526	0.41819
42.42632	0.42650
42.66738	0.43553
42.90844	0.44517
43.14950	0.45538
43.39056	0.46626
43.63162	0.47792
43.87268	0.49045
44.11373	0.50379
44.35479	0.51770
44.59585	0.53172
44.83691	0.54524
45.07797	0.55755
45.31903	0.56796
45.56009	0.57590
45.80114	0.58108
46.04220	0.58346
46.28326	0.58339
46.52432	0.58146
46.76538	0.57854
47.00644	0.57563
47.24750	0.57371
47.48855	0.57369
47.72961	0.57629
47.97067	0.58195
48.21173	0.59085
48.45279	0.60296
48.69385	0.61804
48.93491	0.63583
49.17597	0.65609
49.41702	0.67873
49.65808	0.70382
49.89914	0.73161
50.14020	0.76239
50.38126	0.79639
50.62232	0.83363
50.86338	0.87375
51.10443	0.91600
51.34549	0.95917
51.58655	1.00175
51.82761	1.04208
52.06867	1.07862
52.30973	1.11011
52.55079	1.13583
52.79185	1.15562
53.03290	1.16994
53.27396	1.17968
53.51502	1.18602
53.75608	1.19022
53.99714	1.19336
54.23820	1.19623
54.47926	1.19929
54.72031	1.20265
54.96137	1.20624
55.20243	1.20993
55.44349	1.21375
55.68455	1.21805
55.92561	1.22354
56.16667	1.23129
56.40773	1.24263
56.64878	1.25892
56.88984	1.28129
57.13090	1.31039
57.37196	1.34617
57.61302	1.38779
57.85408	1.43360
58.09514	1.48137
58.33619	1.52852
58.57725	1.57249
58.81831	1.61108
59.05937	1.64275
59.30043	1.66677
59.54149	1.68327
59.78255	1.69305
60.02361	1.69742
60.26466	1.69781
60.50572	1.69554
60.74678	1.69151
60.98784	1.68617
61.22890	1.67948
61.46996	1.67109
61.71102	1.66056
61.95207	1.64766
62.19313	1.63257
62.43419	1.61606
62.67525	1.59948
62.91631	1.58466
63.15737	1.57370
63.39843	1.56860
63.63948	1.57098
63.88054	1.58175
64.12160	1.60094
64.36266	1.62764
64.60372	1.66015
64.84478	1.69615
65.08584	1.73312
65.32690	1.76863
65.56795	1.80066
65.80901	1.82782
66.05007	1.84944
66.29113	1.86543
66.53219	1.87611
66.77325	1.88196
67.01431	1.88335
67.25536	1.88035
67.49642	1.87267
67.73748	1.85970
67.97854	1.84072
68.21960	1.81509
68.46066	1.78257
68.70172	1.74347
68.94278	1.69879
69.18383	1.65016
69.42489	1.59972
69.66595	1.54981
69.90701	1.50277
70.14807	1.46058
70.38913	1.42465
70.63019	1.39571
70.87124	1.37384
71.11230	1.35859
71.35336	1.34915
71.59442	1.34466
71.83548	1.34438
72.07654	1.34785
72.31760	1.35500
72.55866	1.36603
72.79971	1.38132
73.04077	1.40115
73.28183	1.42552
73.52289	1.45387
73.76395	1.48506
74.00501	1.51732
74.24607	1.54839
74.48712	1.57577
74.72818	1.59703
74.96924	1.61018
75.21030	1.61394
75.45136	1.60796
75.69242	1.59287
75.93348	1.57027
76.17453	1.54247
76.41559	1.51224
76.65665	1.48248
76.89771	1.45585
77.13877	1.43457
77.37983	1.42020
77.62089	1.41358
77.86195	1.41494
78.10300	1.42396
78.34406	1.44000
78.58512	1.46231
78.82618	1.49018
79.06724	1.52306
79.30830	1.56053
79.54936	1.60227
79.79041	1.64789
80.03147	1.69677
80.27253	1.74790
80.51359	1.79980
80.75465	1.85059
80.99571	1.89803
81.23677	1.93985
81.47783	1.97403
81.71888	1.99906
81.95994	2.01423
82.20100	2.01976
82.44206	2.01678
82.68312	2.00716
82.92418	1.99325
83.16524	1.97746
83.40629	1.96201
83.64735	1.94853
83.88841	1.93798
84.12947	1.93062
84.37053	1.92614
84.61159	1.92396
84.85265	1.92352
85.09371	1.92458
85.33476	1.92742
85.57582	1.93285
85.81688	1.94216
86.05794	1.95681
86.29900	1.97813
86.54006	2.00687
86.78112	2.04296
87.02217	2.08529
87.26323	2.13173
87.50429	2.17934
87.74535	2.22476
87.98641	2.26464
88.22747	2.29618
88.46853	2.31753
88.70958	2.32804
88.95064	2.32828
89.19170	2.31991
89.43276	2.30528
89.67382	2.28696
89.91488	2.26730
90.15594	2.24805
90.39700	2.23010
90.63805	2.21354
90.87911	2.19777
91.12017	2.18193
91.36123	2.16520
91.60229	2.14728
91.84335	2.12855
92.08441	2.11021
92.32546	2.09413
92.56652	2.08255
92.80758	2.07765
93.04864	2.08112
93.28970	2.09379
93.53076	2.11538
93.77182	2.14447
94.01288	2.17869
94.25393	2.21505
94.49499	2.25044
94.73605	2.28204
94.97711	2.30780
95.21817	2.32665
95.45923	2.33852
95.70029	2.34428
95.94134	2.34536
96.18240	2.34340
96.42346	2.33980
96.66452	2.33545
96.90558	2.33053
97.14664	2.32450
97.38770	2.31635
97.62876	2.30487
97.86981	2.28904
98.11087	2.26840
98.35193	2.24330
98.59299	2.21500
98.83405	2.18554
99.07511	2.15753
99.31617	2.13373
99.55722	2.11663
99.79828	2.10806
100.03934	2.10893
100.28040	2.11906
100.52146	2.13732
100.76252	2.16179
101.00358	2.19019
101.24464	2.22021
101.48569	2.24990
101.72675	2.27793
101.96781	2.30369
102.20887	2.32719
102.44993	2.34889
102.69099	2.36936
102.93205	2.38898
103.17310	2.40767
103.41416	2.42475
103.65522	2.43897
103.89628	2.44873
104.13734	2.45235
104.37840	2.44849
104.61946	2.43647
104.86051	2.41653
105.10157	2.38991
105.34263	2.35876
105.58369	2.32582
105.82475	2.29408
106.06581	2.26631
106.30687	2.24466
106.54793	2.23041
106.78898	2.22387
107.03004	2.22442
107.27110	2.23084
107.51216	2.24160
107.75322	2.25533
107.99428	2.27107
108.23534	2.28854
108.47639	2.30811
108.71745	2.33070
108.95851	2.35741
109.19957	2.38917
109.44063	2.42636
109.68169	2.46847
109.92275	2.51404
110.16381	2.56069
110.40486	2.60545
110.64592	2.64511
110.88698	2.67678
111.12804	2.69833
111.36910	2.70875
111.61016	2.70826
111.85122	2.69831
112.09227	2.68124
112.33333	2.65994
112.57439	2.63731
112.81545	2.61581
113.05651	2.59721
113.29757	2.58235
113.53863	2.57124
113.77969	2.56330
114.02074	2.55766
114.26180	2.55358
114.50286	2.55077
114.74392	2.54960
114.98498	2.55110
115.22604	2.55687
115.46710	2.56869
115.70815	2.58817
115.94921	2.61630
116.19027	2.65311
116.43133	2.69748
116.67239	2.74720
116.91345	2.79912
117.15451	2.84963
117.39556	2.89517
117.63662	2.93271
117.87768	2.96022
118.11874	2.97694
118.35980	2.98336
118.60086	2.98110
118.84192	2.97244
119.08298	2.95993
119.32403	2.94580
119.56509	2.93168
119.80615	2.91831
120.04721	2.90558
120.28827	2.89276
120.52933	2.87888
120.77039	2.86312
121.01144	2.84525
121.25250	2.82589
121.49356	2.80658
121.73462	2.78961
121.97568	2.77773
122.21674	2.77362
122.45780	2.77943
122.69886	2.79636
122.93991	2.82437
123.18097	2.86214
123.42203	2.90729
123.66309	2.95670
123.90415	3.00704
124.14521	3.05532
124.38627	3.09923
124.62732	3.13749
124.86838	3.16983
125.10944	3.19684
125.35050	3.21963
125.59156	3.23937
125.83262	3.25688
126.07368	3.27236
126.31474	3.28522
126.55579	3.29423
126.79685	3.29775
127.03791	3.29420
127.27897	3.28248
127.52003	3.26236
127.76109	3.23472
128.00215	3.20155
128.24320	3.16577
128.48426	3.13084
128.72532	3.10027
128.96638	3.07707
129.20744	3.06334
129.44850	3.05998
129.68956	3.06658
129.93061	3.08157
130.17167	3.10258
130.41273	3.12685
130.65379	3.15171
130.89485	3.17505
131.13591	3.19555
131.37697	3.21278
131.61803	3.22715
131.85908	3.23955
132.10014	3.25102
132.34120	3.26232
132.58226	3.27359
132.82332	3.28415
133.06438	3.29255
133.30544	3.29673
133.54649	3.29448
133.78755	3.28382
134.02861	3.26349
134.26967	3.23328
134.51073	3.19420
134.75179	3.14841
134.99285	3.09892
135.23391	3.04918
135.47496	3.00250
135.71602	2.96160
135.95708	2.92826
136.19814	2.90310
136.43920	2.88566
136.68026	2.87464
136.92132	2.86826
137.16237	2.86471
137.40343	2.86259
137.64449	2.86114
137.88555	2.86033
138.12661	2.86080
138.36767	2.86354
138.60873	2.86955
138.84979	2.87941
139.09084	2.89303
139.33190	2.90940
139.57296	2.92671
139.81402	2.94252
140.05508	2.95412
140.29614	2.95903
140.53720	2.95539
140.77825	2.94232
141.01931	2.92003
141.26037	2.88982
141.50143	2.85384
141.74249	2.81469
141.98355	2.77500
142.22461	2.73702
142.46566	2.70232
142.70672	2.67164
142.94778	2.64492
143.18884	2.62152
143.42990	2.60054
143.67096	2.58111
143.91202	2.56277
144.15308	2.54560
144.39413	2.53028
144.63519	2.51794
144.87625	2.50997
145.11731	2.50760
145.35837	2.51160
145.59943	2.52203
145.84049	2.53805
146.08154	2.55799
146.32260	2.57953
146.56366	2.60001
146.80472	2.61687
147.04578	2.62798
147.28684	2.63199
147.52790	2.62849
147.76896	2.61802
148.01001	2.60185
148.25107	2.58175
148.49213	2.55957
148.73319	2.53691
148.97425	2.51484
149.21531	2.49378
149.45637	2.47351
149.69742	2.45335
149.93848	2.43240
150.17954	2.40992
150.42060	2.38555
150.66166	2.35954
150.90272	2.33277
151.14378	2.30667
151.38484	2.28295
151.62589	2.26332
151.86695	2.24914
152.10801	2.24113
152.34907	2.23922
152.59013	2.24251
152.83119	2.24943
153.07225	2.25799
153.31330	2.26612
153.55436	2.27201
153.79542	2.27439
154.03648	2.27272
154.27754	2.26714
154.51860	2.25839
154.75966	2.24755
155.00072	2.23575
155.24177	2.22388
155.48283	2.21237
155.72389	2.20113
155.96495	2.18957
156.20601	2.17679
156.44707	2.16178
156.68813	2.14375
156.92918	2.12233
157.17024	2.09774
157.41130	2.07081
157.65236	2.04291
157.89342	2.01574
158.13448	1.99106
158.37554	1.97042
158.61659	1.95490
158.85765	1.94497
159.09871	1.94043
159.33977	1.94048
159.58083	1.94390
159.82189	1.94929
160.06295	1.95529
160.30401	1.96086
160.54506	1.96539
160.78612	1.96873
161.02718	1.97119
161.26824	1.97331
161.50930	1.97575
161.75036	1.97897
161.99142	1.98316
162.23247	1.98805
162.47353	1.99299
162.71459	1.99699
162.95565	1.99896
163.19671	1.99786
163.43777	1.99301
163.67883	1.98419
163.91989	1.97176
164.16094	1.95661
164.40200	1.94005
164.64306	1.92360
164.88412	1.90873
165.12518	1.89665
165.36624	1.88809
165.60730	1.88324
165.84835	1.88174
166.08941	1.88283
166.33047	1.88556
166.57153	1.88895
166.81259	1.89231
167.05365	1.89531
167.29471	1.89806
167.53577	1.90109
167.77682	1.90513
168.01788	1.91095
168.25894	1.91909
168.50000	1.92969
168.74106	1.94237
168.98212	1.95622
169.22318	1.96993
169.46423	1.98201
169.70529	1.99104
169.94635	1.99593
170.18741	1.99614
170.42847	1.99176
170.66953	1.98347
170.91059	1.97249
171.15164	1.96028
171.39270	1.94831
171.63376	1.93783
171.87482	1.92964
172.11588	1.92405
172.35694	1.92086
172.59800	1.91947
172.83906	1.91910
173.08011	1.91900
173.32117	1.91863
173.56223	1.91781
173.80329	1.91677
174.04435	1.91611
174.28541	1.91664
174.52647	1.91918
174.76752	1.92437
175.00858	1.93248
175.24964	1.94327
175.49070	1.95605
175.73176	1.96971
175.97282	1.98289
176.21388	1.99428
176.45494	2.00276
176.69599	2.00766
176.93705	2.00883
177.17811	2.00667
177.41917	2.00202
177.66023	1.99598
177.90129	1.98972
178.14235	1.98419
178.38340	1.98003
178.62446	1.97744
178.86552	1.97619
179.10658	1.97572
179.34764	1.97537
179.58870	1.97453
179.82976	1.97287
180.07082	1.97048
180.31187	1.96787
180.55293	1.96595
180.79399	1.96581
181.03505	1.96855
181.27611	1.97498
181.51717	1.98548
181.75823	1.99980
181.99928	2.01711
182.24034	2.03610
182.48140	2.05519
182.72246	2.07278
182.96352	2.08758
183.20458	2.09879
183.44564	2.10623
183.68669	2.11034
183.92775	2.11210
184.16881	2.11272
184.40987	2.11349
184.65093	2.11543
184.89199	2.11913
185.13305	2.12467
185.37411	2.13162
185.61516	2.13919
185.85622	2.14643
186.09728	2.15249
186.33834	2.15682
186.57940	2.15938
186.82046	2.16063
187.06152	2.16154
187.30257	2.16340
187.54363	2.16755
187.78469	2.17519
188.02575	2.18707
188.26681	2.20335
188.50787	2.22355
188.74893	2.24656
188.98999	2.27090
189.23104	2.29489
189.47210	2.31701
189.71316	2.33611
189.95422	2.35163
190.19528	2.36367
190.43634	2.37286
190.67740	2.38026
190.91845	2.38704
191.15951	2.39420
191.40057	2.40238
191.64163	2.41166
191.88269	2.42158
192.12375	2.43122
192.36481	2.43947
192.60587	2.44527
192.84692	2.44789
193.08798	2.44715
193.32904	2.44351
193.57010	2.43800
193.81116	2.43210
194.05222	2.42747
194.29328	2.42561
194.53433	2.42765
194.77539	2.43408
195.01645	2.44472
195.25751	2.45871
195.49857	2.47477
195.73963	2.49134
195.98069	2.50699
196.22174	2.52059
196.46280	2.53152
196.70386	2.53976
196.94492	2.54583
197.18598	2.55060
197.42704	2.55504
197.66810	2.56001
197.90916	2.56600
198.15021	2.57301
198.39127	2.58051
198.63233	2.58756
198.87339	2.59299
199.11445	2.59570
199.35551	2.59487
199.59657	2.59020
199.83762	2.58201
200.07868	2.57120
200.31974	2.55916
200.56080	2.54747
200.80186	2.53768
201.04292	2.53097
201.28398	2.52799
201.52504	2.52877
201.76609	2.53269
202.00715	2.53869
202.24821	2.54550
202.48927	2.55187
202.73033	2.55688
202.97139	2.56009
203.21245	2.56157
203.45350	2.56192
203.69456	2.56202
203.93562	2.56283
204.17668	2.56515
204.41774	2.56935
204.65880	2.57531
204.89986	2.58236
205.14092	2.58940
205.38197	2.59510
205.62303	2.59817
205.86409	2.59757
206.10515	2.59277
206.34621	2.58379
206.58727	2.57125
206.82833	2.55623
207.06938	2.54009
207.31044	2.52422
207.55150	2.50980
207.79256	2.49764
208.03362	2.48805
208.27468	2.48082
208.51574	2.47536
208.75680	2.47082
208.99785	2.46629
209.23891	2.46105
209.47997	2.45466
209.72103	2.44709
209.96209	2.43870
210.20315	2.43013
210.44421	2.42217
210.68526	2.41550
210.92632	2.41056
211.16738	2.40739
211.40844	2.40555
211.64950	2.40423
211.89056	2.40234
212.13162	2.39871
212.37267	2.39238
212.61373	2.38273
212.85479	2.36966
213.09585	2.35357
213.33691	2.33535
213.57797	2.31615
213.81903	2.29719
214.06009	2.27950
214.30114	2.26376
214.54220	2.25016
214.78326	2.23844
215.02432	2.22794
215.26538	2.21784
215.50644	2.20733
215.74750	2.19581
215.98855	2.18308
216.22961	2.16936
216.47067	2.15525
216.71173	2.14160
216.95279	2.12936
217.19385	2.11930
217.43491	2.11191
217.67597	2.10722
217.91702	2.10481
218.15808	2.10386
218.39914	2.10331
218.64020	2.10203
218.88126	2.09902
219.12232	2.09358
219.36338	2.08540
219.60443	2.07463
219.84549	2.06175
220.08655	2.04749
220.32761	2.03267
220.56867	2.01800
220.80973	2.00399
221.05079	1.99083
221.29185	1.97844
221.53290	1.96647
221.77396	1.95446
222.01502	1.94200
222.25608	1.92880
222.49714	1.91486
222.73820	1.90051
222.97926	1.88632
223.22031	1.87310
223.46137	1.86166
223.70243	1.85273
223.94349	1.84674
224.18455	1.84379
224.42561	1.84351
224.66667	1.84520
224.90772	1.84786
225.14878	1.85041
225.38984	1.85184
225.63090	1.85140
225.87196	1.84867
226.11302	1.84367
226.35408	1.83678
226.59514	1.82862
226.83619	1.81994
227.07725	1.81140
227.31831	1.80347
227.55937	1.79631
227.80043	1.78977
228.04149	1.78344
228.28255	1.77679
228.52360	1.76927
228.76466	1.76052
229.00572	1.75044
229.24678	1.73925
229.48784	1.72750
229.72890	1.71595
229.96996	1.70543
230.21102	1.69674
230.45207	1.69041
230.69313	1.68671
230.93419	1.68549
231.17525	1.68629
231.41631	1.68839
231.65737	1.69092
231.89843	1.69304
232.13948	1.69410
232.38054	1.69367
232.62160	1.69167
232.86266	1.68827
233.10372	1.68390
233.34478	1.67906
233.58584	1.67425
233.82690	1.66980
234.06795	1.66582
234.30901	1.66218
234.55007	1.65850
234.79113	1.65429
235.03219	1.64906
235.27325	1.64241
235.51431	1.63418
235.75536	1.62451
235.99642	1.61381
236.23748	1.60272
236.47854	1.59202
236.71960	1.58247
236.96066	1.57469
237.20172	1.56906
237.44277	1.56566
237.68383	1.56427
237.92489	1.56445
238.16595	1.56563
238.40701	1.56724
238.64807	1.56882
238.88913	1.57013
239.13019	1.57114
239.37124	1.57204
239.61230	1.57317
239.85336	1.57490
240.09442	1.57750
240.33548	1.58109
240.57654	1.58553
240.81760	1.59043
241.05865	1.59522
241.29971	1.59919
241.54077	1.60168
241.78183	1.60216
242.02289	1.60034
242.26395	1.59623
242.50501	1.59019
242.74607	1.58281
242.98712	1.57486
243.22818	1.56716
243.46924	1.56042
243.71030	1.55516
243.95136	1.55164
244.19242	1.54983
244.43348	1.54947
244.67453	1.55017
244.91559	1.55147
245.15665	1.55302
245.39771	1.55462
245.63877	1.55629
245.87983	1.55825
246.12089	1.56087
246.36195	1.56459
246.60300	1.56976
246.84406	1.57657
247.08512	1.58497
247.32618	1.59461
247.56724	1.60490
247.80830	1.61511
248.04936	1.62444
248.29041	1.63218
248.53147	1.63785
248.77253	1.64124
249.01359	1.64250
249.25465	1.64202
249.49571	1.64042
249.73677	1.63840
249.97783	1.63659
250.21888	1.63548
250.45994	1.63534
250.70100	1.63617
250.94206	1.63775
251.18312	1.63976
251.42418	1.64184
251.66524	1.64369
251.90629	1.64521
252.14735	1.64648
252.38841	1.64780
252.62947	1.64963
252.87053	1.65245
253.11159	1.65672
253.35265	1.66273
253.59370	1.67057
253.83476	1.68004
254.07582	1.69070
254.31688	1.70195
254.55794	1.71309
254.79900	1.72345
255.04006	1.73251
255.28112	1.73996
255.52217	1.74574
255.76323	1.75000
256.00429	1.75310
256.24535	1.75545
256.48641	1.75746
256.72747	1.75940
256.96853	1.76137
257.20958	1.76329
257.45064	1.76489
257.69170	1.76582
257.93276	1.76573
258.17382	1.76438
258.41488	1.76173
258.65594	1.75798
258.89700	1.75356
259.13805	1.74909
259.37911	1.74530
259.62017	1.74285
259.86123	1.74227
260.10229	1.74387
260.34335	1.74762
260.58441	1.75324
260.82546	1.76020
261.06652	1.76786
261.30758	1.77554
261.54864	1.78270
261.78970	1.78895
262.03076	1.79418
262.27182	1.79846
262.51288	1.80204
262.75393	1.80522
262.99499	1.80827
263.23605	1.81131
263.47711	1.81428
263.71817	1.81690
263.95923	1.81874
264.20029	1.81930
264.44134	1.81811
264.68240	1.81485
264.92346	1.80944
265.16452	1.80207
265.40558	1.79321
265.64664	1.78352
265.88770	1.77379
266.12875	1.76478
266.36981	1.75713
266.61087	1.75125
266.85193	1.74729
267.09299	1.74513
267.33405	1.74443
267.57511	1.74469
267.81617	1.74541
268.05722	1.74615
268.29828	1.74660
268.53934	1.74663
268.78040	1.74631
269.02146	1.74583
269.26252	1.74542
269.50358	1.74531
269.74463	1.74558
269.98569	1.74619
270.22675	1.74687
270.46781	1.74721
270.70887	1.74671
270.94993	1.74486
271.19099	1.74127
271.43205	1.73571
271.67310	1.72819
271.91416	1.71897
272.15522	1.70852
272.39628	1.69744
272.63734	1.68638
272.87840	1.67589
273.11946	1.66640
273.36051	1.65811
273.60157	1.65101
273.84263	1.64487
274.08369	1.63939
274.32475	1.63419
274.56581	1.62899
274.80687	1.62362
275.04793	1.61806
275.28898	1.61249
275.53004	1.60716
275.77110	1.60241
276.01216	1.59849
276.25322	1.59557
276.49428	1.59359
276.73534	1.59234
276.97639	1.59138
277.21745	1.59020
277.45851	1.58821
277.69957	1.58492
277.94063	1.57997
278.18169	1.57322
278.42275	1.56473
278.66380	1.55480
278.90486	1.54386
279.14592	1.53241
279.38698	1.52094
279.62804	1.50984
279.86910	1.49937
280.11016	1.48961
280.35122	1.48050
280.59227	1.47190
280.83333	1.46363
281.07439	1.45555
281.31545	1.44762
281.55651	1.43990
281.79757	1.43258
282.03863	1.42593
282.27968	1.42021
282.52074	1.41569
282.76180	1.41250
283.00286	1.41062
283.24392	1.40986
283.48498	1.40986
283.72604	1.41014
283.96710	1.41019
284.20815	1.40947
284.44921	1.40759
284.69027	1.40427
284.93133	1.39944
285.17239	1.39318
285.41345	1.38575
285.65451	1.37748
285.89556	1.36873
286.13662	1.35981
286.37768	1.35093
286.61874	1.34220
286.85980	1.33358
287.10086	1.32497
287.34192	1.31624
287.58298	1.30729
287.82403	1.29808
288.06509	1.28870
288.30615	1.27937
288.54721	1.27040
288.78827	1.26213
289.02933	1.25491
289.27039	1.24899
289.51144	1.24449
289.75250	1.24137
289.99356	1.23942
290.23462	1.23830
290.47568	1.23757
290.71674	1.23680
290.95780	1.23558
291.19885	1.23364
291.43991	1.23084
291.68097	1.22716
291.92203	1.22272
292.16309	1.21771
292.40415	1.21231
292.64521	1.20671
292.88627	1.20099
293.12732	1.19515
293.36838	1.18910
293.60944	1.18273
293.85050	1.17588
294.09156	1.16847
294.33262	1.16050
294.57368	1.15207
294.81473	1.14341
295.05579	1.13484
295.29685	1.12672
295.53791	1.11942
295.77897	1.11322
296.02003	1.10831
296.26109	1.10474
296.50215	1.10242
296.74320	1.10115
296.98426	1.10067
297.22532	1.10069
297.46638	1.10093
297.70744	1.10123
297.94850	1.10149
298.18956	1.10171
298.43061	1.10196
298.67167	1.10233
298.91273	1.10292
299.15379	1.10375
299.39485	1.10476
299.63591	1.10581
299.87697	1.10668
300.11803	1.10710
300.35908	1.10682
300.60014	1.10562
300.84120	1.10340
301.08226	1.10020
301.32332	1.09616
301.56438	1.09157
301.80544	1.08678
302.04649	1.08217
302.28755	1.07809
302.52861	1.07481
302.76967	1.07249
303.01073	1.07116
303.25179	1.07073
303.49285	1.07104
303.73391	1.07189
303.97496	1.07308
304.21602	1.07447
304.45708	1.07598
304.69814	1.07762
304.93920	1.07946
305.18026	1.08162
305.42132	1.08420
305.66237	1.08726
305.90343	1.09078
306.14449	1.09465
306.38555	1.09867
306.62661	1.10258
306.86767	1.10611
307.10873	1.10901
307.34978	1.11111
307.59084	1.11235
307.83190	1.11280
308.07296	1.11263
308.31402	1.11211
308.55508	1.11154
308.79614	1.11118
309.03720	1.11127
309.27825	1.11192
309.51931	1.11314
309.76037	1.11488
310.00143	1.11698
310.24249	1.11929
310.48355	1.12169
310.72461	1.12410
310.96566	1.12654
311.20672	1.12911
311.44778	1.13198
311.68884	1.13533
311.92990	1.13934
312.17096	1.14411
312.41202	1.14965
312.65308	1.15585
312.89413	1.16251
313.13519	1.16932
313.37625	1.17594
313.61731	1.18206
313.85837	1.18739
314.09943	1.19179
314.34049	1.19520
314.58154	1.19773
314.82260	1.19955
315.06366	1.20092
315.30472	1.20209
315.54578	1.20330
315.78684	1.20468
316.02790	1.20631
316.26896	1.20813
316.51001	1.21006
316.75107	1.21196
316.99213	1.21371
317.23319	1.21526
317.47425	1.21664
317.71531	1.21795
317.95637	1.21940
318.19742	1.22124
318.43848	1.22369
318.67954	1.22695
318.92060	1.23113
319.16166	1.23620
319.40272	1.24204
319.64378	1.24839
319.88483	1.25498
320.12589	1.26149
320.36695	1.26765
320.60801	1.27327
320.84907	1.27827
321.09013	1.28267
321.33119	1.28657
321.57225	1.29012
321.81330	1.29347
322.05436	1.29673
322.29542	1.29994
322.53648	1.30304
322.77754	1.30592
323.01860	1.30841
323.25966	1.31038
323.50071	1.31172
323.74177	1.31244
323.98283	1.31263
324.22389	1.31253
324.46495	1.31246
324.70601	1.31276
324.94707	1.31379
325.18813	1.31580
325.42918	1.31896
325.67024	1.32326
325.91130	1.32858
326.15236	1.33466
326.39342	1.34118
326.63448	1.34777
326.87554	1.35414
327.11659	1.36006
327.35765	1.36540
327.59871	1.37018
327.83977	1.37448
328.08083	1.37843
328.32189	1.38219
328.56295	1.38586
328.80401	1.38945
329.04506	1.39290
329.28612	1.39604
329.52718	1.39864
329.76824	1.40049
330.00930	1.40139
330.25036	1.40126
330.49142	1.40013
330.73247	1.39817
330.97353	1.39566
331.21459	1.39298
331.45565	1.39050
331.69671	1.38858
331.93777	1.38746
332.17883	1.38726
332.41988	1.38798
332.66094	1.38945
332.90200	1.39145
333.14306	1.39371
333.38412	1.39597
333.62518	1.39807
333.86624	1.39991
334.10730	1.40151
334.34835	1.40298
334.58941	1.40444
334.83047	1.40601
335.07153	1.40774
335.31259	1.40958
335.55365	1.41136
335.79471	1.41285
336.03576	1.41370
336.27682	1.41363
336.51788	1.41237
336.75894	1.40979
337.00000	1.40589
337.24106	1.40083
337.48212	1.39490
337.72318	1.38845
337.96423	1.38188
338.20529	1.37551
338.44635	1.36958
338.68741	1.36422
338.92847	1.35942
339.16953	1.35505
339.41059	1.35095
339.65164	1.34693
339.89270	1.34286
340.13376	1.33867
340.37482	1.33437
340.61588	1.33008
340.85694	1.32596
341.09800	1.32218
341.33906	1.31889
341.58011	1.31615
341.82117	1.31392
342.06223	1.31207
342.30329	1.31036
342.54435	1.30848
342.78541	1.30613
343.02647	1.30303
343.26752	1.29898
343.50858	1.29389
343.74964	1.28779
343.99070	1.28082
344.23176	1.27322
344.47282	1.26525
344.71388	1.25716
344.95493	1.24917
345.19599	1.24140
345.43705	1.23391
345.67811	1.22665
345.91917	1.21954
346.16023	1.21248
346.40129	1.20539
346.64235	1.19826
346.88340	1.19112
347.12446	1.18408
347.36552	1.17730
347.60658	1.17095
347.84764	1.16514
348.08870	1.15994
348.32976	1.15534
348.57081	1.15121
348.81187	1.14733
349.05293	1.14346
349.29399	1.13931
349.53505	1.13464
349.77611	1.12929
350.01717	1.12318
350.25823	1.11635
350.49928	1.10893
350.74034	1.10112
350.98140	1.09313
351.22246	1.08517
351.46352	1.07741
351.70458	1.06991
351.94564	1.06268
352.18669	1.05565
352.42775	1.04872
352.66881	1.04176
352.90987	1.03469
353.15093	1.02748
353.39199	1.02014
353.63305	1.01279
353.87411	1.00558
354.11516	0.99866
354.35622	0.99220
354.59728	0.98630
354.83834	0.98101
355.07940	0.97627
355.32046	0.97198
355.56152	0.96796
355.80257	0.96400
356.04363	0.95992
356.28469	0.95555
356.52575	0.95080
356.76681	0.94565
357.00787	0.94014
357.24893	0.93436
357.48999	0.92843
357.73104	0.92244
357.97210	0.91649
358.21316	0.91060
358.45422	0.90476
358.69528	0.89890
358.93634	0.89293
359.17740	0.88679
359.41845	0.88041
359.65951	0.87379
359.90057	0.86697
360.14163	0.86005
360.38269	0.85319
360.62375	0.84655
360.86481	0.84026
361.10586	0.83445
361.34692	0.82917
361.58798	0.82441
361.82904	0.82008
362.07010	0.81607
362.31116	0.81223
362.55222	0.80841
362.79328	0.80449
363.03433	0.80040
363.27539	0.79611
363.51645	0.79165
363.75751	0.78709
363.99857	0.78251
364.23963	0.77799
364.48069	0.77356
364.72174	0.76922
364.96280	0.76493
365.20386	0.76061
365.44492	0.75614
365.68598	0.75142
365.92704	0.74637
366.16810	0.74094
366.40916	0.73517
366.65021	0.72911
366.89127	0.72289
367.13233	0.71664
367.37339	0.71051
367.61445	0.70461
367.85551	0.69900
368.09657	0.69372
368.33762	0.68872
368.57868	0.68394
368.81974	0.67927
369.06080	0.67461
369.30186	0.66987
369.54292	0.66498
369.78398	0.65990
370.02504	0.65465
370.26609	0.64924
370.50715	0.64371
370.74821	0.63810
370.98927	0.63242
371.23033	0.62667
371.47139	0.62082
371.71245	0.61480
371.95350	0.60855
372.19456	0.60200
372.43562	0.59508
372.67668	0.58778
372.91774	0.58009
373.15880	0.57204
373.39986	0.56370
373.64091	0.55516
373.88197	0.54651
374.12303	0.53782
374.36409	0.52915
374.60515	0.52055
374.84621	0.51203
375.08727	0.50357
375.32833	0.49517
375.56938	0.48679
375.81044	0.47844
376.05150	0.47012
376.29256	0.46185
376.53362	0.45370
376.77468	0.44575
377.01574	0.43806
377.25679	0.43072
377.49785	0.42377
377.73891	0.41724
377.97997	0.41114
378.22103	0.40542
378.46209	0.40011
378.70315	0.39519
378.94421	0.39065
379.18526	0.38650
379.42632	0.38277
379.66738	0.37950
379.90844	0.37676
380.14950	0.37461
380.39056	0.37311
380.63162	0.37235
380.87267	0.37234
381.11373	0.37310
381.35479	0.37462
381.59585	0.37688
381.83691	0.37983
382.07797	0.38345
382.31903	0.38769
382.56009	0.39254
382.80114	0.39797
383.04220	0.40399
383.28326	0.41062
383.52432	0.41785
383.76538	0.42568
384.00644	0.43407
384.24750	0.44300
384.48855	0.45241
384.72961	0.46222
384.97067	0.47232
385.21173	0.48260
385.45279	0.49296
385.69385	0.50332
385.93491	0.51357
386.17596	0.52371
386.41702	0.53375
386.65808	0.54367
386.89914	0.55349
387.14020	0.56322
387.38126	0.57285
387.62232	0.58236
387.86338	0.59169
388.10443	0.60080
388.34549	0.60966
388.58655	0.61821
388.82761	0.62646
389.06867	0.63444
389.30973	0.64219
389.55079	0.64981
389.79184	0.65740
390.03290	0.66507
390.27396	0.67290
390.51502	0.68093
390.75608	0.68920
390.99714	0.69767
391.23820	0.70626
391.47926	0.71491
391.72031	0.72348
391.96137	0.73189
392.20243	0.74006
392.44349	0.74793
392.68455	0.75547
392.92561	0.76271
393.16667	0.76965
393.40772	0.77635
393.64878	0.78282
393.88984	0.78908
394.13090	0.79510
394.37196	0.80084
394.61302	0.80622
394.85408	0.81119
395.09514	0.81568
395.33619	0.81969
395.57725	0.82323
395.81831	0.82640
396.05937	0.82933
396.30043	0.83219
396.54149	0.83514
396.78255	0.83837
397.02360	0.84201
397.26466	0.84613
397.50572	0.85077
397.74678	0.85591
397.98784	0.86149
398.22890	0.86745
398.46996	0.87372
398.71102	0.88025
398.95207	0.88701
399.19313	0.89402
399.43419	0.90130
399.67525	0.90885
399.91631	0.91669
400.15737	0.92476
400.39843	0.93299
400.63948	0.94124
400.88054	0.94933
401.12160	0.95707
401.36266	0.96428
401.60372	0.97077
401.84478	0.97645
402.08584	0.98127
402.32689	0.98527
402.56795	0.98854
402.80901	0.99123
403.05007	0.99351
403.29113	0.99557
403.53219	0.99754
403.77325	0.99954
404.01431	1.00160
404.25536	1.00373
404.49642	1.00587
404.73748	1.00797
404.97854	1.00995
405.21960	1.01176
405.46066	1.01340
405.70172	1.01487
405.94277	1.01625
406.18383	1.01758
406.42489	1.01893
406.66595	1.02035
406.90701	1.02183
407.14807	1.02332
407.38913	1.02473
407.63019	1.02595
407.87124	1.02682
408.11230	1.02721
408.35336	1.02701
408.59442	1.02617
408.83548	1.02467
409.07654	1.02258
409.31760	1.01998
409.55865	1.01701
409.79971	1.01379
410.04077	1.01047
410.28183	1.00713
410.52289	1.00382
410.76395	1.00058
411.00501	0.99739
411.24607	0.99421
411.48712	0.99102
411.72818	0.98779
411.96924	0.98452
412.21030	0.98124
412.45136	0.97799
412.69242	0.97484
412.93348	0.97183
413.17453	0.96899
413.41559	0.96632
413.65665	0.96377
413.89771	0.96126
414.13877	0.95867
414.37983	0.95588
414.62089	0.95276
414.86194	0.94921
415.10300	0.94518
415.34406	0.94064
415.58512	0.93563
415.82618	0.93022
416.06724	0.92449
416.30830	0.91852
416.54936	0.91241
416.79041	0.90620
417.03147	0.89991
417.27253	0.89355
417.51359	0.88710
417.75465	0.88052
417.99571	0.87379
418.23677	0.86692
418.47782	0.85994
418.71888	0.85290
418.95994	0.84589
419.20100	0.83899
419.44206	0.83231
419.68312	0.82591
419.92418	0.81983
420.16524	0.81409
420.40629	0.80865
420.64735	0.80343
420.88841	0.79835
421.12947	0.79330
421.37053	0.78819
421.61159	0.78294
421.85265	0.77749
422.09370	0.77182
422.33476	0.76593
422.57582	0.75984
422.81688	0.75358
423.05794	0.74717
423.29900	0.74065
423.54006	0.73401
423.78112	0.72724
424.02217	0.72033
424.26323	0.71325
424.50429	0.70597
424.74535	0.69848
424.98641	0.69078
425.22747	0.68290
425.46853	0.67487
425.70958	0.66675
425.95064	0.65862
426.19170	0.65055
426.43276	0.64261
426.67382	0.63487
426.91488	0.62735
427.15594	0.62008
427.39699	0.61306
427.63805	0.60628
427.87911	0.59971
428.12017	0.59333
428.36123	0.58712
428.60229	0.58106
428.84335	0.57514
429.08441	0.56938
429.32546	0.56375
429.56652	0.55827
429.80758	0.55290
430.04864	0.54762
430.28970	0.54239
430.53076	0.53715
430.77182	0.53184
431.01287	0.52640
431.25393	0.52081
431.49499	0.51503
431.73605	0.50909
431.97711	0.50300
432.21817	0.49681
432.45923	0.49059
432.70029	0.48441
432.94134	0.47832
433.18240	0.47236
433.42346	0.46658
433.66452	0.46097
433.90558	0.45552
434.14664	0.45024
434.38770	0.44510
434.62875	0.44011
434.86981	0.43529
435.11087	0.43066
435.35193	0.42626
435.59299	0.42213
435.83405	0.41833
436.07511	0.41488
436.31617	0.41183
436.55722	0.40919
436.79828	0.40697
437.03934	0.40516
437.28040	0.40373
437.52146	0.40266
437.76252	0.40195
438.00358	0.40158
438.24463	0.40156
438.48569	0.40190
438.72675	0.40263
438.96781	0.40378
439.20887	0.40539
439.44993	0.40746
439.69099	0.41001
439.93204	0.41301
440.17310	0.41643
440.41416	0.42022
440.65522	0.42432
440.89628	0.42865
441.13734	0.43315
441.37840	0.43776
441.61946	0.44243
441.86051	0.44711
442.10157	0.45181
442.34263	0.45650
442.58369	0.46119
442.82475	0.46585
443.06581	0.47046
443.30687	0.47498
443.54792	0.47934
443.78898	0.48349
444.03004	0.48735
444.27110	0.49087
444.51216	0.49402
444.75322	0.49675
444.99428	0.49909
445.23534	0.50105
445.47639	0.50267
445.71745	0.50400
445.95851	0.50509
446.19957	0.50598
446.44063	0.50669
446.68169	0.50721
446.92275	0.50754
447.16380	0.50765
447.40486	0.50752
447.64592	0.50712
447.88698	0.50646
448.12804	0.50555
448.36910	0.50442
448.61016	0.50314
448.85122	0.50175
449.09227	0.50029
449.33333	0.49880
449.57439	0.49730
449.81545	0.49578
450.05651	0.49423
450.29757	0.49261
450.53863	0.49091
450.77968	0.48912
451.02074	0.48724
451.26180	0.48532
451.50286	0.48340
451.74392	0.48155
451.98498	0.47984
452.22604	0.47833
452.46710	0.47705
452.70815	0.47602
452.94921	0.47521
453.19027	0.47458
453.43133	0.47408
453.67239	0.47362
453.91345	0.47316
454.15451	0.47263
454.39556	0.47201
454.63662	0.47130
454.87768	0.47051
455.11874	0.46966
455.35980	0.46880
455.60086	0.46796
455.84192	0.46716
456.08297	0.46641
456.32403	0.46570
456.56509	0.46503
456.80615	0.46435
457.04721	0.46367
457.28827	0.46295
457.52933	0.46221
457.77039	0.46147
458.01144	0.46077
458.25250	0.46015
458.49356	0.45966
458.73462	0.45937
458.97568	0.45932
459.21674	0.45952
459.45780	0.45999
459.69885	0.46072
459.93991	0.46168
460.18097	0.46285
460.42203	0.46420
460.66309	0.46571
460.90415	0.46739
461.14521	0.46924
461.38627	0.47131
461.62732	0.47362
461.86838	0.47621
462.10944	0.47910
462.35050	0.48230
462.59156	0.48579
462.83262	0.48950
463.07368	0.49338
463.31473	0.49733
463.55579	0.50127
463.79685	0.50513
464.03791	0.50884
464.27897	0.51237
464.52003	0.51569
464.76109	0.51882
465.00215	0.52176
465.24320	0.52452
465.48426	0.52711
465.72532	0.52953
465.96638	0.53176
466.20744	0.53376
466.44850	0.53551
466.68956	0.53697
466.93061	0.53814
467.17167	0.53900
467.41273	0.53959
467.65379	0.53994
467.89485	0.54012
468.13591	0.54020
468.37697	0.54023
468.61802	0.54027
468.85908	0.54037
469.10014	0.54051
469.34120	0.54071
469.58226	0.54092
469.82332	0.54111
470.06438	0.54124
470.30544	0.54127
470.54649	0.54118
470.78755	0.54096
471.02861	0.54063
471.26967	0.54021
471.51073	0.53975
471.75179	0.53926
471.99285	0.53877
472.23390	0.53830
472.47496	0.53782
472.71602	0.53731
472.95708	0.53673
473.19814	0.53603
473.43920	0.53518
473.68026	0.53416
473.92132	0.53295
474.16237	0.53157
474.40343	0.53007
474.64449	0.52850
474.88555	0.52691
475.12661	0.52535
475.36767	0.52387
475.60873	0.52250
475.84978	0.52124
476.09084	0.52007
476.33190	0.51897
476.57296	0.51792
476.81402	0.51689
477.05508	0.51586
477.29614	0.51482
477.53720	0.51379
477.77825	0.51277
478.01931	0.51180
478.26037	0.51088
478.50143	0.51004
478.74249	0.50927
478.98355	0.50855
479.22461	0.50786
479.46566	0.50717
479.70672	0.50643
479.94778	0.50560
480.18884	0.50466
480.42990	0.50359
480.67096	0.50238
480.91202	0.50105
481.15307	0.49961
481.39413	0.49808
481.63519	0.49650
481.87625	0.49489
482.11731	0.49324
482.35837	0.49157
482.59943	0.48987
482.84049	0.48812
483.08154	0.48632
483.32260	0.48444
483.56366	0.48251
483.80472	0.48053
484.04578	0.47853
484.28684	0.47654
484.52790	0.47461
484.76895	0.47277
485.01001	0.47106
485.25107	0.46947
485.49213	0.46801
485.73319	0.46666
485.97425	0.46537
486.21531	0.46410
486.45637	0.46279
486.69742	0.46142
486.93848	0.45993
487.17954	0.45833
487.42060	0.45661
487.66166	0.45480
487.90272	0.45291
488.14378	0.45098
488.38483	0.44905
488.62589	0.44713
488.86695	0.44525
489.10801	0.44340
489.34907	0.44159
489.59013	0.43979
489.83119	0.43800
490.07225	0.43621
490.31330	0.43441
490.55436	0.43262
490.79542	0.43083
491.03648	0.42909
491.27754	0.42741
491.51860	0.42583
491.75966	0.42435
492.00071	0.42299
492.24177	0.42177
492.48283	0.42066
492.72389	0.41966
492.96495	0.41874
493.20601	0.41790
493.44707	0.41712
493.68812	0.41639
493.92918	0.41568
494.17024	0.41502
494.41130	0.41439
494.65236	0.41379
494.89342	0.41322
495.13448	0.41268
495.37554	0.41215
495.61659	0.41162
495.85765	0.41107
496.09871	0.41048
496.33977	0.40984
496.58083	0.40913
496.82189	0.40835
497.06295	0.40751
497.30400	0.40662
497.54506	0.40570
497.78612	0.40478
498.02718	0.40387
498.26824	0.40301
498.50930	0.40220
498.75036	0.40144
498.99142	0.40074
499.23247	0.40007
499.47353	0.39943
499.71459	0.39878
499.95565	0.39813
500.19671	0.39744
500.43777	0.39673
500.67883	0.39599
500.91988	0.39522
501.16094	0.39442
501.40200	0.39359
501.64306	0.39272
501.88412	0.39179
502.12518	0.39077
502.36624	0.38961
502.60730	0.38828
502.84835	0.38674
503.08941	0.38495
503.33047	0.38290
503.57153	0.38057
503.81259	0.37799
504.05365	0.37517
504.29471	0.37216
504.53576	0.36903
504.77682	0.36583
505.01788	0.36266
505.25894	0.35960
505.50000	0.35675
505.74106	0.35424
505.98212	0.35219
506.22318	0.35071
506.46423	0.34991
506.70529	0.34990
506.94635	0.35073
507.18741	0.35245
507.42847	0.35505
507.66953	0.35846
507.91059	0.36262
508.15164	0.36737
508.39270	0.37259
508.63376	0.37809
508.87482	0.38371
509.11588	0.38929
509.35694	0.39470
509.59800	0.39984
509.83905	0.40466
510.08011	0.40913
510.32117	0.41325
510.56223	0.41704
510.80329	0.42055
511.04435	0.42380
511.28541	0.42685
511.52647	0.42973
511.76752	0.43246
512.00858	0.43506
512.24964	0.43752
512.49070	0.43986
512.73176	0.44208
512.97282	0.44419
513.21388	0.44620
513.45493	0.44814
513.69599	0.45004
513.93705	0.45193
514.17811	0.45381
514.41917	0.45571
514.66023	0.45763
514.90129	0.45955
515.14235	0.46146
515.38340	0.46333
515.62446	0.46514
515.86552	0.46685
516.10658	0.46845
516.34764	0.46993
516.58870	0.47128
516.82976	0.47251
517.07081	0.47363
517.31187	0.47464
517.55293	0.47556
517.79399	0.47641
518.03505	0.47719
518.27611	0.47792
518.51717	0.47861
518.75823	0.47927
518.99928	0.47990
519.24034	0.48052
519.48140	0.48114
519.72246	0.48178
519.96352	0.48243
520.20458	0.48313
520.44564	0.48387
520.68669	0.48466
520.92775	0.48550
521.16881	0.48637
521.40987	0.48727
521.65093	0.48818
521.89199	0.48907
522.13305	0.48991
522.37410	0.49068
522.61516	0.49137
522.85622	0.49195
523.09728	0.49243
523.33834	0.49282
523.57940	0.49312
523.82046	0.49335
524.06152	0.49351
524.30257	0.49362
524.54363	0.49369
524.78469	0.49371
525.02575	0.49369
525.26681	0.49362
525.50787	0.49352
525.74893	0.49339
525.98998	0.49327
526.23104	0.49319
526.47210	0.49319
526.71316	0.49332
526.95422	0.49362
527.19528	0.49411
527.43634	0.49481
527.67740	0.49573
527.91845	0.49686
528.15951	0.49818
528.40057	0.49966
528.64163	0.50126
528.88269	0.50298
529.12375	0.50478
529.36481	0.50667
529.60586	0.50864
529.84692	0.51070
530.08798	0.51285
530.32904	0.51509
530.57010	0.51742
530.81116	0.51982
531.05222	0.52227
531.29328	0.52474
531.53433	0.52718
531.77539	0.52956
532.01645	0.53183
532.25751	0.53396
532.49857	0.53594
532.73963	0.53775
532.98069	0.53940
533.22174	0.54089
533.46280	0.54225
533.70386	0.54349
533.94492	0.54461
534.18598	0.54563
534.42704	0.54655
534.66810	0.54735
534.90915	0.54803
535.15021	0.54857
535.39127	0.54896
535.63233	0.54920
535.87339	0.54927
536.11445	0.54921
536.35551	0.54901
536.59657	0.54870
536.83762	0.54830
537.07868	0.54782
537.31974	0.54729
537.56080	0.54670
537.80186	0.54604
538.04292	0.54531
538.28398	0.54449
538.52503	0.54357
538.76609	0.54253
539.00715	0.54138
539.24821	0.54011
539.48927	0.53877
539.73033	0.53737
539.97139	0.53595
540.21245	0.53455
540.45350	0.53322
540.69456	0.53199
540.93562	0.53089
541.17668	0.52993
541.41774	0.52911
541.65880	0.52843
541.89986	0.52789
542.14091	0.52748
542.38197	0.52717
542.62303	0.52695
542.86409	0.52682
543.10515	0.52677
543.34621	0.52679
543.58727	0.52687
543.82833	0.52700
544.06938	0.52716
544.31044	0.52733
544.55150	0.52748
544.79256	0.52759
545.03362	0.52764
545.27468	0.52761
545.51574	0.52746
545.75679	0.52720
545.99785	0.52680
546.23891	0.52626
546.47997	0.52557
546.72103	0.52472
546.96209	0.52369
547.20315	0.52247
547.44421	0.52105
547.68526	0.51940
547.92632	0.51751
548.16738	0.51537
548.40844	0.51298
548.64950	0.51035
548.89056	0.50749
549.13162	0.50444
549.37267	0.50124
549.61373	0.49794
549.85479	0.49459
550.09585	0.49126
550.33691	0.48798
550.57797	0.48483
550.81903	0.48184
551.06008	0.47907
551.30114	0.47655
551.54220	0.47432
551.78326	0.47239
552.02432	0.47080
552.26538	0.46955
552.50644	0.46864
552.74750	0.46807
552.98855	0.46783
553.22961	0.46791
553.47067	0.46827
553.71173	0.46891
553.95279	0.46979
554.19385	0.47088
554.43491	0.47217
554.67596	0.47362
554.91702	0.47522
555.15808	0.47696
555.39914	0.47880
555.64020	0.48074
555.88126	0.48277
556.12232	0.48486
556.36338	0.48701
556.60443	0.48920
556.84549	0.49141
557.08655	0.49360
557.32761	0.49575
557.56867	0.49783
557.80973	0.49980
558.05079	0.50163
558.29184	0.50331
558.53290	0.50482
558.77396	0.50616
559.01502	0.50733
559.25608	0.50834
559.49714	0.50922
559.73820	0.50997
559.97926	0.51061
560.22031	0.51115
560.46137	0.51159
560.70243	0.51193
560.94349	0.51216
561.18455	0.51228
561.42561	0.51229
561.66667	0.51218
561.90772	0.51196
562.14878	0.51164
562.38984	0.51123
562.63090	0.51075
562.87196	0.51022
563.11302	0.50965
563.35408	0.50906
563.59513	0.50848
563.83619	0.50791
564.07725	0.50736
564.31831	0.50686
564.55937	0.50641
564.80043	0.50602
565.04149	0.50570
565.28255	0.50545
565.52360	0.50528
565.76466	0.50520
566.00572	0.50520
566.24678	0.50527
566.48784	0.50541
566.72890	0.50561
566.96996	0.50583
567.21101	0.50606
567.45207	0.50629
567.69313	0.50649
567.93419	0.50666
568.17525	0.50678
568.41631	0.50687
568.65737	0.50692
568.89843	0.50697
569.13948	0.50703
569.38054	0.50713
569.62160	0.50727
569.86266	0.50749
570.10372	0.50777
570.34478	0.50812
570.58584	0.50852
570.82689	0.50896
571.06795	0.50943
571.30901	0.50992
571.55007	0.51042
571.79113	0.51094
572.03219	0.51148
572.27325	0.51207
572.51431	0.51271
572.75536	0.51340
572.99642	0.51416
573.23748	0.51497
573.47854	0.51581
573.71960	0.51666
573.96066	0.51750
574.20172	0.51832
574.44277	0.51909
574.68383	0.51982
574.92489	0.52052
575.16595	0.52120
575.40701	0.52189
575.64807	0.52263
575.88913	0.52345
576.13018	0.52437
576.37124	0.52543
576.61230	0.52662
576.85336	0.52797
577.09442	0.52947
577.33548	0.53110
577.57654	0.53286
577.81760	0.53471
578.05865	0.53664
578.29971	0.53864
578.54077	0.54070
578.78183	0.54279
579.02289	0.54492
579.26395	0.54707
579.50501	0.54925
579.74606	0.55143
579.98712	0.55359
580.22818	0.55572
580.46924	0.55779
580.71030	0.55979
580.95136	0.56172
581.19242	0.56355
581.43348	0.56532
581.67453	0.56703
581.91559	0.56870
582.15665	0.57036
582.39771	0.57203
582.63877	0.57373
582.87983	0.57546
583.12089	0.57722
583.36194	0.57902
583.60300	0.58085
583.84406	0.58271
584.08512	0.58461
584.32618	0.58654
584.56724	0.58852
584.80830	0.59055
585.04936	0.59264
585.29041	0.59479
585.53147	0.59700
585.77253	0.59925
586.01359	0.60152
586.25465	0.60380
586.49571	0.60605
586.73677	0.60825
586.97782	0.61037
587.21888	0.61237
587.45994	0.61425
587.70100	0.61600
587.94206	0.61762
588.18312	0.61910
588.42418	0.62048
588.66523	0.62177
588.90629	0.62300
589.14735	0.62418
589.38841	0.62532
589.62947	0.62644
589.87053	0.62753
590.11159	0.62860
590.35265	0.62964
590.59370	0.63064
590.83476	0.63160
591.07582	0.63253
591.31688	0.63342
591.55794	0.63430
591.79900	0.63516
592.04006	0.63602
592.28111	0.63688
592.52217	0.63774
592.76323	0.63861
593.00429	0.63945
593.24535	0.64026
593.48641	0.64102
593.72747	0.64169
593.96853	0.64226
594.20958	0.64271
594.45064	0.64303
594.69170	0.64322
594.93276	0.64328
595.17382	0.64321
595.41488	0.64303
595.65594	0.64274
595.89699	0.64236
596.13805	0.64188
596.37911	0.64132
596.62017	0.64066
596.86123	0.63992
597.10229	0.63910
597.34335	0.63819
597.58441	0.63722
597.82546	0.63620
598.06652	0.63515
598.30758	0.63411
598.54864	0.63312
598.78970	0.63220
599.03076	0.63139
599.27182	0.63073
599.51287	0.63025
599.75393	0.62994
599.99499	0.62981
600.23605	0.62985
600.47711	0.63001
600.71817	0.63025
600.95923	0.63052
601.20029	0.63074
601.44134	0.63085
601.68240	0.63080
601.92346	0.63054
602.16452	0.63003
602.40558	0.62926
602.64664	0.62823
602.88770	0.62695
603.12875	0.62542
603.36981	0.62369
603.61087	0.62177
603.85193	0.61967
604.09299	0.61743
604.33405	0.61504
604.57511	0.61252
604.81616	0.60987
605.05722	0.60709
605.29828	0.60419
605.53934	0.60117
605.78040	0.59803
606.02146	0.59477
606.26252	0.59140
606.50358	0.58792
606.74463	0.58434
606.98569	0.58066
607.22675	0.57687
607.46781	0.57299
607.70887	0.56901
607.94993	0.56492
608.19099	0.56072
608.43204	0.55640
608.67310	0.55195
608.91416	0.54736
609.15522	0.54261
609.39628	0.53769
609.63734	0.53257
609.87840	0.52723
610.11946	0.52168
610.36051	0.51591
610.60157	0.50992
610.84263	0.50372
611.08369	0.49735
611.32475	0.49084
611.56581	0.48423
611.80687	0.47758
612.04792	0.47093
612.28898	0.46436
612.53004	0.45791
612.77110	0.45165
613.01216	0.44564
613.25322	0.43994
613.49428	0.43461
613.73534	0.42968
613.97639	0.42521
614.21745	0.42123
614.45851	0.41776
614.69957	0.41481
614.94063	0.41237
615.18169	0.41042
615.42275	0.40891
615.66380	0.40780
615.90486	0.40703
616.14592	0.40651
616.38698	0.40618
616.62804	0.40597
616.86910	0.40580
617.11016	0.40563
617.35121	0.40540
617.59227	0.40507
617.83333	0.40463
618.07439	0.40407
618.31545	0.40337
618.55651	0.40254
618.79757	0.40159
619.03863	0.40053
619.27968	0.39936
619.52074	0.39809
619.76180	0.39675
620.00286	0.39534
620.24392	0.39388
620.48498	0.39238
620.72604	0.39085
620.96709	0.38931
621.20815	0.38776
621.44921	0.38620
621.69027	0.38463
621.93133	0.38304
622.17239	0.38142
622.41345	0.37974
622.65451	0.37798
622.89556	0.37612
623.13662	0.37414
623.37768	0.37202
623.61874	0.36976
623.85980	0.36736
624.10086	0.36481
624.34192	0.36213
624.58297	0.35933
624.82403	0.35644
625.06509	0.35346
625.30615	0.35043
625.54721	0.34734
625.78827	0.34423
626.02933	0.34110
626.27039	0.33795
626.51144	0.33481
626.75250	0.33167
626.99356	0.32855
627.23462	0.32544
627.47568	0.32234
627.71674	0.31923
627.95780	0.31610
628.19885	0.31293
628.43991	0.30967
628.68097	0.30631
628.92203	0.30280
629.16309	0.29914
629.40415	0.29533
629.64521	0.29140
629.88626	0.28738
630.12732	0.28334
630.36838	0.27938
630.60944	0.27558
630.85050	0.27203
631.09156	0.26883
631.33262	0.26604
631.57368	0.26370
631.81473	0.26183
632.05579	0.26040
632.29685	0.25939
632.53791	0.25872
632.77897	0.25832
633.02003	0.25811
633.26109	0.25801
633.50214	0.25795
633.74320	0.25787
633.98426	0.25771
634.22532	0.25745
634.46638	0.25706
634.70744	0.25652
634.94850	0.25585
635.18956	0.25506
635.43061	0.25415
635.67167	0.25315
635.91273	0.25208
636.15379	0.25095
636.39485	0.24979
636.63591	0.24862
636.87697	0.24744
637.11802	0.24626
637.35908	0.24510
637.60014	0.24396
637.84120	0.24284
638.08226	0.24173
638.32332	0.24063
638.56438	0.23953
638.80544	0.23841
639.04649	0.23727
639.28755	0.23608
639.52861	0.23485
639.76967	0.23356
640.01073	0.23220
640.25179	0.23077
640.49285	0.22928
640.73390	0.22773
640.97496	0.22612
641.21602	0.22444
641.45708	0.22272
641.69814	0.22094
641.93920	0.21911
642.18026	0.21723
642.42132	0.21533
642.66237	0.21340
642.90343	0.21148
643.14449	0.20958
643.38555	0.20773
643.62661	0.20596
643.86767	0.20429
644.10873	0.20276
644.34978	0.20136
644.59084	0.20013
644.83190	0.19905
645.07296	0.19813
645.31402	0.19735
645.55508	0.19669
645.79614	0.19615
646.03719	0.19568
646.27825	0.19527
646.51931	0.19489
646.76037	0.19451
647.00143	0.19413
647.24249	0.19371
647.48355	0.19324
647.72461	0.19270
647.96566	0.19210
648.20672	0.19140
648.44778	0.19063
648.68884	0.18976
648.92990	0.18881
649.17096	0.18779
649.41202	0.18669
649.65307	0.18554
649.89413	0.18434
650.13519	0.18311
650.37625	0.18186
650.61731	0.18059
650.85837	0.17932
651.09943	0.17804
651.34049	0.17676
651.58154	0.17547
651.82260	0.17419
652.06366	0.17290
652.30472	0.17160
652.54578	0.17029
652.78684	0.16897
653.02790	0.16764
653.26895	0.16629
653.51001	0.16492
653.75107	0.16352
653.99213	0.16209
654.23319	0.16060
654.47425	0.15906
654.71531	0.15744
654.95637	0.15573
655.19742	0.15391
655.43848	0.15199
655.67954	0.14994
655.92060	0.14777
656.16166	0.14547
656.40272	0.14305
656.64378	0.14050
656.88483	0.13784
657.12589	0.13508
657.36695	0.13224
657.60801	0.12935
657.84907	0.12645
658.09013	0.12356
658.33119	0.12075
658.57224	0.11806
658.81330	0.11555
659.05436	0.11327
659.29542	0.11127
659.53648	0.10958
659.77754	0.10823
660.01860	0.10723
660.25966	0.10656
660.50071	0.10620
660.74177	0.10611
660.98283	0.10622
661.22389	0.10648
661.46495	0.10683
661.70601	0.10721
661.94707	0.10757
662.18812	0.10785
662.42918	0.10802
662.67024	0.10807
662.91130	0.10799
663.15236	0.10776
663.39342	0.10740
663.63448	0.10692
663.87554	0.10633
664.11659	0.10564
664.35765	0.10486
664.59871	0.10402
664.83977	0.10311
665.08083	0.10215
665.32189	0.10114
665.56295	0.10010
665.80400	0.09902
666.04506	0.09791
666.28612	0.09677
666.52718	0.09561
666.76824	0.09442
667.00930	0.09322
667.25036	0.09199
667.49142	0.09076
667.73247	0.08951
667.97353	0.08826
668.21459	0.08700
668.45565	0.08573
668.69671	0.08446
668.93777	0.08320
669.17883	0.08193
669.41988	0.08067
669.66094	0.07942
669.90200	0.07817
670.14306	0.07693
670.38412	0.07570
670.62518	0.07447
670.86624	0.07325
671.10729	0.07204
671.34835	0.07084
671.58941	0.06965
671.83047	0.06846
672.07153	0.06728
672.31259	0.06611
672.55365	0.06496
672.79471	0.06382
673.03576	0.06269
673.27682	0.06158
673.51788	0.06049
673.75894	0.05941
674.00000	0.05835
674.24106	0.05730
674.48212	0.05625
674.72317	0.05522
674.96423	0.05418
675.20529	0.05314
675.44635	0.05210
675.68741	0.05105
675.92847	0.05000
676.16953	0.04894
676.41059	0.04787
676.65164	0.04679
676.89270	0.04571
677.13376	0.04463
677.37482	0.04356
677.61588	0.04250
677.85694	0.04145
678.09800	0.04042
678.33905	0.03942
678.58011	0.03845
678.82117	0.03750
679.06223	0.03658
679.30329	0.03568
679.54435	0.03481
679.78541	0.03396
680.02647	0.03314
680.26752	0.03233
680.50858	0.03155
680.74964	0.03080
680.99070	0.03007
681.23176	0.02936
681.47282	0.02868
681.71388	0.02801
681.95493	0.02737
682.19599	0.02675
682.43705	0.02614
682.67811	0.02554
682.91917	0.02495
683.16023	0.02436
683.40129	0.02377
683.64234	0.02319
683.88340	0.02261
684.12446	0.02204
684.36552	0.02148
684.60658	0.02094
684.84764	0.02041
685.08870	0.01990
685.32976	0.01941
685.57081	0.01894
685.81187	0.01849
686.05293	0.01807
686.29399	0.01767
686.53505	0.01729
686.77611	0.01693
687.01717	0.01658
687.25822	0.01625
687.49928	0.01594
687.74034	0.01563
687.98140	0.01534
688.22246	0.01506
688.46352	0.01479
688.70458	0.01453
688.94564	0.01428
689.18669	0.01404
689.42775	0.01381
689.66881	0.01358
689.90987	0.01337
690.15093	0.01315
690.39199	0.01294
690.63305	0.01274
690.87410	0.01254
691.11516	0.01234
691.35622	0.01215
691.59728	0.01197
691.83834	0.01179
692.07940	0.01162
692.32046	0.01146
692.56152	0.01129
692.80257	0.01113
693.04363	0.01097
693.28469	0.01080
693.52575	0.01063
693.76681	0.01045
694.00787	0.01025
694.24893	0.01005
694.48998	0.00984
694.73104	0.00961
694.97210	0.00936
695.21316	0.00911
695.45422	0.00884
695.69528	0.00857
695.93634	0.00828
696.17740	0.00800
696.41845	0.00771
696.65951	0.00743
696.90057	0.00715
697.14163	0.00688
697.38269	0.00662
697.62375	0.00637
697.86481	0.00614
698.10586	0.00592
698.34692	0.00571
698.58798	0.00551
698.82904	0.00532
699.07010	0.00515
699.31116	0.00497
699.55222	0.00481
699.79327	0.00464
700.03433	0.00448
700.27539	0.00432
700.51645	0.00416
700.75751	0.00401
700.99857	0.00387
701.23963	0.00373
701.48069	0.00361
701.72174	0.00351
701.96280	0.00341
702.20386	0.00333
702.44492	0.00326
702.68598	0.00320
702.92704	0.00314
703.16810	0.00308
703.40915	0.00303
703.65021	0.00298
703.89127	0.00293
704.13233	0.00288
704.37339	0.00284
704.61445	0.00280
704.85551	0.00275
705.09657	0.00271
705.33762	0.00267
705.57868	0.00262
705.81974	0.00258
706.06080	0.00254
706.30186	0.00250
706.54292	0.00248
706.78398	0.00246
707.02503	0.00246
707.26609	0.00247
707.50715	0.00249
707.74821	0.00253
707.98927	0.00257
708.23033	0.00262
708.47139	0.00267
708.71245	0.00272
708.95350	0.00276
709.19456	0.00279
709.43562	0.00280
709.67668	0.00279
709.91774	0.00277
710.15880	0.00273
710.39986	0.00267
710.64091	0.00261
710.88197	0.00255
711.12303	0.00249
711.36409	0.00245
711.60515	0.00241
711.84621	0.00239
712.08727	0.00239
712.32832	0.00240
712.56938	0.00242
712.81044	0.00244
713.05150	0.00246
713.29256	0.00247
713.53362	0.00249
713.77468	0.00249
714.01574	0.00250
714.25679	0.00250
714.49785	0.00250
714.73891	0.00249
714.97997	0.00249
715.22103	0.00249
715.46209	0.00248
715.70315	0.00247
715.94420	0.00246
716.18526	0.00245
716.42632	0.00244
716.66738	0.00243
716.90844	0.00243
717.14950	0.00243
717.39056	0.00244
717.63162	0.00245
717.87267	0.00247
718.11373	0.00249
718.35479	0.00250
718.59585	0.00250
718.83691	0.00249
719.07797	0.00248
719.31903	0.00246
719.56008	0.00244
719.80114	0.00242
720.04220	0.00240
720.28326	0.00240
720.52432	0.00240
720.76538	0.00242
721.00644	0.00244
721.24750	0.00246
721.48855	0.00248
721.72961	0.00250
721.97067	0.00250
722.21173	0.00249
722.45279	0.00247
722.69385	0.00244
722.93491	0.00241
723.17596	0.00236
723.41702	0.00232
723.65808	0.00228
723.89914	0.00225
724.14020	0.00223
724.38126	0.00222
724.62232	0.00221
724.86337	0.00222
725.10443	0.00223
725.34549	0.00225
725.58655	0.00227
725.82761	0.00228
726.06867	0.00230
726.30973	0.00231
726.55079	0.00232
726.79184	0.00232
727.03290	0.00233
727.27396	0.00233
727.51502	0.00233
727.75608	0.00233
727.99714	0.00233
728.23820	0.00232
728.47925	0.00232
728.72031	0.00231
728.96137	0.00229
729.20243	0.00227
729.44349	0.00225
729.68455	0.00224
729.92561	0.00222
730.16667	0.00221
730.40772	0.00220
730.64878	0.00220
730.88984	0.00220
731.13090	0.00221
731.37196	0.00223
731.61302	0.00224
731.85408	0.00226
732.09513	0.00228
732.33619	0.00230
732.57725	0.00232
732.81831	0.00233
733.05937	0.00234
733.30043	0.00235
733.54149	0.00235
733.78255	0.00235
734.02360	0.00234
734.26466	0.00232
734.50572	0.00230
734.74678	0.00227
734.98784	0.00225
735.22890	0.00222
735.46996	0.00219
735.71101	0.00216
735.95207	0.00213
736.19313	0.00210
736.43419	0.00208
736.67525	0.00206
736.91631	0.00205
737.15737	0.00205
737.39842	0.00205
737.63948	0.00205
737.88054	0.00207
738.12160	0.00208
738.36266	0.00210
738.60372	0.00212
738.84478	0.00214
739.08584	0.00215
739.32689	0.00217
739.56795	0.00218
739.80901	0.00219
740.05007	0.00219
740.29113	0.00220
740.53219	0.00221
740.77325	0.00221
741.01430	0.00221
741.25536	0.00221
741.49642	0.00220
741.73748	0.00219
741.97854	0.00218
742.21960	0.00217
742.46066	0.00215
742.70172	0.00214
742.94277	0.00213
743.18383	0.00212
743.42489	0.00211
743.66595	0.00211
743.90701	0.00211
744.14807	0.00211
744.38913	0.00211
744.63018	0.00212
744.87124	0.00212
745.11230	0.00213
745.35336	0.00213
745.59442	0.00215
745.83548	0.00216
746.07654	0.00218
746.31760	0.00221
746.55865	0.00223
746.79971	0.00227
747.04077	0.00230
747.28183	0.00234
747.52289	0.00239
747.76395	0.00243
748.00501	0.00248
748.24606	0.00253
748.48712	0.00258
748.72818	0.00263
748.96924	0.00268
749.21030	0.00274
749.45136	0.00279
749.69242	0.00285
749.93348	0.00290
750.17453	0.00296
750.41559	0.00302
750.65665	0.00308
750.89771	0.00315
751.13877	0.00321
751.37983	0.00328
751.62089	0.00336
751.86194	0.00344
752.10300	0.00352
752.34406	0.00362
752.58512	0.00372
752.82618	0.00383
753.06724	0.00395
753.30830	0.00407
753.54935	0.00420
753.79041	0.00433
754.03147	0.00446
754.27253	0.00459
754.51359	0.00471
754.75465	0.00484
754.99571	0.00497
755.23677	0.00509
755.47782	0.00522
755.71888	0.00535
755.95994	0.00549
756.20100	0.00564
756.44206	0.00579
756.68312	0.00595
756.92418	0.00612
757.16523	0.00629
757.40629	0.00646
757.64735	0.00664
757.88841	0.00681
758.12947	0.00698
758.37053	0.00715
758.61159	0.00731
758.85265	0.00747
759.09370	0.00762
759.33476	0.00778
759.57582	0.00794
759.81688	0.00809
760.05794	0.00825
760.29900	0.00842
760.54006	0.00858
760.78111	0.00874
761.02217	0.00889
761.26323	0.00904
761.50429	0.00918
761.74535	0.00931
761.98641	0.00943
762.22747	0.00954
762.46853	0.00964
762.70958	0.00975
762.95064	0.00985
763.19170	0.00996
763.43276	0.01008
763.67382	0.01020
763.91488	0.01032
764.15594	0.01043
764.39699	0.01054
764.63805	0.01064
764.87911	0.01072
765.12017	0.01079
765.36123	0.01084
765.60229	0.01087
765.84335	0.01090
766.08440	0.01093
766.32546	0.01095
766.56652	0.01098
766.80758	0.01102
767.04864	0.01107
767.28970	0.01112
767.53076	0.01117
767.77182	0.01122
768.01287	0.01127
768.25393	0.01132
768.49499	0.01136
768.73605	0.01138
768.97711	0.01140
769.21817	0.01142
769.45923	0.01144
769.70028	0.01145
769.94134	0.01148
770.18240	0.01151
770.42346	0.01156
770.66452	0.01163
770.90558	0.01171
771.14664	0.01181
771.38770	0.01193
771.62875	0.01206
771.86981	0.01220
772.11087	0.01236
772.35193	0.01252
772.59299	0.01269
772.83405	0.01287
773.07511	0.01305
773.31616	0.01324
773.55722	0.01343
773.79828	0.01362
774.03934	0.01382
774.28040	0.01402
774.52146	0.01422
774.76252	0.01442
775.00358	0.01463
775.24463	0.01484
775.48569	0.01505
775.72675	0.01527
775.96781	0.01548
776.20887	0.01569
776.44993	0.01590
776.69099	0.01611
776.93204	0.01631
777.17310	0.01650
777.41416	0.01669
777.65522	0.01688
777.89628	0.01706
778.13734	0.01725
778.37840	0.01742
778.61945	0.01760
778.86051	0.01778
779.10157	0.01795
779.34263	0.01811
779.58369	0.01827
779.82475	0.01841
780.06581	0.01855
780.30687	0.01867
780.54792	0.01878
780.78898	0.01889
781.03004	0.01899
781.27110	0.01909
781.51216	0.01919
781.75322	0.01929
781.99428	0.01939
782.23533	0.01949
782.47639	0.01958
782.71745	0.01967
782.95851	0.01976
783.19957	0.01985
783.44063	0.01994
783.68169	0.02003
783.92275	0.02011
784.16380	0.02020
784.40486	0.02027
784.64592	0.02034
784.88698	0.02039
785.12804	0.02043
785.36910	0.02044
785.61016	0.02043
785.85121	0.02040
786.09227	0.02034
786.33333	0.02026
786.57439	0.02015
786.81545	0.02003
787.05651	0.01988
787.29757	0.01972
787.53863	0.01955
787.77968	0.01936
788.02074	0.01917
788.26180	0.01896
788.50286	0.01875
788.74392	0.01854
788.98498	0.01832
789.22604	0.01810
789.46709	0.01788
789.70815	0.01767
789.94921	0.01746
790.19027	0.01725
790.43133	0.01705
790.67239	0.01686
790.91345	0.01666
791.15451	0.01647
791.39556	0.01627
791.63662	0.01608
791.87768	0.01588
792.11874	0.01569
792.35980	0.01551
792.60086	0.01534
792.84192	0.01518
793.08297	0.01504
793.32403	0.01492
793.56509	0.01483
793.80615	0.01475
794.04721	0.01469
794.28827	0.01466
794.52933	0.01464
794.77038	0.01465
795.01144	0.01466
795.25250	0.01469
795.49356	0.01472
795.73462	0.01477
795.97568	0.01481
796.21674	0.01486
796.45780	0.01490
796.69885	0.01494
796.93991	0.01498
797.18097	0.01501
797.42203	0.01503
797.66309	0.01505
797.90415	0.01506
798.14521	0.01507
798.38626	0.01507
798.62732	0.01507
798.86838	0.01506
799.10944	0.01504
799.35050	0.01501
799.59156	0.01497
799.83262	0.01493
800.07368	0.01488
800.31473	0.01483
800.55579	0.01478
800.79685	0.01474
801.03791	0.01470
801.27897	0.01467
801.52003	0.01466
801.76109	0.01465
802.00214	0.01465
802.24320	0.01465
802.48426	0.01464
802.72532	0.01463
802.96638	0.01460
803.20744	0.01456
803.44850	0.01450
803.68956	0.01443
803.93061	0.01433
804.17167	0.01423
804.41273	0.01412
804.65379	0.01400
804.89485	0.01387
805.13591	0.01374
805.37697	0.01360
805.61802	0.01345
805.85908	0.01330
806.10014	0.01314
806.34120	0.01298
806.58226	0.01281
806.82332	0.01265
807.06438	0.01250
807.30543	0.01237
807.54649	0.01225
807.78755	0.01216
808.02861	0.01210
808.26967	0.01207
808.51073	0.01207
808.75179	0.01211
808.99285	0.01217
809.23390	0.01226
809.47496	0.01238
809.71602	0.01252
809.95708	0.01269
810.19814	0.01288
810.43920	0.01310
810.68026	0.01334
810.92131	0.01359
811.16237	0.01386
811.40343	0.01415
811.64449	0.01444
811.88555	0.01474
812.12661	0.01504
812.36767	0.01533
812.60873	0.01561
812.84978	0.01588
813.09084	0.01612
813.33190	0.01635
813.57296	0.01657
813.81402	0.01676
814.05508	0.01694
814.29614	0.01711
814.53719	0.01727
814.77825	0.01742
815.01931	0.01757
815.26037	0.01771
815.50143	0.01784
815.74249	0.01797
815.98355	0.01809
816.22461	0.01821
816.46566	0.01831
816.70672	0.01841
816.94778	0.01850
817.18884	0.01858
817.42990	0.01864
817.67096	0.01870
817.91202	0.01874
818.15307	0.01877
818.39413	0.01878
818.63519	0.01879
818.87625	0.01879
819.11731	0.01878
819.35837	0.01877
819.59943	0.01875
819.84048	0.01874
820.08154	0.01872
820.32260	0.01871
820.56366	0.01869
820.80472	0.01868
821.04578	0.01866
821.28684	0.01864
821.52790	0.01861
821.76895	0.01858
822.01001	0.01854
822.25107	0.01849
822.49213	0.01844
822.73319	0.01838
822.97425	0.01831
823.21531	0.01823
823.45636	0.01815
823.69742	0.01807
823.93848	0.01798
824.17954	0.01790
824.42060	0.01782
824.66166	0.01775
824.90272	0.01767
825.14378	0.01760
825.38483	0.01753
825.62589	0.01746
825.86695	0.01738
826.10801	0.01729
826.34907	0.01719
826.59013	0.01709
826.83119	0.01697
827.07224	0.01684
827.31330	0.01670
827.55436	0.01656
827.79542	0.01641
828.03648	0.01625
828.27754	0.01609
828.51860	0.01593
828.75966	0.01577
829.00071	0.01561
829.24177	0.01545
829.48283	0.01529
829.72389	0.01514
829.96495	0.01498
830.20601	0.01482
830.44707	0.01466
830.68812	0.01451
830.92918	0.01434
831.17024	0.01418
831.41130	0.01400
831.65236	0.01382
831.89342	0.01363
832.13448	0.01342
832.37553	0.01321
832.61659	0.01297
832.85765	0.01272
833.09871	0.01245
833.33977	0.01217
833.58083	0.01186
833.82189	0.01154
834.06295	0.01120
834.30400	0.01084
834.54506	0.01048
834.78612	0.01009
835.02718	0.00970
835.26824	0.00929
835.50930	0.00887
835.75036	0.00843
835.99141	0.00798
836.23247	0.00751
836.47353	0.00703
836.71459	0.00654
836.95565	0.00605
837.19671	0.00557
837.43777	0.00510
837.67883	0.00464
837.91988	0.00421
838.16094	0.00380
838.40200	0.00343
838.64306	0.00310
838.88412	0.00280
839.12518	0.00255
839.36624	0.00234
839.60729	0.00217
839.84835	0.00203
840.08941	0.00194
840.33047	0.00188
840.57153	0.00185
840.81259	0.00185
841.05365	0.00186
841.29471	0.00190
841.53576	0.00195
841.77682	0.00203
842.01788	0.00211
842.25894	0.00221
842.50000	0.00233
842.74106	0.00246
842.98212	0.00260
843.22317	0.00274
843.46423	0.00289
843.70529	0.00305
843.94635	0.00319
844.18741	0.00334
844.42847	0.00347
844.66953	0.00360
844.91059	0.00372
845.15164	0.00384
845.39270	0.00394
845.63376	0.00405
845.87482	0.00415
846.11588	0.00425
846.35694	0.00434
846.59800	0.00443
846.83905	0.00451
847.08011	0.00459
847.32117	0.00465
847.56223	0.00471
847.80329	0.00477
848.04435	0.00482
848.28541	0.00488
848.52646	0.00493
848.76752	0.00500
849.00858	0.00506
849.24964	0.00514
849.49070	0.00522
849.73176	0.00530
849.97282	0.00539
850.21388	0.00549
850.45493	0.00558
850.69599	0.00568
850.93705	0.00578
851.17811	0.00587
851.41917	0.00597
851.66023	0.00605
851.90129	0.00614
852.14234	0.00621
852.38340	0.00628
852.62446	0.00634
852.86552	0.00639
853.10658	0.00643
853.34764	0.00647
853.58870	0.00651
853.82976	0.00655
854.07081	0.00659
854.31187	0.00665
854.55293	0.00671
854.79399	0.00678
855.03505	0.00685
855.27611	0.00694
855.51717	0.00702
855.75822	0.00711
855.99928	0.00720
856.24034	0.00728
856.48140	0.00736
856.72246	0.00743
856.96352	0.00749
857.20458	0.00754
857.44564	0.00759
857.68669	0.00763
857.92775	0.00767
858.16881	0.00771
858.40987	0.00775
858.65093	0.00779
858.89199	0.00783
859.13305	0.00786
859.37410	0.00790
859.61516	0.00793
859.85622	0.00795
860.09728	0.00796
860.33834	0.00797
860.57940	0.00797
860.82046	0.00797
861.06151	0.00796
861.30257	0.00794
861.54363	0.00793
861.78469	0.00791
862.02575	0.00789
862.26681	0.00787
862.50787	0.00784
862.74893	0.00781
862.98998	0.00776
863.23104	0.00771
863.47210	0.00765
863.71316	0.00759
863.95422	0.00751
864.19528	0.00744
864.43634	0.00736
864.67739	0.00729
864.91845	0.00721
865.15951	0.00713
865.40057	0.00705
865.64163	0.00697
865.88269	0.00688
866.12375	0.00679
866.36481	0.00669
866.60586	0.00658
866.84692	0.00647
867.08798	0.00636
867.32904	0.00625
867.57010	0.00614
867.81116	0.00602
868.05222	0.00590
868.29327	0.00578
868.53433	0.00565
868.77539	0.00551
869.01645	0.00536
869.25751	0.00521
869.49857	0.00504
869.73963	0.00488
869.98069	0.00472
870.22174	0.00458
870.46280	0.00446
870.70386	0.00437
870.94492	0.00432
871.18598	0.00431
871.42704	0.00434
871.66810	0.00441
871.90915	0.00451
872.15021	0.00464
872.39127	0.00480
872.63233	0.00497
872.87339	0.00515
873.11445	0.00534
873.35551	0.00553
873.59656	0.00572
873.83762	0.00589
874.07868	0.00604
874.31974	0.00618
874.56080	0.00630
874.80186	0.00640
875.04292	0.00648
875.28398	0.00656
875.52503	0.00662
875.76609	0.00667
876.00715	0.00671
876.24821	0.00674
876.48927	0.00676
876.73033	0.00678
876.97139	0.00678
877.21244	0.00677
877.45350	0.00675
877.69456	0.00671
877.93562	0.00666
878.17668	0.00661
878.41774	0.00655
878.65880	0.00648
878.89986	0.00641
879.14091	0.00634
879.38197	0.00626
879.62303	0.00618
879.86409	0.00609
880.10515	0.00599
880.34621	0.00589
880.58727	0.00579
880.82832	0.00568
881.06938	0.00557
881.31044	0.00546
881.55150	0.00536
881.79256	0.00526
882.03362	0.00517
882.27468	0.00508
882.51574	0.00499
882.75679	0.00491
882.99785	0.00483
883.23891	0.00476
883.47997	0.00468
883.72103	0.00459
883.96209	0.00451
884.20315	0.00442
884.44420	0.00433
884.68526	0.00424
884.92632	0.00414
885.16738	0.00404
885.40844	0.00394
885.64950	0.00383
885.89056	0.00373
886.13161	0.00361
886.37267	0.00350
886.61373	0.00338
886.85479	0.00327
887.09585	0.00316
887.33691	0.00305
887.57797	0.00295
887.81903	0.00286
888.06008	0.00278
888.30114	0.00271
888.54220	0.00266
888.78326	0.00261
889.02432	0.00258
889.26538	0.00255
889.50644	0.00253
889.74749	0.00251
889.98855	0.00250
890.22961	0.00248
890.47067	0.00246
890.71173	0.00244
890.95279	0.00241
891.19385	0.00239
891.43491	0.00237
891.67596	0.00234
891.91702	0.00232
892.15808	0.00229
892.39914	0.00227
892.64020	0.00225
892.88126	0.00222
893.12232	0.00220
893.36337	0.00217
893.60443	0.00215
893.84549	0.00212
894.08655	0.00210
894.32761	0.00207
894.56867	0.00204
894.80973	0.00201
895.05079	0.00197
895.29184	0.00193
895.53290	0.00189
895.77396	0.00184
896.01502	0.00180
896.25608	0.00174
896.49714	0.00169
896.73820	0.00163
896.97925	0.00157
897.22031	0.00152
897.46137	0.00146
897.70243	0.00141
897.94349	0.00136
898.18455	0.00132
898.42561	0.00128
898.66667	0.00123
898.90772	0.00119
899.14878	0.00114
899.38984	0.00109
899.63090	0.00103
