0.00000	0.07638
0.24106	0.07801
0.48212	0.08243
0.72318	0.08843
0.96423	0.09435
1.20529	0.09849
1.44635	0.09958
1.68741	0.09706
1.92847	0.09113
2.16953	0.08257
2.41059	0.07298
2.65165	0.06358
2.89270	0.05535
3.13376	0.04888
3.37482	0.04432
3.61588	0.04148
3.85694	0.03994
4.09800	0.03929
4.33906	0.03910
4.58011	0.03914
4.82117	0.03930
5.06223	0.03958
5.30329	0.03999
5.54435	0.04053
5.78541	0.04117
6.02647	0.04182
6.26753	0.04239
6.50858	0.04281
6.74964	0.04305
6.99070	0.04312
7.23176	0.04305
7.47282	0.04289
7.71388	0.04269
7.95494	0.04245
8.19599	0.04217
8.43705	0.04183
8.67811	0.04144
8.91917	0.04102
9.16023	0.04059
9.40129	0.04022
9.64235	0.03996
9.88340	0.03984
10.12446	0.03987
10.36552	0.04006
10.60658	0.04038
10.84764	0.04082
11.08870	0.04135
11.32976	0.04195
11.57082	0.04259
11.81187	0.04317
12.05293	0.04364
12.29399	0.04389
12.53505	0.04382
12.77611	0.04333
13.01717	0.04238
13.25823	0.04099
13.49928	0.03922
13.74034	0.03717
13.98140	0.03504
14.22246	0.03301
14.46352	0.03125
14.70458	0.02987
14.94564	0.02893
15.18670	0.02846
15.42775	0.02841
15.66881	0.02859
15.90987	0.02902
16.15093	0.02962
16.39199	0.03026
16.63305	0.03082
16.87411	0.03117
17.11516	0.03121
17.35622	0.03089
17.59728	0.03018
17.83834	0.02915
18.07940	0.02784
18.32046	0.02633
18.56152	0.02468
18.80258	0.02296
19.04363	0.02123
19.28469	0.01952
19.52575	0.01776
19.76681	0.01596
20.00787	0.01421
20.24893	0.01263
20.48999	0.01131
20.73104	0.01034
20.97210	0.00980
21.21316	0.00972
21.45422	0.00998
21.69528	0.01074
21.93634	0.01196
22.17740	0.01359
22.41845	0.01552
22.65951	0.01766
22.90057	0.01989
23.14163	0.02207
23.38269	0.02407
23.62375	0.02595
23.86481	0.02780
24.10587	0.02971
24.34692	0.03171
24.58798	0.03384
24.82904	0.03608
25.07010	0.03840
25.31116	0.04072
25.55222	0.04306
25.79328	0.04539
26.03433	0.04770
26.27539	0.05000
26.51645	0.05235
26.75751	0.05480
26.99857	0.05746
27.23963	0.06041
27.48069	0.06380
27.72175	0.06772
27.96280	0.07227
28.20386	0.07748
28.44492	0.08332
28.68598	0.08971
28.92704	0.09648
29.16810	0.10348
29.40916	0.11049
29.65021	0.11735
29.89127	0.12395
30.13233	0.13026
30.37339	0.13629
30.61445	0.14208
30.85551	0.14765
31.09657	0.15299
31.33763	0.15802
31.57868	0.16260
31.81974	0.16657
32.06080	0.16977
32.30186	0.17210
32.54292	0.17358
32.78398	0.17434
33.02504	0.17468
33.26609	0.17497
33.50715	0.17571
33.74821	0.17736
33.98927	0.18036
34.23033	0.18500
34.47139	0.19144
34.71245	0.19966
34.95350	0.20948
35.19456	0.22062
35.43562	0.23273
35.67668	0.24554
35.91774	0.25886
36.15880	0.27266
36.39986	0.28709
36.64092	0.30242
36.88197	0.31901
37.12303	0.33713
37.36409	0.35692
37.60515	0.37826
37.84621	0.40070
38.08727	0.42349
38.32833	0.44562
38.56938	0.46595
38.81044	0.48339
39.05150	0.49697
39.29256	0.50612
39.53362	0.51067
39.77468	0.51094
40.01574	0.50767
40.25680	0.50193
40.49785	0.49500
40.73891	0.48815
40.97997	0.48256
41.22103	0.47916
41.46209	0.47854
41.70315	0.48096
41.94421	0.48637
42.18526	0.49449
42.42632	0.50492
42.66738	0.51721
42.90844	0.53097
43.14950	0.54586
43.39056	0.56162
43.63162	0.57798
43.87268	0.59465
44.11373	0.61121
44.35479	0.62709
44.59585	0.64159
44.83691	0.65392
45.07797	0.66331
45.31903	0.66913
45.56009	0.67104
45.80114	0.66907
46.04220	0.66365
46.28326	0.65562
46.52432	0.64613
46.76538	0.63651
47.00644	0.62811
47.24750	0.62212
47.48855	0.61946
47.72961	0.62068
47.97067	0.62598
48.21173	0.63520
48.45279	0.64799
48.69385	0.66389
48.93491	0.68251
49.17597	0.70365
49.41702	0.72733
49.65808	0.75383
49.89914	0.78357
50.14020	0.81701
50.38126	0.85445
50.62232	0.89587
50.86338	0.94076
51.10443	0.98813
51.34549	1.03648
51.58655	1.08399
51.82761	1.12870
52.06867	1.16882
52.30973	1.20296
52.55079	1.23028
52.79185	1.25065
53.03290	1.26457
53.27396	1.27304
53.51502	1.27736
53.75608	1.27886
53.99714	1.27871
54.23820	1.27774
54.47926	1.27644
54.72031	1.27498
54.96137	1.27335
55.20243	1.27157
55.44349	1.26987
55.68455	1.26883
55.92561	1.26942
56.16667	1.27292
56.40773	1.28082
56.64878	1.29448
56.88984	1.31495
57.13090	1.34263
57.37196	1.37715
57.61302	1.41731
57.85408	1.46114
58.09514	1.50615
58.33619	1.54968
58.57725	1.58923
58.81831	1.62286
59.05937	1.64942
59.30043	1.66870
59.54149	1.68135
59.78255	1.68869
60.02361	1.69241
60.26466	1.69413
60.50572	1.69514
60.74678	1.69614
60.98784	1.69714
61.22890	1.69761
61.46996	1.69669
61.71102	1.69353
61.95207	1.68759
62.19313	1.67899
62.43419	1.66854
62.67525	1.65776
62.91631	1.64865
63.15737	1.64336
63.39843	1.64379
63.63948	1.65123
63.88054	1.66611
64.12160	1.68785
64.36266	1.71501
64.60372	1.74541
64.84478	1.77657
65.08584	1.80607
65.32690	1.83188
65.56795	1.85266
65.80901	1.86785
66.05007	1.87762
66.29113	1.88269
66.53219	1.88401
66.77325	1.88250
67.01431	1.87873
67.25536	1.87279
67.49642	1.86423
67.73748	1.85219
67.97854	1.83561
68.21960	1.81353
68.46066	1.78539
68.70172	1.75126
68.94278	1.71193
69.18383	1.66895
69.42489	1.62440
69.66595	1.58067
69.90701	1.54015
70.14807	1.50487
70.38913	1.47624
70.63019	1.45494
70.87124	1.44089
71.11230	1.43337
71.35336	1.43129
71.59442	1.43343
71.83548	1.43875
72.07654	1.44657
72.31760	1.45668
72.55866	1.46927
72.79971	1.48477
73.04077	1.50362
73.28183	1.52597
73.52289	1.55142
73.76395	1.57901
74.00501	1.60710
74.24607	1.63364
74.48712	1.65639
74.72818	1.67330
74.96924	1.68284
75.21030	1.68427
75.45136	1.67781
75.69242	1.66462
75.93348	1.64663
76.17453	1.62632
76.41559	1.60635
76.65665	1.58925
76.89771	1.57715
77.13877	1.57159
77.37983	1.57346
77.62089	1.58306
77.86195	1.60022
78.10300	1.62449
78.34406	1.65534
78.58512	1.69229
78.82618	1.73498
79.06724	1.78321
79.30830	1.83677
79.54936	1.89537
79.79041	1.95835
80.03147	2.02463
80.27253	2.09253
80.51359	2.15984
80.75465	2.22397
80.99571	2.28220
81.23677	2.33205
81.47783	2.37165
81.71888	2.40005
81.95994	2.41742
82.20100	2.42507
82.44206	2.42529
82.68312	2.42101
82.92418	2.41540
83.16524	2.41134
83.40629	2.41109
83.64735	2.41596
83.88841	2.42633
84.12947	2.44169
84.37053	2.46101
84.61159	2.48311
84.85265	2.50710
85.09371	2.53263
85.33476	2.56012
85.57582	2.59063
85.81688	2.62567
86.05794	2.66677
86.29900	2.71501
86.54006	2.77060
86.78112	2.83258
87.02217	2.89876
87.26323	2.96591
87.50429	3.03010
87.74535	3.08733
87.98641	3.13412
88.22747	3.16805
88.46853	3.18818
88.70958	3.19512
88.95064	3.19094
89.19170	3.17872
89.43276	3.16196
89.67382	3.14402
89.91488	3.12752
90.15594	3.11398
90.39700	3.10374
90.63805	3.09613
90.87911	3.08983
91.12017	3.08340
91.36123	3.07583
91.60229	3.06696
91.84335	3.05771
92.08441	3.05002
92.32546	3.04657
92.56652	3.05029
92.80758	3.06376
93.04864	3.08862
93.28970	3.12520
93.53076	3.17224
93.77182	3.22704
94.01288	3.28583
94.25393	3.34428
94.49499	3.39823
94.73605	3.44430
94.97711	3.48040
95.21817	3.50591
95.45923	3.52168
95.70029	3.52965
95.94134	3.53230
96.18240	3.53205
96.42346	3.53072
96.66452	3.52908
96.90558	3.52682
97.14664	3.52265
97.38770	3.51479
97.62876	3.50150
97.86981	3.48167
98.11087	3.45533
98.35193	3.42382
98.59299	3.38981
98.83405	3.35688
99.07511	3.32906
99.31617	3.31008
99.55722	3.30279
99.79828	3.30870
100.03934	3.32772
100.28040	3.35828
100.52146	3.39764
100.76252	3.44242
101.00358	3.48922
101.24464	3.53515
101.48569	3.57827
101.72675	3.61769
101.96781	3.65353
102.20887	3.68658
102.44993	3.71785
102.69099	3.74808
102.93205	3.77732
103.17310	3.80474
103.41416	3.82863
103.65522	3.84664
103.89628	3.85624
104.13734	3.85526
104.37840	3.84245
104.61946	3.81782
104.86051	3.78286
105.10157	3.74044
105.34263	3.69447
105.58369	3.64929
105.82475	3.60909
106.06581	3.57721
106.30687	3.55574
106.54793	3.54522
106.78898	3.54475
107.03004	3.55230
107.27110	3.56527
107.51216	3.58117
107.75322	3.59819
107.99428	3.61560
108.23534	3.63397
108.47639	3.65491
108.71745	3.68066
108.95851	3.71341
109.19957	3.75459
109.44063	3.80425
109.68169	3.86078
109.92275	3.92088
110.16381	3.97997
110.40486	4.03290
110.64592	4.07480
110.88698	4.10195
111.12804	4.11241
111.36910	4.10638
111.61016	4.08610
111.85122	4.05539
112.09227	4.01895
112.33333	3.98144
112.57439	3.94672
112.81545	3.91733
113.05651	3.89421
113.29757	3.87689
113.53863	3.86388
113.77969	3.85334
114.02074	3.84372
114.26180	3.83432
114.50286	3.82559
114.74392	3.81912
114.98498	3.81736
115.22604	3.82309
115.46710	3.83877
115.70815	3.86596
115.94921	3.90480
116.19027	3.95380
116.43133	4.00993
116.67239	4.06893
116.91345	4.12596
117.15451	4.17625
117.39556	4.21586
117.63662	4.24221
117.87768	4.25445
118.11874	4.25351
118.35980	4.24177
118.60086	4.22257
118.84192	4.19954
119.08298	4.17587
119.32403	4.15383
119.56509	4.13434
119.80615	4.11704
120.04721	4.10055
120.28827	4.08297
120.52933	4.06255
120.77039	4.03830
121.01144	4.01040
121.25250	3.98042
121.49356	3.95112
121.73462	3.92605
121.97568	3.90893
122.21674	3.90289
122.45780	3.90987
122.69886	3.93021
122.93991	3.96254
123.18097	4.00395
123.42203	4.05057
123.66309	4.09816
123.90415	4.14284
124.14521	4.18176
124.38627	4.21341
124.62732	4.23773
124.86838	4.25591
125.10944	4.26989
125.35050	4.28172
125.59156	4.29297
125.83262	4.30425
126.07368	4.31492
126.31474	4.32320
126.55579	4.32652
126.79685	4.32207
127.03791	4.30752
127.27897	4.28166
127.52003	4.24484
127.76109	4.19914
128.00215	4.14821
128.24320	4.09677
128.48426	4.04992
128.72532	4.01231
128.96638	3.98739
129.20744	3.97688
129.44850	3.98055
129.68956	3.99629
129.93061	4.02063
130.17167	4.04941
130.41273	4.07856
130.65379	4.10487
130.89485	4.12641
131.13591	4.14282
131.37697	4.15510
131.61803	4.16518
131.85908	4.17524
132.10014	4.18704
132.34120	4.20133
132.58226	4.21751
132.82332	4.23365
133.06438	4.24683
133.30544	4.25370
133.54649	4.25129
133.78755	4.23760
134.02861	4.21216
134.26967	4.17623
134.51073	4.13263
134.75179	4.08532
134.99285	4.03873
135.23391	3.99698
135.47496	3.96322
135.71602	3.93917
135.95708	3.92500
136.19814	3.91942
136.43920	3.92017
136.68026	3.92460
136.92132	3.93029
137.16237	3.93559
137.40343	3.93995
137.64449	3.94402
137.88555	3.94937
138.12661	3.95809
138.36767	3.97217
138.60873	3.99298
138.84979	4.02078
139.09084	4.05448
139.33190	4.09166
139.57296	4.12890
139.81402	4.16232
140.05508	4.18819
140.29614	4.20359
140.53720	4.20691
140.77825	4.19813
141.01931	4.17878
141.26037	4.15164
141.50143	4.12023
141.74249	4.08814
141.98355	4.05842
142.22461	4.03308
142.46566	4.01290
142.70672	3.99742
142.94778	3.98527
143.18884	3.97469
143.42990	3.96408
143.67096	3.95252
143.91202	3.94013
144.15308	3.92809
144.39413	3.91850
144.63519	3.91391
144.87625	3.91675
145.11731	3.92874
145.35837	3.95038
145.59943	3.98072
145.84049	4.01741
146.08154	4.05700
146.32260	4.09553
146.56366	4.12914
146.80472	4.15481
147.04578	4.17076
147.28684	4.17678
147.52790	4.17414
147.76896	4.16525
148.01001	4.15316
148.25107	4.14085
148.49213	4.13070
148.73319	4.12400
148.97425	4.12073
149.21531	4.11968
149.45637	4.11879
149.69742	4.11568
149.93848	4.10822
150.17954	4.09513
150.42060	4.07637
150.66166	4.05320
150.90272	4.02812
151.14378	4.00440
151.38484	3.98549
151.62589	3.97440
151.86695	3.97308
152.10801	3.98202
152.34907	4.00016
152.59013	4.02503
152.83119	4.05321
153.07225	4.08096
153.31330	4.10492
153.55436	4.12272
153.79542	4.13332
154.03648	4.13718
154.27754	4.13599
154.51860	4.13219
154.75966	4.12842
155.00072	4.12678
155.24177	4.12840
155.48283	4.13315
155.72389	4.13965
155.96495	4.14565
156.20601	4.14854
156.44707	4.14600
156.68813	4.13658
156.92918	4.12012
157.17024	4.09787
157.41130	4.07230
157.65236	4.04669
157.89342	4.02452
158.13448	4.00879
158.37554	4.00146
158.61659	4.00315
158.85765	4.01300
159.09871	4.02890
159.33977	4.04794
159.58083	4.06700
159.82189	4.08336
160.06295	4.09519
160.30401	4.10185
160.54506	4.10394
160.78612	4.10306
161.02718	4.10144
161.26824	4.10137
161.50930	4.10466
161.75036	4.11223
161.99142	4.12390
162.23247	4.13837
162.47353	4.15354
162.71459	4.16687
162.95565	4.17597
163.19671	4.17909
163.43777	4.17551
163.67883	4.16575
163.91989	4.15147
164.16094	4.13524
164.40200	4.11999
164.64306	4.10850
164.88412	4.10286
165.12518	4.10409
165.36624	4.11192
165.60730	4.12491
165.84835	4.14075
166.08941	4.15676
166.33047	4.17046
166.57153	4.18009
166.81259	4.18498
167.05365	4.18568
167.29471	4.18378
167.53577	4.18157
167.77682	4.18145
168.01788	4.18542
168.25894	4.19455
168.50000	4.20873
168.74106	4.22665
168.98212	4.24601
169.22318	4.26405
169.46423	4.27806
169.70529	4.28597
169.94635	4.28677
170.18741	4.28072
170.42847	4.26925
170.66953	4.25468
170.91059	4.23973
171.15164	4.22697
171.39270	4.21834
171.63376	4.21477
171.87482	4.21604
172.11588	4.22090
172.35694	4.22736
172.59800	4.23316
172.83906	4.23627
173.08011	4.23530
173.32117	4.22987
173.56223	4.22064
173.80329	4.20923
174.04435	4.19789
174.28541	4.18902
174.52647	4.18470
174.76752	4.18616
175.00858	4.19357
175.24964	4.20588
175.49070	4.22101
175.73176	4.23624
175.97282	4.24873
176.21388	4.25607
176.45494	4.25677
176.69599	4.25061
176.93705	4.23860
177.17811	4.22280
177.41917	4.20589
177.66023	4.19053
177.90129	4.17884
178.14235	4.17192
178.38340	4.16965
178.62446	4.17073
178.86552	4.17307
179.10658	4.17423
179.34764	4.17203
179.58870	4.16510
179.82976	4.15316
180.07082	4.13718
180.31187	4.11912
180.55293	4.10153
180.79399	4.08704
181.03505	4.07776
181.27611	4.07486
181.51717	4.07831
181.75823	4.08688
181.99928	4.09840
182.24034	4.11022
182.48140	4.11969
182.72246	4.12471
182.96352	4.12414
183.20458	4.11796
183.44564	4.10724
183.68669	4.09392
183.92775	4.08039
184.16881	4.06898
184.40987	4.06147
184.65093	4.05879
184.89199	4.06081
185.13305	4.06638
185.37411	4.07363
185.61516	4.08039
185.85622	4.08465
186.09728	4.08507
186.33834	4.08127
186.57940	4.07398
186.82046	4.06493
187.06152	4.05650
187.30257	4.05125
187.54363	4.05135
187.78469	4.05812
188.02575	4.07169
188.26681	4.09092
188.50787	4.11363
188.74893	4.13694
188.98999	4.15789
189.23104	4.17397
189.47210	4.18364
189.71316	4.18658
189.95422	4.18372
190.19528	4.17702
190.43634	4.16896
190.67740	4.16208
190.91845	4.15836
191.15951	4.15886
191.40057	4.16349
191.64163	4.17113
191.88269	4.17988
192.12375	4.18756
192.36481	4.19217
192.60587	4.19241
192.84692	4.18797
193.08798	4.17966
193.32904	4.16921
193.57010	4.15896
193.81116	4.15137
194.05222	4.14855
194.29328	4.15176
194.53433	4.16118
194.77539	4.17586
195.01645	4.19384
195.25751	4.21256
195.49857	4.22932
195.73963	4.24178
195.98069	4.24843
196.22174	4.24879
196.46280	4.24355
196.70386	4.23434
196.94492	4.22338
197.18598	4.21305
197.42704	4.20536
197.66810	4.20154
197.90916	4.20186
198.15021	4.20551
198.39127	4.21089
198.63233	4.21592
198.87339	4.21856
199.11445	4.21725
199.35551	4.21131
199.59657	4.20110
199.83762	4.18800
200.07868	4.17412
200.31974	4.16191
200.56080	4.15361
200.80186	4.15080
201.04292	4.15405
201.28398	4.16279
201.52504	4.17542
201.76609	4.18964
202.00715	4.20290
202.24821	4.21295
202.48927	4.21828
202.73033	4.21842
202.97139	4.21403
203.21245	4.20669
203.45350	4.19860
203.69456	4.19203
203.93562	4.18883
204.17668	4.19004
204.41774	4.19566
204.65880	4.20461
204.89986	4.21503
205.14092	4.22460
205.38197	4.23111
205.62303	4.23292
205.86409	4.22927
206.10515	4.22053
206.34621	4.20807
206.58727	4.19403
206.82833	4.18086
207.06938	4.17082
207.31044	4.16555
207.55150	4.16572
207.79256	4.17091
208.03362	4.17970
208.27468	4.19002
208.51574	4.19951
208.75680	4.20610
208.99785	4.20838
209.23891	4.20592
209.47997	4.19929
209.72103	4.18998
209.96209	4.17998
210.20315	4.17138
210.44421	4.16584
210.68526	4.16426
210.92632	4.16651
211.16738	4.17147
211.40844	4.17726
211.64950	4.18162
211.89056	4.18243
212.13162	4.17812
212.37267	4.16808
212.61373	4.15273
212.85479	4.13351
213.09585	4.11258
213.33691	4.09239
213.57797	4.07520
213.81903	4.06269
214.06009	4.05564
214.30114	4.05382
214.54220	4.05609
214.78326	4.06069
215.02432	4.06562
215.26538	4.06905
215.50644	4.06971
215.74750	4.06713
215.98855	4.06167
216.22961	4.05446
216.47067	4.04707
216.71173	4.04121
216.95279	4.03829
217.19385	4.03914
217.43491	4.04377
217.67597	4.05137
217.91702	4.06044
218.15808	4.06909
218.39914	4.07541
218.64020	4.07785
218.88126	4.07551
219.12232	4.06836
219.36338	4.05717
219.60443	4.04340
219.84549	4.02890
220.08655	4.01547
220.32761	4.00455
220.56867	3.99694
220.80973	3.99262
221.05079	3.99083
221.29185	3.99026
221.53290	3.98932
221.77396	3.98655
222.01502	3.98096
222.25608	3.97222
222.49714	3.96081
222.73820	3.94793
222.97926	3.93522
223.22031	3.92452
223.46137	3.91738
223.70243	3.91483
223.94349	3.91709
224.18455	3.92350
224.42561	3.93266
224.66667	3.94266
224.90772	3.95147
225.14878	3.95730
225.38984	3.95898
225.63090	3.95615
225.87196	3.94933
226.11302	3.93977
226.35408	3.92920
226.59514	3.91939
226.83619	3.91184
227.07725	3.90738
227.31831	3.90604
227.55937	3.90703
227.80043	3.90894
228.04149	3.91004
228.28255	3.90867
228.52360	3.90364
228.76466	3.89451
229.00572	3.88168
229.24678	3.86637
229.48784	3.85038
229.72890	3.83575
229.96996	3.82431
230.21102	3.81738
230.45207	3.81548
230.69313	3.81824
230.93419	3.82448
231.17525	3.83247
231.41631	3.84031
231.65737	3.84624
231.89843	3.84906
232.13948	3.84830
232.38054	3.84429
232.62160	3.83803
232.86266	3.83091
233.10372	3.82439
233.34478	3.81956
233.58584	3.81693
233.82690	3.81622
234.06795	3.81637
234.30901	3.81580
234.55007	3.81269
234.79113	3.80538
235.03219	3.79278
235.27325	3.77463
235.51431	3.75160
235.75536	3.72523
235.99642	3.69767
236.23748	3.67129
236.47854	3.64827
236.71960	3.63022
236.96066	3.61788
237.20172	3.61107
237.44277	3.60876
237.68383	3.60935
237.92489	3.61099
238.16595	3.61205
238.40701	3.61138
238.64807	3.60854
238.88913	3.60383
239.13019	3.59818
239.37124	3.59287
239.61230	3.58915
239.85336	3.58796
240.09442	3.58963
240.33548	3.59374
240.57654	3.59922
240.81760	3.60447
241.05865	3.60772
241.29971	3.60737
241.54077	3.60231
241.78183	3.59216
242.02289	3.57735
242.26395	3.55904
242.50501	3.53889
242.74607	3.51875
242.98712	3.50029
243.22818	3.48474
243.46924	3.47265
243.71030	3.46384
243.95136	3.45755
244.19242	3.45259
244.43348	3.44771
244.67453	3.44185
244.91559	3.43444
245.15665	3.42551
245.39771	3.41568
245.63877	3.40605
245.87983	3.39797
246.12089	3.39269
246.36195	3.39110
246.60300	3.39353
246.84406	3.39960
247.08512	3.40827
247.32618	3.41803
247.56724	3.42710
247.80830	3.43379
248.04936	3.43676
248.29041	3.43525
248.53147	3.42919
248.77253	3.41917
249.01359	3.40631
249.25465	3.39198
249.49571	3.37755
249.73677	3.36409
249.97783	3.35223
250.21888	3.34198
250.45994	3.33287
250.70100	3.32402
250.94206	3.31443
251.18312	3.30320
251.42418	3.28982
251.66524	3.27428
251.90629	3.25715
252.14735	3.23949
252.38841	3.22265
252.62947	3.20802
252.87053	3.19673
253.11159	3.18945
253.35265	3.18619
253.59370	3.18635
253.83476	3.18876
254.07582	3.19195
254.31688	3.19440
254.55794	3.19484
254.79900	3.19247
255.04006	3.18710
255.28112	3.17913
255.52217	3.16943
255.76323	3.15911
256.00429	3.14930
256.24535	3.14079
256.48641	3.13392
256.72747	3.12848
256.96853	3.12374
257.20958	3.11862
257.45064	3.11193
257.69170	3.10266
257.93276	3.09021
258.17382	3.07457
258.41488	3.05637
258.65594	3.03676
258.89700	3.01725
259.13805	2.99943
259.37911	2.98463
259.62017	2.97373
259.86123	2.96700
260.10229	2.96400
260.34335	2.96377
260.58441	2.96498
260.82546	2.96626
261.06652	2.96642
261.30758	2.96476
261.54864	2.96109
261.78970	2.95583
262.03076	2.94979
262.27182	2.94399
262.51288	2.93936
262.75393	2.93649
262.99499	2.93549
263.23605	2.93589
263.47711	2.93670
263.71817	2.93666
263.95923	2.93445
264.20029	2.92898
264.44134	2.91965
264.68240	2.90646
264.92346	2.89002
265.16452	2.87151
265.40558	2.85240
265.64664	2.83422
265.88770	2.81830
266.12875	2.80552
266.36981	2.79625
266.61087	2.79026
266.85193	2.78688
267.09299	2.78512
267.33405	2.78397
267.57511	2.78256
267.81617	2.78035
268.05722	2.77725
268.29828	2.77357
268.53934	2.76993
268.78040	2.76711
269.02146	2.76580
269.26252	2.76641
269.50358	2.76894
269.74463	2.77293
269.98569	2.77745
270.22675	2.78131
270.46781	2.78323
270.70887	2.78210
270.94993	2.77717
271.19099	2.76823
271.43205	2.75564
271.67310	2.74026
271.91416	2.72332
272.15522	2.70616
272.39628	2.69002
272.63734	2.67578
272.87840	2.66387
273.11946	2.65423
273.36051	2.64633
273.60157	2.63942
273.84263	2.63269
274.08369	2.62550
274.32475	2.61756
274.56581	2.60901
274.80687	2.60040
275.04793	2.59259
275.28898	2.58654
275.53004	2.58311
275.77110	2.58282
276.01216	2.58575
276.25322	2.59146
276.49428	2.59902
276.73534	2.60723
276.97639	2.61475
277.21745	2.62037
277.45851	2.62321
277.69957	2.62287
277.94063	2.61943
278.18169	2.61347
278.42275	2.60588
278.66380	2.59770
278.90486	2.58988
279.14592	2.58315
279.38698	2.57786
279.62804	2.57396
279.86910	2.57106
280.11016	2.56854
280.35122	2.56575
280.59227	2.56214
280.83333	2.55748
281.07439	2.55187
281.31545	2.54581
281.55651	2.54008
281.79757	2.53564
282.03863	2.53342
282.27968	2.53412
282.52074	2.53808
282.76180	2.54517
283.00286	2.55481
283.24392	2.56602
283.48498	2.57760
283.72604	2.58834
283.96710	2.59722
284.20815	2.60359
284.44921	2.60722
284.69027	2.60837
284.93133	2.60766
285.17239	2.60589
285.41345	2.60387
285.65451	2.60219
285.89556	2.60111
286.13662	2.60048
286.37768	2.59977
286.61874	2.59821
286.85980	2.59496
287.10086	2.58936
287.34192	2.58105
287.58298	2.57013
287.82403	2.55716
288.06509	2.54308
288.30615	2.52907
288.54721	2.51636
288.78827	2.50599
289.02933	2.49864
289.27039	2.49457
289.51144	2.49356
289.75250	2.49501
289.99356	2.49808
290.23462	2.50185
290.47568	2.50552
290.71674	2.50855
290.95780	2.51072
291.19885	2.51214
291.43991	2.51318
291.68097	2.51432
291.92203	2.51601
292.16309	2.51849
292.40415	2.52172
292.64521	2.52531
292.88627	2.52858
293.12732	2.53065
293.36838	2.53066
293.60944	2.52787
293.85050	2.52190
294.09156	2.51277
294.33262	2.50095
294.57368	2.48731
294.81473	2.47293
295.05579	2.45893
295.29685	2.44628
295.53791	2.43564
295.77897	2.42723
296.02003	2.42086
296.26109	2.41601
296.50215	2.41196
296.74320	2.40799
296.98426	2.40358
297.22532	2.39849
297.46638	2.39285
297.70744	2.38711
297.94850	2.38194
298.18956	2.37803
298.43061	2.37594
298.67167	2.37595
298.91273	2.37793
299.15379	2.38137
299.39485	2.38541
299.63591	2.38901
299.87697	2.39113
300.11803	2.39088
300.35908	2.38771
300.60014	2.38148
300.84120	2.37246
301.08226	2.36130
301.32332	2.34889
301.56438	2.33618
301.80544	2.32404
302.04649	2.31314
302.28755	2.30381
302.52861	2.29604
302.76967	2.28956
303.01073	2.28389
303.25179	2.27849
303.49285	2.27292
303.73391	2.26693
303.97496	2.26055
304.21602	2.25408
304.45708	2.24805
304.69814	2.24310
304.93920	2.23983
305.18026	2.23869
305.42132	2.23983
305.66237	2.24304
305.90343	2.24780
306.14449	2.25332
306.38555	2.25870
306.62661	2.26307
306.86767	2.26579
307.10873	2.26650
307.34978	2.26523
307.59084	2.26237
307.83190	2.25852
308.07296	2.25440
308.31402	2.25067
308.55508	2.24780
308.79614	2.24593
309.03720	2.24494
309.27825	2.24443
309.51931	2.24387
309.76037	2.24273
310.00143	2.24065
310.24249	2.23757
310.48355	2.23372
310.72461	2.22967
310.96566	2.22620
311.20672	2.22417
311.44778	2.22435
311.68884	2.22730
311.92990	2.23318
312.17096	2.24180
312.41202	2.25257
312.65308	2.26465
312.89413	2.27706
313.13519	2.28886
313.37625	2.29932
313.61731	2.30801
313.85837	2.31483
314.09943	2.32005
314.34049	2.32414
314.58154	2.32770
314.82260	2.33127
315.06366	2.33519
315.30472	2.33953
315.54578	2.34408
315.78684	2.34835
316.02790	2.35173
316.26896	2.35362
316.51001	2.35358
316.75107	2.35145
316.99213	2.34744
317.23319	2.34211
317.47425	2.33628
317.71531	2.33089
317.95637	2.32687
318.19742	2.32491
318.43848	2.32536
318.67954	2.32821
318.92060	2.33304
319.16166	2.33920
319.40272	2.34588
319.64378	2.35234
319.88483	2.35803
320.12589	2.36273
320.36695	2.36655
320.60801	2.36989
320.84907	2.37334
321.09013	2.37752
321.33119	2.38290
321.57225	2.38971
321.81330	2.39782
322.05436	2.40679
322.29542	2.41594
322.53648	2.42445
322.77754	2.43159
323.01860	2.43683
323.25966	2.43995
323.50071	2.44113
323.74177	2.44088
323.98283	2.43995
324.22389	2.43921
324.46495	2.43946
324.70601	2.44130
324.94707	2.44502
325.18813	2.45057
325.42918	2.45758
325.67024	2.46543
325.91130	2.47345
326.15236	2.48099
326.39342	2.48761
326.63448	2.49316
326.87554	2.49778
327.11659	2.50190
327.35765	2.50610
327.59871	2.51101
327.83977	2.51709
328.08083	2.52458
328.32189	2.53332
328.56295	2.54278
328.80401	2.55216
329.04506	2.56044
329.28612	2.56661
329.52718	2.56987
329.76824	2.56974
330.00930	2.56617
330.25036	2.55958
330.49142	2.55075
330.73247	2.54068
330.97353	2.53042
331.21459	2.52088
331.45565	2.51265
331.69671	2.50596
331.93777	2.50067
332.17883	2.49636
332.41988	2.49246
332.66094	2.48840
332.90200	2.48381
333.14306	2.47857
333.38412	2.47285
333.62518	2.46711
333.86624	2.46194
334.10730	2.45795
334.34835	2.45562
334.58941	2.45513
334.83047	2.45637
335.07153	2.45888
335.31259	2.46193
335.55365	2.46467
335.79471	2.46624
336.03576	2.46597
336.27682	2.46345
336.51788	2.45864
336.75894	2.45182
337.00000	2.44357
337.24106	2.43461
337.48212	2.42565
337.72318	2.41727
337.96423	2.40979
338.20529	2.40322
338.44635	2.39727
338.68741	2.39144
338.92847	2.38510
339.16953	2.37773
339.41059	2.36895
339.65164	2.35871
339.89270	2.34729
340.13376	2.33528
340.37482	2.32348
340.61588	2.31277
340.85694	2.30393
341.09800	2.29749
341.33906	2.29364
341.58011	2.29222
341.82117	2.29268
342.06223	2.29429
342.30329	2.29617
342.54435	2.29756
342.78541	2.29787
343.02647	2.29682
343.26752	2.29445
343.50858	2.29106
343.74964	2.28710
343.99070	2.28307
344.23176	2.27933
344.47282	2.27605
344.71388	2.27314
344.95493	2.27026
345.19599	2.26694
345.43705	2.26263
345.67811	2.25692
345.91917	2.24958
346.16023	2.24068
346.40129	2.23058
346.64235	2.21989
346.88340	2.20936
347.12446	2.19976
347.36552	2.19175
347.60658	2.18573
347.84764	2.18186
348.08870	2.17995
348.32976	2.17961
348.57081	2.18026
348.81187	2.18129
349.05293	2.18215
349.29399	2.18249
349.53505	2.18217
349.77611	2.18126
350.01717	2.18004
350.25823	2.17890
350.49928	2.17820
350.74034	2.17819
350.98140	2.17894
351.22246	2.18027
351.46352	2.18176
351.70458	2.18284
351.94564	2.18286
352.18669	2.18123
352.42775	2.17756
352.66881	2.17171
352.90987	2.16389
353.15093	2.15457
353.39199	2.14447
353.63305	2.13437
353.87411	2.12502
354.11516	2.11699
354.35622	2.11058
354.59728	2.10578
354.83834	2.10228
355.07940	2.09961
355.32046	2.09719
355.56152	2.09452
355.80257	2.09125
356.04363	2.08726
356.28469	2.08267
356.52575	2.07778
356.76681	2.07301
357.00787	2.06875
357.24893	2.06527
357.48999	2.06264
357.73104	2.06067
357.97210	2.05898
358.21316	2.05702
358.45422	2.05421
358.69528	2.05003
358.93634	2.04414
359.17740	2.03643
359.41845	2.02705
359.65951	2.01639
359.90057	2.00501
360.14163	1.99348
360.38269	1.98235
360.62375	1.97200
360.86481	1.96262
361.10586	1.95415
361.34692	1.94634
361.58798	1.93882
361.82904	1.93120
362.07010	1.92314
362.31116	1.91446
362.55222	1.90516
362.79328	1.89544
363.03433	1.88568
363.27539	1.87631
363.51645	1.86775
363.75751	1.86032
363.99857	1.85413
364.23963	1.84909
364.48069	1.84486
364.72174	1.84096
364.96280	1.83681
365.20386	1.83187
365.44492	1.82570
365.68598	1.81810
365.92704	1.80906
366.16810	1.79881
366.40916	1.78775
366.65021	1.77634
366.89127	1.76499
367.13233	1.75402
367.37339	1.74355
367.61445	1.73349
367.85551	1.72359
368.09657	1.71347
368.33762	1.70278
368.57868	1.69120
368.81974	1.67859
369.06080	1.66499
369.30186	1.65066
369.54292	1.63595
369.78398	1.62130
370.02504	1.60714
370.26609	1.59373
370.50715	1.58121
370.74821	1.56946
370.98927	1.55820
371.23033	1.54701
371.47139	1.53540
371.71245	1.52289
371.95350	1.50912
372.19456	1.49390
372.43562	1.47718
372.67668	1.45912
372.91774	1.43997
373.15880	1.42007
373.39986	1.39976
373.64091	1.37929
373.88197	1.35882
374.12303	1.33836
374.36409	1.31781
374.60515	1.29701
374.84621	1.27578
375.08727	1.25394
375.32833	1.23144
375.56938	1.20832
375.81044	1.18476
376.05150	1.16103
376.29256	1.13742
376.53362	1.11435
376.77468	1.09215
377.01574	1.07104
377.25679	1.05114
377.49785	1.03240
377.73891	1.01473
377.97997	0.99796
378.22103	0.98183
378.46209	0.96635
378.70315	0.95149
378.94421	0.93739
379.18526	0.92425
379.42632	0.91235
379.66738	0.90198
379.90844	0.89341
380.14950	0.88676
380.39056	0.88212
380.63162	0.87941
380.87267	0.87844
381.11373	0.87896
381.35479	0.88072
381.59585	0.88350
381.83691	0.88718
382.07797	0.89173
382.31903	0.89724
382.56009	0.90385
382.80114	0.91175
383.04220	0.92109
383.28326	0.93198
383.52432	0.94440
383.76538	0.95825
384.00644	0.97324
384.24750	0.98915
384.48855	1.00569
384.72961	1.02257
384.97067	1.03956
385.21173	1.05653
385.45279	1.07341
385.69385	1.09028
385.93491	1.10720
386.17596	1.12435
386.41702	1.14186
386.65808	1.15978
386.89914	1.17805
387.14020	1.19652
387.38126	1.21492
387.62232	1.23293
387.86338	1.25019
388.10443	1.26648
388.34549	1.28160
388.58655	1.29554
388.82761	1.30840
389.06867	1.32042
389.30973	1.33196
389.55079	1.34335
389.79184	1.35492
390.03290	1.36688
390.27396	1.37930
390.51502	1.39211
390.75608	1.40512
390.99714	1.41808
391.23820	1.43072
391.47926	1.44286
391.72031	1.45441
391.96137	1.46542
392.20243	1.47607
392.44349	1.48663
392.68455	1.49741
392.92561	1.50868
393.16667	1.52060
393.40772	1.53320
393.64878	1.54636
393.88984	1.55980
394.13090	1.57318
394.37196	1.58611
394.61302	1.59825
394.85408	1.60937
395.09514	1.61938
395.33619	1.62834
395.57725	1.63644
395.81831	1.64398
396.05937	1.65125
396.30043	1.65853
396.54149	1.66599
396.78255	1.67368
397.02360	1.68153
397.26466	1.68938
397.50572	1.69702
397.74678	1.70425
397.98784	1.71093
398.22890	1.71706
398.46996	1.72275
398.71102	1.72822
398.95207	1.73377
399.19313	1.73973
399.43419	1.74635
399.67525	1.75378
399.91631	1.76201
400.15737	1.77089
400.39843	1.78011
400.63948	1.78927
400.88054	1.79796
401.12160	1.80582
401.36266	1.81260
401.60372	1.81823
401.84478	1.82280
402.08584	1.82652
402.32689	1.82972
402.56795	1.83271
402.80901	1.83574
403.05007	1.83895
403.29113	1.84232
403.53219	1.84570
403.77325	1.84881
404.01431	1.85138
404.25536	1.85313
404.49642	1.85393
404.73748	1.85379
404.97854	1.85288
405.21960	1.85153
405.46066	1.85015
405.70172	1.84915
405.94277	1.84887
406.18383	1.84952
406.42489	1.85114
406.66595	1.85358
406.90701	1.85656
407.14807	1.85972
407.38913	1.86268
407.63019	1.86515
407.87124	1.86693
408.11230	1.86800
408.35336	1.86847
408.59442	1.86856
408.83548	1.86855
409.07654	1.86871
409.31760	1.86924
409.55865	1.87020
409.79971	1.87152
410.04077	1.87302
410.28183	1.87438
410.52289	1.87530
410.76395	1.87546
411.00501	1.87465
411.24607	1.87280
411.48712	1.86996
411.72818	1.86637
411.96924	1.86233
412.21030	1.85821
412.45136	1.85434
412.69242	1.85098
412.93348	1.84827
413.17453	1.84618
413.41559	1.84457
413.65665	1.84318
413.89771	1.84174
414.13877	1.83998
414.37983	1.83772
414.62089	1.83488
414.86194	1.83153
415.10300	1.82781
415.34406	1.82396
415.58512	1.82018
415.82618	1.81664
416.06724	1.81340
416.30830	1.81038
416.54936	1.80739
416.79041	1.80415
417.03147	1.80033
417.27253	1.79566
417.51359	1.78994
417.75465	1.78312
417.99571	1.77530
418.23677	1.76674
418.47782	1.75779
418.71888	1.74882
418.95994	1.74020
419.20100	1.73217
419.44206	1.72484
419.68312	1.71817
419.92418	1.71196
420.16524	1.70591
420.40629	1.69971
420.64735	1.69307
420.88841	1.68579
421.12947	1.67785
421.37053	1.66932
421.61159	1.66045
421.85265	1.65152
422.09370	1.64285
422.33476	1.63468
422.57582	1.62713
422.81688	1.62018
423.05794	1.61364
423.29900	1.60720
423.54006	1.60051
423.78112	1.59319
424.02217	1.58494
424.26323	1.57560
424.50429	1.56514
424.74535	1.55369
424.98641	1.54147
425.22747	1.52877
425.46853	1.51587
425.70958	1.50299
425.95064	1.49024
426.19170	1.47763
426.43276	1.46508
426.67382	1.45245
426.91488	1.43962
427.15594	1.42648
427.39699	1.41302
427.63805	1.39933
427.87911	1.38558
428.12017	1.37200
428.36123	1.35884
428.60229	1.34631
428.84335	1.33457
429.08441	1.32365
429.32546	1.31349
429.56652	1.30392
429.80758	1.29473
430.04864	1.28565
430.28970	1.27647
430.53076	1.26701
430.77182	1.25717
431.01287	1.24694
431.25393	1.23637
431.49499	1.22558
431.73605	1.21467
431.97711	1.20374
432.21817	1.19283
432.45923	1.18194
432.70029	1.17098
432.94134	1.15985
433.18240	1.14842
433.42346	1.13657
433.66452	1.12426
433.90558	1.11152
434.14664	1.09844
434.38770	1.08524
434.62875	1.07219
434.86981	1.05958
435.11087	1.04768
435.35193	1.03670
435.59299	1.02679
435.83405	1.01798
436.07511	1.01022
436.31617	1.00343
436.55722	0.99749
436.79828	0.99228
437.03934	0.98774
437.28040	0.98386
437.52146	0.98073
437.76252	0.97848
438.00358	0.97730
438.24463	0.97737
438.48569	0.97885
438.72675	0.98184
438.96781	0.98634
439.20887	0.99225
439.44993	0.99941
439.69099	1.00758
439.93204	1.01645
440.17310	1.02582
440.41416	1.03548
440.65522	1.04529
440.89628	1.05519
441.13734	1.06519
441.37840	1.07535
441.61946	1.08573
441.86051	1.09636
442.10157	1.10728
442.34263	1.11845
442.58369	1.12975
442.82475	1.14104
443.06581	1.15210
443.30687	1.16275
443.54792	1.17283
443.78898	1.18220
444.03004	1.19084
444.27110	1.19879
444.51216	1.20612
444.75322	1.21294
444.99428	1.21936
445.23534	1.22546
445.47639	1.23125
445.71745	1.23671
445.95851	1.24176
446.19957	1.24625
446.44063	1.25007
446.68169	1.25310
446.92275	1.25527
447.16380	1.25659
447.40486	1.25713
447.64592	1.25704
447.88698	1.25649
448.12804	1.25566
448.36910	1.25473
448.61016	1.25379
448.85122	1.25289
449.09227	1.25200
449.33333	1.25105
449.57439	1.24993
449.81545	1.24856
450.05651	1.24688
450.29757	1.24488
450.53863	1.24263
450.77968	1.24024
451.02074	1.23787
451.26180	1.23568
451.50286	1.23380
451.74392	1.23231
451.98498	1.23121
452.22604	1.23042
452.46710	1.22982
452.70815	1.22922
452.94921	1.22842
453.19027	1.22725
453.43133	1.22559
453.67239	1.22338
453.91345	1.22064
454.15451	1.21745
454.39556	1.21392
454.63662	1.21020
454.87768	1.20641
455.11874	1.20261
455.35980	1.19883
455.60086	1.19505
455.84192	1.19120
456.08297	1.18717
456.32403	1.18288
456.56509	1.17828
456.80615	1.17338
457.04721	1.16822
457.28827	1.16295
457.52933	1.15771
457.77039	1.15270
458.01144	1.14807
458.25250	1.14396
458.49356	1.14040
458.73462	1.13740
458.97568	1.13484
459.21674	1.13260
459.45780	1.13050
459.69885	1.12837
459.93991	1.12606
460.18097	1.12349
460.42203	1.12063
460.66309	1.11753
460.90415	1.11428
461.14521	1.11098
461.38627	1.10774
461.62732	1.10464
461.86838	1.10171
462.10944	1.09893
462.35050	1.09623
462.59156	1.09351
462.83262	1.09066
463.07368	1.08761
463.31473	1.08430
463.55579	1.08076
463.79685	1.07704
464.03791	1.07325
464.27897	1.06951
464.52003	1.06594
464.76109	1.06263
465.00215	1.05960
465.24320	1.05686
465.48426	1.05433
465.72532	1.05192
465.96638	1.04952
466.20744	1.04705
466.44850	1.04443
466.68956	1.04167
466.93061	1.03879
467.17167	1.03588
467.41273	1.03303
467.65379	1.03034
467.89485	1.02790
468.13591	1.02573
468.37697	1.02383
468.61802	1.02211
468.85908	1.02047
469.10014	1.01878
469.34120	1.01690
469.58226	1.01473
469.82332	1.01222
470.06438	1.00936
470.30544	1.00623
470.54649	1.00291
470.78755	0.99955
471.02861	0.99625
471.26967	0.99314
471.51073	0.99025
471.75179	0.98760
471.99285	0.98514
472.23390	0.98277
472.47496	0.98041
472.71602	0.97796
472.95708	0.97533
473.19814	0.97252
473.43920	0.96955
473.68026	0.96647
473.92132	0.96341
474.16237	0.96046
474.40343	0.95774
474.64449	0.95532
474.88555	0.95322
475.12661	0.95142
475.36767	0.94987
475.60873	0.94845
475.84978	0.94708
476.09084	0.94566
476.33190	0.94415
476.57296	0.94251
476.81402	0.94078
477.05508	0.93902
477.29614	0.93729
477.53720	0.93568
477.77825	0.93424
478.01931	0.93299
478.26037	0.93190
478.50143	0.93092
478.74249	0.92999
478.98355	0.92902
479.22461	0.92793
479.46566	0.92667
479.70672	0.92525
479.94778	0.92367
480.18884	0.92200
480.42990	0.92029
480.67096	0.91862
480.91202	0.91706
481.15307	0.91563
481.39413	0.91435
481.63519	0.91319
481.87625	0.91211
482.11731	0.91103
482.35837	0.90989
482.59943	0.90864
482.84049	0.90726
483.08154	0.90576
483.32260	0.90417
483.56366	0.90257
483.80472	0.90104
484.04578	0.89964
484.28684	0.89845
484.52790	0.89747
484.76895	0.89668
485.01001	0.89602
485.25107	0.89540
485.49213	0.89472
485.73319	0.89389
485.97425	0.89284
486.21531	0.89153
486.45637	0.89000
486.69742	0.88828
486.93848	0.88647
487.17954	0.88465
487.42060	0.88291
487.66166	0.88129
487.90272	0.87982
488.14378	0.87848
488.38483	0.87724
488.62589	0.87604
488.86695	0.87484
489.10801	0.87360
489.34907	0.87231
489.59013	0.87101
489.83119	0.86974
490.07225	0.86859
490.31330	0.86761
490.55436	0.86687
490.79542	0.86641
491.03648	0.86623
491.27754	0.86629
491.51860	0.86653
491.75966	0.86685
492.00071	0.86718
492.24177	0.86743
492.48283	0.86753
492.72389	0.86749
492.96495	0.86729
493.20601	0.86700
493.44707	0.86667
493.68812	0.86638
493.92918	0.86619
494.17024	0.86614
494.41130	0.86624
494.65236	0.86648
494.89342	0.86680
495.13448	0.86716
495.37554	0.86748
495.61659	0.86771
495.85765	0.86784
496.09871	0.86787
496.33977	0.86783
496.58083	0.86777
496.82189	0.86777
497.06295	0.86787
497.30400	0.86812
497.54506	0.86853
497.78612	0.86905
498.02718	0.86965
498.26824	0.87022
498.50930	0.87069
498.75036	0.87098
498.99142	0.87103
499.23247	0.87082
499.47353	0.87038
499.71459	0.86972
499.95565	0.86891
500.19671	0.86800
500.43777	0.86702
500.67883	0.86598
500.91988	0.86485
501.16094	0.86359
501.40200	0.86212
501.64306	0.86040
501.88412	0.85835
502.12518	0.85594
502.36624	0.85316
502.60730	0.85001
502.84835	0.84652
503.08941	0.84273
503.33047	0.83864
503.57153	0.83427
503.81259	0.82961
504.05365	0.82466
504.29471	0.81941
504.53576	0.81388
504.77682	0.80810
505.01788	0.80218
505.25894	0.79628
505.50000	0.79060
505.74106	0.78546
505.98212	0.78119
506.22318	0.77813
506.46423	0.77661
506.70529	0.77690
506.94635	0.77919
507.18741	0.78353
507.42847	0.78987
507.66953	0.79802
507.91059	0.80770
508.15164	0.81855
508.39270	0.83017
508.63376	0.84219
508.87482	0.85425
509.11588	0.86608
509.35694	0.87746
509.59800	0.88832
509.83905	0.89863
510.08011	0.90840
510.32117	0.91764
510.56223	0.92637
510.80329	0.93460
511.04435	0.94234
511.28541	0.94954
511.52647	0.95621
511.76752	0.96233
512.00858	0.96792
512.24964	0.97303
512.49070	0.97773
512.73176	0.98210
512.97282	0.98623
513.21388	0.99018
513.45493	0.99399
513.69599	0.99768
513.93705	1.00120
514.17811	1.00449
514.41917	1.00749
514.66023	1.01012
514.90129	1.01234
515.14235	1.01411
515.38340	1.01546
515.62446	1.01642
515.86552	1.01707
516.10658	1.01749
516.34764	1.01777
516.58870	1.01798
516.82976	1.01816
517.07081	1.01832
517.31187	1.01844
517.55293	1.01849
517.79399	1.01841
518.03505	1.01817
518.27611	1.01773
518.51717	1.01710
518.75823	1.01632
518.99928	1.01546
519.24034	1.01464
519.48140	1.01395
519.72246	1.01350
519.96352	1.01335
520.20458	1.01354
520.44564	1.01403
520.68669	1.01477
520.92775	1.01564
521.16881	1.01652
521.40987	1.01731
521.65093	1.01790
521.89199	1.01827
522.13305	1.01840
522.37410	1.01835
522.61516	1.01818
522.85622	1.01799
523.09728	1.01785
523.33834	1.01780
523.57940	1.01785
523.82046	1.01799
524.06152	1.01815
524.30257	1.01828
524.54363	1.01830
524.78469	1.01817
525.02575	1.01788
525.26681	1.01746
525.50787	1.01697
525.74893	1.01649
525.98998	1.01611
526.23104	1.01591
526.47210	1.01593
526.71316	1.01621
526.95422	1.01672
527.19528	1.01743
527.43634	1.01825
527.67740	1.01913
527.91845	1.01999
528.15951	1.02078
528.40057	1.02147
528.64163	1.02207
528.88269	1.02260
529.12375	1.02308
529.36481	1.02355
529.60586	1.02403
529.84692	1.02455
530.08798	1.02508
530.32904	1.02559
530.57010	1.02603
530.81116	1.02636
531.05222	1.02652
531.29328	1.02650
531.53433	1.02627
531.77539	1.02587
532.01645	1.02534
532.25751	1.02476
532.49857	1.02421
532.73963	1.02374
532.98069	1.02340
533.22174	1.02321
533.46280	1.02313
533.70386	1.02310
533.94492	1.02302
534.18598	1.02281
534.42704	1.02238
534.66810	1.02165
534.90915	1.02060
535.15021	1.01924
535.39127	1.01761
535.63233	1.01579
535.87339	1.01384
536.11445	1.01183
536.35551	1.00980
536.59657	1.00776
536.83762	1.00570
537.07868	1.00357
537.31974	1.00132
537.56080	0.99890
537.80186	0.99628
538.04292	0.99345
538.28398	0.99041
538.52503	0.98723
538.76609	0.98394
539.00715	0.98064
539.24821	0.97738
539.48927	0.97423
539.73033	0.97124
539.97139	0.96842
540.21245	0.96578
540.45350	0.96332
540.69456	0.96101
540.93562	0.95886
541.17668	0.95685
541.41774	0.95502
541.65880	0.95339
541.89986	0.95202
542.14091	0.95097
542.38197	0.95029
542.62303	0.95001
542.86409	0.95016
543.10515	0.95070
543.34621	0.95157
543.58727	0.95270
543.82833	0.95397
544.06938	0.95529
544.31044	0.95656
544.55150	0.95772
544.79256	0.95873
545.03362	0.95960
545.27468	0.96035
545.51574	0.96099
545.75679	0.96156
545.99785	0.96206
546.23891	0.96245
546.47997	0.96268
546.72103	0.96268
546.96209	0.96235
547.20315	0.96160
547.44421	0.96037
547.68526	0.95864
547.92632	0.95641
548.16738	0.95374
548.40844	0.95070
548.64950	0.94737
548.89056	0.94387
549.13162	0.94025
549.37267	0.93657
549.61373	0.93287
549.85479	0.92914
550.09585	0.92539
550.33691	0.92163
550.57797	0.91789
550.81903	0.91422
551.06008	0.91072
551.30114	0.90751
551.54220	0.90473
551.78326	0.90251
552.02432	0.90098
552.26538	0.90023
552.50644	0.90029
552.74750	0.90117
552.98855	0.90279
553.22961	0.90509
553.47067	0.90795
553.71173	0.91127
553.95279	0.91495
554.19385	0.91893
554.43491	0.92318
554.67596	0.92770
554.91702	0.93251
555.15808	0.93766
555.39914	0.94318
555.64020	0.94908
555.88126	0.95534
556.12232	0.96191
556.36338	0.96870
556.60443	0.97561
556.84549	0.98252
557.08655	0.98931
557.32761	0.99590
557.56867	1.00222
557.80973	1.00824
558.05079	1.01397
558.29184	1.01943
558.53290	1.02465
558.77396	1.02964
559.01502	1.03441
559.25608	1.03893
559.49714	1.04318
559.73820	1.04709
559.97926	1.05062
560.22031	1.05371
560.46137	1.05636
560.70243	1.05857
560.94349	1.06038
561.18455	1.06185
561.42561	1.06307
561.66667	1.06411
561.90772	1.06506
562.14878	1.06596
562.38984	1.06684
562.63090	1.06771
562.87196	1.06854
563.11302	1.06929
563.35408	1.06993
563.59513	1.07042
563.83619	1.07075
564.07725	1.07092
564.31831	1.07098
564.55937	1.07097
564.80043	1.07096
565.04149	1.07104
565.28255	1.07126
565.52360	1.07166
565.76466	1.07227
566.00572	1.07306
566.24678	1.07398
566.48784	1.07498
566.72890	1.07598
566.96996	1.07692
567.21101	1.07774
567.45207	1.07843
567.69313	1.07899
567.93419	1.07943
568.17525	1.07980
568.41631	1.08014
568.65737	1.08048
568.89843	1.08084
569.13948	1.08121
569.38054	1.08159
569.62160	1.08195
569.86266	1.08224
570.10372	1.08244
570.34478	1.08255
570.58584	1.08257
570.82689	1.08253
571.06795	1.08247
571.30901	1.08247
571.55007	1.08255
571.79113	1.08276
572.03219	1.08311
572.27325	1.08357
572.51431	1.08411
572.75536	1.08466
572.99642	1.08514
573.23748	1.08547
573.47854	1.08559
573.71960	1.08547
573.96066	1.08510
574.20172	1.08451
574.44277	1.08374
574.68383	1.08285
574.92489	1.08192
575.16595	1.08101
575.40701	1.08017
575.64807	1.07944
575.88913	1.07884
576.13018	1.07836
576.37124	1.07799
576.61230	1.07774
576.85336	1.07759
577.09442	1.07755
577.33548	1.07765
577.57654	1.07792
577.81760	1.07838
578.05865	1.07907
578.29971	1.07999
578.54077	1.08114
578.78183	1.08247
579.02289	1.08390
579.26395	1.08533
579.50501	1.08667
579.74606	1.08781
579.98712	1.08867
580.22818	1.08919
580.46924	1.08938
580.71030	1.08926
580.95136	1.08887
581.19242	1.08830
581.43348	1.08761
581.67453	1.08685
581.91559	1.08608
582.15665	1.08529
582.39771	1.08448
582.63877	1.08362
582.87983	1.08271
583.12089	1.08171
583.36194	1.08065
583.60300	1.07953
583.84406	1.07840
584.08512	1.07729
584.32618	1.07626
584.56724	1.07533
584.80830	1.07453
585.04936	1.07384
585.29041	1.07325
585.53147	1.07272
585.77253	1.07219
586.01359	1.07161
586.25465	1.07092
586.49571	1.07009
586.73677	1.06909
586.97782	1.06790
587.21888	1.06654
587.45994	1.06501
587.70100	1.06333
587.94206	1.06151
588.18312	1.05957
588.42418	1.05747
588.66523	1.05520
588.90629	1.05273
589.14735	1.05002
589.38841	1.04703
589.62947	1.04377
589.87053	1.04023
590.11159	1.03647
590.35265	1.03253
590.59370	1.02851
590.83476	1.02448
591.07582	1.02051
591.31688	1.01666
591.55794	1.01294
591.79900	1.00937
592.04006	1.00589
592.28111	1.00248
592.52217	0.99907
592.76323	0.99564
593.00429	0.99215
593.24535	0.98861
593.48641	0.98501
593.72747	0.98139
593.96853	0.97778
594.20958	0.97419
594.45064	0.97063
594.69170	0.96709
594.93276	0.96351
595.17382	0.95986
595.41488	0.95608
595.65594	0.95210
595.89699	0.94791
596.13805	0.94349
596.37911	0.93885
596.62017	0.93402
596.86123	0.92908
597.10229	0.92406
597.34335	0.91905
597.58441	0.91410
597.82546	0.90924
598.06652	0.90451
598.30758	0.89994
598.54864	0.89553
598.78970	0.89131
599.03076	0.88731
599.27182	0.88354
599.51287	0.88006
599.75393	0.87687
599.99499	0.87403
600.23605	0.87152
600.47711	0.86935
600.71817	0.86748
600.95923	0.86583
601.20029	0.86433
601.44134	0.86288
601.68240	0.86138
601.92346	0.85972
602.16452	0.85781
602.40558	0.85559
602.64664	0.85303
602.88770	0.85011
603.12875	0.84685
603.36981	0.84330
603.61087	0.83949
603.85193	0.83548
604.09299	0.83132
604.33405	0.82704
604.57511	0.82265
604.81616	0.81816
605.05722	0.81355
605.29828	0.80881
605.53934	0.80393
605.78040	0.79892
606.02146	0.79379
606.26252	0.78856
606.50358	0.78328
606.74463	0.77800
606.98569	0.77275
607.22675	0.76756
607.46781	0.76243
607.70887	0.75736
607.94993	0.75230
608.19099	0.74720
608.43204	0.74200
608.67310	0.73663
608.91416	0.73104
609.15522	0.72518
609.39628	0.71902
609.63734	0.71256
609.87840	0.70580
610.11946	0.69873
610.36051	0.69138
610.60157	0.68377
610.84263	0.67592
611.08369	0.66785
611.32475	0.65960
611.56581	0.65120
611.80687	0.64273
612.04792	0.63424
612.28898	0.62582
612.53004	0.61758
612.77110	0.60964
613.01216	0.60210
613.25322	0.59508
613.49428	0.58870
613.73534	0.58303
613.97639	0.57815
614.21745	0.57411
614.45851	0.57092
614.69957	0.56856
614.94063	0.56701
615.18169	0.56620
615.42275	0.56605
615.66380	0.56650
615.90486	0.56744
616.14592	0.56879
616.38698	0.57047
616.62804	0.57239
616.86910	0.57447
617.11016	0.57664
617.35121	0.57881
617.59227	0.58093
617.83333	0.58293
618.07439	0.58476
618.31545	0.58638
618.55651	0.58776
618.79757	0.58892
619.03863	0.58987
619.27968	0.59063
619.52074	0.59125
619.76180	0.59176
620.00286	0.59221
620.24392	0.59260
620.48498	0.59296
620.72604	0.59329
620.96709	0.59357
621.20815	0.59378
621.44921	0.59391
621.69027	0.59395
621.93133	0.59387
622.17239	0.59366
622.41345	0.59333
622.65451	0.59285
622.89556	0.59222
623.13662	0.59142
623.37768	0.59044
623.61874	0.58924
623.85980	0.58780
624.10086	0.58612
624.34192	0.58418
624.58297	0.58198
624.82403	0.57953
625.06509	0.57686
625.30615	0.57401
625.54721	0.57102
625.78827	0.56793
626.02933	0.56479
626.27039	0.56165
626.51144	0.55852
626.75250	0.55543
626.99356	0.55235
627.23462	0.54928
627.47568	0.54616
627.71674	0.54294
627.95780	0.53955
628.19885	0.53594
628.43991	0.53202
628.68097	0.52777
628.92203	0.52315
629.16309	0.51817
629.40415	0.51286
629.64521	0.50731
629.88626	0.50161
630.12732	0.49590
630.36838	0.49033
630.60944	0.48506
630.85050	0.48022
631.09156	0.47598
631.33262	0.47242
631.57368	0.46962
631.81473	0.46759
632.05579	0.46634
632.29685	0.46579
632.53791	0.46584
632.77897	0.46638
633.02003	0.46727
633.26109	0.46834
633.50214	0.46947
633.74320	0.47051
633.98426	0.47134
634.22532	0.47189
634.46638	0.47208
634.70744	0.47189
634.94850	0.47133
635.18956	0.47043
635.43061	0.46924
635.67167	0.46782
635.91273	0.46623
636.15379	0.46453
636.39485	0.46278
636.63591	0.46102
636.87697	0.45928
637.11802	0.45756
637.35908	0.45588
637.60014	0.45423
637.84120	0.45259
638.08226	0.45096
638.32332	0.44932
638.56438	0.44767
638.80544	0.44598
639.04649	0.44425
639.28755	0.44245
639.52861	0.44058
639.76967	0.43859
640.01073	0.43647
640.25179	0.43418
640.49285	0.43168
640.73390	0.42896
640.97496	0.42599
641.21602	0.42277
641.45708	0.41930
641.69814	0.41561
641.93920	0.41174
642.18026	0.40772
642.42132	0.40363
642.66237	0.39951
642.90343	0.39542
643.14449	0.39142
643.38555	0.38756
643.62661	0.38387
643.86767	0.38040
644.10873	0.37716
644.34978	0.37419
644.59084	0.37148
644.83190	0.36905
645.07296	0.36689
645.31402	0.36499
645.55508	0.36332
645.79614	0.36184
646.03719	0.36053
646.27825	0.35931
646.51931	0.35814
646.76037	0.35697
647.00143	0.35573
647.24249	0.35438
647.48355	0.35290
647.72461	0.35124
647.96566	0.34940
648.20672	0.34738
648.44778	0.34519
648.68884	0.34284
648.92990	0.34034
649.17096	0.33771
649.41202	0.33497
649.65307	0.33213
649.89413	0.32920
650.13519	0.32620
650.37625	0.32313
650.61731	0.32001
650.85837	0.31684
651.09943	0.31365
651.34049	0.31044
651.58154	0.30725
651.82260	0.30408
652.06366	0.30094
652.30472	0.29784
652.54578	0.29477
652.78684	0.29173
653.02790	0.28870
653.26895	0.28566
653.51001	0.28258
653.75107	0.27944
653.99213	0.27623
654.23319	0.27292
654.47425	0.26950
654.71531	0.26594
654.95637	0.26225
655.19742	0.25841
655.43848	0.25440
655.67954	0.25022
655.92060	0.24584
656.16166	0.24126
656.40272	0.23647
656.64378	0.23148
656.88483	0.22630
657.12589	0.22095
657.36695	0.21547
657.60801	0.20993
657.84907	0.20438
658.09013	0.19892
658.33119	0.19361
658.57224	0.18856
658.81330	0.18385
659.05436	0.17957
659.29542	0.17579
659.53648	0.17257
659.77754	0.16993
660.01860	0.16788
660.25966	0.16639
660.50071	0.16541
660.74177	0.16487
660.98283	0.16468
661.22389	0.16475
661.46495	0.16496
661.70601	0.16523
661.94707	0.16546
662.18812	0.16560
662.42918	0.16558
662.67024	0.16538
662.91130	0.16497
663.15236	0.16435
663.39342	0.16353
663.63448	0.16253
663.87554	0.16136
664.11659	0.16003
664.35765	0.15858
664.59871	0.15702
664.83977	0.15536
665.08083	0.15363
665.32189	0.15183
665.56295	0.14997
665.80400	0.14808
666.04506	0.14615
666.28612	0.14420
666.52718	0.14224
666.76824	0.14029
667.00930	0.13835
667.25036	0.13643
667.49142	0.13453
667.73247	0.13265
667.97353	0.13079
668.21459	0.12895
668.45565	0.12711
668.69671	0.12527
668.93777	0.12342
669.17883	0.12157
669.41988	0.11972
669.66094	0.11786
669.90200	0.11600
670.14306	0.11416
670.38412	0.11234
670.62518	0.11054
670.86624	0.10878
671.10729	0.10705
671.34835	0.10536
671.58941	0.10370
671.83047	0.10209
672.07153	0.10050
672.31259	0.09895
672.55365	0.09744
672.79471	0.09595
673.03576	0.09448
673.27682	0.09304
673.51788	0.09162
673.75894	0.09021
674.00000	0.08880
674.24106	0.08741
674.48212	0.08601
674.72317	0.08462
674.96423	0.08322
675.20529	0.08182
675.44635	0.08043
675.68741	0.07904
675.92847	0.07765
676.16953	0.07627
676.41059	0.07490
676.65164	0.07354
676.89270	0.07219
677.13376	0.07085
677.37482	0.06951
677.61588	0.06819
677.85694	0.06687
678.09800	0.06557
678.33905	0.06428
678.58011	0.06300
678.82117	0.06173
679.06223	0.06047
679.30329	0.05923
679.54435	0.05800
679.78541	0.05680
680.02647	0.05562
680.26752	0.05447
680.50858	0.05335
680.74964	0.05227
680.99070	0.05122
681.23176	0.05023
681.47282	0.04927
681.71388	0.04835
681.95493	0.04746
682.19599	0.04661
682.43705	0.04578
682.67811	0.04497
682.91917	0.04418
683.16023	0.04341
683.40129	0.04265
683.64234	0.04191
683.88340	0.04119
684.12446	0.04049
684.36552	0.03981
684.60658	0.03916
684.84764	0.03852
685.08870	0.03790
685.32976	0.03730
685.57081	0.03671
685.81187	0.03613
686.05293	0.03556
686.29399	0.03498
686.53505	0.03441
686.77611	0.03383
687.01717	0.03326
687.25822	0.03270
687.49928	0.03215
687.74034	0.03163
687.98140	0.03113
688.22246	0.03067
688.46352	0.03024
688.70458	0.02986
688.94564	0.02951
689.18669	0.02919
689.42775	0.02891
689.66881	0.02864
689.90987	0.02839
690.15093	0.02815
690.39199	0.02791
690.63305	0.02767
690.87410	0.02743
691.11516	0.02718
691.35622	0.02694
691.59728	0.02669
691.83834	0.02644
692.07940	0.02620
692.32046	0.02595
692.56152	0.02571
692.80257	0.02547
693.04363	0.02523
693.28469	0.02499
693.52575	0.02474
693.76681	0.02448
694.00787	0.02420
694.24893	0.02390
694.48998	0.02357
694.73104	0.02322
694.97210	0.02284
695.21316	0.02243
695.45422	0.02200
695.69528	0.02155
695.93634	0.02108
696.17740	0.02061
696.41845	0.02013
696.65951	0.01964
696.90057	0.01915
697.14163	0.01866
697.38269	0.01816
697.62375	0.01767
697.86481	0.01717
698.10586	0.01669
698.34692	0.01621
698.58798	0.01574
698.82904	0.01530
699.07010	0.01488
699.31116	0.01448
699.55222	0.01410
699.79327	0.01374
700.03433	0.01340
700.27539	0.01307
700.51645	0.01276
700.75751	0.01245
700.99857	0.01216
701.23963	0.01188
701.48069	0.01162
701.72174	0.01138
701.96280	0.01116
702.20386	0.01096
702.44492	0.01078
702.68598	0.01061
702.92704	0.01045
703.16810	0.01030
703.40915	0.01014
703.65021	0.00999
703.89127	0.00984
704.13233	0.00970
704.37339	0.00957
704.61445	0.00945
704.85551	0.00936
705.09657	0.00928
705.33762	0.00922
705.57868	0.00918
705.81974	0.00915
706.06080	0.00912
706.30186	0.00910
706.54292	0.00908
706.78398	0.00905
707.02503	0.00903
707.26609	0.00901
707.50715	0.00898
707.74821	0.00896
707.98927	0.00895
708.23033	0.00893
708.47139	0.00892
708.71245	0.00891
708.95350	0.00890
709.19456	0.00889
709.43562	0.00889
709.67668	0.00888
709.91774	0.00889
710.15880	0.00889
710.39986	0.00890
710.64091	0.00892
710.88197	0.00894
711.12303	0.00896
711.36409	0.00897
711.60515	0.00898
711.84621	0.00898
712.08727	0.00897
712.32832	0.00895
712.56938	0.00893
712.81044	0.00891
713.05150	0.00889
713.29256	0.00887
713.53362	0.00886
713.77468	0.00885
714.01574	0.00884
714.25679	0.00883
714.49785	0.00881
714.73891	0.00879
714.97997	0.00877
715.22103	0.00874
715.46209	0.00872
715.70315	0.00870
715.94420	0.00868
716.18526	0.00868
716.42632	0.00869
716.66738	0.00871
716.90844	0.00874
717.14950	0.00878
717.39056	0.00881
717.63162	0.00885
717.87267	0.00887
718.11373	0.00888
718.35479	0.00888
718.59585	0.00887
718.83691	0.00884
719.07797	0.00881
719.31903	0.00877
719.56008	0.00873
719.80114	0.00868
720.04220	0.00864
720.28326	0.00859
720.52432	0.00853
720.76538	0.00848
721.00644	0.00842
721.24750	0.00837
721.48855	0.00831
721.72961	0.00826
721.97067	0.00821
722.21173	0.00817
722.45279	0.00814
722.69385	0.00812
722.93491	0.00811
723.17596	0.00810
723.41702	0.00811
723.65808	0.00812
723.89914	0.00813
724.14020	0.00814
724.38126	0.00815
724.62232	0.00816
724.86337	0.00816
725.10443	0.00815
725.34549	0.00814
725.58655	0.00813
725.82761	0.00811
726.06867	0.00809
726.30973	0.00806
726.55079	0.00803
726.79184	0.00800
727.03290	0.00797
727.27396	0.00794
727.51502	0.00791
727.75608	0.00788
727.99714	0.00785
728.23820	0.00782
728.47925	0.00779
728.72031	0.00776
728.96137	0.00773
729.20243	0.00771
729.44349	0.00769
729.68455	0.00768
729.92561	0.00768
730.16667	0.00769
730.40772	0.00772
730.64878	0.00775
730.88984	0.00779
731.13090	0.00783
731.37196	0.00787
731.61302	0.00790
731.85408	0.00792
732.09513	0.00793
732.33619	0.00791
732.57725	0.00788
732.81831	0.00784
733.05937	0.00778
733.30043	0.00772
733.54149	0.00765
733.78255	0.00759
734.02360	0.00754
734.26466	0.00750
734.50572	0.00748
734.74678	0.00746
734.98784	0.00746
735.22890	0.00746
735.46996	0.00747
735.71101	0.00747
735.95207	0.00747
736.19313	0.00747
736.43419	0.00747
736.67525	0.00747
736.91631	0.00747
737.15737	0.00747
737.39842	0.00748
737.63948	0.00749
737.88054	0.00751
738.12160	0.00752
738.36266	0.00754
738.60372	0.00755
738.84478	0.00755
739.08584	0.00756
739.32689	0.00755
739.56795	0.00755
739.80901	0.00754
740.05007	0.00754
740.29113	0.00754
740.53219	0.00755
740.77325	0.00756
741.01430	0.00758
741.25536	0.00760
741.49642	0.00761
741.73748	0.00762
741.97854	0.00762
742.21960	0.00762
742.46066	0.00761
742.70172	0.00760
742.94277	0.00758
743.18383	0.00756
743.42489	0.00755
743.66595	0.00755
743.90701	0.00755
744.14807	0.00755
744.38913	0.00757
744.63018	0.00758
744.87124	0.00761
745.11230	0.00763
745.35336	0.00766
745.59442	0.00770
745.83548	0.00773
746.07654	0.00777
746.31760	0.00782
746.55865	0.00786
746.79971	0.00792
747.04077	0.00797
747.28183	0.00802
747.52289	0.00808
747.76395	0.00813
748.00501	0.00818
748.24606	0.00824
748.48712	0.00830
748.72818	0.00837
748.96924	0.00845
749.21030	0.00855
749.45136	0.00866
749.69242	0.00878
749.93348	0.00892
750.17453	0.00905
750.41559	0.00919
750.65665	0.00934
750.89771	0.00948
751.13877	0.00962
751.37983	0.00977
751.62089	0.00993
751.86194	0.01009
752.10300	0.01027
752.34406	0.01045
752.58512	0.01064
752.82618	0.01084
753.06724	0.01104
753.30830	0.01124
753.54935	0.01145
753.79041	0.01167
754.03147	0.01191
754.27253	0.01215
754.51359	0.01241
754.75465	0.01268
754.99571	0.01297
755.23677	0.01327
755.47782	0.01357
755.71888	0.01388
755.95994	0.01418
756.20100	0.01447
756.44206	0.01475
756.68312	0.01503
756.92418	0.01530
757.16523	0.01557
757.40629	0.01584
757.64735	0.01611
757.88841	0.01638
758.12947	0.01667
758.37053	0.01695
758.61159	0.01724
758.85265	0.01754
759.09370	0.01783
759.33476	0.01813
759.57582	0.01843
759.81688	0.01873
760.05794	0.01904
760.29900	0.01936
760.54006	0.01969
760.78111	0.02004
761.02217	0.02039
761.26323	0.02074
761.50429	0.02109
761.74535	0.02144
761.98641	0.02177
762.22747	0.02208
762.46853	0.02236
762.70958	0.02263
762.95064	0.02287
763.19170	0.02309
763.43276	0.02330
763.67382	0.02350
763.91488	0.02370
764.15594	0.02389
764.39699	0.02408
764.63805	0.02426
764.87911	0.02443
765.12017	0.02459
765.36123	0.02475
765.60229	0.02489
765.84335	0.02504
766.08440	0.02518
766.32546	0.02532
766.56652	0.02546
766.80758	0.02560
767.04864	0.02574
767.28970	0.02588
767.53076	0.02601
767.77182	0.02612
768.01287	0.02623
768.25393	0.02632
768.49499	0.02640
768.73605	0.02647
768.97711	0.02654
769.21817	0.02662
769.45923	0.02670
769.70028	0.02680
769.94134	0.02691
770.18240	0.02703
770.42346	0.02717
770.66452	0.02731
770.90558	0.02746
771.14664	0.02762
771.38770	0.02779
771.62875	0.02798
771.86981	0.02818
772.11087	0.02840
772.35193	0.02865
772.59299	0.02893
772.83405	0.02924
773.07511	0.02958
773.31616	0.02994
773.55722	0.03031
773.79828	0.03070
774.03934	0.03110
774.28040	0.03150
774.52146	0.03191
774.76252	0.03231
775.00358	0.03270
775.24463	0.03310
775.48569	0.03348
775.72675	0.03386
775.96781	0.03424
776.20887	0.03460
776.44993	0.03495
776.69099	0.03528
776.93204	0.03560
777.17310	0.03590
777.41416	0.03618
777.65522	0.03645
777.89628	0.03670
778.13734	0.03695
778.37840	0.03718
778.61945	0.03741
778.86051	0.03762
779.10157	0.03784
779.34263	0.03804
779.58369	0.03824
779.82475	0.03844
780.06581	0.03864
780.30687	0.03883
780.54792	0.03902
780.78898	0.03920
781.03004	0.03937
781.27110	0.03953
781.51216	0.03967
781.75322	0.03980
781.99428	0.03991
782.23533	0.04001
782.47639	0.04009
782.71745	0.04016
782.95851	0.04021
783.19957	0.04026
783.44063	0.04030
783.68169	0.04034
783.92275	0.04037
784.16380	0.04039
784.40486	0.04041
784.64592	0.04041
784.88698	0.04038
785.12804	0.04034
785.36910	0.04026
785.61016	0.04015
785.85121	0.04001
786.09227	0.03983
786.33333	0.03963
786.57439	0.03939
786.81545	0.03912
787.05651	0.03883
787.29757	0.03852
787.53863	0.03819
787.77968	0.03784
788.02074	0.03747
788.26180	0.03709
788.50286	0.03670
788.74392	0.03629
788.98498	0.03588
789.22604	0.03546
789.46709	0.03503
789.70815	0.03460
789.94921	0.03417
790.19027	0.03373
790.43133	0.03329
790.67239	0.03285
790.91345	0.03242
791.15451	0.03198
791.39556	0.03155
791.63662	0.03113
791.87768	0.03072
792.11874	0.03032
792.35980	0.02994
792.60086	0.02958
792.84192	0.02924
793.08297	0.02893
793.32403	0.02865
793.56509	0.02840
793.80615	0.02820
794.04721	0.02804
794.28827	0.02792
794.52933	0.02785
794.77038	0.02783
795.01144	0.02784
795.25250	0.02788
795.49356	0.02796
795.73462	0.02807
795.97568	0.02819
796.21674	0.02832
796.45780	0.02845
796.69885	0.02857
796.93991	0.02868
797.18097	0.02876
797.42203	0.02883
797.66309	0.02888
797.90415	0.02891
798.14521	0.02893
798.38626	0.02894
798.62732	0.02896
798.86838	0.02899
799.10944	0.02902
799.35050	0.02906
799.59156	0.02911
799.83262	0.02915
800.07368	0.02920
800.31473	0.02924
800.55579	0.02928
800.79685	0.02932
801.03791	0.02937
801.27897	0.02942
801.52003	0.02948
801.76109	0.02954
802.00214	0.02960
802.24320	0.02967
802.48426	0.02974
802.72532	0.02981
802.96638	0.02988
803.20744	0.02996
803.44850	0.03003
803.68956	0.03012
803.93061	0.03022
804.17167	0.03033
804.41273	0.03045
804.65379	0.03058
804.89485	0.03072
805.13591	0.03086
805.37697	0.03099
805.61802	0.03113
805.85908	0.03126
806.10014	0.03138
806.34120	0.03151
806.58226	0.03163
806.82332	0.03177
807.06438	0.03191
807.30543	0.03205
807.54649	0.03221
807.78755	0.03237
808.02861	0.03253
808.26967	0.03268
808.51073	0.03283
808.75179	0.03297
808.99285	0.03311
809.23390	0.03325
809.47496	0.03339
809.71602	0.03353
809.95708	0.03369
810.19814	0.03386
810.43920	0.03405
810.68026	0.03425
810.92131	0.03445
811.16237	0.03466
811.40343	0.03486
811.64449	0.03504
811.88555	0.03521
812.12661	0.03534
812.36767	0.03546
812.60873	0.03555
812.84978	0.03562
813.09084	0.03569
813.33190	0.03575
813.57296	0.03582
813.81402	0.03590
814.05508	0.03599
814.29614	0.03609
814.53719	0.03621
814.77825	0.03632
815.01931	0.03644
815.26037	0.03655
815.50143	0.03667
815.74249	0.03678
815.98355	0.03689
816.22461	0.03701
816.46566	0.03713
816.70672	0.03726
816.94778	0.03740
817.18884	0.03754
817.42990	0.03767
817.67096	0.03781
817.91202	0.03793
818.15307	0.03804
818.39413	0.03814
818.63519	0.03823
818.87625	0.03831
819.11731	0.03837
819.35837	0.03844
819.59943	0.03850
819.84048	0.03857
820.08154	0.03864
820.32260	0.03873
820.56366	0.03882
820.80472	0.03893
821.04578	0.03903
821.28684	0.03914
821.52790	0.03925
821.76895	0.03934
822.01001	0.03942
822.25107	0.03949
822.49213	0.03955
822.73319	0.03959
822.97425	0.03962
823.21531	0.03965
823.45636	0.03967
823.69742	0.03969
823.93848	0.03970
824.17954	0.03971
824.42060	0.03972
824.66166	0.03972
824.90272	0.03971
825.14378	0.03970
825.38483	0.03968
825.62589	0.03965
825.86695	0.03962
826.10801	0.03958
826.34907	0.03954
826.59013	0.03949
826.83119	0.03943
827.07224	0.03937
827.31330	0.03931
827.55436	0.03925
827.79542	0.03919
828.03648	0.03914
828.27754	0.03908
828.51860	0.03903
828.75966	0.03898
829.00071	0.03894
829.24177	0.03890
829.48283	0.03885
829.72389	0.03881
829.96495	0.03876
830.20601	0.03870
830.44707	0.03863
830.68812	0.03856
830.92918	0.03847
831.17024	0.03838
831.41130	0.03827
831.65236	0.03814
831.89342	0.03801
832.13448	0.03787
832.37553	0.03772
832.61659	0.03756
832.85765	0.03741
833.09871	0.03724
833.33977	0.03708
833.58083	0.03691
833.82189	0.03674
834.06295	0.03657
834.30400	0.03639
834.54506	0.03620
834.78612	0.03599
835.02718	0.03577
835.26824	0.03552
835.50930	0.03525
835.75036	0.03495
835.99141	0.03462
836.23247	0.03425
836.47353	0.03385
836.71459	0.03343
836.95565	0.03298
837.19671	0.03251
837.43777	0.03204
837.67883	0.03157
837.91988	0.03110
838.16094	0.03065
838.40200	0.03022
838.64306	0.02979
838.88412	0.02939
839.12518	0.02898
839.36624	0.02857
839.60729	0.02815
839.84835	0.02772
840.08941	0.02725
840.33047	0.02676
840.57153	0.02625
840.81259	0.02572
841.05365	0.02518
841.29471	0.02464
841.53576	0.02410
841.77682	0.02358
842.01788	0.02307
842.25894	0.02259
842.50000	0.02213
842.74106	0.02169
842.98212	0.02127
843.22317	0.02086
843.46423	0.02048
843.70529	0.02010
843.94635	0.01974
844.18741	0.01938
844.42847	0.01903
844.66953	0.01870
844.91059	0.01838
845.15164	0.01807
845.39270	0.01779
845.63376	0.01753
845.87482	0.01729
846.11588	0.01707
846.35694	0.01689
846.59800	0.01672
846.83905	0.01658
847.08011	0.01646
847.32117	0.01636
847.56223	0.01627
847.80329	0.01619
848.04435	0.01612
848.28541	0.01606
848.52646	0.01600
848.76752	0.01595
849.00858	0.01591
849.24964	0.01587
849.49070	0.01585
849.73176	0.01584
849.97282	0.01584
850.21388	0.01586
850.45493	0.01590
850.69599	0.01594
850.93705	0.01599
851.17811	0.01604
851.41917	0.01609
851.66023	0.01613
851.90129	0.01617
852.14234	0.01620
852.38340	0.01623
852.62446	0.01626
852.86552	0.01629
853.10658	0.01633
853.34764	0.01639
853.58870	0.01645
853.82976	0.01654
854.07081	0.01662
854.31187	0.01672
854.55293	0.01681
854.79399	0.01690
855.03505	0.01697
855.27611	0.01703
855.51717	0.01708
855.75822	0.01712
855.99928	0.01715
856.24034	0.01718
856.48140	0.01721
856.72246	0.01725
856.96352	0.01730
857.20458	0.01736
857.44564	0.01741
857.68669	0.01747
857.92775	0.01752
858.16881	0.01755
858.40987	0.01756
858.65093	0.01755
858.89199	0.01751
859.13305	0.01745
859.37410	0.01738
859.61516	0.01729
859.85622	0.01720
860.09728	0.01709
860.33834	0.01699
860.57940	0.01688
860.82046	0.01678
861.06151	0.01667
861.30257	0.01656
861.54363	0.01644
861.78469	0.01633
862.02575	0.01620
862.26681	0.01607
862.50787	0.01593
862.74893	0.01578
862.98998	0.01561
863.23104	0.01543
863.47210	0.01523
863.71316	0.01503
863.95422	0.01481
864.19528	0.01459
864.43634	0.01437
864.67739	0.01416
864.91845	0.01395
865.15951	0.01374
865.40057	0.01355
865.64163	0.01336
865.88269	0.01318
866.12375	0.01300
866.36481	0.01282
866.60586	0.01263
866.84692	0.01243
867.08798	0.01223
867.32904	0.01201
867.57010	0.01179
867.81116	0.01155
868.05222	0.01130
868.29327	0.01104
868.53433	0.01077
868.77539	0.01049
869.01645	0.01020
869.25751	0.00991
869.49857	0.00962
869.73963	0.00933
869.98069	0.00906
870.22174	0.00881
870.46280	0.00861
870.70386	0.00845
870.94492	0.00836
871.18598	0.00833
871.42704	0.00838
871.66810	0.00850
871.90915	0.00867
872.15021	0.00890
872.39127	0.00917
872.63233	0.00946
872.87339	0.00978
873.11445	0.01009
873.35551	0.01041
873.59656	0.01071
873.83762	0.01099
874.07868	0.01125
874.31974	0.01149
874.56080	0.01171
874.80186	0.01191
875.04292	0.01209
875.28398	0.01225
875.52503	0.01239
875.76609	0.01251
876.00715	0.01260
876.24821	0.01267
876.48927	0.01272
876.73033	0.01273
876.97139	0.01272
877.21244	0.01268
877.45350	0.01260
877.69456	0.01250
877.93562	0.01238
878.17668	0.01223
878.41774	0.01207
878.65880	0.01191
878.89986	0.01174
879.14091	0.01158
879.38197	0.01142
879.62303	0.01126
879.86409	0.01110
880.10515	0.01095
880.34621	0.01079
880.58727	0.01064
880.82832	0.01048
881.06938	0.01033
881.31044	0.01018
881.55150	0.01005
881.79256	0.00993
882.03362	0.00982
882.27468	0.00973
882.51574	0.00965
882.75679	0.00958
882.99785	0.00950
883.23891	0.00940
883.47997	0.00928
883.72103	0.00913
883.96209	0.00894
884.20315	0.00873
884.44420	0.00849
884.68526	0.00824
884.92632	0.00798
885.16738	0.00773
885.40844	0.00748
885.64950	0.00726
885.89056	0.00707
886.13161	0.00690
886.37267	0.00675
886.61373	0.00663
886.85479	0.00652
887.09585	0.00642
887.33691	0.00633
887.57797	0.00623
887.81903	0.00613
888.06008	0.00602
888.30114	0.00591
888.54220	0.00578
888.78326	0.00566
889.02432	0.00553
889.26538	0.00540
889.50644	0.00528
889.74749	0.00516
889.98855	0.00506
890.22961	0.00497
890.47067	0.00489
890.71173	0.00482
890.95279	0.00477
891.19385	0.00473
891.43491	0.00469
891.67596	0.00466
891.91702	0.00462
892.15808	0.00458
892.39914	0.00453
892.64020	0.00447
892.88126	0.00440
893.12232	0.00432
893.36337	0.00423
893.60443	0.00413
893.84549	0.00403
894.08655	0.00392
894.32761	0.00382
894.56867	0.00371
894.80973	0.00361
895.05079	0.00352
895.29184	0.00344
895.53290	0.00336
895.77396	0.00328
896.01502	0.00321
896.25608	0.00314
896.49714	0.00308
896.73820	0.00302
896.97925	0.00297
897.22031	0.00291
897.46137	0.00285
897.70243	0.00279
897.94349	0.00272
898.18455	0.00265
898.42561	0.00258
898.66667	0.00250
898.90772	0.00242
899.14878	0.00234
899.38984	0.00226
899.63090	0.00220
