0.00000	0.01338
0.24106	0.01362
0.48212	0.01433
0.72318	0.01539
0.96423	0.01667
1.20529	0.01802
1.44635	0.01928
1.68741	0.02036
1.92847	0.02120
2.16953	0.02173
2.41059	0.02204
2.65165	0.02219
2.89270	0.02223
3.13376	0.02222
3.37482	0.02219
3.61588	0.02215
3.85694	0.02212
4.09800	0.02208
4.33906	0.02203
4.58011	0.02198
4.82117	0.02194
5.06223	0.02191
5.30329	0.02190
5.54435	0.02191
5.78541	0.02190
6.02647	0.02188
6.26753	0.02181
6.50858	0.02167
6.74964	0.02148
6.99070	0.02123
7.23176	0.02096
7.47282	0.02070
7.71388	0.02049
7.95494	0.02035
8.19599	0.02028
8.43705	0.02029
8.67811	0.02036
8.91917	0.02045
9.16023	0.02056
9.40129	0.02065
9.64235	0.02073
9.88340	0.02078
10.12446	0.02087
10.36552	0.02103
10.60658	0.02129
10.84764	0.02168
11.08870	0.02221
11.32976	0.02285
11.57082	0.02354
11.81187	0.02422
12.05293	0.02478
12.29399	0.02514
12.53505	0.02520
12.77611	0.02491
13.01717	0.02424
13.25823	0.02321
13.49928	0.02188
13.74034	0.02019
13.98140	0.01839
14.22246	0.01663
14.46352	0.01505
14.70458	0.01376
14.94564	0.01282
15.18670	0.01229
15.42775	0.01213
15.66881	0.01232
15.90987	0.01278
16.15093	0.01341
16.39199	0.01411
16.63305	0.01481
16.87411	0.01544
17.11516	0.01595
17.35622	0.01634
17.59728	0.01652
17.83834	0.01660
18.07940	0.01657
18.32046	0.01642
18.56152	0.01616
18.80258	0.01574
19.04363	0.01515
19.28469	0.01437
19.52575	0.01333
19.76681	0.01212
20.00787	0.01079
20.24893	0.00942
20.48999	0.00808
20.73104	0.00684
20.97210	0.00577
21.21316	0.00492
21.45422	0.00435
21.69528	0.00430
21.93634	0.00486
22.17740	0.00605
22.41845	0.00777
22.65951	0.00987
22.90057	0.01211
23.14163	0.01419
23.38269	0.01625
23.62375	0.01825
23.86481	0.02019
24.10587	0.02209
24.34692	0.02395
24.58798	0.02579
24.82904	0.02762
25.07010	0.02941
25.31116	0.03115
25.55222	0.03280
25.79328	0.03434
26.03433	0.03577
26.27539	0.03710
26.51645	0.03836
26.75751	0.03964
26.99857	0.04101
27.23963	0.04256
27.48069	0.04440
27.72175	0.04661
27.96280	0.04924
28.20386	0.05231
28.44492	0.05580
28.68598	0.05965
28.92704	0.06378
29.16810	0.06813
29.40916	0.07261
29.65021	0.07720
29.89127	0.08186
30.13233	0.08660
30.37339	0.09143
30.61445	0.09635
30.85551	0.10132
31.09657	0.10629
31.33763	0.11115
31.57868	0.11577
31.81974	0.12002
32.06080	0.12380
32.30186	0.12702
32.54292	0.12967
32.78398	0.13183
33.02504	0.13361
33.26609	0.13523
33.50715	0.13692
33.74821	0.13893
33.98927	0.14149
34.23033	0.14479
34.47139	0.14896
34.71245	0.15405
34.95350	0.16002
35.19456	0.16679
35.43562	0.17425
35.67668	0.18229
35.91774	0.19087
36.15880	0.20004
36.39986	0.20995
36.64092	0.22085
36.88197	0.23302
37.12303	0.24675
37.36409	0.26219
37.60515	0.27930
37.84621	0.29780
38.08727	0.31714
38.32833	0.33655
38.56938	0.35509
38.81044	0.37186
39.05150	0.38603
39.29256	0.39706
39.53362	0.40475
39.77468	0.40927
40.01574	0.41117
40.25680	0.41125
40.49785	0.41045
40.73891	0.40970
40.97997	0.40983
41.22103	0.41140
41.46209	0.41474
41.70315	0.41989
41.94421	0.42669
42.18526	0.43486
42.42632	0.44407
42.66738	0.45407
42.90844	0.46472
43.14950	0.47597
43.39056	0.48791
43.63162	0.50059
43.87268	0.51405
44.11373	0.52817
44.35479	0.54265
44.59585	0.55698
44.83691	0.57049
45.07797	0.58243
45.31903	0.59208
45.56009	0.59887
45.80114	0.60254
46.04220	0.60316
46.28326	0.60118
46.52432	0.59739
46.76538	0.59285
47.00644	0.58869
47.24750	0.58604
47.48855	0.58582
47.72961	0.58866
47.97067	0.59487
48.21173	0.60445
48.45279	0.61715
48.69385	0.63259
48.93491	0.65043
49.17597	0.67045
49.41702	0.69266
49.65808	0.71731
49.89914	0.74485
50.14020	0.77577
50.38126	0.81051
50.62232	0.84923
50.86338	0.89171
51.10443	0.93723
51.34549	0.98458
51.58655	1.03221
51.82761	1.07834
52.06867	1.12127
52.30973	1.15956
52.55079	1.19226
52.79185	1.21905
53.03290	1.24020
53.27396	1.25650
53.51502	1.26906
53.75608	1.27911
53.99714	1.28772
54.23820	1.29566
54.47926	1.30333
54.72031	1.31079
54.96137	1.31790
55.20243	1.32449
55.44349	1.33060
55.68455	1.33668
55.92561	1.34362
56.16667	1.35273
56.40773	1.36560
56.64878	1.38384
56.88984	1.40871
57.13090	1.44087
57.37196	1.48012
57.61302	1.52536
57.85408	1.57462
58.09514	1.62532
58.33619	1.67465
58.57725	1.71999
58.81831	1.75928
59.05937	1.79132
59.30043	1.81590
59.54149	1.83372
59.78255	1.84615
60.02361	1.85486
60.26466	1.86140
60.50572	1.86686
60.74678	1.87164
60.98784	1.87543
61.22890	1.87734
61.46996	1.87623
61.71102	1.87109
61.95207	1.86144
62.19313	1.84756
62.43419	1.83067
62.67525	1.81276
62.91631	1.79637
63.15737	1.78415
63.39843	1.77841
63.63948	1.78073
63.88054	1.79168
64.12160	1.81075
64.36266	1.83640
64.60372	1.86641
64.84478	1.89824
65.08584	1.92943
65.32690	1.95797
65.56795	1.98257
65.80901	2.00266
66.05007	2.01837
66.29113	2.03027
66.53219	2.03901
66.77325	2.04509
67.01431	2.04857
67.25536	2.04898
67.49642	2.04538
67.73748	2.03648
67.97854	2.02100
68.21960	1.99796
68.46066	1.96697
68.70172	1.92846
68.94278	1.88371
69.18383	1.83473
69.42489	1.78410
69.66595	1.73450
69.90701	1.68851
70.14807	1.64814
70.38913	1.61467
70.63019	1.58851
70.87124	1.56933
71.11230	1.55621
71.35336	1.54796
71.59442	1.54344
71.83548	1.54183
72.07654	1.54278
72.31760	1.54649
72.55866	1.55356
72.79971	1.56474
73.04077	1.58067
73.28183	1.60149
73.52289	1.62667
73.76395	1.65489
74.00501	1.68409
74.24607	1.71170
74.48712	1.73495
74.72818	1.75133
74.96924	1.75896
75.21030	1.75686
75.45136	1.74518
75.69242	1.72509
75.93348	1.69872
76.17453	1.66875
76.41559	1.63810
76.65665	1.60957
76.89771	1.58550
77.13877	1.56758
77.37983	1.55679
77.62089	1.55346
77.86195	1.55741
78.10300	1.56815
78.34406	1.58514
78.58512	1.60790
78.82618	1.63620
79.06724	1.66997
79.30830	1.70924
79.54936	1.75398
79.79041	1.80384
80.03147	1.85800
80.27253	1.91496
80.51359	1.97262
80.75465	2.02835
80.99571	2.07926
81.23677	2.12256
81.47783	2.15599
81.71888	2.17812
81.95994	2.18864
82.20100	2.18839
82.44206	2.17928
82.68312	2.16398
82.92418	2.14548
83.16524	2.12669
83.40629	2.11000
83.64735	2.09701
83.88841	2.08842
84.12947	2.08416
84.37053	2.08359
84.61159	2.08591
84.85265	2.09048
85.09371	2.09713
85.33476	2.10634
85.57582	2.11913
85.81688	2.13693
86.05794	2.16119
86.29900	2.19295
86.54006	2.23248
86.78112	2.27902
87.02217	2.33065
87.26323	2.38448
87.50429	2.43695
87.74535	2.48432
87.98641	2.52326
88.22747	2.55128
88.46853	2.56719
88.70958	2.57115
88.95064	2.56463
89.19170	2.55007
89.43276	2.53038
89.67382	2.50844
89.91488	2.48657
90.15594	2.46624
90.39700	2.44798
90.63805	2.43145
90.87911	2.41579
91.12017	2.40008
91.36123	2.38371
91.60229	2.36675
91.84335	2.35012
92.08441	2.33552
92.32546	2.32519
92.56652	2.32146
92.80758	2.32632
93.04864	2.34096
93.28970	2.36544
93.53076	2.39861
93.77182	2.43820
94.01288	2.48112
94.25393	2.52392
94.49499	2.56332
94.73605	2.59666
94.97711	2.62226
95.21817	2.63957
95.45923	2.64913
95.70029	2.65230
95.94134	2.65086
96.18240	2.64661
96.42346	2.64090
96.66452	2.63442
96.90558	2.62707
97.14664	2.61808
97.38770	2.60632
97.62876	2.59062
97.86981	2.57026
98.11087	2.54526
98.35193	2.51658
98.59299	2.48609
98.83405	2.45638
99.07511	2.43037
99.31617	2.41086
99.55722	2.40009
99.79828	2.39937
100.03934	2.40892
100.28040	2.42783
100.52146	2.45432
100.76252	2.48606
101.00358	2.52058
101.24464	2.55565
101.48569	2.58965
101.72675	2.62166
101.96781	2.65150
102.20887	2.67950
102.44993	2.70622
102.69099	2.73214
102.93205	2.75734
103.17310	2.78131
103.41416	2.80289
103.65522	2.82044
103.89628	2.83213
104.13734	2.83627
104.37840	2.83175
104.61946	2.81833
104.86051	2.79681
105.10157	2.76904
105.34263	2.73772
105.58369	2.70598
105.82475	2.67701
106.06581	2.65352
106.30687	2.63741
106.54793	2.62955
106.78898	2.62976
107.03004	2.63700
107.27110	2.64973
107.51216	2.66631
107.75322	2.68545
107.99428	2.70648
108.23534	2.72949
108.47639	2.75523
108.71745	2.78490
108.95851	2.81970
109.19957	2.86038
109.44063	2.90692
109.68169	2.95825
109.92275	3.01226
110.16381	3.06595
110.40486	3.11592
110.64592	3.15882
110.88698	3.19190
111.12804	3.21347
111.36910	3.22315
111.61016	3.22192
111.85122	3.21193
112.09227	3.19609
112.33333	3.17757
112.57439	3.15929
112.81545	3.14346
113.05651	3.13133
113.29757	3.12312
113.53863	3.11826
113.77969	3.11567
114.02074	3.11427
114.26180	3.11338
114.50286	3.11307
114.74392	3.11431
114.98498	3.11887
115.22604	3.12900
115.46710	3.14699
115.70815	3.17457
115.94921	3.21248
116.19027	3.26014
116.43133	3.31552
116.67239	3.37537
116.91345	3.43566
117.15451	3.49216
117.39556	3.54109
117.63662	3.57969
117.87768	3.60661
118.11874	3.62197
118.35980	3.62723
118.60086	3.62473
118.84192	3.61717
119.08298	3.60702
119.32403	3.59609
119.56509	3.58524
119.80615	3.57440
120.04721	3.56278
120.28827	3.54927
120.52933	3.53296
120.77039	3.51354
121.01144	3.49166
121.25250	3.46897
121.49356	3.44805
121.73462	3.43198
121.97568	3.42392
122.21674	3.42649
122.45780	3.44135
122.69886	3.46882
122.93991	3.50783
123.18097	3.55603
123.42203	3.61019
123.66309	3.66671
123.90415	3.72217
124.14521	3.77384
124.38627	3.82001
124.62732	3.86013
124.86838	3.89463
125.10944	3.92462
125.35050	3.95142
125.59156	3.97604
125.83262	3.99883
126.07368	4.01925
126.31474	4.03590
126.55579	4.04675
126.79685	4.04964
127.03791	4.04276
127.27897	4.02521
127.52003	3.99735
127.76109	3.96093
128.00215	3.91905
128.24320	3.87573
128.48426	3.83542
128.72532	3.80231
128.96638	3.77973
129.20744	3.76968
129.44850	3.77253
129.68956	3.78707
129.93061	3.81077
130.17167	3.84028
130.41273	3.87204
130.65379	3.90286
130.89485	3.93041
131.13591	3.95351
131.37697	3.97210
131.61803	3.98701
131.85908	3.99955
132.10014	4.01095
132.34120	4.02188
132.58226	4.03214
132.82332	4.04055
133.06438	4.04508
133.30544	4.04323
133.54649	4.03262
133.78755	4.01147
134.02861	3.97908
134.26967	3.93612
134.51073	3.88460
134.75179	3.82766
134.99285	3.76910
135.23391	3.71280
135.47496	3.66209
135.71602	3.61939
135.95708	3.58587
136.19814	3.56146
136.43920	3.54501
136.68026	3.53473
136.92132	3.52860
137.16237	3.52485
137.40343	3.52233
137.64449	3.52065
137.88555	3.52019
138.12661	3.52186
138.36767	3.52675
138.60873	3.53570
138.84979	3.54892
139.09084	3.56578
139.33190	3.58468
139.57296	3.60325
139.81402	3.61863
140.05508	3.62797
140.29614	3.62887
140.53720	3.61984
140.77825	3.60052
141.01931	3.57177
141.26037	3.53550
141.50143	3.49435
141.74249	3.45122
141.98355	3.40882
142.22461	3.36927
142.46566	3.33385
142.70672	3.30298
142.94778	3.27630
143.18884	3.25298
143.42990	3.23207
143.67096	3.21281
143.91202	3.19494
144.15308	3.17879
144.39413	3.16523
144.63519	3.15551
144.87625	3.15094
145.11731	3.15255
145.35837	3.16075
145.59943	3.17513
145.84049	3.19442
146.08154	3.21654
146.32260	3.23890
146.56366	3.25877
146.80472	3.27363
147.04578	3.28163
147.28684	3.28178
147.52790	3.27408
147.76896	3.25943
148.01001	3.23941
148.25107	3.21592
148.49213	3.19078
148.73319	3.16542
148.97425	3.14063
149.21531	3.11651
149.45637	3.09255
149.69742	3.06788
149.93848	3.04164
150.17954	3.01326
150.42060	2.98276
150.66166	2.95089
150.90272	2.91908
151.14378	2.88925
151.38484	2.86347
151.62589	2.84360
151.86695	2.83090
152.10801	2.82577
152.34907	2.82764
152.59013	2.83501
152.83119	2.84573
153.07225	2.85731
153.31330	2.86736
153.55436	2.87396
153.79542	2.87593
154.03648	2.87295
154.27754	2.86548
154.51860	2.85458
154.75966	2.84154
155.00072	2.82760
155.24177	2.81359
155.48283	2.79979
155.72389	2.78589
155.96495	2.77109
156.20601	2.75435
156.44707	2.73470
156.68813	2.71153
156.92918	2.68481
157.17024	2.65523
157.41130	2.62412
157.65236	2.59327
157.89342	2.56471
158.13448	2.54033
158.37554	2.52160
158.61659	2.50933
158.85765	2.50357
159.09871	2.50364
159.33977	2.50824
159.58083	2.51574
159.82189	2.52449
160.06295	2.53304
160.30401	2.54043
160.54506	2.54625
160.78612	2.55065
161.02718	2.55422
161.26824	2.55775
161.50930	2.56195
161.75036	2.56728
161.99142	2.57369
162.23247	2.58066
162.47353	2.58720
162.71459	2.59210
162.95565	2.59412
163.19671	2.59233
163.43777	2.58632
163.67883	2.57630
163.91989	2.56317
164.16094	2.54836
164.40200	2.53359
164.64306	2.52059
164.88412	2.51080
165.12518	2.50512
165.36624	2.50380
165.60730	2.50640
165.84835	2.51195
166.08941	2.51919
166.33047	2.52678
166.57153	2.53369
166.81259	2.53931
167.05365	2.54363
167.29471	2.54714
167.53577	2.55076
167.77682	2.55551
168.01788	2.56231
168.25894	2.57166
168.50000	2.58346
168.74106	2.59702
168.98212	2.61105
169.22318	2.62397
169.46423	2.63411
169.70529	2.64010
169.94635	2.64110
170.18741	2.63698
170.42847	2.62837
170.66953	2.61653
170.91059	2.60312
171.15164	2.58992
171.39270	2.57852
171.63376	2.57006
171.87482	2.56506
172.11588	2.56344
172.35694	2.56457
172.59800	2.56750
172.83906	2.57123
173.08011	2.57491
173.32117	2.57805
173.56223	2.58066
173.80329	2.58317
174.04435	2.58634
174.28541	2.59108
174.52647	2.59819
174.76752	2.60812
175.00858	2.62086
175.24964	2.63585
175.49070	2.65203
175.73176	2.66801
175.97282	2.68231
176.21388	2.69361
176.45494	2.70102
176.69599	2.70424
176.93705	2.70358
177.17811	2.69993
177.41917	2.69458
177.66023	2.68892
177.90129	2.68420
178.14235	2.68127
178.38340	2.68046
178.62446	2.68154
178.86552	2.68385
179.10658	2.68647
179.34764	2.68852
179.58870	2.68941
179.82976	2.68900
180.07082	2.68771
180.31187	2.68650
180.55293	2.68666
180.79399	2.68958
181.03505	2.69648
181.27611	2.70812
181.51717	2.72466
181.75823	2.74552
181.99928	2.76954
182.24034	2.79505
182.48140	2.82023
182.72246	2.84339
182.96352	2.86319
183.20458	2.87893
183.44564	2.89056
183.68669	2.89867
183.92775	2.90435
184.16881	2.90889
184.40987	2.91357
184.65093	2.91934
184.89199	2.92668
185.13305	2.93552
185.37411	2.94530
185.61516	2.95511
185.85622	2.96399
186.09728	2.97113
186.33834	2.97615
186.57940	2.97922
186.82046	2.98110
187.06152	2.98299
187.30257	2.98636
187.54363	2.99263
187.78469	3.00290
188.02575	3.01773
188.26681	3.03697
188.50787	3.05978
188.74893	3.08478
188.98999	3.11030
189.23104	3.13466
189.47210	3.15649
189.71316	3.17498
189.95422	3.18996
190.19528	3.20190
190.43634	3.21175
190.67740	3.22070
190.91845	3.22984
191.15951	3.23991
191.40057	3.25111
191.64163	3.26305
191.88269	3.27480
192.12375	3.28512
192.36481	3.29275
192.60587	3.29671
192.84692	3.29655
193.08798	3.29251
193.32904	3.28549
193.57010	3.27695
193.81116	3.26864
194.05222	3.26226
194.29328	3.25920
194.53433	3.26024
194.77539	3.26547
195.01645	3.27427
195.25751	3.28549
195.49857	3.29769
195.73963	3.30944
195.98069	3.31963
196.22174	3.32766
196.46280	3.33353
196.70386	3.33781
196.94492	3.34146
197.18598	3.34557
197.42704	3.35111
197.66810	3.35864
197.90916	3.36815
198.15021	3.37902
198.39127	3.39012
198.63233	3.39998
198.87339	3.40713
199.11445	3.41034
199.35551	3.40892
199.59657	3.40286
199.83762	3.39284
200.07868	3.38011
200.31974	3.36632
200.56080	3.35313
200.80186	3.34200
201.04292	3.33389
201.28398	3.32913
201.52504	3.32740
201.76609	3.32788
202.00715	3.32940
202.24821	3.33077
202.48927	3.33099
202.73033	3.32948
202.97139	3.32617
203.21245	3.32149
203.45350	3.31624
203.69456	3.31138
203.93562	3.30778
204.17668	3.30603
204.41774	3.30623
204.65880	3.30796
204.89986	3.31035
205.14092	3.31218
205.38197	3.31217
205.62303	3.30920
205.86409	3.30254
206.10515	3.29202
206.34621	3.27805
206.58727	3.26157
206.82833	3.24388
207.06938	3.22635
207.31044	3.21022
207.55150	3.19633
207.79256	3.18496
208.03362	3.17585
208.27468	3.16822
208.51574	3.16101
208.75680	3.15308
208.99785	3.14349
209.23891	3.13167
209.47997	3.11758
209.72103	3.10168
209.96209	3.08479
210.20315	3.06798
210.44421	3.05222
210.68526	3.03825
210.92632	3.02635
211.16738	3.01629
211.40844	3.00739
211.64950	2.99864
211.89056	2.98893
212.13162	2.97726
212.37267	2.96299
212.61373	2.94593
212.85479	2.92639
213.09585	2.90511
213.33691	2.88311
213.57797	2.86150
213.81903	2.84121
214.06009	2.82285
214.30114	2.80661
214.54220	2.79222
214.78326	2.77906
215.02432	2.76629
215.26538	2.75309
215.50644	2.73881
215.74750	2.72313
215.98855	2.70614
216.22961	2.68832
216.47067	2.67046
216.71173	2.65347
216.95279	2.63821
217.19385	2.62530
217.43491	2.61499
217.67597	2.60711
217.91702	2.60108
218.15808	2.59605
218.39914	2.59102
218.64020	2.58504
218.88126	2.57741
219.12232	2.56776
219.36338	2.55611
219.60443	2.54287
219.84549	2.52869
220.08655	2.51432
220.32761	2.50044
220.56867	2.48752
220.80973	2.47572
221.05079	2.46483
221.29185	2.45441
221.53290	2.44384
221.77396	2.43248
222.01502	2.41989
222.25608	2.40593
222.49714	2.39078
222.73820	2.37502
222.97926	2.35947
223.22031	2.34508
223.46137	2.33274
223.70243	2.32309
223.94349	2.31646
224.18455	2.31270
224.42561	2.31130
224.66667	2.31141
224.90772	2.31203
225.14878	2.31218
225.38984	2.31104
225.63090	2.30812
225.87196	2.30330
226.11302	2.29684
226.35408	2.28924
226.59514	2.28117
226.83619	2.27330
227.07725	2.26611
227.31831	2.25984
227.55937	2.25441
227.80043	2.24948
228.04149	2.24452
228.28255	2.23894
228.52360	2.23227
228.76466	2.22424
229.00572	2.21492
229.24678	2.20464
229.48784	2.19404
229.72890	2.18388
229.96996	2.17492
230.21102	2.16778
230.45207	2.16281
230.69313	2.16004
230.93419	2.15918
231.17525	2.15966
231.41631	2.16078
231.65737	2.16183
231.89843	2.16222
232.13948	2.16161
232.38054	2.15992
232.62160	2.15734
232.86266	2.15422
233.10372	2.15103
233.34478	2.14813
233.58584	2.14577
233.82690	2.14393
234.06795	2.14234
234.30901	2.14051
234.55007	2.13786
234.79113	2.13379
235.03219	2.12787
235.27325	2.11992
235.51431	2.11008
235.75536	2.09884
235.99642	2.08691
236.23748	2.07521
236.47854	2.06462
236.71960	2.05593
236.96066	2.04966
237.20172	2.04599
237.44277	2.04481
237.68383	2.04568
237.92489	2.04801
238.16595	2.05116
238.40701	2.05452
238.64807	2.05770
238.88913	2.06052
239.13019	2.06301
239.37124	2.06541
239.61230	2.06800
239.85336	2.07109
240.09442	2.07480
240.33548	2.07909
240.57654	2.08369
240.81760	2.08813
241.05865	2.09181
241.29971	2.09415
241.54077	2.09467
241.78183	2.09309
242.02289	2.08943
242.26395	2.08401
242.50501	2.07740
242.74607	2.07034
242.98712	2.06364
243.22818	2.05800
243.46924	2.05395
243.71030	2.05176
243.95136	2.05143
244.19242	2.05271
244.43348	2.05522
244.67453	2.05852
244.91559	2.06225
245.15665	2.06618
245.39771	2.07034
245.63877	2.07493
245.87983	2.08031
246.12089	2.08688
246.36195	2.09499
246.60300	2.10482
246.84406	2.11627
247.08512	2.12900
247.32618	2.14238
247.56724	2.15564
247.80830	2.16794
248.04936	2.17853
248.29041	2.18687
248.53147	2.19273
248.77253	2.19618
249.01359	2.19760
249.25465	2.19760
249.49571	2.19688
249.73677	2.19611
249.97783	2.19582
250.21888	2.19632
250.45994	2.19769
250.70100	2.19977
250.94206	2.20229
251.18312	2.20494
251.42418	2.20746
251.66524	2.20980
251.90629	2.21209
252.14735	2.21467
252.38841	2.21806
252.62947	2.22281
252.87053	2.22943
253.11159	2.23824
253.35265	2.24931
253.59370	2.26240
253.83476	2.27695
254.07582	2.29218
254.31688	2.30719
254.55794	2.32107
254.79900	2.33306
255.04006	2.34263
255.28112	2.34958
255.52217	2.35399
255.76323	2.35624
256.00429	2.35684
256.24535	2.35637
256.48641	2.35533
256.72747	2.35406
256.96853	2.35269
257.20958	2.35115
257.45064	2.34922
257.69170	2.34662
257.93276	2.34317
258.17382	2.33880
258.41488	2.33368
258.65594	2.32822
258.89700	2.32298
259.13805	2.31866
259.37911	2.31589
259.62017	2.31522
259.86123	2.31692
260.10229	2.32100
260.34335	2.32719
260.58441	2.33497
260.82546	2.34368
261.06652	2.35262
261.30758	2.36117
261.54864	2.36887
261.78970	2.37546
262.03076	2.38088
262.27182	2.38522
262.51288	2.38866
262.75393	2.39139
262.99499	2.39348
263.23605	2.39488
263.47711	2.39540
263.71817	2.39470
263.95923	2.39239
264.20029	2.38811
264.44134	2.38163
264.68240	2.37294
264.92346	2.36224
265.16452	2.35003
265.40558	2.33699
265.64664	2.32392
265.88770	2.31163
266.12875	2.30081
266.36981	2.29195
266.61087	2.28526
266.85193	2.28068
267.09299	2.27790
267.33405	2.27644
267.57511	2.27577
267.81617	2.27538
268.05722	2.27488
268.29828	2.27406
268.53934	2.27287
268.78040	2.27140
269.02146	2.26979
269.26252	2.26819
269.50358	2.26660
269.74463	2.26491
269.98569	2.26282
270.22675	2.25989
270.46781	2.25560
270.70887	2.24943
270.94993	2.24098
271.19099	2.23004
271.43205	2.21664
271.67310	2.20106
271.91416	2.18381
272.15522	2.16556
272.39628	2.14702
272.63734	2.12886
272.87840	2.11161
273.11946	2.09564
273.36051	2.08107
273.60157	2.06785
273.84263	2.05580
274.08369	2.04467
274.32475	2.03423
274.56581	2.02432
274.80687	2.01490
275.04793	2.00603
275.28898	1.99786
275.53004	1.99057
275.77110	1.98426
276.01216	1.97897
276.25322	1.97455
276.49428	1.97072
276.73534	1.96702
276.97639	1.96294
277.21745	1.95793
277.45851	1.95152
277.69957	1.94337
277.94063	1.93334
278.18169	1.92150
278.42275	1.90810
278.66380	1.89355
278.90486	1.87830
279.14592	1.86284
279.38698	1.84753
279.62804	1.83267
279.86910	1.81839
280.11016	1.80473
280.35122	1.79163
280.59227	1.77904
280.83333	1.76693
281.07439	1.75534
281.31545	1.74444
281.55651	1.73443
281.79757	1.72560
282.03863	1.71822
282.27968	1.71248
282.52074	1.70845
282.76180	1.70607
283.00286	1.70507
283.24392	1.70506
283.48498	1.70551
283.72604	1.70588
283.96710	1.70563
284.20815	1.70430
284.44921	1.70160
284.69027	1.69738
284.93133	1.69165
285.17239	1.68458
285.41345	1.67641
285.65451	1.66741
285.89556	1.65783
286.13662	1.64786
286.37768	1.63758
286.61874	1.62699
286.85980	1.61606
287.10086	1.60473
287.34192	1.59298
287.58298	1.58089
287.82403	1.56864
288.06509	1.55655
288.30615	1.54499
288.54721	1.53438
288.78827	1.52510
289.02933	1.51742
289.27039	1.51150
289.51144	1.50728
289.75250	1.50456
289.99356	1.50300
290.23462	1.50217
290.47568	1.50163
290.71674	1.50097
290.95780	1.49990
291.19885	1.49821
291.43991	1.49585
291.68097	1.49284
291.92203	1.48926
292.16309	1.48521
292.40415	1.48074
292.64521	1.47586
292.88627	1.47050
293.12732	1.46453
293.36838	1.45780
293.60944	1.45019
293.85050	1.44163
294.09156	1.43217
294.33262	1.42197
294.57368	1.41134
294.81473	1.40067
295.05579	1.39042
295.29685	1.38104
295.53791	1.37291
295.77897	1.36629
296.02003	1.36130
296.26109	1.35791
296.50215	1.35595
296.74320	1.35515
296.98426	1.35522
297.22532	1.35587
297.46638	1.35688
297.70744	1.35813
297.94850	1.35955
298.18956	1.36119
298.43061	1.36310
298.67167	1.36534
298.91273	1.36791
299.15379	1.37073
299.39485	1.37364
299.63591	1.37638
299.87697	1.37866
300.11803	1.38018
300.35908	1.38068
300.60014	1.37998
300.84120	1.37804
301.08226	1.37496
301.32332	1.37096
301.56438	1.36638
301.80544	1.36162
302.04649	1.35709
302.28755	1.35314
302.52861	1.35006
302.76967	1.34801
303.01073	1.34705
303.25179	1.34712
303.49285	1.34810
303.73391	1.34985
303.97496	1.35223
304.21602	1.35517
304.45708	1.35865
304.69814	1.36269
304.93920	1.36738
305.18026	1.37277
305.42132	1.37889
305.66237	1.38567
305.90343	1.39297
306.14449	1.40052
306.38555	1.40802
306.62661	1.41512
306.86767	1.42150
307.10873	1.42692
307.34978	1.43124
307.59084	1.43446
307.83190	1.43670
308.07296	1.43817
308.31402	1.43914
308.55508	1.43987
308.79614	1.44060
309.03720	1.44149
309.27825	1.44261
309.51931	1.44397
309.76037	1.44553
310.00143	1.44723
310.24249	1.44904
310.48355	1.45099
310.72461	1.45318
310.96566	1.45575
311.20672	1.45893
311.44778	1.46292
311.68884	1.46791
311.92990	1.47399
312.17096	1.48117
312.41202	1.48934
312.65308	1.49826
312.89413	1.50761
313.13519	1.51704
313.37625	1.52616
313.61731	1.53467
313.85837	1.54234
314.09943	1.54903
314.34049	1.55474
314.58154	1.55952
314.82260	1.56353
315.06366	1.56694
315.30472	1.56988
315.54578	1.57247
315.78684	1.57478
316.02790	1.57680
316.26896	1.57851
316.51001	1.57988
316.75107	1.58089
316.99213	1.58162
317.23319	1.58219
317.47425	1.58281
317.71531	1.58376
317.95637	1.58534
318.19742	1.58782
318.43848	1.59143
318.67954	1.59629
318.92060	1.60241
319.16166	1.60967
319.40272	1.61782
319.64378	1.62658
319.88483	1.63559
320.12589	1.64454
320.36695	1.65315
320.60801	1.66123
320.84907	1.66867
321.09013	1.67543
321.33119	1.68154
321.57225	1.68703
321.81330	1.69193
322.05436	1.69625
322.29542	1.69992
322.53648	1.70287
322.77754	1.70500
323.01860	1.70622
323.25966	1.70650
323.50071	1.70589
323.74177	1.70455
323.98283	1.70274
324.22389	1.70081
324.46495	1.69913
324.70601	1.69809
324.94707	1.69801
325.18813	1.69909
325.42918	1.70143
325.67024	1.70496
325.91130	1.70948
326.15236	1.71473
326.39342	1.72038
326.63448	1.72614
326.87554	1.73176
327.11659	1.73711
327.35765	1.74213
327.59871	1.74685
327.83977	1.75133
328.08083	1.75563
328.32189	1.75976
328.56295	1.76367
328.80401	1.76721
329.04506	1.77014
329.28612	1.77222
329.52718	1.77319
329.76824	1.77285
330.00930	1.77112
330.25036	1.76804
330.49142	1.76378
330.73247	1.75863
330.97353	1.75294
331.21459	1.74709
331.45565	1.74144
331.69671	1.73626
331.93777	1.73173
332.17883	1.72794
332.41988	1.72485
332.66094	1.72239
332.90200	1.72043
333.14306	1.71886
333.38412	1.71760
333.62518	1.71661
333.86624	1.71589
334.10730	1.71549
334.34835	1.71546
334.58941	1.71583
334.83047	1.71655
335.07153	1.71754
335.31259	1.71862
335.55365	1.71954
335.79471	1.72002
336.03576	1.71976
336.27682	1.71848
336.51788	1.71599
336.75894	1.71217
337.00000	1.70702
337.24106	1.70064
337.48212	1.69319
337.72318	1.68489
337.96423	1.67596
338.20529	1.66663
338.44635	1.65705
338.68741	1.64733
338.92847	1.63754
339.16953	1.62770
339.41059	1.61784
339.65164	1.60801
339.89270	1.59830
340.13376	1.58884
340.37482	1.57978
340.61588	1.57131
340.85694	1.56357
341.09800	1.55668
341.33906	1.55065
341.58011	1.54543
341.82117	1.54084
342.06223	1.53666
342.30329	1.53260
342.54435	1.52838
342.78541	1.52373
343.02647	1.51846
343.26752	1.51245
343.50858	1.50567
343.74964	1.49815
343.99070	1.49001
344.23176	1.48134
344.47282	1.47226
344.71388	1.46286
344.95493	1.45319
345.19599	1.44326
345.43705	1.43305
345.67811	1.42256
345.91917	1.41179
346.16023	1.40079
346.40129	1.38966
346.64235	1.37855
346.88340	1.36764
347.12446	1.35715
347.36552	1.34726
347.60658	1.33812
347.84764	1.32983
348.08870	1.32237
348.32976	1.31567
348.57081	1.30957
348.81187	1.30387
349.05293	1.29833
349.29399	1.29275
349.53505	1.28695
349.77611	1.28083
350.01717	1.27434
350.25823	1.26749
350.49928	1.26034
350.74034	1.25298
350.98140	1.24548
351.22246	1.23789
351.46352	1.23022
351.70458	1.22246
351.94564	1.21453
352.18669	1.20639
352.42775	1.19796
352.66881	1.18923
352.90987	1.18022
353.15093	1.17102
353.39199	1.16176
353.63305	1.15262
353.87411	1.14381
354.11516	1.13550
354.35622	1.12783
354.59728	1.12091
354.83834	1.11475
355.07940	1.10928
355.32046	1.10441
355.56152	1.09997
355.80257	1.09581
356.04363	1.09175
356.28469	1.08769
356.52575	1.08353
356.76681	1.07922
357.00787	1.07476
357.24893	1.07017
357.48999	1.06545
357.73104	1.06059
357.97210	1.05559
358.21316	1.05037
358.45422	1.04488
358.69528	1.03905
358.93634	1.03280
359.17740	1.02613
359.41845	1.01904
359.65951	1.01162
359.90057	1.00397
360.14163	0.99625
360.38269	0.98862
360.62375	0.98122
360.86481	0.97419
361.10586	0.96758
361.34692	0.96143
361.58798	0.95571
361.82904	0.95037
362.07010	0.94532
362.31116	0.94048
362.55222	0.93580
362.79328	0.93125
363.03433	0.92681
363.27539	0.92252
363.51645	0.91839
363.75751	0.91447
363.99857	0.91075
364.23963	0.90722
364.48069	0.90381
364.72174	0.90041
364.96280	0.89692
365.20386	0.89320
365.44492	0.88913
365.68598	0.88464
365.92704	0.87969
366.16810	0.87430
366.40916	0.86852
366.65021	0.86244
366.89127	0.85620
367.13233	0.84989
367.37339	0.84362
367.61445	0.83744
367.85551	0.83139
368.09657	0.82546
368.33762	0.81961
368.57868	0.81381
368.81974	0.80801
369.06080	0.80218
369.30186	0.79633
369.54292	0.79047
369.78398	0.78462
370.02504	0.77885
370.26609	0.77319
370.50715	0.76765
370.74821	0.76224
370.98927	0.75691
371.23033	0.75159
371.47139	0.74617
371.71245	0.74055
371.95350	0.73461
372.19456	0.72825
372.43562	0.72142
372.67668	0.71409
372.91774	0.70627
373.15880	0.69802
373.39986	0.68942
373.64091	0.68055
373.88197	0.67149
374.12303	0.66230
374.36409	0.65300
374.60515	0.64361
374.84621	0.63413
375.08727	0.62454
375.32833	0.61484
375.56938	0.60501
375.81044	0.59510
376.05150	0.58517
376.29256	0.57525
376.53362	0.56549
376.77468	0.55599
377.01574	0.54684
377.25679	0.53814
377.49785	0.52992
377.73891	0.52221
377.97997	0.51502
378.22103	0.50828
378.46209	0.50203
378.70315	0.49628
378.94421	0.49102
379.18526	0.48631
379.42632	0.48218
379.66738	0.47872
379.90844	0.47599
380.14950	0.47405
380.39056	0.47296
380.63162	0.47277
380.87267	0.47348
381.11373	0.47507
381.35479	0.47751
381.59585	0.48075
381.83691	0.48474
382.07797	0.48944
382.31903	0.49484
382.56009	0.50091
382.80114	0.50766
383.04220	0.51511
383.28326	0.52326
383.52432	0.53212
383.76538	0.54166
384.00644	0.55182
384.24750	0.56255
384.48855	0.57379
384.72961	0.58543
384.97067	0.59738
385.21173	0.60954
385.45279	0.62182
385.69385	0.63415
385.93491	0.64645
386.17596	0.65874
386.41702	0.67100
386.65808	0.68322
386.89914	0.69539
387.14020	0.70750
387.38126	0.71950
387.62232	0.73134
387.86338	0.74295
388.10443	0.75429
388.34549	0.76532
388.58655	0.77600
388.82761	0.78634
389.06867	0.79637
389.30973	0.80614
389.55079	0.81572
389.79184	0.82518
390.03290	0.83458
390.27396	0.84396
390.51502	0.85335
390.75608	0.86274
390.99714	0.87209
391.23820	0.88137
391.47926	0.89052
391.72031	0.89952
391.96137	0.90832
392.20243	0.91692
392.44349	0.92532
392.68455	0.93353
392.92561	0.94158
393.16667	0.94946
393.40772	0.95716
393.64878	0.96465
393.88984	0.97187
394.13090	0.97875
394.37196	0.98522
394.61302	0.99121
394.85408	0.99668
395.09514	1.00162
395.33619	1.00606
395.57725	1.01009
395.81831	1.01381
396.05937	1.01737
396.30043	1.02091
396.54149	1.02455
396.78255	1.02840
397.02360	1.03252
397.26466	1.03693
397.50572	1.04163
397.74678	1.04659
397.98784	1.05177
398.22890	1.05717
398.46996	1.06277
398.71102	1.06859
398.95207	1.07466
399.19313	1.08103
399.43419	1.08771
399.67525	1.09471
399.91631	1.10200
400.15737	1.10948
400.39843	1.11704
400.63948	1.12451
400.88054	1.13172
401.12160	1.13851
401.36266	1.14473
401.60372	1.15030
401.84478	1.15514
402.08584	1.15927
402.32689	1.16271
402.56795	1.16555
402.80901	1.16785
403.05007	1.16970
403.29113	1.17114
403.53219	1.17221
403.77325	1.17292
404.01431	1.17327
404.25536	1.17325
404.49642	1.17286
404.73748	1.17212
404.97854	1.17109
405.21960	1.16984
405.46066	1.16848
405.70172	1.16712
405.94277	1.16586
406.18383	1.16480
406.42489	1.16396
406.66595	1.16333
406.90701	1.16287
407.14807	1.16246
407.38913	1.16198
407.63019	1.16128
407.87124	1.16025
408.11230	1.15879
408.35336	1.15685
408.59442	1.15444
408.83548	1.15161
409.07654	1.14843
409.31760	1.14498
409.55865	1.14135
409.79971	1.13761
410.04077	1.13377
410.28183	1.12983
410.52289	1.12577
410.76395	1.12155
411.00501	1.11714
411.24607	1.11252
411.48712	1.10771
411.72818	1.10276
411.96924	1.09774
412.21030	1.09273
412.45136	1.08782
412.69242	1.08305
412.93348	1.07846
413.17453	1.07404
413.41559	1.06975
413.65665	1.06551
413.89771	1.06123
414.13877	1.05683
414.37983	1.05223
414.62089	1.04739
414.86194	1.04228
415.10300	1.03693
415.34406	1.03136
415.58512	1.02561
415.82618	1.01975
416.06724	1.01380
416.30830	1.00778
416.54936	1.00168
416.79041	0.99548
417.03147	0.98913
417.27253	0.98259
417.51359	0.97583
417.75465	0.96883
417.99571	0.96160
418.23677	0.95418
418.47782	0.94664
418.71888	0.93906
418.95994	0.93153
419.20100	0.92411
419.44206	0.91687
419.68312	0.90982
419.92418	0.90295
420.16524	0.89622
420.40629	0.88958
420.64735	0.88296
420.88841	0.87632
421.12947	0.86963
421.37053	0.86288
421.61159	0.85609
421.85265	0.84929
422.09370	0.84253
422.33476	0.83584
422.57582	0.82926
422.81688	0.82277
423.05794	0.81634
423.29900	0.80992
423.54006	0.80344
423.78112	0.79683
424.02217	0.79001
424.26323	0.78295
424.50429	0.77561
424.74535	0.76801
424.98641	0.76017
425.22747	0.75216
425.46853	0.74403
425.70958	0.73584
425.95064	0.72763
426.19170	0.71945
426.43276	0.71130
426.67382	0.70320
426.91488	0.69516
427.15594	0.68718
427.39699	0.67928
427.63805	0.67150
427.87911	0.66388
428.12017	0.65647
428.36123	0.64933
428.60229	0.64250
428.84335	0.63601
429.08441	0.62987
429.32546	0.62406
429.56652	0.61853
429.80758	0.61322
430.04864	0.60806
430.28970	0.60298
430.53076	0.59789
430.77182	0.59276
431.01287	0.58755
431.25393	0.58224
431.49499	0.57684
431.73605	0.57139
431.97711	0.56589
432.21817	0.56039
432.45923	0.55489
432.70029	0.54942
432.94134	0.54395
433.18240	0.53849
433.42346	0.53302
433.66452	0.52751
433.90558	0.52199
434.14664	0.51644
434.38770	0.51092
434.62875	0.50549
434.86981	0.50021
435.11087	0.49516
435.35193	0.49042
435.59299	0.48604
435.83405	0.48207
436.07511	0.47854
436.31617	0.47547
436.55722	0.47286
436.79828	0.47070
437.03934	0.46899
437.28040	0.46771
437.52146	0.46688
437.76252	0.46650
438.00358	0.46662
438.24463	0.46726
438.48569	0.46844
438.72675	0.47020
438.96781	0.47253
439.20887	0.47543
439.44993	0.47885
439.69099	0.48275
439.93204	0.48705
440.17310	0.49169
440.41416	0.49660
440.65522	0.50173
440.89628	0.50705
441.13734	0.51254
441.37840	0.51818
441.61946	0.52398
441.86051	0.52990
442.10157	0.53593
442.34263	0.54205
442.58369	0.54818
442.82475	0.55427
443.06581	0.56022
443.30687	0.56596
443.54792	0.57141
443.78898	0.57652
444.03004	0.58128
444.27110	0.58567
444.51216	0.58972
444.75322	0.59346
444.99428	0.59692
445.23534	0.60012
445.47639	0.60308
445.71745	0.60580
445.95851	0.60825
446.19957	0.61041
446.44063	0.61222
446.68169	0.61366
446.92275	0.61470
447.16380	0.61533
447.40486	0.61557
447.64592	0.61546
447.88698	0.61504
448.12804	0.61437
448.36910	0.61351
448.61016	0.61251
448.85122	0.61138
449.09227	0.61013
449.33333	0.60875
449.57439	0.60720
449.81545	0.60547
450.05651	0.60354
450.29757	0.60143
450.53863	0.59915
450.77968	0.59678
451.02074	0.59440
451.26180	0.59210
451.50286	0.58996
451.74392	0.58807
451.98498	0.58646
452.22604	0.58515
452.46710	0.58412
452.70815	0.58331
452.94921	0.58264
453.19027	0.58203
453.43133	0.58140
453.67239	0.58068
453.91345	0.57982
454.15451	0.57880
454.39556	0.57761
454.63662	0.57625
454.87768	0.57475
455.11874	0.57310
455.35980	0.57132
455.60086	0.56940
455.84192	0.56735
456.08297	0.56516
456.32403	0.56284
456.56509	0.56040
456.80615	0.55788
457.04721	0.55531
457.28827	0.55276
457.52933	0.55029
457.77039	0.54799
458.01144	0.54591
458.25250	0.54412
458.49356	0.54265
458.73462	0.54154
458.97568	0.54081
459.21674	0.54044
459.45780	0.54044
459.69885	0.54078
459.93991	0.54147
460.18097	0.54249
460.42203	0.54385
460.66309	0.54554
460.90415	0.54758
461.14521	0.54998
461.38627	0.55273
461.62732	0.55581
461.86838	0.55921
462.10944	0.56288
462.35050	0.56675
462.59156	0.57075
462.83262	0.57481
463.07368	0.57885
463.31473	0.58282
463.55579	0.58665
463.79685	0.59032
464.03791	0.59379
464.27897	0.59707
464.52003	0.60014
464.76109	0.60300
465.00215	0.60565
465.24320	0.60809
465.48426	0.61029
465.72532	0.61225
465.96638	0.61396
466.20744	0.61539
466.44850	0.61656
466.68956	0.61747
466.93061	0.61814
467.17167	0.61859
467.41273	0.61885
467.65379	0.61895
467.89485	0.61892
468.13591	0.61878
468.37697	0.61852
468.61802	0.61814
468.85908	0.61763
469.10014	0.61696
469.34120	0.61610
469.58226	0.61505
469.82332	0.61381
470.06438	0.61239
470.30544	0.61083
470.54649	0.60915
470.78755	0.60741
471.02861	0.60565
471.26967	0.60389
471.51073	0.60218
471.75179	0.60049
471.99285	0.59884
472.23390	0.59719
472.47496	0.59550
472.71602	0.59376
472.95708	0.59194
473.19814	0.59001
473.43920	0.58797
473.68026	0.58584
473.92132	0.58364
474.16237	0.58139
474.40343	0.57913
474.64449	0.57690
474.88555	0.57470
475.12661	0.57255
475.36767	0.57044
475.60873	0.56836
475.84978	0.56628
476.09084	0.56417
476.33190	0.56202
476.57296	0.55983
476.81402	0.55759
477.05508	0.55534
477.29614	0.55310
477.53720	0.55092
477.77825	0.54883
478.01931	0.54684
478.26037	0.54496
478.50143	0.54317
478.74249	0.54145
478.98355	0.53975
479.22461	0.53804
479.46566	0.53627
479.70672	0.53443
479.94778	0.53251
480.18884	0.53052
480.42990	0.52848
480.67096	0.52642
480.91202	0.52435
481.15307	0.52231
481.39413	0.52030
481.63519	0.51832
481.87625	0.51635
482.11731	0.51437
482.35837	0.51236
482.59943	0.51029
482.84049	0.50815
483.08154	0.50593
483.32260	0.50365
483.56366	0.50134
483.80472	0.49902
484.04578	0.49674
484.28684	0.49453
484.52790	0.49242
484.76895	0.49042
485.01001	0.48851
485.25107	0.48669
485.49213	0.48491
485.73319	0.48315
485.97425	0.48135
486.21531	0.47951
486.45637	0.47760
486.69742	0.47565
486.93848	0.47367
487.17954	0.47169
487.42060	0.46975
487.66166	0.46787
487.90272	0.46608
488.14378	0.46439
488.38483	0.46278
488.62589	0.46123
488.86695	0.45971
489.10801	0.45821
489.34907	0.45669
489.59013	0.45514
489.83119	0.45358
490.07225	0.45201
490.31330	0.45047
490.55436	0.44897
490.79542	0.44755
491.03648	0.44623
491.27754	0.44503
491.51860	0.44393
491.75966	0.44293
492.00071	0.44201
492.24177	0.44115
492.48283	0.44034
492.72389	0.43955
492.96495	0.43879
493.20601	0.43805
493.44707	0.43735
493.68812	0.43670
493.92918	0.43611
494.17024	0.43559
494.41130	0.43514
494.65236	0.43476
494.89342	0.43443
495.13448	0.43413
495.37554	0.43384
495.61659	0.43354
495.85765	0.43322
496.09871	0.43287
496.33977	0.43249
496.58083	0.43211
496.82189	0.43174
497.06295	0.43140
497.30400	0.43111
497.54506	0.43089
497.78612	0.43075
498.02718	0.43066
498.26824	0.43062
498.50930	0.43060
498.75036	0.43056
498.99142	0.43049
499.23247	0.43036
499.47353	0.43016
499.71459	0.42990
499.95565	0.42959
500.19671	0.42924
500.43777	0.42888
500.67883	0.42851
500.91988	0.42814
501.16094	0.42775
501.40200	0.42734
501.64306	0.42688
501.88412	0.42634
502.12518	0.42568
502.36624	0.42488
502.60730	0.42392
502.84835	0.42277
503.08941	0.42143
503.33047	0.41989
503.57153	0.41814
503.81259	0.41618
504.05365	0.41404
504.29471	0.41171
504.53576	0.40924
504.77682	0.40665
505.01788	0.40403
505.25894	0.40144
505.50000	0.39899
505.74106	0.39683
505.98212	0.39512
506.22318	0.39401
506.46423	0.39367
506.70529	0.39423
506.94635	0.39579
507.18741	0.39840
507.42847	0.40205
507.66953	0.40667
507.91059	0.41216
508.15164	0.41834
508.39270	0.42504
508.63376	0.43204
508.87482	0.43916
509.11588	0.44623
509.35694	0.45309
509.59800	0.45969
509.83905	0.46596
510.08011	0.47189
510.32117	0.47748
510.56223	0.48276
510.80329	0.48775
511.04435	0.49247
511.28541	0.49696
511.52647	0.50123
511.76752	0.50529
512.00858	0.50916
512.24964	0.51283
512.49070	0.51632
512.73176	0.51966
512.97282	0.52286
513.21388	0.52594
513.45493	0.52894
513.69599	0.53187
513.93705	0.53475
514.17811	0.53756
514.41917	0.54032
514.66023	0.54299
514.90129	0.54557
515.14235	0.54802
515.38340	0.55033
515.62446	0.55249
515.86552	0.55451
516.10658	0.55639
516.34764	0.55816
516.58870	0.55984
516.82976	0.56146
517.07081	0.56303
517.31187	0.56456
517.55293	0.56606
517.79399	0.56753
518.03505	0.56893
518.27611	0.57027
518.51717	0.57153
518.75823	0.57270
518.99928	0.57379
519.24034	0.57481
519.48140	0.57578
519.72246	0.57674
519.96352	0.57769
520.20458	0.57864
520.44564	0.57961
520.68669	0.58058
520.92775	0.58151
521.16881	0.58237
521.40987	0.58315
521.65093	0.58380
521.89199	0.58431
522.13305	0.58468
522.37410	0.58493
522.61516	0.58507
522.85622	0.58512
523.09728	0.58512
523.33834	0.58506
523.57940	0.58495
523.82046	0.58479
524.06152	0.58456
524.30257	0.58423
524.54363	0.58379
524.78469	0.58323
525.02575	0.58255
525.26681	0.58176
525.50787	0.58090
525.74893	0.58000
525.98998	0.57913
526.23104	0.57833
526.47210	0.57766
526.71316	0.57717
526.95422	0.57688
527.19528	0.57683
527.43634	0.57701
527.67740	0.57742
527.91845	0.57803
528.15951	0.57882
528.40057	0.57977
528.64163	0.58085
528.88269	0.58206
529.12375	0.58339
529.36481	0.58486
529.60586	0.58645
529.84692	0.58819
530.08798	0.59005
530.32904	0.59203
530.57010	0.59409
530.81116	0.59619
531.05222	0.59828
531.29328	0.60033
531.53433	0.60229
531.77539	0.60414
532.01645	0.60586
532.25751	0.60745
532.49857	0.60892
532.73963	0.61026
532.98069	0.61150
533.22174	0.61262
533.46280	0.61361
533.70386	0.61445
533.94492	0.61512
534.18598	0.61559
534.42704	0.61582
534.66810	0.61582
534.90915	0.61557
535.15021	0.61509
535.39127	0.61441
535.63233	0.61356
535.87339	0.61257
536.11445	0.61149
536.35551	0.61033
536.59657	0.60912
536.83762	0.60786
537.07868	0.60652
537.31974	0.60509
537.56080	0.60355
537.80186	0.60186
538.04292	0.60001
538.28398	0.59799
538.52503	0.59580
538.76609	0.59347
539.00715	0.59103
539.24821	0.58849
539.48927	0.58591
539.73033	0.58332
539.97139	0.58074
540.21245	0.57821
540.45350	0.57574
540.69456	0.57334
540.93562	0.57104
541.17668	0.56883
541.41774	0.56674
541.65880	0.56477
541.89986	0.56294
542.14091	0.56126
542.38197	0.55973
542.62303	0.55836
542.86409	0.55715
543.10515	0.55608
543.34621	0.55514
543.58727	0.55429
543.82833	0.55349
544.06938	0.55272
544.31044	0.55192
544.55150	0.55108
544.79256	0.55016
545.03362	0.54916
545.27468	0.54805
545.51574	0.54683
545.75679	0.54551
545.99785	0.54408
546.23891	0.54252
546.47997	0.54084
546.72103	0.53901
546.96209	0.53702
547.20315	0.53485
547.44421	0.53247
547.68526	0.52987
547.92632	0.52705
548.16738	0.52401
548.40844	0.52076
548.64950	0.51731
548.89056	0.51370
549.13162	0.50995
549.37267	0.50611
549.61373	0.50221
549.85479	0.49829
550.09585	0.49441
550.33691	0.49060
550.57797	0.48692
550.81903	0.48340
551.06008	0.48010
551.30114	0.47706
551.54220	0.47435
551.78326	0.47199
552.02432	0.47003
552.26538	0.46849
552.50644	0.46737
552.74750	0.46668
552.98855	0.46637
553.22961	0.46641
553.47067	0.46674
553.71173	0.46731
553.95279	0.46808
554.19385	0.46901
554.43491	0.47008
554.67596	0.47129
554.91702	0.47265
555.15808	0.47418
555.39914	0.47590
555.64020	0.47781
555.88126	0.47991
556.12232	0.48220
556.36338	0.48465
556.60443	0.48721
556.84549	0.48983
557.08655	0.49247
557.32761	0.49507
557.56867	0.49760
557.80973	0.50003
558.05079	0.50234
558.29184	0.50452
558.53290	0.50659
558.77396	0.50854
559.01502	0.51038
559.25608	0.51213
559.49714	0.51378
559.73820	0.51531
559.97926	0.51672
560.22031	0.51797
560.46137	0.51904
560.70243	0.51993
560.94349	0.52062
561.18455	0.52112
561.42561	0.52145
561.66667	0.52164
561.90772	0.52174
562.14878	0.52177
562.38984	0.52179
562.63090	0.52182
562.87196	0.52188
563.11302	0.52198
563.35408	0.52212
563.59513	0.52228
563.83619	0.52245
564.07725	0.52261
564.31831	0.52277
564.55937	0.52292
564.80043	0.52309
565.04149	0.52328
565.28255	0.52354
565.52360	0.52388
565.76466	0.52431
566.00572	0.52483
566.24678	0.52545
566.48784	0.52614
566.72890	0.52687
566.96996	0.52762
567.21101	0.52837
567.45207	0.52910
567.69313	0.52981
567.93419	0.53052
568.17525	0.53124
568.41631	0.53199
568.65737	0.53279
568.89843	0.53366
569.13948	0.53459
569.38054	0.53559
569.62160	0.53665
569.86266	0.53774
570.10372	0.53887
570.34478	0.54000
570.58584	0.54115
570.82689	0.54230
571.06795	0.54349
571.30901	0.54470
571.55007	0.54598
571.79113	0.54732
572.03219	0.54874
572.27325	0.55026
572.51431	0.55186
572.75536	0.55354
572.99642	0.55528
573.23748	0.55705
573.47854	0.55885
573.71960	0.56065
573.96066	0.56243
574.20172	0.56420
574.44277	0.56596
574.68383	0.56771
574.92489	0.56949
575.16595	0.57132
575.40701	0.57321
575.64807	0.57520
575.88913	0.57728
576.13018	0.57947
576.37124	0.58177
576.61230	0.58417
576.85336	0.58668
577.09442	0.58931
577.33548	0.59204
577.57654	0.59491
577.81760	0.59791
578.05865	0.60106
578.29971	0.60436
578.54077	0.60780
578.78183	0.61136
579.02289	0.61499
579.26395	0.61865
579.50501	0.62230
579.74606	0.62587
579.98712	0.62933
580.22818	0.63265
580.46924	0.63582
580.71030	0.63884
580.95136	0.64172
581.19242	0.64451
581.43348	0.64722
581.67453	0.64988
581.91559	0.65251
582.15665	0.65511
582.39771	0.65768
582.63877	0.66021
582.87983	0.66267
583.12089	0.66506
583.36194	0.66737
583.60300	0.66961
583.84406	0.67179
584.08512	0.67394
584.32618	0.67609
584.56724	0.67827
584.80830	0.68052
585.04936	0.68283
585.29041	0.68521
585.53147	0.68765
585.77253	0.69013
586.01359	0.69260
586.25465	0.69503
586.49571	0.69740
586.73677	0.69966
586.97782	0.70180
587.21888	0.70380
587.45994	0.70566
587.70100	0.70738
587.94206	0.70896
588.18312	0.71041
588.42418	0.71171
588.66523	0.71286
588.90629	0.71386
589.14735	0.71468
589.38841	0.71532
589.62947	0.71577
589.87053	0.71604
590.11159	0.71614
590.35265	0.71610
590.59370	0.71595
590.83476	0.71574
591.07582	0.71550
591.31688	0.71526
591.55794	0.71504
591.79900	0.71485
592.04006	0.71470
592.28111	0.71457
592.52217	0.71444
592.76323	0.71429
593.00429	0.71411
593.24535	0.71387
593.48641	0.71358
593.72747	0.71321
593.96853	0.71277
594.20958	0.71225
594.45064	0.71164
594.69170	0.71092
594.93276	0.71009
595.17382	0.70912
595.41488	0.70801
595.65594	0.70674
595.89699	0.70531
596.13805	0.70370
596.37911	0.70194
596.62017	0.70002
596.86123	0.69797
597.10229	0.69581
597.34335	0.69356
597.58441	0.69126
597.82546	0.68892
598.06652	0.68657
598.30758	0.68423
598.54864	0.68191
598.78970	0.67964
599.03076	0.67743
599.27182	0.67530
599.51287	0.67326
599.75393	0.67132
599.99499	0.66951
600.23605	0.66783
600.47711	0.66627
600.71817	0.66481
600.95923	0.66343
601.20029	0.66208
601.44134	0.66070
601.68240	0.65924
601.92346	0.65764
602.16452	0.65584
602.40558	0.65381
602.64664	0.65151
602.88770	0.64892
603.12875	0.64604
603.36981	0.64289
603.61087	0.63947
603.85193	0.63582
604.09299	0.63196
604.33405	0.62791
604.57511	0.62369
604.81616	0.61932
605.05722	0.61481
605.29828	0.61018
605.53934	0.60544
605.78040	0.60059
606.02146	0.59564
606.26252	0.59062
606.50358	0.58554
606.74463	0.58040
606.98569	0.57523
607.22675	0.57004
607.46781	0.56482
607.70887	0.55957
607.94993	0.55429
608.19099	0.54894
608.43204	0.54351
608.67310	0.53796
608.91416	0.53227
609.15522	0.52639
609.39628	0.52032
609.63734	0.51404
609.87840	0.50756
610.11946	0.50087
610.36051	0.49400
610.60157	0.48698
610.84263	0.47981
611.08369	0.47255
611.32475	0.46521
611.56581	0.45784
611.80687	0.45047
612.04792	0.44314
612.28898	0.43590
612.53004	0.42883
612.77110	0.42198
613.01216	0.41542
613.25322	0.40924
613.49428	0.40348
613.73534	0.39821
613.97639	0.39347
614.21745	0.38928
614.45851	0.38564
614.69957	0.38256
614.94063	0.38001
615.18169	0.37794
615.42275	0.37632
615.66380	0.37509
615.90486	0.37420
616.14592	0.37358
616.38698	0.37317
616.62804	0.37290
616.86910	0.37272
617.11016	0.37255
617.35121	0.37235
617.59227	0.37207
617.83333	0.37168
618.07439	0.37116
618.31545	0.37049
618.55651	0.36967
618.79757	0.36873
619.03863	0.36766
619.27968	0.36650
619.52074	0.36527
619.76180	0.36399
620.00286	0.36268
620.24392	0.36135
620.48498	0.36003
620.72604	0.35871
620.96709	0.35739
621.20815	0.35608
621.44921	0.35476
621.69027	0.35343
621.93133	0.35207
622.17239	0.35066
622.41345	0.34919
622.65451	0.34765
622.89556	0.34602
623.13662	0.34429
623.37768	0.34246
623.61874	0.34051
623.85980	0.33843
624.10086	0.33623
624.34192	0.33391
624.58297	0.33146
624.82403	0.32891
625.06509	0.32627
625.30615	0.32356
625.54721	0.32081
625.78827	0.31804
626.02933	0.31528
626.27039	0.31255
626.51144	0.30986
626.75250	0.30723
626.99356	0.30464
627.23462	0.30210
627.47568	0.29959
627.71674	0.29708
627.95780	0.29453
628.19885	0.29192
628.43991	0.28921
628.68097	0.28637
628.92203	0.28337
629.16309	0.28022
629.40415	0.27692
629.64521	0.27351
629.88626	0.27004
630.12732	0.26659
630.36838	0.26322
630.60944	0.26002
630.85050	0.25708
631.09156	0.25447
631.33262	0.25224
631.57368	0.25044
631.81473	0.24907
632.05579	0.24813
632.29685	0.24759
632.53791	0.24738
632.77897	0.24744
633.02003	0.24769
633.26109	0.24807
633.50214	0.24849
633.74320	0.24890
633.98426	0.24924
634.22532	0.24947
634.46638	0.24956
634.70744	0.24951
634.94850	0.24931
635.18956	0.24898
635.43061	0.24854
635.67167	0.24801
635.91273	0.24742
636.15379	0.24679
636.39485	0.24614
636.63591	0.24550
636.87697	0.24486
637.11802	0.24426
637.35908	0.24367
637.60014	0.24311
637.84120	0.24257
638.08226	0.24204
638.32332	0.24150
638.56438	0.24095
638.80544	0.24037
639.04649	0.23975
639.28755	0.23907
639.52861	0.23833
639.76967	0.23751
640.01073	0.23661
640.25179	0.23562
640.49285	0.23454
640.73390	0.23334
640.97496	0.23205
641.21602	0.23065
641.45708	0.22915
641.69814	0.22756
641.93920	0.22590
642.18026	0.22419
642.42132	0.22245
642.66237	0.22070
642.90343	0.21898
643.14449	0.21731
643.38555	0.21571
643.62661	0.21420
643.86767	0.21281
644.10873	0.21155
644.34978	0.21044
644.59084	0.20947
644.83190	0.20865
645.07296	0.20798
645.31402	0.20745
645.55508	0.20704
645.79614	0.20673
646.03719	0.20649
646.27825	0.20629
646.51931	0.20609
646.76037	0.20587
647.00143	0.20560
647.24249	0.20526
647.48355	0.20483
647.72461	0.20430
647.96566	0.20368
648.20672	0.20296
648.44778	0.20216
648.68884	0.20129
648.92990	0.20034
649.17096	0.19934
649.41202	0.19829
649.65307	0.19720
649.89413	0.19607
650.13519	0.19491
650.37625	0.19371
650.61731	0.19250
650.85837	0.19127
651.09943	0.19002
651.34049	0.18877
651.58154	0.18752
651.82260	0.18626
652.06366	0.18502
652.30472	0.18377
652.54578	0.18252
652.78684	0.18126
653.02790	0.17999
653.26895	0.17869
653.51001	0.17735
653.75107	0.17595
653.99213	0.17449
654.23319	0.17296
654.47425	0.17133
654.71531	0.16959
654.95637	0.16774
655.19742	0.16575
655.43848	0.16362
655.67954	0.16135
655.92060	0.15892
656.16166	0.15634
656.40272	0.15361
656.64378	0.15074
656.88483	0.14775
657.12589	0.14465
657.36695	0.14147
657.60801	0.13824
657.84907	0.13500
658.09013	0.13178
658.33119	0.12865
658.57224	0.12565
658.81330	0.12284
659.05436	0.12028
659.29542	0.11801
659.53648	0.11607
659.77754	0.11449
660.01860	0.11327
660.25966	0.11240
660.50071	0.11185
660.74177	0.11157
660.98283	0.11150
661.22389	0.11158
661.46495	0.11174
661.70601	0.11191
661.94707	0.11204
662.18812	0.11208
662.42918	0.11200
662.67024	0.11178
662.91130	0.11141
663.15236	0.11089
663.39342	0.11024
663.63448	0.10946
663.87554	0.10858
664.11659	0.10761
664.35765	0.10657
664.59871	0.10548
664.83977	0.10434
665.08083	0.10316
665.32189	0.10195
665.56295	0.10071
665.80400	0.09945
666.04506	0.09817
666.28612	0.09687
666.52718	0.09556
666.76824	0.09423
667.00930	0.09288
667.25036	0.09152
667.49142	0.09015
667.73247	0.08876
667.97353	0.08737
668.21459	0.08597
668.45565	0.08455
668.69671	0.08313
668.93777	0.08171
669.17883	0.08028
669.41988	0.07885
669.66094	0.07742
669.90200	0.07599
670.14306	0.07457
670.38412	0.07315
670.62518	0.07175
670.86624	0.07036
671.10729	0.06899
671.34835	0.06764
671.58941	0.06632
671.83047	0.06502
672.07153	0.06376
672.31259	0.06252
672.55365	0.06132
672.79471	0.06015
673.03576	0.05900
673.27682	0.05788
673.51788	0.05679
673.75894	0.05571
674.00000	0.05465
674.24106	0.05361
674.48212	0.05257
674.72317	0.05155
674.96423	0.05054
675.20529	0.04954
675.44635	0.04853
675.68741	0.04753
675.92847	0.04652
676.16953	0.04550
676.41059	0.04448
676.65164	0.04344
676.89270	0.04240
677.13376	0.04136
677.37482	0.04031
677.61588	0.03928
677.85694	0.03826
678.09800	0.03727
678.33905	0.03630
678.58011	0.03537
678.82117	0.03448
679.06223	0.03361
679.30329	0.03279
679.54435	0.03199
679.78541	0.03122
680.02647	0.03048
680.26752	0.02975
680.50858	0.02904
680.74964	0.02835
680.99070	0.02767
681.23176	0.02701
681.47282	0.02637
681.71388	0.02575
681.95493	0.02515
682.19599	0.02457
682.43705	0.02400
682.67811	0.02345
682.91917	0.02291
683.16023	0.02238
683.40129	0.02186
683.64234	0.02133
683.88340	0.02081
684.12446	0.02030
684.36552	0.01980
684.60658	0.01931
684.84764	0.01884
685.08870	0.01839
685.32976	0.01796
685.57081	0.01756
685.81187	0.01719
686.05293	0.01684
686.29399	0.01651
686.53505	0.01620
686.77611	0.01592
687.01717	0.01564
687.25822	0.01539
687.49928	0.01514
687.74034	0.01490
687.98140	0.01467
688.22246	0.01445
688.46352	0.01422
688.70458	0.01400
688.94564	0.01378
689.18669	0.01356
689.42775	0.01335
689.66881	0.01314
689.90987	0.01294
690.15093	0.01275
690.39199	0.01257
690.63305	0.01240
690.87410	0.01224
691.11516	0.01209
691.35622	0.01195
691.59728	0.01182
691.83834	0.01169
692.07940	0.01156
692.32046	0.01143
692.56152	0.01131
692.80257	0.01118
693.04363	0.01105
693.28469	0.01091
693.52575	0.01078
693.76681	0.01064
694.00787	0.01051
694.24893	0.01036
694.48998	0.01021
694.73104	0.01006
694.97210	0.00989
695.21316	0.00971
695.45422	0.00953
695.69528	0.00933
695.93634	0.00912
696.17740	0.00890
696.41845	0.00867
696.65951	0.00844
696.90057	0.00819
697.14163	0.00795
697.38269	0.00770
697.62375	0.00746
697.86481	0.00721
698.10586	0.00698
698.34692	0.00674
698.58798	0.00652
698.82904	0.00630
699.07010	0.00610
699.31116	0.00590
699.55222	0.00571
699.79327	0.00554
700.03433	0.00538
700.27539	0.00524
700.51645	0.00511
700.75751	0.00499
700.99857	0.00489
701.23963	0.00479
701.48069	0.00471
701.72174	0.00462
701.96280	0.00454
702.20386	0.00445
702.44492	0.00437
702.68598	0.00428
702.92704	0.00420
703.16810	0.00412
703.40915	0.00405
703.65021	0.00399
703.89127	0.00393
704.13233	0.00388
704.37339	0.00382
704.61445	0.00377
704.85551	0.00371
705.09657	0.00365
705.33762	0.00359
705.57868	0.00354
705.81974	0.00348
706.06080	0.00344
706.30186	0.00341
706.54292	0.00338
706.78398	0.00337
707.02503	0.00337
707.26609	0.00338
707.50715	0.00340
707.74821	0.00343
707.98927	0.00345
708.23033	0.00348
708.47139	0.00352
708.71245	0.00355
708.95350	0.00357
709.19456	0.00360
709.43562	0.00362
709.67668	0.00364
709.91774	0.00365
710.15880	0.00365
710.39986	0.00364
710.64091	0.00364
710.88197	0.00363
711.12303	0.00362
711.36409	0.00362
711.60515	0.00362
711.84621	0.00363
712.08727	0.00365
712.32832	0.00367
712.56938	0.00370
712.81044	0.00372
713.05150	0.00374
713.29256	0.00375
713.53362	0.00376
713.77468	0.00376
714.01574	0.00374
714.25679	0.00372
714.49785	0.00370
714.73891	0.00366
714.97997	0.00362
715.22103	0.00358
715.46209	0.00354
715.70315	0.00350
715.94420	0.00346
716.18526	0.00342
716.42632	0.00339
716.66738	0.00338
716.90844	0.00337
717.14950	0.00338
717.39056	0.00339
717.63162	0.00342
717.87267	0.00345
718.11373	0.00349
718.35479	0.00352
718.59585	0.00354
718.83691	0.00356
719.07797	0.00356
719.31903	0.00356
719.56008	0.00355
719.80114	0.00353
720.04220	0.00351
720.28326	0.00350
720.52432	0.00348
720.76538	0.00348
721.00644	0.00347
721.24750	0.00348
721.48855	0.00349
721.72961	0.00350
721.97067	0.00352
722.21173	0.00355
722.45279	0.00358
722.69385	0.00361
722.93491	0.00365
723.17596	0.00369
723.41702	0.00373
723.65808	0.00377
723.89914	0.00380
724.14020	0.00382
724.38126	0.00383
724.62232	0.00382
724.86337	0.00380
725.10443	0.00376
725.34549	0.00372
725.58655	0.00366
725.82761	0.00360
726.06867	0.00355
726.30973	0.00350
726.55079	0.00345
726.79184	0.00342
727.03290	0.00338
727.27396	0.00336
727.51502	0.00333
727.75608	0.00330
727.99714	0.00328
728.23820	0.00326
728.47925	0.00323
728.72031	0.00322
728.96137	0.00320
729.20243	0.00320
729.44349	0.00321
729.68455	0.00322
729.92561	0.00325
730.16667	0.00328
730.40772	0.00331
730.64878	0.00334
730.88984	0.00336
731.13090	0.00338
731.37196	0.00339
731.61302	0.00340
731.85408	0.00339
732.09513	0.00338
732.33619	0.00336
732.57725	0.00334
732.81831	0.00332
733.05937	0.00329
733.30043	0.00327
733.54149	0.00325
733.78255	0.00323
734.02360	0.00322
734.26466	0.00320
734.50572	0.00319
734.74678	0.00317
734.98784	0.00316
735.22890	0.00314
735.46996	0.00313
735.71101	0.00311
735.95207	0.00310
736.19313	0.00310
736.43419	0.00309
736.67525	0.00310
736.91631	0.00310
737.15737	0.00310
737.39842	0.00311
737.63948	0.00311
737.88054	0.00310
738.12160	0.00309
738.36266	0.00307
738.60372	0.00305
738.84478	0.00303
739.08584	0.00301
739.32689	0.00300
739.56795	0.00298
739.80901	0.00297
740.05007	0.00296
740.29113	0.00295
740.53219	0.00294
740.77325	0.00293
741.01430	0.00293
741.25536	0.00292
741.49642	0.00292
741.73748	0.00293
741.97854	0.00293
742.21960	0.00294
742.46066	0.00295
742.70172	0.00296
742.94277	0.00298
743.18383	0.00299
743.42489	0.00299
743.66595	0.00300
743.90701	0.00300
744.14807	0.00300
744.38913	0.00299
744.63018	0.00299
744.87124	0.00297
745.11230	0.00296
745.35336	0.00295
745.59442	0.00293
745.83548	0.00292
746.07654	0.00292
746.31760	0.00292
746.55865	0.00293
746.79971	0.00294
747.04077	0.00296
747.28183	0.00299
747.52289	0.00303
747.76395	0.00308
748.00501	0.00314
748.24606	0.00320
748.48712	0.00328
748.72818	0.00336
748.96924	0.00344
749.21030	0.00352
749.45136	0.00360
749.69242	0.00367
749.93348	0.00373
750.17453	0.00377
750.41559	0.00380
750.65665	0.00382
750.89771	0.00383
751.13877	0.00383
751.37983	0.00384
751.62089	0.00386
751.86194	0.00389
752.10300	0.00394
752.34406	0.00401
752.58512	0.00408
752.82618	0.00418
753.06724	0.00428
753.30830	0.00438
753.54935	0.00449
753.79041	0.00460
754.03147	0.00471
754.27253	0.00482
754.51359	0.00493
754.75465	0.00504
754.99571	0.00516
755.23677	0.00527
755.47782	0.00539
755.71888	0.00551
755.95994	0.00563
756.20100	0.00574
756.44206	0.00584
756.68312	0.00594
756.92418	0.00603
757.16523	0.00612
757.40629	0.00621
757.64735	0.00631
757.88841	0.00641
758.12947	0.00653
758.37053	0.00666
758.61159	0.00680
758.85265	0.00695
759.09370	0.00710
759.33476	0.00726
759.57582	0.00741
759.81688	0.00755
760.05794	0.00768
760.29900	0.00781
760.54006	0.00792
760.78111	0.00803
761.02217	0.00814
761.26323	0.00826
761.50429	0.00838
761.74535	0.00850
761.98641	0.00863
762.22747	0.00877
762.46853	0.00890
762.70958	0.00903
762.95064	0.00916
763.19170	0.00928
763.43276	0.00939
763.67382	0.00949
763.91488	0.00959
764.15594	0.00967
764.39699	0.00976
764.63805	0.00984
764.87911	0.00993
765.12017	0.01001
765.36123	0.01009
765.60229	0.01017
765.84335	0.01025
766.08440	0.01033
766.32546	0.01040
766.56652	0.01048
766.80758	0.01055
767.04864	0.01062
767.28970	0.01068
767.53076	0.01074
767.77182	0.01078
768.01287	0.01082
768.25393	0.01086
768.49499	0.01089
768.73605	0.01092
768.97711	0.01095
769.21817	0.01098
769.45923	0.01102
769.70028	0.01107
769.94134	0.01113
770.18240	0.01120
770.42346	0.01127
770.66452	0.01136
770.90558	0.01146
771.14664	0.01156
771.38770	0.01168
771.62875	0.01181
771.86981	0.01194
772.11087	0.01209
772.35193	0.01224
772.59299	0.01239
772.83405	0.01255
773.07511	0.01271
773.31616	0.01287
773.55722	0.01303
773.79828	0.01318
774.03934	0.01334
774.28040	0.01349
774.52146	0.01366
774.76252	0.01383
775.00358	0.01402
775.24463	0.01422
775.48569	0.01444
775.72675	0.01466
775.96781	0.01490
776.20887	0.01514
776.44993	0.01538
776.69099	0.01561
776.93204	0.01584
777.17310	0.01605
777.41416	0.01626
777.65522	0.01646
777.89628	0.01665
778.13734	0.01683
778.37840	0.01700
778.61945	0.01717
778.86051	0.01733
779.10157	0.01748
779.34263	0.01763
779.58369	0.01777
779.82475	0.01789
780.06581	0.01802
780.30687	0.01813
780.54792	0.01824
780.78898	0.01836
781.03004	0.01847
781.27110	0.01859
781.51216	0.01871
781.75322	0.01884
781.99428	0.01897
782.23533	0.01911
782.47639	0.01925
782.71745	0.01939
782.95851	0.01952
783.19957	0.01965
783.44063	0.01977
783.68169	0.01987
783.92275	0.01995
784.16380	0.02002
784.40486	0.02007
784.64592	0.02010
784.88698	0.02011
785.12804	0.02010
785.36910	0.02006
785.61016	0.02001
785.85121	0.01994
786.09227	0.01984
786.33333	0.01973
786.57439	0.01961
786.81545	0.01947
787.05651	0.01933
787.29757	0.01918
787.53863	0.01903
787.77968	0.01888
788.02074	0.01871
788.26180	0.01854
788.50286	0.01836
788.74392	0.01816
788.98498	0.01796
789.22604	0.01774
789.46709	0.01750
789.70815	0.01727
789.94921	0.01703
790.19027	0.01679
790.43133	0.01656
790.67239	0.01634
790.91345	0.01613
791.15451	0.01592
791.39556	0.01573
791.63662	0.01554
791.87768	0.01537
792.11874	0.01520
792.35980	0.01504
792.60086	0.01488
792.84192	0.01473
793.08297	0.01460
793.32403	0.01447
793.56509	0.01435
793.80615	0.01424
794.04721	0.01414
794.28827	0.01406
794.52933	0.01399
794.77038	0.01393
795.01144	0.01389
795.25250	0.01386
795.49356	0.01383
795.73462	0.01381
795.97568	0.01380
796.21674	0.01378
796.45780	0.01376
796.69885	0.01373
796.93991	0.01371
797.18097	0.01368
797.42203	0.01366
797.66309	0.01364
797.90415	0.01363
798.14521	0.01362
798.38626	0.01361
798.62732	0.01360
798.86838	0.01359
799.10944	0.01357
799.35050	0.01354
799.59156	0.01350
799.83262	0.01345
800.07368	0.01338
800.31473	0.01331
800.55579	0.01323
800.79685	0.01314
801.03791	0.01306
801.27897	0.01298
801.52003	0.01290
801.76109	0.01283
802.00214	0.01278
802.24320	0.01273
802.48426	0.01269
802.72532	0.01265
802.96638	0.01261
803.20744	0.01257
803.44850	0.01252
803.68956	0.01245
803.93061	0.01235
804.17167	0.01223
804.41273	0.01208
804.65379	0.01191
804.89485	0.01172
805.13591	0.01152
805.37697	0.01131
805.61802	0.01110
805.85908	0.01090
806.10014	0.01070
806.34120	0.01051
806.58226	0.01033
806.82332	0.01016
807.06438	0.01001
807.30543	0.00987
807.54649	0.00974
807.78755	0.00964
808.02861	0.00957
808.26967	0.00953
808.51073	0.00952
808.75179	0.00955
808.99285	0.00961
809.23390	0.00971
809.47496	0.00983
809.71602	0.00997
809.95708	0.01013
810.19814	0.01030
810.43920	0.01047
810.68026	0.01065
810.92131	0.01084
811.16237	0.01104
811.40343	0.01123
811.64449	0.01144
811.88555	0.01165
812.12661	0.01187
812.36767	0.01209
812.60873	0.01231
812.84978	0.01253
813.09084	0.01275
813.33190	0.01296
813.57296	0.01317
813.81402	0.01336
814.05508	0.01353
814.29614	0.01369
814.53719	0.01383
814.77825	0.01396
815.01931	0.01407
815.26037	0.01416
815.50143	0.01424
815.74249	0.01431
815.98355	0.01438
816.22461	0.01444
816.46566	0.01451
816.70672	0.01457
816.94778	0.01463
817.18884	0.01470
817.42990	0.01476
817.67096	0.01481
817.91202	0.01485
818.15307	0.01487
818.39413	0.01488
818.63519	0.01487
818.87625	0.01484
819.11731	0.01480
819.35837	0.01475
819.59943	0.01470
819.84048	0.01466
820.08154	0.01462
820.32260	0.01459
820.56366	0.01458
820.80472	0.01457
821.04578	0.01457
821.28684	0.01458
821.52790	0.01458
821.76895	0.01458
822.01001	0.01458
822.25107	0.01457
822.49213	0.01455
822.73319	0.01452
822.97425	0.01450
823.21531	0.01446
823.45636	0.01442
823.69742	0.01438
823.93848	0.01433
824.17954	0.01427
824.42060	0.01421
824.66166	0.01415
824.90272	0.01409
825.14378	0.01404
825.38483	0.01399
825.62589	0.01395
825.86695	0.01391
826.10801	0.01389
826.34907	0.01386
826.59013	0.01384
826.83119	0.01382
827.07224	0.01379
827.31330	0.01374
827.55436	0.01368
827.79542	0.01361
828.03648	0.01353
828.27754	0.01343
828.51860	0.01332
828.75966	0.01320
829.00071	0.01308
829.24177	0.01296
829.48283	0.01285
829.72389	0.01274
829.96495	0.01263
830.20601	0.01252
830.44707	0.01242
830.68812	0.01232
830.92918	0.01222
831.17024	0.01211
831.41130	0.01200
831.65236	0.01187
831.89342	0.01173
832.13448	0.01158
832.37553	0.01142
832.61659	0.01125
832.85765	0.01107
833.09871	0.01088
833.33977	0.01067
833.58083	0.01046
833.82189	0.01024
834.06295	0.01000
834.30400	0.00975
834.54506	0.00948
834.78612	0.00919
835.02718	0.00888
835.26824	0.00855
835.50930	0.00819
835.75036	0.00782
835.99141	0.00742
836.23247	0.00701
836.47353	0.00660
836.71459	0.00618
836.95565	0.00577
837.19671	0.00537
837.43777	0.00499
837.67883	0.00462
837.91988	0.00429
838.16094	0.00398
838.40200	0.00369
838.64306	0.00343
838.88412	0.00319
839.12518	0.00298
839.36624	0.00279
839.60729	0.00262
839.84835	0.00248
840.08941	0.00236
840.33047	0.00228
840.57153	0.00223
840.81259	0.00220
841.05365	0.00221
841.29471	0.00224
841.53576	0.00230
841.77682	0.00238
842.01788	0.00247
842.25894	0.00257
842.50000	0.00268
842.74106	0.00279
842.98212	0.00290
843.22317	0.00302
843.46423	0.00313
843.70529	0.00323
843.94635	0.00334
844.18741	0.00344
844.42847	0.00353
844.66953	0.00362
844.91059	0.00370
845.15164	0.00378
845.39270	0.00385
845.63376	0.00392
845.87482	0.00398
846.11588	0.00404
846.35694	0.00411
846.59800	0.00418
846.83905	0.00424
847.08011	0.00431
847.32117	0.00438
847.56223	0.00445
847.80329	0.00451
848.04435	0.00457
848.28541	0.00462
848.52646	0.00467
848.76752	0.00471
849.00858	0.00476
849.24964	0.00480
849.49070	0.00485
849.73176	0.00490
849.97282	0.00495
850.21388	0.00501
850.45493	0.00507
850.69599	0.00513
850.93705	0.00520
851.17811	0.00527
851.41917	0.00535
851.66023	0.00542
851.90129	0.00550
852.14234	0.00559
852.38340	0.00567
852.62446	0.00575
852.86552	0.00583
853.10658	0.00591
853.34764	0.00599
853.58870	0.00607
853.82976	0.00614
854.07081	0.00621
854.31187	0.00627
854.55293	0.00634
854.79399	0.00640
855.03505	0.00647
855.27611	0.00653
855.51717	0.00660
855.75822	0.00666
855.99928	0.00672
856.24034	0.00678
856.48140	0.00683
856.72246	0.00688
856.96352	0.00693
857.20458	0.00696
857.44564	0.00699
857.68669	0.00702
857.92775	0.00703
858.16881	0.00704
858.40987	0.00705
858.65093	0.00706
858.89199	0.00706
859.13305	0.00706
859.37410	0.00707
859.61516	0.00707
859.85622	0.00706
860.09728	0.00706
860.33834	0.00705
860.57940	0.00703
860.82046	0.00701
861.06151	0.00699
861.30257	0.00697
861.54363	0.00694
861.78469	0.00692
862.02575	0.00690
862.26681	0.00688
862.50787	0.00685
862.74893	0.00683
862.98998	0.00679
863.23104	0.00675
863.47210	0.00670
863.71316	0.00665
863.95422	0.00659
864.19528	0.00652
864.43634	0.00646
864.67739	0.00639
864.91845	0.00632
865.15951	0.00624
865.40057	0.00617
865.64163	0.00609
865.88269	0.00601
866.12375	0.00592
866.36481	0.00583
866.60586	0.00574
866.84692	0.00564
867.08798	0.00555
867.32904	0.00545
867.57010	0.00534
867.81116	0.00523
868.05222	0.00511
868.29327	0.00499
868.53433	0.00486
868.77539	0.00472
869.01645	0.00459
869.25751	0.00445
869.49857	0.00431
869.73963	0.00419
869.98069	0.00407
870.22174	0.00397
870.46280	0.00389
870.70386	0.00383
870.94492	0.00379
871.18598	0.00378
871.42704	0.00379
871.66810	0.00383
871.90915	0.00390
872.15021	0.00398
872.39127	0.00408
872.63233	0.00420
872.87339	0.00432
873.11445	0.00445
873.35551	0.00458
873.59656	0.00470
873.83762	0.00481
874.07868	0.00492
874.31974	0.00501
874.56080	0.00509
874.80186	0.00516
875.04292	0.00522
875.28398	0.00527
875.52503	0.00532
875.76609	0.00535
876.00715	0.00537
876.24821	0.00539
876.48927	0.00539
876.73033	0.00538
876.97139	0.00537
877.21244	0.00534
877.45350	0.00531
877.69456	0.00527
877.93562	0.00523
878.17668	0.00519
878.41774	0.00515
878.65880	0.00510
878.89986	0.00506
879.14091	0.00501
879.38197	0.00495
879.62303	0.00489
879.86409	0.00481
880.10515	0.00473
880.34621	0.00464
880.58727	0.00454
880.82832	0.00444
881.06938	0.00435
881.31044	0.00426
881.55150	0.00418
881.79256	0.00410
882.03362	0.00403
882.27468	0.00397
882.51574	0.00391
882.75679	0.00386
882.99785	0.00380
883.23891	0.00374
883.47997	0.00368
883.72103	0.00362
883.96209	0.00356
884.20315	0.00350
884.44420	0.00344
884.68526	0.00337
884.92632	0.00331
885.16738	0.00323
885.40844	0.00315
885.64950	0.00306
885.89056	0.00296
886.13161	0.00285
886.37267	0.00274
886.61373	0.00262
886.85479	0.00251
887.09585	0.00240
887.33691	0.00230
887.57797	0.00220
887.81903	0.00213
888.06008	0.00206
888.30114	0.00201
888.54220	0.00197
888.78326	0.00193
889.02432	0.00191
889.26538	0.00189
889.50644	0.00187
889.74749	0.00185
889.98855	0.00183
890.22961	0.00180
890.47067	0.00178
890.71173	0.00175
890.95279	0.00172
891.19385	0.00168
891.43491	0.00165
891.67596	0.00162
891.91702	0.00159
892.15808	0.00156
892.39914	0.00154
892.64020	0.00151
892.88126	0.00149
893.12232	0.00147
893.36337	0.00144
893.60443	0.00142
893.84549	0.00138
894.08655	0.00134
894.32761	0.00129
894.56867	0.00124
894.80973	0.00119
895.05079	0.00113
895.29184	0.00108
895.53290	0.00102
895.77396	0.00098
896.01502	0.00094
896.25608	0.00091
896.49714	0.00088
896.73820	0.00087
896.97925	0.00086
897.22031	0.00086
897.46137	0.00086
897.70243	0.00086
897.94349	0.00087
898.18455	0.00088
898.42561	0.00089
898.66667	0.00089
898.90772	0.00091
899.14878	0.00092
899.38984	0.00094
899.63090	0.00095
