0.00000	0.01613
0.24106	0.01653
0.48212	0.01765
0.72318	0.01926
0.96423	0.02105
1.20529	0.02269
1.44635	0.02392
1.68741	0.02456
1.92847	0.02459
2.16953	0.02398
2.41059	0.02310
2.65165	0.02213
2.89270	0.02121
3.13376	0.02042
3.37482	0.01979
3.61588	0.01932
3.85694	0.01896
4.09800	0.01870
4.33906	0.01850
4.58011	0.01836
4.82117	0.01829
5.06223	0.01831
5.30329	0.01842
5.54435	0.01861
5.78541	0.01884
6.02647	0.01907
6.26753	0.01925
6.50858	0.01936
6.74964	0.01938
6.99070	0.01931
7.23176	0.01918
7.47282	0.01903
7.71388	0.01887
7.95494	0.01875
8.19599	0.01866
8.43705	0.01862
8.67811	0.01861
8.91917	0.01864
9.16023	0.01869
9.40129	0.01878
9.64235	0.01889
9.88340	0.01904
10.12446	0.01924
10.36552	0.01951
10.60658	0.01986
10.84764	0.02028
11.08870	0.02077
11.32976	0.02131
11.57082	0.02185
11.81187	0.02235
12.05293	0.02273
12.29399	0.02291
12.53505	0.02284
12.77611	0.02245
13.01717	0.02175
13.25823	0.02076
13.49928	0.01952
13.74034	0.01805
13.98140	0.01656
14.22246	0.01519
14.46352	0.01409
14.70458	0.01333
14.94564	0.01296
15.18670	0.01299
15.42775	0.01335
15.66881	0.01394
15.90987	0.01465
16.15093	0.01534
16.39199	0.01590
16.63305	0.01626
16.87411	0.01638
17.11516	0.01624
17.35622	0.01589
17.59728	0.01535
17.83834	0.01473
18.07940	0.01410
18.32046	0.01350
18.56152	0.01293
18.80258	0.01239
19.04363	0.01186
19.28469	0.01130
19.52575	0.00982
19.76681	0.00792
20.00787	0.00586
20.24893	0.00393
20.48999	0.00237
20.73104	0.00136
20.97210	0.00099
21.21316	0.00122
21.45422	0.00242
21.69528	0.00386
21.93634	0.00553
22.17740	0.00739
22.41845	0.00938
22.65951	0.01143
22.90057	0.01347
23.14163	0.01543
23.38269	0.01736
23.62375	0.01920
23.86481	0.02098
24.10587	0.02271
24.34692	0.02444
24.58798	0.02617
24.82904	0.02792
25.07010	0.02968
25.31116	0.03142
25.55222	0.03310
25.79328	0.03468
26.03433	0.03614
26.27539	0.03749
26.51645	0.03875
26.75751	0.03997
26.99857	0.04125
27.23963	0.04266
27.48069	0.04433
27.72175	0.04635
27.96280	0.04877
28.20386	0.05165
28.44492	0.05497
28.68598	0.05870
28.92704	0.06277
29.16810	0.06713
29.40916	0.07171
29.65021	0.07646
29.89127	0.08136
30.13233	0.08636
30.37339	0.09144
30.61445	0.09653
30.85551	0.10156
31.09657	0.10641
31.33763	0.11097
31.57868	0.11510
31.81974	0.11871
32.06080	0.12174
32.30186	0.12419
32.54292	0.12613
32.78398	0.12768
33.02504	0.12901
33.26609	0.13034
33.50715	0.13191
33.74821	0.13391
33.98927	0.13654
34.23033	0.13994
34.47139	0.14417
34.71245	0.14927
34.95350	0.15517
35.19456	0.16180
35.43562	0.16904
35.67668	0.17681
35.91774	0.18508
36.15880	0.19391
36.39986	0.20345
36.64092	0.21396
36.88197	0.22572
37.12303	0.23901
37.36409	0.25397
37.60515	0.27059
37.84621	0.28860
38.08727	0.30744
38.32833	0.32638
38.56938	0.34450
38.81044	0.36090
39.05150	0.37476
39.29256	0.38554
39.53362	0.39301
39.77468	0.39734
40.01574	0.39904
40.25680	0.39889
40.49785	0.39781
40.73891	0.39671
40.97997	0.39641
41.22103	0.39750
41.46209	0.40029
41.70315	0.40486
41.94421	0.41105
42.18526	0.41860
42.42632	0.42722
42.66738	0.43667
42.90844	0.44680
43.14950	0.45760
43.39056	0.46913
43.63162	0.48145
43.87268	0.49458
44.11373	0.50840
44.35479	0.52260
44.59585	0.53666
44.83691	0.54992
45.07797	0.56163
45.31903	0.57111
45.56009	0.57779
45.80114	0.58143
46.04220	0.58208
46.28326	0.58019
46.52432	0.57652
46.76538	0.57208
47.00644	0.56799
47.24750	0.56533
47.48855	0.56501
47.72961	0.56770
47.97067	0.57371
48.21173	0.58306
48.45279	0.59553
48.69385	0.61078
48.93491	0.62843
49.17597	0.64827
49.41702	0.67026
49.65808	0.69462
49.89914	0.72175
50.14020	0.75212
50.38126	0.78615
50.62232	0.82402
50.86338	0.86551
51.10443	0.90994
51.34549	0.95618
51.58655	1.00270
51.82761	1.04777
52.06867	1.08971
52.30973	1.12710
52.55079	1.15899
52.79185	1.18505
53.03290	1.20555
53.27396	1.22125
53.51502	1.23330
53.75608	1.24289
53.99714	1.25113
54.23820	1.25881
54.47926	1.26635
54.72031	1.27383
54.96137	1.28108
55.20243	1.28793
55.44349	1.29438
55.68455	1.30082
55.92561	1.30807
56.16667	1.31737
56.40773	1.33027
56.64878	1.34828
56.88984	1.37266
57.13090	1.40405
57.37196	1.44227
57.61302	1.48625
57.85408	1.53409
58.09514	1.58330
58.33619	1.63118
58.57725	1.67517
58.81831	1.71329
59.05937	1.74438
59.30043	1.76822
59.54149	1.78548
59.78255	1.79748
60.02361	1.80580
60.26466	1.81194
60.50572	1.81696
60.74678	1.82125
60.98784	1.82455
61.22890	1.82603
61.46996	1.82464
61.71102	1.81942
61.95207	1.80990
62.19313	1.79637
62.43419	1.77997
62.67525	1.76258
62.91631	1.74663
63.15737	1.73466
63.39843	1.72891
63.63948	1.73095
63.88054	1.74138
64.12160	1.75975
64.36266	1.78465
64.60372	1.81394
64.84478	1.84515
65.08584	1.87586
65.32690	1.90406
65.56795	1.92839
65.80901	1.94822
66.05007	1.96360
66.29113	1.97502
66.53219	1.98314
66.77325	1.98846
67.01431	1.99114
67.25536	1.99082
67.49642	1.98668
67.73748	1.97757
67.97854	1.96230
68.21960	1.93995
68.46066	1.91013
68.70172	1.87319
68.94278	1.83030
69.18383	1.78334
69.42489	1.73471
69.66595	1.68697
69.90701	1.64259
70.14807	1.60354
70.38913	1.57108
70.63019	1.54569
70.87124	1.52711
71.11230	1.51451
71.35336	1.50679
71.59442	1.50285
71.83548	1.50187
72.07654	1.50349
72.31760	1.50784
72.55866	1.51544
72.79971	1.52696
73.04077	1.54297
73.28183	1.56359
73.52289	1.58830
73.76395	1.61586
74.00501	1.64430
74.24607	1.67115
74.48712	1.69377
74.72818	1.70973
74.96924	1.71718
75.21030	1.71516
75.45136	1.70375
75.69242	1.68407
75.93348	1.65813
76.17453	1.62857
76.41559	1.59825
76.65665	1.56995
76.89771	1.54603
77.13877	1.52821
77.37983	1.51751
77.62089	1.51429
77.86195	1.51837
78.10300	1.52924
78.34406	1.54627
78.58512	1.56894
78.82618	1.59689
79.06724	1.63002
79.30830	1.66829
79.54936	1.71166
79.79041	1.75981
80.03147	1.81197
80.27253	1.86675
80.51359	1.92217
80.75465	1.97569
80.99571	2.02457
81.23677	2.06609
81.47783	2.09805
81.71888	2.11908
81.95994	2.12883
82.20100	2.12810
82.44206	2.11875
82.68312	2.10336
82.92418	2.08487
83.16524	2.06611
83.40629	2.04947
83.64735	2.03654
83.88841	2.02804
84.12947	2.02391
84.37053	2.02353
84.61159	2.02607
84.85265	2.03084
85.09371	2.03761
85.33476	2.04672
85.57582	2.05914
85.81688	2.07620
86.05794	2.09931
86.29900	2.12953
86.54006	2.16723
86.78112	2.21177
87.02217	2.26138
87.26323	2.31336
87.50429	2.36430
87.74535	2.41058
87.98641	2.44889
88.22747	2.47677
88.46853	2.49290
88.70958	2.49736
88.95064	2.49148
89.19170	2.47757
89.43276	2.45846
89.67382	2.43696
89.91488	2.41543
90.15594	2.39537
90.39700	2.37737
90.63805	2.36118
90.87911	2.34598
91.12017	2.33084
91.36123	2.31511
91.60229	2.29878
91.84335	2.28267
92.08441	2.26836
92.32546	2.25802
92.56652	2.25395
92.80758	2.25814
93.04864	2.27186
93.28970	2.29530
93.53076	2.32742
93.77182	2.36608
94.01288	2.40830
94.25393	2.45067
94.49499	2.48990
94.73605	2.52328
94.97711	2.54904
95.21817	2.56650
95.45923	2.57608
95.70029	2.57906
95.94134	2.57720
96.18240	2.57230
96.42346	2.56581
96.66452	2.55853
96.90558	2.55053
97.14664	2.54116
97.38770	2.52938
97.62876	2.51408
97.86981	2.49451
98.11087	2.47060
98.35193	2.44315
98.59299	2.41388
98.83405	2.38520
99.07511	2.35990
99.31617	2.34072
99.55722	2.32988
99.79828	2.32874
100.03934	2.33760
100.28040	2.35568
100.52146	2.38126
100.76252	2.41209
101.00358	2.44569
101.24464	2.47983
101.48569	2.51281
101.72675	2.54364
101.96781	2.57207
102.20887	2.59839
102.44993	2.62321
102.69099	2.64707
102.93205	2.67018
103.17310	2.69219
103.41416	2.71212
103.65522	2.72850
103.89628	2.73958
104.13734	2.74375
104.37840	2.73985
104.61946	2.72754
104.86051	2.70745
105.10157	2.68125
105.34263	2.65142
105.58369	2.62093
105.82475	2.59285
106.06581	2.56985
106.30687	2.55388
106.54793	2.54590
106.78898	2.54586
107.03004	2.55286
107.27110	2.56546
107.51216	2.58207
107.75322	2.60136
107.99428	2.62258
108.23534	2.64568
108.47639	2.67131
108.71745	2.70053
108.95851	2.73448
109.19957	2.77396
109.44063	2.81903
109.68169	2.86879
109.92275	2.92130
110.16381	2.97377
110.40486	3.02294
110.64592	3.06552
110.88698	3.09876
111.12804	3.12086
111.36910	3.13129
111.61016	3.13085
111.85122	3.12152
112.09227	3.10607
112.33333	3.08763
112.57439	3.06910
112.81545	3.05278
113.05651	3.04003
113.29757	3.03125
113.53863	3.02598
113.77969	3.02324
114.02074	3.02196
114.26180	3.02143
114.50286	3.02159
114.74392	3.02324
114.98498	3.02793
115.22604	3.03775
115.46710	3.05485
115.70815	3.08093
115.94921	3.11681
116.19027	3.16205
116.43133	3.21486
116.67239	3.27227
116.91345	3.33045
117.15451	3.38536
117.39556	3.43327
117.63662	3.47137
117.87768	3.49813
118.11874	3.51348
118.35980	3.51862
118.60086	3.51571
118.84192	3.50735
119.08298	3.49606
119.32403	3.48376
119.56509	3.47155
119.80615	3.45962
120.04721	3.44740
120.28827	3.43395
120.52933	3.41839
120.77039	3.40031
121.01144	3.38015
121.25250	3.35928
121.49356	3.33996
121.73462	3.32500
121.97568	3.31734
122.21674	3.31955
122.45780	3.33333
122.69886	3.35918
122.93991	3.39629
123.18097	3.44263
123.42203	3.49524
123.66309	3.55069
123.90415	3.60567
124.14521	3.65739
124.38627	3.70398
124.62732	3.74463
124.86838	3.77953
125.10944	3.80954
125.35050	3.83585
125.59156	3.85948
125.83262	3.88090
126.07368	3.89981
126.31474	3.91511
126.55579	3.92510
126.79685	3.92783
127.03791	3.92163
127.27897	3.90557
127.52003	3.87984
127.76109	3.84592
128.00215	3.80654
128.24320	3.76542
128.48426	3.72671
128.72532	3.69445
128.96638	3.67194
129.20744	3.66128
129.44850	3.66304
129.68956	3.67628
129.93061	3.69871
130.17167	3.72720
130.41273	3.75828
130.65379	3.78877
130.89485	3.81623
131.13591	3.83929
131.37697	3.85768
131.61803	3.87209
131.85908	3.88369
132.10014	3.89375
132.34120	3.90306
132.58226	3.91164
132.82332	3.91858
133.06438	3.92209
133.30544	3.91986
133.54649	3.90956
133.78755	3.88934
134.02861	3.85831
134.26967	3.81687
134.51073	3.76674
134.75179	3.71081
134.99285	3.65271
135.23391	3.59628
135.47496	3.54494
135.71602	3.50126
135.95708	3.46663
136.19814	3.44117
136.43920	3.42391
136.68026	3.41311
136.92132	3.40673
137.16237	3.40292
137.40343	3.40035
137.64449	3.39849
137.88555	3.39759
138.12661	3.39848
138.36767	3.40225
138.60873	3.40982
138.84979	3.42157
139.09084	3.43705
139.33190	3.45487
139.57296	3.47282
139.81402	3.48815
140.05508	3.49805
140.29614	3.50004
140.53720	3.49247
140.77825	3.47478
141.01931	3.44758
141.26037	3.41259
141.50143	3.37231
141.74249	3.32958
141.98355	3.28718
142.22461	3.24738
142.46566	3.21166
142.70672	3.18065
142.94778	3.15419
143.18884	3.13155
143.42990	3.11178
143.67096	3.09403
143.91202	3.07783
144.15308	3.06327
144.39413	3.05101
144.63519	3.04210
144.87625	3.03773
145.11731	3.03893
145.35837	3.04621
145.59943	3.05935
145.84049	3.07727
146.08154	3.09812
146.32260	3.11949
146.56366	3.13874
146.80472	3.15338
147.04578	3.16147
147.28684	3.16192
147.52790	3.15457
147.76896	3.14019
148.01001	3.12029
148.25107	3.09675
148.49213	3.07146
148.73319	3.04598
148.97425	3.02126
149.21531	2.99755
149.45637	2.97447
149.69742	2.95120
149.93848	2.92683
150.17954	2.90067
150.42060	2.87256
150.66166	2.84300
150.90272	2.81319
151.14378	2.78485
151.38484	2.75991
151.62589	2.74018
151.86695	2.72695
152.10801	2.72075
152.34907	2.72118
152.59013	2.72697
152.83119	2.73616
153.07225	2.74644
153.31330	2.75554
153.55436	2.76156
153.79542	2.76330
154.03648	2.76034
154.27754	2.75302
154.51860	2.74227
154.75966	2.72930
155.00072	2.71530
155.24177	2.70114
155.48283	2.68716
155.72389	2.67316
155.96495	2.65846
156.20601	2.64213
156.44707	2.62325
156.68813	2.60120
156.92918	2.57588
157.17024	2.54785
157.41130	2.51827
157.65236	2.48881
157.89342	2.46134
158.13448	2.43770
158.37554	2.41933
158.61659	2.40710
158.85765	2.40118
159.09871	2.40098
159.33977	2.40536
159.58083	2.41278
159.82189	2.42163
160.06295	2.43046
160.30401	2.43823
160.54506	2.44442
160.78612	2.44908
161.02718	2.45268
161.26824	2.45594
161.50930	2.45958
161.75036	2.46411
161.99142	2.46960
162.23247	2.47564
162.47353	2.48139
162.71459	2.48568
162.95565	2.48733
163.19671	2.48536
163.43777	2.47924
163.67883	2.46907
163.91989	2.45558
164.16094	2.44009
164.40200	2.42427
164.64306	2.40986
164.88412	2.39837
165.12518	2.39086
165.36624	2.38772
165.60730	2.38871
165.84835	2.39299
166.08941	2.39937
166.33047	2.40656
166.57153	2.41345
166.81259	2.41934
167.05365	2.42404
167.29471	2.42789
167.53577	2.43165
167.77682	2.43627
168.01788	2.44262
168.25894	2.45122
168.50000	2.46210
168.74106	2.47469
168.98212	2.48790
169.22318	2.50025
169.46423	2.51018
169.70529	2.51634
169.94635	2.51782
170.18741	2.51439
170.42847	2.50650
170.66953	2.49527
170.91059	2.48222
171.15164	2.46907
171.39270	2.45740
171.63376	2.44842
171.87482	2.44277
172.11588	2.44049
172.35694	2.44109
172.59800	2.44371
172.83906	2.44736
173.08011	2.45118
173.32117	2.45461
173.56223	2.45753
173.80329	2.46026
174.04435	2.46349
174.28541	2.46807
174.52647	2.47481
174.76752	2.48424
175.00858	2.49643
175.24964	2.51094
175.49070	2.52681
175.73176	2.54274
175.97282	2.55726
176.21388	2.56900
176.45494	2.57698
176.69599	2.58072
176.93705	2.58041
177.17811	2.57677
177.41917	2.57099
177.66023	2.56444
177.90129	2.55839
178.14235	2.55384
178.38340	2.55127
178.62446	2.55065
178.86552	2.55149
179.10658	2.55301
179.34764	2.55440
179.58870	2.55503
179.82976	2.55472
180.07082	2.55376
180.31187	2.55297
180.55293	2.55352
180.79399	2.55675
181.03505	2.56383
181.27611	2.57557
181.51717	2.59218
181.75823	2.61317
181.99928	2.63743
182.24034	2.66333
182.48140	2.68903
182.72246	2.71273
182.96352	2.73300
183.20458	2.74899
183.44564	2.76053
183.68669	2.76814
183.92775	2.77288
184.16881	2.77613
184.40987	2.77928
184.65093	2.78345
184.89199	2.78929
185.13305	2.79692
185.37411	2.80586
185.61516	2.81530
185.85622	2.82424
186.09728	2.83181
186.33834	2.83752
186.57940	2.84140
186.82046	2.84403
187.06152	2.84650
187.30257	2.85018
187.54363	2.85643
187.78469	2.86636
188.02575	2.88056
188.26681	2.89896
188.50787	2.92082
188.74893	2.94485
188.98999	2.96944
189.23104	2.99296
189.47210	3.01402
189.71316	3.03176
189.95422	3.04592
190.19528	3.05691
190.43634	3.06561
190.67740	3.07320
190.91845	3.08082
191.15951	3.08931
191.40057	3.09901
191.64163	3.10968
191.88269	3.12050
192.12375	3.13032
192.36481	3.13787
192.60587	3.14207
192.84692	3.14233
193.08798	3.13873
193.32904	3.13201
193.57010	3.12351
193.81116	3.11492
194.05222	3.10797
194.29328	3.10411
194.53433	3.10426
194.77539	3.10862
195.01645	3.11670
195.25751	3.12739
195.49857	3.13929
195.73963	3.15091
195.98069	3.16107
196.22174	3.16904
196.46280	3.17471
196.70386	3.17856
196.94492	3.18151
197.18598	3.18468
197.42704	3.18911
197.66810	3.19550
197.90916	3.20401
198.15021	3.21422
198.39127	3.22513
198.63233	3.23540
198.87339	3.24354
199.11445	3.24829
199.35551	3.24878
199.59657	3.24478
199.83762	3.23673
200.07868	3.22568
200.31974	3.21309
200.56080	3.20058
200.80186	3.18962
201.04292	3.18128
201.28398	3.17606
201.52504	3.17382
201.76609	3.17390
202.00715	3.17524
202.24821	3.17666
202.48927	3.17710
202.73033	3.17589
202.97139	3.17281
203.21245	3.16817
203.45350	3.16269
203.69456	3.15734
203.93562	3.15310
204.17668	3.15069
204.41774	3.15045
204.65880	3.15218
204.89986	3.15520
205.14092	3.15841
205.38197	3.16055
205.62303	3.16042
205.86409	3.15709
206.10515	3.15012
206.34621	3.13962
206.58727	3.12624
206.82833	3.11100
207.06938	3.09516
207.31044	3.07990
207.55150	3.06610
207.79256	3.05422
208.03362	3.04420
208.27468	3.03550
208.51574	3.02728
208.75680	3.01856
208.99785	3.00849
209.23891	2.99653
209.47997	2.98259
209.72103	2.96702
209.96209	2.95056
210.20315	2.93416
210.44421	2.91876
210.68526	2.90507
210.92632	2.89342
211.16738	2.88366
211.40844	2.87519
211.64950	2.86708
211.89056	2.85826
212.13162	2.84772
212.37267	2.83473
212.61373	2.81900
212.85479	2.80071
213.09585	2.78050
213.33691	2.75929
213.57797	2.73817
213.81903	2.71811
214.06009	2.69984
214.30114	2.68368
214.54220	2.66950
214.78326	2.65682
215.02432	2.64487
215.26538	2.63283
215.50644	2.61998
215.74750	2.60585
215.98855	2.59039
216.22961	2.57389
216.47067	2.55699
216.71173	2.54050
216.95279	2.52526
217.19385	2.51194
217.43491	2.50089
217.67597	2.49211
217.91702	2.48520
218.15808	2.47943
218.39914	2.47393
218.64020	2.46783
218.88126	2.46040
219.12232	2.45121
219.36338	2.44020
219.60443	2.42767
219.84549	2.41418
220.08655	2.40043
220.32761	2.38711
220.56867	2.37473
220.80973	2.36352
221.05079	2.35340
221.29185	2.34398
221.53290	2.33467
221.77396	2.32483
222.01502	2.31395
222.25608	2.30174
222.49714	2.28828
222.73820	2.27398
222.97926	2.25958
223.22031	2.24595
223.46137	2.23401
223.70243	2.22447
223.94349	2.21774
224.18455	2.21383
224.42561	2.21234
224.66667	2.21250
224.90772	2.21337
225.14878	2.21398
225.38984	2.21346
225.63090	2.21125
225.87196	2.20716
226.11302	2.20134
226.35408	2.19426
226.59514	2.18657
226.83619	2.17893
227.07725	2.17187
227.31831	2.16569
227.55937	2.16039
227.80043	2.15567
228.04149	2.15104
228.28255	2.14592
228.52360	2.13979
228.76466	2.13233
229.00572	2.12350
229.24678	2.11358
229.48784	2.10313
229.72890	2.09289
229.96996	2.08366
230.21102	2.07612
230.45207	2.07071
230.69313	2.06759
230.93419	2.06655
231.17525	2.06709
231.41631	2.06854
231.65737	2.07013
231.89843	2.07120
232.13948	2.07125
232.38054	2.07007
232.62160	2.06770
232.86266	2.06443
233.10372	2.06066
233.34478	2.05684
233.58584	2.05331
233.82690	2.05021
234.06795	2.04748
234.30901	2.04480
234.55007	2.04171
234.79113	2.03770
235.03219	2.03231
235.27325	2.02527
235.51431	2.01659
235.75536	2.00654
235.99642	1.99569
236.23748	1.98480
236.47854	1.97470
236.71960	1.96615
236.96066	1.95971
237.20172	1.95569
237.44277	1.95407
237.68383	1.95453
237.92489	1.95656
238.16595	1.95952
238.40701	1.96282
238.64807	1.96599
238.88913	1.96878
239.13019	1.97116
239.37124	1.97329
239.61230	1.97546
239.85336	1.97800
240.09442	1.98111
240.33548	1.98485
240.57654	1.98905
240.81760	1.99335
241.05865	1.99722
241.29971	2.00009
241.54077	2.00145
241.78183	2.00095
242.02289	1.99852
242.26395	1.99435
242.50501	1.98894
242.74607	1.98295
242.98712	1.97717
243.22818	1.97234
243.46924	1.96904
243.71030	1.96763
243.95136	1.96816
244.19242	1.97045
244.43348	1.97409
244.67453	1.97860
244.91559	1.98351
245.15665	1.98851
245.39771	1.99347
245.63877	1.99851
245.87983	2.00393
246.12089	2.01014
246.36195	2.01755
246.60300	2.02644
246.84406	2.03684
247.08512	2.04854
247.32618	2.06100
247.56724	2.07351
247.80830	2.08524
248.04936	2.09540
248.29041	2.10338
248.53147	2.10886
248.77253	2.11185
249.01359	2.11268
249.25465	2.11196
249.49571	2.11042
249.73677	2.10883
249.97783	2.10782
250.21888	2.10779
250.45994	2.10889
250.70100	2.11104
250.94206	2.11393
251.18312	2.11719
251.42418	2.12049
251.66524	2.12363
251.90629	2.12658
252.14735	2.12957
252.38841	2.13300
252.62947	2.13738
252.87053	2.14321
253.11159	2.15086
253.35265	2.16049
253.59370	2.17197
253.83476	2.18486
254.07582	2.19849
254.31688	2.21201
254.55794	2.22455
254.79900	2.23534
255.04006	2.24381
255.28112	2.24971
255.52217	2.25310
255.76323	2.25432
256.00429	2.25392
256.24535	2.25251
256.48641	2.25067
256.72747	2.24882
256.96853	2.24717
257.20958	2.24567
257.45064	2.24411
257.69170	2.24220
257.93276	2.23963
258.17382	2.23626
258.41488	2.23211
258.65594	2.22749
258.89700	2.22289
259.13805	2.21894
259.37911	2.21630
259.62017	2.21551
259.86123	2.21694
260.10229	2.22064
260.34335	2.22641
260.58441	2.23377
260.82546	2.24206
261.06652	2.25057
261.30758	2.25864
261.54864	2.26575
261.78970	2.27158
262.03076	2.27605
262.27182	2.27927
262.51288	2.28147
262.75393	2.28293
262.99499	2.28386
263.23605	2.28434
263.47711	2.28430
263.71817	2.28351
263.95923	2.28159
264.20029	2.27815
264.44134	2.27286
264.68240	2.26553
264.92346	2.25622
265.16452	2.24521
265.40558	2.23305
265.64664	2.22044
265.88770	2.20815
266.12875	2.19694
266.36981	2.18736
266.61087	2.17978
266.85193	2.17424
267.09299	2.17056
267.33405	2.16834
267.57511	2.16705
267.81617	2.16619
268.05722	2.16532
268.29828	2.16417
268.53934	2.16263
268.78040	2.16077
269.02146	2.15872
269.26252	2.15665
269.50358	2.15463
269.74463	2.15261
269.98569	2.15037
270.22675	2.14751
270.46781	2.14354
270.70887	2.13797
270.94993	2.13034
271.19099	2.12040
271.43205	2.10811
271.67310	2.09366
271.91416	2.07750
272.15522	2.06022
272.39628	2.04252
272.63734	2.02504
272.87840	2.00833
273.11946	1.99279
273.36051	1.97859
273.60157	1.96573
273.84263	1.95406
274.08369	1.94336
274.32475	1.93342
274.56581	1.92405
274.80687	1.91517
275.04793	1.90682
275.28898	1.89909
275.53004	1.89213
275.77110	1.88604
276.01216	1.88087
276.25322	1.87653
276.49428	1.87278
276.73534	1.86926
276.97639	1.86551
277.21745	1.86102
277.45851	1.85534
277.69957	1.84811
277.94063	1.83915
278.18169	1.82845
278.42275	1.81622
278.66380	1.80280
278.90486	1.78864
279.14592	1.77422
279.38698	1.75997
279.62804	1.74623
279.86910	1.73319
280.11016	1.72091
280.35122	1.70935
280.59227	1.69838
280.83333	1.68789
281.07439	1.67783
281.31545	1.66821
281.55651	1.65918
281.79757	1.65093
282.03863	1.64374
282.27968	1.63782
282.52074	1.63335
282.76180	1.63035
283.00286	1.62868
283.24392	1.62805
283.48498	1.62803
283.72604	1.62809
283.96710	1.62771
284.20815	1.62640
284.44921	1.62381
284.69027	1.61972
284.93133	1.61411
285.17239	1.60710
285.41345	1.59892
285.65451	1.58986
285.89556	1.58020
286.13662	1.57019
286.37768	1.55995
286.61874	1.54954
286.85980	1.53894
287.10086	1.52809
287.34192	1.51694
287.58298	1.50551
287.82403	1.49394
288.06509	1.48244
288.30615	1.47134
288.54721	1.46102
288.78827	1.45186
289.02933	1.44415
289.27039	1.43808
289.51144	1.43366
289.75250	1.43075
289.99356	1.42906
290.23462	1.42820
290.47568	1.42773
290.71674	1.42726
290.95780	1.42643
291.19885	1.42501
291.43991	1.42289
291.68097	1.42004
291.92203	1.41651
292.16309	1.41239
292.40415	1.40776
292.64521	1.40264
292.88627	1.39702
293.12732	1.39083
293.36838	1.38396
293.60944	1.37634
293.85050	1.36791
294.09156	1.35875
294.33262	1.34901
294.57368	1.33898
294.81473	1.32903
295.05579	1.31959
295.29685	1.31109
295.53791	1.30387
295.77897	1.29820
296.02003	1.29417
296.26109	1.29172
296.50215	1.29067
296.74320	1.29073
296.98426	1.29158
297.22532	1.29291
297.46638	1.29449
297.70744	1.29617
297.94850	1.29791
298.18956	1.29975
298.43061	1.30177
298.67167	1.30405
298.91273	1.30661
299.15379	1.30941
299.39485	1.31229
299.63591	1.31501
299.87697	1.31728
300.11803	1.31879
300.35908	1.31927
300.60014	1.31856
300.84120	1.31662
301.08226	1.31352
301.32332	1.30951
301.56438	1.30493
301.80544	1.30016
302.04649	1.29563
302.28755	1.29167
302.52861	1.28857
302.76967	1.28648
303.01073	1.28541
303.25179	1.28530
303.49285	1.28601
303.73391	1.28738
303.97496	1.28927
304.21602	1.29161
304.45708	1.29438
304.69814	1.29762
304.93920	1.30144
305.18026	1.30590
305.42132	1.31105
305.66237	1.31685
305.90343	1.32316
306.14449	1.32973
306.38555	1.33628
306.62661	1.34247
306.86767	1.34799
307.10873	1.35263
307.34978	1.35627
307.59084	1.35892
307.83190	1.36072
308.07296	1.36188
308.31402	1.36266
308.55508	1.36334
308.79614	1.36411
309.03720	1.36512
309.27825	1.36641
309.51931	1.36798
309.76037	1.36974
310.00143	1.37163
310.24249	1.37358
310.48355	1.37562
310.72461	1.37781
310.96566	1.38033
311.20672	1.38335
311.44778	1.38709
311.68884	1.39175
311.92990	1.39742
312.17096	1.40414
312.41202	1.41179
312.65308	1.42018
312.89413	1.42901
313.13519	1.43793
313.37625	1.44661
313.61731	1.45474
313.85837	1.46210
314.09943	1.46859
314.34049	1.47418
314.58154	1.47897
314.82260	1.48310
315.06366	1.48673
315.30472	1.49000
315.54578	1.49301
315.78684	1.49580
316.02790	1.49834
316.26896	1.50056
316.51001	1.50239
316.75107	1.50380
316.99213	1.50481
317.23319	1.50557
317.47425	1.50628
317.71531	1.50723
317.95637	1.50874
318.19742	1.51114
318.43848	1.51466
318.67954	1.51944
318.92060	1.52549
319.16166	1.53265
319.40272	1.54069
319.64378	1.54925
319.88483	1.55796
320.12589	1.56648
320.36695	1.57453
320.60801	1.58193
320.84907	1.58861
321.09013	1.59459
321.33119	1.59995
321.57225	1.60482
321.81330	1.60927
322.05436	1.61336
322.29542	1.61707
322.53648	1.62031
322.77754	1.62297
323.01860	1.62491
323.25966	1.62604
323.50071	1.62634
323.74177	1.62591
323.98283	1.62492
324.22389	1.62367
324.46495	1.62247
324.70601	1.62169
324.94707	1.62161
325.18813	1.62244
325.42918	1.62427
325.67024	1.62704
325.91130	1.63060
326.15236	1.63472
326.39342	1.63915
326.63448	1.64364
326.87554	1.64805
327.11659	1.65228
327.35765	1.65634
327.59871	1.66029
327.83977	1.66424
328.08083	1.66826
328.32189	1.67234
328.56295	1.67642
328.80401	1.68032
329.04506	1.68378
329.28612	1.68652
329.52718	1.68827
329.76824	1.68879
330.00930	1.68797
330.25036	1.68585
330.49142	1.68256
330.73247	1.67838
330.97353	1.67365
331.21459	1.66874
331.45565	1.66398
331.69671	1.65965
331.93777	1.65590
332.17883	1.65280
332.41988	1.65030
332.66094	1.64831
332.90200	1.64667
333.14306	1.64528
333.38412	1.64405
333.62518	1.64296
333.86624	1.64205
334.10730	1.64141
334.34835	1.64112
334.58941	1.64123
334.83047	1.64175
335.07153	1.64258
335.31259	1.64352
335.55365	1.64433
335.79471	1.64470
336.03576	1.64430
336.27682	1.64289
336.51788	1.64029
336.75894	1.63641
337.00000	1.63131
337.24106	1.62512
337.48212	1.61807
337.72318	1.61038
337.96423	1.60230
338.20529	1.59400
338.44635	1.58558
338.68741	1.57709
338.92847	1.56851
339.16953	1.55978
339.41059	1.55087
339.65164	1.54177
339.89270	1.53254
340.13376	1.52328
340.37482	1.51417
340.61588	1.50542
340.85694	1.49723
341.09800	1.48976
341.33906	1.48309
341.58011	1.47720
341.82117	1.47199
342.06223	1.46726
342.30329	1.46274
342.54435	1.45815
342.78541	1.45325
343.02647	1.44781
343.26752	1.44173
343.50858	1.43496
343.74964	1.42755
343.99070	1.41959
344.23176	1.41121
344.47282	1.40253
344.71388	1.39365
344.95493	1.38459
345.19599	1.37536
345.43705	1.36592
345.67811	1.35622
345.91917	1.34621
346.16023	1.33589
346.40129	1.32532
346.64235	1.31461
346.88340	1.30393
347.12446	1.29350
347.36552	1.28353
347.60658	1.27420
347.84764	1.26564
348.08870	1.25788
348.32976	1.25090
348.57081	1.24455
348.81187	1.23866
349.05293	1.23301
349.29399	1.22739
349.53505	1.22165
349.77611	1.21566
350.01717	1.20940
350.25823	1.20289
350.49928	1.19621
350.74034	1.18945
350.98140	1.18268
351.22246	1.17596
351.46352	1.16928
351.70458	1.16260
351.94564	1.15582
352.18669	1.14884
352.42775	1.14157
352.66881	1.13397
352.90987	1.12604
353.15093	1.11785
353.39199	1.10954
353.63305	1.10130
353.87411	1.09330
354.11516	1.08574
354.35622	1.07875
354.59728	1.07242
354.83834	1.06675
355.07940	1.06168
355.32046	1.05710
355.56152	1.05285
355.80257	1.04879
356.04363	1.04478
356.28469	1.04073
356.52575	1.03657
356.76681	1.03229
357.00787	1.02792
357.24893	1.02349
357.48999	1.01902
357.73104	1.01452
357.97210	1.00997
358.21316	1.00532
358.45422	1.00048
358.69528	0.99539
358.93634	0.98997
359.17740	0.98416
359.41845	0.97799
359.65951	0.97148
359.90057	0.96475
360.14163	0.95790
360.38269	0.95109
360.62375	0.94444
360.86481	0.93808
361.10586	0.93205
361.34692	0.92640
361.58798	0.92108
361.82904	0.91604
362.07010	0.91120
362.31116	0.90650
362.55222	0.90187
362.79328	0.89729
363.03433	0.89276
363.27539	0.88832
363.51645	0.88403
363.75751	0.87994
363.99857	0.87607
364.23963	0.87244
364.48069	0.86900
364.72174	0.86568
364.96280	0.86236
365.20386	0.85891
365.44492	0.85522
365.68598	0.85118
365.92704	0.84676
366.16810	0.84193
366.40916	0.83675
366.65021	0.83130
366.89127	0.82568
367.13233	0.82000
367.37339	0.81434
367.61445	0.80878
367.85551	0.80331
368.09657	0.79793
368.33762	0.79260
368.57868	0.78724
368.81974	0.78182
369.06080	0.77631
369.30186	0.77069
369.54292	0.76501
369.78398	0.75930
370.02504	0.75365
370.26609	0.74809
370.50715	0.74268
370.74821	0.73742
370.98927	0.73227
371.23033	0.72717
371.47139	0.72201
371.71245	0.71669
371.95350	0.71109
372.19456	0.70513
372.43562	0.69874
372.67668	0.69189
372.91774	0.68460
373.15880	0.67691
373.39986	0.66887
373.64091	0.66056
373.88197	0.65202
374.12303	0.64331
374.36409	0.63443
374.60515	0.62540
374.84621	0.61622
375.08727	0.60687
375.32833	0.59737
375.56938	0.58773
375.81044	0.57800
376.05150	0.56825
376.29256	0.55854
376.53362	0.54901
376.77468	0.53977
377.01574	0.53092
377.25679	0.52251
377.49785	0.51460
377.73891	0.50720
377.97997	0.50029
378.22103	0.49383
378.46209	0.48782
378.70315	0.48228
378.94421	0.47722
379.18526	0.47267
379.42632	0.46870
379.66738	0.46538
379.90844	0.46279
380.14950	0.46098
380.39056	0.46003
380.63162	0.45997
380.87267	0.46079
381.11373	0.46247
381.35479	0.46494
381.59585	0.46815
381.83691	0.47204
382.07797	0.47658
382.31903	0.48175
382.56009	0.48753
382.80114	0.49396
383.04220	0.50105
383.28326	0.50883
383.52432	0.51732
383.76538	0.52649
384.00644	0.53627
384.24750	0.54663
384.48855	0.55748
384.72961	0.56873
384.97067	0.58028
385.21173	0.59204
385.45279	0.60394
385.69385	0.61592
385.93491	0.62793
386.17596	0.64000
386.41702	0.65212
386.65808	0.66430
386.89914	0.67652
387.14020	0.68876
387.38126	0.70096
387.62232	0.71304
387.86338	0.72492
388.10443	0.73651
388.34549	0.74775
388.58655	0.75860
388.82761	0.76904
389.06867	0.77910
389.30973	0.78885
389.55079	0.79836
389.79184	0.80774
390.03290	0.81706
390.27396	0.82639
390.51502	0.83575
390.75608	0.84512
390.99714	0.85447
391.23820	0.86373
391.47926	0.87283
391.72031	0.88170
391.96137	0.89033
392.20243	0.89869
392.44349	0.90680
392.68455	0.91472
392.92561	0.92247
393.16667	0.93009
393.40772	0.93759
393.64878	0.94495
393.88984	0.95212
394.13090	0.95902
394.37196	0.96557
394.61302	0.97167
394.85408	0.97727
395.09514	0.98233
395.33619	0.98688
395.57725	0.99097
395.81831	0.99472
396.05937	0.99825
396.30043	1.00171
396.54149	1.00523
396.78255	1.00892
397.02360	1.01285
397.26466	1.01704
397.50572	1.02150
397.74678	1.02619
397.98784	1.03108
398.22890	1.03613
398.46996	1.04134
398.71102	1.04671
398.95207	1.05227
399.19313	1.05808
399.43419	1.06416
399.67525	1.07055
399.91631	1.07722
400.15737	1.08410
400.39843	1.09110
400.63948	1.09807
400.88054	1.10485
401.12160	1.11127
401.36266	1.11721
401.60372	1.12255
401.84478	1.12723
402.08584	1.13126
402.32689	1.13465
402.56795	1.13748
402.80901	1.13980
403.05007	1.14168
403.29113	1.14319
403.53219	1.14434
403.77325	1.14514
404.01431	1.14559
404.25536	1.14566
404.49642	1.14533
404.73748	1.14462
404.97854	1.14356
405.21960	1.14221
405.46066	1.14065
405.70172	1.13901
405.94277	1.13739
406.18383	1.13588
406.42489	1.13455
406.66595	1.13342
406.90701	1.13246
407.14807	1.13160
407.38913	1.13074
407.63019	1.12977
407.87124	1.12857
408.11230	1.12706
408.35336	1.12520
408.59442	1.12299
408.83548	1.12047
409.07654	1.11769
409.31760	1.11474
409.55865	1.11167
409.79971	1.10852
410.04077	1.10530
410.28183	1.10199
410.52289	1.09854
410.76395	1.09489
411.00501	1.09100
411.24607	1.08685
411.48712	1.08244
411.72818	1.07782
411.96924	1.07306
412.21030	1.06826
412.45136	1.06349
412.69242	1.05883
412.93348	1.05432
413.17453	1.04995
413.41559	1.04567
413.65665	1.04139
413.89771	1.03701
414.13877	1.03245
414.37983	1.02760
414.62089	1.02244
414.86194	1.01695
415.10300	1.01118
415.34406	1.00519
415.58512	0.99907
415.82618	0.99289
416.06724	0.98673
416.30830	0.98062
416.54936	0.97455
416.79041	0.96848
417.03147	0.96236
417.27253	0.95610
417.51359	0.94963
417.75465	0.94291
417.99571	0.93593
418.23677	0.92869
418.47782	0.92126
418.71888	0.91370
418.95994	0.90612
419.20100	0.89860
419.44206	0.89120
419.68312	0.88396
419.92418	0.87690
420.16524	0.86999
420.40629	0.86319
420.64735	0.85645
420.88841	0.84973
421.12947	0.84300
421.37053	0.83626
421.61159	0.82950
421.85265	0.82278
422.09370	0.81611
422.33476	0.80954
422.57582	0.80307
422.81688	0.79672
423.05794	0.79043
423.29900	0.78417
423.54006	0.77786
423.78112	0.77143
424.02217	0.76483
424.26323	0.75799
424.50429	0.75090
424.74535	0.74357
424.98641	0.73601
425.22747	0.72827
425.46853	0.72041
425.70958	0.71246
425.95064	0.70449
426.19170	0.69651
426.43276	0.68857
426.67382	0.68066
426.91488	0.67280
427.15594	0.66500
427.39699	0.65728
427.63805	0.64967
427.87911	0.64223
428.12017	0.63498
428.36123	0.62800
428.60229	0.62132
428.84335	0.61497
429.08441	0.60897
429.32546	0.60330
429.56652	0.59791
429.80758	0.59276
430.04864	0.58777
430.28970	0.58285
430.53076	0.57795
430.77182	0.57301
431.01287	0.56799
431.25393	0.56288
431.49499	0.55769
431.73605	0.55244
431.97711	0.54714
432.21817	0.54183
432.45923	0.53652
432.70029	0.53121
432.94134	0.52589
433.18240	0.52056
433.42346	0.51520
433.66452	0.50979
433.90558	0.50435
434.14664	0.49888
434.38770	0.49344
434.62875	0.48809
434.86981	0.48289
435.11087	0.47793
435.35193	0.47327
435.59299	0.46897
435.83405	0.46508
436.07511	0.46161
436.31617	0.45858
436.55722	0.45598
436.79828	0.45380
437.03934	0.45205
437.28040	0.45073
437.52146	0.44986
437.76252	0.44946
438.00358	0.44958
438.24463	0.45024
438.48569	0.45148
438.72675	0.45332
438.96781	0.45574
439.20887	0.45873
439.44993	0.46224
439.69099	0.46622
439.93204	0.47058
440.17310	0.47526
440.41416	0.48019
440.65522	0.48533
440.89628	0.49063
441.13734	0.49607
441.37840	0.50163
441.61946	0.50730
441.86051	0.51305
442.10157	0.51887
442.34263	0.52475
442.58369	0.53063
442.82475	0.53644
443.06581	0.54214
443.30687	0.54763
443.54792	0.55287
443.78898	0.55780
444.03004	0.56241
444.27110	0.56668
444.51216	0.57065
444.75322	0.57432
444.99428	0.57774
445.23534	0.58093
445.47639	0.58390
445.71745	0.58666
445.95851	0.58918
446.19957	0.59144
446.44063	0.59339
446.68169	0.59498
446.92275	0.59620
447.16380	0.59703
447.40486	0.59746
447.64592	0.59751
447.88698	0.59723
448.12804	0.59666
448.36910	0.59584
448.61016	0.59482
448.85122	0.59362
449.09227	0.59226
449.33333	0.59075
449.57439	0.58908
449.81545	0.58725
450.05651	0.58525
450.29757	0.58311
450.53863	0.58085
450.77968	0.57855
451.02074	0.57625
451.26180	0.57405
451.50286	0.57202
451.74392	0.57022
451.98498	0.56868
452.22604	0.56744
452.46710	0.56646
452.70815	0.56571
452.94921	0.56512
453.19027	0.56461
453.43133	0.56411
453.67239	0.56354
453.91345	0.56287
454.15451	0.56205
454.39556	0.56106
454.63662	0.55992
454.87768	0.55864
455.11874	0.55722
455.35980	0.55567
455.60086	0.55400
455.84192	0.55220
456.08297	0.55027
456.32403	0.54820
456.56509	0.54600
456.80615	0.54367
457.04721	0.54126
457.28827	0.53881
457.52933	0.53638
457.77039	0.53405
458.01144	0.53190
458.25250	0.52999
458.49356	0.52837
458.73462	0.52708
458.97568	0.52616
459.21674	0.52560
459.45780	0.52541
459.69885	0.52558
459.93991	0.52612
460.18097	0.52702
460.42203	0.52827
460.66309	0.52989
460.90415	0.53187
461.14521	0.53420
461.38627	0.53687
461.62732	0.53986
461.86838	0.54313
462.10944	0.54662
462.35050	0.55029
462.59156	0.55406
462.83262	0.55786
463.07368	0.56163
463.31473	0.56532
463.55579	0.56887
463.79685	0.57225
464.03791	0.57545
464.27897	0.57847
464.52003	0.58130
464.76109	0.58395
465.00215	0.58643
465.24320	0.58873
465.48426	0.59085
465.72532	0.59278
465.96638	0.59448
466.20744	0.59595
466.44850	0.59717
466.68956	0.59813
466.93061	0.59885
467.17167	0.59935
467.41273	0.59966
467.65379	0.59981
467.89485	0.59984
468.13591	0.59978
468.37697	0.59962
468.61802	0.59938
468.85908	0.59903
469.10014	0.59856
469.34120	0.59793
469.58226	0.59712
469.82332	0.59613
470.06438	0.59496
470.30544	0.59361
470.54649	0.59211
470.78755	0.59049
471.02861	0.58879
471.26967	0.58703
471.51073	0.58525
471.75179	0.58346
471.99285	0.58165
472.23390	0.57984
472.47496	0.57799
472.71602	0.57610
472.95708	0.57415
473.19814	0.57213
473.43920	0.57003
473.68026	0.56787
473.92132	0.56566
474.16237	0.56342
474.40343	0.56118
474.64449	0.55898
474.88555	0.55683
475.12661	0.55475
475.36767	0.55273
475.60873	0.55076
475.84978	0.54883
476.09084	0.54691
476.33190	0.54496
476.57296	0.54299
476.81402	0.54098
477.05508	0.53895
477.29614	0.53692
477.53720	0.53492
477.77825	0.53296
478.01931	0.53107
478.26037	0.52926
478.50143	0.52751
478.74249	0.52581
478.98355	0.52410
479.22461	0.52236
479.46566	0.52055
479.70672	0.51864
479.94778	0.51663
480.18884	0.51452
480.42990	0.51233
480.67096	0.51011
480.91202	0.50788
481.15307	0.50567
481.39413	0.50351
481.63519	0.50140
481.87625	0.49935
482.11731	0.49733
482.35837	0.49532
482.59943	0.49330
482.84049	0.49127
483.08154	0.48920
483.32260	0.48711
483.56366	0.48502
483.80472	0.48294
484.04578	0.48089
484.28684	0.47891
484.52790	0.47701
484.76895	0.47518
485.01001	0.47342
485.25107	0.47171
485.49213	0.47001
485.73319	0.46829
485.97425	0.46653
486.21531	0.46471
486.45637	0.46283
486.69742	0.46091
486.93848	0.45896
487.17954	0.45702
487.42060	0.45513
487.66166	0.45331
487.90272	0.45158
488.14378	0.44993
488.38483	0.44835
488.62589	0.44683
488.86695	0.44533
489.10801	0.44385
489.34907	0.44235
489.59013	0.44086
489.83119	0.43936
490.07225	0.43789
490.31330	0.43647
490.55436	0.43511
490.79542	0.43384
491.03648	0.43266
491.27754	0.43157
491.51860	0.43056
491.75966	0.42962
492.00071	0.42875
492.24177	0.42791
492.48283	0.42712
492.72389	0.42636
492.96495	0.42563
493.20601	0.42494
493.44707	0.42431
493.68812	0.42372
493.92918	0.42319
494.17024	0.42272
494.41130	0.42229
494.65236	0.42192
494.89342	0.42158
495.13448	0.42127
495.37554	0.42097
495.61659	0.42068
495.85765	0.42038
496.09871	0.42009
496.33977	0.41980
496.58083	0.41953
496.82189	0.41928
497.06295	0.41907
497.30400	0.41890
497.54506	0.41878
497.78612	0.41869
498.02718	0.41863
498.26824	0.41858
498.50930	0.41852
498.75036	0.41843
498.99142	0.41830
499.23247	0.41812
499.47353	0.41789
499.71459	0.41763
499.95565	0.41735
500.19671	0.41705
500.43777	0.41675
500.67883	0.41643
500.91988	0.41610
501.16094	0.41572
501.40200	0.41528
501.64306	0.41475
501.88412	0.41409
502.12518	0.41329
502.36624	0.41233
502.60730	0.41119
502.84835	0.40987
503.08941	0.40838
503.33047	0.40673
503.57153	0.40490
503.81259	0.40291
504.05365	0.40078
504.29471	0.39852
504.53576	0.39614
504.77682	0.39370
505.01788	0.39126
505.25894	0.38888
505.50000	0.38667
505.74106	0.38477
505.98212	0.38332
506.22318	0.38247
506.46423	0.38237
506.70529	0.38312
506.94635	0.38482
507.18741	0.38749
507.42847	0.39112
507.66953	0.39563
507.91059	0.40091
508.15164	0.40681
508.39270	0.41315
508.63376	0.41976
508.87482	0.42647
509.11588	0.43312
509.35694	0.43959
509.59800	0.44583
509.83905	0.45178
510.08011	0.45744
510.32117	0.46280
510.56223	0.46790
510.80329	0.47274
511.04435	0.47735
511.28541	0.48174
511.52647	0.48593
511.76752	0.48993
512.00858	0.49374
512.24964	0.49738
512.49070	0.50086
512.73176	0.50419
512.97282	0.50741
513.21388	0.51053
513.45493	0.51358
513.69599	0.51656
513.93705	0.51949
514.17811	0.52235
514.41917	0.52514
514.66023	0.52782
514.90129	0.53037
515.14235	0.53277
515.38340	0.53499
515.62446	0.53703
515.86552	0.53889
516.10658	0.54059
516.34764	0.54213
516.58870	0.54354
516.82976	0.54486
517.07081	0.54610
517.31187	0.54728
517.55293	0.54842
517.79399	0.54951
518.03505	0.55057
518.27611	0.55159
518.51717	0.55258
518.75823	0.55354
518.99928	0.55449
519.24034	0.55545
519.48140	0.55642
519.72246	0.55743
519.96352	0.55846
520.20458	0.55952
520.44564	0.56058
520.68669	0.56162
520.92775	0.56260
521.16881	0.56350
521.40987	0.56427
521.65093	0.56491
521.89199	0.56540
522.13305	0.56575
522.37410	0.56598
522.61516	0.56610
522.85622	0.56614
523.09728	0.56613
523.33834	0.56607
523.57940	0.56596
523.82046	0.56580
524.06152	0.56557
524.30257	0.56526
524.54363	0.56484
524.78469	0.56430
525.02575	0.56364
525.26681	0.56289
525.50787	0.56206
525.74893	0.56120
525.98998	0.56038
526.23104	0.55965
526.47210	0.55907
526.71316	0.55868
526.95422	0.55853
527.19528	0.55861
527.43634	0.55893
527.67740	0.55947
527.91845	0.56020
528.15951	0.56109
528.40057	0.56211
528.64163	0.56324
528.88269	0.56449
529.12375	0.56583
529.36481	0.56729
529.60586	0.56886
529.84692	0.57054
530.08798	0.57231
530.32904	0.57415
530.57010	0.57602
530.81116	0.57789
531.05222	0.57972
531.29328	0.58146
531.53433	0.58309
531.77539	0.58460
532.01645	0.58598
532.25751	0.58724
532.49857	0.58839
532.73963	0.58945
532.98069	0.59043
533.22174	0.59134
533.46280	0.59218
533.70386	0.59293
533.94492	0.59357
534.18598	0.59409
534.42704	0.59445
534.66810	0.59465
534.90915	0.59466
535.15021	0.59448
535.39127	0.59411
535.63233	0.59356
535.87339	0.59285
536.11445	0.59198
536.35551	0.59097
536.59657	0.58982
536.83762	0.58852
537.07868	0.58708
537.31974	0.58547
537.56080	0.58368
537.80186	0.58172
538.04292	0.57958
538.28398	0.57727
538.52503	0.57482
538.76609	0.57225
539.00715	0.56959
539.24821	0.56689
539.48927	0.56418
539.73033	0.56148
539.97139	0.55882
540.21245	0.55623
540.45350	0.55373
540.69456	0.55133
540.93562	0.54903
541.17668	0.54687
541.41774	0.54484
541.65880	0.54295
541.89986	0.54122
542.14091	0.53964
542.38197	0.53821
542.62303	0.53693
542.86409	0.53578
543.10515	0.53475
543.34621	0.53382
543.58727	0.53296
543.82833	0.53213
544.06938	0.53132
544.31044	0.53048
544.55150	0.52960
544.79256	0.52864
545.03362	0.52760
545.27468	0.52645
545.51574	0.52519
545.75679	0.52383
545.99785	0.52235
546.23891	0.52076
546.47997	0.51903
546.72103	0.51717
546.96209	0.51515
547.20315	0.51296
547.44421	0.51056
547.68526	0.50797
547.92632	0.50518
548.16738	0.50219
548.40844	0.49904
548.64950	0.49576
548.89056	0.49237
549.13162	0.48891
549.37267	0.48543
549.61373	0.48193
549.85479	0.47846
550.09585	0.47502
550.33691	0.47164
550.57797	0.46834
550.81903	0.46515
551.06008	0.46210
551.30114	0.45925
551.54220	0.45664
551.78326	0.45432
552.02432	0.45233
552.26538	0.45070
552.50644	0.44946
552.74750	0.44861
552.98855	0.44812
553.22961	0.44798
553.47067	0.44814
553.71173	0.44857
553.95279	0.44922
554.19385	0.45008
554.43491	0.45111
554.67596	0.45232
554.91702	0.45369
555.15808	0.45525
555.39914	0.45700
555.64020	0.45893
555.88126	0.46104
556.12232	0.46330
556.36338	0.46569
556.60443	0.46815
556.84549	0.47065
557.08655	0.47313
557.32761	0.47556
557.56867	0.47790
557.80973	0.48014
558.05079	0.48226
558.29184	0.48426
558.53290	0.48615
558.77396	0.48793
559.01502	0.48960
559.25608	0.49117
559.49714	0.49262
559.73820	0.49395
559.97926	0.49514
560.22031	0.49617
560.46137	0.49704
560.70243	0.49774
560.94349	0.49828
561.18455	0.49868
561.42561	0.49895
561.66667	0.49913
561.90772	0.49924
562.14878	0.49933
562.38984	0.49940
562.63090	0.49949
562.87196	0.49960
563.11302	0.49972
563.35408	0.49985
563.59513	0.50000
563.83619	0.50014
564.07725	0.50029
564.31831	0.50046
564.55937	0.50065
564.80043	0.50088
565.04149	0.50116
565.28255	0.50152
565.52360	0.50195
565.76466	0.50246
566.00572	0.50303
566.24678	0.50365
566.48784	0.50431
566.72890	0.50498
566.96996	0.50566
567.21101	0.50634
567.45207	0.50702
567.69313	0.50770
567.93419	0.50839
568.17525	0.50911
568.41631	0.50984
568.65737	0.51061
568.89843	0.51141
569.13948	0.51223
569.38054	0.51306
569.62160	0.51391
569.86266	0.51477
570.10372	0.51564
570.34478	0.51653
570.58584	0.51744
570.82689	0.51840
571.06795	0.51941
571.30901	0.52050
571.55007	0.52168
571.79113	0.52295
572.03219	0.52432
572.27325	0.52578
572.51431	0.52731
572.75536	0.52890
572.99642	0.53051
573.23748	0.53211
573.47854	0.53370
573.71960	0.53524
573.96066	0.53673
574.20172	0.53818
574.44277	0.53959
574.68383	0.54099
574.92489	0.54240
575.16595	0.54387
575.40701	0.54541
575.64807	0.54704
575.88913	0.54879
576.13018	0.55066
576.37124	0.55264
576.61230	0.55473
576.85336	0.55694
577.09442	0.55925
577.33548	0.56168
577.57654	0.56424
577.81760	0.56695
578.05865	0.56980
578.29971	0.57282
578.54077	0.57600
578.78183	0.57932
579.02289	0.58275
579.26395	0.58624
579.50501	0.58974
579.74606	0.59320
579.98712	0.59656
580.22818	0.59980
580.46924	0.60289
580.71030	0.60580
580.95136	0.60856
581.19242	0.61116
581.43348	0.61363
581.67453	0.61598
581.91559	0.61823
582.15665	0.62041
582.39771	0.62252
582.63877	0.62459
582.87983	0.62663
583.12089	0.62865
583.36194	0.63067
583.60300	0.63271
583.84406	0.63478
584.08512	0.63691
584.32618	0.63910
584.56724	0.64137
584.80830	0.64373
585.04936	0.64616
585.29041	0.64868
585.53147	0.65124
585.77253	0.65383
586.01359	0.65643
586.25465	0.65898
586.49571	0.66146
586.73677	0.66384
586.97782	0.66608
587.21888	0.66817
587.45994	0.67009
587.70100	0.67185
587.94206	0.67342
588.18312	0.67482
588.42418	0.67605
588.66523	0.67709
588.90629	0.67794
589.14735	0.67860
589.38841	0.67905
589.62947	0.67931
589.87053	0.67936
590.11159	0.67924
590.35265	0.67896
590.59370	0.67858
590.83476	0.67813
591.07582	0.67765
591.31688	0.67719
591.55794	0.67678
591.79900	0.67645
592.04006	0.67618
592.28111	0.67599
592.52217	0.67584
592.76323	0.67572
593.00429	0.67559
593.24535	0.67543
593.48641	0.67520
593.72747	0.67490
593.96853	0.67450
594.20958	0.67399
594.45064	0.67336
594.69170	0.67261
594.93276	0.67171
595.17382	0.67065
595.41488	0.66943
595.65594	0.66802
595.89699	0.66643
596.13805	0.66466
596.37911	0.66271
596.62017	0.66059
596.86123	0.65834
597.10229	0.65597
597.34335	0.65351
597.58441	0.65101
597.82546	0.64849
598.06652	0.64599
598.30758	0.64354
598.54864	0.64117
598.78970	0.63891
599.03076	0.63677
599.27182	0.63479
599.51287	0.63297
599.75393	0.63132
599.99499	0.62983
600.23605	0.62850
600.47711	0.62731
600.71817	0.62620
600.95923	0.62516
601.20029	0.62411
601.44134	0.62300
601.68240	0.62177
601.92346	0.62035
602.16452	0.61871
602.40558	0.61679
602.64664	0.61456
602.88770	0.61202
603.12875	0.60917
603.36981	0.60603
603.61087	0.60264
603.85193	0.59902
604.09299	0.59521
604.33405	0.59125
604.57511	0.58717
604.81616	0.58298
605.05722	0.57870
605.29828	0.57432
605.53934	0.56985
605.78040	0.56529
606.02146	0.56064
606.26252	0.55591
606.50358	0.55112
606.74463	0.54628
606.98569	0.54140
607.22675	0.53651
607.46781	0.53160
607.70887	0.52668
607.94993	0.52173
608.19099	0.51675
608.43204	0.51169
608.67310	0.50653
608.91416	0.50125
609.15522	0.49580
609.39628	0.49018
609.63734	0.48436
609.87840	0.47833
610.11946	0.47211
610.36051	0.46568
610.60157	0.45908
610.84263	0.45231
611.08369	0.44541
611.32475	0.43840
611.56581	0.43132
611.80687	0.42421
612.04792	0.41713
612.28898	0.41014
612.53004	0.40331
612.77110	0.39671
613.01216	0.39041
613.25322	0.38449
613.49428	0.37900
613.73534	0.37399
613.97639	0.36951
614.21745	0.36557
614.45851	0.36218
614.69957	0.35932
614.94063	0.35697
615.18169	0.35508
615.42275	0.35361
615.66380	0.35251
615.90486	0.35170
616.14592	0.35114
616.38698	0.35077
616.62804	0.35052
616.86910	0.35033
617.11016	0.35017
617.35121	0.34997
617.59227	0.34971
617.83333	0.34934
618.07439	0.34885
618.31545	0.34823
618.55651	0.34746
618.79757	0.34656
619.03863	0.34555
619.27968	0.34444
619.52074	0.34326
619.76180	0.34204
620.00286	0.34080
620.24392	0.33956
620.48498	0.33834
620.72604	0.33714
620.96709	0.33595
621.20815	0.33477
621.44921	0.33358
621.69027	0.33238
621.93133	0.33113
622.17239	0.32982
622.41345	0.32844
622.65451	0.32699
622.89556	0.32544
623.13662	0.32379
623.37768	0.32205
623.61874	0.32019
623.85980	0.31822
624.10086	0.31614
624.34192	0.31395
624.58297	0.31165
624.82403	0.30926
625.06509	0.30677
625.30615	0.30422
625.54721	0.30162
625.78827	0.29900
626.02933	0.29636
626.27039	0.29374
626.51144	0.29115
626.75250	0.28859
626.99356	0.28607
627.23462	0.28359
627.47568	0.28113
627.71674	0.27867
627.95780	0.27618
628.19885	0.27364
628.43991	0.27101
628.68097	0.26827
628.92203	0.26539
629.16309	0.26239
629.40415	0.25926
629.64521	0.25605
629.88626	0.25279
630.12732	0.24956
630.36838	0.24642
630.60944	0.24346
630.85050	0.24073
631.09156	0.23832
631.33262	0.23626
631.57368	0.23460
631.81473	0.23334
632.05579	0.23247
632.29685	0.23195
632.53791	0.23174
632.77897	0.23178
633.02003	0.23200
633.26109	0.23232
633.50214	0.23270
633.74320	0.23306
633.98426	0.23335
634.22532	0.23355
634.46638	0.23362
634.70744	0.23356
634.94850	0.23336
635.18956	0.23303
635.43061	0.23260
635.67167	0.23209
635.91273	0.23152
636.15379	0.23092
636.39485	0.23031
636.63591	0.22971
636.87697	0.22914
637.11802	0.22861
637.35908	0.22810
637.60014	0.22763
637.84120	0.22718
638.08226	0.22673
638.32332	0.22627
638.56438	0.22580
638.80544	0.22528
639.04649	0.22473
639.28755	0.22412
639.52861	0.22344
639.76967	0.22270
640.01073	0.22188
640.25179	0.22097
640.49285	0.21995
640.73390	0.21884
640.97496	0.21761
641.21602	0.21627
641.45708	0.21483
641.69814	0.21330
641.93920	0.21170
642.18026	0.21004
642.42132	0.20836
642.66237	0.20668
642.90343	0.20504
643.14449	0.20344
643.38555	0.20192
643.62661	0.20049
643.86767	0.19918
644.10873	0.19799
644.34978	0.19692
644.59084	0.19600
644.83190	0.19521
645.07296	0.19456
645.31402	0.19403
645.55508	0.19363
645.79614	0.19332
646.03719	0.19310
646.27825	0.19293
646.51931	0.19279
646.76037	0.19264
647.00143	0.19247
647.24249	0.19224
647.48355	0.19193
647.72461	0.19152
647.96566	0.19102
648.20672	0.19040
648.44778	0.18968
648.68884	0.18886
648.92990	0.18796
649.17096	0.18698
649.41202	0.18595
649.65307	0.18487
649.89413	0.18375
650.13519	0.18262
650.37625	0.18147
650.61731	0.18030
650.85837	0.17914
651.09943	0.17797
651.34049	0.17680
651.58154	0.17563
651.82260	0.17447
652.06366	0.17331
652.30472	0.17215
652.54578	0.17099
652.78684	0.16983
653.02790	0.16866
653.26895	0.16746
653.51001	0.16623
653.75107	0.16495
653.99213	0.16361
654.23319	0.16218
654.47425	0.16065
654.71531	0.15901
654.95637	0.15724
655.19742	0.15534
655.43848	0.15330
655.67954	0.15111
655.92060	0.14879
656.16166	0.14633
656.40272	0.14373
656.64378	0.14101
656.88483	0.13818
657.12589	0.13525
657.36695	0.13225
657.60801	0.12921
657.84907	0.12615
658.09013	0.12313
658.33119	0.12018
658.57224	0.11736
658.81330	0.11472
659.05436	0.11232
659.29542	0.11019
659.53648	0.10838
659.77754	0.10691
660.01860	0.10577
660.25966	0.10496
660.50071	0.10445
660.74177	0.10419
660.98283	0.10413
661.22389	0.10420
661.46495	0.10436
661.70601	0.10454
661.94707	0.10468
662.18812	0.10475
662.42918	0.10471
662.67024	0.10455
662.91130	0.10425
663.15236	0.10381
663.39342	0.10323
663.63448	0.10253
663.87554	0.10171
664.11659	0.10079
664.35765	0.09979
664.59871	0.09872
664.83977	0.09760
665.08083	0.09644
665.32189	0.09525
665.56295	0.09404
665.80400	0.09280
666.04506	0.09155
666.28612	0.09029
666.52718	0.08901
666.76824	0.08772
667.00930	0.08642
667.25036	0.08511
667.49142	0.08380
667.73247	0.08247
667.97353	0.08115
668.21459	0.07982
668.45565	0.07849
668.69671	0.07715
668.93777	0.07582
669.17883	0.07448
669.41988	0.07315
669.66094	0.07182
669.90200	0.07049
670.14306	0.06917
670.38412	0.06786
670.62518	0.06656
670.86624	0.06528
671.10729	0.06401
671.34835	0.06277
671.58941	0.06155
671.83047	0.06036
672.07153	0.05919
672.31259	0.05805
672.55365	0.05693
672.79471	0.05585
673.03576	0.05478
673.27682	0.05374
673.51788	0.05272
673.75894	0.05171
674.00000	0.05072
674.24106	0.04974
674.48212	0.04876
674.72317	0.04779
674.96423	0.04683
675.20529	0.04586
675.44635	0.04490
675.68741	0.04393
675.92847	0.04297
676.16953	0.04200
676.41059	0.04104
676.65164	0.04007
676.89270	0.03912
677.13376	0.03817
677.37482	0.03723
677.61588	0.03630
677.85694	0.03539
678.09800	0.03449
678.33905	0.03362
678.58011	0.03277
678.82117	0.03195
679.06223	0.03116
679.30329	0.03039
679.54435	0.02965
679.78541	0.02894
680.02647	0.02826
680.26752	0.02759
680.50858	0.02694
680.74964	0.02631
680.99070	0.02568
681.23176	0.02507
681.47282	0.02447
681.71388	0.02388
681.95493	0.02330
682.19599	0.02273
682.43705	0.02217
682.67811	0.02163
682.91917	0.02111
683.16023	0.02061
683.40129	0.02014
683.64234	0.01968
683.88340	0.01924
684.12446	0.01882
684.36552	0.01842
684.60658	0.01803
684.84764	0.01765
685.08870	0.01728
685.32976	0.01693
685.57081	0.01658
685.81187	0.01624
686.05293	0.01590
686.29399	0.01558
686.53505	0.01526
686.77611	0.01496
687.01717	0.01466
687.25822	0.01438
687.49928	0.01411
687.74034	0.01385
687.98140	0.01360
688.22246	0.01336
688.46352	0.01314
688.70458	0.01292
688.94564	0.01271
689.18669	0.01251
689.42775	0.01233
689.66881	0.01215
689.90987	0.01198
690.15093	0.01182
690.39199	0.01167
690.63305	0.01153
690.87410	0.01140
691.11516	0.01127
691.35622	0.01115
691.59728	0.01102
691.83834	0.01090
692.07940	0.01078
692.32046	0.01066
692.56152	0.01054
692.80257	0.01041
693.04363	0.01029
693.28469	0.01017
693.52575	0.01004
693.76681	0.00992
694.00787	0.00979
694.24893	0.00966
694.48998	0.00951
694.73104	0.00936
694.97210	0.00918
695.21316	0.00900
695.45422	0.00879
695.69528	0.00857
695.93634	0.00834
696.17740	0.00810
696.41845	0.00786
696.65951	0.00762
696.90057	0.00739
697.14163	0.00717
697.38269	0.00695
697.62375	0.00675
697.86481	0.00656
698.10586	0.00638
698.34692	0.00621
698.58798	0.00604
698.82904	0.00588
699.07010	0.00572
699.31116	0.00555
699.55222	0.00539
699.79327	0.00522
700.03433	0.00506
700.27539	0.00490
700.51645	0.00475
700.75751	0.00461
700.99857	0.00448
701.23963	0.00437
701.48069	0.00427
701.72174	0.00419
701.96280	0.00412
702.20386	0.00406
702.44492	0.00400
702.68598	0.00394
702.92704	0.00389
703.16810	0.00383
703.40915	0.00378
703.65021	0.00372
703.89127	0.00367
704.13233	0.00363
704.37339	0.00360
704.61445	0.00358
704.85551	0.00357
705.09657	0.00357
705.33762	0.00357
705.57868	0.00357
705.81974	0.00357
706.06080	0.00356
706.30186	0.00355
706.54292	0.00353
706.78398	0.00351
707.02503	0.00348
707.26609	0.00345
707.50715	0.00342
707.74821	0.00339
707.98927	0.00335
708.23033	0.00332
708.47139	0.00330
708.71245	0.00327
708.95350	0.00326
709.19456	0.00325
709.43562	0.00325
709.67668	0.00326
709.91774	0.00327
710.15880	0.00329
710.39986	0.00332
710.64091	0.00335
710.88197	0.00337
711.12303	0.00339
711.36409	0.00340
711.60515	0.00340
711.84621	0.00340
712.08727	0.00339
712.32832	0.00338
712.56938	0.00338
712.81044	0.00338
713.05150	0.00338
713.29256	0.00339
713.53362	0.00341
713.77468	0.00342
714.01574	0.00344
714.25679	0.00346
714.49785	0.00348
714.73891	0.00348
714.97997	0.00348
715.22103	0.00347
715.46209	0.00345
715.70315	0.00343
715.94420	0.00340
716.18526	0.00336
716.42632	0.00333
716.66738	0.00329
716.90844	0.00326
717.14950	0.00324
717.39056	0.00323
717.63162	0.00322
717.87267	0.00322
718.11373	0.00322
718.35479	0.00322
718.59585	0.00321
718.83691	0.00320
719.07797	0.00318
719.31903	0.00315
719.56008	0.00312
719.80114	0.00309
720.04220	0.00305
720.28326	0.00303
720.52432	0.00301
720.76538	0.00299
721.00644	0.00299
721.24750	0.00299
721.48855	0.00300
721.72961	0.00301
721.97067	0.00303
722.21173	0.00304
722.45279	0.00306
722.69385	0.00308
722.93491	0.00310
723.17596	0.00312
723.41702	0.00315
723.65808	0.00318
723.89914	0.00322
724.14020	0.00326
724.38126	0.00330
724.62232	0.00334
724.86337	0.00336
725.10443	0.00338
725.34549	0.00338
725.58655	0.00337
725.82761	0.00334
726.06867	0.00331
726.30973	0.00326
726.55079	0.00321
726.79184	0.00316
727.03290	0.00311
727.27396	0.00307
727.51502	0.00303
727.75608	0.00300
727.99714	0.00298
728.23820	0.00296
728.47925	0.00295
728.72031	0.00294
728.96137	0.00293
729.20243	0.00293
729.44349	0.00292
729.68455	0.00291
729.92561	0.00290
730.16667	0.00288
730.40772	0.00286
730.64878	0.00283
730.88984	0.00280
731.13090	0.00278
731.37196	0.00275
731.61302	0.00274
731.85408	0.00273
732.09513	0.00272
732.33619	0.00273
732.57725	0.00274
732.81831	0.00275
733.05937	0.00277
733.30043	0.00278
733.54149	0.00280
733.78255	0.00282
734.02360	0.00283
734.26466	0.00284
734.50572	0.00285
734.74678	0.00286
734.98784	0.00286
735.22890	0.00286
735.46996	0.00286
735.71101	0.00285
735.95207	0.00285
736.19313	0.00284
736.43419	0.00284
736.67525	0.00284
736.91631	0.00284
737.15737	0.00285
737.39842	0.00285
737.63948	0.00286
737.88054	0.00287
738.12160	0.00289
738.36266	0.00291
738.60372	0.00293
738.84478	0.00295
739.08584	0.00297
739.32689	0.00298
739.56795	0.00299
739.80901	0.00298
740.05007	0.00297
740.29113	0.00293
740.53219	0.00289
740.77325	0.00284
741.01430	0.00278
741.25536	0.00272
741.49642	0.00268
741.73748	0.00264
741.97854	0.00263
742.21960	0.00263
742.46066	0.00264
742.70172	0.00267
742.94277	0.00269
743.18383	0.00272
743.42489	0.00274
743.66595	0.00274
743.90701	0.00272
744.14807	0.00269
744.38913	0.00264
744.63018	0.00260
744.87124	0.00255
745.11230	0.00251
745.35336	0.00249
745.59442	0.00248
745.83548	0.00250
746.07654	0.00253
746.31760	0.00258
746.55865	0.00264
746.79971	0.00271
747.04077	0.00278
747.28183	0.00285
747.52289	0.00291
747.76395	0.00296
748.00501	0.00300
748.24606	0.00304
748.48712	0.00307
748.72818	0.00311
748.96924	0.00314
749.21030	0.00318
749.45136	0.00322
749.69242	0.00326
749.93348	0.00331
750.17453	0.00336
750.41559	0.00341
750.65665	0.00345
750.89771	0.00349
751.13877	0.00352
751.37983	0.00355
751.62089	0.00358
751.86194	0.00361
752.10300	0.00365
752.34406	0.00371
752.58512	0.00378
752.82618	0.00386
753.06724	0.00397
753.30830	0.00409
753.54935	0.00422
753.79041	0.00435
754.03147	0.00450
754.27253	0.00464
754.51359	0.00477
754.75465	0.00490
754.99571	0.00501
755.23677	0.00512
755.47782	0.00521
755.71888	0.00530
755.95994	0.00538
756.20100	0.00546
756.44206	0.00555
756.68312	0.00564
756.92418	0.00574
757.16523	0.00585
757.40629	0.00597
757.64735	0.00609
757.88841	0.00622
758.12947	0.00635
758.37053	0.00648
758.61159	0.00662
758.85265	0.00675
759.09370	0.00689
759.33476	0.00702
759.57582	0.00716
759.81688	0.00730
760.05794	0.00744
760.29900	0.00757
760.54006	0.00770
760.78111	0.00782
761.02217	0.00793
761.26323	0.00803
761.50429	0.00812
761.74535	0.00821
761.98641	0.00829
762.22747	0.00837
762.46853	0.00846
762.70958	0.00855
762.95064	0.00864
763.19170	0.00873
763.43276	0.00883
763.67382	0.00893
763.91488	0.00903
764.15594	0.00913
764.39699	0.00923
764.63805	0.00934
764.87911	0.00944
765.12017	0.00955
765.36123	0.00966
765.60229	0.00977
765.84335	0.00987
766.08440	0.00996
766.32546	0.01005
766.56652	0.01012
766.80758	0.01019
767.04864	0.01025
767.28970	0.01029
767.53076	0.01033
767.77182	0.01036
768.01287	0.01038
768.25393	0.01040
768.49499	0.01041
768.73605	0.01043
768.97711	0.01044
769.21817	0.01046
769.45923	0.01049
769.70028	0.01053
769.94134	0.01059
770.18240	0.01066
770.42346	0.01075
770.66452	0.01085
770.90558	0.01096
771.14664	0.01108
771.38770	0.01121
771.62875	0.01135
771.86981	0.01149
772.11087	0.01163
772.35193	0.01177
772.59299	0.01192
772.83405	0.01207
773.07511	0.01224
773.31616	0.01241
773.55722	0.01260
773.79828	0.01279
774.03934	0.01300
774.28040	0.01322
774.52146	0.01344
774.76252	0.01367
775.00358	0.01389
775.24463	0.01411
775.48569	0.01432
775.72675	0.01453
775.96781	0.01473
776.20887	0.01492
776.44993	0.01512
776.69099	0.01531
776.93204	0.01550
777.17310	0.01569
777.41416	0.01588
777.65522	0.01607
777.89628	0.01626
778.13734	0.01645
778.37840	0.01663
778.61945	0.01681
778.86051	0.01698
779.10157	0.01714
779.34263	0.01730
779.58369	0.01745
779.82475	0.01759
780.06581	0.01772
780.30687	0.01785
780.54792	0.01797
780.78898	0.01809
781.03004	0.01820
781.27110	0.01831
781.51216	0.01841
781.75322	0.01851
781.99428	0.01861
782.23533	0.01871
782.47639	0.01881
782.71745	0.01891
782.95851	0.01901
783.19957	0.01912
783.44063	0.01922
783.68169	0.01932
783.92275	0.01942
784.16380	0.01951
784.40486	0.01958
784.64592	0.01964
784.88698	0.01968
785.12804	0.01970
785.36910	0.01969
785.61016	0.01965
785.85121	0.01959
786.09227	0.01951
786.33333	0.01941
786.57439	0.01929
786.81545	0.01915
787.05651	0.01901
787.29757	0.01886
787.53863	0.01870
787.77968	0.01853
788.02074	0.01835
788.26180	0.01816
788.50286	0.01797
788.74392	0.01777
788.98498	0.01756
789.22604	0.01735
789.46709	0.01713
789.70815	0.01690
789.94921	0.01668
790.19027	0.01645
790.43133	0.01622
790.67239	0.01599
790.91345	0.01577
791.15451	0.01555
791.39556	0.01534
791.63662	0.01514
791.87768	0.01494
792.11874	0.01476
792.35980	0.01459
792.60086	0.01442
792.84192	0.01427
793.08297	0.01414
793.32403	0.01402
793.56509	0.01391
793.80615	0.01382
794.04721	0.01374
794.28827	0.01368
794.52933	0.01362
794.77038	0.01358
795.01144	0.01355
795.25250	0.01353
795.49356	0.01352
795.73462	0.01352
795.97568	0.01353
796.21674	0.01355
796.45780	0.01358
796.69885	0.01361
796.93991	0.01364
797.18097	0.01367
797.42203	0.01369
797.66309	0.01370
797.90415	0.01369
798.14521	0.01368
798.38626	0.01366
798.62732	0.01363
798.86838	0.01360
799.10944	0.01356
799.35050	0.01351
799.59156	0.01346
799.83262	0.01340
800.07368	0.01334
800.31473	0.01327
800.55579	0.01320
800.79685	0.01311
801.03791	0.01302
801.27897	0.01293
801.52003	0.01284
801.76109	0.01275
802.00214	0.01266
802.24320	0.01258
802.48426	0.01251
802.72532	0.01245
802.96638	0.01239
803.20744	0.01234
803.44850	0.01228
803.68956	0.01221
803.93061	0.01213
804.17167	0.01203
804.41273	0.01191
804.65379	0.01177
804.89485	0.01161
805.13591	0.01144
805.37697	0.01125
805.61802	0.01105
805.85908	0.01086
806.10014	0.01067
806.34120	0.01049
806.58226	0.01032
806.82332	0.01017
807.06438	0.01003
807.30543	0.00991
807.54649	0.00980
807.78755	0.00971
808.02861	0.00963
808.26967	0.00957
808.51073	0.00952
808.75179	0.00950
808.99285	0.00950
809.23390	0.00953
809.47496	0.00958
809.71602	0.00967
809.95708	0.00978
810.19814	0.00993
810.43920	0.01010
810.68026	0.01030
810.92131	0.01052
811.16237	0.01075
811.40343	0.01099
811.64449	0.01123
811.88555	0.01146
812.12661	0.01169
812.36767	0.01192
812.60873	0.01213
812.84978	0.01232
813.09084	0.01251
813.33190	0.01269
813.57296	0.01285
813.81402	0.01301
814.05508	0.01315
814.29614	0.01329
814.53719	0.01341
814.77825	0.01353
815.01931	0.01363
815.26037	0.01372
815.50143	0.01380
815.74249	0.01388
815.98355	0.01396
816.22461	0.01404
816.46566	0.01413
816.70672	0.01421
816.94778	0.01429
817.18884	0.01438
817.42990	0.01445
817.67096	0.01452
817.91202	0.01458
818.15307	0.01463
818.39413	0.01466
818.63519	0.01468
818.87625	0.01470
819.11731	0.01470
819.35837	0.01470
819.59943	0.01469
819.84048	0.01468
820.08154	0.01466
820.32260	0.01464
820.56366	0.01462
820.80472	0.01460
821.04578	0.01457
821.28684	0.01454
821.52790	0.01452
821.76895	0.01449
822.01001	0.01447
822.25107	0.01445
822.49213	0.01442
822.73319	0.01440
822.97425	0.01437
823.21531	0.01434
823.45636	0.01430
823.69742	0.01426
823.93848	0.01421
824.17954	0.01415
824.42060	0.01410
824.66166	0.01404
824.90272	0.01398
825.14378	0.01393
825.38483	0.01388
825.62589	0.01383
825.86695	0.01378
826.10801	0.01373
826.34907	0.01368
826.59013	0.01363
826.83119	0.01358
827.07224	0.01353
827.31330	0.01347
827.55436	0.01341
827.79542	0.01334
828.03648	0.01327
828.27754	0.01320
828.51860	0.01312
828.75966	0.01304
829.00071	0.01296
829.24177	0.01288
829.48283	0.01279
829.72389	0.01271
829.96495	0.01263
830.20601	0.01254
830.44707	0.01246
830.68812	0.01237
830.92918	0.01228
831.17024	0.01218
831.41130	0.01207
831.65236	0.01195
831.89342	0.01181
832.13448	0.01166
832.37553	0.01150
832.61659	0.01133
832.85765	0.01115
833.09871	0.01095
833.33977	0.01074
833.58083	0.01053
833.82189	0.01029
834.06295	0.01004
834.30400	0.00977
834.54506	0.00949
834.78612	0.00918
835.02718	0.00885
835.26824	0.00850
835.50930	0.00812
835.75036	0.00773
835.99141	0.00733
836.23247	0.00692
836.47353	0.00650
836.71459	0.00607
836.95565	0.00565
837.19671	0.00524
837.43777	0.00484
837.67883	0.00446
837.91988	0.00410
838.16094	0.00376
838.40200	0.00346
838.64306	0.00319
838.88412	0.00296
839.12518	0.00276
839.36624	0.00260
839.60729	0.00248
839.84835	0.00238
840.08941	0.00232
840.33047	0.00228
840.57153	0.00226
840.81259	0.00225
841.05365	0.00225
841.29471	0.00226
841.53576	0.00228
841.77682	0.00231
842.01788	0.00234
842.25894	0.00239
842.50000	0.00245
842.74106	0.00252
842.98212	0.00261
843.22317	0.00271
843.46423	0.00282
843.70529	0.00294
843.94635	0.00308
844.18741	0.00321
844.42847	0.00334
844.66953	0.00347
844.91059	0.00358
845.15164	0.00368
845.39270	0.00376
845.63376	0.00383
845.87482	0.00389
846.11588	0.00393
846.35694	0.00397
846.59800	0.00401
846.83905	0.00406
847.08011	0.00411
847.32117	0.00416
847.56223	0.00422
847.80329	0.00428
848.04435	0.00434
848.28541	0.00440
848.52646	0.00446
848.76752	0.00451
849.00858	0.00457
849.24964	0.00462
849.49070	0.00468
849.73176	0.00474
849.97282	0.00481
850.21388	0.00488
850.45493	0.00497
850.69599	0.00505
850.93705	0.00514
851.17811	0.00524
851.41917	0.00533
851.66023	0.00542
851.90129	0.00551
852.14234	0.00558
852.38340	0.00565
852.62446	0.00572
852.86552	0.00578
853.10658	0.00583
853.34764	0.00588
853.58870	0.00593
853.82976	0.00599
854.07081	0.00605
854.31187	0.00611
854.55293	0.00618
854.79399	0.00626
855.03505	0.00634
855.27611	0.00642
855.51717	0.00650
855.75822	0.00658
855.99928	0.00666
856.24034	0.00673
856.48140	0.00680
856.72246	0.00685
856.96352	0.00691
857.20458	0.00695
857.44564	0.00699
857.68669	0.00703
857.92775	0.00705
858.16881	0.00708
858.40987	0.00709
858.65093	0.00710
858.89199	0.00710
859.13305	0.00710
859.37410	0.00709
859.61516	0.00708
859.85622	0.00706
860.09728	0.00705
860.33834	0.00705
860.57940	0.00704
860.82046	0.00704
861.06151	0.00705
861.30257	0.00705
861.54363	0.00705
861.78469	0.00705
862.02575	0.00704
862.26681	0.00702
862.50787	0.00698
862.74893	0.00694
862.98998	0.00690
863.23104	0.00684
863.47210	0.00678
863.71316	0.00671
863.95422	0.00665
864.19528	0.00657
864.43634	0.00650
864.67739	0.00641
864.91845	0.00632
865.15951	0.00622
865.40057	0.00612
865.64163	0.00601
865.88269	0.00590
866.12375	0.00579
866.36481	0.00568
866.60586	0.00558
866.84692	0.00547
867.08798	0.00537
867.32904	0.00527
867.57010	0.00517
867.81116	0.00507
868.05222	0.00496
868.29327	0.00485
868.53433	0.00473
868.77539	0.00461
869.01645	0.00449
869.25751	0.00437
869.49857	0.00426
869.73963	0.00415
869.98069	0.00406
870.22174	0.00397
870.46280	0.00390
870.70386	0.00385
870.94492	0.00381
871.18598	0.00379
871.42704	0.00378
871.66810	0.00380
871.90915	0.00384
872.15021	0.00390
872.39127	0.00399
872.63233	0.00409
872.87339	0.00421
873.11445	0.00434
873.35551	0.00448
873.59656	0.00462
873.83762	0.00475
874.07868	0.00487
874.31974	0.00498
874.56080	0.00507
874.80186	0.00515
875.04292	0.00521
875.28398	0.00526
875.52503	0.00530
875.76609	0.00532
876.00715	0.00534
876.24821	0.00535
876.48927	0.00536
876.73033	0.00535
876.97139	0.00534
877.21244	0.00532
877.45350	0.00529
877.69456	0.00525
877.93562	0.00521
878.17668	0.00515
878.41774	0.00509
878.65880	0.00502
878.89986	0.00494
879.14091	0.00487
879.38197	0.00479
879.62303	0.00471
879.86409	0.00464
880.10515	0.00456
880.34621	0.00448
880.58727	0.00441
880.82832	0.00433
881.06938	0.00426
881.31044	0.00418
881.55150	0.00411
881.79256	0.00403
882.03362	0.00396
882.27468	0.00389
882.51574	0.00382
882.75679	0.00375
882.99785	0.00369
883.23891	0.00362
883.47997	0.00355
883.72103	0.00349
883.96209	0.00342
884.20315	0.00335
884.44420	0.00328
884.68526	0.00321
884.92632	0.00314
885.16738	0.00307
885.40844	0.00299
885.64950	0.00291
885.89056	0.00283
886.13161	0.00275
886.37267	0.00267
886.61373	0.00258
886.85479	0.00250
887.09585	0.00241
887.33691	0.00233
887.57797	0.00226
887.81903	0.00219
888.06008	0.00213
888.30114	0.00207
888.54220	0.00202
888.78326	0.00197
889.02432	0.00193
889.26538	0.00189
889.50644	0.00185
889.74749	0.00182
889.98855	0.00179
890.22961	0.00176
890.47067	0.00172
890.71173	0.00169
890.95279	0.00166
891.19385	0.00162
891.43491	0.00159
891.67596	0.00155
891.91702	0.00151
892.15808	0.00147
892.39914	0.00144
892.64020	0.00141
892.88126	0.00137
893.12232	0.00135
893.36337	0.00132
893.60443	0.00129
893.84549	0.00127
894.08655	0.00124
894.32761	0.00120
894.56867	0.00116
894.80973	0.00112
895.05079	0.00107
895.29184	0.00102
895.53290	0.00097
895.77396	0.00092
896.01502	0.00087
896.25608	0.00083
896.49714	0.00079
896.73820	0.00076
896.97925	0.00074
897.22031	0.00072
897.46137	0.00070
897.70243	0.00069
897.94349	0.00068
898.18455	0.00067
898.42561	0.00066
898.66667	0.00066
898.90772	0.00067
899.14878	0.00067
899.38984	0.00068
899.63090	0.00069
