0.00000	0.01009
0.24106	0.01028
0.48212	0.01084
0.72318	0.01172
0.96423	0.01282
1.20529	0.01406
1.44635	0.01533
1.68741	0.01656
1.92847	0.01767
2.16953	0.01860
2.41059	0.01936
2.65165	0.01998
2.89270	0.02045
3.13376	0.02078
3.37482	0.02100
3.61588	0.02112
3.85694	0.02117
4.09800	0.02118
4.33906	0.02117
4.58011	0.02117
4.82117	0.02119
5.06223	0.02123
5.30329	0.02128
5.54435	0.02131
5.78541	0.02128
6.02647	0.02116
6.26753	0.02094
6.50858	0.02061
6.74964	0.02020
6.99070	0.01975
7.23176	0.01930
7.47282	0.01891
7.71388	0.01863
7.95494	0.01847
8.19599	0.01844
8.43705	0.01852
8.67811	0.01867
8.91917	0.01886
9.16023	0.01904
9.40129	0.01921
9.64235	0.01934
9.88340	0.01944
10.12446	0.01955
10.36552	0.01972
10.60658	0.01998
10.84764	0.02036
11.08870	0.02086
11.32976	0.02146
11.57082	0.02211
11.81187	0.02274
12.05293	0.02322
12.29399	0.02345
12.53505	0.02333
12.77611	0.02280
13.01717	0.02184
13.25823	0.02047
13.49928	0.01879
13.74034	0.01679
13.98140	0.01482
14.22246	0.01310
14.46352	0.01183
14.70458	0.01114
14.94564	0.01111
15.18670	0.01170
15.42775	0.01279
15.66881	0.01421
15.90987	0.01574
16.15093	0.01718
16.39199	0.01838
16.63305	0.01919
16.87411	0.01957
17.11516	0.01952
17.35622	0.01907
17.59728	0.01831
17.83834	0.01738
18.07940	0.01636
18.32046	0.01530
18.56152	0.01426
18.80258	0.01326
19.04363	0.01230
19.28469	0.01138
19.52575	0.01015
19.76681	0.00867
20.00787	0.00710
20.24893	0.00557
20.48999	0.00425
20.73104	0.00325
20.97210	0.00266
21.21316	0.00254
21.45422	0.00309
21.69528	0.00399
21.93634	0.00524
22.17740	0.00680
22.41845	0.00860
22.65951	0.01057
22.90057	0.01259
23.14163	0.01456
23.38269	0.01657
23.62375	0.01851
23.86481	0.02037
24.10587	0.02217
24.34692	0.02394
24.58798	0.02569
24.82904	0.02743
25.07010	0.02916
25.31116	0.03086
25.55222	0.03251
25.79328	0.03407
26.03433	0.03553
26.27539	0.03687
26.51645	0.03813
26.75751	0.03937
26.99857	0.04065
27.23963	0.04207
27.48069	0.04375
27.72175	0.04580
27.96280	0.04830
28.20386	0.05128
28.44492	0.05475
28.68598	0.05868
28.92704	0.06299
29.16810	0.06761
29.40916	0.07246
29.65021	0.07747
29.89127	0.08259
30.13233	0.08775
30.37339	0.09294
30.61445	0.09808
30.85551	0.10311
31.09657	0.10795
31.33763	0.11248
31.57868	0.11660
31.81974	0.12022
32.06080	0.12326
32.30186	0.12572
32.54292	0.12766
32.78398	0.12918
33.02504	0.13045
33.26609	0.13168
33.50715	0.13311
33.74821	0.13497
33.98927	0.13747
34.23033	0.14077
34.47139	0.14495
34.71245	0.15006
34.95350	0.15603
35.19456	0.16276
35.43562	0.17014
35.67668	0.17805
35.91774	0.18645
36.15880	0.19539
36.39986	0.20501
36.64092	0.21557
36.88197	0.22736
37.12303	0.24065
37.36409	0.25562
37.60515	0.27226
37.84621	0.29028
38.08727	0.30915
38.32833	0.32812
38.56938	0.34629
38.81044	0.36274
39.05150	0.37667
39.29256	0.38751
39.53362	0.39508
39.77468	0.39953
40.01574	0.40139
40.25680	0.40143
40.49785	0.40058
40.73891	0.39975
40.97997	0.39974
41.22103	0.40114
41.46209	0.40425
41.70315	0.40911
41.94421	0.41557
42.18526	0.42335
42.42632	0.43214
42.66738	0.44169
42.90844	0.45188
43.14950	0.46267
43.39056	0.47414
43.63162	0.48636
43.87268	0.49939
44.11373	0.51309
44.35479	0.52719
44.59585	0.54118
44.83691	0.55439
45.07797	0.56609
45.31903	0.57555
45.56009	0.58224
45.80114	0.58586
46.04220	0.58647
46.28326	0.58452
46.52432	0.58076
46.76538	0.57622
47.00644	0.57201
47.24750	0.56924
47.48855	0.56882
47.72961	0.57142
47.97067	0.57735
48.21173	0.58665
48.45279	0.59909
48.69385	0.61432
48.93491	0.63201
49.17597	0.65192
49.41702	0.67404
49.65808	0.69859
49.89914	0.72596
50.14020	0.75663
50.38126	0.79101
50.62232	0.82924
50.86338	0.87112
51.10443	0.91594
51.34549	0.96254
51.58655	1.00940
51.82761	1.05479
52.06867	1.09702
52.30973	1.13468
52.55079	1.16682
52.79185	1.19311
53.03290	1.21381
53.27396	1.22970
53.51502	1.24189
53.75608	1.25159
53.99714	1.25989
54.23820	1.26759
54.47926	1.27509
54.72031	1.28249
54.96137	1.28964
55.20243	1.29637
55.44349	1.30272
55.68455	1.30908
55.92561	1.31629
56.16667	1.32562
56.40773	1.33861
56.64878	1.35680
56.88984	1.38143
57.13090	1.41313
57.37196	1.45173
57.61302	1.49613
57.85408	1.54443
58.09514	1.59410
58.33619	1.64240
58.57725	1.68678
58.81831	1.72522
59.05937	1.75656
59.30043	1.78059
59.54149	1.79800
59.78255	1.81011
60.02361	1.81854
60.26466	1.82481
60.50572	1.83000
60.74678	1.83450
60.98784	1.83802
61.22890	1.83972
61.46996	1.83851
61.71102	1.83341
61.95207	1.82392
62.19313	1.81034
62.43419	1.79380
62.67525	1.77623
62.91631	1.76009
63.15737	1.74796
63.39843	1.74212
63.63948	1.74413
63.88054	1.75462
64.12160	1.77310
64.36266	1.79814
64.60372	1.82758
64.84478	1.85893
65.08584	1.88975
65.32690	1.91805
65.56795	1.94247
65.80901	1.96240
66.05007	1.97792
66.29113	1.98952
66.53219	1.99787
66.77325	2.00347
67.01431	2.00642
67.25536	2.00636
67.49642	2.00239
67.73748	1.99337
67.97854	1.97805
68.21960	1.95552
68.46066	1.92537
68.70172	1.88800
68.94278	1.84459
69.18383	1.79708
69.42489	1.74791
69.66595	1.69968
69.90701	1.65488
70.14807	1.61549
70.38913	1.58279
70.63019	1.55725
70.87124	1.53857
71.11230	1.52591
71.35336	1.51813
71.59442	1.51413
71.83548	1.51309
72.07654	1.51463
72.31760	1.51891
72.55866	1.52645
72.79971	1.53795
73.04077	1.55399
73.28183	1.57472
73.52289	1.59958
73.76395	1.62733
74.00501	1.65596
74.24607	1.68297
74.48712	1.70569
74.72818	1.72166
74.96924	1.72903
75.21030	1.72685
75.45136	1.71522
75.69242	1.69531
75.93348	1.66916
76.17453	1.63944
76.41559	1.60902
76.65665	1.58069
76.89771	1.55679
77.13877	1.53902
77.37983	1.52839
77.62089	1.52523
77.86195	1.52934
78.10300	1.54023
78.34406	1.55728
78.58512	1.57998
78.82618	1.60803
79.06724	1.64130
79.30830	1.67980
79.54936	1.72348
79.79041	1.77203
80.03147	1.82464
80.27253	1.87992
80.51359	1.93585
80.75465	1.98987
80.99571	2.03920
81.23677	2.08111
81.47783	2.11339
81.71888	2.13463
81.95994	2.14451
82.20100	2.14384
82.44206	2.13450
82.68312	2.11910
82.92418	2.10059
83.16524	2.08185
83.40629	2.06525
83.64735	2.05240
83.88841	2.04402
84.12947	2.04002
84.37053	2.03978
84.61159	2.04246
84.85265	2.04738
85.09371	2.05431
85.33476	2.06362
85.57582	2.07629
85.81688	2.09367
86.05794	2.11719
86.29900	2.14790
86.54006	2.18616
86.78112	2.23128
87.02217	2.28149
87.26323	2.33400
87.50429	2.38539
87.74535	2.43199
87.98641	2.47048
88.22747	2.49840
88.46853	2.51444
88.70958	2.51872
88.95064	2.51261
89.19170	2.49845
89.43276	2.47909
89.67382	2.45739
89.91488	2.43568
90.15594	2.41548
90.39700	2.39736
90.63805	2.38103
90.87911	2.36569
91.12017	2.35040
91.36123	2.33453
91.60229	2.31810
91.84335	2.30195
92.08441	2.28770
92.32546	2.27752
92.56652	2.27373
92.80758	2.27832
93.04864	2.29249
93.28970	2.31640
93.53076	2.34897
93.77182	2.38800
94.01288	2.43047
94.25393	2.47295
94.49499	2.51218
94.73605	2.54543
94.97711	2.57099
95.21817	2.58823
95.45923	2.59762
95.70029	2.60047
95.94134	2.59857
96.18240	2.59371
96.42346	2.58735
96.66452	2.58025
96.90558	2.57242
97.14664	2.56320
97.38770	2.55150
97.62876	2.53619
97.86981	2.51653
98.11087	2.49244
98.35193	2.46477
98.59299	2.43526
98.83405	2.40639
99.07511	2.38097
99.31617	2.36175
99.55722	2.35096
99.79828	2.34996
100.03934	2.35902
100.28040	2.37734
100.52146	2.40321
100.76252	2.43432
101.00358	2.46822
101.24464	2.50269
101.48569	2.53604
101.72675	2.56730
101.96781	2.59624
102.20887	2.62316
102.44993	2.64863
102.69099	2.67319
102.93205	2.69698
103.17310	2.71961
103.41416	2.74003
103.65522	2.75673
103.89628	2.76793
104.13734	2.77201
104.37840	2.76782
104.61946	2.75508
104.86051	2.73448
105.10157	2.70774
105.34263	2.67741
105.58369	2.64654
105.82475	2.61822
106.06581	2.59512
106.30687	2.57919
106.54793	2.57133
106.78898	2.57145
107.03004	2.57862
107.27110	2.59133
107.51216	2.60799
107.75322	2.62728
107.99428	2.64846
108.23534	2.67154
108.47639	2.69718
108.71745	2.72649
108.95851	2.76064
109.19957	2.80041
109.44063	2.84586
109.68169	2.89602
109.92275	2.94891
110.16381	3.00170
110.40486	3.05106
110.64592	3.09371
110.88698	3.12689
111.12804	3.14883
111.36910	3.15905
111.61016	3.15841
111.85122	3.14893
112.09227	3.13344
112.33333	3.11505
112.57439	3.09669
112.81545	3.08062
113.05651	3.06818
113.29757	3.05970
113.53863	3.05468
113.77969	3.05212
114.02074	3.05094
114.26180	3.05043
114.50286	3.05057
114.74392	3.05220
114.98498	3.05695
115.22604	3.06696
115.46710	3.08442
115.70815	3.11105
115.94921	3.14765
116.19027	3.19372
116.43133	3.24741
116.67239	3.30564
116.91345	3.36453
117.15451	3.41995
117.39556	3.46816
117.63662	3.50637
117.87768	3.53311
118.11874	3.54836
118.35980	3.55341
118.60086	3.55050
118.84192	3.54226
119.08298	3.53120
119.32403	3.51920
119.56509	3.50731
119.80615	3.49561
120.04721	3.48347
120.28827	3.46991
120.52933	3.45402
120.77039	3.43545
121.01144	3.41468
121.25250	3.39319
121.49356	3.37332
121.73462	3.35797
121.97568	3.35015
122.21674	3.35244
122.45780	3.36651
122.69886	3.39282
122.93991	3.43048
123.18097	3.47734
123.42203	3.53037
123.66309	3.58610
123.90415	3.64115
124.14521	3.69277
124.38627	3.73915
124.62732	3.77955
124.86838	3.81424
125.10944	3.84417
125.35050	3.87057
125.59156	3.89445
125.83262	3.91626
126.07368	3.93562
126.31474	3.95133
126.55579	3.96158
126.79685	3.96437
127.03791	3.95797
127.27897	3.94146
127.52003	3.91509
127.76109	3.88043
128.00215	3.84034
128.24320	3.79862
128.48426	3.75954
128.72532	3.72717
128.96638	3.70483
129.20744	3.69458
129.44850	3.69690
129.68956	3.71077
129.93061	3.73380
130.17167	3.76279
130.41273	3.79422
130.65379	3.82491
130.89485	3.85245
131.13591	3.87555
131.37697	3.89399
131.61803	3.90851
131.85908	3.92035
132.10014	3.93075
132.34120	3.94047
132.58226	3.94948
132.82332	3.95675
133.06438	3.96043
133.30544	3.95816
133.54649	3.94759
133.78755	3.92690
134.02861	3.89529
134.26967	3.85323
134.51073	3.80258
134.75179	3.74629
134.99285	3.68807
135.23391	3.63174
135.47496	3.58072
135.71602	3.53749
135.95708	3.50337
136.19814	3.47840
136.43920	3.46156
136.68026	3.45105
136.92132	3.44484
137.16237	3.44110
137.40343	3.43856
137.64449	3.43673
137.88555	3.43589
138.12661	3.43691
138.36767	3.44088
138.60873	3.44871
138.84979	3.46074
139.09084	3.47647
139.33190	3.49445
139.57296	3.51244
139.81402	3.52767
140.05508	3.53730
140.29614	3.53889
140.53720	3.53083
140.77825	3.51261
141.01931	3.48493
141.26037	3.44955
141.50143	3.40902
141.74249	3.36620
141.98355	3.32383
142.22461	3.28415
142.46566	3.24857
142.70672	3.21767
142.94778	3.19121
143.18884	3.16842
143.42990	3.14836
143.67096	3.13020
143.91202	3.11354
144.15308	3.09853
144.39413	3.08590
144.63519	3.07676
144.87625	3.07235
145.11731	3.07368
145.35837	3.08125
145.59943	3.09477
145.84049	3.11310
146.08154	3.13432
146.32260	3.15597
146.56366	3.17536
146.80472	3.19002
147.04578	3.19804
147.28684	3.19835
147.52790	3.19086
147.76896	3.17639
148.01001	3.15645
148.25107	3.13295
148.49213	3.10775
148.73319	3.08238
148.97425	3.05771
149.21531	3.03395
149.45637	3.01067
149.69742	2.98706
149.93848	2.96220
150.17954	2.93545
150.42060	2.90671
150.66166	2.87657
150.90272	2.84628
151.14378	2.81762
151.38484	2.79257
151.62589	2.77293
151.86695	2.75997
152.10801	2.75416
152.34907	2.75504
152.59013	2.76127
152.83119	2.77083
153.07225	2.78135
153.31330	2.79054
153.55436	2.79651
153.79542	2.79809
154.03648	2.79489
154.27754	2.78732
154.51860	2.77635
154.75966	2.76323
155.00072	2.74917
155.24177	2.73503
155.48283	2.72112
155.72389	2.70719
155.96495	2.69253
156.20601	2.67615
156.44707	2.65710
156.68813	2.63476
156.92918	2.60905
157.17024	2.58056
157.41130	2.55051
157.65236	2.52062
157.89342	2.49282
158.13448	2.46896
158.37554	2.45050
158.61659	2.43831
158.85765	2.43251
159.09871	2.43248
159.33977	2.43702
159.58083	2.44457
159.82189	2.45346
160.06295	2.46226
160.30401	2.46995
160.54506	2.47604
160.78612	2.48060
161.02718	2.48415
161.26824	2.48744
161.50930	2.49119
161.75036	2.49589
161.99142	2.50158
162.23247	2.50782
162.47353	2.51372
162.71459	2.51811
162.95565	2.51980
163.19671	2.51783
163.43777	2.51172
163.67883	2.50161
163.91989	2.48829
164.16094	2.47312
164.40200	2.45779
164.64306	2.44401
164.88412	2.43327
165.12518	2.42656
165.36624	2.42422
165.60730	2.42593
165.84835	2.43079
166.08941	2.43757
166.33047	2.44497
166.57153	2.45189
166.81259	2.45767
167.05365	2.46217
167.29471	2.46581
167.53577	2.46939
167.77682	2.47391
168.01788	2.48024
168.25894	2.48894
168.50000	2.49999
168.74106	2.51278
168.98212	2.52616
169.22318	2.53861
169.46423	2.54855
169.70529	2.55460
169.94635	2.55588
170.18741	2.55219
170.42847	2.54405
170.66953	2.53261
170.91059	2.51947
171.15164	2.50636
171.39270	2.49486
171.63376	2.48616
171.87482	2.48085
172.11588	2.47893
172.35694	2.47986
172.59800	2.48274
172.83906	2.48656
173.08011	2.49047
173.32117	2.49392
173.56223	2.49683
173.80329	2.49955
174.04435	2.50279
174.28541	2.50741
174.52647	2.51421
174.76752	2.52369
175.00858	2.53592
175.24964	2.55040
175.49070	2.56616
175.73176	2.58188
175.97282	2.59611
176.21388	2.60750
176.45494	2.61511
176.69599	2.61854
176.93705	2.61801
177.17811	2.61430
177.41917	2.60862
177.66023	2.60234
177.90129	2.59672
178.14235	2.59270
178.38340	2.59071
178.62446	2.59065
178.86552	2.59199
179.10658	2.59389
179.34764	2.59554
179.58870	2.59632
179.82976	2.59607
180.07082	2.59512
180.31187	2.59432
180.55293	2.59490
180.79399	2.59817
181.03505	2.60532
181.27611	2.61714
181.51717	2.63381
181.75823	2.65481
181.99928	2.67899
182.24034	2.70475
182.48140	2.73023
182.72246	2.75369
182.96352	2.77374
183.20458	2.78956
183.44564	2.80105
183.68669	2.80874
183.92775	2.81372
184.16881	2.81731
184.40987	2.82088
184.65093	2.82548
184.89199	2.83172
185.13305	2.83965
185.37411	2.84876
185.61516	2.85822
185.85622	2.86705
186.09728	2.87440
186.33834	2.87982
186.57940	2.88339
186.82046	2.88576
187.06152	2.88806
187.30257	2.89167
187.54363	2.89798
187.78469	2.90809
188.02575	2.92255
188.26681	2.94127
188.50787	2.96345
188.74893	2.98778
188.98999	3.01262
189.23104	3.03631
189.47210	3.05749
189.71316	3.07531
189.95422	3.08956
190.19528	3.10067
190.43634	3.10957
190.67740	3.11743
190.91845	3.12539
191.15951	3.13427
191.40057	3.14436
191.64163	3.15536
191.88269	3.16642
192.12375	3.17636
192.36481	3.18390
192.60587	3.18799
192.84692	3.18810
193.08798	3.18434
193.32904	3.17750
193.57010	3.16895
193.81116	3.16039
194.05222	3.15354
194.29328	3.14983
194.53433	3.15012
194.77539	3.15459
195.01645	3.16269
195.25751	3.17333
195.49857	3.18510
195.73963	3.19655
195.98069	3.20653
196.22174	3.21437
196.46280	3.22001
196.70386	3.22396
196.94492	3.22716
197.18598	3.23070
197.42704	3.23560
197.66810	3.24250
197.90916	3.25149
198.15021	3.26206
198.39127	3.27315
198.63233	3.28337
198.87339	3.29123
199.11445	3.29546
199.35551	3.29526
199.59657	3.29048
199.83762	3.28165
200.07868	3.26989
200.31974	3.25674
200.56080	3.24385
200.80186	3.23270
201.04292	3.22434
201.28398	3.21922
201.52504	3.21714
201.76609	3.21739
202.00715	3.21885
202.24821	3.22033
202.48927	3.22078
202.73033	3.21954
202.97139	3.21642
203.21245	3.21177
203.45350	3.20634
203.69456	3.20109
203.93562	3.19696
204.17668	3.19464
204.41774	3.19439
204.65880	3.19596
204.89986	3.19857
205.14092	3.20113
205.38197	3.20236
205.62303	3.20109
205.86409	3.19647
206.10515	3.18816
206.34621	3.17638
206.58727	3.16188
206.82833	3.14579
207.06938	3.12940
207.31044	3.11390
207.55150	3.10016
207.79256	3.08856
208.03362	3.07895
208.27468	3.07073
208.51574	3.06294
208.75680	3.05456
208.99785	3.04470
209.23891	3.03282
209.47997	3.01884
209.72103	3.00316
209.96209	2.98656
210.20315	2.97002
210.44421	2.95449
210.68526	2.94070
210.92632	2.92895
211.16738	2.91907
211.40844	2.91043
211.64950	2.90207
211.89056	2.89290
212.13162	2.88193
212.37267	2.86846
212.61373	2.85223
212.85479	2.83349
213.09585	2.81290
213.33691	2.79144
213.57797	2.77018
213.81903	2.75009
214.06009	2.73185
214.30114	2.71572
214.54220	2.70153
214.78326	2.68873
215.02432	2.67655
215.26538	2.66415
215.50644	2.65084
215.74750	2.63623
215.98855	2.62030
216.22961	2.60343
216.47067	2.58630
216.71173	2.56977
216.95279	2.55466
217.19385	2.54164
217.43491	2.53101
217.67597	2.52270
217.91702	2.51625
218.15808	2.51088
218.39914	2.50567
218.64020	2.49973
218.88126	2.49233
219.12232	2.48309
219.36338	2.47196
219.60443	2.45928
219.84549	2.44565
220.08655	2.43178
220.32761	2.41836
220.56867	2.40588
220.80973	2.39456
221.05079	2.38426
221.29185	2.37457
221.53290	2.36491
221.77396	2.35463
222.01502	2.34325
222.25608	2.33053
222.49714	2.31659
222.73820	2.30190
222.97926	2.28721
223.22031	2.27344
223.46137	2.26148
223.70243	2.25201
223.94349	2.24540
224.18455	2.24161
224.42561	2.24019
224.66667	2.24036
224.90772	2.24114
225.14878	2.24156
225.38984	2.24079
225.63090	2.23829
225.87196	2.23389
226.11302	2.22780
226.35408	2.22051
226.59514	2.21266
226.83619	2.20492
227.07725	2.19782
227.31831	2.19162
227.55937	2.18631
227.80043	2.18156
228.04149	2.17688
228.28255	2.17169
228.52360	2.16547
228.76466	2.15794
229.00572	2.14908
229.24678	2.13919
229.48784	2.12884
229.72890	2.11878
229.96996	2.10978
230.21102	2.10249
230.45207	2.09732
230.69313	2.09438
230.93419	2.09343
231.17525	2.09396
231.41631	2.09528
231.65737	2.09667
231.89843	2.09749
232.13948	2.09729
232.38054	2.09589
232.62160	2.09339
232.86266	2.09010
233.10372	2.08642
233.34478	2.08279
233.58584	2.07951
233.82690	2.07668
234.06795	2.07415
234.30901	2.07159
234.55007	2.06849
234.79113	2.06432
235.03219	2.05863
235.27325	2.05119
235.51431	2.04205
235.75536	2.03154
235.99642	2.02030
236.23748	2.00912
236.47854	1.99886
236.71960	1.99028
236.96066	1.98394
237.20172	1.98010
237.44277	1.97870
237.68383	1.97940
237.92489	1.98163
238.16595	1.98476
238.40701	1.98818
238.64807	1.99144
238.88913	1.99428
239.13019	1.99671
239.37124	1.99889
239.61230	2.00112
239.85336	2.00370
240.09442	2.00684
240.33548	2.01057
240.57654	2.01469
240.81760	2.01881
241.05865	2.02241
241.29971	2.02490
241.54077	2.02580
241.78183	2.02479
242.02289	2.02184
242.26395	2.01719
242.50501	2.01134
242.74607	2.00501
242.98712	1.99896
243.22818	1.99395
243.46924	1.99051
243.71030	1.98898
243.95136	1.98938
244.19242	1.99150
244.43348	1.99493
244.67453	1.99921
244.91559	2.00389
245.15665	2.00869
245.39771	2.01353
245.63877	2.01855
245.87983	2.02408
246.12089	2.03052
246.36195	2.03827
246.60300	2.04756
246.84406	2.05840
247.08512	2.07051
247.32618	2.08334
247.56724	2.09615
247.80830	2.10810
248.04936	2.11842
248.29041	2.12653
248.53147	2.13212
248.77253	2.13525
249.01359	2.13625
249.25465	2.13575
249.49571	2.13448
249.73677	2.13317
249.97783	2.13242
250.21888	2.13261
250.45994	2.13386
250.70100	2.13607
250.94206	2.13894
251.18312	2.14211
251.42418	2.14528
251.66524	2.14827
251.90629	2.15112
252.14735	2.15410
252.38841	2.15763
252.62947	2.16223
252.87053	2.16842
253.11159	2.17654
253.35265	2.18674
253.59370	2.19883
253.83476	2.21234
254.07582	2.22657
254.31688	2.24063
254.55794	2.25364
254.79900	2.26482
255.04006	2.27362
255.28112	2.27979
255.52217	2.28339
255.76323	2.28479
256.00429	2.28454
256.24535	2.28324
256.48641	2.28148
256.72747	2.27966
256.96853	2.27797
257.20958	2.27637
257.45064	2.27466
257.69170	2.27253
257.93276	2.26973
258.17382	2.26611
258.41488	2.26175
258.65594	2.25697
258.89700	2.25227
259.13805	2.24830
259.37911	2.24569
259.62017	2.24499
259.86123	2.24652
260.10229	2.25035
260.34335	2.25622
260.58441	2.26367
260.82546	2.27203
261.06652	2.28061
261.30758	2.28876
261.54864	2.29598
261.78970	2.30198
262.03076	2.30669
262.27182	2.31021
262.51288	2.31276
262.75393	2.31459
262.99499	2.31586
263.23605	2.31663
263.47711	2.31677
263.71817	2.31603
263.95923	2.31402
264.20029	2.31035
264.44134	2.30473
264.68240	2.29701
264.92346	2.28730
265.16452	2.27594
265.40558	2.26351
265.64664	2.25076
265.88770	2.23847
266.12875	2.22737
266.36981	2.21802
266.61087	2.21070
266.85193	2.20546
267.09299	2.20206
267.33405	2.20006
267.57511	2.19895
267.81617	2.19821
268.05722	2.19742
268.29828	2.19633
268.53934	2.19485
268.78040	2.19304
269.02146	2.19107
269.26252	2.18906
269.50358	2.18709
269.74463	2.18508
269.98569	2.18278
270.22675	2.17978
270.46781	2.17559
270.70887	2.16968
270.94993	2.16165
271.19099	2.15124
271.43205	2.13845
271.67310	2.12350
271.91416	2.10687
272.15522	2.08919
272.39628	2.07116
272.63734	2.05343
272.87840	2.03658
273.11946	2.02096
273.36051	2.00674
273.60157	1.99390
273.84263	1.98228
274.08369	1.97163
274.32475	1.96172
274.56581	1.95237
274.80687	1.94351
275.04793	1.93517
275.28898	1.92745
275.53004	1.92050
275.77110	1.91443
276.01216	1.90927
276.25322	1.90491
276.49428	1.90109
276.73534	1.89744
276.97639	1.89346
277.21745	1.88864
277.45851	1.88254
277.69957	1.87481
277.94063	1.86528
278.18169	1.85399
278.42275	1.84117
278.66380	1.82720
278.90486	1.81252
279.14592	1.79764
279.38698	1.78297
279.62804	1.76883
279.86910	1.75539
280.11016	1.74272
280.35122	1.73076
280.59227	1.71941
280.83333	1.70858
281.07439	1.69824
281.31545	1.68844
281.55651	1.67933
281.79757	1.67113
282.03863	1.66409
282.27968	1.65843
282.52074	1.65425
282.76180	1.65156
283.00286	1.65018
283.24392	1.64978
283.48498	1.64990
283.72604	1.65002
283.96710	1.64962
284.20815	1.64823
284.44921	1.64552
284.69027	1.64131
284.93133	1.63558
285.17239	1.62849
285.41345	1.62027
285.65451	1.61121
285.89556	1.60159
286.13662	1.59164
286.37768	1.58146
286.61874	1.57111
286.85980	1.56054
287.10086	1.54968
287.34192	1.53849
287.58298	1.52700
287.82403	1.51536
288.06509	1.50380
288.30615	1.49268
288.54721	1.48238
288.78827	1.47328
289.02933	1.46568
289.27039	1.45975
289.51144	1.45547
289.75250	1.45270
289.99356	1.45110
290.23462	1.45027
290.47568	1.44977
290.71674	1.44919
290.95780	1.44820
291.19885	1.44658
291.43991	1.44422
291.68097	1.44115
291.92203	1.43743
292.16309	1.43316
292.40415	1.42842
292.64521	1.42325
292.88627	1.41761
293.12732	1.41141
293.36838	1.40455
293.60944	1.39691
293.85050	1.38845
294.09156	1.37920
294.33262	1.36934
294.57368	1.35913
294.81473	1.34897
295.05579	1.33929
295.29685	1.33052
295.53791	1.32302
295.77897	1.31706
296.02003	1.31274
296.26109	1.31000
296.50215	1.30868
296.74320	1.30848
296.98426	1.30909
297.22532	1.31021
297.46638	1.31161
297.70744	1.31315
297.94850	1.31478
298.18956	1.31655
298.43061	1.31853
298.67167	1.32079
298.91273	1.32335
299.15379	1.32616
299.39485	1.32905
299.63591	1.33179
299.87697	1.33407
300.11803	1.33559
300.35908	1.33608
300.60014	1.33536
300.84120	1.33339
301.08226	1.33026
301.32332	1.32619
301.56438	1.32153
301.80544	1.31667
302.04649	1.31205
302.28755	1.30801
302.52861	1.30484
302.76967	1.30270
303.01073	1.30164
303.25179	1.30158
303.49285	1.30239
303.73391	1.30392
303.97496	1.30601
304.21602	1.30857
304.45708	1.31159
304.69814	1.31510
304.93920	1.31917
305.18026	1.32389
305.42132	1.32927
305.66237	1.33529
305.90343	1.34181
306.14449	1.34859
306.38555	1.35534
306.62661	1.36173
306.86767	1.36747
307.10873	1.37232
307.34978	1.37617
307.59084	1.37901
307.83190	1.38098
308.07296	1.38227
308.31402	1.38315
308.55508	1.38386
308.79614	1.38463
309.03720	1.38559
309.27825	1.38681
309.51931	1.38827
309.76037	1.38993
310.00143	1.39172
310.24249	1.39360
310.48355	1.39558
310.72461	1.39775
310.96566	1.40027
311.20672	1.40334
311.44778	1.40715
311.68884	1.41190
311.92990	1.41768
312.17096	1.42450
312.41202	1.43226
312.65308	1.44073
312.89413	1.44963
313.13519	1.45860
313.37625	1.46730
313.61731	1.47542
313.85837	1.48274
314.09943	1.48915
314.34049	1.49463
314.58154	1.49928
314.82260	1.50325
315.06366	1.50669
315.30472	1.50976
315.54578	1.51257
315.78684	1.51517
316.02790	1.51755
316.26896	1.51965
316.51001	1.52141
316.75107	1.52281
316.99213	1.52388
317.23319	1.52472
317.47425	1.52555
317.71531	1.52661
317.95637	1.52823
318.19742	1.53070
318.43848	1.53424
318.67954	1.53901
318.92060	1.54500
319.16166	1.55210
319.40272	1.56007
319.64378	1.56858
319.88483	1.57729
320.12589	1.58586
320.36695	1.59401
320.60801	1.60156
320.84907	1.60841
321.09013	1.61456
321.33119	1.62007
321.57225	1.62504
321.81330	1.62954
322.05436	1.63361
322.29542	1.63721
322.53648	1.64028
322.77754	1.64270
323.01860	1.64436
323.25966	1.64518
323.50071	1.64516
323.74177	1.64440
323.98283	1.64310
324.22389	1.64157
324.46495	1.64015
324.70601	1.63920
324.94707	1.63904
325.18813	1.63988
325.42918	1.64182
325.67024	1.64480
325.91130	1.64867
326.15236	1.65319
326.39342	1.65806
326.63448	1.66303
326.87554	1.66790
327.11659	1.67254
327.35765	1.67694
327.59871	1.68113
327.83977	1.68519
328.08083	1.68920
328.32189	1.69315
328.56295	1.69699
328.80401	1.70057
329.04506	1.70367
329.28612	1.70601
329.52718	1.70734
329.76824	1.70746
330.00930	1.70628
330.25036	1.70381
330.49142	1.70022
330.73247	1.69576
330.97353	1.69079
331.21459	1.68566
331.45565	1.68071
331.69671	1.67621
331.93777	1.67232
332.17883	1.66911
332.41988	1.66655
332.66094	1.66452
332.90200	1.66290
333.14306	1.66155
333.38412	1.66040
333.62518	1.65942
333.86624	1.65862
334.10730	1.65808
334.34835	1.65786
334.58941	1.65802
334.83047	1.65854
335.07153	1.65933
335.31259	1.66020
335.55365	1.66092
335.79471	1.66118
336.03576	1.66068
336.27682	1.65917
336.51788	1.65646
336.75894	1.65248
337.00000	1.64727
337.24106	1.64096
337.48212	1.63376
337.72318	1.62591
337.96423	1.61764
338.20529	1.60913
338.44635	1.60050
338.68741	1.59182
338.92847	1.58307
339.16953	1.57423
339.41059	1.56524
339.65164	1.55612
339.89270	1.54690
340.13376	1.53768
340.37482	1.52865
340.61588	1.51998
340.85694	1.51187
341.09800	1.50446
341.33906	1.49785
341.58011	1.49200
341.82117	1.48682
342.06223	1.48210
342.30329	1.47759
342.54435	1.47301
342.78541	1.46810
343.02647	1.46265
343.26752	1.45654
343.50858	1.44971
343.74964	1.44222
343.99070	1.43415
344.23176	1.42563
344.47282	1.41677
344.71388	1.40767
344.95493	1.39839
345.19599	1.38892
345.43705	1.37925
345.67811	1.36932
345.91917	1.35910
346.16023	1.34862
346.40129	1.33793
346.64235	1.32715
346.88340	1.31647
347.12446	1.30607
347.36552	1.29618
347.60658	1.28696
347.84764	1.27852
348.08870	1.27090
348.32976	1.26403
348.57081	1.25777
348.81187	1.25194
349.05293	1.24631
349.29399	1.24069
349.53505	1.23489
349.77611	1.22883
350.01717	1.22247
350.25823	1.21583
350.49928	1.20899
350.74034	1.20204
350.98140	1.19505
351.22246	1.18808
351.46352	1.18112
351.70458	1.17412
351.94564	1.16701
352.18669	1.15968
352.42775	1.15205
352.66881	1.14409
352.90987	1.13581
353.15093	1.12728
353.39199	1.11865
353.63305	1.11009
353.87411	1.10181
354.11516	1.09399
354.35622	1.08678
354.59728	1.08025
354.83834	1.07443
355.07940	1.06925
355.32046	1.06461
355.56152	1.06035
355.80257	1.05632
356.04363	1.05238
356.28469	1.04840
356.52575	1.04433
356.76681	1.04014
357.00787	1.03583
357.24893	1.03141
357.48999	1.02690
357.73104	1.02231
357.97210	1.01760
358.21316	1.01273
358.45422	1.00764
358.69528	1.00223
358.93634	0.99647
359.17740	0.99030
359.41845	0.98376
359.65951	0.97689
359.90057	0.96981
360.14163	0.96264
360.38269	0.95554
360.62375	0.94865
360.86481	0.94207
361.10586	0.93587
361.34692	0.93008
361.58798	0.92467
361.82904	0.91957
362.07010	0.91471
362.31116	0.91001
362.55222	0.90541
362.79328	0.90088
363.03433	0.89642
363.27539	0.89207
363.51645	0.88786
363.75751	0.88385
363.99857	0.88005
364.23963	0.87647
364.48069	0.87305
364.72174	0.86971
364.96280	0.86635
365.20386	0.86283
365.44492	0.85904
365.68598	0.85489
365.92704	0.85034
366.16810	0.84538
366.40916	0.84007
366.65021	0.83450
366.89127	0.82876
367.13233	0.82297
367.37339	0.81721
367.61445	0.81155
367.85551	0.80599
368.09657	0.80053
368.33762	0.79512
368.57868	0.78970
368.81974	0.78423
369.06080	0.77868
369.30186	0.77303
369.54292	0.76734
369.78398	0.76163
370.02504	0.75598
370.26609	0.75044
370.50715	0.74505
370.74821	0.73982
370.98927	0.73470
371.23033	0.72963
371.47139	0.72449
371.71245	0.71918
371.95350	0.71358
372.19456	0.70758
372.43562	0.70113
372.67668	0.69419
372.91774	0.68679
373.15880	0.67896
373.39986	0.67078
373.64091	0.66232
373.88197	0.65364
374.12303	0.64480
374.36409	0.63581
374.60515	0.62670
374.84621	0.61746
375.08727	0.60809
375.32833	0.59860
375.56938	0.58898
375.81044	0.57929
376.05150	0.56958
376.29256	0.55991
376.53362	0.55040
376.77468	0.54116
377.01574	0.53229
377.25679	0.52386
377.49785	0.51593
377.73891	0.50850
377.97997	0.50159
378.22103	0.49512
378.46209	0.48913
378.70315	0.48362
378.94421	0.47859
379.18526	0.47407
379.42632	0.47012
379.66738	0.46682
379.90844	0.46423
380.14950	0.46240
380.39056	0.46141
380.63162	0.46129
380.87267	0.46203
381.11373	0.46361
381.35479	0.46599
381.59585	0.46910
381.83691	0.47291
382.07797	0.47737
382.31903	0.48247
382.56009	0.48821
382.80114	0.49462
383.04220	0.50172
383.28326	0.50953
383.52432	0.51807
383.76538	0.52731
384.00644	0.53719
384.24750	0.54767
384.48855	0.55865
384.72961	0.57003
384.97067	0.58171
385.21173	0.59359
385.45279	0.60558
385.69385	0.61762
385.93491	0.62965
386.17596	0.64169
386.41702	0.65374
386.65808	0.66582
386.89914	0.67791
387.14020	0.69000
387.38126	0.70206
387.62232	0.71402
387.86338	0.72580
388.10443	0.73733
388.34549	0.74856
388.58655	0.75942
388.82761	0.76991
389.06867	0.78003
389.30973	0.78983
389.55079	0.79940
389.79184	0.80879
390.03290	0.81811
390.27396	0.82739
390.51502	0.83667
390.75608	0.84596
390.99714	0.85521
391.23820	0.86437
391.47926	0.87339
391.72031	0.88222
391.96137	0.89082
392.20243	0.89918
392.44349	0.90732
392.68455	0.91525
392.92561	0.92303
393.16667	0.93066
393.40772	0.93816
393.64878	0.94550
393.88984	0.95263
394.13090	0.95946
394.37196	0.96593
394.61302	0.97193
394.85408	0.97742
395.09514	0.98237
395.33619	0.98682
395.57725	0.99082
395.81831	0.99450
396.05937	0.99798
396.30043	1.00143
396.54149	1.00497
396.78255	1.00870
397.02360	1.01270
397.26466	1.01699
397.50572	1.02155
397.74678	1.02636
397.98784	1.03137
398.22890	1.03654
398.46996	1.04187
398.71102	1.04738
398.95207	1.05309
399.19313	1.05905
399.43419	1.06530
399.67525	1.07185
399.91631	1.07869
400.15737	1.08574
400.39843	1.09288
400.63948	1.09997
400.88054	1.10683
401.12160	1.11331
401.36266	1.11927
401.60372	1.12459
401.84478	1.12924
402.08584	1.13321
402.32689	1.13654
402.56795	1.13929
402.80901	1.14155
403.05007	1.14338
403.29113	1.14483
403.53219	1.14594
403.77325	1.14671
404.01431	1.14711
404.25536	1.14714
404.49642	1.14678
404.73748	1.14603
404.97854	1.14494
405.21960	1.14357
405.46066	1.14202
405.70172	1.14042
405.94277	1.13886
406.18383	1.13745
406.42489	1.13625
406.66595	1.13525
406.90701	1.13443
407.14807	1.13368
407.38913	1.13291
407.63019	1.13198
407.87124	1.13077
408.11230	1.12921
408.35336	1.12725
408.59442	1.12490
408.83548	1.12222
409.07654	1.11927
409.31760	1.11614
409.55865	1.11291
409.79971	1.10963
410.04077	1.10629
410.28183	1.10290
410.52289	1.09938
410.76395	1.09570
411.00501	1.09179
411.24607	1.08763
411.48712	1.08322
411.72818	1.07860
411.96924	1.07385
412.21030	1.06905
412.45136	1.06429
412.69242	1.05964
412.93348	1.05513
413.17453	1.05077
413.41559	1.04652
413.65665	1.04229
413.89771	1.03799
414.13877	1.03353
414.37983	1.02882
414.62089	1.02381
414.86194	1.01849
415.10300	1.01289
415.34406	1.00706
415.58512	1.00108
415.82618	0.99501
416.06724	0.98893
416.30830	0.98285
416.54936	0.97678
416.79041	0.97069
417.03147	0.96451
417.27253	0.95818
417.51359	0.95164
417.75465	0.94485
417.99571	0.93780
418.23677	0.93051
418.47782	0.92306
418.71888	0.91551
418.95994	0.90796
419.20100	0.90049
419.44206	0.89317
419.68312	0.88603
419.92418	0.87906
420.16524	0.87224
420.40629	0.86552
420.64735	0.85885
420.88841	0.85217
421.12947	0.84546
421.37053	0.83871
421.61159	0.83193
421.85265	0.82517
422.09370	0.81846
422.33476	0.81184
422.57582	0.80532
422.81688	0.79890
423.05794	0.79255
423.29900	0.78622
423.54006	0.77984
423.78112	0.77334
424.02217	0.76666
424.26323	0.75975
424.50429	0.75260
424.74535	0.74522
424.98641	0.73763
425.22747	0.72989
425.46853	0.72204
425.70958	0.71414
425.95064	0.70624
426.19170	0.69835
426.43276	0.69050
426.67382	0.68269
426.91488	0.67493
427.15594	0.66721
427.39699	0.65955
427.63805	0.65198
427.87911	0.64453
428.12017	0.63726
428.36123	0.63023
428.60229	0.62347
428.84335	0.61704
429.08441	0.61095
429.32546	0.60519
429.56652	0.59975
429.80758	0.59455
430.04864	0.58953
430.28970	0.58460
430.53076	0.57971
430.77182	0.57478
431.01287	0.56977
431.25393	0.56466
431.49499	0.55946
431.73605	0.55420
431.97711	0.54888
432.21817	0.54355
432.45923	0.53822
432.70029	0.53290
432.94134	0.52758
433.18240	0.52225
433.42346	0.51689
433.66452	0.51150
433.90558	0.50607
434.14664	0.50061
434.38770	0.49517
434.62875	0.48982
434.86981	0.48463
435.11087	0.47967
435.35193	0.47502
435.59299	0.47073
435.83405	0.46685
436.07511	0.46338
436.31617	0.46035
436.55722	0.45775
436.79828	0.45557
437.03934	0.45382
437.28040	0.45250
437.52146	0.45162
437.76252	0.45122
438.00358	0.45131
438.24463	0.45195
438.48569	0.45315
438.72675	0.45495
438.96781	0.45733
439.20887	0.46029
439.44993	0.46378
439.69099	0.46776
439.93204	0.47213
440.17310	0.47685
440.41416	0.48184
440.65522	0.48705
440.89628	0.49243
441.13734	0.49796
441.37840	0.50362
441.61946	0.50939
441.86051	0.51524
442.10157	0.52118
442.34263	0.52716
442.58369	0.53314
442.82475	0.53905
443.06581	0.54484
443.30687	0.55042
443.54792	0.55573
443.78898	0.56072
444.03004	0.56537
444.27110	0.56969
444.51216	0.57367
444.75322	0.57736
444.99428	0.58077
445.23534	0.58395
445.47639	0.58690
445.71745	0.58962
445.95851	0.59209
446.19957	0.59430
446.44063	0.59618
446.68169	0.59772
446.92275	0.59887
447.16380	0.59962
447.40486	0.59999
447.64592	0.60000
447.88698	0.59970
448.12804	0.59912
448.36910	0.59834
448.61016	0.59737
448.85122	0.59626
449.09227	0.59501
449.33333	0.59360
449.57439	0.59204
449.81545	0.59029
450.05651	0.58835
450.29757	0.58624
450.53863	0.58399
450.77968	0.58166
451.02074	0.57932
451.26180	0.57707
451.50286	0.57499
451.74392	0.57314
451.98498	0.57158
452.22604	0.57031
452.46710	0.56932
452.70815	0.56855
452.94921	0.56793
453.19027	0.56739
453.43133	0.56685
453.67239	0.56624
453.91345	0.56552
454.15451	0.56466
454.39556	0.56365
454.63662	0.56251
454.87768	0.56123
455.11874	0.55985
455.35980	0.55836
455.60086	0.55676
455.84192	0.55504
456.08297	0.55318
456.32403	0.55119
456.56509	0.54906
456.80615	0.54679
457.04721	0.54443
457.28827	0.54202
457.52933	0.53963
457.77039	0.53732
458.01144	0.53518
458.25250	0.53326
458.49356	0.53164
458.73462	0.53034
458.97568	0.52940
459.21674	0.52883
459.45780	0.52863
459.69885	0.52880
459.93991	0.52933
460.18097	0.53022
460.42203	0.53147
460.66309	0.53307
460.90415	0.53503
461.14521	0.53735
461.38627	0.54000
461.62732	0.54298
461.86838	0.54625
462.10944	0.54977
462.35050	0.55347
462.59156	0.55730
462.83262	0.56119
463.07368	0.56507
463.31473	0.56887
463.55579	0.57256
463.79685	0.57608
464.03791	0.57942
464.27897	0.58257
464.52003	0.58551
464.76109	0.58826
465.00215	0.59080
465.24320	0.59314
465.48426	0.59526
465.72532	0.59716
465.96638	0.59881
466.20744	0.60022
466.44850	0.60135
466.68956	0.60223
466.93061	0.60287
467.17167	0.60327
467.41273	0.60349
467.65379	0.60355
467.89485	0.60349
468.13591	0.60334
468.37697	0.60309
468.61802	0.60277
468.85908	0.60234
469.10014	0.60181
469.34120	0.60113
469.58226	0.60030
469.82332	0.59930
470.06438	0.59814
470.30544	0.59682
470.54649	0.59537
470.78755	0.59381
471.02861	0.59218
471.26967	0.59050
471.51073	0.58880
471.75179	0.58707
471.99285	0.58532
472.23390	0.58353
472.47496	0.58170
472.71602	0.57981
472.95708	0.57785
473.19814	0.57580
473.43920	0.57368
473.68026	0.57149
473.92132	0.56927
474.16237	0.56704
474.40343	0.56483
474.64449	0.56267
474.88555	0.56058
475.12661	0.55857
475.36767	0.55663
475.60873	0.55474
475.84978	0.55287
476.09084	0.55098
476.33190	0.54906
476.57296	0.54707
476.81402	0.54503
477.05508	0.54293
477.29614	0.54082
477.53720	0.53871
477.77825	0.53666
478.01931	0.53469
478.26037	0.53280
478.50143	0.53101
478.74249	0.52928
478.98355	0.52759
479.22461	0.52588
479.46566	0.52413
479.70672	0.52230
479.94778	0.52038
480.18884	0.51837
480.42990	0.51629
480.67096	0.51416
480.91202	0.51201
481.15307	0.50988
481.39413	0.50778
481.63519	0.50573
481.87625	0.50372
482.11731	0.50173
482.35837	0.49973
482.59943	0.49772
482.84049	0.49566
483.08154	0.49355
483.32260	0.49139
483.56366	0.48921
483.80472	0.48703
484.04578	0.48488
484.28684	0.48279
484.52790	0.48079
484.76895	0.47888
485.01001	0.47706
485.25107	0.47530
485.49213	0.47357
485.73319	0.47184
485.97425	0.47007
486.21531	0.46824
486.45637	0.46635
486.69742	0.46440
486.93848	0.46242
487.17954	0.46044
487.42060	0.45851
487.66166	0.45665
487.90272	0.45488
488.14378	0.45320
488.38483	0.45162
488.62589	0.45009
488.86695	0.44860
489.10801	0.44711
489.34907	0.44560
489.59013	0.44408
489.83119	0.44254
490.07225	0.44102
490.31330	0.43953
490.55436	0.43811
490.79542	0.43680
491.03648	0.43560
491.27754	0.43452
491.51860	0.43356
491.75966	0.43269
492.00071	0.43190
492.24177	0.43116
492.48283	0.43044
492.72389	0.42974
492.96495	0.42904
493.20601	0.42835
493.44707	0.42767
493.68812	0.42703
493.92918	0.42643
494.17024	0.42588
494.41130	0.42539
494.65236	0.42496
494.89342	0.42458
495.13448	0.42423
495.37554	0.42391
495.61659	0.42361
495.85765	0.42331
496.09871	0.42302
496.33977	0.42274
496.58083	0.42248
496.82189	0.42224
497.06295	0.42204
497.30400	0.42188
497.54506	0.42178
497.78612	0.42172
498.02718	0.42170
498.26824	0.42170
498.50930	0.42169
498.75036	0.42166
498.99142	0.42158
499.23247	0.42145
499.47353	0.42125
499.71459	0.42100
499.95565	0.42071
500.19671	0.42039
500.43777	0.42006
500.67883	0.41972
500.91988	0.41937
501.16094	0.41900
501.40200	0.41858
501.64306	0.41808
501.88412	0.41748
502.12518	0.41673
502.36624	0.41583
502.60730	0.41474
502.84835	0.41347
503.08941	0.41200
503.33047	0.41035
503.57153	0.40852
503.81259	0.40652
504.05365	0.40436
504.29471	0.40206
504.53576	0.39964
504.77682	0.39715
505.01788	0.39464
505.25894	0.39221
505.50000	0.38994
505.74106	0.38798
505.98212	0.38646
506.22318	0.38556
506.46423	0.38540
506.70529	0.38611
506.94635	0.38778
507.18741	0.39044
507.42847	0.39409
507.66953	0.39865
507.91059	0.40402
508.15164	0.41004
508.39270	0.41652
508.63376	0.42329
508.87482	0.43017
509.11588	0.43699
509.35694	0.44362
509.59800	0.44999
509.83905	0.45604
510.08011	0.46177
510.32117	0.46718
510.56223	0.47229
510.80329	0.47714
511.04435	0.48174
511.28541	0.48614
511.52647	0.49034
511.76752	0.49435
512.00858	0.49820
512.24964	0.50187
512.49070	0.50539
512.73176	0.50876
512.97282	0.51201
513.21388	0.51515
513.45493	0.51819
513.69599	0.52115
513.93705	0.52404
514.17811	0.52684
514.41917	0.52956
514.66023	0.53218
514.90129	0.53467
515.14235	0.53702
515.38340	0.53923
515.62446	0.54127
515.86552	0.54317
516.10658	0.54492
516.34764	0.54655
516.58870	0.54808
516.82976	0.54952
517.07081	0.55090
517.31187	0.55223
517.55293	0.55351
517.79399	0.55474
518.03505	0.55592
518.27611	0.55706
518.51717	0.55813
518.75823	0.55916
518.99928	0.56015
519.24034	0.56111
519.48140	0.56206
519.72246	0.56301
519.96352	0.56397
520.20458	0.56494
520.44564	0.56591
520.68669	0.56685
520.92775	0.56775
521.16881	0.56857
521.40987	0.56928
521.65093	0.56987
521.89199	0.57033
522.13305	0.57067
522.37410	0.57089
522.61516	0.57102
522.85622	0.57107
523.09728	0.57107
523.33834	0.57103
523.57940	0.57093
523.82046	0.57077
524.06152	0.57054
524.30257	0.57021
524.54363	0.56977
524.78469	0.56920
525.02575	0.56852
525.26681	0.56773
525.50787	0.56688
525.74893	0.56600
525.98998	0.56517
526.23104	0.56442
526.47210	0.56383
526.71316	0.56343
526.95422	0.56325
527.19528	0.56331
527.43634	0.56360
527.67740	0.56412
527.91845	0.56483
528.15951	0.56571
528.40057	0.56674
528.64163	0.56789
528.88269	0.56916
529.12375	0.57055
529.36481	0.57206
529.60586	0.57369
529.84692	0.57544
530.08798	0.57729
530.32904	0.57924
530.57010	0.58123
530.81116	0.58325
531.05222	0.58524
531.29328	0.58716
531.53433	0.58897
531.77539	0.59066
532.01645	0.59221
532.25751	0.59361
532.49857	0.59488
532.73963	0.59602
532.98069	0.59705
533.22174	0.59798
533.46280	0.59881
533.70386	0.59953
533.94492	0.60014
534.18598	0.60060
534.42704	0.60091
534.66810	0.60105
534.90915	0.60099
535.15021	0.60074
535.39127	0.60029
535.63233	0.59967
535.87339	0.59889
536.11445	0.59796
536.35551	0.59691
536.59657	0.59574
536.83762	0.59445
537.07868	0.59302
537.31974	0.59146
537.56080	0.58975
537.80186	0.58786
538.04292	0.58581
538.28398	0.58358
538.52503	0.58120
538.76609	0.57869
539.00715	0.57607
539.24821	0.57337
539.48927	0.57063
539.73033	0.56787
539.97139	0.56514
540.21245	0.56244
540.45350	0.55981
540.69456	0.55727
540.93562	0.55485
541.17668	0.55255
541.41774	0.55041
541.65880	0.54843
541.89986	0.54663
542.14091	0.54501
542.38197	0.54358
542.62303	0.54232
542.86409	0.54123
543.10515	0.54028
543.34621	0.53944
543.58727	0.53869
543.82833	0.53799
544.06938	0.53728
544.31044	0.53654
544.55150	0.53572
544.79256	0.53481
545.03362	0.53378
545.27468	0.53262
545.51574	0.53134
545.75679	0.52993
545.99785	0.52840
546.23891	0.52675
546.47997	0.52497
546.72103	0.52305
546.96209	0.52098
547.20315	0.51873
547.44421	0.51629
547.68526	0.51365
547.92632	0.51081
548.16738	0.50777
548.40844	0.50456
548.64950	0.50120
548.89056	0.49773
549.13162	0.49417
549.37267	0.49057
549.61373	0.48696
549.85479	0.48337
550.09585	0.47983
550.33691	0.47637
550.57797	0.47301
550.81903	0.46980
551.06008	0.46677
551.30114	0.46396
551.54220	0.46142
551.78326	0.45919
552.02432	0.45731
552.26538	0.45580
552.50644	0.45467
552.74750	0.45391
552.98855	0.45351
553.22961	0.45343
553.47067	0.45363
553.71173	0.45407
553.95279	0.45473
554.19385	0.45557
554.43491	0.45659
554.67596	0.45778
554.91702	0.45915
555.15808	0.46071
555.39914	0.46245
555.64020	0.46439
555.88126	0.46651
556.12232	0.46879
556.36338	0.47119
556.60443	0.47369
556.84549	0.47623
557.08655	0.47877
557.32761	0.48127
557.56867	0.48370
557.80973	0.48604
558.05079	0.48826
558.29184	0.49036
558.53290	0.49233
558.77396	0.49417
559.01502	0.49588
559.25608	0.49745
559.49714	0.49890
559.73820	0.50019
559.97926	0.50135
560.22031	0.50234
560.46137	0.50318
560.70243	0.50387
560.94349	0.50440
561.18455	0.50481
561.42561	0.50511
561.66667	0.50533
561.90772	0.50549
562.14878	0.50564
562.38984	0.50578
562.63090	0.50593
562.87196	0.50610
563.11302	0.50627
563.35408	0.50645
563.59513	0.50662
563.83619	0.50678
564.07725	0.50694
564.31831	0.50709
564.55937	0.50725
564.80043	0.50743
565.04149	0.50767
565.28255	0.50797
565.52360	0.50834
565.76466	0.50880
566.00572	0.50933
566.24678	0.50992
566.48784	0.51056
566.72890	0.51123
566.96996	0.51192
567.21101	0.51262
567.45207	0.51332
567.69313	0.51404
567.93419	0.51477
568.17525	0.51552
568.41631	0.51630
568.65737	0.51711
568.89843	0.51796
569.13948	0.51884
569.38054	0.51974
569.62160	0.52066
569.86266	0.52160
570.10372	0.52256
570.34478	0.52353
570.58584	0.52453
570.82689	0.52558
571.06795	0.52668
571.30901	0.52785
571.55007	0.52910
571.79113	0.53044
572.03219	0.53187
572.27325	0.53339
572.51431	0.53497
572.75536	0.53661
572.99642	0.53829
573.23748	0.53998
573.47854	0.54165
573.71960	0.54331
573.96066	0.54493
574.20172	0.54651
574.44277	0.54807
574.68383	0.54961
574.92489	0.55117
575.16595	0.55277
575.40701	0.55443
575.64807	0.55618
575.88913	0.55802
576.13018	0.55997
576.37124	0.56203
576.61230	0.56420
576.85336	0.56649
577.09442	0.56888
577.33548	0.57140
577.57654	0.57405
577.81760	0.57684
578.05865	0.57980
578.29971	0.58291
578.54077	0.58617
578.78183	0.58957
579.02289	0.59306
579.26395	0.59659
579.50501	0.60012
579.74606	0.60358
579.98712	0.60695
580.22818	0.61017
580.46924	0.61324
580.71030	0.61614
580.95136	0.61890
581.19242	0.62152
581.43348	0.62404
581.67453	0.62647
581.91559	0.62884
582.15665	0.63117
582.39771	0.63344
582.63877	0.63567
582.87983	0.63786
583.12089	0.64000
583.36194	0.64210
583.60300	0.64417
583.84406	0.64623
584.08512	0.64830
584.32618	0.65040
584.56724	0.65257
584.80830	0.65481
585.04936	0.65714
585.29041	0.65956
585.53147	0.66206
585.77253	0.66461
586.01359	0.66718
586.25465	0.66974
586.49571	0.67224
586.73677	0.67465
586.97782	0.67693
587.21888	0.67906
587.45994	0.68102
587.70100	0.68280
587.94206	0.68440
588.18312	0.68582
588.42418	0.68705
588.66523	0.68812
588.90629	0.68900
589.14735	0.68971
589.38841	0.69024
589.62947	0.69058
589.87053	0.69075
590.11159	0.69076
590.35265	0.69062
590.59370	0.69037
590.83476	0.69004
591.07582	0.68968
591.31688	0.68931
591.55794	0.68897
591.79900	0.68867
592.04006	0.68842
592.28111	0.68822
592.52217	0.68806
592.76323	0.68792
593.00429	0.68778
593.24535	0.68762
593.48641	0.68742
593.72747	0.68716
593.96853	0.68683
594.20958	0.68641
594.45064	0.68587
594.69170	0.68520
594.93276	0.68438
595.17382	0.68338
595.41488	0.68219
595.65594	0.68080
595.89699	0.67921
596.13805	0.67742
596.37911	0.67544
596.62017	0.67331
596.86123	0.67103
597.10229	0.66866
597.34335	0.66621
597.58441	0.66371
597.82546	0.66120
598.06652	0.65871
598.30758	0.65626
598.54864	0.65388
598.78970	0.65158
599.03076	0.64939
599.27182	0.64733
599.51287	0.64540
599.75393	0.64363
599.99499	0.64201
600.23605	0.64053
600.47711	0.63917
600.71817	0.63792
600.95923	0.63673
601.20029	0.63556
601.44134	0.63435
601.68240	0.63303
601.92346	0.63156
602.16452	0.62989
602.40558	0.62796
602.64664	0.62574
602.88770	0.62323
603.12875	0.62042
603.36981	0.61733
603.61087	0.61396
603.85193	0.61036
604.09299	0.60654
604.33405	0.60255
604.57511	0.59839
604.81616	0.59411
605.05722	0.58970
605.29828	0.58518
605.53934	0.58057
605.78040	0.57587
606.02146	0.57110
606.26252	0.56627
606.50358	0.56138
606.74463	0.55646
606.98569	0.55152
607.22675	0.54656
607.46781	0.54158
607.70887	0.53658
607.94993	0.53154
608.19099	0.52644
608.43204	0.52127
608.67310	0.51598
608.91416	0.51055
609.15522	0.50496
609.39628	0.49919
609.63734	0.49322
609.87840	0.48706
610.11946	0.48070
610.36051	0.47415
610.60157	0.46742
610.84263	0.46054
611.08369	0.45353
611.32475	0.44642
611.56581	0.43925
611.80687	0.43207
612.04792	0.42492
612.28898	0.41786
612.53004	0.41097
612.77110	0.40430
613.01216	0.39793
613.25322	0.39193
613.49428	0.38635
613.73534	0.38125
613.97639	0.37667
614.21745	0.37263
614.45851	0.36913
614.69957	0.36618
614.94063	0.36373
615.18169	0.36176
615.42275	0.36021
615.66380	0.35904
615.90486	0.35818
616.14592	0.35756
616.38698	0.35714
616.62804	0.35685
616.86910	0.35663
617.11016	0.35644
617.35121	0.35621
617.59227	0.35593
617.83333	0.35555
618.07439	0.35504
618.31545	0.35441
618.55651	0.35363
618.79757	0.35272
619.03863	0.35170
619.27968	0.35059
619.52074	0.34942
619.76180	0.34821
620.00286	0.34698
620.24392	0.34576
620.48498	0.34456
620.72604	0.34338
620.96709	0.34222
621.20815	0.34106
621.44921	0.33990
621.69027	0.33870
621.93133	0.33746
622.17239	0.33615
622.41345	0.33476
622.65451	0.33327
622.89556	0.33169
623.13662	0.32999
623.37768	0.32817
623.61874	0.32623
623.85980	0.32416
624.10086	0.32198
624.34192	0.31969
624.58297	0.31729
624.82403	0.31480
625.06509	0.31225
625.30615	0.30966
625.54721	0.30703
625.78827	0.30440
626.02933	0.30179
626.27039	0.29920
626.51144	0.29664
626.75250	0.29412
626.99356	0.29164
627.23462	0.28918
627.47568	0.28673
627.71674	0.28426
627.95780	0.28176
628.19885	0.27920
628.43991	0.27654
628.68097	0.27377
628.92203	0.27086
629.16309	0.26782
629.40415	0.26466
629.64521	0.26140
629.88626	0.25810
630.12732	0.25481
630.36838	0.25159
630.60944	0.24854
630.85050	0.24572
631.09156	0.24320
631.33262	0.24104
631.57368	0.23927
631.81473	0.23790
632.05579	0.23694
632.29685	0.23636
632.53791	0.23610
632.77897	0.23612
633.02003	0.23635
633.26109	0.23670
633.50214	0.23712
633.74320	0.23754
633.98426	0.23790
634.22532	0.23817
634.46638	0.23830
634.70744	0.23829
634.94850	0.23814
635.18956	0.23785
635.43061	0.23744
635.67167	0.23694
635.91273	0.23637
636.15379	0.23575
636.39485	0.23511
636.63591	0.23447
636.87697	0.23385
637.11802	0.23325
637.35908	0.23269
637.60014	0.23215
637.84120	0.23164
638.08226	0.23114
638.32332	0.23065
638.56438	0.23014
638.80544	0.22960
639.04649	0.22901
639.28755	0.22836
639.52861	0.22765
639.76967	0.22686
640.01073	0.22599
640.25179	0.22504
640.49285	0.22399
640.73390	0.22286
640.97496	0.22163
641.21602	0.22031
641.45708	0.21889
641.69814	0.21738
641.93920	0.21580
642.18026	0.21416
642.42132	0.21248
642.66237	0.21079
642.90343	0.20911
643.14449	0.20747
643.38555	0.20591
643.62661	0.20444
643.86767	0.20309
644.10873	0.20188
644.34978	0.20080
644.59084	0.19988
644.83190	0.19910
645.07296	0.19846
645.31402	0.19795
645.55508	0.19755
645.79614	0.19725
646.03719	0.19702
646.27825	0.19682
646.51931	0.19665
646.76037	0.19645
647.00143	0.19622
647.24249	0.19593
647.48355	0.19555
647.72461	0.19509
647.96566	0.19452
648.20672	0.19386
648.44778	0.19310
648.68884	0.19226
648.92990	0.19134
649.17096	0.19036
649.41202	0.18932
649.65307	0.18825
649.89413	0.18713
650.13519	0.18599
650.37625	0.18482
650.61731	0.18364
650.85837	0.18243
651.09943	0.18121
651.34049	0.17997
651.58154	0.17874
651.82260	0.17751
652.06366	0.17628
652.30472	0.17507
652.54578	0.17387
652.78684	0.17268
653.02790	0.17149
653.26895	0.17028
653.51001	0.16905
653.75107	0.16777
653.99213	0.16642
654.23319	0.16498
654.47425	0.16344
654.71531	0.16178
654.95637	0.15998
655.19742	0.15804
655.43848	0.15595
655.67954	0.15371
655.92060	0.15132
656.16166	0.14879
656.40272	0.14612
656.64378	0.14332
656.88483	0.14042
657.12589	0.13742
657.36695	0.13436
657.60801	0.13126
657.84907	0.12817
658.09013	0.12512
658.33119	0.12217
658.57224	0.11935
658.81330	0.11673
659.05436	0.11435
659.29542	0.11225
659.53648	0.11046
659.77754	0.10901
660.01860	0.10788
660.25966	0.10707
660.50071	0.10654
660.74177	0.10626
660.98283	0.10617
661.22389	0.10621
661.46495	0.10633
661.70601	0.10646
661.94707	0.10656
662.18812	0.10659
662.42918	0.10651
662.67024	0.10630
662.91130	0.10596
663.15236	0.10549
663.39342	0.10489
663.63448	0.10416
663.87554	0.10334
664.11659	0.10242
664.35765	0.10143
664.59871	0.10038
664.83977	0.09927
665.08083	0.09812
665.32189	0.09694
665.56295	0.09572
665.80400	0.09448
666.04506	0.09321
666.28612	0.09191
666.52718	0.09060
666.76824	0.08928
667.00930	0.08795
667.25036	0.08662
667.49142	0.08527
667.73247	0.08393
667.97353	0.08258
668.21459	0.08123
668.45565	0.07987
668.69671	0.07851
668.93777	0.07715
669.17883	0.07578
669.41988	0.07442
669.66094	0.07306
669.90200	0.07172
670.14306	0.07039
670.38412	0.06907
670.62518	0.06778
670.86624	0.06650
671.10729	0.06524
671.34835	0.06399
671.58941	0.06276
671.83047	0.06155
672.07153	0.06035
672.31259	0.05917
672.55365	0.05801
672.79471	0.05688
673.03576	0.05578
673.27682	0.05470
673.51788	0.05365
673.75894	0.05262
674.00000	0.05162
674.24106	0.05063
674.48212	0.04966
674.72317	0.04870
674.96423	0.04775
675.20529	0.04679
675.44635	0.04582
675.68741	0.04485
675.92847	0.04387
676.16953	0.04288
676.41059	0.04188
676.65164	0.04089
676.89270	0.03989
677.13376	0.03890
677.37482	0.03791
677.61588	0.03695
677.85694	0.03600
678.09800	0.03508
678.33905	0.03418
678.58011	0.03331
678.82117	0.03248
679.06223	0.03167
679.30329	0.03089
679.54435	0.03015
679.78541	0.02943
680.02647	0.02873
680.26752	0.02806
680.50858	0.02740
680.74964	0.02675
680.99070	0.02611
681.23176	0.02549
681.47282	0.02486
681.71388	0.02425
681.95493	0.02365
682.19599	0.02307
682.43705	0.02250
682.67811	0.02195
682.91917	0.02142
683.16023	0.02091
683.40129	0.02042
683.64234	0.01995
683.88340	0.01950
684.12446	0.01907
684.36552	0.01865
684.60658	0.01825
684.84764	0.01786
685.08870	0.01749
685.32976	0.01713
685.57081	0.01678
685.81187	0.01644
686.05293	0.01611
686.29399	0.01580
686.53505	0.01549
686.77611	0.01520
687.01717	0.01492
687.25822	0.01465
687.49928	0.01439
687.74034	0.01413
687.98140	0.01389
688.22246	0.01365
688.46352	0.01342
688.70458	0.01321
688.94564	0.01300
689.18669	0.01280
689.42775	0.01262
689.66881	0.01244
689.90987	0.01228
690.15093	0.01213
690.39199	0.01198
690.63305	0.01184
690.87410	0.01171
691.11516	0.01157
691.35622	0.01143
691.59728	0.01129
691.83834	0.01114
692.07940	0.01100
692.32046	0.01085
692.56152	0.01069
692.80257	0.01054
693.04363	0.01039
693.28469	0.01025
693.52575	0.01010
693.76681	0.00996
694.00787	0.00982
694.24893	0.00967
694.48998	0.00952
694.73104	0.00936
694.97210	0.00919
695.21316	0.00901
695.45422	0.00882
695.69528	0.00862
695.93634	0.00842
696.17740	0.00821
696.41845	0.00801
696.65951	0.00781
696.90057	0.00762
697.14163	0.00743
697.38269	0.00725
697.62375	0.00706
697.86481	0.00688
698.10586	0.00669
698.34692	0.00649
698.58798	0.00630
698.82904	0.00610
699.07010	0.00591
699.31116	0.00573
699.55222	0.00556
699.79327	0.00540
700.03433	0.00524
700.27539	0.00510
700.51645	0.00497
700.75751	0.00484
700.99857	0.00471
701.23963	0.00459
701.48069	0.00448
701.72174	0.00437
701.96280	0.00427
702.20386	0.00418
702.44492	0.00409
702.68598	0.00401
702.92704	0.00395
703.16810	0.00389
703.40915	0.00384
703.65021	0.00380
703.89127	0.00376
704.13233	0.00373
704.37339	0.00370
704.61445	0.00367
704.85551	0.00364
705.09657	0.00361
705.33762	0.00358
705.57868	0.00356
705.81974	0.00354
706.06080	0.00352
706.30186	0.00351
706.54292	0.00350
706.78398	0.00349
707.02503	0.00347
707.26609	0.00346
707.50715	0.00344
707.74821	0.00343
707.98927	0.00341
708.23033	0.00339
708.47139	0.00338
708.71245	0.00338
708.95350	0.00338
709.19456	0.00338
709.43562	0.00338
709.67668	0.00338
709.91774	0.00338
710.15880	0.00337
710.39986	0.00336
710.64091	0.00335
710.88197	0.00333
711.12303	0.00331
711.36409	0.00329
711.60515	0.00327
711.84621	0.00326
712.08727	0.00325
712.32832	0.00325
712.56938	0.00326
712.81044	0.00328
713.05150	0.00331
713.29256	0.00334
713.53362	0.00337
713.77468	0.00340
714.01574	0.00343
714.25679	0.00345
714.49785	0.00347
714.73891	0.00347
714.97997	0.00348
715.22103	0.00347
715.46209	0.00346
715.70315	0.00345
715.94420	0.00344
716.18526	0.00343
716.42632	0.00342
716.66738	0.00342
716.90844	0.00342
717.14950	0.00342
717.39056	0.00343
717.63162	0.00343
717.87267	0.00343
718.11373	0.00343
718.35479	0.00343
718.59585	0.00342
718.83691	0.00341
719.07797	0.00340
719.31903	0.00340
719.56008	0.00339
719.80114	0.00339
720.04220	0.00339
720.28326	0.00340
720.52432	0.00340
720.76538	0.00340
721.00644	0.00339
721.24750	0.00339
721.48855	0.00337
721.72961	0.00336
721.97067	0.00334
722.21173	0.00332
722.45279	0.00330
722.69385	0.00327
722.93491	0.00325
723.17596	0.00322
723.41702	0.00319
723.65808	0.00316
723.89914	0.00313
724.14020	0.00311
724.38126	0.00309
724.62232	0.00308
724.86337	0.00307
725.10443	0.00307
725.34549	0.00306
725.58655	0.00305
725.82761	0.00305
726.06867	0.00304
726.30973	0.00303
726.55079	0.00302
726.79184	0.00302
727.03290	0.00303
727.27396	0.00303
727.51502	0.00305
727.75608	0.00306
727.99714	0.00308
728.23820	0.00309
728.47925	0.00310
728.72031	0.00311
728.96137	0.00311
729.20243	0.00310
729.44349	0.00309
729.68455	0.00308
729.92561	0.00307
730.16667	0.00307
730.40772	0.00307
730.64878	0.00308
730.88984	0.00309
731.13090	0.00312
731.37196	0.00314
731.61302	0.00317
731.85408	0.00320
732.09513	0.00323
732.33619	0.00325
732.57725	0.00327
732.81831	0.00328
733.05937	0.00328
733.30043	0.00328
733.54149	0.00327
733.78255	0.00326
734.02360	0.00325
734.26466	0.00323
734.50572	0.00320
734.74678	0.00318
734.98784	0.00315
735.22890	0.00312
735.46996	0.00310
735.71101	0.00308
735.95207	0.00306
736.19313	0.00306
736.43419	0.00305
736.67525	0.00305
736.91631	0.00305
737.15737	0.00305
737.39842	0.00305
737.63948	0.00304
737.88054	0.00304
738.12160	0.00303
738.36266	0.00302
738.60372	0.00300
738.84478	0.00298
739.08584	0.00296
739.32689	0.00293
739.56795	0.00290
739.80901	0.00286
740.05007	0.00283
740.29113	0.00280
740.53219	0.00277
740.77325	0.00276
741.01430	0.00276
741.25536	0.00277
741.49642	0.00278
741.73748	0.00280
741.97854	0.00281
742.21960	0.00282
742.46066	0.00282
742.70172	0.00280
742.94277	0.00277
743.18383	0.00274
743.42489	0.00270
743.66595	0.00267
743.90701	0.00264
744.14807	0.00262
744.38913	0.00261
744.63018	0.00262
744.87124	0.00265
745.11230	0.00268
745.35336	0.00271
745.59442	0.00275
745.83548	0.00279
746.07654	0.00283
746.31760	0.00286
746.55865	0.00288
746.79971	0.00290
747.04077	0.00291
747.28183	0.00292
747.52289	0.00293
747.76395	0.00295
748.00501	0.00297
748.24606	0.00300
748.48712	0.00304
748.72818	0.00309
748.96924	0.00315
749.21030	0.00322
749.45136	0.00329
749.69242	0.00336
749.93348	0.00344
750.17453	0.00351
750.41559	0.00358
750.65665	0.00364
750.89771	0.00371
751.13877	0.00378
751.37983	0.00385
751.62089	0.00391
751.86194	0.00398
752.10300	0.00405
752.34406	0.00411
752.58512	0.00418
752.82618	0.00423
753.06724	0.00429
753.30830	0.00435
753.54935	0.00441
753.79041	0.00448
754.03147	0.00456
754.27253	0.00466
754.51359	0.00476
754.75465	0.00488
754.99571	0.00501
755.23677	0.00515
755.47782	0.00529
755.71888	0.00543
755.95994	0.00556
756.20100	0.00570
756.44206	0.00582
756.68312	0.00594
756.92418	0.00605
757.16523	0.00616
757.40629	0.00626
757.64735	0.00635
757.88841	0.00645
758.12947	0.00654
758.37053	0.00663
758.61159	0.00673
758.85265	0.00683
759.09370	0.00693
759.33476	0.00702
759.57582	0.00712
759.81688	0.00722
760.05794	0.00733
760.29900	0.00743
760.54006	0.00755
760.78111	0.00767
761.02217	0.00780
761.26323	0.00793
761.50429	0.00808
761.74535	0.00823
761.98641	0.00838
762.22747	0.00853
762.46853	0.00867
762.70958	0.00880
762.95064	0.00891
763.19170	0.00901
763.43276	0.00909
763.67382	0.00917
763.91488	0.00923
764.15594	0.00928
764.39699	0.00933
764.63805	0.00937
764.87911	0.00942
765.12017	0.00946
765.36123	0.00951
765.60229	0.00956
765.84335	0.00961
766.08440	0.00966
766.32546	0.00971
766.56652	0.00977
766.80758	0.00983
767.04864	0.00988
767.28970	0.00995
767.53076	0.01001
767.77182	0.01007
768.01287	0.01014
768.25393	0.01020
768.49499	0.01026
768.73605	0.01032
768.97711	0.01038
769.21817	0.01044
769.45923	0.01049
769.70028	0.01054
769.94134	0.01060
770.18240	0.01066
770.42346	0.01072
770.66452	0.01079
770.90558	0.01088
771.14664	0.01097
771.38770	0.01108
771.62875	0.01120
771.86981	0.01133
772.11087	0.01147
772.35193	0.01163
772.59299	0.01179
772.83405	0.01197
773.07511	0.01215
773.31616	0.01235
773.55722	0.01254
773.79828	0.01274
774.03934	0.01294
774.28040	0.01314
774.52146	0.01334
774.76252	0.01353
775.00358	0.01371
775.24463	0.01390
775.48569	0.01408
775.72675	0.01427
775.96781	0.01446
776.20887	0.01466
776.44993	0.01487
776.69099	0.01508
776.93204	0.01530
777.17310	0.01552
777.41416	0.01574
777.65522	0.01595
777.89628	0.01616
778.13734	0.01636
778.37840	0.01656
778.61945	0.01674
778.86051	0.01692
779.10157	0.01709
779.34263	0.01725
779.58369	0.01741
779.82475	0.01757
780.06581	0.01772
780.30687	0.01787
780.54792	0.01801
780.78898	0.01815
781.03004	0.01829
781.27110	0.01842
781.51216	0.01855
781.75322	0.01867
781.99428	0.01879
782.23533	0.01890
782.47639	0.01900
782.71745	0.01910
782.95851	0.01919
783.19957	0.01927
783.44063	0.01935
783.68169	0.01941
783.92275	0.01946
784.16380	0.01951
784.40486	0.01954
784.64592	0.01955
784.88698	0.01956
785.12804	0.01955
785.36910	0.01952
785.61016	0.01949
785.85121	0.01943
786.09227	0.01937
786.33333	0.01929
786.57439	0.01920
786.81545	0.01909
787.05651	0.01897
787.29757	0.01883
787.53863	0.01868
787.77968	0.01851
788.02074	0.01833
788.26180	0.01814
788.50286	0.01793
788.74392	0.01772
788.98498	0.01749
789.22604	0.01726
789.46709	0.01703
789.70815	0.01680
789.94921	0.01657
790.19027	0.01635
790.43133	0.01613
790.67239	0.01591
790.91345	0.01570
791.15451	0.01550
791.39556	0.01530
791.63662	0.01510
791.87768	0.01491
792.11874	0.01472
792.35980	0.01453
792.60086	0.01435
792.84192	0.01419
793.08297	0.01403
793.32403	0.01388
793.56509	0.01375
793.80615	0.01364
794.04721	0.01355
794.28827	0.01348
794.52933	0.01342
794.77038	0.01339
795.01144	0.01337
795.25250	0.01336
795.49356	0.01337
795.73462	0.01338
795.97568	0.01339
796.21674	0.01341
796.45780	0.01342
796.69885	0.01343
796.93991	0.01343
797.18097	0.01343
797.42203	0.01342
797.66309	0.01342
797.90415	0.01341
798.14521	0.01340
798.38626	0.01340
798.62732	0.01339
798.86838	0.01339
799.10944	0.01339
799.35050	0.01338
799.59156	0.01337
799.83262	0.01335
800.07368	0.01331
800.31473	0.01327
800.55579	0.01321
800.79685	0.01314
801.03791	0.01306
801.27897	0.01297
801.52003	0.01288
801.76109	0.01280
802.00214	0.01271
802.24320	0.01263
802.48426	0.01255
802.72532	0.01247
802.96638	0.01238
803.20744	0.01229
803.44850	0.01219
803.68956	0.01208
803.93061	0.01196
804.17167	0.01183
804.41273	0.01169
804.65379	0.01154
804.89485	0.01138
805.13591	0.01122
805.37697	0.01106
805.61802	0.01089
805.85908	0.01073
806.10014	0.01057
806.34120	0.01042
806.58226	0.01027
806.82332	0.01014
807.06438	0.01002
807.30543	0.00992
807.54649	0.00982
807.78755	0.00975
808.02861	0.00968
808.26967	0.00963
808.51073	0.00959
808.75179	0.00958
808.99285	0.00958
809.23390	0.00960
809.47496	0.00964
809.71602	0.00971
809.95708	0.00980
810.19814	0.00993
810.43920	0.01007
810.68026	0.01025
810.92131	0.01044
811.16237	0.01066
811.40343	0.01090
811.64449	0.01116
811.88555	0.01142
812.12661	0.01169
812.36767	0.01196
812.60873	0.01223
812.84978	0.01247
813.09084	0.01270
813.33190	0.01291
813.57296	0.01309
813.81402	0.01325
814.05508	0.01338
814.29614	0.01349
814.53719	0.01359
814.77825	0.01367
815.01931	0.01375
815.26037	0.01382
815.50143	0.01389
815.74249	0.01395
815.98355	0.01401
816.22461	0.01407
816.46566	0.01412
816.70672	0.01417
816.94778	0.01421
817.18884	0.01426
817.42990	0.01429
817.67096	0.01433
817.91202	0.01435
818.15307	0.01438
818.39413	0.01440
818.63519	0.01442
818.87625	0.01443
819.11731	0.01445
819.35837	0.01446
819.59943	0.01447
819.84048	0.01448
820.08154	0.01450
820.32260	0.01451
820.56366	0.01453
820.80472	0.01455
821.04578	0.01457
821.28684	0.01458
821.52790	0.01458
821.76895	0.01458
822.01001	0.01456
822.25107	0.01454
822.49213	0.01450
822.73319	0.01447
822.97425	0.01443
823.21531	0.01438
823.45636	0.01434
823.69742	0.01430
823.93848	0.01426
824.17954	0.01422
824.42060	0.01417
824.66166	0.01413
824.90272	0.01407
825.14378	0.01402
825.38483	0.01397
825.62589	0.01391
825.86695	0.01385
826.10801	0.01379
826.34907	0.01373
826.59013	0.01367
826.83119	0.01361
827.07224	0.01355
827.31330	0.01348
827.55436	0.01342
827.79542	0.01335
828.03648	0.01328
828.27754	0.01321
828.51860	0.01315
828.75966	0.01308
829.00071	0.01300
829.24177	0.01293
829.48283	0.01284
829.72389	0.01275
829.96495	0.01265
830.20601	0.01253
830.44707	0.01240
830.68812	0.01227
830.92918	0.01212
831.17024	0.01197
831.41130	0.01181
831.65236	0.01166
831.89342	0.01151
832.13448	0.01136
832.37553	0.01122
832.61659	0.01107
832.85765	0.01092
833.09871	0.01077
833.33977	0.01060
833.58083	0.01042
833.82189	0.01021
834.06295	0.00998
834.30400	0.00973
834.54506	0.00944
834.78612	0.00913
835.02718	0.00880
835.26824	0.00845
835.50930	0.00808
835.75036	0.00769
835.99141	0.00730
836.23247	0.00689
836.47353	0.00648
836.71459	0.00606
836.95565	0.00563
837.19671	0.00520
837.43777	0.00478
837.67883	0.00438
837.91988	0.00400
838.16094	0.00365
838.40200	0.00333
838.64306	0.00306
838.88412	0.00283
839.12518	0.00264
839.36624	0.00249
839.60729	0.00237
839.84835	0.00228
840.08941	0.00221
840.33047	0.00215
840.57153	0.00211
840.81259	0.00208
841.05365	0.00206
841.29471	0.00206
841.53576	0.00208
841.77682	0.00212
842.01788	0.00218
842.25894	0.00226
842.50000	0.00236
842.74106	0.00247
842.98212	0.00259
843.22317	0.00271
843.46423	0.00284
843.70529	0.00296
843.94635	0.00307
844.18741	0.00318
844.42847	0.00328
844.66953	0.00337
844.91059	0.00345
845.15164	0.00352
845.39270	0.00359
845.63376	0.00366
845.87482	0.00373
846.11588	0.00379
846.35694	0.00387
846.59800	0.00395
846.83905	0.00404
847.08011	0.00413
847.32117	0.00423
847.56223	0.00433
847.80329	0.00442
848.04435	0.00451
848.28541	0.00458
848.52646	0.00465
848.76752	0.00470
849.00858	0.00475
849.24964	0.00479
849.49070	0.00483
849.73176	0.00486
849.97282	0.00491
850.21388	0.00496
850.45493	0.00502
850.69599	0.00508
850.93705	0.00516
851.17811	0.00524
851.41917	0.00533
851.66023	0.00541
851.90129	0.00550
852.14234	0.00559
852.38340	0.00567
852.62446	0.00574
852.86552	0.00581
853.10658	0.00586
853.34764	0.00591
853.58870	0.00596
853.82976	0.00600
854.07081	0.00604
854.31187	0.00608
854.55293	0.00612
854.79399	0.00617
855.03505	0.00623
855.27611	0.00629
855.51717	0.00636
855.75822	0.00643
855.99928	0.00650
856.24034	0.00656
856.48140	0.00661
856.72246	0.00666
856.96352	0.00669
857.20458	0.00673
857.44564	0.00675
857.68669	0.00678
857.92775	0.00681
858.16881	0.00685
858.40987	0.00689
858.65093	0.00693
858.89199	0.00698
859.13305	0.00703
859.37410	0.00707
859.61516	0.00710
859.85622	0.00713
860.09728	0.00714
860.33834	0.00714
860.57940	0.00713
860.82046	0.00711
861.06151	0.00708
861.30257	0.00705
861.54363	0.00700
861.78469	0.00695
862.02575	0.00689
862.26681	0.00684
862.50787	0.00678
862.74893	0.00673
862.98998	0.00668
863.23104	0.00664
863.47210	0.00660
863.71316	0.00656
863.95422	0.00651
864.19528	0.00646
864.43634	0.00641
864.67739	0.00634
864.91845	0.00626
865.15951	0.00616
865.40057	0.00606
865.64163	0.00595
865.88269	0.00583
866.12375	0.00570
866.36481	0.00558
866.60586	0.00546
866.84692	0.00534
867.08798	0.00523
867.32904	0.00513
867.57010	0.00503
867.81116	0.00493
868.05222	0.00482
868.29327	0.00472
868.53433	0.00462
868.77539	0.00451
869.01645	0.00440
869.25751	0.00430
869.49857	0.00420
869.73963	0.00410
869.98069	0.00401
870.22174	0.00394
870.46280	0.00387
870.70386	0.00382
870.94492	0.00379
871.18598	0.00378
871.42704	0.00379
871.66810	0.00383
871.90915	0.00389
872.15021	0.00398
872.39127	0.00408
872.63233	0.00420
872.87339	0.00432
873.11445	0.00445
873.35551	0.00457
873.59656	0.00469
873.83762	0.00479
874.07868	0.00488
874.31974	0.00497
874.56080	0.00504
874.80186	0.00510
875.04292	0.00515
875.28398	0.00519
875.52503	0.00523
875.76609	0.00525
876.00715	0.00527
876.24821	0.00528
876.48927	0.00529
876.73033	0.00530
876.97139	0.00530
877.21244	0.00529
877.45350	0.00526
877.69456	0.00523
877.93562	0.00517
878.17668	0.00511
878.41774	0.00503
878.65880	0.00495
878.89986	0.00486
879.14091	0.00476
879.38197	0.00468
879.62303	0.00459
879.86409	0.00452
880.10515	0.00445
880.34621	0.00438
880.58727	0.00432
880.82832	0.00426
881.06938	0.00421
881.31044	0.00416
881.55150	0.00410
881.79256	0.00405
882.03362	0.00400
882.27468	0.00395
882.51574	0.00390
882.75679	0.00385
882.99785	0.00379
883.23891	0.00373
883.47997	0.00367
883.72103	0.00359
883.96209	0.00351
884.20315	0.00342
884.44420	0.00332
884.68526	0.00323
884.92632	0.00313
885.16738	0.00303
885.40844	0.00294
885.64950	0.00286
885.89056	0.00277
886.13161	0.00269
886.37267	0.00261
886.61373	0.00253
886.85479	0.00246
887.09585	0.00238
887.33691	0.00232
887.57797	0.00225
887.81903	0.00220
888.06008	0.00215
888.30114	0.00210
888.54220	0.00206
888.78326	0.00203
889.02432	0.00200
889.26538	0.00196
889.50644	0.00193
889.74749	0.00189
889.98855	0.00185
890.22961	0.00182
890.47067	0.00178
890.71173	0.00174
890.95279	0.00171
891.19385	0.00167
891.43491	0.00163
891.67596	0.00160
891.91702	0.00155
892.15808	0.00151
892.39914	0.00146
892.64020	0.00141
892.88126	0.00136
893.12232	0.00131
893.36337	0.00126
893.60443	0.00121
893.84549	0.00118
894.08655	0.00114
894.32761	0.00111
894.56867	0.00109
894.80973	0.00106
895.05079	0.00103
895.29184	0.00101
895.53290	0.00097
895.77396	0.00094
896.01502	0.00091
896.25608	0.00089
896.49714	0.00086
896.73820	0.00084
896.97925	0.00083
897.22031	0.00081
897.46137	0.00080
897.70243	0.00078
897.94349	0.00077
898.18455	0.00076
898.42561	0.00076
898.66667	0.00076
898.90772	0.00077
899.14878	0.00077
899.38984	0.00078
899.63090	0.00079
