0.00000	0.03536
0.24106	0.03627
0.48212	0.03877
0.72318	0.04220
0.96423	0.04569
1.20529	0.04832
1.44635	0.04939
1.68741	0.04858
1.92847	0.04593
2.16953	0.04185
2.41059	0.03712
2.65165	0.03235
2.89270	0.02804
3.13376	0.02451
3.37482	0.02188
3.61588	0.02010
3.85694	0.01901
4.09800	0.01844
4.33906	0.01820
4.58011	0.01819
4.82117	0.01835
5.06223	0.01866
5.30329	0.01909
5.54435	0.01962
5.78541	0.02018
6.02647	0.02070
6.26753	0.02111
6.50858	0.02136
6.74964	0.02144
6.99070	0.02137
7.23176	0.02119
7.47282	0.02095
7.71388	0.02068
7.95494	0.02037
8.19599	0.02004
8.43705	0.01966
8.67811	0.01920
8.91917	0.01865
9.16023	0.01800
9.40129	0.01729
9.64235	0.01656
9.88340	0.01587
10.12446	0.01528
10.36552	0.01487
10.60658	0.01470
10.84764	0.01482
11.08870	0.01525
11.32976	0.01599
11.57082	0.01696
11.81187	0.01809
12.05293	0.01920
12.29399	0.02014
12.53505	0.02076
12.77611	0.02098
13.01717	0.02076
13.25823	0.02015
13.49928	0.01927
13.74034	0.01819
13.98140	0.01716
14.22246	0.01634
14.46352	0.01585
14.70458	0.01570
14.94564	0.01589
15.18670	0.01632
15.42775	0.01690
15.66881	0.01750
15.90987	0.01806
16.15093	0.01850
16.39199	0.01877
16.63305	0.01884
16.87411	0.01869
17.11516	0.01831
17.35622	0.01769
17.59728	0.01686
17.83834	0.01587
18.07940	0.01476
18.32046	0.01359
18.56152	0.01241
18.80258	0.01128
19.04363	0.01023
19.28469	0.00930
19.52575	0.00847
19.76681	0.00770
20.00787	0.00701
20.24893	0.00640
20.48999	0.00589
20.73104	0.00548
20.97210	0.00517
21.21316	0.00496
21.45422	0.00468
21.69528	0.00459
21.93634	0.00476
22.17740	0.00518
22.41845	0.00587
22.65951	0.00678
22.90057	0.00785
23.14163	0.00900
23.38269	0.01025
23.62375	0.01156
23.86481	0.01295
24.10587	0.01445
24.34692	0.01608
24.58798	0.01782
24.82904	0.01966
25.07010	0.02155
25.31116	0.02346
25.55222	0.02533
25.79328	0.02711
26.03433	0.02880
26.27539	0.03040
26.51645	0.03192
26.75751	0.03343
26.99857	0.03498
27.23963	0.03663
27.48069	0.03848
27.72175	0.04060
27.96280	0.04307
28.20386	0.04592
28.44492	0.04915
28.68598	0.05277
28.92704	0.05672
29.16810	0.06098
29.40916	0.06551
29.65021	0.07029
29.89127	0.07527
30.13233	0.08043
30.37339	0.08573
30.61445	0.09111
30.85551	0.09649
31.09657	0.10176
31.33763	0.10681
31.57868	0.11154
31.81974	0.11586
32.06080	0.11976
32.30186	0.12324
32.54292	0.12638
32.78398	0.12930
33.02504	0.13215
33.26609	0.13509
33.50715	0.13832
33.74821	0.14200
33.98927	0.14626
34.23033	0.15122
34.47139	0.15691
34.71245	0.16334
34.95350	0.17043
35.19456	0.17809
35.43562	0.18621
35.67668	0.19471
35.91774	0.20358
36.15880	0.21292
36.39986	0.22293
36.64092	0.23391
36.88197	0.24620
37.12303	0.26012
37.36409	0.27583
37.60515	0.29331
37.84621	0.31227
38.08727	0.33216
38.32833	0.35220
38.56938	0.37147
38.81044	0.38906
39.05150	0.40421
39.29256	0.41639
39.53362	0.42542
39.77468	0.43151
40.01574	0.43518
40.25680	0.43722
40.49785	0.43852
40.73891	0.43996
40.97997	0.44231
41.22103	0.44610
41.46209	0.45157
41.70315	0.45874
41.94421	0.46741
42.18526	0.47727
42.42632	0.48801
42.66738	0.49937
42.90844	0.51123
43.14950	0.52361
43.39056	0.53661
43.63162	0.55039
43.87268	0.56503
44.11373	0.58049
44.35479	0.59652
44.59585	0.61265
44.83691	0.62827
45.07797	0.64262
45.31903	0.65499
45.56009	0.66479
45.80114	0.67169
46.04220	0.67567
46.28326	0.67709
46.52432	0.67663
46.76538	0.67520
47.00644	0.67387
47.24750	0.67367
47.48855	0.67546
47.72961	0.67987
47.97067	0.68724
48.21173	0.69760
48.45279	0.71080
48.69385	0.72660
48.93491	0.74480
49.17597	0.76540
49.41702	0.78859
49.65808	0.81481
49.89914	0.84465
50.14020	0.87866
50.38126	0.91718
50.62232	0.96017
50.86338	1.00707
51.10443	1.05675
51.34549	1.10760
51.58655	1.15770
51.82761	1.20503
52.06867	1.24783
52.30973	1.28477
52.55079	1.31518
52.79185	1.33907
53.03290	1.35705
53.27396	1.37022
53.51502	1.37985
53.75608	1.38718
53.99714	1.39320
54.23820	1.39850
54.47926	1.40329
54.72031	1.40748
54.96137	1.41083
55.20243	1.41322
55.44349	1.41482
55.68455	1.41624
55.92561	1.41863
56.16667	1.42353
56.40773	1.43275
56.64878	1.44805
56.88984	1.47084
57.13090	1.50187
57.37196	1.54100
57.61302	1.58713
57.85408	1.63827
58.09514	1.69174
58.33619	1.74460
58.57725	1.79399
58.81831	1.83756
59.05937	1.87376
59.30043	1.90203
59.54149	1.92272
59.78255	1.93691
60.02361	1.94612
60.26466	1.95184
60.50572	1.95528
60.74678	1.95707
60.98784	1.95722
61.22890	1.95523
61.46996	1.95032
61.71102	1.94178
61.95207	1.92933
62.19313	1.91335
62.43419	1.89505
62.67525	1.87634
62.91631	1.85964
63.15737	1.84749
63.39843	1.84217
63.63948	1.84525
63.88054	1.85736
64.12160	1.87807
64.36266	1.90597
64.60372	1.93892
64.84478	1.97441
65.08584	2.01001
65.32690	2.04370
65.56795	2.07411
65.80901	2.10061
66.05007	2.12322
66.29113	2.14232
66.53219	2.15835
66.77325	2.17150
67.01431	2.18143
67.25536	2.18723
67.49642	2.18747
67.73748	2.18049
67.97854	2.16473
68.21960	2.13910
68.46066	2.10334
68.70172	2.05820
68.94278	2.00542
69.18383	1.94763
69.42489	1.88793
69.66595	1.82955
69.90701	1.77542
70.14807	1.72781
70.38913	1.68806
70.63019	1.65659
70.87124	1.63301
71.11230	1.61635
71.35336	1.60545
71.59442	1.59922
71.83548	1.59697
72.07654	1.59855
72.31760	1.60429
72.55866	1.61488
72.79971	1.63107
73.04077	1.65336
73.28183	1.68166
73.52289	1.71503
73.76395	1.75173
74.00501	1.78921
74.24607	1.82442
74.48712	1.85419
74.72818	1.87566
74.96924	1.88671
75.21030	1.88627
75.45136	1.87447
75.69242	1.85262
75.93348	1.82300
76.17453	1.78856
76.41559	1.75250
76.65665	1.71792
76.89771	1.68746
77.13877	1.66314
77.37983	1.64622
77.62089	1.63731
77.86195	1.63647
78.10300	1.64341
78.34406	1.65770
78.58512	1.67895
78.82618	1.70688
79.06724	1.74135
79.30830	1.78227
79.54936	1.82943
79.79041	1.88235
80.03147	1.94004
80.27253	2.00091
80.51359	2.06279
80.75465	2.12301
80.99571	2.17865
81.23677	2.22689
81.47783	2.26541
81.71888	2.29269
81.95994	2.30823
82.20100	2.31268
82.44206	2.30769
82.68312	2.29566
82.92418	2.27934
83.16524	2.26141
83.40629	2.24412
83.64735	2.22903
83.88841	2.21690
84.12947	2.20782
84.37053	2.20144
84.61159	2.19729
84.85265	2.19511
85.09371	2.19509
85.33476	2.19799
85.57582	2.20507
85.81688	2.21784
86.05794	2.23773
86.29900	2.26572
86.54006	2.30198
86.78112	2.34565
87.02217	2.39480
87.26323	2.44660
87.50429	2.49763
87.74535	2.54435
87.98641	2.58360
88.22747	2.61303
88.46853	2.63141
88.70958	2.63873
88.95064	2.63614
89.19170	2.62560
89.43276	2.60951
89.67382	2.59021
89.91488	2.56962
90.15594	2.54895
90.39700	2.52864
90.63805	2.50849
90.87911	2.48792
91.12017	2.46638
91.36123	2.44366
91.60229	2.42021
91.84335	2.39725
92.08441	2.37664
92.32546	2.36067
92.56652	2.35164
92.80758	2.35144
93.04864	2.36110
93.28970	2.38059
93.53076	2.40869
93.77182	2.44315
94.01288	2.48101
94.25393	2.51902
94.49499	2.55419
94.73605	2.58419
94.97711	2.60765
95.21817	2.62429
95.45923	2.63477
95.70029	2.64040
95.94134	2.64274
96.18240	2.64319
96.42346	2.64256
96.66452	2.64095
96.90558	2.63771
97.14664	2.63161
97.38770	2.62127
97.62876	2.60552
97.86981	2.58381
98.11087	2.55650
98.35193	2.52495
98.59299	2.49142
98.83405	2.45873
99.07511	2.42989
99.31617	2.40759
99.55722	2.39383
99.79828	2.38961
100.03934	2.39489
100.28040	2.40864
100.52146	2.42913
100.76252	2.45432
101.00358	2.48218
101.24464	2.51111
101.48569	2.54003
101.72675	2.56854
101.96781	2.59674
102.20887	2.62501
102.44993	2.65370
102.69099	2.68285
102.93205	2.71194
103.17310	2.73979
103.41416	2.76468
103.65522	2.78452
103.89628	2.79726
104.13734	2.80120
104.37840	2.79546
104.61946	2.78012
104.86051	2.75640
105.10157	2.72651
105.34263	2.69334
105.58369	2.66009
105.82475	2.62978
106.06581	2.60483
106.30687	2.58675
106.54793	2.57603
106.78898	2.57221
107.03004	2.57418
107.27110	2.58047
107.51216	2.58975
107.75322	2.60114
107.99428	2.61446
108.23534	2.63020
108.47639	2.64941
108.71745	2.67335
108.95851	2.70309
109.19957	2.73908
109.44063	2.78089
109.68169	2.82701
109.92275	2.87501
110.16381	2.92177
110.40486	2.96400
110.64592	2.99870
110.88698	3.02368
111.12804	3.03792
111.36910	3.04167
111.61016	3.03643
111.85122	3.02457
112.09227	3.00896
112.33333	2.99236
112.57439	2.97704
112.81545	2.96437
113.05651	2.95478
113.29757	2.94777
113.53863	2.94228
113.77969	2.93709
114.02074	2.93122
114.26180	2.92441
114.50286	2.91727
114.74392	2.91133
114.98498	2.90884
115.22604	2.91239
115.46710	2.92437
115.70815	2.94648
115.94921	2.97931
116.19027	3.02204
116.43133	3.07251
116.67239	3.12738
116.91345	3.18268
117.15451	3.23433
117.39556	3.27881
117.63662	3.31364
117.87768	3.33772
118.11874	3.35137
118.35980	3.35618
118.60086	3.35453
118.84192	3.34910
119.08298	3.34228
119.32403	3.33573
119.56509	3.33016
119.80615	3.32531
120.04721	3.32018
120.28827	3.31346
120.52933	3.30401
120.77039	3.29130
121.01144	3.27577
121.25250	3.25890
121.49356	3.24306
121.73462	3.23117
121.97568	3.22623
122.21674	3.23074
122.45780	3.24625
122.69886	3.27304
122.93991	3.31005
123.18097	3.35503
123.42203	3.40496
123.66309	3.45651
123.90415	3.50663
124.14521	3.55300
124.38627	3.59430
124.62732	3.63031
124.86838	3.66170
125.10944	3.68965
125.35050	3.71543
125.59156	3.73987
125.83262	3.76305
126.07368	3.78415
126.31474	3.80150
126.55579	3.81295
126.79685	3.81631
127.03791	3.80993
127.27897	3.79311
127.52003	3.76649
127.76109	3.73208
128.00215	3.69307
128.24320	3.65345
128.48426	3.61740
128.72532	3.58868
128.96638	3.57008
129.20744	3.56303
129.44850	3.56745
129.68956	3.58185
129.93061	3.60373
130.17167	3.63002
130.41273	3.65769
130.65379	3.68426
130.89485	3.70818
131.13591	3.72892
131.37697	3.74692
131.61803	3.76324
131.85908	3.77910
132.10014	3.79544
132.34120	3.81244
132.58226	3.82937
132.82332	3.84454
133.06438	3.85559
133.30544	3.85993
133.54649	3.85528
133.78755	3.84017
134.02861	3.81432
134.26967	3.77879
134.51073	3.73588
134.75179	3.68881
134.99285	3.64118
135.23391	3.59645
135.47496	3.55738
135.71602	3.52568
135.95708	3.50192
136.19814	3.48556
136.43920	3.47528
136.68026	3.46938
136.92132	3.46623
137.16237	3.46466
137.40343	3.46423
137.64449	3.46526
137.88555	3.46869
138.12661	3.47581
138.36767	3.48778
138.60873	3.50531
138.84979	3.52823
139.09084	3.55538
139.33190	3.58460
139.57296	3.61298
139.81402	3.63724
140.05508	3.65427
140.29614	3.66158
140.53720	3.65776
140.77825	3.64269
141.01931	3.61749
141.26037	3.58436
141.50143	3.54615
141.74249	3.50585
141.98355	3.46612
142.22461	3.42892
142.46566	3.39527
142.70672	3.36531
142.94778	3.33847
143.18884	3.31383
143.42990	3.29050
143.67096	3.26797
143.91202	3.24633
144.15308	3.22637
144.39413	3.20941
144.63519	3.19704
144.87625	3.19079
145.11731	3.19169
145.35837	3.20000
145.59943	3.21500
145.84049	3.23502
146.08154	3.25761
146.32260	3.27986
146.56366	3.29885
146.80472	3.31208
147.04578	3.31782
147.28684	3.31539
147.52790	3.30511
147.76896	3.28825
148.01001	3.26666
148.25107	3.24237
148.49213	3.21718
148.73319	3.19231
148.97425	3.16824
149.21531	3.14463
149.45637	3.12059
149.69742	3.09496
149.93848	3.06670
150.17954	3.03529
150.42060	3.00099
150.66166	2.96492
150.90272	2.92895
151.14378	2.89544
151.38484	2.86682
151.62589	2.84512
151.86695	2.83160
152.10801	2.82648
152.34907	2.82891
152.59013	2.83704
152.83119	2.84838
153.07225	2.86022
153.31330	2.87005
153.55436	2.87600
153.79542	2.87703
154.03648	2.87303
154.27754	2.86473
154.51860	2.85336
154.75966	2.84038
155.00072	2.82702
155.24177	2.81403
155.48283	2.80153
155.72389	2.78894
155.96495	2.77524
156.20601	2.75915
156.44707	2.73954
156.68813	2.71575
156.92918	2.68776
157.17024	2.65635
157.41130	2.62302
157.65236	2.58975
157.89342	2.55867
158.13448	2.53176
158.37554	2.51047
158.61659	2.49552
158.85765	2.48680
159.09871	2.48344
159.33977	2.48399
159.58083	2.48678
159.82189	2.49016
160.06295	2.49287
160.30401	2.49421
160.54506	2.49409
160.78612	2.49300
161.02718	2.49177
161.26824	2.49131
161.50930	2.49232
161.75036	2.49506
161.99142	2.49920
162.23247	2.50383
162.47353	2.50766
162.71459	2.50919
162.95565	2.50709
163.19671	2.50049
163.43777	2.48918
163.67883	2.47369
163.91989	2.45528
164.16094	2.43570
164.40200	2.41687
164.64306	2.40060
164.88412	2.38822
165.12518	2.38043
165.36624	2.37719
165.60730	2.37776
165.84835	2.38097
166.08941	2.38544
166.33047	2.38990
166.57153	2.39346
166.81259	2.39578
167.05365	2.39707
167.29471	2.39807
167.53577	2.39977
167.77682	2.40320
168.01788	2.40910
168.25894	2.41774
168.50000	2.42877
168.74106	2.44123
168.98212	2.45369
169.22318	2.46449
169.46423	2.47204
169.70529	2.47510
169.94635	2.47306
170.18741	2.46601
170.42847	2.45477
170.66953	2.44071
170.91059	2.42553
171.15164	2.41095
171.39270	2.39843
171.63376	2.38889
171.87482	2.38265
172.11588	2.37940
172.35694	2.37836
172.59800	2.37846
172.83906	2.37869
173.08011	2.37828
173.32117	2.37692
173.56223	2.37483
173.80329	2.37272
174.04435	2.37160
174.28541	2.37257
174.52647	2.37654
174.76752	2.38399
175.00858	2.39482
175.24964	2.40832
175.49070	2.42326
175.73176	2.43807
175.97282	2.45118
176.21388	2.46125
176.45494	2.46743
176.69599	2.46953
176.93705	2.46803
177.17811	2.46395
177.41917	2.45863
177.66023	2.45347
177.90129	2.44963
178.14235	2.44782
178.38340	2.44817
178.62446	2.45025
178.86552	2.45323
179.10658	2.45610
179.34764	2.45794
179.58870	2.45818
179.82976	2.45676
180.07082	2.45424
180.31187	2.45163
180.55293	2.45029
180.79399	2.45160
181.03505	2.45669
181.27611	2.46617
181.51717	2.48002
181.75823	2.49747
181.99928	2.51722
182.24034	2.53758
182.48140	2.55680
182.72246	2.57340
182.96352	2.58637
183.20458	2.59540
183.44564	2.60085
183.68669	2.60367
183.92775	2.60515
184.16881	2.60664
184.40987	2.60928
184.65093	2.61374
184.89199	2.62014
185.13305	2.62803
185.37411	2.63652
185.61516	2.64454
185.85622	2.65110
186.09728	2.65555
186.33834	2.65777
186.57940	2.65826
186.82046	2.65806
187.06152	2.65857
187.30257	2.66132
187.54363	2.66763
187.78469	2.67836
188.02575	2.69373
188.26681	2.71325
188.50787	2.73581
188.74893	2.75986
188.98999	2.78371
189.23104	2.80581
189.47210	2.82506
189.71316	2.84097
189.95422	2.85369
190.19528	2.86397
190.43634	2.87289
190.67740	2.88165
190.91845	2.89125
191.15951	2.90222
191.40057	2.91455
191.64163	2.92763
191.88269	2.94042
192.12375	2.95169
192.36481	2.96028
192.60587	2.96542
192.84692	2.96694
193.08798	2.96533
193.32904	2.96173
193.57010	2.95770
193.81116	2.95500
194.05222	2.95521
194.29328	2.95948
194.53433	2.96833
194.77539	2.98151
195.01645	2.99811
195.25751	3.01673
195.49857	3.03576
195.73963	3.05369
195.98069	3.06940
196.22174	3.08230
196.46280	3.09246
196.70386	3.10051
196.94492	3.10742
197.18598	3.11426
197.42704	3.12191
197.66810	3.13081
197.90916	3.14085
198.15021	3.15133
198.39127	3.16114
198.63233	3.16899
198.87339	3.17367
199.11445	3.17437
199.35551	3.17088
199.59657	3.16366
199.83762	3.15380
200.07868	3.14280
200.31974	3.13236
200.56080	3.12401
200.80186	3.11888
201.04292	3.11746
201.28398	3.11960
201.52504	3.12457
201.76609	3.13124
202.00715	3.13834
202.24821	3.14476
202.48927	3.14976
202.73033	3.15312
202.97139	3.15517
203.21245	3.15667
203.45350	3.15859
203.69456	3.16192
203.93562	3.16732
204.17668	3.17499
204.41774	3.18454
204.65880	3.19500
204.89986	3.20499
205.14092	3.21296
205.38197	3.21746
205.62303	3.21743
205.86409	3.21243
206.10515	3.20270
206.34621	3.18918
206.58727	3.17329
206.82833	3.15669
207.06938	3.14100
207.31044	3.12746
207.55150	3.11677
207.79256	3.10898
208.03362	3.10351
208.27468	3.09937
208.51574	3.09537
208.75680	3.09040
208.99785	3.08370
209.23891	3.07501
209.47997	3.06461
209.72103	3.05325
209.96209	3.04200
210.20315	3.03191
210.44421	3.02386
210.68526	3.01828
210.92632	3.01503
211.16738	3.01345
211.40844	3.01238
211.64950	3.01047
211.89056	3.00636
212.13162	2.99898
212.37267	2.98773
212.61373	2.97262
212.85479	2.95421
213.09585	2.93355
213.33691	2.91194
213.57797	2.89071
213.81903	2.87096
214.06009	2.85336
214.30114	2.83812
214.54220	2.82494
214.78326	2.81317
215.02432	2.80196
215.26538	2.79050
215.50644	2.77822
215.74750	2.76490
215.98855	2.75074
216.22961	2.73628
216.47067	2.72232
216.71173	2.70968
216.95279	2.69903
217.19385	2.69071
217.43491	2.68461
217.67597	2.68021
217.91702	2.67661
218.15808	2.67270
218.39914	2.66741
218.64020	2.65983
218.88126	2.64947
219.12232	2.63630
219.36338	2.62073
219.60443	2.60359
219.84549	2.58588
220.08655	2.56859
220.32761	2.55251
220.56867	2.53805
220.80973	2.52518
221.05079	2.51346
221.29185	2.50213
221.53290	2.49035
221.77396	2.47736
222.01502	2.46268
222.25608	2.44629
222.49714	2.42860
222.73820	2.41044
222.97926	2.39289
223.22031	2.37710
223.46137	2.36402
223.70243	2.35424
223.94349	2.34786
224.18455	2.34449
224.42561	2.34327
224.66667	2.34307
224.90772	2.34268
225.14878	2.34100
225.38984	2.33727
225.63090	2.33113
225.87196	2.32270
226.11302	2.31246
226.35408	2.30114
226.59514	2.28953
226.83619	2.27834
227.07725	2.26798
227.31831	2.25856
227.55937	2.24984
227.80043	2.24133
228.04149	2.23241
228.28255	2.22250
228.52360	2.21125
228.76466	2.19857
229.00572	2.18475
229.24678	2.17038
229.48784	2.15625
229.72890	2.14323
229.96996	2.13205
230.21102	2.12319
230.45207	2.11681
230.69313	2.11266
230.93419	2.11019
231.17525	2.10862
231.41631	2.10714
231.65737	2.10502
231.89843	2.10178
232.13948	2.09725
232.38054	2.09156
232.62160	2.08512
232.86266	2.07848
233.10372	2.07218
233.34478	2.06662
233.58584	2.06197
233.82690	2.05808
234.06795	2.05451
234.30901	2.05064
234.55007	2.04574
234.79113	2.03919
235.03219	2.03057
235.27325	2.01978
235.51431	2.00708
235.75536	1.99306
235.99642	1.97853
236.23748	1.96441
236.47854	1.95155
236.71960	1.94061
236.96066	1.93194
237.20172	1.92557
237.44277	1.92120
237.68383	1.91832
237.92489	1.91632
238.16595	1.91462
238.40701	1.91280
238.64807	1.91067
238.88913	1.90829
239.13019	1.90593
239.37124	1.90400
239.61230	1.90290
239.85336	1.90294
240.09442	1.90419
240.33548	1.90648
240.57654	1.90935
240.81760	1.91216
241.05865	1.91418
241.29971	1.91472
241.54077	1.91325
241.78183	1.90956
242.02289	1.90373
242.26395	1.89619
242.50501	1.88759
242.74607	1.87874
242.98712	1.87041
243.22818	1.86325
243.46924	1.85764
243.71030	1.85369
243.95136	1.85124
244.19242	1.84993
244.43348	1.84931
244.67453	1.84897
244.91559	1.84867
245.15665	1.84834
245.39771	1.84818
245.63877	1.84856
245.87983	1.84994
246.12089	1.85278
246.36195	1.85739
246.60300	1.86387
246.84406	1.87204
247.08512	1.88144
247.32618	1.89143
247.56724	1.90123
247.80830	1.91011
248.04936	1.91747
248.29041	1.92296
248.53147	1.92650
248.77253	1.92830
249.01359	1.92879
249.25465	1.92851
249.49571	1.92802
249.73677	1.92777
249.97783	1.92800
250.21888	1.92875
250.45994	1.92984
250.70100	1.93099
250.94206	1.93184
251.18312	1.93213
251.42418	1.93178
251.66524	1.93093
251.90629	1.92996
252.14735	1.92943
252.38841	1.92998
252.62947	1.93225
252.87053	1.93667
253.11159	1.94344
253.35265	1.95246
253.59370	1.96328
253.83476	1.97524
254.07582	1.98750
254.31688	1.99923
254.55794	2.00971
254.79900	2.01845
255.04006	2.02525
255.28112	2.03020
255.52217	2.03363
255.76323	2.03603
256.00429	2.03788
256.24535	2.03960
256.48641	2.04139
256.72747	2.04324
256.96853	2.04491
257.20958	2.04601
257.45064	2.04610
257.69170	2.04485
257.93276	2.04208
258.17382	2.03794
258.41488	2.03282
258.65594	2.02741
258.89700	2.02251
259.13805	2.01898
259.37911	2.01752
259.62017	2.01859
259.86123	2.02235
260.10229	2.02858
260.34335	2.03677
260.58441	2.04621
260.82546	2.05614
261.06652	2.06581
261.30758	2.07470
261.54864	2.08247
261.78970	2.08907
262.03076	2.09463
262.27182	2.09942
262.51288	2.10371
262.75393	2.10773
262.99499	2.11151
263.23605	2.11494
263.47711	2.11772
263.71817	2.11944
263.95923	2.11969
264.20029	2.11812
264.44134	2.11461
264.68240	2.10922
264.92346	2.10232
265.16452	2.09447
265.40558	2.08639
265.64664	2.07882
265.88770	2.07243
266.12875	2.06771
266.36981	2.06487
266.61087	2.06388
266.85193	2.06444
267.09299	2.06610
267.33405	2.06836
267.57511	2.07075
267.81617	2.07293
268.05722	2.07476
268.29828	2.07628
268.53934	2.07768
268.78040	2.07921
269.02146	2.08110
269.26252	2.08343
269.50358	2.08611
269.74463	2.08885
269.98569	2.09117
270.22675	2.09250
270.46781	2.09223
270.70887	2.08989
270.94993	2.08517
271.19099	2.07804
271.43205	2.06872
271.67310	2.05769
271.91416	2.04557
272.15522	2.03308
272.39628	2.02085
272.63734	2.00938
272.87840	1.99897
273.11946	1.98966
273.36051	1.98131
273.60157	1.97362
273.84263	1.96624
274.08369	1.95889
274.32475	1.95139
274.56581	1.94376
274.80687	1.93620
275.04793	1.92907
275.28898	1.92277
275.53004	1.91769
275.77110	1.91409
276.01216	1.91201
276.25322	1.91122
276.49428	1.91129
276.73534	1.91158
276.97639	1.91137
277.21745	1.90997
277.45851	1.90682
277.69957	1.90161
277.94063	1.89426
278.18169	1.88497
278.42275	1.87414
278.66380	1.86228
278.90486	1.84993
279.14592	1.83752
279.38698	1.82537
279.62804	1.81360
279.86910	1.80219
280.11016	1.79100
280.35122	1.77986
280.59227	1.76863
280.83333	1.75732
281.07439	1.74604
281.31545	1.73509
281.55651	1.72485
281.79757	1.71578
282.03863	1.70826
282.27968	1.70258
282.52074	1.69883
282.76180	1.69687
283.00286	1.69637
283.24392	1.69682
283.48498	1.69759
283.72604	1.69809
283.96710	1.69776
284.20815	1.69623
284.44921	1.69330
284.69027	1.68896
284.93133	1.68340
285.17239	1.67687
285.41345	1.66968
285.65451	1.66208
285.89556	1.65426
286.13662	1.64624
286.37768	1.63796
286.61874	1.62926
286.85980	1.61997
287.10086	1.60994
287.34192	1.59915
287.58298	1.58770
287.82403	1.57585
288.06509	1.56399
288.30615	1.55256
288.54721	1.54203
288.78827	1.53277
289.02933	1.52503
289.27039	1.51888
289.51144	1.51420
289.75250	1.51073
289.99356	1.50808
290.23462	1.50586
290.47568	1.50368
290.71674	1.50125
290.95780	1.49841
291.19885	1.49513
291.43991	1.49148
291.68097	1.48759
291.92203	1.48360
292.16309	1.47960
292.40415	1.47558
292.64521	1.47146
292.88627	1.46704
293.12732	1.46207
293.36838	1.45631
293.60944	1.44956
293.85050	1.44173
294.09156	1.43285
294.33262	1.42309
294.57368	1.41278
294.81473	1.40228
295.05579	1.39202
295.29685	1.38238
295.53791	1.37366
295.77897	1.36602
296.02003	1.35951
296.26109	1.35405
296.50215	1.34948
296.74320	1.34558
296.98426	1.34215
297.22532	1.33905
297.46638	1.33621
297.70744	1.33364
297.94850	1.33144
298.18956	1.32972
298.43061	1.32859
298.67167	1.32809
298.91273	1.32819
299.15379	1.32875
299.39485	1.32950
299.63591	1.33014
299.87697	1.33030
300.11803	1.32967
300.35908	1.32800
300.60014	1.32518
300.84120	1.32122
301.08226	1.31629
301.32332	1.31065
301.56438	1.30463
301.80544	1.29859
302.04649	1.29284
302.28755	1.28761
302.52861	1.28305
302.76967	1.27919
303.01073	1.27599
303.25179	1.27338
303.49285	1.27128
303.73391	1.26961
303.97496	1.26839
304.21602	1.26768
304.45708	1.26758
304.69814	1.26821
304.93920	1.26968
305.18026	1.27206
305.42132	1.27530
305.66237	1.27928
305.90343	1.28376
306.14449	1.28846
306.38555	1.29303
306.62661	1.29715
306.86767	1.30056
307.10873	1.30310
307.34978	1.30471
307.59084	1.30547
307.83190	1.30553
308.07296	1.30513
308.31402	1.30450
308.55508	1.30384
308.79614	1.30330
309.03720	1.30294
309.27825	1.30275
309.51931	1.30263
309.76037	1.30252
310.00143	1.30233
310.24249	1.30206
310.48355	1.30178
310.72461	1.30166
310.96566	1.30193
311.20672	1.30285
311.44778	1.30468
311.68884	1.30759
311.92990	1.31166
312.17096	1.31684
312.41202	1.32295
312.65308	1.32968
312.89413	1.33670
313.13519	1.34363
313.37625	1.35017
313.61731	1.35606
313.85837	1.36119
314.09943	1.36554
314.34049	1.36919
314.58154	1.37228
314.82260	1.37495
315.06366	1.37732
315.30472	1.37945
315.54578	1.38133
315.78684	1.38288
316.02790	1.38398
316.26896	1.38452
316.51001	1.38441
316.75107	1.38368
316.99213	1.38244
317.23319	1.38090
317.47425	1.37939
317.71531	1.37825
317.95637	1.37785
318.19742	1.37847
318.43848	1.38031
318.67954	1.38342
318.92060	1.38773
319.16166	1.39301
319.40272	1.39901
319.64378	1.40540
319.88483	1.41190
320.12589	1.41829
320.36695	1.42445
320.60801	1.43032
320.84907	1.43596
321.09013	1.44143
321.33119	1.44680
321.57225	1.45211
321.81330	1.45730
322.05436	1.46227
322.29542	1.46684
322.53648	1.47078
322.77754	1.47390
323.01860	1.47605
323.25966	1.47718
323.50071	1.47739
323.74177	1.47685
323.98283	1.47589
324.22389	1.47486
324.46495	1.47414
324.70601	1.47408
324.94707	1.47493
325.18813	1.47680
325.42918	1.47970
325.67024	1.48351
325.91130	1.48803
326.15236	1.49302
326.39342	1.49826
326.63448	1.50358
326.87554	1.50890
327.11659	1.51423
327.35765	1.51964
327.59871	1.52525
327.83977	1.53117
328.08083	1.53744
328.32189	1.54404
328.56295	1.55082
328.80401	1.55754
329.04506	1.56389
329.28612	1.56954
329.52718	1.57418
329.76824	1.57761
330.00930	1.57971
330.25036	1.58054
330.49142	1.58027
330.73247	1.57918
330.97353	1.57761
331.21459	1.57592
331.45565	1.57440
331.69671	1.57327
331.93777	1.57263
332.17883	1.57249
332.41988	1.57277
332.66094	1.57334
332.90200	1.57408
333.14306	1.57492
333.38412	1.57585
333.62518	1.57695
333.86624	1.57835
334.10730	1.58022
334.34835	1.58271
334.58941	1.58591
334.83047	1.58980
335.07153	1.59423
335.31259	1.59896
335.55365	1.60362
335.79471	1.60782
336.03576	1.61119
336.27682	1.61340
336.51788	1.61428
336.75894	1.61377
337.00000	1.61197
337.24106	1.60909
337.48212	1.60538
337.72318	1.60113
337.96423	1.59658
338.20529	1.59190
338.44635	1.58715
338.68741	1.58232
338.92847	1.57735
339.16953	1.57214
339.41059	1.56662
339.65164	1.56079
339.89270	1.55471
340.13376	1.54855
340.37482	1.54252
340.61588	1.53688
340.85694	1.53185
341.09800	1.52761
341.33906	1.52423
341.58011	1.52167
341.82117	1.51977
342.06223	1.51828
342.30329	1.51691
342.54435	1.51533
342.78541	1.51329
343.02647	1.51059
343.26752	1.50711
343.50858	1.50287
343.74964	1.49793
343.99070	1.49240
344.23176	1.48643
344.47282	1.48012
344.71388	1.47352
344.95493	1.46664
345.19599	1.45944
345.43705	1.45183
345.67811	1.44376
345.91917	1.43519
346.16023	1.42616
346.40129	1.41677
346.64235	1.40719
346.88340	1.39765
347.12446	1.38838
347.36552	1.37960
347.60658	1.37145
347.84764	1.36401
348.08870	1.35727
348.32976	1.35112
348.57081	1.34539
348.81187	1.33989
349.05293	1.33442
349.29399	1.32882
349.53505	1.32299
349.77611	1.31691
350.01717	1.31060
350.25823	1.30415
350.49928	1.29763
350.74034	1.29114
350.98140	1.28471
351.22246	1.27833
351.46352	1.27193
351.70458	1.26539
351.94564	1.25858
352.18669	1.25135
352.42775	1.24362
352.66881	1.23533
352.90987	1.22654
353.15093	1.21735
353.39199	1.20795
353.63305	1.19855
353.87411	1.18939
354.11516	1.18068
354.35622	1.17255
354.59728	1.16507
354.83834	1.15824
355.07940	1.15197
355.32046	1.14613
355.56152	1.14056
355.80257	1.13512
356.04363	1.12968
356.28469	1.12420
356.52575	1.11867
356.76681	1.11313
357.00787	1.10764
357.24893	1.10226
357.48999	1.09701
357.73104	1.09189
357.97210	1.08682
358.21316	1.08168
358.45422	1.07633
358.69528	1.07062
358.93634	1.06441
359.17740	1.05765
359.41845	1.05031
359.65951	1.04245
359.90057	1.03418
360.14163	1.02567
360.38269	1.01706
360.62375	1.00851
360.86481	1.00014
361.10586	0.99203
361.34692	0.98417
361.58798	0.97656
361.82904	0.96914
362.07010	0.96185
362.31116	0.95464
362.55222	0.94751
362.79328	0.94047
363.03433	0.93356
363.27539	0.92686
363.51645	0.92043
363.75751	0.91433
363.99857	0.90859
364.23963	0.90317
364.48069	0.89801
364.72174	0.89298
364.96280	0.88796
365.20386	0.88279
365.44492	0.87734
365.68598	0.87152
365.92704	0.86529
366.16810	0.85866
366.40916	0.85167
366.65021	0.84441
366.89127	0.83699
367.13233	0.82950
367.37339	0.82199
367.61445	0.81453
367.85551	0.80710
368.09657	0.79968
368.33762	0.79223
368.57868	0.78472
368.81974	0.77711
369.06080	0.76939
369.30186	0.76160
369.54292	0.75379
369.78398	0.74602
370.02504	0.73836
370.26609	0.73086
370.50715	0.72356
370.74821	0.71645
370.98927	0.70950
371.23033	0.70263
371.47139	0.69574
371.71245	0.68873
371.95350	0.68152
372.19456	0.67403
372.43562	0.66621
372.67668	0.65805
372.91774	0.64957
373.15880	0.64080
373.39986	0.63179
373.64091	0.62258
373.88197	0.61320
374.12303	0.60369
374.36409	0.59402
374.60515	0.58420
374.84621	0.57424
375.08727	0.56412
375.32833	0.55386
375.56938	0.54351
375.81044	0.53312
376.05150	0.52277
376.29256	0.51253
376.53362	0.50252
376.77468	0.49283
377.01574	0.48353
377.25679	0.47468
377.49785	0.46630
377.73891	0.45840
377.97997	0.45097
378.22103	0.44397
378.46209	0.43743
378.70315	0.43136
378.94421	0.42579
379.18526	0.42076
379.42632	0.41633
379.66738	0.41257
379.90844	0.40952
380.14950	0.40723
380.39056	0.40574
380.63162	0.40504
380.87267	0.40513
381.11373	0.40596
381.35479	0.40748
381.59585	0.40964
381.83691	0.41240
382.07797	0.41573
382.31903	0.41963
382.56009	0.42411
382.80114	0.42918
383.04220	0.43489
383.28326	0.44126
383.52432	0.44828
383.76538	0.45593
384.00644	0.46415
384.24750	0.47287
384.48855	0.48200
384.72961	0.49144
384.97067	0.50109
385.21173	0.51086
385.45279	0.52067
385.69385	0.53049
385.93491	0.54028
386.17596	0.55008
386.41702	0.55990
386.65808	0.56975
386.89914	0.57964
387.14020	0.58953
387.38126	0.59940
387.62232	0.60917
387.86338	0.61878
388.10443	0.62818
388.34549	0.63733
388.58655	0.64624
388.82761	0.65492
389.06867	0.66344
389.30973	0.67186
389.55079	0.68025
389.79184	0.68868
390.03290	0.69718
390.27396	0.70577
390.51502	0.71441
390.75608	0.72306
390.99714	0.73166
391.23820	0.74015
391.47926	0.74849
391.72031	0.75665
391.96137	0.76466
392.20243	0.77254
392.44349	0.78034
392.68455	0.78809
392.92561	0.79585
393.16667	0.80362
393.40772	0.81138
393.64878	0.81908
393.88984	0.82664
394.13090	0.83397
394.37196	0.84098
394.61302	0.84761
394.85408	0.85381
395.09514	0.85958
395.33619	0.86497
395.57725	0.87007
395.81831	0.87499
396.05937	0.87985
396.30043	0.88478
396.54149	0.88987
396.78255	0.89518
397.02360	0.90075
397.26466	0.90656
397.50572	0.91259
397.74678	0.91879
397.98784	0.92514
398.22890	0.93163
398.46996	0.93827
398.71102	0.94510
398.95207	0.95220
399.19313	0.95962
399.43419	0.96741
399.67525	0.97559
399.91631	0.98413
400.15737	0.99297
400.39843	1.00198
400.63948	1.01101
400.88054	1.01991
401.12160	1.02850
401.36266	1.03666
401.60372	1.04428
401.84478	1.05131
402.08584	1.05774
402.32689	1.06360
402.56795	1.06892
402.80901	1.07378
403.05007	1.07822
403.29113	1.08229
403.53219	1.08600
403.77325	1.08937
404.01431	1.09239
404.25536	1.09505
404.49642	1.09737
404.73748	1.09937
404.97854	1.10109
405.21960	1.10261
405.46066	1.10402
405.70172	1.10540
405.94277	1.10684
406.18383	1.10841
406.42489	1.11012
406.66595	1.11197
406.90701	1.11390
407.14807	1.11586
407.38913	1.11773
407.63019	1.11944
407.87124	1.12090
408.11230	1.12206
408.35336	1.12291
408.59442	1.12346
408.83548	1.12372
409.07654	1.12376
409.31760	1.12361
409.55865	1.12329
409.79971	1.12281
410.04077	1.12214
410.28183	1.12124
410.52289	1.12007
410.76395	1.11858
411.00501	1.11674
411.24607	1.11455
411.48712	1.11205
411.72818	1.10930
411.96924	1.10639
412.21030	1.10342
412.45136	1.10048
412.69242	1.09763
412.93348	1.09492
413.17453	1.09234
413.41559	1.08985
413.65665	1.08738
413.89771	1.08487
414.13877	1.08223
414.37983	1.07939
414.62089	1.07634
414.86194	1.07304
415.10300	1.06952
415.34406	1.06581
415.58512	1.06194
415.82618	1.05792
416.06724	1.05377
416.30830	1.04947
416.54936	1.04496
416.79041	1.04019
417.03147	1.03510
417.27253	1.02963
417.51359	1.02374
417.75465	1.01744
417.99571	1.01076
418.23677	1.00377
418.47782	0.99657
418.71888	0.98925
418.95994	0.98193
419.20100	0.97469
419.44206	0.96759
419.68312	0.96065
419.92418	0.95386
420.16524	0.94717
420.40629	0.94053
420.64735	0.93389
420.88841	0.92719
421.12947	0.92042
421.37053	0.91358
421.61159	0.90668
421.85265	0.89976
422.09370	0.89286
422.33476	0.88600
422.57582	0.87918
422.81688	0.87238
423.05794	0.86555
423.29900	0.85862
423.54006	0.85149
423.78112	0.84409
424.02217	0.83634
424.26323	0.82821
424.50429	0.81968
424.74535	0.81076
424.98641	0.80149
425.22747	0.79193
425.46853	0.78216
425.70958	0.77222
425.95064	0.76220
426.19170	0.75216
426.43276	0.74213
426.67382	0.73217
426.91488	0.72233
427.15594	0.71265
427.39699	0.70318
427.63805	0.69397
427.87911	0.68506
428.12017	0.67648
428.36123	0.66826
428.60229	0.66042
428.84335	0.65292
429.08441	0.64576
429.32546	0.63888
429.56652	0.63222
429.80758	0.62572
430.04864	0.61930
430.28970	0.61290
430.53076	0.60646
430.77182	0.59995
431.01287	0.59334
431.25393	0.58663
431.49499	0.57982
431.73605	0.57294
431.97711	0.56601
432.21817	0.55905
432.45923	0.55206
432.70029	0.54505
432.94134	0.53801
433.18240	0.53095
433.42346	0.52384
433.66452	0.51671
433.90558	0.50955
434.14664	0.50241
434.38770	0.49535
434.62875	0.48844
434.86981	0.48177
435.11087	0.47542
435.35193	0.46946
435.59299	0.46394
435.83405	0.45890
436.07511	0.45435
436.31617	0.45030
436.55722	0.44674
436.79828	0.44365
437.03934	0.44103
437.28040	0.43885
437.52146	0.43713
437.76252	0.43588
438.00358	0.43510
438.24463	0.43482
438.48569	0.43504
438.72675	0.43577
438.96781	0.43700
439.20887	0.43872
439.44993	0.44089
439.69099	0.44349
439.93204	0.44644
440.17310	0.44971
440.41416	0.45326
440.65522	0.45703
440.89628	0.46098
441.13734	0.46510
441.37840	0.46935
441.61946	0.47371
441.86051	0.47814
442.10157	0.48265
442.34263	0.48719
442.58369	0.49174
442.82475	0.49624
443.06581	0.50065
443.30687	0.50491
443.54792	0.50898
443.78898	0.51281
444.03004	0.51638
444.27110	0.51968
444.51216	0.52270
444.75322	0.52544
444.99428	0.52791
445.23534	0.53012
445.47639	0.53205
445.71745	0.53369
445.95851	0.53503
446.19957	0.53606
446.44063	0.53675
446.68169	0.53709
446.92275	0.53707
447.16380	0.53671
447.40486	0.53603
447.64592	0.53507
447.88698	0.53386
448.12804	0.53246
448.36910	0.53090
448.61016	0.52922
448.85122	0.52744
449.09227	0.52558
449.33333	0.52363
449.57439	0.52160
449.81545	0.51950
450.05651	0.51734
450.29757	0.51513
450.53863	0.51292
450.77968	0.51076
451.02074	0.50869
451.26180	0.50678
451.50286	0.50506
451.74392	0.50356
451.98498	0.50230
452.22604	0.50127
452.46710	0.50043
452.70815	0.49974
452.94921	0.49914
453.19027	0.49857
453.43133	0.49799
453.67239	0.49734
453.91345	0.49660
454.15451	0.49575
454.39556	0.49480
454.63662	0.49374
454.87768	0.49260
455.11874	0.49138
455.35980	0.49011
455.60086	0.48879
455.84192	0.48744
456.08297	0.48605
456.32403	0.48465
456.56509	0.48324
456.80615	0.48184
457.04721	0.48048
457.28827	0.47919
457.52933	0.47800
457.77039	0.47695
458.01144	0.47609
458.25250	0.47542
458.49356	0.47499
458.73462	0.47481
458.97568	0.47487
459.21674	0.47520
459.45780	0.47579
459.69885	0.47665
459.93991	0.47778
460.18097	0.47919
460.42203	0.48087
460.66309	0.48285
460.90415	0.48512
461.14521	0.48769
461.38627	0.49053
461.62732	0.49363
461.86838	0.49695
462.10944	0.50046
462.35050	0.50410
462.59156	0.50782
462.83262	0.51158
463.07368	0.51534
463.31473	0.51906
463.55579	0.52272
463.79685	0.52631
464.03791	0.52983
464.27897	0.53329
464.52003	0.53668
464.76109	0.54001
465.00215	0.54327
465.24320	0.54645
465.48426	0.54953
465.72532	0.55249
465.96638	0.55532
466.20744	0.55798
466.44850	0.56048
466.68956	0.56279
466.93061	0.56492
467.17167	0.56687
467.41273	0.56866
467.65379	0.57028
467.89485	0.57173
468.13591	0.57303
468.37697	0.57416
468.61802	0.57512
468.85908	0.57590
469.10014	0.57649
469.34120	0.57690
469.58226	0.57713
469.82332	0.57721
470.06438	0.57717
470.30544	0.57704
470.54649	0.57687
470.78755	0.57670
471.02861	0.57655
471.26967	0.57645
471.51073	0.57641
471.75179	0.57641
471.99285	0.57644
472.23390	0.57646
472.47496	0.57646
472.71602	0.57641
472.95708	0.57630
473.19814	0.57613
473.43920	0.57590
473.68026	0.57565
473.92132	0.57538
474.16237	0.57513
474.40343	0.57489
474.64449	0.57468
474.88555	0.57449
475.12661	0.57429
475.36767	0.57406
475.60873	0.57377
475.84978	0.57341
476.09084	0.57296
476.33190	0.57243
476.57296	0.57184
476.81402	0.57120
477.05508	0.57055
477.29614	0.56990
477.53720	0.56928
477.77825	0.56871
478.01931	0.56818
478.26037	0.56768
478.50143	0.56720
478.74249	0.56672
478.98355	0.56620
479.22461	0.56565
479.46566	0.56503
479.70672	0.56435
479.94778	0.56361
480.18884	0.56281
480.42990	0.56197
480.67096	0.56110
480.91202	0.56021
481.15307	0.55931
481.39413	0.55840
481.63519	0.55748
481.87625	0.55654
482.11731	0.55556
482.35837	0.55452
482.59943	0.55341
482.84049	0.55222
483.08154	0.55094
483.32260	0.54958
483.56366	0.54814
483.80472	0.54663
484.04578	0.54507
484.28684	0.54347
484.52790	0.54183
484.76895	0.54017
485.01001	0.53848
485.25107	0.53675
485.49213	0.53499
485.73319	0.53318
485.97425	0.53133
486.21531	0.52945
486.45637	0.52754
486.69742	0.52563
486.93848	0.52374
487.17954	0.52187
487.42060	0.52006
487.66166	0.51830
487.90272	0.51658
488.14378	0.51490
488.38483	0.51323
488.62589	0.51156
488.86695	0.50987
489.10801	0.50816
489.34907	0.50642
489.59013	0.50465
489.83119	0.50289
490.07225	0.50114
490.31330	0.49943
490.55436	0.49777
490.79542	0.49617
491.03648	0.49463
491.27754	0.49314
491.51860	0.49169
491.75966	0.49025
492.00071	0.48882
492.24177	0.48738
492.48283	0.48592
492.72389	0.48445
492.96495	0.48299
493.20601	0.48155
493.44707	0.48015
493.68812	0.47881
493.92918	0.47754
494.17024	0.47634
494.41130	0.47522
494.65236	0.47415
494.89342	0.47312
495.13448	0.47210
495.37554	0.47109
495.61659	0.47005
495.85765	0.46900
496.09871	0.46794
496.33977	0.46687
496.58083	0.46581
496.82189	0.46479
497.06295	0.46379
497.30400	0.46284
497.54506	0.46192
497.78612	0.46100
498.02718	0.46005
498.26824	0.45906
498.50930	0.45798
498.75036	0.45680
498.99142	0.45551
499.23247	0.45412
499.47353	0.45265
499.71459	0.45111
499.95565	0.44954
500.19671	0.44797
500.43777	0.44640
500.67883	0.44485
500.91988	0.44331
501.16094	0.44176
501.40200	0.44017
501.64306	0.43852
501.88412	0.43677
502.12518	0.43490
502.36624	0.43289
502.60730	0.43073
502.84835	0.42842
503.08941	0.42596
503.33047	0.42334
503.57153	0.42055
503.81259	0.41760
504.05365	0.41447
504.29471	0.41118
504.53576	0.40773
504.77682	0.40417
505.01788	0.40054
505.25894	0.39695
505.50000	0.39348
505.74106	0.39030
505.98212	0.38756
506.22318	0.38541
506.46423	0.38401
506.70529	0.38347
506.94635	0.38388
507.18741	0.38526
507.42847	0.38759
507.66953	0.39079
507.91059	0.39475
508.15164	0.39932
508.39270	0.40433
508.63376	0.40962
508.87482	0.41503
509.11588	0.42044
509.35694	0.42571
509.59800	0.43081
509.83905	0.43568
510.08011	0.44031
510.32117	0.44466
510.56223	0.44875
510.80329	0.45255
511.04435	0.45607
511.28541	0.45931
511.52647	0.46227
511.76752	0.46496
512.00858	0.46742
512.24964	0.46967
512.49070	0.47175
512.73176	0.47372
512.97282	0.47559
513.21388	0.47742
513.45493	0.47920
513.69599	0.48093
513.93705	0.48261
514.17811	0.48420
514.41917	0.48567
514.66023	0.48701
514.90129	0.48821
515.14235	0.48925
515.38340	0.49016
515.62446	0.49096
515.86552	0.49168
516.10658	0.49236
516.34764	0.49303
516.58870	0.49369
516.82976	0.49437
517.07081	0.49506
517.31187	0.49574
517.55293	0.49639
517.79399	0.49700
518.03505	0.49755
518.27611	0.49802
518.51717	0.49842
518.75823	0.49877
518.99928	0.49907
519.24034	0.49936
519.48140	0.49966
519.72246	0.49999
519.96352	0.50037
520.20458	0.50080
520.44564	0.50128
520.68669	0.50178
520.92775	0.50228
521.16881	0.50276
521.40987	0.50319
521.65093	0.50356
521.89199	0.50386
522.13305	0.50411
522.37410	0.50433
522.61516	0.50453
522.85622	0.50473
523.09728	0.50494
523.33834	0.50518
523.57940	0.50541
523.82046	0.50564
524.06152	0.50582
524.30257	0.50593
524.54363	0.50596
524.78469	0.50590
525.02575	0.50577
525.26681	0.50558
525.50787	0.50538
525.74893	0.50522
525.98998	0.50515
526.23104	0.50523
526.47210	0.50548
526.71316	0.50594
526.95422	0.50662
527.19528	0.50750
527.43634	0.50857
527.67740	0.50981
527.91845	0.51119
528.15951	0.51270
528.40057	0.51433
528.64163	0.51607
528.88269	0.51793
529.12375	0.51993
529.36481	0.52207
529.60586	0.52436
529.84692	0.52681
530.08798	0.52940
530.32904	0.53210
530.57010	0.53490
530.81116	0.53774
531.05222	0.54059
531.29328	0.54342
531.53433	0.54620
531.77539	0.54893
532.01645	0.55160
532.25751	0.55423
532.49857	0.55683
532.73963	0.55942
532.98069	0.56200
533.22174	0.56457
533.46280	0.56711
533.70386	0.56959
533.94492	0.57196
534.18598	0.57420
534.42704	0.57627
534.66810	0.57815
534.90915	0.57982
535.15021	0.58129
535.39127	0.58259
535.63233	0.58372
535.87339	0.58471
536.11445	0.58559
536.35551	0.58637
536.59657	0.58705
536.83762	0.58762
537.07868	0.58807
537.31974	0.58838
537.56080	0.58854
537.80186	0.58854
538.04292	0.58837
538.28398	0.58804
538.52503	0.58759
538.76609	0.58702
539.00715	0.58637
539.24821	0.58567
539.48927	0.58495
539.73033	0.58423
539.97139	0.58352
540.21245	0.58283
540.45350	0.58217
540.69456	0.58155
540.93562	0.58100
541.17668	0.58052
541.41774	0.58016
541.65880	0.57993
541.89986	0.57988
542.14091	0.58002
542.38197	0.58037
542.62303	0.58093
542.86409	0.58169
543.10515	0.58259
543.34621	0.58361
543.58727	0.58467
543.82833	0.58574
544.06938	0.58675
544.31044	0.58768
544.55150	0.58850
544.79256	0.58921
545.03362	0.58982
545.27468	0.59033
545.51574	0.59075
545.75679	0.59110
545.99785	0.59135
546.23891	0.59148
546.47997	0.59146
546.72103	0.59123
546.96209	0.59076
547.20315	0.58999
547.44421	0.58890
547.68526	0.58748
547.92632	0.58575
548.16738	0.58373
548.40844	0.58147
548.64950	0.57900
548.89056	0.57637
549.13162	0.57363
549.37267	0.57079
549.61373	0.56790
549.85479	0.56496
550.09585	0.56199
550.33691	0.55901
550.57797	0.55608
550.81903	0.55322
551.06008	0.55051
551.30114	0.54802
551.54220	0.54581
551.78326	0.54395
552.02432	0.54249
552.26538	0.54147
552.50644	0.54088
552.74750	0.54071
552.98855	0.54094
553.22961	0.54150
553.47067	0.54236
553.71173	0.54345
553.95279	0.54475
554.19385	0.54623
554.43491	0.54787
554.67596	0.54969
554.91702	0.55170
555.15808	0.55391
555.39914	0.55631
555.64020	0.55892
555.88126	0.56169
556.12232	0.56460
556.36338	0.56758
556.60443	0.57058
556.84549	0.57353
557.08655	0.57638
557.32761	0.57909
557.56867	0.58163
557.80973	0.58399
558.05079	0.58616
558.29184	0.58817
558.53290	0.59000
558.77396	0.59168
559.01502	0.59320
559.25608	0.59453
559.49714	0.59567
559.73820	0.59659
559.97926	0.59726
560.22031	0.59767
560.46137	0.59781
560.70243	0.59769
560.94349	0.59734
561.18455	0.59679
561.42561	0.59607
561.66667	0.59523
561.90772	0.59429
562.14878	0.59328
562.38984	0.59221
562.63090	0.59109
562.87196	0.58991
563.11302	0.58867
563.35408	0.58738
563.59513	0.58603
563.83619	0.58464
564.07725	0.58325
564.31831	0.58189
564.55937	0.58060
564.80043	0.57941
565.04149	0.57834
565.28255	0.57742
565.52360	0.57664
565.76466	0.57597
566.00572	0.57539
566.24678	0.57487
566.48784	0.57434
566.72890	0.57379
566.96996	0.57317
567.21101	0.57249
567.45207	0.57173
567.69313	0.57092
567.93419	0.57009
568.17525	0.56926
568.41631	0.56846
568.65737	0.56771
568.89843	0.56702
569.13948	0.56640
569.38054	0.56582
569.62160	0.56526
569.86266	0.56472
570.10372	0.56417
570.34478	0.56360
570.58584	0.56302
570.82689	0.56245
571.06795	0.56191
571.30901	0.56145
571.55007	0.56108
571.79113	0.56083
572.03219	0.56071
572.27325	0.56070
572.51431	0.56078
572.75536	0.56093
572.99642	0.56111
573.23748	0.56127
573.47854	0.56141
573.71960	0.56150
573.96066	0.56154
574.20172	0.56155
574.44277	0.56155
574.68383	0.56154
574.92489	0.56156
575.16595	0.56160
575.40701	0.56168
575.64807	0.56180
575.88913	0.56194
576.13018	0.56212
576.37124	0.56233
576.61230	0.56259
576.85336	0.56291
577.09442	0.56333
577.33548	0.56387
577.57654	0.56456
577.81760	0.56540
578.05865	0.56642
578.29971	0.56759
578.54077	0.56890
578.78183	0.57032
579.02289	0.57180
579.26395	0.57331
579.50501	0.57480
579.74606	0.57627
579.98712	0.57768
580.22818	0.57903
580.46924	0.58033
580.71030	0.58158
580.95136	0.58280
581.19242	0.58398
581.43348	0.58514
581.67453	0.58627
581.91559	0.58736
582.15665	0.58840
582.39771	0.58937
582.63877	0.59028
582.87983	0.59111
583.12089	0.59189
583.36194	0.59264
583.60300	0.59338
583.84406	0.59415
584.08512	0.59498
584.32618	0.59591
584.56724	0.59694
584.80830	0.59808
585.04936	0.59932
585.29041	0.60062
585.53147	0.60196
585.77253	0.60331
586.01359	0.60465
586.25465	0.60595
586.49571	0.60723
586.73677	0.60847
586.97782	0.60971
587.21888	0.61097
587.45994	0.61224
587.70100	0.61355
587.94206	0.61489
588.18312	0.61624
588.42418	0.61757
588.66523	0.61885
588.90629	0.62004
589.14735	0.62113
589.38841	0.62208
589.62947	0.62290
589.87053	0.62360
590.11159	0.62419
590.35265	0.62471
590.59370	0.62518
590.83476	0.62563
591.07582	0.62608
591.31688	0.62654
591.55794	0.62699
591.79900	0.62743
592.04006	0.62784
592.28111	0.62822
592.52217	0.62855
592.76323	0.62884
593.00429	0.62910
593.24535	0.62934
593.48641	0.62958
593.72747	0.62985
593.96853	0.63015
594.20958	0.63048
594.45064	0.63085
594.69170	0.63123
594.93276	0.63159
595.17382	0.63191
595.41488	0.63216
595.65594	0.63233
595.89699	0.63241
596.13805	0.63240
596.37911	0.63230
596.62017	0.63214
596.86123	0.63193
597.10229	0.63168
597.34335	0.63140
597.58441	0.63110
597.82546	0.63078
598.06652	0.63043
598.30758	0.63005
598.54864	0.62965
598.78970	0.62925
599.03076	0.62887
599.27182	0.62854
599.51287	0.62831
599.75393	0.62821
599.99499	0.62827
600.23605	0.62852
600.47711	0.62895
600.71817	0.62953
600.95923	0.63024
601.20029	0.63101
601.44134	0.63178
601.68240	0.63248
601.92346	0.63306
602.16452	0.63348
602.40558	0.63369
602.64664	0.63369
602.88770	0.63348
603.12875	0.63307
603.36981	0.63247
603.61087	0.63170
603.85193	0.63077
604.09299	0.62968
604.33405	0.62842
604.57511	0.62699
604.81616	0.62535
605.05722	0.62350
605.29828	0.62143
605.53934	0.61913
605.78040	0.61663
606.02146	0.61395
606.26252	0.61112
606.50358	0.60818
606.74463	0.60517
606.98569	0.60210
607.22675	0.59898
607.46781	0.59582
607.70887	0.59260
607.94993	0.58928
608.19099	0.58583
608.43204	0.58222
608.67310	0.57843
608.91416	0.57443
609.15522	0.57021
609.39628	0.56579
609.63734	0.56116
609.87840	0.55633
610.11946	0.55131
610.36051	0.54611
610.60157	0.54071
610.84263	0.53513
611.08369	0.52934
611.32475	0.52337
611.56581	0.51722
611.80687	0.51093
612.04792	0.50454
612.28898	0.49813
612.53004	0.49175
612.77110	0.48552
613.01216	0.47952
613.25322	0.47383
613.49428	0.46856
613.73534	0.46377
613.97639	0.45951
614.21745	0.45581
614.45851	0.45269
614.69957	0.45013
614.94063	0.44812
615.18169	0.44661
615.42275	0.44556
615.66380	0.44491
615.90486	0.44459
616.14592	0.44455
616.38698	0.44473
616.62804	0.44505
616.86910	0.44546
617.11016	0.44590
617.35121	0.44631
617.59227	0.44664
617.83333	0.44685
618.07439	0.44690
618.31545	0.44677
618.55651	0.44645
618.79757	0.44595
619.03863	0.44529
619.27968	0.44448
619.52074	0.44355
619.76180	0.44253
620.00286	0.44144
620.24392	0.44027
620.48498	0.43905
620.72604	0.43775
620.96709	0.43636
621.20815	0.43487
621.44921	0.43326
621.69027	0.43152
621.93133	0.42964
622.17239	0.42762
622.41345	0.42547
622.65451	0.42321
622.89556	0.42083
623.13662	0.41835
623.37768	0.41577
623.61874	0.41309
623.85980	0.41030
624.10086	0.40740
624.34192	0.40439
624.58297	0.40126
624.82403	0.39802
625.06509	0.39469
625.30615	0.39130
625.54721	0.38786
625.78827	0.38440
626.02933	0.38095
626.27039	0.37752
626.51144	0.37412
626.75250	0.37075
626.99356	0.36739
627.23462	0.36402
627.47568	0.36061
627.71674	0.35712
627.95780	0.35350
628.19885	0.34971
628.43991	0.34573
628.68097	0.34153
628.92203	0.33710
629.16309	0.33245
629.40415	0.32762
629.64521	0.32266
629.88626	0.31764
630.12732	0.31266
630.36838	0.30782
630.60944	0.30320
630.85050	0.29891
631.09156	0.29504
631.33262	0.29164
631.57368	0.28875
631.81473	0.28638
632.05579	0.28451
632.29685	0.28311
632.53791	0.28211
632.77897	0.28144
633.02003	0.28099
633.26109	0.28069
633.50214	0.28044
633.74320	0.28017
633.98426	0.27980
634.22532	0.27928
634.46638	0.27858
634.70744	0.27768
634.94850	0.27659
635.18956	0.27533
635.43061	0.27391
635.67167	0.27238
635.91273	0.27076
636.15379	0.26909
636.39485	0.26738
636.63591	0.26567
636.87697	0.26395
637.11802	0.26223
637.35908	0.26052
637.60014	0.25881
637.84120	0.25710
638.08226	0.25540
638.32332	0.25370
638.56438	0.25200
638.80544	0.25032
639.04649	0.24864
639.28755	0.24695
639.52861	0.24525
639.76967	0.24353
640.01073	0.24177
640.25179	0.23994
640.49285	0.23805
640.73390	0.23607
640.97496	0.23399
641.21602	0.23183
641.45708	0.22958
641.69814	0.22726
641.93920	0.22487
642.18026	0.22243
642.42132	0.21998
642.66237	0.21751
642.90343	0.21507
643.14449	0.21267
643.38555	0.21033
643.62661	0.20808
643.86767	0.20594
644.10873	0.20392
644.34978	0.20205
644.59084	0.20033
644.83190	0.19877
645.07296	0.19738
645.31402	0.19615
645.55508	0.19506
645.79614	0.19410
646.03719	0.19325
646.27825	0.19248
646.51931	0.19175
646.76037	0.19105
647.00143	0.19033
647.24249	0.18959
647.48355	0.18880
647.72461	0.18795
647.96566	0.18704
648.20672	0.18605
648.44778	0.18499
648.68884	0.18386
648.92990	0.18266
649.17096	0.18139
649.41202	0.18006
649.65307	0.17866
649.89413	0.17722
650.13519	0.17573
650.37625	0.17421
650.61731	0.17267
650.85837	0.17113
651.09943	0.16959
651.34049	0.16808
651.58154	0.16659
651.82260	0.16514
652.06366	0.16373
652.30472	0.16236
652.54578	0.16101
652.78684	0.15968
653.02790	0.15837
653.26895	0.15705
653.51001	0.15571
653.75107	0.15435
653.99213	0.15296
654.23319	0.15152
654.47425	0.15002
654.71531	0.14845
654.95637	0.14681
655.19742	0.14508
655.43848	0.14325
655.67954	0.14130
655.92060	0.13924
656.16166	0.13705
656.40272	0.13474
656.64378	0.13229
656.88483	0.12974
657.12589	0.12708
657.36695	0.12435
657.60801	0.12158
657.84907	0.11880
658.09013	0.11605
658.33119	0.11339
658.57224	0.11086
658.81330	0.10851
659.05436	0.10638
659.29542	0.10451
659.53648	0.10293
659.77754	0.10167
660.01860	0.10071
660.25966	0.10006
660.50071	0.09969
660.74177	0.09957
660.98283	0.09964
661.22389	0.09987
661.46495	0.10019
661.70601	0.10055
661.94707	0.10090
662.18812	0.10120
662.42918	0.10142
662.67024	0.10154
662.91130	0.10154
663.15236	0.10142
663.39342	0.10119
663.63448	0.10084
663.87554	0.10040
664.11659	0.09987
664.35765	0.09926
664.59871	0.09858
664.83977	0.09785
665.08083	0.09707
665.32189	0.09624
665.56295	0.09537
665.80400	0.09446
666.04506	0.09353
666.28612	0.09258
666.52718	0.09160
666.76824	0.09062
667.00930	0.08963
667.25036	0.08862
667.49142	0.08760
667.73247	0.08658
667.97353	0.08554
668.21459	0.08448
668.45565	0.08341
668.69671	0.08233
668.93777	0.08125
669.17883	0.08015
669.41988	0.07906
669.66094	0.07796
669.90200	0.07687
670.14306	0.07578
670.38412	0.07469
670.62518	0.07361
670.86624	0.07253
671.10729	0.07146
671.34835	0.07039
671.58941	0.06933
671.83047	0.06828
672.07153	0.06725
672.31259	0.06624
672.55365	0.06526
672.79471	0.06430
673.03576	0.06336
673.27682	0.06245
673.51788	0.06156
673.75894	0.06069
674.00000	0.05981
674.24106	0.05894
674.48212	0.05805
674.72317	0.05714
674.96423	0.05622
675.20529	0.05527
675.44635	0.05429
675.68741	0.05330
675.92847	0.05228
676.16953	0.05125
676.41059	0.05020
676.65164	0.04915
676.89270	0.04810
677.13376	0.04705
677.37482	0.04600
677.61588	0.04497
677.85694	0.04395
678.09800	0.04295
678.33905	0.04197
678.58011	0.04102
678.82117	0.04009
679.06223	0.03919
679.30329	0.03831
679.54435	0.03747
679.78541	0.03665
680.02647	0.03585
680.26752	0.03508
680.50858	0.03433
680.74964	0.03360
680.99070	0.03289
681.23176	0.03220
681.47282	0.03151
681.71388	0.03084
681.95493	0.03018
682.19599	0.02953
682.43705	0.02889
682.67811	0.02825
682.91917	0.02763
683.16023	0.02702
683.40129	0.02642
683.64234	0.02582
683.88340	0.02524
684.12446	0.02466
684.36552	0.02410
684.60658	0.02355
684.84764	0.02301
685.08870	0.02249
685.32976	0.02198
685.57081	0.02149
685.81187	0.02102
686.05293	0.02056
686.29399	0.02012
686.53505	0.01970
686.77611	0.01930
687.01717	0.01891
687.25822	0.01854
687.49928	0.01819
687.74034	0.01785
687.98140	0.01754
688.22246	0.01724
688.46352	0.01695
688.70458	0.01668
688.94564	0.01641
689.18669	0.01615
689.42775	0.01590
689.66881	0.01565
689.90987	0.01541
690.15093	0.01518
690.39199	0.01495
690.63305	0.01473
690.87410	0.01453
691.11516	0.01433
691.35622	0.01415
691.59728	0.01397
691.83834	0.01379
692.07940	0.01362
692.32046	0.01345
692.56152	0.01327
692.80257	0.01309
693.04363	0.01290
693.28469	0.01270
693.52575	0.01249
693.76681	0.01227
694.00787	0.01204
694.24893	0.01180
694.48998	0.01156
694.73104	0.01131
694.97210	0.01106
695.21316	0.01080
695.45422	0.01055
695.69528	0.01028
695.93634	0.01002
696.17740	0.00975
696.41845	0.00948
696.65951	0.00920
696.90057	0.00891
697.14163	0.00863
697.38269	0.00835
697.62375	0.00807
697.86481	0.00779
698.10586	0.00753
698.34692	0.00726
698.58798	0.00700
698.82904	0.00675
699.07010	0.00650
699.31116	0.00626
699.55222	0.00602
699.79327	0.00579
700.03433	0.00556
700.27539	0.00535
700.51645	0.00515
700.75751	0.00496
700.99857	0.00479
701.23963	0.00463
701.48069	0.00449
701.72174	0.00436
701.96280	0.00423
702.20386	0.00412
702.44492	0.00403
702.68598	0.00394
702.92704	0.00388
703.16810	0.00382
703.40915	0.00378
703.65021	0.00375
703.89127	0.00373
704.13233	0.00371
704.37339	0.00370
704.61445	0.00370
704.85551	0.00369
705.09657	0.00368
705.33762	0.00368
705.57868	0.00368
705.81974	0.00368
706.06080	0.00368
706.30186	0.00369
706.54292	0.00370
706.78398	0.00371
707.02503	0.00371
707.26609	0.00372
707.50715	0.00371
707.74821	0.00370
707.98927	0.00368
708.23033	0.00365
708.47139	0.00361
708.71245	0.00356
708.95350	0.00351
709.19456	0.00345
709.43562	0.00340
709.67668	0.00336
709.91774	0.00333
710.15880	0.00332
710.39986	0.00332
710.64091	0.00334
710.88197	0.00337
711.12303	0.00341
711.36409	0.00344
711.60515	0.00348
711.84621	0.00350
712.08727	0.00351
712.32832	0.00351
712.56938	0.00350
712.81044	0.00348
713.05150	0.00346
713.29256	0.00345
713.53362	0.00345
713.77468	0.00345
714.01574	0.00346
714.25679	0.00349
714.49785	0.00352
714.73891	0.00355
714.97997	0.00359
715.22103	0.00363
715.46209	0.00366
715.70315	0.00368
715.94420	0.00370
716.18526	0.00371
716.42632	0.00371
716.66738	0.00370
716.90844	0.00368
717.14950	0.00366
717.39056	0.00363
717.63162	0.00359
717.87267	0.00356
718.11373	0.00352
718.35479	0.00349
718.59585	0.00346
718.83691	0.00343
719.07797	0.00342
719.31903	0.00341
719.56008	0.00340
719.80114	0.00340
720.04220	0.00340
720.28326	0.00340
720.52432	0.00340
720.76538	0.00340
721.00644	0.00339
721.24750	0.00339
721.48855	0.00338
721.72961	0.00338
721.97067	0.00337
722.21173	0.00337
722.45279	0.00337
722.69385	0.00337
722.93491	0.00336
723.17596	0.00335
723.41702	0.00333
723.65808	0.00330
723.89914	0.00328
724.14020	0.00325
724.38126	0.00323
724.62232	0.00321
724.86337	0.00320
725.10443	0.00320
725.34549	0.00321
725.58655	0.00322
725.82761	0.00324
726.06867	0.00326
726.30973	0.00328
726.55079	0.00329
726.79184	0.00329
727.03290	0.00329
727.27396	0.00328
727.51502	0.00327
727.75608	0.00326
727.99714	0.00325
728.23820	0.00325
728.47925	0.00324
728.72031	0.00324
728.96137	0.00324
729.20243	0.00324
729.44349	0.00324
729.68455	0.00323
729.92561	0.00321
730.16667	0.00319
730.40772	0.00317
730.64878	0.00314
730.88984	0.00312
731.13090	0.00309
731.37196	0.00308
731.61302	0.00306
731.85408	0.00306
732.09513	0.00306
732.33619	0.00306
732.57725	0.00307
732.81831	0.00308
733.05937	0.00310
733.30043	0.00312
733.54149	0.00313
733.78255	0.00314
734.02360	0.00315
734.26466	0.00315
734.50572	0.00315
734.74678	0.00314
734.98784	0.00312
735.22890	0.00311
735.46996	0.00309
735.71101	0.00307
735.95207	0.00306
736.19313	0.00304
736.43419	0.00303
736.67525	0.00303
736.91631	0.00302
737.15737	0.00302
737.39842	0.00302
737.63948	0.00303
737.88054	0.00304
738.12160	0.00305
738.36266	0.00306
738.60372	0.00307
738.84478	0.00308
739.08584	0.00308
739.32689	0.00308
739.56795	0.00306
739.80901	0.00304
740.05007	0.00301
740.29113	0.00297
740.53219	0.00293
740.77325	0.00288
741.01430	0.00284
741.25536	0.00281
741.49642	0.00279
741.73748	0.00278
741.97854	0.00279
742.21960	0.00280
742.46066	0.00283
742.70172	0.00287
742.94277	0.00291
743.18383	0.00294
743.42489	0.00298
743.66595	0.00300
743.90701	0.00301
744.14807	0.00302
744.38913	0.00302
744.63018	0.00301
744.87124	0.00300
745.11230	0.00299
745.35336	0.00298
745.59442	0.00298
745.83548	0.00297
746.07654	0.00297
746.31760	0.00298
746.55865	0.00299
746.79971	0.00300
747.04077	0.00302
747.28183	0.00305
747.52289	0.00308
747.76395	0.00311
748.00501	0.00315
748.24606	0.00319
748.48712	0.00324
748.72818	0.00328
748.96924	0.00333
749.21030	0.00337
749.45136	0.00342
749.69242	0.00347
749.93348	0.00352
750.17453	0.00359
750.41559	0.00366
750.65665	0.00374
750.89771	0.00383
751.13877	0.00393
751.37983	0.00404
751.62089	0.00415
751.86194	0.00427
752.10300	0.00439
752.34406	0.00452
752.58512	0.00465
752.82618	0.00478
753.06724	0.00492
753.30830	0.00506
753.54935	0.00521
753.79041	0.00537
754.03147	0.00553
754.27253	0.00569
754.51359	0.00585
754.75465	0.00602
754.99571	0.00617
755.23677	0.00632
755.47782	0.00647
755.71888	0.00660
755.95994	0.00674
756.20100	0.00686
756.44206	0.00699
756.68312	0.00712
756.92418	0.00725
757.16523	0.00740
757.40629	0.00757
757.64735	0.00774
757.88841	0.00793
758.12947	0.00813
758.37053	0.00832
758.61159	0.00852
758.85265	0.00870
759.09370	0.00886
759.33476	0.00901
759.57582	0.00915
759.81688	0.00927
760.05794	0.00939
760.29900	0.00950
760.54006	0.00962
760.78111	0.00974
761.02217	0.00987
761.26323	0.01001
761.50429	0.01015
761.74535	0.01030
761.98641	0.01045
762.22747	0.01059
762.46853	0.01073
762.70958	0.01087
762.95064	0.01099
763.19170	0.01111
763.43276	0.01122
763.67382	0.01132
763.91488	0.01142
764.15594	0.01151
764.39699	0.01161
764.63805	0.01170
764.87911	0.01180
765.12017	0.01190
765.36123	0.01201
765.60229	0.01211
765.84335	0.01222
766.08440	0.01232
766.32546	0.01240
766.56652	0.01248
766.80758	0.01254
767.04864	0.01257
767.28970	0.01259
767.53076	0.01260
767.77182	0.01258
768.01287	0.01256
768.25393	0.01254
768.49499	0.01251
768.73605	0.01250
768.97711	0.01249
769.21817	0.01249
769.45923	0.01251
769.70028	0.01253
769.94134	0.01257
770.18240	0.01261
770.42346	0.01266
770.66452	0.01270
770.90558	0.01275
771.14664	0.01281
771.38770	0.01286
771.62875	0.01293
771.86981	0.01300
772.11087	0.01308
772.35193	0.01317
772.59299	0.01326
772.83405	0.01337
773.07511	0.01349
773.31616	0.01362
773.55722	0.01375
773.79828	0.01390
774.03934	0.01406
774.28040	0.01423
774.52146	0.01441
774.76252	0.01460
775.00358	0.01480
775.24463	0.01501
775.48569	0.01520
775.72675	0.01540
775.96781	0.01558
776.20887	0.01574
776.44993	0.01589
776.69099	0.01603
776.93204	0.01616
777.17310	0.01628
777.41416	0.01640
777.65522	0.01652
777.89628	0.01664
778.13734	0.01677
778.37840	0.01691
778.61945	0.01705
778.86051	0.01720
779.10157	0.01735
779.34263	0.01750
779.58369	0.01765
779.82475	0.01779
780.06581	0.01793
780.30687	0.01805
780.54792	0.01817
780.78898	0.01827
781.03004	0.01837
781.27110	0.01845
781.51216	0.01852
781.75322	0.01858
781.99428	0.01863
782.23533	0.01869
782.47639	0.01873
782.71745	0.01878
782.95851	0.01883
783.19957	0.01888
783.44063	0.01894
783.68169	0.01898
783.92275	0.01903
784.16380	0.01906
784.40486	0.01908
784.64592	0.01909
784.88698	0.01909
785.12804	0.01906
785.36910	0.01903
785.61016	0.01898
785.85121	0.01891
786.09227	0.01883
786.33333	0.01875
786.57439	0.01865
786.81545	0.01854
787.05651	0.01842
787.29757	0.01828
787.53863	0.01814
787.77968	0.01798
788.02074	0.01780
788.26180	0.01762
788.50286	0.01742
788.74392	0.01722
788.98498	0.01702
789.22604	0.01681
789.46709	0.01660
789.70815	0.01639
789.94921	0.01619
790.19027	0.01598
790.43133	0.01578
790.67239	0.01557
790.91345	0.01536
791.15451	0.01516
791.39556	0.01495
791.63662	0.01476
791.87768	0.01457
792.11874	0.01439
792.35980	0.01423
792.60086	0.01409
792.84192	0.01397
793.08297	0.01387
793.32403	0.01379
793.56509	0.01372
793.80615	0.01367
794.04721	0.01363
794.28827	0.01360
794.52933	0.01358
794.77038	0.01356
795.01144	0.01355
795.25250	0.01354
795.49356	0.01353
795.73462	0.01353
795.97568	0.01353
796.21674	0.01355
796.45780	0.01357
796.69885	0.01360
796.93991	0.01364
797.18097	0.01368
797.42203	0.01374
797.66309	0.01380
797.90415	0.01386
798.14521	0.01392
798.38626	0.01397
798.62732	0.01402
798.86838	0.01407
799.10944	0.01410
799.35050	0.01412
799.59156	0.01414
799.83262	0.01416
800.07368	0.01417
800.31473	0.01418
800.55579	0.01420
800.79685	0.01422
801.03791	0.01424
801.27897	0.01426
801.52003	0.01429
801.76109	0.01431
802.00214	0.01433
802.24320	0.01434
802.48426	0.01434
802.72532	0.01433
802.96638	0.01431
803.20744	0.01427
803.44850	0.01422
803.68956	0.01416
803.93061	0.01409
804.17167	0.01400
804.41273	0.01390
804.65379	0.01380
804.89485	0.01368
805.13591	0.01355
805.37697	0.01341
805.61802	0.01326
805.85908	0.01310
806.10014	0.01293
806.34120	0.01276
806.58226	0.01258
806.82332	0.01240
807.06438	0.01223
807.30543	0.01208
807.54649	0.01194
807.78755	0.01183
808.02861	0.01176
808.26967	0.01172
808.51073	0.01172
808.75179	0.01175
808.99285	0.01182
809.23390	0.01192
809.47496	0.01204
809.71602	0.01219
809.95708	0.01236
810.19814	0.01255
810.43920	0.01277
810.68026	0.01302
810.92131	0.01329
811.16237	0.01358
811.40343	0.01389
811.64449	0.01422
811.88555	0.01455
812.12661	0.01490
812.36767	0.01524
812.60873	0.01557
812.84978	0.01590
813.09084	0.01621
813.33190	0.01649
813.57296	0.01676
813.81402	0.01701
814.05508	0.01723
814.29614	0.01742
814.53719	0.01760
814.77825	0.01775
815.01931	0.01789
815.26037	0.01802
815.50143	0.01813
815.74249	0.01824
815.98355	0.01835
816.22461	0.01845
816.46566	0.01855
816.70672	0.01865
816.94778	0.01875
817.18884	0.01884
817.42990	0.01894
817.67096	0.01903
817.91202	0.01911
818.15307	0.01919
818.39413	0.01925
818.63519	0.01930
818.87625	0.01934
819.11731	0.01936
819.35837	0.01937
819.59943	0.01936
819.84048	0.01935
820.08154	0.01933
820.32260	0.01930
820.56366	0.01928
820.80472	0.01926
821.04578	0.01924
821.28684	0.01923
821.52790	0.01921
821.76895	0.01919
822.01001	0.01917
822.25107	0.01913
822.49213	0.01908
822.73319	0.01902
822.97425	0.01894
823.21531	0.01886
823.45636	0.01878
823.69742	0.01869
823.93848	0.01860
824.17954	0.01851
824.42060	0.01843
824.66166	0.01835
824.90272	0.01827
825.14378	0.01818
825.38483	0.01809
825.62589	0.01800
825.86695	0.01790
826.10801	0.01779
826.34907	0.01767
826.59013	0.01754
826.83119	0.01740
827.07224	0.01726
827.31330	0.01711
827.55436	0.01695
827.79542	0.01680
828.03648	0.01664
828.27754	0.01649
828.51860	0.01633
828.75966	0.01618
829.00071	0.01603
829.24177	0.01587
829.48283	0.01572
829.72389	0.01557
829.96495	0.01541
830.20601	0.01525
830.44707	0.01508
830.68812	0.01490
830.92918	0.01471
831.17024	0.01451
831.41130	0.01430
831.65236	0.01408
831.89342	0.01384
832.13448	0.01360
832.37553	0.01334
832.61659	0.01306
832.85765	0.01278
833.09871	0.01249
833.33977	0.01220
833.58083	0.01190
833.82189	0.01159
834.06295	0.01128
834.30400	0.01097
834.54506	0.01066
834.78612	0.01034
835.02718	0.01000
835.26824	0.00965
835.50930	0.00928
835.75036	0.00888
835.99141	0.00846
836.23247	0.00802
836.47353	0.00755
836.71459	0.00706
836.95565	0.00656
837.19671	0.00606
837.43777	0.00556
837.67883	0.00507
837.91988	0.00460
838.16094	0.00417
838.40200	0.00378
838.64306	0.00344
838.88412	0.00316
839.12518	0.00292
839.36624	0.00273
839.60729	0.00259
839.84835	0.00249
840.08941	0.00242
840.33047	0.00237
840.57153	0.00234
840.81259	0.00234
841.05365	0.00234
841.29471	0.00236
841.53576	0.00240
841.77682	0.00246
842.01788	0.00253
842.25894	0.00263
842.50000	0.00274
842.74106	0.00287
842.98212	0.00301
843.22317	0.00315
843.46423	0.00330
843.70529	0.00345
843.94635	0.00360
844.18741	0.00374
844.42847	0.00388
844.66953	0.00401
844.91059	0.00413
845.15164	0.00425
845.39270	0.00435
845.63376	0.00445
845.87482	0.00453
846.11588	0.00460
846.35694	0.00466
846.59800	0.00471
846.83905	0.00474
847.08011	0.00477
847.32117	0.00478
847.56223	0.00479
847.80329	0.00480
848.04435	0.00481
848.28541	0.00483
848.52646	0.00485
848.76752	0.00489
849.00858	0.00494
849.24964	0.00500
849.49070	0.00507
849.73176	0.00515
849.97282	0.00523
850.21388	0.00531
850.45493	0.00540
850.69599	0.00547
850.93705	0.00555
851.17811	0.00561
851.41917	0.00568
851.66023	0.00574
851.90129	0.00581
852.14234	0.00588
852.38340	0.00594
852.62446	0.00601
852.86552	0.00608
853.10658	0.00615
853.34764	0.00621
853.58870	0.00627
853.82976	0.00633
854.07081	0.00638
854.31187	0.00643
854.55293	0.00648
854.79399	0.00653
855.03505	0.00657
855.27611	0.00661
855.51717	0.00665
855.75822	0.00669
855.99928	0.00673
856.24034	0.00677
856.48140	0.00681
856.72246	0.00685
856.96352	0.00690
857.20458	0.00694
857.44564	0.00698
857.68669	0.00702
857.92775	0.00705
858.16881	0.00708
858.40987	0.00710
858.65093	0.00712
858.89199	0.00712
859.13305	0.00713
859.37410	0.00713
859.61516	0.00712
859.85622	0.00711
860.09728	0.00710
860.33834	0.00709
860.57940	0.00708
860.82046	0.00707
861.06151	0.00706
861.30257	0.00705
861.54363	0.00705
861.78469	0.00705
862.02575	0.00704
862.26681	0.00703
862.50787	0.00701
862.74893	0.00698
862.98998	0.00693
863.23104	0.00686
863.47210	0.00678
863.71316	0.00668
863.95422	0.00657
864.19528	0.00645
864.43634	0.00632
864.67739	0.00619
864.91845	0.00606
865.15951	0.00594
865.40057	0.00583
865.64163	0.00572
865.88269	0.00563
866.12375	0.00555
866.36481	0.00548
866.60586	0.00541
866.84692	0.00535
867.08798	0.00529
867.32904	0.00521
867.57010	0.00514
867.81116	0.00505
868.05222	0.00494
868.29327	0.00483
868.53433	0.00471
868.77539	0.00459
869.01645	0.00448
869.25751	0.00436
869.49857	0.00426
869.73963	0.00417
869.98069	0.00408
870.22174	0.00402
870.46280	0.00396
870.70386	0.00392
870.94492	0.00390
871.18598	0.00389
871.42704	0.00391
871.66810	0.00395
871.90915	0.00402
872.15021	0.00411
872.39127	0.00423
872.63233	0.00436
872.87339	0.00452
873.11445	0.00468
873.35551	0.00486
873.59656	0.00503
873.83762	0.00519
874.07868	0.00534
874.31974	0.00548
874.56080	0.00560
874.80186	0.00570
875.04292	0.00579
875.28398	0.00585
875.52503	0.00590
875.76609	0.00594
876.00715	0.00597
876.24821	0.00599
876.48927	0.00601
876.73033	0.00602
876.97139	0.00604
877.21244	0.00605
877.45350	0.00606
877.69456	0.00607
877.93562	0.00606
878.17668	0.00605
878.41774	0.00602
878.65880	0.00598
878.89986	0.00592
879.14091	0.00585
879.38197	0.00577
879.62303	0.00569
879.86409	0.00560
880.10515	0.00551
880.34621	0.00542
880.58727	0.00533
880.82832	0.00525
881.06938	0.00518
881.31044	0.00510
881.55150	0.00504
881.79256	0.00497
882.03362	0.00491
882.27468	0.00484
882.51574	0.00477
882.75679	0.00470
882.99785	0.00463
883.23891	0.00454
883.47997	0.00445
883.72103	0.00435
883.96209	0.00424
884.20315	0.00413
884.44420	0.00401
884.68526	0.00389
884.92632	0.00377
885.16738	0.00366
885.40844	0.00355
885.64950	0.00344
885.89056	0.00334
886.13161	0.00325
886.37267	0.00316
886.61373	0.00308
886.85479	0.00300
887.09585	0.00293
887.33691	0.00286
887.57797	0.00279
887.81903	0.00272
888.06008	0.00267
888.30114	0.00261
888.54220	0.00257
888.78326	0.00253
889.02432	0.00249
889.26538	0.00246
889.50644	0.00243
889.74749	0.00240
889.98855	0.00238
890.22961	0.00236
890.47067	0.00234
890.71173	0.00233
890.95279	0.00230
891.19385	0.00228
891.43491	0.00225
891.67596	0.00222
891.91702	0.00219
892.15808	0.00215
892.39914	0.00211
892.64020	0.00207
892.88126	0.00204
893.12232	0.00201
893.36337	0.00198
893.60443	0.00197
893.84549	0.00196
894.08655	0.00195
894.32761	0.00194
894.56867	0.00194
894.80973	0.00192
895.05079	0.00190
895.29184	0.00187
895.53290	0.00182
895.77396	0.00176
896.01502	0.00169
896.25608	0.00162
896.49714	0.00153
896.73820	0.00144
896.97925	0.00135
897.22031	0.00126
897.46137	0.00117
897.70243	0.00109
897.94349	0.00101
898.18455	0.00095
898.42561	0.00088
898.66667	0.00083
898.90772	0.00078
899.14878	0.00074
899.38984	0.00071
899.63090	0.00069
