0.00000	0.02037
0.24106	0.02114
0.48212	0.02328
0.72318	0.02635
0.96423	0.02972
1.20529	0.03274
1.44635	0.03485
1.68741	0.03573
1.92847	0.03530
2.16953	0.03368
2.41059	0.03139
2.65165	0.02878
2.89270	0.02618
3.13376	0.02385
3.37482	0.02194
3.61588	0.02048
3.85694	0.01945
4.09800	0.01880
4.33906	0.01846
4.58011	0.01837
4.82117	0.01848
5.06223	0.01876
5.30329	0.01915
5.54435	0.01962
5.78541	0.02009
6.02647	0.02050
6.26753	0.02079
6.50858	0.02092
6.74964	0.02088
6.99070	0.02068
7.23176	0.02036
7.47282	0.01997
7.71388	0.01954
7.95494	0.01910
8.19599	0.01865
8.43705	0.01818
8.67811	0.01768
8.91917	0.01712
9.16023	0.01650
9.40129	0.01581
9.64235	0.01509
9.88340	0.01439
10.12446	0.01377
10.36552	0.01331
10.60658	0.01310
10.84764	0.01322
11.08870	0.01373
11.32976	0.01463
11.57082	0.01587
11.81187	0.01737
12.05293	0.01894
12.29399	0.02041
12.53505	0.02158
12.77611	0.02232
13.01717	0.02256
13.25823	0.02231
13.49928	0.02167
13.74034	0.02065
13.98140	0.01951
14.22246	0.01844
14.46352	0.01755
14.70458	0.01689
14.94564	0.01647
15.18670	0.01621
15.42775	0.01605
15.66881	0.01590
15.90987	0.01577
16.15093	0.01565
16.39199	0.01555
16.63305	0.01551
16.87411	0.01552
17.11516	0.01559
17.35622	0.01568
17.59728	0.01566
17.83834	0.01557
18.07940	0.01537
18.32046	0.01501
18.56152	0.01449
18.80258	0.01378
19.04363	0.01290
19.28469	0.01191
19.52575	0.01083
19.76681	0.00974
20.00787	0.00868
20.24893	0.00773
20.48999	0.00692
20.73104	0.00629
20.97210	0.00586
21.21316	0.00563
21.45422	0.00557
21.69528	0.00571
21.93634	0.00607
22.17740	0.00667
22.41845	0.00748
22.65951	0.00851
22.90057	0.00971
23.14163	0.01102
23.38269	0.01238
23.62375	0.01378
23.86481	0.01524
24.10587	0.01680
24.34692	0.01845
24.58798	0.02018
24.82904	0.02196
25.07010	0.02377
25.31116	0.02555
25.55222	0.02731
25.79328	0.02903
26.03433	0.03073
26.27539	0.03241
26.51645	0.03410
26.75751	0.03583
26.99857	0.03765
27.23963	0.03961
27.48069	0.04176
27.72175	0.04416
27.96280	0.04686
28.20386	0.04989
28.44492	0.05327
28.68598	0.05699
28.92704	0.06104
29.16810	0.06539
29.40916	0.06996
29.65021	0.07473
29.89127	0.07965
30.13233	0.08467
30.37339	0.08978
30.61445	0.09493
30.85551	0.10010
31.09657	0.10522
31.33763	0.11025
31.57868	0.11509
31.81974	0.11969
32.06080	0.12397
32.30186	0.12789
32.54292	0.13146
32.78398	0.13473
33.02504	0.13778
33.26609	0.14077
33.50715	0.14387
33.74821	0.14727
33.98927	0.15116
34.23033	0.15570
34.47139	0.16099
34.71245	0.16706
34.95350	0.17388
35.19456	0.18137
35.43562	0.18941
35.67668	0.19793
35.91774	0.20690
36.15880	0.21641
36.39986	0.22664
36.64092	0.23787
36.88197	0.25043
37.12303	0.26462
37.36409	0.28058
37.60515	0.29830
37.84621	0.31749
38.08727	0.33757
38.32833	0.35778
38.56938	0.37720
38.81044	0.39490
39.05150	0.41009
39.29256	0.42223
39.53362	0.43115
39.77468	0.43701
40.01574	0.44036
40.25680	0.44199
40.49785	0.44283
40.73891	0.44378
40.97997	0.44566
41.22103	0.44901
41.46209	0.45413
41.70315	0.46103
41.94421	0.46951
42.18526	0.47925
42.42632	0.48990
42.66738	0.50120
42.90844	0.51299
43.14950	0.52525
43.39056	0.53808
43.63162	0.55163
43.87268	0.56598
44.11373	0.58112
44.35479	0.59681
44.59585	0.61264
44.83691	0.62798
45.07797	0.64213
45.31903	0.65436
45.56009	0.66406
45.80114	0.67088
46.04220	0.67477
46.28326	0.67605
46.52432	0.67535
46.76538	0.67357
47.00644	0.67177
47.24750	0.67100
47.48855	0.67217
47.72961	0.67597
47.97067	0.68278
48.21173	0.69272
48.45279	0.70567
48.69385	0.72142
48.93491	0.73979
49.17597	0.76072
49.41702	0.78437
49.65808	0.81111
49.89914	0.84146
50.14020	0.87589
50.38126	0.91470
50.62232	0.95782
50.86338	1.00468
51.10443	1.05417
51.34549	1.10471
51.58655	1.15440
51.82761	1.20128
52.06867	1.24359
52.30973	1.28002
52.55079	1.30989
52.79185	1.33319
53.03290	1.35053
53.27396	1.36298
53.51502	1.37185
53.75608	1.37839
53.99714	1.38362
54.23820	1.38820
54.47926	1.39239
54.72031	1.39614
54.96137	1.39926
55.20243	1.40163
55.44349	1.40342
55.68455	1.40520
55.92561	1.40806
56.16667	1.41348
56.40773	1.42320
56.64878	1.43892
56.88984	1.46199
57.13090	1.49314
57.37196	1.53222
57.61302	1.57816
57.85408	1.62898
58.09514	1.68206
58.33619	1.73448
58.57725	1.78339
58.81831	1.82645
59.05937	1.86209
59.30043	1.88970
59.54149	1.90962
59.78255	1.92289
60.02361	1.93099
60.26466	1.93545
60.50572	1.93751
60.74678	1.93787
60.98784	1.93661
61.22890	1.93331
61.46996	1.92727
61.71102	1.91782
61.95207	1.90466
62.19313	1.88819
62.43419	1.86952
62.67525	1.85050
62.91631	1.83350
63.15737	1.82099
63.39843	1.81522
63.63948	1.81779
63.88054	1.82934
64.12160	1.84950
64.36266	1.87690
64.60372	1.90943
64.84478	1.94459
65.08584	1.97989
65.32690	2.01324
65.56795	2.04317
65.80901	2.06896
66.05007	2.09053
66.29113	2.10825
66.53219	2.12256
66.77325	2.13373
67.01431	2.14156
67.25536	2.14528
67.49642	2.14366
67.73748	2.13519
67.97854	2.11842
68.21960	2.09231
68.46066	2.05661
68.70172	2.01198
68.94278	1.96005
69.18383	1.90329
69.42489	1.84467
69.66595	1.78725
69.90701	1.73389
70.14807	1.68679
70.38913	1.64732
70.63019	1.61593
70.87124	1.59230
71.11230	1.57554
71.35336	1.56452
71.59442	1.55819
71.83548	1.55584
72.07654	1.55726
72.31760	1.56272
72.55866	1.57283
72.79971	1.58829
73.04077	1.60958
73.28183	1.63665
73.52289	1.66866
73.76395	1.70397
74.00501	1.74018
74.24607	1.77437
74.48712	1.80347
74.72818	1.82468
74.96924	1.83587
75.21030	1.83594
75.45136	1.82492
75.69242	1.80401
75.93348	1.77541
76.17453	1.74196
76.41559	1.70682
76.65665	1.67307
76.89771	1.64335
77.13877	1.61968
77.37983	1.60336
77.62089	1.59497
77.86195	1.59456
78.10300	1.60176
78.34406	1.61607
78.58512	1.63700
78.82618	1.66420
79.06724	1.69746
79.30830	1.73669
79.54936	1.78171
79.79041	1.83212
80.03147	1.88707
80.27253	1.94516
80.51359	2.00437
80.75465	2.06219
80.99571	2.11584
81.23677	2.16258
81.47783	2.20010
81.71888	2.22684
81.95994	2.24227
82.20100	2.24691
82.44206	2.24232
82.68312	2.23081
82.92418	2.21506
83.16524	2.19769
83.40629	2.18095
83.64735	2.16637
83.88841	2.15474
84.12947	2.14613
84.37053	2.14018
84.61159	2.13638
84.85265	2.13440
85.09371	2.13438
85.33476	2.13699
85.57582	2.14345
85.81688	2.15524
86.05794	2.17383
86.29900	2.20026
86.54006	2.23480
86.78112	2.27674
87.02217	2.32430
87.26323	2.37477
87.50429	2.42484
87.74535	2.47100
87.98641	2.51008
88.22747	2.53966
88.46853	2.55840
88.70958	2.56618
88.95064	2.56402
89.19170	2.55381
89.43276	2.53792
89.67382	2.51872
89.91488	2.49819
90.15594	2.47764
90.39700	2.45761
90.63805	2.43800
90.87911	2.41825
91.12017	2.39780
91.36123	2.37638
91.60229	2.35431
91.84335	2.33267
92.08441	2.31320
92.32546	2.29809
92.56652	2.28959
92.80758	2.28959
93.04864	2.29924
93.28970	2.31860
93.53076	2.34660
93.77182	2.38112
94.01288	2.41929
94.25393	2.45790
94.49499	2.49393
94.73605	2.52493
94.97711	2.54943
95.21817	2.56698
95.45923	2.57812
95.70029	2.58408
95.94134	2.58641
96.18240	2.58655
96.42346	2.58542
96.66452	2.58329
96.90558	2.57963
97.14664	2.57339
97.38770	2.56325
97.62876	2.54805
97.86981	2.52719
98.11087	2.50093
98.35193	2.47048
98.59299	2.43794
98.83405	2.40604
99.07511	2.37772
99.31617	2.35571
99.55722	2.34210
99.79828	2.33803
100.03934	2.34362
100.28040	2.35797
100.52146	2.37946
100.76252	2.40602
101.00358	2.43555
101.24464	2.46627
101.48569	2.49692
101.72675	2.52687
101.96781	2.55605
102.20887	2.58472
102.44993	2.61324
102.69099	2.64170
102.93205	2.66974
103.17310	2.69640
103.41416	2.72015
103.65522	2.73910
103.89628	2.75130
104.13734	2.75513
104.37840	2.74965
104.61946	2.73489
104.86051	2.71192
105.10157	2.68281
105.34263	2.65037
105.58369	2.61775
105.82475	2.58795
106.06581	2.56347
106.30687	2.54592
106.54793	2.53592
106.78898	2.53309
107.03004	2.53636
107.27110	2.54425
107.51216	2.55532
107.75322	2.56854
107.99428	2.58352
108.23534	2.60058
108.47639	2.62062
108.71745	2.64484
108.95851	2.67436
109.19957	2.70977
109.44063	2.75085
109.68169	2.79633
109.92275	2.84402
110.16381	2.89095
110.40486	2.93388
110.64592	2.96975
110.88698	2.99620
111.12804	3.01194
111.36910	3.01697
111.61016	3.01253
111.85122	3.00085
112.09227	2.98475
112.33333	2.96708
112.57439	2.95029
112.81545	2.93601
113.05651	2.92493
113.29757	2.91681
113.53863	2.91072
113.77969	2.90549
114.02074	2.90010
114.26180	2.89412
114.50286	2.88795
114.74392	2.88292
114.98498	2.88108
115.22604	2.88490
115.46710	2.89675
115.70815	2.91842
115.94921	2.95063
116.19027	2.99278
116.43133	3.04290
116.67239	3.09786
116.91345	3.15375
117.15451	3.20650
117.39556	3.25248
117.63662	3.28900
117.87768	3.31472
118.11874	3.32972
118.35980	3.33535
118.60086	3.33389
118.84192	3.32798
119.08298	3.32010
119.32403	3.31211
119.56509	3.30494
119.80615	3.29856
120.04721	3.29215
120.28827	3.28450
120.52933	3.27446
120.77039	3.26144
121.01144	3.24569
121.25250	3.22854
121.49356	3.21222
121.73462	3.19958
121.97568	3.19363
122.21674	3.19698
122.45780	3.21134
122.69886	3.23718
122.93991	3.27362
123.18097	3.31853
123.42203	3.36890
123.66309	3.42134
123.90415	3.47262
124.14521	3.52019
124.38627	3.56247
124.62732	3.59900
124.86838	3.63027
125.10944	3.65741
125.35050	3.68169
125.59156	3.70408
125.83262	3.72487
126.07368	3.74348
126.31474	3.75852
126.55579	3.76805
126.79685	3.77001
127.03791	3.76279
127.27897	3.74566
127.52003	3.71912
127.76109	3.68500
128.00215	3.64630
128.24320	3.60684
128.48426	3.57069
128.72532	3.54159
128.96638	3.52239
129.20744	3.51466
129.44850	3.51846
129.68956	3.53250
129.93061	3.55435
130.17167	3.58098
130.41273	3.60930
130.65379	3.63667
130.89485	3.66127
131.13591	3.68235
131.37697	3.70011
131.61803	3.71546
131.85908	3.72961
132.10014	3.74357
132.34120	3.75777
132.58226	3.77176
132.82332	3.78419
133.06438	3.79298
133.30544	3.79572
133.54649	3.79021
133.78755	3.77489
134.02861	3.74929
134.26967	3.71419
134.51073	3.67163
134.75179	3.62458
134.99285	3.57653
135.23391	3.53091
135.47496	3.49056
135.71602	3.45740
135.95708	3.43220
136.19814	3.41461
136.43920	3.40343
136.68026	3.39700
136.92132	3.39362
137.16237	3.39198
137.40343	3.39142
137.64449	3.39209
137.88555	3.39477
138.12661	3.40063
138.36767	3.41087
138.60873	3.42622
138.84979	3.44666
139.09084	3.47117
139.33190	3.49774
139.57296	3.52356
139.81402	3.54542
140.05508	3.56022
140.29614	3.56548
140.53720	3.55971
140.77825	3.54273
141.01931	3.51563
141.26037	3.48058
141.50143	3.44047
141.74249	3.39834
141.98355	3.35697
142.22461	3.31843
142.46566	3.28389
142.70672	3.25356
142.94778	3.22692
143.18884	3.20303
143.42990	3.18087
143.67096	3.15975
143.91202	3.13954
144.15308	3.12076
144.39413	3.10451
144.63519	3.09224
144.87625	3.08537
145.11731	3.08499
145.35837	3.09147
145.59943	3.10431
145.84049	3.12207
146.08154	3.14253
146.32260	3.16296
146.56366	3.18056
146.80472	3.19285
147.04578	3.19805
147.28684	3.19535
147.52790	3.18497
147.76896	3.16803
148.01001	3.14632
148.25107	3.12185
148.49213	3.09648
148.73319	3.07155
148.97425	3.04764
149.21531	3.02459
149.45637	3.00159
149.69742	2.97751
149.93848	2.95128
150.17954	2.92227
150.42060	2.89055
150.66166	2.85702
150.90272	2.82338
151.14378	2.79181
151.38484	2.76464
151.62589	2.74389
151.86695	2.73091
152.10801	2.72603
152.34907	2.72855
152.59013	2.73679
152.83119	2.74839
153.07225	2.76066
153.31330	2.77112
153.55436	2.77779
153.79542	2.77954
154.03648	2.77615
154.27754	2.76824
154.51860	2.75702
154.75966	2.74395
155.00072	2.73037
155.24177	2.71714
155.48283	2.70455
155.72389	2.69219
155.96495	2.67912
156.20601	2.66416
156.44707	2.64616
156.68813	2.62440
156.92918	2.59874
157.17024	2.56983
157.41130	2.53901
157.65236	2.50813
157.89342	2.47926
158.13448	2.45433
158.37554	2.43482
158.61659	2.42151
158.85765	2.41434
159.09871	2.41253
159.33977	2.41467
159.58083	2.41907
159.82189	2.42405
160.06295	2.42829
160.30401	2.43099
160.54506	2.43200
160.78612	2.43175
161.02718	2.43112
161.26824	2.43107
161.50930	2.43246
161.75036	2.43567
161.99142	2.44055
162.23247	2.44630
162.47353	2.45166
162.71459	2.45511
162.95565	2.45519
163.19671	2.45086
163.43777	2.44168
163.67883	2.42801
163.91989	2.41093
164.16094	2.39214
164.40200	2.37361
164.64306	2.35725
164.88412	2.34463
165.12518	2.33668
165.36624	2.33357
165.60730	2.33477
165.84835	2.33917
166.08941	2.34539
166.33047	2.35205
166.57153	2.35807
166.81259	2.36289
167.05365	2.36651
167.29471	2.36950
167.53577	2.37275
167.77682	2.37730
168.01788	2.38396
168.25894	2.39315
168.50000	2.40468
168.74106	2.41776
168.98212	2.43107
169.22318	2.44299
169.46423	2.45192
169.70529	2.45654
169.94635	2.45611
170.18741	2.45058
170.42847	2.44067
170.66953	2.42769
170.91059	2.41334
171.15164	2.39940
171.39270	2.38739
171.63376	2.37840
171.87482	2.37283
172.11588	2.37046
172.35694	2.37056
172.59800	2.37205
172.83906	2.37385
173.08011	2.37512
173.32117	2.37544
173.56223	2.37496
173.80329	2.37431
174.04435	2.37451
174.28541	2.37670
174.52647	2.38183
174.76752	2.39049
175.00858	2.40266
175.24964	2.41766
175.49070	2.43429
175.73176	2.45095
175.97282	2.46596
176.21388	2.47787
176.45494	2.48568
176.69599	2.48909
176.93705	2.48847
177.17811	2.48483
177.41917	2.47957
177.66023	2.47419
177.90129	2.47001
178.14235	2.46792
178.38340	2.46822
178.62446	2.47061
178.86552	2.47430
179.10658	2.47824
179.34764	2.48143
179.58870	2.48313
179.82976	2.48314
180.07082	2.48184
180.31187	2.48018
180.55293	2.47946
180.79399	2.48113
181.03505	2.48643
181.27611	2.49610
181.51717	2.51025
181.75823	2.52825
181.99928	2.54880
182.24034	2.57019
182.48140	2.59058
182.72246	2.60832
182.96352	2.62227
183.20458	2.63196
183.44564	2.63766
183.68669	2.64027
183.92775	2.64115
184.16881	2.64177
184.40987	2.64341
184.65093	2.64692
184.89199	2.65257
185.13305	2.66001
185.37411	2.66840
185.61516	2.67665
185.85622	2.68369
186.09728	2.68877
186.33834	2.69164
186.57940	2.69271
186.82046	2.69294
187.06152	2.69374
187.30257	2.69664
187.54363	2.70305
187.78469	2.71391
188.02575	2.72953
188.26681	2.74945
188.50787	2.77258
188.74893	2.79731
188.98999	2.82186
189.23104	2.84457
189.47210	2.86423
189.71316	2.88026
189.95422	2.89276
190.19528	2.90250
190.43634	2.91066
190.67740	2.91854
190.91845	2.92730
191.15951	2.93760
191.40057	2.94954
191.64163	2.96255
191.88269	2.97560
192.12375	2.98737
192.36481	2.99657
192.60587	3.00230
192.84692	3.00421
193.08798	3.00270
193.32904	2.99883
193.57010	2.99416
193.81116	2.99051
194.05222	2.98959
194.29328	2.99270
194.53433	3.00048
194.77539	3.01282
195.01645	3.02886
195.25751	3.04719
195.49857	3.06613
195.73963	3.08405
195.98069	3.09965
196.22174	3.11223
196.46280	3.12175
196.70386	3.12878
196.94492	3.13433
197.18598	3.13955
197.42704	3.14546
197.66810	3.15263
197.90916	3.16106
198.15021	3.17013
198.39127	3.17874
198.63233	3.18552
198.87339	3.18916
199.11445	3.18873
199.35551	3.18387
199.59657	3.17499
199.83762	3.16313
200.07868	3.14989
200.31974	3.13705
200.56080	3.12633
200.80186	3.11904
201.04292	3.11585
201.28398	3.11674
201.52504	3.12103
201.76609	3.12756
202.00715	3.13495
202.24821	3.14190
202.48927	3.14746
202.73033	3.15118
202.97139	3.15319
203.21245	3.15411
203.45350	3.15487
203.69456	3.15646
203.93562	3.15969
204.17668	3.16489
204.41774	3.17187
204.65880	3.17983
204.89986	3.18753
205.14092	3.19346
205.38197	3.19617
205.62303	3.19453
205.86409	3.18797
206.10515	3.17663
206.34621	3.16132
206.58727	3.14342
206.82833	3.12459
207.06938	3.10650
207.31044	3.09053
207.55150	3.07751
207.79256	3.06762
208.03362	3.06040
208.27468	3.05490
208.51574	3.04989
208.75680	3.04419
208.99785	3.03694
209.23891	3.02772
209.47997	3.01672
209.72103	3.00461
209.96209	2.99242
210.20315	2.98127
210.44421	2.97208
210.68526	2.96538
210.92632	2.96115
211.16738	2.95875
211.40844	2.95708
211.64950	2.95476
211.89056	2.95036
212.13162	2.94274
212.37267	2.93120
212.61373	2.91569
212.85479	2.89674
213.09585	2.87543
213.33691	2.85310
213.57797	2.83117
213.81903	2.81081
214.06009	2.79281
214.30114	2.77741
214.54220	2.76434
214.78326	2.75289
215.02432	2.74214
215.26538	2.73119
215.50644	2.71934
215.74750	2.70625
215.98855	2.69206
216.22961	2.67730
216.47067	2.66278
216.71173	2.64942
216.95279	2.63799
217.19385	2.62897
217.43491	2.62237
217.67597	2.61776
217.91702	2.61426
218.15808	2.61075
218.39914	2.60606
218.64020	2.59918
218.88126	2.58948
219.12232	2.57680
219.36338	2.56147
219.60443	2.54428
219.84549	2.52625
220.08655	2.50847
220.32761	2.49183
220.56867	2.47690
220.80973	2.46378
221.05079	2.45212
221.29185	2.44123
221.53290	2.43024
221.77396	2.41832
222.01502	2.40490
222.25608	2.38981
222.49714	2.37333
222.73820	2.35618
222.97926	2.33936
223.22031	2.32399
223.46137	2.31104
223.70243	2.30117
223.94349	2.29458
224.18455	2.29096
224.42561	2.28956
224.66667	2.28930
224.90772	2.28900
225.14878	2.28757
225.38984	2.28421
225.63090	2.27852
225.87196	2.27055
226.11302	2.26077
226.35408	2.24989
226.59514	2.23873
226.83619	2.22801
227.07725	2.21823
227.31831	2.20952
227.55937	2.20170
227.80043	2.19430
228.04149	2.18668
228.28255	2.17824
228.52360	2.16853
228.76466	2.15741
229.00572	2.14507
229.24678	2.13204
229.48784	2.11908
229.72890	2.10703
229.96996	2.09668
230.21102	2.08857
230.45207	2.08294
230.69313	2.07962
230.93419	2.07814
231.17525	2.07778
231.41631	2.07773
231.65737	2.07726
231.89843	2.07582
232.13948	2.07318
232.38054	2.06940
232.62160	2.06482
232.86266	2.05995
233.10372	2.05533
233.34478	2.05137
233.58584	2.04827
233.82690	2.04591
234.06795	2.04389
234.30901	2.04161
234.55007	2.03834
234.79113	2.03343
235.03219	2.02643
235.27325	2.01721
235.51431	2.00599
235.75536	1.99335
235.99642	1.98011
236.23748	1.96724
236.47854	1.95564
236.71960	1.94604
236.96066	1.93884
237.20172	1.93414
237.44277	1.93165
237.68383	1.93086
237.92489	1.93111
238.16595	1.93175
238.40701	1.93228
238.64807	1.93242
238.88913	1.93213
239.13019	1.93164
239.37124	1.93132
239.61230	1.93157
239.85336	1.93272
240.09442	1.93490
240.33548	1.93802
240.57654	1.94168
240.81760	1.94530
241.05865	1.94819
241.29971	1.94968
241.54077	1.94925
241.78183	1.94667
242.02289	1.94199
242.26395	1.93563
242.50501	1.92822
242.74607	1.92056
242.98712	1.91344
243.22818	1.90753
243.46924	1.90322
243.71030	1.90065
243.95136	1.89966
244.19242	1.89984
244.43348	1.90073
244.67453	1.90184
244.91559	1.90284
245.15665	1.90363
245.39771	1.90436
245.63877	1.90539
245.87983	1.90722
246.12089	1.91038
246.36195	1.91528
246.60300	1.92212
246.84406	1.93081
247.08512	1.94095
247.32618	1.95190
247.56724	1.96288
247.80830	1.97308
248.04936	1.98181
248.29041	1.98863
248.53147	1.99336
248.77253	1.99616
249.01359	1.99744
249.25465	1.99776
249.49571	1.99774
249.73677	1.99790
249.97783	1.99856
250.21888	1.99983
250.45994	2.00158
250.70100	2.00352
250.94206	2.00529
251.18312	2.00659
251.42418	2.00725
251.66524	2.00736
251.90629	2.00722
252.14735	2.00734
252.38841	2.00836
252.62947	2.01088
252.87053	2.01538
253.11159	2.02211
253.35265	2.03097
253.59370	2.04160
253.83476	2.05333
254.07582	2.06535
254.31688	2.07682
254.55794	2.08701
254.79900	2.09538
255.04006	2.10173
255.28112	2.10614
255.52217	2.10895
255.76323	2.11066
256.00429	2.11185
256.24535	2.11297
256.48641	2.11430
256.72747	2.11588
256.96853	2.11750
257.20958	2.11877
257.45064	2.11920
257.69170	2.11838
257.93276	2.11606
258.17382	2.11225
258.41488	2.10727
258.65594	2.10173
258.89700	2.09640
259.13805	2.09214
259.37911	2.08970
259.62017	2.08962
259.86123	2.09210
260.10229	2.09701
260.34335	2.10388
260.58441	2.11203
260.82546	2.12066
261.06652	2.12906
261.30758	2.13663
261.54864	2.14305
261.78970	2.14828
262.03076	2.15246
262.27182	2.15593
262.51288	2.15902
262.75393	2.16198
262.99499	2.16491
263.23605	2.16767
263.47711	2.16992
263.71817	2.17119
263.95923	2.17097
264.20029	2.16884
264.44134	2.16455
264.68240	2.15814
264.92346	2.14993
265.16452	2.14050
265.40558	2.13059
265.64664	2.12103
265.88770	2.11256
266.12875	2.10575
266.36981	2.10088
266.61087	2.09796
266.85193	2.09670
267.09299	2.09663
267.33405	2.09718
267.57511	2.09782
267.81617	2.09815
268.05722	2.09796
268.29828	2.09725
268.53934	2.09622
268.78040	2.09515
269.02146	2.09436
269.26252	2.09403
269.50358	2.09420
269.74463	2.09466
269.98569	2.09501
270.22675	2.09471
270.46781	2.09316
270.70887	2.08981
270.94993	2.08430
271.19099	2.07651
271.43205	2.06658
271.67310	2.05492
271.91416	2.04213
272.15522	2.02890
272.39628	2.01588
272.63734	2.00359
272.87840	1.99236
273.11946	1.98226
273.36051	1.97316
273.60157	1.96475
273.84263	1.95666
274.08369	1.94856
274.32475	1.94021
274.56581	1.93159
274.80687	1.92284
275.04793	1.91428
275.28898	1.90634
275.53004	1.89943
275.77110	1.89386
276.01216	1.88976
276.25322	1.88703
276.49428	1.88531
276.73534	1.88406
276.97639	1.88260
277.21745	1.88027
277.45851	1.87649
277.69957	1.87086
277.94063	1.86325
278.18169	1.85377
278.42275	1.84274
278.66380	1.83065
278.90486	1.81800
279.14592	1.80528
279.38698	1.79283
279.62804	1.78086
279.86910	1.76938
280.11016	1.75828
280.35122	1.74740
280.59227	1.73657
280.83333	1.72572
281.07439	1.71488
281.31545	1.70424
281.55651	1.69411
281.79757	1.68488
282.03863	1.67692
282.27968	1.67051
282.52074	1.66581
282.76180	1.66275
283.00286	1.66109
283.24392	1.66040
283.48498	1.66014
283.72604	1.65975
283.96710	1.65870
284.20815	1.65660
284.44921	1.65326
284.69027	1.64864
284.93133	1.64289
285.17239	1.63627
285.41345	1.62907
285.65451	1.62157
285.89556	1.61395
286.13662	1.60626
286.37768	1.59842
286.61874	1.59028
286.85980	1.58162
287.10086	1.57228
287.34192	1.56219
287.58298	1.55140
287.82403	1.54015
288.06509	1.52880
288.30615	1.51779
288.54721	1.50759
288.78827	1.49861
289.02933	1.49112
289.27039	1.48522
289.51144	1.48082
289.75250	1.47768
289.99356	1.47542
290.23462	1.47361
290.47568	1.47185
290.71674	1.46984
290.95780	1.46736
291.19885	1.46437
291.43991	1.46093
291.68097	1.45717
291.92203	1.45327
292.16309	1.44934
292.40415	1.44543
292.64521	1.44148
292.88627	1.43731
293.12732	1.43270
293.36838	1.42737
293.60944	1.42110
293.85050	1.41376
294.09156	1.40534
294.33262	1.39599
294.57368	1.38602
294.81473	1.37580
295.05579	1.36577
295.29685	1.35637
295.53791	1.34791
295.77897	1.34062
296.02003	1.33456
296.26109	1.32966
296.50215	1.32573
296.74320	1.32255
296.98426	1.31986
297.22532	1.31748
297.46638	1.31529
297.70744	1.31328
297.94850	1.31152
298.18956	1.31014
298.43061	1.30927
298.67167	1.30898
298.91273	1.30930
299.15379	1.31010
299.39485	1.31120
299.63591	1.31228
299.87697	1.31302
300.11803	1.31311
300.35908	1.31228
300.60014	1.31039
300.84120	1.30746
301.08226	1.30361
301.32332	1.29909
301.56438	1.29422
301.80544	1.28935
302.04649	1.28476
302.28755	1.28070
302.52861	1.27727
302.76967	1.27452
303.01073	1.27238
303.25179	1.27074
303.49285	1.26949
303.73391	1.26856
303.97496	1.26794
304.21602	1.26769
304.45708	1.26793
304.69814	1.26884
304.93920	1.27056
305.18026	1.27321
305.42132	1.27682
305.66237	1.28130
305.90343	1.28646
306.14449	1.29201
306.38555	1.29760
306.62661	1.30290
306.86767	1.30759
307.10873	1.31147
307.34978	1.31445
307.59084	1.31654
307.83190	1.31789
308.07296	1.31871
308.31402	1.31924
308.55508	1.31969
308.79614	1.32022
309.03720	1.32092
309.27825	1.32178
309.51931	1.32272
309.76037	1.32365
310.00143	1.32448
310.24249	1.32520
310.48355	1.32583
310.72461	1.32652
310.96566	1.32749
311.20672	1.32898
311.44778	1.33125
311.68884	1.33450
311.92990	1.33883
312.17096	1.34421
312.41202	1.35050
312.65308	1.35746
312.89413	1.36474
313.13519	1.37200
313.37625	1.37892
313.61731	1.38525
313.85837	1.39085
314.09943	1.39570
314.34049	1.39984
314.58154	1.40342
314.82260	1.40658
315.06366	1.40945
315.30472	1.41213
315.54578	1.41461
315.78684	1.41685
316.02790	1.41875
316.26896	1.42017
316.51001	1.42105
316.75107	1.42137
316.99213	1.42120
317.23319	1.42074
317.47425	1.42026
317.71531	1.42009
317.95637	1.42056
318.19742	1.42196
318.43848	1.42448
318.67954	1.42820
318.92060	1.43305
319.16166	1.43883
319.40272	1.44528
319.64378	1.45208
319.88483	1.45895
320.12589	1.46565
320.36695	1.47203
320.60801	1.47806
320.84907	1.48375
321.09013	1.48920
321.33119	1.49451
321.57225	1.49974
321.81330	1.50488
322.05436	1.50988
322.29542	1.51458
322.53648	1.51880
322.77754	1.52235
323.01860	1.52507
323.25966	1.52690
323.50071	1.52785
323.74177	1.52809
323.98283	1.52784
324.22389	1.52743
324.46495	1.52720
324.70601	1.52745
324.94707	1.52844
325.18813	1.53030
325.42918	1.53307
325.67024	1.53664
325.91130	1.54087
326.15236	1.54554
326.39342	1.55044
326.63448	1.55540
326.87554	1.56034
327.11659	1.56523
327.35765	1.57013
327.59871	1.57513
327.83977	1.58034
328.08083	1.58580
328.32189	1.59151
328.56295	1.59734
328.80401	1.60309
329.04506	1.60849
329.28612	1.61322
329.52718	1.61699
329.76824	1.61959
330.00930	1.62090
330.25036	1.62094
330.49142	1.61985
330.73247	1.61790
330.97353	1.61542
331.21459	1.61274
331.45565	1.61017
331.69671	1.60794
331.93777	1.60617
332.17883	1.60490
332.41988	1.60403
332.66094	1.60344
332.90200	1.60300
333.14306	1.60258
333.38412	1.60215
333.62518	1.60174
333.86624	1.60144
334.10730	1.60143
334.34835	1.60185
334.58941	1.60284
334.83047	1.60443
335.07153	1.60656
335.31259	1.60905
335.55365	1.61161
335.79471	1.61389
336.03576	1.61554
336.27682	1.61624
336.51788	1.61576
336.75894	1.61401
337.00000	1.61102
337.24106	1.60696
337.48212	1.60204
337.72318	1.59655
337.96423	1.59074
338.20529	1.58481
338.44635	1.57887
338.68741	1.57294
338.92847	1.56696
339.16953	1.56086
339.41059	1.55453
339.65164	1.54793
339.89270	1.54107
340.13376	1.53406
340.37482	1.52707
340.61588	1.52032
340.85694	1.51405
341.09800	1.50844
341.33906	1.50361
341.58011	1.49955
341.82117	1.49617
342.06223	1.49325
342.30329	1.49051
342.54435	1.48765
342.78541	1.48440
343.02647	1.48054
343.26752	1.47594
343.50858	1.47057
343.74964	1.46451
343.99070	1.45786
344.23176	1.45078
344.47282	1.44339
344.71388	1.43578
344.95493	1.42799
345.19599	1.42000
345.43705	1.41175
345.67811	1.40317
345.91917	1.39422
346.16023	1.38491
346.40129	1.37529
346.64235	1.36550
346.88340	1.35573
347.12446	1.34618
347.36552	1.33705
347.60658	1.32849
347.84764	1.32059
348.08870	1.31334
348.32976	1.30667
348.57081	1.30043
348.81187	1.29444
349.05293	1.28849
349.29399	1.28242
349.53505	1.27611
349.77611	1.26949
350.01717	1.26259
350.25823	1.25545
350.49928	1.24816
350.74034	1.24082
350.98140	1.23348
351.22246	1.22618
351.46352	1.21888
351.70458	1.21150
351.94564	1.20394
352.18669	1.19607
352.42775	1.18782
352.66881	1.17914
352.90987	1.17005
353.15093	1.16066
353.39199	1.15113
353.63305	1.14166
353.87411	1.13248
354.11516	1.12378
354.35622	1.11571
354.59728	1.10835
354.83834	1.10169
355.07940	1.09564
355.32046	1.09007
355.56152	1.08480
355.80257	1.07966
356.04363	1.07452
356.28469	1.06927
356.52575	1.06389
356.76681	1.05839
357.00787	1.05285
357.24893	1.04734
357.48999	1.04193
357.73104	1.03666
357.97210	1.03151
358.21316	1.02642
358.45422	1.02128
358.69528	1.01597
358.93634	1.01034
359.17740	1.00431
359.41845	0.99780
359.65951	0.99085
359.90057	0.98350
360.14163	0.97590
360.38269	0.96818
360.62375	0.96051
360.86481	0.95302
361.10586	0.94580
361.34692	0.93890
361.58798	0.93229
361.82904	0.92594
362.07010	0.91977
362.31116	0.91371
362.55222	0.90770
362.79328	0.90175
363.03433	0.89586
363.27539	0.89011
363.51645	0.88456
363.75751	0.87929
363.99857	0.87435
364.23963	0.86975
364.48069	0.86545
364.72174	0.86135
364.96280	0.85731
365.20386	0.85319
365.44492	0.84882
365.68598	0.84410
365.92704	0.83895
366.16810	0.83334
366.40916	0.82733
366.65021	0.82100
366.89127	0.81446
367.13233	0.80784
367.37339	0.80122
367.61445	0.79466
367.85551	0.78819
368.09657	0.78177
368.33762	0.77535
368.57868	0.76885
368.81974	0.76223
369.06080	0.75546
369.30186	0.74853
369.54292	0.74148
369.78398	0.73440
370.02504	0.72736
370.26609	0.72043
370.50715	0.71367
370.74821	0.70710
370.98927	0.70067
371.23033	0.69434
371.47139	0.68800
371.71245	0.68155
371.95350	0.67487
372.19456	0.66790
372.43562	0.66057
372.67668	0.65286
372.91774	0.64480
373.15880	0.63641
373.39986	0.62777
373.64091	0.61891
373.88197	0.60989
374.12303	0.60073
374.36409	0.59143
374.60515	0.58200
374.84621	0.57242
375.08727	0.56269
375.32833	0.55282
375.56938	0.54283
375.81044	0.53279
376.05150	0.52277
376.29256	0.51284
376.53362	0.50314
376.77468	0.49378
377.01574	0.48484
377.25679	0.47638
377.49785	0.46843
377.73891	0.46098
377.97997	0.45403
378.22103	0.44749
378.46209	0.44141
378.70315	0.43575
378.94421	0.43055
379.18526	0.42584
379.42632	0.42166
379.66738	0.41810
379.90844	0.41522
380.14950	0.41306
380.39056	0.41169
380.63162	0.41114
380.87267	0.41139
381.11373	0.41243
381.35479	0.41420
381.59585	0.41666
381.83691	0.41975
382.07797	0.42345
382.31903	0.42773
382.56009	0.43260
382.80114	0.43808
383.04220	0.44420
383.28326	0.45097
383.52432	0.45842
383.76538	0.46652
384.00644	0.47521
384.24750	0.48444
384.48855	0.49412
384.72961	0.50415
384.97067	0.51444
385.21173	0.52488
385.45279	0.53542
385.69385	0.54599
385.93491	0.55655
386.17596	0.56715
386.41702	0.57777
386.65808	0.58845
386.89914	0.59917
387.14020	0.60990
387.38126	0.62061
387.62232	0.63122
387.86338	0.64165
388.10443	0.65183
388.34549	0.66169
388.58655	0.67122
388.82761	0.68042
389.06867	0.68933
389.30973	0.69803
389.55079	0.70662
389.79184	0.71519
390.03290	0.72383
390.27396	0.73258
390.51502	0.74145
390.75608	0.75042
390.99714	0.75941
391.23820	0.76833
391.47926	0.77711
391.72031	0.78567
391.96137	0.79398
392.20243	0.80203
392.44349	0.80984
392.68455	0.81749
392.92561	0.82501
393.16667	0.83247
393.40772	0.83988
393.64878	0.84723
393.88984	0.85448
394.13090	0.86154
394.37196	0.86834
394.61302	0.87478
394.85408	0.88079
395.09514	0.88636
395.33619	0.89150
395.57725	0.89628
395.81831	0.90080
396.05937	0.90521
396.30043	0.90962
396.54149	0.91418
396.78255	0.91897
397.02360	0.92403
397.26466	0.92940
397.50572	0.93504
397.74678	0.94091
397.98784	0.94697
398.22890	0.95318
398.46996	0.95952
398.71102	0.96601
398.95207	0.97269
399.19313	0.97961
399.43419	0.98682
399.67525	0.99436
399.91631	1.00222
400.15737	1.01036
400.39843	1.01867
400.63948	1.02703
400.88054	1.03529
401.12160	1.04326
401.36266	1.05081
401.60372	1.05782
401.84478	1.06421
402.08584	1.06999
402.32689	1.07516
402.56795	1.07981
402.80901	1.08400
403.05007	1.08782
403.29113	1.09133
403.53219	1.09454
403.77325	1.09745
404.01431	1.10003
404.25536	1.10223
404.49642	1.10401
404.73748	1.10536
404.97854	1.10629
405.21960	1.10687
405.46066	1.10718
405.70172	1.10735
405.94277	1.10750
406.18383	1.10773
406.42489	1.10810
406.66595	1.10865
406.90701	1.10934
407.14807	1.11010
407.38913	1.11084
407.63019	1.11143
407.87124	1.11178
408.11230	1.11181
408.35336	1.11148
408.59442	1.11080
408.83548	1.10980
409.07654	1.10855
409.31760	1.10712
409.55865	1.10557
409.79971	1.10393
410.04077	1.10223
410.28183	1.10043
410.52289	1.09848
410.76395	1.09631
411.00501	1.09384
411.24607	1.09101
411.48712	1.08781
411.72818	1.08424
411.96924	1.08037
412.21030	1.07629
412.45136	1.07211
412.69242	1.06794
412.93348	1.06389
413.17453	1.06002
413.41559	1.05635
413.65665	1.05285
413.89771	1.04946
414.13877	1.04609
414.37983	1.04264
414.62089	1.03904
414.86194	1.03521
415.10300	1.03113
415.34406	1.02679
415.58512	1.02220
415.82618	1.01738
416.06724	1.01237
416.30830	1.00716
416.54936	1.00175
416.79041	0.99612
417.03147	0.99024
417.27253	0.98406
417.51359	0.97757
417.75465	0.97078
417.99571	0.96371
418.23677	0.95643
418.47782	0.94903
418.71888	0.94161
418.95994	0.93426
419.20100	0.92709
419.44206	0.92015
419.68312	0.91346
419.92418	0.90700
420.16524	0.90072
420.40629	0.89455
420.64735	0.88840
420.88841	0.88218
421.12947	0.87585
421.37053	0.86937
421.61159	0.86276
421.85265	0.85604
422.09370	0.84926
422.33476	0.84247
422.57582	0.83571
422.81688	0.82899
423.05794	0.82229
423.29900	0.81555
423.54006	0.80869
423.78112	0.80164
424.02217	0.79431
424.26323	0.78663
424.50429	0.77858
424.74535	0.77016
424.98641	0.76142
425.22747	0.75242
425.46853	0.74325
425.70958	0.73401
425.95064	0.72477
426.19170	0.71561
426.43276	0.70657
426.67382	0.69767
426.91488	0.68894
427.15594	0.68037
427.39699	0.67196
427.63805	0.66373
427.87911	0.65569
428.12017	0.64787
428.36123	0.64030
428.60229	0.63302
428.84335	0.62603
429.08441	0.61936
429.32546	0.61299
429.56652	0.60688
429.80758	0.60098
430.04864	0.59522
430.28970	0.58953
430.53076	0.58383
430.77182	0.57807
431.01287	0.57220
431.25393	0.56619
431.49499	0.56006
431.73605	0.55381
431.97711	0.54747
432.21817	0.54106
432.45923	0.53462
432.70029	0.52818
432.94134	0.52173
433.18240	0.51529
433.42346	0.50886
433.66452	0.50244
433.90558	0.49605
434.14664	0.48969
434.38770	0.48341
434.62875	0.47729
434.86981	0.47138
435.11087	0.46575
435.35193	0.46048
435.59299	0.45561
435.83405	0.45118
436.07511	0.44721
436.31617	0.44370
436.55722	0.44064
436.79828	0.43802
437.03934	0.43580
437.28040	0.43399
437.52146	0.43259
437.76252	0.43160
438.00358	0.43106
438.24463	0.43100
438.48569	0.43145
438.72675	0.43244
438.96781	0.43398
439.20887	0.43608
439.44993	0.43869
439.69099	0.44180
439.93204	0.44532
440.17310	0.44920
440.41416	0.45339
440.65522	0.45781
440.89628	0.46242
441.13734	0.46719
441.37840	0.47209
441.61946	0.47709
441.86051	0.48217
442.10157	0.48733
442.34263	0.49255
442.58369	0.49778
442.82475	0.50299
443.06581	0.50810
443.30687	0.51307
443.54792	0.51782
443.78898	0.52229
444.03004	0.52646
444.27110	0.53030
444.51216	0.53381
444.75322	0.53698
444.99428	0.53985
445.23534	0.54241
445.47639	0.54469
445.71745	0.54669
445.95851	0.54840
446.19957	0.54983
446.44063	0.55094
446.68169	0.55174
446.92275	0.55220
447.16380	0.55234
447.40486	0.55217
447.64592	0.55172
447.88698	0.55103
448.12804	0.55015
448.36910	0.54911
448.61016	0.54795
448.85122	0.54669
449.09227	0.54534
449.33333	0.54389
449.57439	0.54233
449.81545	0.54066
450.05651	0.53887
450.29757	0.53698
450.53863	0.53501
450.77968	0.53301
451.02074	0.53103
451.26180	0.52914
451.50286	0.52738
451.74392	0.52580
451.98498	0.52443
452.22604	0.52327
452.46710	0.52230
452.70815	0.52150
452.94921	0.52082
453.19027	0.52020
453.43133	0.51960
453.67239	0.51898
453.91345	0.51832
454.15451	0.51759
454.39556	0.51679
454.63662	0.51593
454.87768	0.51502
455.11874	0.51406
455.35980	0.51306
455.60086	0.51202
455.84192	0.51094
456.08297	0.50981
456.32403	0.50863
456.56509	0.50741
456.80615	0.50615
457.04721	0.50488
457.28827	0.50361
457.52933	0.50240
457.77039	0.50127
458.01144	0.50027
458.25250	0.49945
458.49356	0.49882
458.73462	0.49840
458.97568	0.49823
459.21674	0.49830
459.45780	0.49862
459.69885	0.49920
459.93991	0.50006
460.18097	0.50121
460.42203	0.50266
460.66309	0.50444
460.90415	0.50654
461.14521	0.50898
461.38627	0.51173
461.62732	0.51479
461.86838	0.51812
462.10944	0.52166
462.35050	0.52537
462.59156	0.52919
462.83262	0.53306
463.07368	0.53692
463.31473	0.54074
463.55579	0.54448
463.79685	0.54811
464.03791	0.55164
464.27897	0.55505
464.52003	0.55834
464.76109	0.56152
465.00215	0.56456
465.24320	0.56748
465.48426	0.57023
465.72532	0.57281
465.96638	0.57518
466.20744	0.57732
466.44850	0.57921
466.68956	0.58084
466.93061	0.58221
467.17167	0.58333
467.41273	0.58423
467.65379	0.58492
467.89485	0.58543
468.13591	0.58580
468.37697	0.58605
468.61802	0.58618
468.85908	0.58622
469.10014	0.58615
469.34120	0.58599
469.58226	0.58572
469.82332	0.58535
470.06438	0.58488
470.30544	0.58434
470.54649	0.58375
470.78755	0.58312
471.02861	0.58248
471.26967	0.58185
471.51073	0.58124
471.75179	0.58064
471.99285	0.58005
472.23390	0.57944
472.47496	0.57878
472.71602	0.57804
472.95708	0.57721
473.19814	0.57626
473.43920	0.57521
473.68026	0.57406
473.92132	0.57284
474.16237	0.57156
474.40343	0.57026
474.64449	0.56895
474.88555	0.56765
475.12661	0.56634
475.36767	0.56503
475.60873	0.56369
475.84978	0.56231
476.09084	0.56087
476.33190	0.55939
476.57296	0.55787
476.81402	0.55633
477.05508	0.55480
477.29614	0.55332
477.53720	0.55192
477.77825	0.55062
478.01931	0.54943
478.26037	0.54835
478.50143	0.54735
478.74249	0.54641
478.98355	0.54549
479.22461	0.54454
479.46566	0.54353
479.70672	0.54243
479.94778	0.54123
480.18884	0.53993
480.42990	0.53853
480.67096	0.53705
480.91202	0.53553
481.15307	0.53397
481.39413	0.53240
481.63519	0.53083
481.87625	0.52925
482.11731	0.52766
482.35837	0.52604
482.59943	0.52438
482.84049	0.52265
483.08154	0.52086
483.32260	0.51901
483.56366	0.51709
483.80472	0.51513
484.04578	0.51315
484.28684	0.51116
484.52790	0.50919
484.76895	0.50725
485.01001	0.50533
485.25107	0.50343
485.49213	0.50154
485.73319	0.49966
485.97425	0.49776
486.21531	0.49584
486.45637	0.49391
486.69742	0.49197
486.93848	0.49004
487.17954	0.48813
487.42060	0.48625
487.66166	0.48441
487.90272	0.48261
488.14378	0.48085
488.38483	0.47911
488.62589	0.47739
488.86695	0.47566
489.10801	0.47392
489.34907	0.47216
489.59013	0.47038
489.83119	0.46858
490.07225	0.46678
490.31330	0.46498
490.55436	0.46321
490.79542	0.46147
491.03648	0.45978
491.27754	0.45815
491.51860	0.45658
491.75966	0.45507
492.00071	0.45362
492.24177	0.45225
492.48283	0.45094
492.72389	0.44971
492.96495	0.44855
493.20601	0.44747
493.44707	0.44648
493.68812	0.44558
493.92918	0.44475
494.17024	0.44398
494.41130	0.44326
494.65236	0.44256
494.89342	0.44185
495.13448	0.44111
495.37554	0.44031
495.61659	0.43946
495.85765	0.43854
496.09871	0.43758
496.33977	0.43658
496.58083	0.43557
496.82189	0.43457
497.06295	0.43359
497.30400	0.43263
497.54506	0.43170
497.78612	0.43077
498.02718	0.42983
498.26824	0.42888
498.50930	0.42789
498.75036	0.42687
498.99142	0.42582
499.23247	0.42475
499.47353	0.42369
499.71459	0.42265
499.95565	0.42165
500.19671	0.42072
500.43777	0.41984
500.67883	0.41901
500.91988	0.41821
501.16094	0.41742
501.40200	0.41658
501.64306	0.41568
501.88412	0.41466
502.12518	0.41350
502.36624	0.41217
502.60730	0.41064
502.84835	0.40891
503.08941	0.40696
503.33047	0.40480
503.57153	0.40241
503.81259	0.39979
504.05365	0.39697
504.29471	0.39395
504.53576	0.39077
504.77682	0.38748
505.01788	0.38416
505.25894	0.38089
505.50000	0.37780
505.74106	0.37502
505.98212	0.37272
506.22318	0.37103
506.46423	0.37010
506.70529	0.37004
506.94635	0.37092
507.18741	0.37276
507.42847	0.37555
507.66953	0.37921
507.91059	0.38363
508.15164	0.38868
508.39270	0.39420
508.63376	0.40001
508.87482	0.40597
509.11588	0.41193
509.35694	0.41776
509.59800	0.42340
509.83905	0.42877
510.08011	0.43385
510.32117	0.43859
510.56223	0.44299
510.80329	0.44707
511.04435	0.45082
511.28541	0.45427
511.52647	0.45745
511.76752	0.46041
512.00858	0.46316
512.24964	0.46576
512.49070	0.46824
512.73176	0.47063
512.97282	0.47295
513.21388	0.47522
513.45493	0.47744
513.69599	0.47961
513.93705	0.48171
514.17811	0.48375
514.41917	0.48570
514.66023	0.48756
514.90129	0.48933
515.14235	0.49100
515.38340	0.49257
515.62446	0.49407
515.86552	0.49549
516.10658	0.49685
516.34764	0.49815
516.58870	0.49939
516.82976	0.50058
517.07081	0.50171
517.31187	0.50278
517.55293	0.50378
517.79399	0.50470
518.03505	0.50556
518.27611	0.50634
518.51717	0.50707
518.75823	0.50775
518.99928	0.50841
519.24034	0.50906
519.48140	0.50974
519.72246	0.51044
519.96352	0.51118
520.20458	0.51196
520.44564	0.51277
520.68669	0.51360
520.92775	0.51442
521.16881	0.51521
521.40987	0.51597
521.65093	0.51667
521.89199	0.51732
522.13305	0.51791
522.37410	0.51846
522.61516	0.51897
522.85622	0.51945
523.09728	0.51990
523.33834	0.52030
523.57940	0.52066
523.82046	0.52095
524.06152	0.52115
524.30257	0.52125
524.54363	0.52125
524.78469	0.52115
525.02575	0.52096
525.26681	0.52072
525.50787	0.52047
525.74893	0.52025
525.98998	0.52011
526.23104	0.52008
526.47210	0.52021
526.71316	0.52051
526.95422	0.52101
527.19528	0.52169
527.43634	0.52257
527.67740	0.52363
527.91845	0.52486
528.15951	0.52624
528.40057	0.52777
528.64163	0.52942
528.88269	0.53120
529.12375	0.53309
529.36481	0.53510
529.60586	0.53723
529.84692	0.53945
530.08798	0.54176
530.32904	0.54415
530.57010	0.54659
530.81116	0.54905
531.05222	0.55150
531.29328	0.55394
531.53433	0.55633
531.77539	0.55868
532.01645	0.56096
532.25751	0.56318
532.49857	0.56534
532.73963	0.56743
532.98069	0.56945
533.22174	0.57139
533.46280	0.57322
533.70386	0.57493
533.94492	0.57650
534.18598	0.57791
534.42704	0.57915
534.66810	0.58021
534.90915	0.58111
535.15021	0.58184
535.39127	0.58242
535.63233	0.58285
535.87339	0.58316
536.11445	0.58334
536.35551	0.58339
536.59657	0.58332
536.83762	0.58312
537.07868	0.58278
537.31974	0.58230
537.56080	0.58165
537.80186	0.58085
538.04292	0.57989
538.28398	0.57877
538.52503	0.57749
538.76609	0.57608
539.00715	0.57455
539.24821	0.57293
539.48927	0.57126
539.73033	0.56956
539.97139	0.56787
540.21245	0.56623
540.45350	0.56467
540.69456	0.56321
540.93562	0.56187
541.17668	0.56067
541.41774	0.55962
541.65880	0.55873
541.89986	0.55800
542.14091	0.55743
542.38197	0.55701
542.62303	0.55673
542.86409	0.55658
543.10515	0.55652
543.34621	0.55654
543.58727	0.55662
543.82833	0.55671
544.06938	0.55680
544.31044	0.55685
544.55150	0.55686
544.79256	0.55680
545.03362	0.55666
545.27468	0.55642
545.51574	0.55608
545.75679	0.55562
545.99785	0.55501
546.23891	0.55425
546.47997	0.55330
546.72103	0.55216
546.96209	0.55079
547.20315	0.54919
547.44421	0.54734
547.68526	0.54525
547.92632	0.54291
548.16738	0.54034
548.40844	0.53756
548.64950	0.53459
548.89056	0.53146
549.13162	0.52820
549.37267	0.52484
549.61373	0.52142
549.85479	0.51798
550.09585	0.51455
550.33691	0.51117
550.57797	0.50790
550.81903	0.50477
551.06008	0.50184
551.30114	0.49915
551.54220	0.49675
551.78326	0.49467
552.02432	0.49295
552.26538	0.49158
552.50644	0.49059
552.74750	0.48994
552.98855	0.48962
553.22961	0.48960
553.47067	0.48985
553.71173	0.49034
553.95279	0.49104
554.19385	0.49194
554.43491	0.49305
554.67596	0.49436
554.91702	0.49587
555.15808	0.49758
555.39914	0.49949
555.64020	0.50159
555.88126	0.50384
556.12232	0.50620
556.36338	0.50865
556.60443	0.51112
556.84549	0.51358
557.08655	0.51598
557.32761	0.51829
557.56867	0.52049
557.80973	0.52255
558.05079	0.52447
558.29184	0.52625
558.53290	0.52788
558.77396	0.52936
559.01502	0.53069
559.25608	0.53186
559.49714	0.53286
559.73820	0.53368
559.97926	0.53433
560.22031	0.53479
560.46137	0.53506
560.70243	0.53515
560.94349	0.53508
561.18455	0.53485
561.42561	0.53450
561.66667	0.53405
561.90772	0.53352
562.14878	0.53294
562.38984	0.53233
562.63090	0.53169
562.87196	0.53103
563.11302	0.53035
563.35408	0.52966
563.59513	0.52896
563.83619	0.52824
564.07725	0.52752
564.31831	0.52680
564.55937	0.52611
564.80043	0.52545
565.04149	0.52486
565.28255	0.52434
565.52360	0.52391
565.76466	0.52356
566.00572	0.52330
566.24678	0.52310
566.48784	0.52294
566.72890	0.52281
566.96996	0.52267
567.21101	0.52252
567.45207	0.52236
567.69313	0.52218
567.93419	0.52200
568.17525	0.52182
568.41631	0.52167
568.65737	0.52156
568.89843	0.52148
569.13948	0.52145
569.38054	0.52145
569.62160	0.52149
569.86266	0.52155
570.10372	0.52162
570.34478	0.52172
570.58584	0.52184
570.82689	0.52200
571.06795	0.52222
571.30901	0.52252
571.55007	0.52292
571.79113	0.52341
572.03219	0.52402
572.27325	0.52473
572.51431	0.52553
572.75536	0.52640
572.99642	0.52731
573.23748	0.52823
573.47854	0.52913
573.71960	0.53000
573.96066	0.53081
574.20172	0.53157
574.44277	0.53227
574.68383	0.53293
574.92489	0.53357
575.16595	0.53418
575.40701	0.53481
575.64807	0.53545
575.88913	0.53614
576.13018	0.53687
576.37124	0.53768
576.61230	0.53856
576.85336	0.53954
577.09442	0.54062
577.33548	0.54184
577.57654	0.54319
577.81760	0.54470
578.05865	0.54637
578.29971	0.54820
578.54077	0.55018
578.78183	0.55229
579.02289	0.55449
579.26395	0.55675
579.50501	0.55902
579.74606	0.56127
579.98712	0.56345
580.22818	0.56555
580.46924	0.56754
580.71030	0.56943
580.95136	0.57121
581.19242	0.57289
581.43348	0.57450
581.67453	0.57603
581.91559	0.57750
582.15665	0.57891
582.39771	0.58027
582.63877	0.58159
582.87983	0.58286
583.12089	0.58412
583.36194	0.58537
583.60300	0.58664
583.84406	0.58798
584.08512	0.58940
584.32618	0.59094
584.56724	0.59261
584.80830	0.59440
585.04936	0.59632
585.29041	0.59834
585.53147	0.60043
585.77253	0.60256
586.01359	0.60470
586.25465	0.60683
586.49571	0.60893
586.73677	0.61098
586.97782	0.61298
587.21888	0.61493
587.45994	0.61682
587.70100	0.61865
587.94206	0.62040
588.18312	0.62207
588.42418	0.62364
588.66523	0.62508
588.90629	0.62639
589.14735	0.62756
589.38841	0.62859
589.62947	0.62950
589.87053	0.63031
590.11159	0.63105
590.35265	0.63175
590.59370	0.63242
590.83476	0.63311
591.07582	0.63380
591.31688	0.63451
591.55794	0.63523
591.79900	0.63595
592.04006	0.63665
592.28111	0.63732
592.52217	0.63795
592.76323	0.63855
593.00429	0.63910
593.24535	0.63962
593.48641	0.64011
593.72747	0.64056
593.96853	0.64098
594.20958	0.64136
594.45064	0.64167
594.69170	0.64190
594.93276	0.64204
595.17382	0.64205
595.41488	0.64193
595.65594	0.64166
595.89699	0.64126
596.13805	0.64071
596.37911	0.64005
596.62017	0.63927
596.86123	0.63841
597.10229	0.63747
597.34335	0.63647
597.58441	0.63542
597.82546	0.63434
598.06652	0.63322
598.30758	0.63209
598.54864	0.63097
598.78970	0.62989
599.03076	0.62886
599.27182	0.62794
599.51287	0.62715
599.75393	0.62652
599.99499	0.62607
600.23605	0.62581
600.47711	0.62570
600.71817	0.62573
600.95923	0.62583
601.20029	0.62596
601.44134	0.62602
601.68240	0.62597
601.92346	0.62573
602.16452	0.62527
602.40558	0.62453
602.64664	0.62353
602.88770	0.62225
603.12875	0.62071
603.36981	0.61894
603.61087	0.61696
603.85193	0.61479
604.09299	0.61245
604.33405	0.60995
604.57511	0.60729
604.81616	0.60446
605.05722	0.60147
605.29828	0.59831
605.53934	0.59499
605.78040	0.59153
606.02146	0.58795
606.26252	0.58429
606.50358	0.58057
606.74463	0.57683
606.98569	0.57308
607.22675	0.56932
607.46781	0.56554
607.70887	0.56173
607.94993	0.55784
608.19099	0.55385
608.43204	0.54972
608.67310	0.54541
608.91416	0.54091
609.15522	0.53619
609.39628	0.53126
609.63734	0.52612
609.87840	0.52078
610.11946	0.51524
610.36051	0.50951
610.60157	0.50360
610.84263	0.49751
611.08369	0.49125
611.32475	0.48484
611.56581	0.47830
611.80687	0.47167
612.04792	0.46500
612.28898	0.45834
612.53004	0.45178
612.77110	0.44539
613.01216	0.43924
613.25322	0.43342
613.49428	0.42798
613.73534	0.42300
613.97639	0.41851
614.21745	0.41453
614.45851	0.41109
614.69957	0.40818
614.94063	0.40577
615.18169	0.40385
615.42275	0.40236
615.66380	0.40127
615.90486	0.40050
616.14592	0.40000
616.38698	0.39971
616.62804	0.39955
616.86910	0.39947
617.11016	0.39940
617.35121	0.39929
617.59227	0.39910
617.83333	0.39879
618.07439	0.39833
618.31545	0.39771
618.55651	0.39692
618.79757	0.39597
619.03863	0.39487
619.27968	0.39364
619.52074	0.39230
619.76180	0.39088
620.00286	0.38940
620.24392	0.38789
620.48498	0.38634
620.72604	0.38477
620.96709	0.38317
621.20815	0.38154
621.44921	0.37987
621.69027	0.37814
621.93133	0.37635
622.17239	0.37448
622.41345	0.37254
622.65451	0.37052
622.89556	0.36842
623.13662	0.36623
623.37768	0.36396
623.61874	0.36159
623.85980	0.35913
624.10086	0.35657
624.34192	0.35390
624.58297	0.35112
624.82403	0.34825
625.06509	0.34530
625.30615	0.34228
625.54721	0.33923
625.78827	0.33617
626.02933	0.33311
626.27039	0.33009
626.51144	0.32711
626.75250	0.32417
626.99356	0.32128
627.23462	0.31840
627.47568	0.31551
627.71674	0.31258
627.95780	0.30958
628.19885	0.30645
628.43991	0.30318
628.68097	0.29974
628.92203	0.29612
629.16309	0.29232
629.40415	0.28837
629.64521	0.28430
629.88626	0.28019
630.12732	0.27610
630.36838	0.27212
630.60944	0.26833
630.85050	0.26482
631.09156	0.26165
631.33262	0.25888
631.57368	0.25656
631.81473	0.25469
632.05579	0.25325
632.29685	0.25223
632.53791	0.25156
632.77897	0.25119
633.02003	0.25103
633.26109	0.25102
633.50214	0.25107
633.74320	0.25111
633.98426	0.25108
634.22532	0.25094
634.46638	0.25064
634.70744	0.25016
634.94850	0.24952
635.18956	0.24871
635.43061	0.24775
635.67167	0.24668
635.91273	0.24552
636.15379	0.24431
636.39485	0.24307
636.63591	0.24181
636.87697	0.24057
637.11802	0.23933
637.35908	0.23811
637.60014	0.23691
637.84120	0.23571
638.08226	0.23452
638.32332	0.23332
638.56438	0.23212
638.80544	0.23091
639.04649	0.22968
639.28755	0.22844
639.52861	0.22718
639.76967	0.22589
640.01073	0.22457
640.25179	0.22320
640.49285	0.22177
640.73390	0.22026
640.97496	0.21868
641.21602	0.21700
641.45708	0.21523
641.69814	0.21338
641.93920	0.21144
642.18026	0.20945
642.42132	0.20742
642.66237	0.20539
642.90343	0.20338
643.14449	0.20142
643.38555	0.19954
643.62661	0.19775
643.86767	0.19609
644.10873	0.19456
644.34978	0.19318
644.59084	0.19194
644.83190	0.19084
645.07296	0.18989
645.31402	0.18907
645.55508	0.18836
645.79614	0.18775
646.03719	0.18722
646.27825	0.18673
646.51931	0.18627
646.76037	0.18582
647.00143	0.18534
647.24249	0.18484
647.48355	0.18428
647.72461	0.18366
647.96566	0.18297
648.20672	0.18221
648.44778	0.18139
648.68884	0.18049
648.92990	0.17953
649.17096	0.17851
649.41202	0.17743
649.65307	0.17630
649.89413	0.17512
650.13519	0.17390
650.37625	0.17264
650.61731	0.17136
650.85837	0.17005
651.09943	0.16873
651.34049	0.16740
651.58154	0.16608
651.82260	0.16478
652.06366	0.16349
652.30472	0.16222
652.54578	0.16097
652.78684	0.15974
653.02790	0.15853
653.26895	0.15731
653.51001	0.15609
653.75107	0.15484
653.99213	0.15357
654.23319	0.15226
654.47425	0.15089
654.71531	0.14945
654.95637	0.14794
655.19742	0.14634
655.43848	0.14463
655.67954	0.14281
655.92060	0.14086
656.16166	0.13877
656.40272	0.13654
656.64378	0.13415
656.88483	0.13163
657.12589	0.12899
657.36695	0.12624
657.60801	0.12341
657.84907	0.12056
658.09013	0.11772
658.33119	0.11496
658.57224	0.11232
658.81330	0.10987
659.05436	0.10765
659.29542	0.10573
659.53648	0.10412
659.77754	0.10286
660.01860	0.10194
660.25966	0.10134
660.50071	0.10104
660.74177	0.10099
660.98283	0.10113
661.22389	0.10141
661.46495	0.10175
661.70601	0.10212
661.94707	0.10244
662.18812	0.10270
662.42918	0.10285
662.67024	0.10288
662.91130	0.10279
663.15236	0.10258
663.39342	0.10224
663.63448	0.10181
663.87554	0.10128
664.11659	0.10067
664.35765	0.10000
664.59871	0.09926
664.83977	0.09847
665.08083	0.09763
665.32189	0.09674
665.56295	0.09581
665.80400	0.09483
666.04506	0.09382
666.28612	0.09278
666.52718	0.09170
666.76824	0.09060
667.00930	0.08949
667.25036	0.08836
667.49142	0.08724
667.73247	0.08610
667.97353	0.08497
668.21459	0.08383
668.45565	0.08269
668.69671	0.08154
668.93777	0.08039
669.17883	0.07923
669.41988	0.07806
669.66094	0.07689
669.90200	0.07572
670.14306	0.07455
670.38412	0.07338
670.62518	0.07222
670.86624	0.07106
671.10729	0.06991
671.34835	0.06876
671.58941	0.06762
671.83047	0.06648
672.07153	0.06535
672.31259	0.06423
672.55365	0.06312
672.79471	0.06202
673.03576	0.06094
673.27682	0.05987
673.51788	0.05881
673.75894	0.05778
674.00000	0.05675
674.24106	0.05574
674.48212	0.05474
674.72317	0.05376
674.96423	0.05278
675.20529	0.05180
675.44635	0.05083
675.68741	0.04987
675.92847	0.04890
676.16953	0.04793
676.41059	0.04696
676.65164	0.04598
676.89270	0.04500
677.13376	0.04402
677.37482	0.04303
677.61588	0.04204
677.85694	0.04105
678.09800	0.04006
678.33905	0.03908
678.58011	0.03811
678.82117	0.03716
679.06223	0.03623
679.30329	0.03533
679.54435	0.03447
679.78541	0.03365
680.02647	0.03286
680.26752	0.03211
680.50858	0.03139
680.74964	0.03070
680.99070	0.03003
681.23176	0.02938
681.47282	0.02873
681.71388	0.02809
681.95493	0.02745
682.19599	0.02681
682.43705	0.02618
682.67811	0.02555
682.91917	0.02494
683.16023	0.02433
683.40129	0.02374
683.64234	0.02316
683.88340	0.02261
684.12446	0.02208
684.36552	0.02157
684.60658	0.02108
684.84764	0.02061
685.08870	0.02016
685.32976	0.01973
685.57081	0.01932
685.81187	0.01891
686.05293	0.01851
686.29399	0.01811
686.53505	0.01772
686.77611	0.01733
687.01717	0.01694
687.25822	0.01655
687.49928	0.01618
687.74034	0.01583
687.98140	0.01549
688.22246	0.01518
688.46352	0.01490
688.70458	0.01463
688.94564	0.01440
689.18669	0.01418
689.42775	0.01397
689.66881	0.01377
689.90987	0.01358
690.15093	0.01340
690.39199	0.01321
690.63305	0.01302
690.87410	0.01283
691.11516	0.01264
691.35622	0.01245
691.59728	0.01226
691.83834	0.01206
692.07940	0.01186
692.32046	0.01166
692.56152	0.01146
692.80257	0.01126
693.04363	0.01107
693.28469	0.01087
693.52575	0.01069
693.76681	0.01051
694.00787	0.01034
694.24893	0.01017
694.48998	0.01000
694.73104	0.00983
694.97210	0.00966
695.21316	0.00947
695.45422	0.00928
695.69528	0.00907
695.93634	0.00884
696.17740	0.00860
696.41845	0.00836
696.65951	0.00810
696.90057	0.00785
697.14163	0.00761
697.38269	0.00737
697.62375	0.00715
697.86481	0.00695
698.10586	0.00676
698.34692	0.00657
698.58798	0.00639
698.82904	0.00621
699.07010	0.00602
699.31116	0.00583
699.55222	0.00562
699.79327	0.00542
700.03433	0.00521
700.27539	0.00501
700.51645	0.00481
700.75751	0.00464
700.99857	0.00449
701.23963	0.00436
701.48069	0.00425
701.72174	0.00417
701.96280	0.00411
702.20386	0.00406
702.44492	0.00403
702.68598	0.00400
702.92704	0.00397
703.16810	0.00394
703.40915	0.00390
703.65021	0.00386
703.89127	0.00382
704.13233	0.00377
704.37339	0.00372
704.61445	0.00366
704.85551	0.00361
705.09657	0.00356
705.33762	0.00351
705.57868	0.00347
705.81974	0.00343
706.06080	0.00339
706.30186	0.00336
706.54292	0.00332
706.78398	0.00330
707.02503	0.00327
707.26609	0.00324
707.50715	0.00322
707.74821	0.00320
707.98927	0.00319
708.23033	0.00318
708.47139	0.00317
708.71245	0.00317
708.95350	0.00316
709.19456	0.00316
709.43562	0.00315
709.67668	0.00314
709.91774	0.00314
710.15880	0.00313
710.39986	0.00313
710.64091	0.00313
710.88197	0.00315
711.12303	0.00318
711.36409	0.00322
711.60515	0.00326
711.84621	0.00332
712.08727	0.00337
712.32832	0.00341
712.56938	0.00344
712.81044	0.00345
713.05150	0.00345
713.29256	0.00342
713.53362	0.00337
713.77468	0.00331
714.01574	0.00324
714.25679	0.00316
714.49785	0.00309
714.73891	0.00303
714.97997	0.00298
715.22103	0.00294
715.46209	0.00290
715.70315	0.00288
715.94420	0.00287
716.18526	0.00288
716.42632	0.00289
716.66738	0.00291
716.90844	0.00294
717.14950	0.00297
717.39056	0.00302
717.63162	0.00306
717.87267	0.00311
718.11373	0.00315
718.35479	0.00318
718.59585	0.00321
718.83691	0.00323
719.07797	0.00323
719.31903	0.00323
719.56008	0.00322
719.80114	0.00321
720.04220	0.00318
720.28326	0.00315
720.52432	0.00312
720.76538	0.00308
721.00644	0.00305
721.24750	0.00302
721.48855	0.00299
721.72961	0.00297
721.97067	0.00296
722.21173	0.00297
722.45279	0.00298
722.69385	0.00300
722.93491	0.00303
723.17596	0.00306
723.41702	0.00309
723.65808	0.00311
723.89914	0.00312
724.14020	0.00312
724.38126	0.00311
724.62232	0.00309
724.86337	0.00305
725.10443	0.00301
725.34549	0.00296
725.58655	0.00290
725.82761	0.00285
726.06867	0.00280
726.30973	0.00276
726.55079	0.00274
726.79184	0.00273
727.03290	0.00273
727.27396	0.00275
727.51502	0.00278
727.75608	0.00281
727.99714	0.00286
728.23820	0.00290
728.47925	0.00295
728.72031	0.00300
728.96137	0.00304
729.20243	0.00308
729.44349	0.00311
729.68455	0.00313
729.92561	0.00314
730.16667	0.00315
730.40772	0.00315
730.64878	0.00314
730.88984	0.00312
731.13090	0.00310
731.37196	0.00308
731.61302	0.00306
731.85408	0.00304
732.09513	0.00302
732.33619	0.00300
732.57725	0.00299
732.81831	0.00298
733.05937	0.00297
733.30043	0.00295
733.54149	0.00293
733.78255	0.00290
734.02360	0.00287
734.26466	0.00284
734.50572	0.00282
734.74678	0.00279
734.98784	0.00278
735.22890	0.00278
735.46996	0.00278
735.71101	0.00280
735.95207	0.00282
736.19313	0.00285
736.43419	0.00287
736.67525	0.00290
736.91631	0.00291
737.15737	0.00292
737.39842	0.00292
737.63948	0.00291
737.88054	0.00289
738.12160	0.00287
738.36266	0.00284
738.60372	0.00281
738.84478	0.00278
739.08584	0.00276
739.32689	0.00273
739.56795	0.00272
739.80901	0.00270
740.05007	0.00270
740.29113	0.00269
740.53219	0.00269
740.77325	0.00268
741.01430	0.00267
741.25536	0.00267
741.49642	0.00265
741.73748	0.00263
741.97854	0.00261
742.21960	0.00259
742.46066	0.00257
742.70172	0.00255
742.94277	0.00254
743.18383	0.00253
743.42489	0.00254
743.66595	0.00256
743.90701	0.00259
744.14807	0.00262
744.38913	0.00266
744.63018	0.00270
744.87124	0.00273
745.11230	0.00276
745.35336	0.00278
745.59442	0.00279
745.83548	0.00280
746.07654	0.00281
746.31760	0.00282
746.55865	0.00284
746.79971	0.00286
747.04077	0.00290
747.28183	0.00295
747.52289	0.00301
747.76395	0.00308
748.00501	0.00315
748.24606	0.00323
748.48712	0.00330
748.72818	0.00336
748.96924	0.00342
749.21030	0.00348
749.45136	0.00353
749.69242	0.00358
749.93348	0.00363
750.17453	0.00367
750.41559	0.00372
750.65665	0.00377
750.89771	0.00382
751.13877	0.00387
751.37983	0.00391
751.62089	0.00396
751.86194	0.00401
752.10300	0.00407
752.34406	0.00413
752.58512	0.00421
752.82618	0.00429
753.06724	0.00439
753.30830	0.00450
753.54935	0.00462
753.79041	0.00474
754.03147	0.00486
754.27253	0.00498
754.51359	0.00509
754.75465	0.00520
754.99571	0.00530
755.23677	0.00540
755.47782	0.00550
755.71888	0.00560
755.95994	0.00572
756.20100	0.00584
756.44206	0.00598
756.68312	0.00613
756.92418	0.00629
757.16523	0.00645
757.40629	0.00662
757.64735	0.00679
757.88841	0.00696
758.12947	0.00712
758.37053	0.00727
758.61159	0.00741
758.85265	0.00754
759.09370	0.00766
759.33476	0.00778
759.57582	0.00789
759.81688	0.00800
760.05794	0.00812
760.29900	0.00824
760.54006	0.00836
760.78111	0.00849
761.02217	0.00862
761.26323	0.00876
761.50429	0.00889
761.74535	0.00901
761.98641	0.00913
762.22747	0.00924
762.46853	0.00934
762.70958	0.00943
762.95064	0.00951
763.19170	0.00957
763.43276	0.00963
763.67382	0.00969
763.91488	0.00975
764.15594	0.00981
764.39699	0.00987
764.63805	0.00994
764.87911	0.01002
765.12017	0.01010
765.36123	0.01018
765.60229	0.01026
765.84335	0.01033
766.08440	0.01039
766.32546	0.01044
766.56652	0.01048
766.80758	0.01051
767.04864	0.01053
767.28970	0.01054
767.53076	0.01055
767.77182	0.01057
768.01287	0.01059
768.25393	0.01063
768.49499	0.01067
768.73605	0.01072
768.97711	0.01078
769.21817	0.01085
769.45923	0.01092
769.70028	0.01099
769.94134	0.01106
770.18240	0.01112
770.42346	0.01119
770.66452	0.01124
770.90558	0.01130
771.14664	0.01136
771.38770	0.01143
771.62875	0.01150
771.86981	0.01158
772.11087	0.01167
772.35193	0.01177
772.59299	0.01189
772.83405	0.01203
773.07511	0.01218
773.31616	0.01234
773.55722	0.01250
773.79828	0.01268
774.03934	0.01285
774.28040	0.01303
774.52146	0.01321
774.76252	0.01340
775.00358	0.01358
775.24463	0.01377
775.48569	0.01395
775.72675	0.01414
775.96781	0.01432
776.20887	0.01450
776.44993	0.01468
776.69099	0.01485
776.93204	0.01501
777.17310	0.01516
777.41416	0.01531
777.65522	0.01545
777.89628	0.01558
778.13734	0.01571
778.37840	0.01583
778.61945	0.01594
778.86051	0.01605
779.10157	0.01615
779.34263	0.01625
779.58369	0.01634
779.82475	0.01643
780.06581	0.01652
780.30687	0.01662
780.54792	0.01672
780.78898	0.01682
781.03004	0.01693
781.27110	0.01705
781.51216	0.01717
781.75322	0.01729
781.99428	0.01740
782.23533	0.01751
782.47639	0.01761
782.71745	0.01770
782.95851	0.01778
783.19957	0.01786
783.44063	0.01792
783.68169	0.01797
783.92275	0.01802
784.16380	0.01805
784.40486	0.01808
784.64592	0.01809
784.88698	0.01809
785.12804	0.01807
785.36910	0.01804
785.61016	0.01799
785.85121	0.01792
786.09227	0.01784
786.33333	0.01775
786.57439	0.01765
786.81545	0.01754
787.05651	0.01743
787.29757	0.01731
787.53863	0.01720
787.77968	0.01709
788.02074	0.01698
788.26180	0.01687
788.50286	0.01675
788.74392	0.01661
788.98498	0.01647
789.22604	0.01630
789.46709	0.01612
789.70815	0.01592
789.94921	0.01571
790.19027	0.01549
790.43133	0.01527
790.67239	0.01505
790.91345	0.01485
791.15451	0.01466
791.39556	0.01448
791.63662	0.01433
791.87768	0.01418
792.11874	0.01406
792.35980	0.01394
792.60086	0.01382
792.84192	0.01371
793.08297	0.01360
793.32403	0.01350
793.56509	0.01340
793.80615	0.01332
794.04721	0.01324
794.28827	0.01318
794.52933	0.01314
794.77038	0.01310
795.01144	0.01309
795.25250	0.01308
795.49356	0.01308
795.73462	0.01309
795.97568	0.01310
796.21674	0.01312
796.45780	0.01314
796.69885	0.01315
796.93991	0.01316
797.18097	0.01317
797.42203	0.01318
797.66309	0.01318
797.90415	0.01319
798.14521	0.01320
798.38626	0.01321
798.62732	0.01322
798.86838	0.01324
799.10944	0.01327
799.35050	0.01329
799.59156	0.01331
799.83262	0.01333
800.07368	0.01333
800.31473	0.01332
800.55579	0.01331
800.79685	0.01328
801.03791	0.01326
801.27897	0.01324
801.52003	0.01322
801.76109	0.01321
802.00214	0.01321
802.24320	0.01322
802.48426	0.01323
802.72532	0.01322
802.96638	0.01321
803.20744	0.01317
803.44850	0.01311
803.68956	0.01303
803.93061	0.01293
804.17167	0.01282
804.41273	0.01269
804.65379	0.01256
804.89485	0.01242
805.13591	0.01229
805.37697	0.01215
805.61802	0.01201
805.85908	0.01187
806.10014	0.01172
806.34120	0.01157
806.58226	0.01142
806.82332	0.01127
807.06438	0.01112
807.30543	0.01098
807.54649	0.01086
807.78755	0.01076
808.02861	0.01069
808.26967	0.01064
808.51073	0.01061
808.75179	0.01061
808.99285	0.01064
809.23390	0.01069
809.47496	0.01076
809.71602	0.01085
809.95708	0.01096
810.19814	0.01110
810.43920	0.01126
810.68026	0.01144
810.92131	0.01165
811.16237	0.01187
811.40343	0.01212
811.64449	0.01238
811.88555	0.01264
812.12661	0.01291
812.36767	0.01318
812.60873	0.01343
812.84978	0.01368
813.09084	0.01391
813.33190	0.01412
813.57296	0.01432
813.81402	0.01450
814.05508	0.01467
814.29614	0.01484
814.53719	0.01499
814.77825	0.01514
815.01931	0.01528
815.26037	0.01541
815.50143	0.01553
815.74249	0.01565
815.98355	0.01575
816.22461	0.01585
816.46566	0.01592
816.70672	0.01599
816.94778	0.01604
817.18884	0.01609
817.42990	0.01612
817.67096	0.01615
817.91202	0.01617
818.15307	0.01619
818.39413	0.01621
818.63519	0.01623
818.87625	0.01626
819.11731	0.01628
819.35837	0.01629
819.59943	0.01631
819.84048	0.01631
820.08154	0.01631
820.32260	0.01630
820.56366	0.01629
820.80472	0.01626
821.04578	0.01624
821.28684	0.01621
821.52790	0.01618
821.76895	0.01616
822.01001	0.01613
822.25107	0.01610
822.49213	0.01606
822.73319	0.01602
822.97425	0.01598
823.21531	0.01592
823.45636	0.01586
823.69742	0.01580
823.93848	0.01573
824.17954	0.01566
824.42060	0.01559
824.66166	0.01551
824.90272	0.01542
825.14378	0.01534
825.38483	0.01525
825.62589	0.01516
825.86695	0.01507
826.10801	0.01498
826.34907	0.01489
826.59013	0.01480
826.83119	0.01472
827.07224	0.01464
827.31330	0.01455
827.55436	0.01446
827.79542	0.01436
828.03648	0.01425
828.27754	0.01413
828.51860	0.01400
828.75966	0.01386
829.00071	0.01372
829.24177	0.01357
829.48283	0.01343
829.72389	0.01329
829.96495	0.01315
830.20601	0.01302
830.44707	0.01288
830.68812	0.01275
830.92918	0.01261
831.17024	0.01247
831.41130	0.01232
831.65236	0.01218
831.89342	0.01202
832.13448	0.01186
832.37553	0.01170
832.61659	0.01152
832.85765	0.01134
833.09871	0.01115
833.33977	0.01095
833.58083	0.01073
833.82189	0.01050
834.06295	0.01025
834.30400	0.00998
834.54506	0.00970
834.78612	0.00940
835.02718	0.00907
835.26824	0.00872
835.50930	0.00836
835.75036	0.00796
835.99141	0.00755
836.23247	0.00713
836.47353	0.00669
836.71459	0.00626
836.95565	0.00582
837.19671	0.00540
837.43777	0.00499
837.67883	0.00461
837.91988	0.00427
838.16094	0.00395
838.40200	0.00367
838.64306	0.00342
838.88412	0.00320
839.12518	0.00301
839.36624	0.00285
839.60729	0.00271
839.84835	0.00259
840.08941	0.00249
840.33047	0.00241
840.57153	0.00236
840.81259	0.00233
841.05365	0.00232
841.29471	0.00232
841.53576	0.00235
841.77682	0.00238
842.01788	0.00244
842.25894	0.00250
842.50000	0.00258
842.74106	0.00266
842.98212	0.00275
843.22317	0.00284
843.46423	0.00295
843.70529	0.00305
843.94635	0.00316
844.18741	0.00328
844.42847	0.00339
844.66953	0.00350
844.91059	0.00361
845.15164	0.00371
845.39270	0.00381
845.63376	0.00390
845.87482	0.00398
846.11588	0.00405
846.35694	0.00411
846.59800	0.00417
846.83905	0.00422
847.08011	0.00427
847.32117	0.00431
847.56223	0.00436
847.80329	0.00441
848.04435	0.00445
848.28541	0.00450
848.52646	0.00455
848.76752	0.00459
849.00858	0.00463
849.24964	0.00466
849.49070	0.00470
849.73176	0.00474
849.97282	0.00478
850.21388	0.00483
850.45493	0.00488
850.69599	0.00494
850.93705	0.00501
851.17811	0.00508
851.41917	0.00515
851.66023	0.00522
851.90129	0.00529
852.14234	0.00535
852.38340	0.00540
852.62446	0.00544
852.86552	0.00547
853.10658	0.00550
853.34764	0.00552
853.58870	0.00555
853.82976	0.00557
854.07081	0.00560
854.31187	0.00564
854.55293	0.00569
854.79399	0.00575
855.03505	0.00581
855.27611	0.00588
855.51717	0.00596
855.75822	0.00604
855.99928	0.00612
856.24034	0.00620
856.48140	0.00627
856.72246	0.00634
856.96352	0.00640
857.20458	0.00646
857.44564	0.00651
857.68669	0.00655
857.92775	0.00658
858.16881	0.00661
858.40987	0.00663
858.65093	0.00665
858.89199	0.00666
859.13305	0.00667
859.37410	0.00667
859.61516	0.00667
859.85622	0.00667
860.09728	0.00667
860.33834	0.00667
860.57940	0.00667
860.82046	0.00668
861.06151	0.00668
861.30257	0.00668
861.54363	0.00668
861.78469	0.00667
862.02575	0.00665
862.26681	0.00662
862.50787	0.00658
862.74893	0.00653
862.98998	0.00647
863.23104	0.00640
863.47210	0.00632
863.71316	0.00624
863.95422	0.00616
864.19528	0.00607
864.43634	0.00599
864.67739	0.00590
864.91845	0.00581
865.15951	0.00572
865.40057	0.00562
865.64163	0.00553
865.88269	0.00544
866.12375	0.00535
866.36481	0.00527
866.60586	0.00519
866.84692	0.00513
867.08798	0.00507
867.32904	0.00501
867.57010	0.00496
867.81116	0.00490
868.05222	0.00483
868.29327	0.00475
868.53433	0.00466
868.77539	0.00456
869.01645	0.00445
869.25751	0.00433
869.49857	0.00420
869.73963	0.00408
869.98069	0.00396
870.22174	0.00384
870.46280	0.00375
870.70386	0.00367
870.94492	0.00361
871.18598	0.00359
871.42704	0.00359
871.66810	0.00362
871.90915	0.00367
872.15021	0.00376
872.39127	0.00387
872.63233	0.00399
872.87339	0.00414
873.11445	0.00429
873.35551	0.00445
873.59656	0.00461
873.83762	0.00476
874.07868	0.00491
874.31974	0.00504
874.56080	0.00515
874.80186	0.00526
875.04292	0.00534
875.28398	0.00540
875.52503	0.00544
875.76609	0.00547
876.00715	0.00548
876.24821	0.00547
876.48927	0.00546
876.73033	0.00543
876.97139	0.00540
877.21244	0.00537
877.45350	0.00534
877.69456	0.00530
877.93562	0.00526
878.17668	0.00522
878.41774	0.00518
878.65880	0.00513
878.89986	0.00507
879.14091	0.00501
879.38197	0.00493
879.62303	0.00486
879.86409	0.00477
880.10515	0.00469
880.34621	0.00461
880.58727	0.00453
880.82832	0.00446
881.06938	0.00439
881.31044	0.00433
881.55150	0.00428
881.79256	0.00423
882.03362	0.00417
882.27468	0.00412
882.51574	0.00406
882.75679	0.00400
882.99785	0.00393
883.23891	0.00386
883.47997	0.00378
883.72103	0.00370
883.96209	0.00362
884.20315	0.00354
884.44420	0.00346
884.68526	0.00338
884.92632	0.00330
885.16738	0.00322
885.40844	0.00314
885.64950	0.00306
885.89056	0.00298
886.13161	0.00290
886.37267	0.00282
886.61373	0.00274
886.85479	0.00266
887.09585	0.00258
887.33691	0.00251
887.57797	0.00244
887.81903	0.00237
888.06008	0.00231
888.30114	0.00225
888.54220	0.00219
888.78326	0.00214
889.02432	0.00209
889.26538	0.00204
889.50644	0.00200
889.74749	0.00196
889.98855	0.00193
890.22961	0.00189
890.47067	0.00186
890.71173	0.00184
890.95279	0.00181
891.19385	0.00178
891.43491	0.00175
891.67596	0.00172
891.91702	0.00168
892.15808	0.00165
892.39914	0.00162
892.64020	0.00159
892.88126	0.00156
893.12232	0.00153
893.36337	0.00151
893.60443	0.00149
893.84549	0.00148
894.08655	0.00146
894.32761	0.00144
894.56867	0.00142
894.80973	0.00139
895.05079	0.00136
895.29184	0.00132
895.53290	0.00127
895.77396	0.00123
896.01502	0.00118
896.25608	0.00113
896.49714	0.00108
896.73820	0.00104
896.97925	0.00100
897.22031	0.00096
897.46137	0.00093
897.70243	0.00090
897.94349	0.00088
898.18455	0.00087
898.42561	0.00086
898.66667	0.00085
898.90772	0.00085
899.14878	0.00085
899.38984	0.00086
899.63090	0.00087
