0.00000	0.01103
0.24106	0.01161
0.48212	0.01325
0.72318	0.01566
0.96423	0.01846
1.20529	0.02121
1.44635	0.02352
1.68741	0.02514
1.92847	0.02595
2.16953	0.02593
2.41059	0.02537
2.65165	0.02445
2.89270	0.02336
3.13376	0.02225
3.37482	0.02125
3.61588	0.02041
3.85694	0.01976
4.09800	0.01930
4.33906	0.01902
4.58011	0.01892
4.82117	0.01897
5.06223	0.01916
5.30329	0.01945
5.54435	0.01982
5.78541	0.02021
6.02647	0.02058
6.26753	0.02087
6.50858	0.02106
6.74964	0.02113
6.99070	0.02108
7.23176	0.02091
7.47282	0.02066
7.71388	0.02032
7.95494	0.01990
8.19599	0.01941
8.43705	0.01883
8.67811	0.01815
8.91917	0.01737
9.16023	0.01648
9.40129	0.01552
9.64235	0.01453
9.88340	0.01359
10.12446	0.01279
10.36552	0.01223
10.60658	0.01201
10.84764	0.01219
11.08870	0.01283
11.32976	0.01389
11.57082	0.01530
11.81187	0.01697
12.05293	0.01862
12.29399	0.02005
12.53505	0.02106
12.77611	0.02151
13.01717	0.02135
13.25823	0.02064
13.49928	0.01951
13.74034	0.01800
13.98140	0.01649
14.22246	0.01519
14.46352	0.01427
14.70458	0.01379
14.94564	0.01374
15.18670	0.01404
15.42775	0.01455
15.66881	0.01513
15.90987	0.01568
16.15093	0.01612
16.39199	0.01640
16.63305	0.01651
16.87411	0.01644
17.11516	0.01622
17.35622	0.01587
17.59728	0.01534
17.83834	0.01473
18.07940	0.01404
18.32046	0.01329
18.56152	0.01249
18.80258	0.01164
19.04363	0.01076
19.28469	0.00988
19.52575	0.00892
19.76681	0.00795
20.00787	0.00705
20.24893	0.00626
20.48999	0.00562
20.73104	0.00518
20.97210	0.00497
21.21316	0.00498
21.45422	0.00518
21.69528	0.00557
21.93634	0.00617
22.17740	0.00696
22.41845	0.00793
22.65951	0.00904
22.90057	0.01026
23.14163	0.01155
23.38269	0.01286
23.62375	0.01415
23.86481	0.01545
24.10587	0.01679
24.34692	0.01820
24.58798	0.01968
24.82904	0.02124
25.07010	0.02287
25.31116	0.02454
25.55222	0.02629
25.79328	0.02811
26.03433	0.03000
26.27539	0.03196
26.51645	0.03398
26.75751	0.03607
26.99857	0.03823
27.23963	0.04048
27.48069	0.04286
27.72175	0.04540
27.96280	0.04817
28.20386	0.05119
28.44492	0.05451
28.68598	0.05815
28.92704	0.06208
29.16810	0.06630
29.40916	0.07073
29.65021	0.07534
29.89127	0.08007
30.13233	0.08489
30.37339	0.08977
30.61445	0.09471
30.85551	0.09969
31.09657	0.10469
31.33763	0.10965
31.57868	0.11453
31.81974	0.11924
32.06080	0.12371
32.30186	0.12787
32.54292	0.13169
32.78398	0.13519
33.02504	0.13845
33.26609	0.14159
33.50715	0.14480
33.74821	0.14828
33.98927	0.15221
34.23033	0.15677
34.47139	0.16207
34.71245	0.16814
34.95350	0.17495
35.19456	0.18240
35.43562	0.19038
35.67668	0.19880
35.91774	0.20765
36.15880	0.21699
36.39986	0.22704
36.64092	0.23809
36.88197	0.25049
37.12303	0.26453
37.36409	0.28042
37.60515	0.29811
37.84621	0.31733
38.08727	0.33749
38.32833	0.35781
38.56938	0.37733
38.81044	0.39513
39.05150	0.41037
39.29256	0.42251
39.53362	0.43134
39.77468	0.43707
40.01574	0.44024
40.25680	0.44165
40.49785	0.44225
40.73891	0.44296
40.97997	0.44460
41.22103	0.44773
41.46209	0.45263
41.70315	0.45931
41.94421	0.46758
42.18526	0.47711
42.42632	0.48758
42.66738	0.49871
42.90844	0.51036
43.14950	0.52251
43.39056	0.53527
43.63162	0.54876
43.87268	0.56308
44.11373	0.57819
44.35479	0.59385
44.59585	0.60964
44.83691	0.62494
45.07797	0.63905
45.31903	0.65124
45.56009	0.66091
45.80114	0.66772
46.04220	0.67160
46.28326	0.67287
46.52432	0.67215
46.76538	0.67036
47.00644	0.66855
47.24750	0.66775
47.48855	0.66890
47.72961	0.67267
47.97067	0.67946
48.21173	0.68938
48.45279	0.70231
48.69385	0.71803
48.93491	0.73634
49.17597	0.75720
49.41702	0.78075
49.65808	0.80737
49.89914	0.83755
50.14020	0.87179
50.38126	0.91037
50.62232	0.95323
50.86338	0.99980
51.10443	1.04899
51.34549	1.09921
51.58655	1.14857
51.82761	1.19510
52.06867	1.23706
52.30973	1.27312
52.55079	1.30261
52.79185	1.32552
53.03290	1.34247
53.27396	1.35454
53.51502	1.36305
53.75608	1.36927
53.99714	1.37425
54.23820	1.37864
54.47926	1.38273
54.72031	1.38647
54.96137	1.38967
55.20243	1.39219
55.44349	1.39418
55.68455	1.39620
55.92561	1.39932
56.16667	1.40499
56.40773	1.41493
56.64878	1.43083
56.88984	1.45402
57.13090	1.48522
57.37196	1.52429
57.61302	1.57014
57.85408	1.62081
58.09514	1.67369
58.33619	1.72586
58.57725	1.77449
58.81831	1.81725
59.05937	1.85258
59.30043	1.87987
59.54149	1.89944
59.78255	1.91235
60.02361	1.92006
60.26466	1.92412
60.50572	1.92575
60.74678	1.92569
60.98784	1.92404
61.22890	1.92040
61.46996	1.91409
61.71102	1.90446
61.95207	1.89122
62.19313	1.87472
62.43419	1.85608
62.67525	1.83711
62.91631	1.82014
63.15737	1.80763
63.39843	1.80181
63.63948	1.80428
63.88054	1.81572
64.12160	1.83577
64.36266	1.86310
64.60372	1.89562
64.84478	1.93082
65.08584	1.96622
65.32690	1.99969
65.56795	2.02971
65.80901	2.05550
66.05007	2.07696
66.29113	2.09441
66.53219	2.10831
66.77325	2.11893
67.01431	2.12611
67.25536	2.12916
67.49642	2.12691
67.73748	2.11792
67.97854	2.10078
68.21960	2.07450
68.46066	2.03884
68.70172	1.99443
68.94278	1.94288
69.18383	1.88661
69.42489	1.82852
69.66595	1.77164
69.90701	1.71879
70.14807	1.67213
70.38913	1.63303
70.63019	1.60195
70.87124	1.57857
71.11230	1.56205
71.35336	1.55127
71.59442	1.54518
71.83548	1.54308
72.07654	1.54473
72.31760	1.55037
72.55866	1.56059
72.79971	1.57606
73.04077	1.59724
73.28183	1.62408
73.52289	1.65575
73.76395	1.69068
74.00501	1.72649
74.24607	1.76031
74.48712	1.78911
74.72818	1.81012
74.96924	1.82123
75.21030	1.82131
75.45136	1.81040
75.69242	1.78966
75.93348	1.76126
76.17453	1.72803
76.41559	1.69313
76.65665	1.65962
76.89771	1.63017
77.13877	1.60681
77.37983	1.59083
77.62089	1.58282
77.86195	1.58280
78.10300	1.59038
78.34406	1.60500
78.58512	1.62613
78.82618	1.65338
79.06724	1.68651
79.30830	1.72540
79.54936	1.76990
79.79041	1.81963
80.03147	1.87379
80.27253	1.93103
80.51359	1.98940
80.75465	2.04645
80.99571	2.09945
81.23677	2.14567
81.47783	2.18283
81.71888	2.20937
81.95994	2.22471
82.20100	2.22938
82.44206	2.22488
82.68312	2.21351
82.92418	2.19792
83.16524	2.18073
83.40629	2.16417
83.64735	2.14980
83.88841	2.13839
84.12947	2.13002
84.37053	2.12432
84.61159	2.12077
84.85265	2.11902
85.09371	2.11917
85.33476	2.12187
85.57582	2.12831
85.81688	2.13996
86.05794	2.15827
86.29900	2.18431
86.54006	2.21839
86.78112	2.25982
87.02217	2.30689
87.26323	2.35692
87.50429	2.40665
87.74535	2.45259
87.98641	2.49157
88.22747	2.52113
88.46853	2.53992
88.70958	2.54776
88.95064	2.54565
89.19170	2.53545
89.43276	2.51951
89.67382	2.50022
89.91488	2.47958
90.15594	2.45896
90.39700	2.43892
90.63805	2.41938
90.87911	2.39981
91.12017	2.37961
91.36123	2.35848
91.60229	2.33671
91.84335	2.31532
92.08441	2.29599
92.32546	2.28089
92.56652	2.27227
92.80758	2.27204
93.04864	2.28138
93.28970	2.30041
93.53076	2.32812
93.77182	2.36245
94.01288	2.40054
94.25393	2.43922
94.49499	2.47542
94.73605	2.50667
94.97711	2.53143
95.21817	2.54920
95.45923	2.56045
95.70029	2.56640
95.94134	2.56858
96.18240	2.56844
96.42346	2.56697
96.66452	2.56447
96.90558	2.56051
97.14664	2.55407
97.38770	2.54387
97.62876	2.52876
97.86981	2.50813
98.11087	2.48217
98.35193	2.45204
98.59299	2.41978
98.83405	2.38807
99.07511	2.35982
99.31617	2.33775
99.55722	2.32399
99.79828	2.31973
100.03934	2.32514
100.28040	2.33938
100.52146	2.36085
100.76252	2.38750
101.00358	2.41722
101.24464	2.44816
101.48569	2.47901
101.72675	2.50906
101.96781	2.53818
102.20887	2.56662
102.44993	2.59468
102.69099	2.62251
102.93205	2.64980
103.17310	2.67565
103.41416	2.69862
103.65522	2.71689
103.89628	2.72856
104.13734	2.73204
104.37840	2.72638
104.61946	2.71157
104.86051	2.68865
105.10157	2.65964
105.34263	2.62731
105.58369	2.59476
105.82475	2.56501
106.06581	2.54056
106.30687	2.52306
106.54793	2.51314
106.78898	2.51048
107.03004	2.51400
107.27110	2.52224
107.51216	2.53371
107.75322	2.54733
107.99428	2.56265
108.23534	2.57991
108.47639	2.59998
108.71745	2.62404
108.95851	2.65320
109.19957	2.68811
109.44063	2.72860
109.68169	2.77352
109.92275	2.82071
110.16381	2.86730
110.40486	2.91007
110.64592	2.94594
110.88698	2.97250
111.12804	2.98840
111.36910	2.99354
111.61016	2.98908
111.85122	2.97722
112.09227	2.96073
112.33333	2.94252
112.57439	2.92509
112.81545	2.91016
113.05651	2.89852
113.29757	2.89002
113.53863	2.88380
113.77969	2.87869
114.02074	2.87366
114.26180	2.86820
114.50286	2.86263
114.74392	2.85816
114.98498	2.85675
115.22604	2.86080
115.46710	2.87264
115.70815	2.89407
115.94921	2.92585
116.19027	2.96749
116.43133	3.01709
116.67239	3.07160
116.91345	3.12721
117.15451	3.17986
117.39556	3.22589
117.63662	3.26259
117.87768	3.28851
118.11874	3.30364
118.35980	3.30927
118.60086	3.30759
118.84192	3.30126
119.08298	3.29278
119.32403	3.28407
119.56509	3.27617
119.80615	3.26912
120.04721	3.26219
120.28827	3.25421
120.52933	3.24401
120.77039	3.23097
121.01144	3.21529
121.25250	3.19819
121.49356	3.18185
121.73462	3.16908
121.97568	3.16287
122.21674	3.16587
122.45780	3.17984
122.69886	3.20533
122.93991	3.24152
123.18097	3.28635
123.42203	3.33682
123.66309	3.38952
123.90415	3.44117
124.14521	3.48914
124.38627	3.53175
124.62732	3.56844
124.86838	3.59964
125.10944	3.62642
125.35050	3.65007
125.59156	3.67161
125.83262	3.69143
126.07368	3.70904
126.31474	3.72319
126.55579	3.73204
126.79685	3.73363
127.03791	3.72638
127.27897	3.70956
127.52003	3.68360
127.76109	3.65026
128.00215	3.61245
128.24320	3.57388
128.48426	3.53856
128.72532	3.51018
128.96638	3.49159
129.20744	3.48437
129.44850	3.48863
129.68956	3.50312
129.93061	3.52545
130.17167	3.55260
130.41273	3.58146
130.65379	3.60935
130.89485	3.63438
131.13591	3.65572
131.37697	3.67350
131.61803	3.68860
131.85908	3.70224
132.10014	3.71546
132.34120	3.72879
132.58226	3.74187
132.82332	3.75349
133.06438	3.76167
133.30544	3.76407
133.54649	3.75850
133.78755	3.74338
134.02861	3.71815
134.26967	3.68350
134.51073	3.64136
134.75179	3.59463
134.99285	3.54675
135.23391	3.50116
135.47496	3.46075
135.71602	3.42752
135.95708	3.40231
136.19814	3.38485
136.43920	3.37397
136.68026	3.36799
136.92132	3.36515
137.16237	3.36405
137.40343	3.36393
137.64449	3.36482
137.88555	3.36745
138.12661	3.37296
138.36767	3.38256
138.60873	3.39703
138.84979	3.41645
139.09084	3.43987
139.33190	3.46539
139.57296	3.49025
139.81402	3.51131
140.05508	3.52548
140.29614	3.53025
140.53720	3.52412
140.77825	3.50685
141.01931	3.47950
141.26037	3.44420
141.50143	3.40381
141.74249	3.36140
141.98355	3.31976
142.22461	3.28101
142.46566	3.24636
142.70672	3.21610
142.94778	3.18973
143.18884	3.16630
143.42990	3.14479
143.67096	3.12443
143.91202	3.10503
144.15308	3.08699
144.39413	3.07135
144.63519	3.05947
144.87625	3.05275
145.11731	3.05229
145.35837	3.05849
145.59943	3.07094
145.84049	3.08826
146.08154	3.10832
146.32260	3.12844
146.56366	3.14585
146.80472	3.15806
147.04578	3.16326
147.28684	3.16060
147.52790	3.15026
147.76896	3.13332
148.01001	3.11156
148.25107	3.08702
148.49213	3.06158
148.73319	3.03665
148.97425	3.01288
149.21531	2.99014
149.45637	2.96766
149.69742	2.94431
149.93848	2.91900
150.17954	2.89102
150.42060	2.86038
150.66166	2.82790
150.90272	2.79519
151.14378	2.76437
151.38484	2.73775
151.62589	2.71735
151.86695	2.70453
152.10801	2.69969
152.34907	2.70218
152.59013	2.71038
152.83119	2.72197
153.07225	2.73430
153.31330	2.74487
153.55436	2.75171
153.79542	2.75364
154.03648	2.75041
154.27754	2.74260
154.51860	2.73139
154.75966	2.71822
155.00072	2.70443
155.24177	2.69094
155.48283	2.67804
155.72389	2.66540
155.96495	2.65213
156.20601	2.63708
156.44707	2.61914
156.68813	2.59759
156.92918	2.57230
157.17024	2.54389
157.41130	2.51365
157.65236	2.48341
157.89342	2.45518
158.13448	2.43088
158.37554	2.41196
158.61659	2.39917
158.85765	2.39248
159.09871	2.39110
159.33977	2.39363
159.58083	2.39838
159.82189	2.40368
160.06295	2.40818
160.30401	2.41106
160.54506	2.41217
160.78612	2.41193
161.02718	2.41121
161.26824	2.41100
161.50930	2.41219
161.75036	2.41522
161.99142	2.41997
162.23247	2.42570
162.47353	2.43117
162.71459	2.43484
162.95565	2.43526
163.19671	2.43130
163.43777	2.42249
163.67883	2.40912
163.91989	2.39223
164.16094	2.37349
164.40200	2.35489
164.64306	2.33837
164.88412	2.32555
165.12518	2.31743
165.36624	2.31423
165.60730	2.31546
165.84835	2.32004
166.08941	2.32655
166.33047	2.33359
166.57153	2.34001
166.81259	2.34518
167.05365	2.34906
167.29471	2.35216
167.53577	2.35538
167.77682	2.35976
168.01788	2.36615
168.25894	2.37504
168.50000	2.38630
168.74106	2.39919
168.98212	2.41246
169.22318	2.42449
169.46423	2.43367
169.70529	2.43865
169.94635	2.43862
170.18741	2.43349
170.42847	2.42391
170.66953	2.41113
170.91059	2.39686
171.15164	2.38286
171.39270	2.37071
171.63376	2.36152
171.87482	2.35577
172.11588	2.35327
172.35694	2.35332
172.59800	2.35486
172.83906	2.35680
173.08011	2.35827
173.32117	2.35883
173.56223	2.35858
173.80329	2.35815
174.04435	2.35853
174.28541	2.36084
174.52647	2.36609
174.76752	2.37485
175.00858	2.38713
175.24964	2.40231
175.49070	2.41916
175.73176	2.43610
175.97282	2.45142
176.21388	2.46363
176.45494	2.47171
176.69599	2.47528
176.93705	2.47468
177.17811	2.47089
177.41917	2.46528
177.66023	2.45939
177.90129	2.45457
178.14235	2.45176
178.38340	2.45135
178.62446	2.45308
178.86552	2.45625
179.10658	2.45983
179.34764	2.46282
179.58870	2.46447
179.82976	2.46454
180.07082	2.46334
180.31187	2.46178
180.55293	2.46113
180.79399	2.46281
181.03505	2.46806
181.27611	2.47764
181.51717	2.49169
181.75823	2.50961
181.99928	2.53011
182.24034	2.55151
182.48140	2.57193
182.72246	2.58972
182.96352	2.60368
183.20458	2.61332
183.44564	2.61887
183.68669	2.62124
183.92775	2.62177
184.16881	2.62197
184.40987	2.62315
184.65093	2.62621
184.89199	2.63146
185.13305	2.63858
185.37411	2.64677
185.61516	2.65494
185.85622	2.66201
186.09728	2.66721
186.33834	2.67028
186.57940	2.67157
186.82046	2.67203
187.06152	2.67303
187.30257	2.67613
187.54363	2.68270
187.78469	2.69372
188.02575	2.70949
188.26681	2.72961
188.50787	2.75297
188.74893	2.77799
188.98999	2.80289
189.23104	2.82600
189.47210	2.84608
189.71316	2.86251
189.95422	2.87539
190.19528	2.88543
190.43634	2.89380
190.67740	2.90181
190.91845	2.91061
191.15951	2.92092
191.40057	2.93286
191.64163	2.94592
191.88269	2.95906
192.12375	2.97100
192.36481	2.98044
192.60587	2.98643
192.84692	2.98862
193.08798	2.98733
193.32904	2.98360
193.57010	2.97898
193.81116	2.97530
194.05222	2.97429
194.29328	2.97729
194.53433	2.98501
194.77539	2.99737
195.01645	3.01354
195.25751	3.03211
195.49857	3.05137
195.73963	3.06963
195.98069	3.08556
196.22174	3.09838
196.46280	3.10801
196.70386	3.11501
196.94492	3.12040
197.18598	3.12537
197.42704	3.13100
197.66810	3.13793
197.90916	3.14622
198.15021	3.15530
198.39127	3.16407
198.63233	3.17115
198.87339	3.17516
199.11445	3.17512
199.35551	3.17059
199.59657	3.16188
199.83762	3.15003
200.07868	3.13658
200.31974	3.12337
200.56080	3.11217
200.80186	3.10437
201.04292	3.10073
201.28398	3.10132
201.52504	3.10551
201.76609	3.11215
202.00715	3.11986
202.24821	3.12728
202.48927	3.13338
202.73033	3.13763
202.97139	3.14006
203.21245	3.14124
203.45350	3.14206
203.69456	3.14352
203.93562	3.14644
204.17668	3.15124
204.41774	3.15777
204.65880	3.16531
204.89986	3.17266
205.14092	3.17837
205.38197	3.18098
205.62303	3.17934
205.86409	3.17286
206.10515	3.16160
206.34621	3.14636
206.58727	3.12846
206.82833	3.10957
207.06938	3.09135
207.31044	3.07523
207.55150	3.06207
207.79256	3.05210
208.03362	3.04490
208.27468	3.03955
208.51574	3.03482
208.75680	3.02952
208.99785	3.02274
209.23891	3.01404
209.47997	3.00353
209.72103	2.99187
209.96209	2.98006
210.20315	2.96920
210.44421	2.96026
210.68526	2.95377
210.92632	2.94972
211.16738	2.94752
211.40844	2.94606
211.64950	2.94396
211.89056	2.93979
212.13162	2.93236
212.37267	2.92098
212.61373	2.90557
212.85479	2.88667
213.09585	2.86535
213.33691	2.84300
213.57797	2.82107
213.81903	2.80077
214.06009	2.78292
214.30114	2.76777
214.54220	2.75503
214.78326	2.74397
215.02432	2.73363
215.26538	2.72303
215.50644	2.71140
215.74750	2.69839
215.98855	2.68409
216.22961	2.66903
216.47067	2.65408
216.71173	2.64019
216.95279	2.62823
217.19385	2.61874
217.43491	2.61182
217.67597	2.60707
217.91702	2.60363
218.15808	2.60037
218.39914	2.59606
218.64020	2.58964
218.88126	2.58040
219.12232	2.56810
219.36338	2.55304
219.60443	2.53597
219.84549	2.51792
220.08655	2.50000
220.32761	2.48316
220.56867	2.46802
220.80973	2.45473
221.05079	2.44299
221.29185	2.43214
221.53290	2.42129
221.77396	2.40961
222.01502	2.39647
222.25608	2.38163
222.49714	2.36533
222.73820	2.34824
222.97926	2.33134
223.22031	2.31573
223.46137	2.30241
223.70243	2.29208
223.94349	2.28498
224.18455	2.28085
224.42561	2.27899
224.66667	2.27837
224.90772	2.27781
225.14878	2.27623
225.38984	2.27283
225.63090	2.26720
225.87196	2.25938
226.11302	2.24979
226.35408	2.23915
226.59514	2.22826
226.83619	2.21784
227.07725	2.20836
227.31831	2.19997
227.55937	2.19247
227.80043	2.18536
228.04149	2.17802
228.28255	2.16979
228.52360	2.16023
228.76466	2.14916
229.00572	2.13676
229.24678	2.12356
229.48784	2.11035
229.72890	2.09799
229.96996	2.08731
230.21102	2.07892
230.45207	2.07308
230.69313	2.06968
230.93419	2.06828
231.17525	2.06815
231.41631	2.06847
231.65737	2.06847
231.89843	2.06756
232.13948	2.06547
232.38054	2.06221
232.62160	2.05810
232.86266	2.05364
233.10372	2.04936
233.34478	2.04569
233.58584	2.04284
233.82690	2.04072
234.06795	2.03895
234.30901	2.03691
234.55007	2.03388
234.79113	2.02920
235.03219	2.02238
235.27325	2.01328
235.51431	2.00212
235.75536	1.98945
235.99642	1.97613
236.23748	1.96312
236.47854	1.95138
236.71960	1.94165
236.96066	1.93441
237.20172	1.92974
237.44277	1.92740
237.68383	1.92688
237.92489	1.92750
238.16595	1.92859
238.40701	1.92960
238.64807	1.93022
238.88913	1.93037
239.13019	1.93026
239.37124	1.93024
239.61230	1.93071
239.85336	1.93200
240.09442	1.93428
240.33548	1.93746
240.57654	1.94117
240.81760	1.94486
241.05865	1.94784
241.29971	1.94945
241.54077	1.94919
241.78183	1.94679
242.02289	1.94230
242.26395	1.93611
242.50501	1.92883
242.74607	1.92125
242.98712	1.91413
243.22818	1.90814
243.46924	1.90369
243.71030	1.90092
243.95136	1.89968
244.19242	1.89960
244.43348	1.90021
244.67453	1.90105
244.91559	1.90179
245.15665	1.90231
245.39771	1.90276
245.63877	1.90349
245.87983	1.90501
246.12089	1.90785
246.36195	1.91246
246.60300	1.91906
246.84406	1.92759
247.08512	1.93768
247.32618	1.94870
247.56724	1.95985
247.80830	1.97031
248.04936	1.97934
248.29041	1.98643
248.53147	1.99139
248.77253	1.99431
249.01359	1.99559
249.25465	1.99580
249.49571	1.99555
249.73677	1.99540
249.97783	1.99573
250.21888	1.99669
250.45994	1.99819
250.70100	1.99996
250.94206	2.00166
251.18312	2.00295
251.42418	2.00365
251.66524	2.00380
251.90629	2.00367
252.14735	2.00372
252.38841	2.00457
252.62947	2.00682
252.87053	2.01098
253.11159	2.01731
253.35265	2.02577
253.59370	2.03604
253.83476	2.04750
254.07582	2.05935
254.31688	2.07076
254.55794	2.08099
254.79900	2.08948
255.04006	2.09599
255.28112	2.10057
255.52217	2.10354
255.76323	2.10538
256.00429	2.10666
256.24535	2.10786
256.48641	2.10927
256.72747	2.11095
256.96853	2.11271
257.20958	2.11416
257.45064	2.11482
257.69170	2.11425
257.93276	2.11218
258.17382	2.10860
258.41488	2.10379
258.65594	2.09833
258.89700	2.09300
259.13805	2.08864
259.37911	2.08601
259.62017	2.08568
259.86123	2.08789
260.10229	2.09252
260.34335	2.09913
260.58441	2.10706
260.82546	2.11553
261.06652	2.12379
261.30758	2.13127
261.54864	2.13762
261.78970	2.14280
262.03076	2.14697
262.27182	2.15047
262.51288	2.15365
262.75393	2.15680
262.99499	2.16001
263.23605	2.16315
263.47711	2.16588
263.71817	2.16767
263.95923	2.16798
264.20029	2.16632
264.44134	2.16241
264.68240	2.15623
264.92346	2.14808
265.16452	2.13852
265.40558	2.12834
265.64664	2.11838
265.88770	2.10945
266.12875	2.10215
266.36981	2.09683
266.61087	2.09354
266.85193	2.09200
267.09299	2.09176
267.33405	2.09223
267.57511	2.09285
267.81617	2.09317
268.05722	2.09296
268.29828	2.09219
268.53934	2.09104
268.78040	2.08981
269.02146	2.08882
269.26252	2.08832
269.50358	2.08836
269.74463	2.08879
269.98569	2.08924
270.22675	2.08915
270.46781	2.08793
270.70887	2.08499
270.94993	2.07991
271.19099	2.07251
271.43205	2.06290
271.67310	2.05146
271.91416	2.03875
272.15522	2.02548
272.39628	2.01233
272.63734	1.99987
272.87840	1.98845
273.11946	1.97819
273.36051	1.96899
273.60157	1.96053
273.84263	1.95246
274.08369	1.94441
274.32475	1.93612
274.56581	1.92752
274.80687	1.91875
275.04793	1.91010
275.28898	1.90200
275.53004	1.89488
275.77110	1.88907
276.01216	1.88475
276.25322	1.88183
276.49428	1.88000
276.73534	1.87872
276.97639	1.87733
277.21745	1.87515
277.45851	1.87157
277.69957	1.86617
277.94063	1.85879
278.18169	1.84951
278.42275	1.83865
278.66380	1.82668
278.90486	1.81415
279.14592	1.80156
279.38698	1.78928
279.62804	1.77754
279.86910	1.76637
280.11016	1.75567
280.35122	1.74523
280.59227	1.73487
280.83333	1.72445
281.07439	1.71397
281.31545	1.70357
281.55651	1.69355
281.79757	1.68426
282.03863	1.67612
282.27968	1.66943
282.52074	1.66440
282.76180	1.66101
283.00286	1.65906
283.24392	1.65816
283.48498	1.65779
283.72604	1.65736
283.96710	1.65636
284.20815	1.65437
284.44921	1.65116
284.69027	1.64667
284.93133	1.64104
285.17239	1.63452
285.41345	1.62741
285.65451	1.61999
285.89556	1.61246
286.13662	1.60486
286.37768	1.59713
286.61874	1.58909
286.85980	1.58053
287.10086	1.57126
287.34192	1.56118
287.58298	1.55034
287.82403	1.53896
288.06509	1.52739
288.30615	1.51609
288.54721	1.50555
288.78827	1.49621
289.02933	1.48837
289.27039	1.48216
289.51144	1.47754
289.75250	1.47425
289.99356	1.47193
290.23462	1.47014
290.47568	1.46845
290.71674	1.46652
290.95780	1.46411
291.19885	1.46116
291.43991	1.45771
291.68097	1.45389
291.92203	1.44987
292.16309	1.44578
292.40415	1.44169
292.64521	1.43753
292.88627	1.43317
293.12732	1.42835
293.36838	1.42280
293.60944	1.41630
293.85050	1.40870
294.09156	1.40000
294.33262	1.39033
294.57368	1.38000
294.81473	1.36942
295.05579	1.35905
295.29685	1.34931
295.53791	1.34058
295.77897	1.33307
296.02003	1.32686
296.26109	1.32189
296.50215	1.31796
296.74320	1.31483
296.98426	1.31223
297.22532	1.30996
297.46638	1.30788
297.70744	1.30598
297.94850	1.30432
298.18956	1.30302
298.43061	1.30221
298.67167	1.30198
298.91273	1.30236
299.15379	1.30324
299.39485	1.30441
299.63591	1.30557
299.87697	1.30638
300.11803	1.30653
300.35908	1.30574
300.60014	1.30387
300.84120	1.30093
301.08226	1.29704
301.32332	1.29248
301.56438	1.28756
301.80544	1.28263
302.04649	1.27802
302.28755	1.27394
302.52861	1.27054
302.76967	1.26782
303.01073	1.26573
303.25179	1.26416
303.49285	1.26299
303.73391	1.26215
303.97496	1.26161
304.21602	1.26144
304.45708	1.26176
304.69814	1.26275
304.93920	1.26455
305.18026	1.26729
305.42132	1.27099
305.66237	1.27556
305.90343	1.28082
306.14449	1.28648
306.38555	1.29218
306.62661	1.29759
306.86767	1.30239
307.10873	1.30639
307.34978	1.30947
307.59084	1.31168
307.83190	1.31314
308.07296	1.31408
308.31402	1.31472
308.55508	1.31528
308.79614	1.31592
309.03720	1.31669
309.27825	1.31759
309.51931	1.31853
309.76037	1.31944
310.00143	1.32021
310.24249	1.32082
310.48355	1.32133
310.72461	1.32190
310.96566	1.32273
311.20672	1.32410
311.44778	1.32626
311.68884	1.32942
311.92990	1.33366
312.17096	1.33898
312.41202	1.34522
312.65308	1.35212
312.89413	1.35934
313.13519	1.36654
313.37625	1.37338
313.61731	1.37963
313.85837	1.38515
314.09943	1.38990
314.34049	1.39397
314.58154	1.39750
314.82260	1.40064
315.06366	1.40354
315.30472	1.40629
315.54578	1.40889
315.78684	1.41129
316.02790	1.41338
316.26896	1.41502
316.51001	1.41611
316.75107	1.41664
316.99213	1.41668
317.23319	1.41640
317.47425	1.41608
317.71531	1.41606
317.95637	1.41666
318.19742	1.41819
318.43848	1.42085
318.67954	1.42472
318.92060	1.42974
319.16166	1.43572
319.40272	1.44239
319.64378	1.44944
319.88483	1.45655
320.12589	1.46348
320.36695	1.47007
320.60801	1.47624
320.84907	1.48203
321.09013	1.48750
321.33119	1.49276
321.57225	1.49788
321.81330	1.50287
322.05436	1.50769
322.29542	1.51222
322.53648	1.51630
322.77754	1.51975
323.01860	1.52243
323.25966	1.52429
323.50071	1.52537
323.74177	1.52580
323.98283	1.52582
324.22389	1.52574
324.46495	1.52588
324.70601	1.52653
324.94707	1.52793
325.18813	1.53018
325.42918	1.53330
325.67024	1.53717
325.91130	1.54163
326.15236	1.54644
326.39342	1.55139
326.63448	1.55633
326.87554	1.56115
327.11659	1.56586
327.35765	1.57051
327.59871	1.57523
327.83977	1.58011
328.08083	1.58524
328.32189	1.59060
328.56295	1.59610
328.80401	1.60153
329.04506	1.60662
329.28612	1.61106
329.52718	1.61456
329.76824	1.61690
330.00930	1.61798
330.25036	1.61781
330.49142	1.61656
330.73247	1.61449
330.97353	1.61196
331.21459	1.60929
331.45565	1.60682
331.69671	1.60475
331.93777	1.60320
332.17883	1.60218
332.41988	1.60159
332.66094	1.60127
332.90200	1.60106
333.14306	1.60084
333.38412	1.60053
333.62518	1.60017
333.86624	1.59986
334.10730	1.59974
334.34835	1.59999
334.58941	1.60075
334.83047	1.60206
335.07153	1.60388
335.31259	1.60605
335.55365	1.60830
335.79471	1.61030
336.03576	1.61171
336.27682	1.61221
336.51788	1.61158
336.75894	1.60972
337.00000	1.60665
337.24106	1.60253
337.48212	1.59757
337.72318	1.59206
337.96423	1.58623
338.20529	1.58029
338.44635	1.57435
338.68741	1.56844
338.92847	1.56250
339.16953	1.55645
339.41059	1.55019
339.65164	1.54367
339.89270	1.53691
340.13376	1.52999
340.37482	1.52311
340.61588	1.51648
340.85694	1.51032
341.09800	1.50485
341.33906	1.50016
341.58011	1.49626
341.82117	1.49306
342.06223	1.49033
342.30329	1.48780
342.54435	1.48514
342.78541	1.48208
343.02647	1.47837
343.26752	1.47388
343.50858	1.46858
343.74964	1.46253
343.99070	1.45587
344.23176	1.44875
344.47282	1.44134
344.71388	1.43375
344.95493	1.42603
345.19599	1.41817
345.43705	1.41012
345.67811	1.40179
345.91917	1.39313
346.16023	1.38410
346.40129	1.37476
346.64235	1.36519
346.88340	1.35559
347.12446	1.34615
347.36552	1.33707
347.60658	1.32854
347.84764	1.32066
348.08870	1.31345
348.32976	1.30684
348.57081	1.30069
348.81187	1.29481
349.05293	1.28900
349.29399	1.28306
349.53505	1.27684
349.77611	1.27029
350.01717	1.26340
350.25823	1.25622
350.49928	1.24885
350.74034	1.24139
350.98140	1.23393
351.22246	1.22651
351.46352	1.21911
351.70458	1.21166
351.94564	1.20404
352.18669	1.19615
352.42775	1.18788
352.66881	1.17919
352.90987	1.17009
353.15093	1.16067
353.39199	1.15111
353.63305	1.14160
353.87411	1.13237
354.11516	1.12363
354.35622	1.11553
354.59728	1.10814
354.83834	1.10146
355.07940	1.09541
355.32046	1.08985
355.56152	1.08460
355.80257	1.07950
356.04363	1.07438
356.28469	1.06917
356.52575	1.06382
356.76681	1.05835
357.00787	1.05283
357.24893	1.04733
357.48999	1.04194
357.73104	1.03668
357.97210	1.03155
358.21316	1.02651
358.45422	1.02144
358.69528	1.01621
358.93634	1.01070
359.17740	1.00479
359.41845	0.99843
359.65951	0.99161
359.90057	0.98440
360.14163	0.97693
360.38269	0.96933
360.62375	0.96178
360.86481	0.95442
361.10586	0.94734
361.34692	0.94060
361.58798	0.93418
361.82904	0.92803
362.07010	0.92206
362.31116	0.91621
362.55222	0.91039
362.79328	0.90459
363.03433	0.89882
363.27539	0.89314
363.51645	0.88762
363.75751	0.88234
363.99857	0.87738
364.23963	0.87275
364.48069	0.86843
364.72174	0.86434
364.96280	0.86035
365.20386	0.85631
365.44492	0.85206
365.68598	0.84746
365.92704	0.84242
366.16810	0.83690
366.40916	0.83094
366.65021	0.82462
366.89127	0.81804
367.13233	0.81134
367.37339	0.80463
367.61445	0.79799
367.85551	0.79145
368.09657	0.78502
368.33762	0.77863
368.57868	0.77224
368.81974	0.76576
369.06080	0.75915
369.30186	0.75240
369.54292	0.74552
369.78398	0.73857
370.02504	0.73162
370.26609	0.72474
370.50715	0.71799
370.74821	0.71139
370.98927	0.70494
371.23033	0.69858
371.47139	0.69222
371.71245	0.68575
371.95350	0.67906
372.19456	0.67206
372.43562	0.66469
372.67668	0.65690
372.91774	0.64872
373.15880	0.64019
373.39986	0.63137
373.64091	0.62233
373.88197	0.61314
374.12303	0.60384
374.36409	0.59445
374.60515	0.58498
374.84621	0.57541
375.08727	0.56573
375.32833	0.55592
375.56938	0.54600
375.81044	0.53602
376.05150	0.52604
376.29256	0.51611
376.53362	0.50638
376.77468	0.49696
377.01574	0.48795
377.25679	0.47941
377.49785	0.47138
377.73891	0.46387
377.97997	0.45688
378.22103	0.45033
378.46209	0.44423
378.70315	0.43858
378.94421	0.43337
379.18526	0.42864
379.42632	0.42443
379.66738	0.42082
379.90844	0.41787
380.14950	0.41565
380.39056	0.41424
380.63162	0.41366
380.87267	0.41393
381.11373	0.41503
381.35479	0.41691
381.59585	0.41952
381.83691	0.42281
382.07797	0.42673
382.31903	0.43126
382.56009	0.43638
382.80114	0.44211
383.04220	0.44847
383.28326	0.45548
383.52432	0.46315
383.76538	0.47147
384.00644	0.48037
384.24750	0.48980
384.48855	0.49968
384.72961	0.50989
384.97067	0.52034
385.21173	0.53093
385.45279	0.54159
385.69385	0.55226
385.93491	0.56293
386.17596	0.57362
386.41702	0.58436
386.65808	0.59517
386.89914	0.60606
387.14020	0.61702
387.38126	0.62800
387.62232	0.63892
387.86338	0.64968
388.10443	0.66020
388.34549	0.67041
388.58655	0.68025
388.82761	0.68972
389.06867	0.69884
389.30973	0.70770
389.55079	0.71640
389.79184	0.72505
390.03290	0.73374
390.27396	0.74256
390.51502	0.75152
390.75608	0.76060
390.99714	0.76974
391.23820	0.77884
391.47926	0.78782
391.72031	0.79659
391.96137	0.80510
392.20243	0.81332
392.44349	0.82129
392.68455	0.82906
392.92561	0.83668
393.16667	0.84423
393.40772	0.85173
393.64878	0.85919
393.88984	0.86657
394.13090	0.87379
394.37196	0.88075
394.61302	0.88737
394.85408	0.89357
395.09514	0.89929
395.33619	0.90455
395.57725	0.90941
395.81831	0.91397
396.05937	0.91836
396.30043	0.92273
396.54149	0.92722
396.78255	0.93193
397.02360	0.93695
397.26466	0.94229
397.50572	0.94794
397.74678	0.95386
397.98784	0.96001
398.22890	0.96633
398.46996	0.97280
398.71102	0.97942
398.95207	0.98622
399.19313	0.99326
399.43419	1.00059
399.67525	1.00826
399.91631	1.01627
400.15737	1.02461
400.39843	1.03318
400.63948	1.04186
400.88054	1.05047
401.12160	1.05882
401.36266	1.06674
401.60372	1.07409
401.84478	1.08076
402.08584	1.08671
402.32689	1.09199
402.56795	1.09666
402.80901	1.10082
403.05007	1.10460
403.29113	1.10808
403.53219	1.11132
403.77325	1.11433
404.01431	1.11709
404.25536	1.11954
404.49642	1.12162
404.73748	1.12328
404.97854	1.12452
405.21960	1.12535
405.46066	1.12587
405.70172	1.12619
405.94277	1.12643
406.18383	1.12673
406.42489	1.12716
406.66595	1.12778
406.90701	1.12858
407.14807	1.12948
407.38913	1.13038
407.63019	1.13116
407.87124	1.13169
408.11230	1.13187
408.35336	1.13165
408.59442	1.13102
408.83548	1.13001
409.07654	1.12869
409.31760	1.12716
409.55865	1.12549
409.79971	1.12375
410.04077	1.12197
410.28183	1.12012
410.52289	1.11817
410.76395	1.11603
411.00501	1.11362
411.24607	1.11086
411.48712	1.10770
411.72818	1.10415
411.96924	1.10024
412.21030	1.09606
412.45136	1.09172
412.69242	1.08735
412.93348	1.08305
413.17453	1.07891
413.41559	1.07496
413.65665	1.07119
413.89771	1.06755
414.13877	1.06394
414.37983	1.06027
414.62089	1.05644
414.86194	1.05237
415.10300	1.04803
415.34406	1.04341
415.58512	1.03851
415.82618	1.03338
416.06724	1.02804
416.30830	1.02253
416.54936	1.01685
416.79041	1.01099
417.03147	1.00492
417.27253	0.99860
417.51359	0.99201
417.75465	0.98513
417.99571	0.97799
418.23677	0.97062
418.47782	0.96312
418.71888	0.95558
418.95994	0.94810
419.20100	0.94079
419.44206	0.93370
419.68312	0.92688
419.92418	0.92031
420.16524	0.91395
420.40629	0.90772
420.64735	0.90152
420.88841	0.89529
421.12947	0.88894
421.37053	0.88245
421.61159	0.87581
421.85265	0.86906
422.09370	0.86226
422.33476	0.85544
422.57582	0.84866
422.81688	0.84193
423.05794	0.83524
423.29900	0.82853
423.54006	0.82172
423.78112	0.81472
424.02217	0.80744
424.26323	0.79982
424.50429	0.79181
424.74535	0.78343
424.98641	0.77470
425.22747	0.76570
425.46853	0.75653
425.70958	0.74728
425.95064	0.73803
426.19170	0.72885
426.43276	0.71978
426.67382	0.71086
426.91488	0.70209
427.15594	0.69346
427.39699	0.68498
427.63805	0.67665
427.87911	0.66851
428.12017	0.66057
428.36123	0.65287
428.60229	0.64546
428.84335	0.63836
429.08441	0.63158
429.32546	0.62510
429.56652	0.61890
429.80758	0.61290
430.04864	0.60705
430.28970	0.60127
430.53076	0.59547
430.77182	0.58961
431.01287	0.58362
431.25393	0.57750
431.49499	0.57124
431.73605	0.56485
431.97711	0.55837
432.21817	0.55182
432.45923	0.54525
432.70029	0.53867
432.94134	0.53212
433.18240	0.52559
433.42346	0.51910
433.66452	0.51264
433.90558	0.50622
434.14664	0.49985
434.38770	0.49357
434.62875	0.48743
434.86981	0.48149
435.11087	0.47583
435.35193	0.47049
435.59299	0.46555
435.83405	0.46104
436.07511	0.45698
436.31617	0.45338
436.55722	0.45022
436.79828	0.44750
437.03934	0.44520
437.28040	0.44331
437.52146	0.44183
437.76252	0.44078
438.00358	0.44020
438.24463	0.44013
438.48569	0.44060
438.72675	0.44166
438.96781	0.44331
439.20887	0.44556
439.44993	0.44837
439.69099	0.45169
439.93204	0.45546
440.17310	0.45959
440.41416	0.46403
440.65522	0.46870
440.89628	0.47355
441.13734	0.47853
441.37840	0.48363
441.61946	0.48882
441.86051	0.49407
442.10157	0.49938
442.34263	0.50472
442.58369	0.51007
442.82475	0.51538
443.06581	0.52058
443.30687	0.52561
443.54792	0.53041
443.78898	0.53493
444.03004	0.53912
444.27110	0.54296
444.51216	0.54645
444.75322	0.54960
444.99428	0.55242
445.23534	0.55495
445.47639	0.55719
445.71745	0.55917
445.95851	0.56090
446.19957	0.56237
446.44063	0.56356
446.68169	0.56447
446.92275	0.56508
447.16380	0.56539
447.40486	0.56538
447.64592	0.56509
447.88698	0.56455
448.12804	0.56377
448.36910	0.56282
448.61016	0.56170
448.85122	0.56046
449.09227	0.55910
449.33333	0.55761
449.57439	0.55600
449.81545	0.55425
450.05651	0.55236
450.29757	0.55035
450.53863	0.54823
450.77968	0.54606
451.02074	0.54389
451.26180	0.54179
451.50286	0.53982
451.74392	0.53804
451.98498	0.53648
452.22604	0.53517
452.46710	0.53410
452.70815	0.53323
452.94921	0.53252
453.19027	0.53193
453.43133	0.53139
453.67239	0.53086
453.91345	0.53030
454.15451	0.52970
454.39556	0.52905
454.63662	0.52834
454.87768	0.52759
455.11874	0.52680
455.35980	0.52598
455.60086	0.52513
455.84192	0.52425
456.08297	0.52330
456.32403	0.52230
456.56509	0.52122
456.80615	0.52006
457.04721	0.51885
457.28827	0.51760
457.52933	0.51636
457.77039	0.51518
458.01144	0.51410
458.25250	0.51318
458.49356	0.51245
458.73462	0.51196
458.97568	0.51172
459.21674	0.51176
459.45780	0.51206
459.69885	0.51265
459.93991	0.51352
460.18097	0.51469
460.42203	0.51615
460.66309	0.51794
460.90415	0.52004
461.14521	0.52248
461.38627	0.52525
461.62732	0.52833
461.86838	0.53170
462.10944	0.53531
462.35050	0.53911
462.59156	0.54304
462.83262	0.54704
463.07368	0.55107
463.31473	0.55505
463.55579	0.55897
463.79685	0.56279
464.03791	0.56649
464.27897	0.57007
464.52003	0.57353
464.76109	0.57686
465.00215	0.58005
465.24320	0.58309
465.48426	0.58596
465.72532	0.58863
465.96638	0.59109
466.20744	0.59330
466.44850	0.59524
466.68956	0.59690
466.93061	0.59828
467.17167	0.59939
467.41273	0.60025
467.65379	0.60089
467.89485	0.60133
468.13591	0.60162
468.37697	0.60177
468.61802	0.60183
468.85908	0.60180
469.10014	0.60170
469.34120	0.60153
469.58226	0.60130
469.82332	0.60102
470.06438	0.60067
470.30544	0.60027
470.54649	0.59982
470.78755	0.59933
471.02861	0.59881
471.26967	0.59827
471.51073	0.59771
471.75179	0.59714
471.99285	0.59655
472.23390	0.59591
472.47496	0.59520
472.71602	0.59439
472.95708	0.59348
473.19814	0.59243
473.43920	0.59124
473.68026	0.58993
473.92132	0.58851
474.16237	0.58702
474.40343	0.58548
474.64449	0.58392
474.88555	0.58238
475.12661	0.58087
475.36767	0.57939
475.60873	0.57793
475.84978	0.57649
476.09084	0.57505
476.33190	0.57359
476.57296	0.57213
476.81402	0.57066
477.05508	0.56920
477.29614	0.56778
477.53720	0.56644
477.77825	0.56518
478.01931	0.56403
478.26037	0.56298
478.50143	0.56203
478.74249	0.56113
478.98355	0.56026
479.22461	0.55936
479.46566	0.55839
479.70672	0.55733
479.94778	0.55615
480.18884	0.55484
480.42990	0.55342
480.67096	0.55189
480.91202	0.55028
481.15307	0.54863
481.39413	0.54693
481.63519	0.54522
481.87625	0.54350
482.11731	0.54176
482.35837	0.54000
482.59943	0.53821
482.84049	0.53638
483.08154	0.53452
483.32260	0.53262
483.56366	0.53070
483.80472	0.52876
484.04578	0.52684
484.28684	0.52492
484.52790	0.52304
484.76895	0.52119
485.01001	0.51935
485.25107	0.51753
485.49213	0.51571
485.73319	0.51386
485.97425	0.51197
486.21531	0.51004
486.45637	0.50805
486.69742	0.50602
486.93848	0.50397
487.17954	0.50191
487.42060	0.49987
487.66166	0.49785
487.90272	0.49588
488.14378	0.49395
488.38483	0.49206
488.62589	0.49020
488.86695	0.48836
489.10801	0.48652
489.34907	0.48468
489.59013	0.48283
489.83119	0.48097
490.07225	0.47913
490.31330	0.47731
490.55436	0.47553
490.79542	0.47381
491.03648	0.47217
491.27754	0.47062
491.51860	0.46917
491.75966	0.46781
492.00071	0.46652
492.24177	0.46531
492.48283	0.46416
492.72389	0.46305
492.96495	0.46198
493.20601	0.46094
493.44707	0.45994
493.68812	0.45898
493.92918	0.45805
494.17024	0.45715
494.41130	0.45628
494.65236	0.45543
494.89342	0.45458
495.13448	0.45372
495.37554	0.45282
495.61659	0.45189
495.85765	0.45092
496.09871	0.44991
496.33977	0.44889
496.58083	0.44785
496.82189	0.44684
497.06295	0.44584
497.30400	0.44489
497.54506	0.44397
497.78612	0.44308
498.02718	0.44221
498.26824	0.44135
498.50930	0.44048
498.75036	0.43960
498.99142	0.43870
499.23247	0.43777
499.47353	0.43684
499.71459	0.43591
499.95565	0.43498
500.19671	0.43408
500.43777	0.43321
500.67883	0.43236
500.91988	0.43152
501.16094	0.43068
501.40200	0.42980
501.64306	0.42887
501.88412	0.42785
502.12518	0.42670
502.36624	0.42540
502.60730	0.42390
502.84835	0.42220
503.08941	0.42026
503.33047	0.41808
503.57153	0.41564
503.81259	0.41295
504.05365	0.41003
504.29471	0.40689
504.53576	0.40359
504.77682	0.40019
505.01788	0.39677
505.25894	0.39345
505.50000	0.39032
505.74106	0.38755
505.98212	0.38527
506.22318	0.38365
506.46423	0.38280
506.70529	0.38284
506.94635	0.38384
507.18741	0.38581
507.42847	0.38875
507.66953	0.39257
507.91059	0.39717
508.15164	0.40241
508.39270	0.40813
508.63376	0.41416
508.87482	0.42034
509.11588	0.42651
509.35694	0.43254
509.59800	0.43836
509.83905	0.44390
510.08011	0.44911
510.32117	0.45399
510.56223	0.45852
510.80329	0.46272
511.04435	0.46661
511.28541	0.47020
511.52647	0.47352
511.76752	0.47662
512.00858	0.47951
512.24964	0.48223
512.49070	0.48481
512.73176	0.48727
512.97282	0.48964
513.21388	0.49195
513.45493	0.49419
513.69599	0.49639
513.93705	0.49855
514.17811	0.50066
514.41917	0.50271
514.66023	0.50472
514.90129	0.50665
515.14235	0.50851
515.38340	0.51028
515.62446	0.51196
515.86552	0.51354
516.10658	0.51502
516.34764	0.51639
516.58870	0.51766
516.82976	0.51884
517.07081	0.51993
517.31187	0.52093
517.55293	0.52186
517.79399	0.52273
518.03505	0.52354
518.27611	0.52431
518.51717	0.52505
518.75823	0.52577
518.99928	0.52647
519.24034	0.52719
519.48140	0.52793
519.72246	0.52870
519.96352	0.52951
520.20458	0.53037
520.44564	0.53128
520.68669	0.53220
520.92775	0.53314
521.16881	0.53407
521.40987	0.53498
521.65093	0.53583
521.89199	0.53663
522.13305	0.53736
522.37410	0.53804
522.61516	0.53866
522.85622	0.53923
523.09728	0.53974
523.33834	0.54019
523.57940	0.54057
523.82046	0.54087
524.06152	0.54107
524.30257	0.54118
524.54363	0.54119
524.78469	0.54111
525.02575	0.54097
525.26681	0.54079
525.50787	0.54062
525.74893	0.54050
525.98998	0.54046
526.23104	0.54053
526.47210	0.54075
526.71316	0.54114
526.95422	0.54170
527.19528	0.54245
527.43634	0.54338
527.67740	0.54450
527.91845	0.54578
528.15951	0.54723
528.40057	0.54883
528.64163	0.55057
528.88269	0.55244
529.12375	0.55443
529.36481	0.55654
529.60586	0.55875
529.84692	0.56105
530.08798	0.56343
530.32904	0.56586
530.57010	0.56834
530.81116	0.57083
531.05222	0.57331
531.29328	0.57575
531.53433	0.57816
531.77539	0.58050
532.01645	0.58279
532.25751	0.58501
532.49857	0.58717
532.73963	0.58928
532.98069	0.59132
533.22174	0.59328
533.46280	0.59517
533.70386	0.59694
533.94492	0.59859
534.18598	0.60009
534.42704	0.60142
534.66810	0.60255
534.90915	0.60349
535.15021	0.60423
535.39127	0.60477
535.63233	0.60513
535.87339	0.60530
536.11445	0.60531
536.35551	0.60517
536.59657	0.60489
536.83762	0.60448
537.07868	0.60394
537.31974	0.60327
537.56080	0.60248
537.80186	0.60156
538.04292	0.60051
538.28398	0.59933
538.52503	0.59802
538.76609	0.59659
539.00715	0.59505
539.24821	0.59341
539.48927	0.59170
539.73033	0.58993
539.97139	0.58814
540.21245	0.58638
540.45350	0.58466
540.69456	0.58304
540.93562	0.58154
541.17668	0.58020
541.41774	0.57903
541.65880	0.57804
541.89986	0.57724
542.14091	0.57663
542.38197	0.57620
542.62303	0.57593
542.86409	0.57580
543.10515	0.57578
543.34621	0.57584
543.58727	0.57596
543.82833	0.57610
544.06938	0.57622
544.31044	0.57631
544.55150	0.57633
544.79256	0.57626
545.03362	0.57608
545.27468	0.57579
545.51574	0.57536
545.75679	0.57480
545.99785	0.57409
546.23891	0.57323
546.47997	0.57221
546.72103	0.57102
546.96209	0.56965
547.20315	0.56807
547.44421	0.56628
547.68526	0.56426
547.92632	0.56202
548.16738	0.55953
548.40844	0.55682
548.64950	0.55389
548.89056	0.55076
549.13162	0.54747
549.37267	0.54405
549.61373	0.54053
549.85479	0.53697
550.09585	0.53341
550.33691	0.52990
550.57797	0.52649
550.81903	0.52322
551.06008	0.52016
551.30114	0.51733
551.54220	0.51480
551.78326	0.51260
552.02432	0.51074
552.26538	0.50925
552.50644	0.50813
552.74750	0.50737
552.98855	0.50694
553.22961	0.50684
553.47067	0.50702
553.71173	0.50747
553.95279	0.50818
554.19385	0.50914
554.43491	0.51034
554.67596	0.51177
554.91702	0.51345
555.15808	0.51535
555.39914	0.51747
555.64020	0.51978
555.88126	0.52224
556.12232	0.52483
556.36338	0.52749
556.60443	0.53017
556.84549	0.53283
557.08655	0.53543
557.32761	0.53792
557.56867	0.54030
557.80973	0.54253
558.05079	0.54460
558.29184	0.54650
558.53290	0.54823
558.77396	0.54978
559.01502	0.55116
559.25608	0.55235
559.49714	0.55336
559.73820	0.55418
559.97926	0.55481
560.22031	0.55525
560.46137	0.55551
560.70243	0.55559
560.94349	0.55552
561.18455	0.55531
561.42561	0.55498
561.66667	0.55456
561.90772	0.55406
562.14878	0.55350
562.38984	0.55290
562.63090	0.55228
562.87196	0.55165
563.11302	0.55101
563.35408	0.55037
563.59513	0.54975
563.83619	0.54913
564.07725	0.54853
564.31831	0.54795
564.55937	0.54740
564.80043	0.54689
565.04149	0.54643
565.28255	0.54603
565.52360	0.54569
565.76466	0.54542
566.00572	0.54520
566.24678	0.54503
566.48784	0.54487
566.72890	0.54473
566.96996	0.54457
567.21101	0.54439
567.45207	0.54418
567.69313	0.54395
567.93419	0.54373
568.17525	0.54352
568.41631	0.54335
568.65737	0.54325
568.89843	0.54322
569.13948	0.54327
569.38054	0.54341
569.62160	0.54361
569.86266	0.54388
570.10372	0.54419
570.34478	0.54454
570.58584	0.54494
570.82689	0.54538
571.06795	0.54586
571.30901	0.54641
571.55007	0.54703
571.79113	0.54773
572.03219	0.54851
572.27325	0.54936
572.51431	0.55027
572.75536	0.55122
572.99642	0.55218
573.23748	0.55312
573.47854	0.55403
573.71960	0.55488
573.96066	0.55566
574.20172	0.55637
574.44277	0.55701
574.68383	0.55760
574.92489	0.55816
575.16595	0.55871
575.40701	0.55928
575.64807	0.55988
575.88913	0.56055
576.13018	0.56131
576.37124	0.56217
576.61230	0.56315
576.85336	0.56426
577.09442	0.56553
577.33548	0.56697
577.57654	0.56859
577.81760	0.57039
578.05865	0.57237
578.29971	0.57453
578.54077	0.57684
578.78183	0.57929
579.02289	0.58182
579.26395	0.58441
579.50501	0.58698
579.74606	0.58951
579.98712	0.59195
580.22818	0.59427
580.46924	0.59645
580.71030	0.59850
580.95136	0.60042
581.19242	0.60223
581.43348	0.60393
581.67453	0.60556
581.91559	0.60713
582.15665	0.60864
582.39771	0.61009
582.63877	0.61151
582.87983	0.61289
583.12089	0.61426
583.36194	0.61564
583.60300	0.61707
583.84406	0.61857
584.08512	0.62019
584.32618	0.62194
584.56724	0.62384
584.80830	0.62589
585.04936	0.62808
585.29041	0.63039
585.53147	0.63279
585.77253	0.63526
586.01359	0.63775
586.25465	0.64024
586.49571	0.64270
586.73677	0.64511
586.97782	0.64746
587.21888	0.64972
587.45994	0.65189
587.70100	0.65395
587.94206	0.65588
588.18312	0.65767
588.42418	0.65931
588.66523	0.66080
588.90629	0.66213
589.14735	0.66330
589.38841	0.66433
589.62947	0.66523
589.87053	0.66602
590.11159	0.66673
590.35265	0.66739
590.59370	0.66802
590.83476	0.66866
591.07582	0.66932
591.31688	0.67002
591.55794	0.67076
591.79900	0.67154
592.04006	0.67235
592.28111	0.67319
592.52217	0.67403
592.76323	0.67485
593.00429	0.67564
593.24535	0.67638
593.48641	0.67707
593.72747	0.67769
593.96853	0.67824
594.20958	0.67870
594.45064	0.67908
594.69170	0.67936
594.93276	0.67953
595.17382	0.67960
595.41488	0.67953
595.65594	0.67932
595.89699	0.67897
596.13805	0.67845
596.37911	0.67777
596.62017	0.67693
596.86123	0.67595
597.10229	0.67484
597.34335	0.67362
597.58441	0.67233
597.82546	0.67099
598.06652	0.66965
598.30758	0.66835
598.54864	0.66711
598.78970	0.66598
599.03076	0.66499
599.27182	0.66416
599.51287	0.66351
599.75393	0.66306
599.99499	0.66279
600.23605	0.66269
600.47711	0.66273
600.71817	0.66287
600.95923	0.66305
601.20029	0.66323
601.44134	0.66334
601.68240	0.66332
601.92346	0.66312
602.16452	0.66270
602.40558	0.66201
602.64664	0.66103
602.88770	0.65976
603.12875	0.65820
603.36981	0.65636
603.61087	0.65424
603.85193	0.65188
604.09299	0.64930
604.33405	0.64651
604.57511	0.64352
604.81616	0.64037
605.05722	0.63705
605.29828	0.63358
605.53934	0.62998
605.78040	0.62627
606.02146	0.62247
606.26252	0.61860
606.50358	0.61469
606.74463	0.61075
606.98569	0.60680
607.22675	0.60285
607.46781	0.59887
607.70887	0.59487
607.94993	0.59079
608.19099	0.58662
608.43204	0.58231
608.67310	0.57782
608.91416	0.57312
609.15522	0.56819
609.39628	0.56302
609.63734	0.55758
609.87840	0.55190
610.11946	0.54596
610.36051	0.53979
610.60157	0.53340
610.84263	0.52681
611.08369	0.52005
611.32475	0.51315
611.56581	0.50613
611.80687	0.49904
612.04792	0.49192
612.28898	0.48485
612.53004	0.47787
612.77110	0.47108
613.01216	0.46454
613.25322	0.45834
613.49428	0.45254
613.73534	0.44721
613.97639	0.44241
614.21745	0.43816
614.45851	0.43448
614.69957	0.43137
614.94063	0.42880
615.18169	0.42675
615.42275	0.42515
615.66380	0.42395
615.90486	0.42309
616.14592	0.42249
616.38698	0.42210
616.62804	0.42184
616.86910	0.42166
617.11016	0.42150
617.35121	0.42133
617.59227	0.42108
617.83333	0.42074
618.07439	0.42026
618.31545	0.41962
618.55651	0.41881
618.79757	0.41782
619.03863	0.41665
619.27968	0.41533
619.52074	0.41388
619.76180	0.41232
620.00286	0.41069
620.24392	0.40902
620.48498	0.40732
620.72604	0.40562
620.96709	0.40390
621.20815	0.40217
621.44921	0.40041
621.69027	0.39861
621.93133	0.39675
622.17239	0.39482
622.41345	0.39280
622.65451	0.39070
622.89556	0.38850
623.13662	0.38619
623.37768	0.38378
623.61874	0.38126
623.85980	0.37863
624.10086	0.37589
624.34192	0.37303
624.58297	0.37007
624.82403	0.36701
625.06509	0.36387
625.30615	0.36068
625.54721	0.35744
625.78827	0.35420
626.02933	0.35095
626.27039	0.34774
626.51144	0.34456
626.75250	0.34142
626.99356	0.33831
627.23462	0.33523
627.47568	0.33214
627.71674	0.32902
627.95780	0.32584
628.19885	0.32255
628.43991	0.31913
628.68097	0.31555
628.92203	0.31179
629.16309	0.30785
629.40415	0.30375
629.64521	0.29954
629.88626	0.29527
630.12732	0.29102
630.36838	0.28687
630.60944	0.28292
630.85050	0.27924
631.09156	0.27593
631.33262	0.27304
631.57368	0.27060
631.81473	0.26864
632.05579	0.26714
632.29685	0.26606
632.53791	0.26536
632.77897	0.26495
633.02003	0.26476
633.26109	0.26470
633.50214	0.26471
633.74320	0.26470
633.98426	0.26462
634.22532	0.26440
634.46638	0.26402
634.70744	0.26346
634.94850	0.26273
635.18956	0.26183
635.43061	0.26079
635.67167	0.25965
635.91273	0.25844
636.15379	0.25719
636.39485	0.25592
636.63591	0.25467
636.87697	0.25345
637.11802	0.25224
637.35908	0.25106
637.60014	0.24989
637.84120	0.24873
638.08226	0.24755
638.32332	0.24636
638.56438	0.24514
638.80544	0.24390
639.04649	0.24262
639.28755	0.24131
639.52861	0.23996
639.76967	0.23857
640.01073	0.23714
640.25179	0.23565
640.49285	0.23409
640.73390	0.23245
640.97496	0.23073
641.21602	0.22892
641.45708	0.22702
641.69814	0.22505
641.93920	0.22302
642.18026	0.22095
642.42132	0.21887
642.66237	0.21680
642.90343	0.21478
643.14449	0.21282
643.38555	0.21094
643.62661	0.20917
643.86767	0.20750
644.10873	0.20597
644.34978	0.20457
644.59084	0.20331
644.83190	0.20219
645.07296	0.20122
645.31402	0.20039
645.55508	0.19968
645.79614	0.19907
646.03719	0.19855
646.27825	0.19808
646.51931	0.19764
646.76037	0.19720
647.00143	0.19674
647.24249	0.19622
647.48355	0.19565
647.72461	0.19500
647.96566	0.19427
648.20672	0.19346
648.44778	0.19257
648.68884	0.19161
648.92990	0.19058
649.17096	0.18949
649.41202	0.18835
649.65307	0.18717
649.89413	0.18595
650.13519	0.18469
650.37625	0.18341
650.61731	0.18211
650.85837	0.18079
651.09943	0.17947
651.34049	0.17814
651.58154	0.17680
651.82260	0.17547
652.06366	0.17414
652.30472	0.17282
652.54578	0.17150
652.78684	0.17019
653.02790	0.16888
653.26895	0.16756
653.51001	0.16622
653.75107	0.16486
653.99213	0.16347
654.23319	0.16203
654.47425	0.16053
654.71531	0.15895
654.95637	0.15729
655.19742	0.15553
655.43848	0.15365
655.67954	0.15165
655.92060	0.14952
656.16166	0.14725
656.40272	0.14484
656.64378	0.14229
656.88483	0.13960
657.12589	0.13680
657.36695	0.13391
657.60801	0.13094
657.84907	0.12796
658.09013	0.12500
658.33119	0.12211
658.57224	0.11935
658.81330	0.11678
659.05436	0.11446
659.29542	0.11243
659.53648	0.11073
659.77754	0.10937
660.01860	0.10837
660.25966	0.10771
660.50071	0.10737
660.74177	0.10728
660.98283	0.10741
661.22389	0.10769
661.46495	0.10806
661.70601	0.10845
661.94707	0.10880
662.18812	0.10909
662.42918	0.10927
662.67024	0.10932
662.91130	0.10923
663.15236	0.10902
663.39342	0.10867
663.63448	0.10822
663.87554	0.10766
664.11659	0.10701
664.35765	0.10628
664.59871	0.10549
664.83977	0.10465
665.08083	0.10375
665.32189	0.10281
665.56295	0.10182
665.80400	0.10079
666.04506	0.09972
666.28612	0.09862
666.52718	0.09748
666.76824	0.09630
667.00930	0.09510
667.25036	0.09387
667.49142	0.09262
667.73247	0.09136
667.97353	0.09008
668.21459	0.08880
668.45565	0.08752
668.69671	0.08624
668.93777	0.08496
669.17883	0.08370
669.41988	0.08244
669.66094	0.08119
669.90200	0.07996
670.14306	0.07873
670.38412	0.07751
670.62518	0.07629
670.86624	0.07508
671.10729	0.07386
671.34835	0.07265
671.58941	0.07143
671.83047	0.07022
672.07153	0.06902
672.31259	0.06784
672.55365	0.06666
672.79471	0.06552
673.03576	0.06439
673.27682	0.06329
673.51788	0.06220
673.75894	0.06114
674.00000	0.06008
674.24106	0.05904
674.48212	0.05800
674.72317	0.05695
674.96423	0.05591
675.20529	0.05486
675.44635	0.05380
675.68741	0.05274
675.92847	0.05168
676.16953	0.05060
676.41059	0.04953
676.65164	0.04844
676.89270	0.04736
677.13376	0.04627
677.37482	0.04518
677.61588	0.04409
677.85694	0.04302
678.09800	0.04196
678.33905	0.04093
678.58011	0.03991
678.82117	0.03894
679.06223	0.03799
679.30329	0.03708
679.54435	0.03621
679.78541	0.03538
680.02647	0.03458
680.26752	0.03380
680.50858	0.03305
680.74964	0.03232
680.99070	0.03160
681.23176	0.03089
681.47282	0.03019
681.71388	0.02951
681.95493	0.02883
682.19599	0.02817
682.43705	0.02751
682.67811	0.02687
682.91917	0.02624
683.16023	0.02563
683.40129	0.02503
683.64234	0.02445
683.88340	0.02388
684.12446	0.02332
684.36552	0.02278
684.60658	0.02225
684.84764	0.02174
685.08870	0.02125
685.32976	0.02077
685.57081	0.02032
685.81187	0.01988
686.05293	0.01946
686.29399	0.01906
686.53505	0.01868
686.77611	0.01831
687.01717	0.01794
687.25822	0.01759
687.49928	0.01724
687.74034	0.01689
687.98140	0.01656
688.22246	0.01623
688.46352	0.01591
688.70458	0.01561
688.94564	0.01534
689.18669	0.01508
689.42775	0.01485
689.66881	0.01464
689.90987	0.01445
690.15093	0.01427
690.39199	0.01410
690.63305	0.01393
690.87410	0.01376
691.11516	0.01358
691.35622	0.01339
691.59728	0.01319
691.83834	0.01299
692.07940	0.01278
692.32046	0.01256
692.56152	0.01235
692.80257	0.01214
693.04363	0.01193
693.28469	0.01173
693.52575	0.01153
693.76681	0.01134
694.00787	0.01114
694.24893	0.01094
694.48998	0.01073
694.73104	0.01051
694.97210	0.01028
695.21316	0.01005
695.45422	0.00980
695.69528	0.00955
695.93634	0.00930
696.17740	0.00904
696.41845	0.00879
696.65951	0.00854
696.90057	0.00829
697.14163	0.00805
697.38269	0.00780
697.62375	0.00756
697.86481	0.00732
698.10586	0.00709
698.34692	0.00686
698.58798	0.00663
698.82904	0.00642
699.07010	0.00620
699.31116	0.00599
699.55222	0.00579
699.79327	0.00560
700.03433	0.00541
700.27539	0.00523
700.51645	0.00506
700.75751	0.00489
700.99857	0.00473
701.23963	0.00458
701.48069	0.00443
701.72174	0.00429
701.96280	0.00417
702.20386	0.00405
702.44492	0.00395
702.68598	0.00387
702.92704	0.00379
703.16810	0.00373
703.40915	0.00367
703.65021	0.00363
703.89127	0.00359
704.13233	0.00355
704.37339	0.00352
704.61445	0.00350
704.85551	0.00348
705.09657	0.00347
705.33762	0.00346
705.57868	0.00347
705.81974	0.00347
706.06080	0.00349
706.30186	0.00351
706.54292	0.00353
706.78398	0.00355
707.02503	0.00357
707.26609	0.00359
707.50715	0.00359
707.74821	0.00359
707.98927	0.00358
708.23033	0.00356
708.47139	0.00353
708.71245	0.00349
708.95350	0.00344
709.19456	0.00339
709.43562	0.00334
709.67668	0.00329
709.91774	0.00324
710.15880	0.00320
710.39986	0.00317
710.64091	0.00315
710.88197	0.00315
711.12303	0.00315
711.36409	0.00317
711.60515	0.00319
711.84621	0.00320
712.08727	0.00322
712.32832	0.00324
712.56938	0.00325
712.81044	0.00325
713.05150	0.00326
713.29256	0.00326
713.53362	0.00325
713.77468	0.00325
714.01574	0.00325
714.25679	0.00324
714.49785	0.00323
714.73891	0.00323
714.97997	0.00323
715.22103	0.00323
715.46209	0.00323
715.70315	0.00324
715.94420	0.00326
716.18526	0.00328
716.42632	0.00331
716.66738	0.00334
716.90844	0.00336
717.14950	0.00338
717.39056	0.00339
717.63162	0.00339
717.87267	0.00339
718.11373	0.00337
718.35479	0.00335
718.59585	0.00333
718.83691	0.00331
719.07797	0.00330
719.31903	0.00329
719.56008	0.00329
719.80114	0.00330
720.04220	0.00332
720.28326	0.00333
720.52432	0.00336
720.76538	0.00337
721.00644	0.00339
721.24750	0.00339
721.48855	0.00339
721.72961	0.00337
721.97067	0.00334
722.21173	0.00331
722.45279	0.00327
722.69385	0.00323
722.93491	0.00319
723.17596	0.00315
723.41702	0.00312
723.65808	0.00310
723.89914	0.00308
724.14020	0.00307
724.38126	0.00307
724.62232	0.00307
724.86337	0.00308
725.10443	0.00309
725.34549	0.00310
725.58655	0.00311
725.82761	0.00312
726.06867	0.00313
726.30973	0.00313
726.55079	0.00313
726.79184	0.00312
727.03290	0.00312
727.27396	0.00311
727.51502	0.00310
727.75608	0.00309
727.99714	0.00307
728.23820	0.00306
728.47925	0.00304
728.72031	0.00302
728.96137	0.00300
729.20243	0.00298
729.44349	0.00295
729.68455	0.00293
729.92561	0.00291
730.16667	0.00290
730.40772	0.00289
730.64878	0.00288
730.88984	0.00287
731.13090	0.00286
731.37196	0.00286
731.61302	0.00286
731.85408	0.00287
732.09513	0.00288
732.33619	0.00289
732.57725	0.00291
732.81831	0.00292
733.05937	0.00293
733.30043	0.00294
733.54149	0.00295
733.78255	0.00296
734.02360	0.00296
734.26466	0.00296
734.50572	0.00296
734.74678	0.00297
734.98784	0.00297
735.22890	0.00296
735.46996	0.00296
735.71101	0.00295
735.95207	0.00293
736.19313	0.00291
736.43419	0.00289
736.67525	0.00288
736.91631	0.00286
737.15737	0.00285
737.39842	0.00284
737.63948	0.00285
737.88054	0.00286
738.12160	0.00287
738.36266	0.00288
738.60372	0.00289
738.84478	0.00289
739.08584	0.00289
739.32689	0.00287
739.56795	0.00285
739.80901	0.00282
740.05007	0.00278
740.29113	0.00275
740.53219	0.00272
740.77325	0.00270
741.01430	0.00269
741.25536	0.00268
741.49642	0.00269
741.73748	0.00271
741.97854	0.00273
742.21960	0.00276
742.46066	0.00278
742.70172	0.00281
742.94277	0.00283
743.18383	0.00285
743.42489	0.00285
743.66595	0.00286
743.90701	0.00286
744.14807	0.00285
744.38913	0.00285
744.63018	0.00284
744.87124	0.00283
745.11230	0.00282
745.35336	0.00281
745.59442	0.00280
745.83548	0.00279
746.07654	0.00279
746.31760	0.00278
746.55865	0.00279
746.79971	0.00280
747.04077	0.00282
747.28183	0.00284
747.52289	0.00288
747.76395	0.00292
748.00501	0.00298
748.24606	0.00305
748.48712	0.00312
748.72818	0.00321
748.96924	0.00329
749.21030	0.00339
749.45136	0.00348
749.69242	0.00356
749.93348	0.00364
750.17453	0.00372
750.41559	0.00378
750.65665	0.00384
750.89771	0.00389
751.13877	0.00393
751.37983	0.00396
751.62089	0.00400
751.86194	0.00404
752.10300	0.00410
752.34406	0.00416
752.58512	0.00423
752.82618	0.00432
753.06724	0.00443
753.30830	0.00454
753.54935	0.00467
753.79041	0.00480
754.03147	0.00494
754.27253	0.00508
754.51359	0.00522
754.75465	0.00537
754.99571	0.00551
755.23677	0.00565
755.47782	0.00578
755.71888	0.00592
755.95994	0.00605
756.20100	0.00618
756.44206	0.00630
756.68312	0.00643
756.92418	0.00656
757.16523	0.00669
757.40629	0.00682
757.64735	0.00695
757.88841	0.00709
758.12947	0.00722
758.37053	0.00736
758.61159	0.00751
758.85265	0.00765
759.09370	0.00781
759.33476	0.00797
759.57582	0.00815
759.81688	0.00832
760.05794	0.00850
760.29900	0.00867
760.54006	0.00883
760.78111	0.00898
761.02217	0.00911
761.26323	0.00922
761.50429	0.00932
761.74535	0.00940
761.98641	0.00947
762.22747	0.00954
762.46853	0.00961
762.70958	0.00969
762.95064	0.00978
763.19170	0.00988
763.43276	0.00998
763.67382	0.01009
763.91488	0.01020
764.15594	0.01031
764.39699	0.01042
764.63805	0.01053
764.87911	0.01063
765.12017	0.01072
765.36123	0.01080
765.60229	0.01088
765.84335	0.01095
766.08440	0.01101
766.32546	0.01106
766.56652	0.01110
766.80758	0.01114
767.04864	0.01116
767.28970	0.01118
767.53076	0.01119
767.77182	0.01120
768.01287	0.01121
768.25393	0.01123
768.49499	0.01124
768.73605	0.01127
768.97711	0.01129
769.21817	0.01133
769.45923	0.01138
769.70028	0.01143
769.94134	0.01149
770.18240	0.01156
770.42346	0.01164
770.66452	0.01172
770.90558	0.01181
771.14664	0.01190
771.38770	0.01199
771.62875	0.01209
771.86981	0.01218
772.11087	0.01228
772.35193	0.01238
772.59299	0.01249
772.83405	0.01260
773.07511	0.01273
773.31616	0.01287
773.55722	0.01303
773.79828	0.01320
774.03934	0.01337
774.28040	0.01355
774.52146	0.01374
774.76252	0.01393
775.00358	0.01412
775.24463	0.01431
775.48569	0.01451
775.72675	0.01470
775.96781	0.01489
776.20887	0.01508
776.44993	0.01526
776.69099	0.01543
776.93204	0.01559
777.17310	0.01574
777.41416	0.01588
777.65522	0.01602
777.89628	0.01614
778.13734	0.01627
778.37840	0.01639
778.61945	0.01652
778.86051	0.01665
779.10157	0.01678
779.34263	0.01692
779.58369	0.01706
779.82475	0.01720
780.06581	0.01735
780.30687	0.01750
780.54792	0.01764
780.78898	0.01779
781.03004	0.01793
781.27110	0.01807
781.51216	0.01820
781.75322	0.01833
781.99428	0.01844
782.23533	0.01855
782.47639	0.01865
782.71745	0.01874
782.95851	0.01882
783.19957	0.01889
783.44063	0.01894
783.68169	0.01899
783.92275	0.01904
784.16380	0.01907
784.40486	0.01910
784.64592	0.01913
784.88698	0.01915
785.12804	0.01916
785.36910	0.01916
785.61016	0.01915
785.85121	0.01912
786.09227	0.01908
786.33333	0.01902
786.57439	0.01893
786.81545	0.01883
787.05651	0.01871
787.29757	0.01857
787.53863	0.01842
787.77968	0.01826
788.02074	0.01808
788.26180	0.01789
788.50286	0.01769
788.74392	0.01749
788.98498	0.01728
789.22604	0.01706
789.46709	0.01684
789.70815	0.01661
789.94921	0.01639
790.19027	0.01617
790.43133	0.01596
790.67239	0.01575
790.91345	0.01555
791.15451	0.01536
791.39556	0.01518
791.63662	0.01501
791.87768	0.01484
792.11874	0.01468
792.35980	0.01453
792.60086	0.01437
792.84192	0.01423
793.08297	0.01409
793.32403	0.01397
793.56509	0.01387
793.80615	0.01379
794.04721	0.01373
794.28827	0.01370
794.52933	0.01369
794.77038	0.01370
795.01144	0.01372
795.25250	0.01375
795.49356	0.01378
795.73462	0.01381
795.97568	0.01383
796.21674	0.01384
796.45780	0.01385
796.69885	0.01385
796.93991	0.01385
797.18097	0.01386
797.42203	0.01387
797.66309	0.01388
797.90415	0.01389
798.14521	0.01391
798.38626	0.01392
798.62732	0.01393
798.86838	0.01394
799.10944	0.01394
799.35050	0.01393
799.59156	0.01392
799.83262	0.01391
800.07368	0.01390
800.31473	0.01389
800.55579	0.01388
800.79685	0.01387
801.03791	0.01386
801.27897	0.01385
801.52003	0.01384
801.76109	0.01382
802.00214	0.01380
802.24320	0.01377
802.48426	0.01373
802.72532	0.01368
802.96638	0.01362
803.20744	0.01354
803.44850	0.01345
803.68956	0.01335
803.93061	0.01323
804.17167	0.01311
804.41273	0.01299
804.65379	0.01286
804.89485	0.01273
805.13591	0.01260
805.37697	0.01246
805.61802	0.01233
805.85908	0.01219
806.10014	0.01205
806.34120	0.01191
806.58226	0.01176
806.82332	0.01160
807.06438	0.01146
807.30543	0.01131
807.54649	0.01119
807.78755	0.01107
808.02861	0.01099
808.26967	0.01093
808.51073	0.01090
808.75179	0.01091
808.99285	0.01095
809.23390	0.01102
809.47496	0.01112
809.71602	0.01125
809.95708	0.01141
810.19814	0.01160
810.43920	0.01181
810.68026	0.01204
810.92131	0.01229
811.16237	0.01257
811.40343	0.01285
811.64449	0.01314
811.88555	0.01343
812.12661	0.01372
812.36767	0.01399
812.60873	0.01426
812.84978	0.01451
813.09084	0.01475
813.33190	0.01496
813.57296	0.01516
813.81402	0.01535
814.05508	0.01552
814.29614	0.01567
814.53719	0.01582
814.77825	0.01596
815.01931	0.01609
815.26037	0.01622
815.50143	0.01633
815.74249	0.01644
815.98355	0.01654
816.22461	0.01662
816.46566	0.01670
816.70672	0.01677
816.94778	0.01683
817.18884	0.01688
817.42990	0.01692
817.67096	0.01695
817.91202	0.01697
818.15307	0.01699
818.39413	0.01700
818.63519	0.01701
818.87625	0.01701
819.11731	0.01701
819.35837	0.01700
819.59943	0.01699
819.84048	0.01697
820.08154	0.01694
820.32260	0.01691
820.56366	0.01687
820.80472	0.01683
821.04578	0.01678
821.28684	0.01673
821.52790	0.01668
821.76895	0.01664
822.01001	0.01660
822.25107	0.01657
822.49213	0.01654
822.73319	0.01651
822.97425	0.01648
823.21531	0.01644
823.45636	0.01640
823.69742	0.01635
823.93848	0.01629
824.17954	0.01622
824.42060	0.01615
824.66166	0.01606
824.90272	0.01598
825.14378	0.01589
825.38483	0.01581
825.62589	0.01572
825.86695	0.01563
826.10801	0.01553
826.34907	0.01543
826.59013	0.01533
826.83119	0.01521
827.07224	0.01509
827.31330	0.01497
827.55436	0.01483
827.79542	0.01470
828.03648	0.01456
828.27754	0.01442
828.51860	0.01428
828.75966	0.01415
829.00071	0.01401
829.24177	0.01388
829.48283	0.01375
829.72389	0.01362
829.96495	0.01349
830.20601	0.01335
830.44707	0.01321
830.68812	0.01308
830.92918	0.01293
831.17024	0.01279
831.41130	0.01265
831.65236	0.01250
831.89342	0.01236
832.13448	0.01220
832.37553	0.01204
832.61659	0.01186
832.85765	0.01167
833.09871	0.01146
833.33977	0.01123
833.58083	0.01097
833.82189	0.01070
834.06295	0.01041
834.30400	0.01010
834.54506	0.00977
834.78612	0.00944
835.02718	0.00908
835.26824	0.00872
835.50930	0.00834
835.75036	0.00794
835.99141	0.00753
836.23247	0.00711
836.47353	0.00668
836.71459	0.00624
836.95565	0.00580
837.19671	0.00537
837.43777	0.00496
837.67883	0.00457
837.91988	0.00420
838.16094	0.00387
838.40200	0.00356
838.64306	0.00329
838.88412	0.00306
839.12518	0.00285
839.36624	0.00268
839.60729	0.00254
839.84835	0.00242
840.08941	0.00234
840.33047	0.00228
840.57153	0.00225
840.81259	0.00224
841.05365	0.00224
841.29471	0.00227
841.53576	0.00232
841.77682	0.00238
842.01788	0.00245
842.25894	0.00254
842.50000	0.00263
842.74106	0.00274
842.98212	0.00284
843.22317	0.00295
843.46423	0.00305
843.70529	0.00316
843.94635	0.00326
844.18741	0.00335
844.42847	0.00344
844.66953	0.00353
844.91059	0.00362
845.15164	0.00370
845.39270	0.00379
845.63376	0.00388
845.87482	0.00396
846.11588	0.00405
846.35694	0.00413
846.59800	0.00420
846.83905	0.00427
847.08011	0.00432
847.32117	0.00438
847.56223	0.00443
847.80329	0.00447
848.04435	0.00453
848.28541	0.00459
848.52646	0.00465
848.76752	0.00473
849.00858	0.00481
849.24964	0.00489
849.49070	0.00498
849.73176	0.00506
849.97282	0.00513
850.21388	0.00519
850.45493	0.00524
850.69599	0.00528
850.93705	0.00531
851.17811	0.00534
851.41917	0.00537
851.66023	0.00540
851.90129	0.00544
852.14234	0.00548
852.38340	0.00553
852.62446	0.00559
852.86552	0.00566
853.10658	0.00572
853.34764	0.00579
853.58870	0.00585
853.82976	0.00590
854.07081	0.00596
854.31187	0.00601
854.55293	0.00605
854.79399	0.00610
855.03505	0.00614
855.27611	0.00619
855.51717	0.00624
855.75822	0.00629
855.99928	0.00634
856.24034	0.00639
856.48140	0.00644
856.72246	0.00650
856.96352	0.00655
857.20458	0.00660
857.44564	0.00665
857.68669	0.00669
857.92775	0.00674
858.16881	0.00678
858.40987	0.00682
858.65093	0.00686
858.89199	0.00689
859.13305	0.00692
859.37410	0.00694
859.61516	0.00695
859.85622	0.00695
860.09728	0.00694
860.33834	0.00691
860.57940	0.00688
860.82046	0.00685
861.06151	0.00681
861.30257	0.00677
861.54363	0.00672
861.78469	0.00668
862.02575	0.00664
862.26681	0.00659
862.50787	0.00655
862.74893	0.00650
862.98998	0.00645
863.23104	0.00640
863.47210	0.00634
863.71316	0.00628
863.95422	0.00622
864.19528	0.00617
864.43634	0.00611
864.67739	0.00606
864.91845	0.00601
865.15951	0.00596
865.40057	0.00590
865.64163	0.00584
865.88269	0.00578
866.12375	0.00570
866.36481	0.00562
866.60586	0.00554
866.84692	0.00544
867.08798	0.00535
867.32904	0.00525
867.57010	0.00515
867.81116	0.00505
868.05222	0.00496
868.29327	0.00486
868.53433	0.00476
868.77539	0.00466
869.01645	0.00455
869.25751	0.00443
869.49857	0.00431
869.73963	0.00418
869.98069	0.00405
870.22174	0.00393
870.46280	0.00382
870.70386	0.00373
870.94492	0.00367
871.18598	0.00364
871.42704	0.00365
871.66810	0.00371
871.90915	0.00380
872.15021	0.00393
872.39127	0.00409
872.63233	0.00427
872.87339	0.00446
873.11445	0.00465
873.35551	0.00483
873.59656	0.00499
873.83762	0.00512
874.07868	0.00524
874.31974	0.00533
874.56080	0.00540
874.80186	0.00546
875.04292	0.00551
875.28398	0.00555
875.52503	0.00558
875.76609	0.00561
876.00715	0.00564
876.24821	0.00566
876.48927	0.00568
876.73033	0.00569
876.97139	0.00570
877.21244	0.00569
877.45350	0.00568
877.69456	0.00564
877.93562	0.00560
878.17668	0.00554
878.41774	0.00547
878.65880	0.00539
878.89986	0.00530
879.14091	0.00521
879.38197	0.00511
879.62303	0.00501
879.86409	0.00491
880.10515	0.00481
880.34621	0.00472
880.58727	0.00463
880.82832	0.00455
881.06938	0.00447
881.31044	0.00439
881.55150	0.00432
881.79256	0.00425
882.03362	0.00419
882.27468	0.00412
882.51574	0.00405
882.75679	0.00399
882.99785	0.00392
883.23891	0.00386
883.47997	0.00379
883.72103	0.00373
883.96209	0.00366
884.20315	0.00359
884.44420	0.00353
884.68526	0.00346
884.92632	0.00339
885.16738	0.00331
885.40844	0.00323
885.64950	0.00314
885.89056	0.00304
886.13161	0.00294
886.37267	0.00283
886.61373	0.00271
886.85479	0.00259
887.09585	0.00248
887.33691	0.00238
887.57797	0.00229
887.81903	0.00222
888.06008	0.00216
888.30114	0.00213
888.54220	0.00210
888.78326	0.00209
889.02432	0.00208
889.26538	0.00207
889.50644	0.00207
889.74749	0.00205
889.98855	0.00203
890.22961	0.00201
890.47067	0.00198
890.71173	0.00195
890.95279	0.00191
891.19385	0.00187
891.43491	0.00183
891.67596	0.00179
891.91702	0.00175
892.15808	0.00170
892.39914	0.00165
892.64020	0.00159
892.88126	0.00154
893.12232	0.00148
893.36337	0.00143
893.60443	0.00138
893.84549	0.00134
894.08655	0.00130
894.32761	0.00126
894.56867	0.00123
894.80973	0.00119
895.05079	0.00117
895.29184	0.00114
895.53290	0.00111
895.77396	0.00107
896.01502	0.00103
896.25608	0.00100
896.49714	0.00096
896.73820	0.00093
896.97925	0.00089
897.22031	0.00085
897.46137	0.00082
897.70243	0.00080
897.94349	0.00079
898.18455	0.00080
898.42561	0.00081
898.66667	0.00084
898.90772	0.00087
899.14878	0.00089
899.38984	0.00092
899.63090	0.00094
