0.00000	0.02868
0.24106	0.02950
0.48212	0.03177
0.72318	0.03494
0.96423	0.03825
1.20529	0.04095
1.44635	0.04241
1.68741	0.04231
1.92847	0.04068
2.16953	0.03776
2.41059	0.03422
2.65165	0.03055
2.89270	0.02714
3.13376	0.02426
3.37482	0.02202
3.61588	0.02041
3.85694	0.01934
4.09800	0.01869
4.33906	0.01835
4.58011	0.01824
4.82117	0.01834
5.06223	0.01862
5.30329	0.01905
5.54435	0.01961
5.78541	0.02020
6.02647	0.02076
6.26753	0.02121
6.50858	0.02148
6.74964	0.02157
6.99070	0.02147
7.23176	0.02123
7.47282	0.02090
7.71388	0.02049
7.95494	0.02003
8.19599	0.01951
8.43705	0.01892
8.67811	0.01823
8.91917	0.01743
9.16023	0.01652
9.40129	0.01553
9.64235	0.01452
9.88340	0.01357
10.12446	0.01275
10.36552	0.01214
10.60658	0.01183
10.84764	0.01190
11.08870	0.01238
11.32976	0.01327
11.57082	0.01449
11.81187	0.01598
12.05293	0.01752
12.29399	0.01893
12.53505	0.02001
12.77611	0.02065
13.01717	0.02078
13.25823	0.02043
13.49928	0.01970
13.74034	0.01863
13.98140	0.01752
14.22246	0.01654
14.46352	0.01583
14.70458	0.01544
14.94564	0.01537
15.18670	0.01553
15.42775	0.01583
15.66881	0.01617
15.90987	0.01650
16.15093	0.01677
16.39199	0.01696
16.63305	0.01705
16.87411	0.01702
17.11516	0.01687
17.35622	0.01659
17.59728	0.01611
17.83834	0.01551
18.07940	0.01478
18.32046	0.01394
18.56152	0.01300
18.80258	0.01199
19.04363	0.01094
19.28469	0.00991
19.52575	0.00885
19.76681	0.00781
20.00787	0.00684
20.24893	0.00600
20.48999	0.00533
20.73104	0.00484
20.97210	0.00456
21.21316	0.00448
21.45422	0.00454
21.69528	0.00482
21.93634	0.00533
22.17740	0.00609
22.41845	0.00707
22.65951	0.00825
22.90057	0.00956
23.14163	0.01091
23.38269	0.01224
23.62375	0.01354
23.86481	0.01485
24.10587	0.01622
24.34692	0.01767
24.58798	0.01922
24.82904	0.02086
25.07010	0.02258
25.31116	0.02435
25.55222	0.02616
25.79328	0.02799
26.03433	0.02982
26.27539	0.03166
26.51645	0.03350
26.75751	0.03536
26.99857	0.03728
27.23963	0.03928
27.48069	0.04143
27.72175	0.04379
27.96280	0.04641
28.20386	0.04935
28.44492	0.05263
28.68598	0.05626
28.92704	0.06023
29.16810	0.06452
29.40916	0.06908
29.65021	0.07387
29.89127	0.07884
30.13233	0.08395
30.37339	0.08916
30.61445	0.09441
30.85551	0.09966
31.09657	0.10483
31.33763	0.10984
31.57868	0.11461
31.81974	0.11908
32.06080	0.12319
32.30186	0.12694
32.54292	0.13034
32.78398	0.13348
33.02504	0.13646
33.26609	0.13943
33.50715	0.14256
33.74821	0.14606
33.98927	0.15007
34.23033	0.15476
34.47139	0.16020
34.71245	0.16642
34.95350	0.17339
35.19456	0.18101
35.43562	0.18918
35.67668	0.19779
35.91774	0.20682
36.15880	0.21635
36.39986	0.22655
36.64092	0.23771
36.88197	0.25016
37.12303	0.26422
37.36409	0.28006
37.60515	0.29767
37.84621	0.31679
38.08727	0.33687
38.32833	0.35713
38.56938	0.37665
38.81044	0.39452
39.05150	0.40992
39.29256	0.42230
39.53362	0.43145
39.77468	0.43756
40.01574	0.44113
40.25680	0.44295
40.49785	0.44392
40.73891	0.44497
40.97997	0.44688
41.22103	0.45021
41.46209	0.45526
41.70315	0.46204
41.94421	0.47038
42.18526	0.47996
42.42632	0.49047
42.66738	0.50163
42.90844	0.51333
43.14950	0.52556
43.39056	0.53841
43.63162	0.55203
43.87268	0.56651
44.11373	0.58179
44.35479	0.59765
44.59585	0.61362
44.83691	0.62908
45.07797	0.64330
45.31903	0.65555
45.56009	0.66526
45.80114	0.67206
46.04220	0.67594
46.28326	0.67723
46.52432	0.67658
46.76538	0.67491
47.00644	0.67327
47.24750	0.67270
47.48855	0.67410
47.72961	0.67812
47.97067	0.68515
48.21173	0.69525
48.45279	0.70831
48.69385	0.72410
48.93491	0.74243
49.17597	0.76325
49.41702	0.78675
49.65808	0.81329
49.89914	0.84342
50.14020	0.87764
50.38126	0.91626
50.62232	0.95925
50.86338	1.00604
51.10443	1.05554
51.34549	1.10616
51.58655	1.15601
51.82761	1.20311
52.06867	1.24569
52.30973	1.28242
52.55079	1.31259
52.79185	1.33618
53.03290	1.35379
53.27396	1.36648
53.51502	1.37555
53.75608	1.38224
53.99714	1.38758
54.23820	1.39221
54.47926	1.39641
54.72031	1.40013
54.96137	1.40318
55.20243	1.40543
55.44349	1.40707
55.68455	1.40868
55.92561	1.41137
56.16667	1.41662
56.40773	1.42620
56.64878	1.44182
56.88984	1.46485
57.13090	1.49601
57.37196	1.53516
57.61302	1.58120
57.85408	1.63216
58.09514	1.68537
58.33619	1.73790
58.57725	1.78690
58.81831	1.83003
59.05937	1.86574
59.30043	1.89342
59.54149	1.91341
59.78255	1.92680
60.02361	1.93507
60.26466	1.93974
60.50572	1.94204
60.74678	1.94265
60.98784	1.94163
61.22890	1.93855
61.46996	1.93266
61.71102	1.92329
61.95207	1.91016
62.19313	1.89364
62.43419	1.87489
62.67525	1.85578
62.91631	1.83868
63.15737	1.82612
63.39843	1.82033
63.63948	1.82291
63.88054	1.83452
64.12160	1.85477
64.36266	1.88226
64.60372	1.91487
64.84478	1.95009
65.08584	1.98543
65.32690	2.01879
65.56795	2.04874
65.80901	2.07455
66.05007	2.09619
66.29113	2.11401
66.53219	2.12849
66.77325	2.13986
67.01431	2.14790
67.25536	2.15185
67.49642	2.15042
67.73748	2.14208
67.97854	2.12537
68.21960	2.09925
68.46066	2.06345
68.70172	2.01866
68.94278	1.96653
69.18383	1.90956
69.42489	1.85072
69.66595	1.79312
69.90701	1.73961
70.14807	1.69239
70.38913	1.65283
70.63019	1.62136
70.87124	1.59766
71.11230	1.58083
71.35336	1.56974
71.59442	1.56335
71.83548	1.56096
72.07654	1.56236
72.31760	1.56783
72.55866	1.57801
72.79971	1.59359
73.04077	1.61504
73.28183	1.64230
73.52289	1.67451
73.76395	1.71001
74.00501	1.74638
74.24607	1.78069
74.48712	1.80984
74.72818	1.83102
74.96924	1.84214
75.21030	1.84207
75.45136	1.83086
75.69242	1.80975
75.93348	1.78092
76.17453	1.74724
76.41559	1.71189
76.65665	1.67794
76.89771	1.64806
77.13877	1.62427
77.37983	1.60786
77.62089	1.59943
77.86195	1.59901
78.10300	1.60624
78.34406	1.62063
78.58512	1.64167
78.82618	1.66900
79.06724	1.70243
79.30830	1.74183
79.54936	1.78703
79.79041	1.83762
80.03147	1.89274
80.27253	1.95095
80.51359	2.01026
80.75465	2.06813
80.99571	2.12180
81.23677	2.16852
81.47783	2.20601
81.71888	2.23271
81.95994	2.24810
82.20100	2.25273
82.44206	2.24814
82.68312	2.23665
82.92418	2.22092
83.16524	2.20360
83.40629	2.18689
83.64735	2.17235
83.88841	2.16074
84.12947	2.15215
84.37053	2.14621
84.61159	2.14243
84.85265	2.14050
85.09371	2.14055
85.33476	2.14329
85.57582	2.14991
85.81688	2.16191
86.05794	2.18073
86.29900	2.20741
86.54006	2.24220
86.78112	2.28435
87.02217	2.33207
87.26323	2.38265
87.50429	2.43275
87.74535	2.47890
87.98641	2.51791
88.22747	2.54740
88.46853	2.56604
88.70958	2.57374
88.95064	2.57154
89.19170	2.56133
89.43276	2.54548
89.67382	2.52634
89.91488	2.50589
90.15594	2.48542
90.39700	2.46546
90.63805	2.44587
90.87911	2.42611
91.12017	2.40559
91.36123	2.38407
91.60229	2.36189
91.84335	2.34014
92.08441	2.32057
92.32546	2.30539
92.56652	2.29687
92.80758	2.29689
93.04864	2.30658
93.28970	2.32600
93.53076	2.35405
93.77182	2.38860
94.01288	2.42676
94.25393	2.46533
94.49499	2.50127
94.73605	2.53219
94.97711	2.55662
95.21817	2.57414
95.45923	2.58530
95.70029	2.59133
95.94134	2.59379
96.18240	2.59408
96.42346	2.59312
96.66452	2.59112
96.90558	2.58757
97.14664	2.58136
97.38770	2.57119
97.62876	2.55590
97.86981	2.53492
98.11087	2.50853
98.35193	2.47797
98.59299	2.44536
98.83405	2.41346
99.07511	2.38522
99.31617	2.36334
99.55722	2.34988
99.79828	2.34596
100.03934	2.35166
100.28040	2.36606
100.52146	2.38750
100.76252	2.41393
101.00358	2.44326
101.24464	2.47373
101.48569	2.50414
101.72675	2.53390
101.96781	2.56297
102.20887	2.59165
102.44993	2.62028
102.69099	2.64897
102.93205	2.67732
103.17310	2.70433
103.41416	2.72843
103.65522	2.74770
103.89628	2.76017
104.13734	2.76419
104.37840	2.75882
104.61946	2.74411
104.86051	2.72116
105.10157	2.69204
105.34263	2.65960
105.58369	2.62699
105.82475	2.59723
106.06581	2.57279
106.30687	2.55528
106.54793	2.54529
106.78898	2.54243
107.03004	2.54562
107.27110	2.55337
107.51216	2.56427
107.75322	2.57731
107.99428	2.59212
108.23534	2.60907
108.47639	2.62908
108.71745	2.65338
108.95851	2.68307
109.19957	2.71873
109.44063	2.76009
109.68169	2.80585
109.92275	2.85376
110.16381	2.90083
110.40486	2.94378
110.64592	2.97956
110.88698	3.00583
111.12804	3.02135
111.36910	3.02616
111.61016	3.02154
111.85122	3.00978
112.09227	2.99370
112.33333	2.97617
112.57439	2.95961
112.81545	2.94562
113.05651	2.93486
113.29757	2.92704
113.53863	2.92122
113.77969	2.91618
114.02074	2.91092
114.26180	2.90501
114.50286	2.89888
114.74392	2.89386
114.98498	2.89205
115.22604	2.89592
115.46710	2.90788
115.70815	2.92969
115.94921	2.96207
116.19027	3.00440
116.43133	3.05469
116.67239	3.10977
116.91345	3.16572
117.15451	3.21847
117.39556	3.26437
117.63662	3.30077
117.87768	3.32633
118.11874	3.34118
118.35980	3.34671
118.60086	3.34521
118.84192	3.33934
119.08298	3.33158
119.32403	3.32378
119.56509	3.31683
119.80615	3.31067
120.04721	3.30445
120.28827	3.29694
120.52933	3.28699
120.77039	3.27400
121.01144	3.25827
121.25250	3.24113
121.49356	3.22485
121.73462	3.21230
121.97568	3.20649
122.21674	3.21002
122.45780	3.22457
122.69886	3.25059
122.93991	3.28716
123.18097	3.33214
123.42203	3.38251
123.66309	3.43487
123.90415	3.48603
124.14521	3.53346
124.38627	3.57563
124.62732	3.61212
124.86838	3.64344
125.10944	3.67072
125.35050	3.69524
125.59156	3.71795
125.83262	3.73909
126.07368	3.75805
126.31474	3.77338
126.55579	3.78308
126.79685	3.78511
127.03791	3.77781
127.27897	3.76049
127.52003	3.73367
127.76109	3.69922
128.00215	3.66018
128.24320	3.62043
128.48426	3.58407
128.72532	3.55486
128.96638	3.53566
129.20744	3.52799
129.44850	3.53191
129.68956	3.54606
129.93061	3.56799
130.17167	3.59464
130.41273	3.62290
130.65379	3.65013
130.89485	3.67455
131.13591	3.69544
131.37697	3.71302
131.61803	3.72826
131.85908	3.74237
132.10014	3.75638
132.34120	3.77069
132.58226	3.78482
132.82332	3.79737
133.06438	3.80624
133.30544	3.80900
133.54649	3.80342
133.78755	3.78797
134.02861	3.76218
134.26967	3.72689
134.51073	3.68417
134.75179	3.63702
134.99285	3.58893
135.23391	3.54334
135.47496	3.50308
135.71602	3.47001
135.95708	3.44487
136.19814	3.42729
136.43920	3.41606
136.68026	3.40950
136.92132	3.40594
137.16237	3.40411
137.40343	3.40338
137.64449	3.40394
137.88555	3.40660
138.12661	3.41255
138.36767	3.42297
138.60873	3.43859
138.84979	3.45935
139.09084	3.48421
139.33190	3.51112
139.57296	3.53724
139.81402	3.55935
140.05508	3.57435
140.29614	3.57974
140.53720	3.57408
140.77825	3.55718
141.01931	3.53015
141.26037	3.49518
141.50143	3.45515
141.74249	3.41310
141.98355	3.37181
142.22461	3.33332
142.46566	3.29878
142.70672	3.26841
142.94778	3.24167
143.18884	3.21761
143.42990	3.19522
143.67096	3.17383
143.91202	3.15333
144.15308	3.13428
144.39413	3.11779
144.63519	3.10534
144.87625	3.09837
145.11731	3.09796
145.35837	3.10448
145.59943	3.11743
145.84049	3.13532
146.08154	3.15593
146.32260	3.17652
146.56366	3.19425
146.80472	3.20664
147.04578	3.21192
147.28684	3.20928
147.52790	3.19894
147.76896	3.18205
148.01001	3.16037
148.25107	3.13592
148.49213	3.11056
148.73319	3.08559
148.97425	3.06159
149.21531	3.03838
149.45637	3.01514
149.69742	2.99074
149.93848	2.96413
150.17954	2.93469
150.42060	2.90254
150.66166	2.86860
150.90272	2.83461
151.14378	2.80278
151.38484	2.77544
151.62589	2.75462
151.86695	2.74164
152.10801	2.73683
152.34907	2.73945
152.59013	2.74780
152.83119	2.75947
153.07225	2.77180
153.31330	2.78226
153.55436	2.78892
153.79542	2.79065
154.03648	2.78724
154.27754	2.77933
154.51860	2.76813
154.75966	2.75511
155.00072	2.74158
155.24177	2.72841
155.48283	2.71585
155.72389	2.70348
155.96495	2.69035
156.20601	2.67526
156.44707	2.65709
156.68813	2.63509
156.92918	2.60916
157.17024	2.57997
157.41130	2.54886
157.65236	2.51771
157.89342	2.48860
158.13448	2.46347
158.37554	2.44378
158.61659	2.43031
158.85765	2.42300
159.09871	2.42104
159.33977	2.42303
159.58083	2.42728
159.82189	2.43210
160.06295	2.43619
160.30401	2.43875
160.54506	2.43965
160.78612	2.43936
161.02718	2.43871
161.26824	2.43869
161.50930	2.44013
161.75036	2.44341
161.99142	2.44832
162.23247	2.45406
162.47353	2.45935
162.71459	2.46266
162.95565	2.46255
163.19671	2.45799
163.43777	2.44857
163.67883	2.43469
163.91989	2.41747
164.16094	2.39861
164.40200	2.38010
164.64306	2.36385
164.88412	2.35140
165.12518	2.34364
165.36624	2.34071
165.60730	2.34205
165.84835	2.34652
166.08941	2.35274
166.33047	2.35932
166.57153	2.36521
166.81259	2.36986
167.05365	2.37334
167.29471	2.37620
167.53577	2.37939
167.77682	2.38392
168.01788	2.39062
168.25894	2.39986
168.50000	2.41145
168.74106	2.42457
168.98212	2.43787
169.22318	2.44975
169.46423	2.45860
169.70529	2.46312
169.94635	2.46258
170.18741	2.45697
170.42847	2.44700
170.66953	2.43400
170.91059	2.41966
171.15164	2.40573
171.39270	2.39374
171.63376	2.38473
171.87482	2.37912
172.11588	2.37666
172.35694	2.37663
172.59800	2.37797
172.83906	2.37960
173.08011	2.38071
173.32117	2.38089
173.56223	2.38031
173.80329	2.37961
174.04435	2.37981
174.28541	2.38202
174.52647	2.38722
174.76752	2.39595
175.00858	2.40818
175.24964	2.42322
175.49070	2.43984
175.73176	2.45644
175.97282	2.47134
176.21388	2.48309
176.45494	2.49074
176.69599	2.49398
176.93705	2.49323
177.17811	2.48952
177.41917	2.48426
177.66023	2.47898
177.90129	2.47498
178.14235	2.47314
178.38340	2.47371
178.62446	2.47637
178.86552	2.48029
179.10658	2.48442
179.34764	2.48772
179.58870	2.48947
179.82976	2.48946
180.07082	2.48811
180.31187	2.48638
180.55293	2.48560
180.79399	2.48721
181.03505	2.49245
181.27611	2.50208
181.51717	2.51619
181.75823	2.53412
181.99928	2.55458
182.24034	2.57587
182.48140	2.59613
182.72246	2.61375
182.96352	2.62760
183.20458	2.63723
183.44564	2.64292
183.68669	2.64560
183.92775	2.64662
184.16881	2.64743
184.40987	2.64931
184.65093	2.65307
184.89199	2.65896
185.13305	2.66660
185.37411	2.67515
185.61516	2.68349
185.85622	2.69058
186.09728	2.69566
186.33834	2.69851
186.57940	2.69955
186.82046	2.69977
187.06152	2.70057
187.30257	2.70351
187.54363	2.70998
187.78469	2.72091
188.02575	2.73659
188.26681	2.75657
188.50787	2.77973
188.74893	2.80445
188.98999	2.82896
189.23104	2.85162
189.47210	2.87121
189.71316	2.88715
189.95422	2.89959
190.19528	2.90927
190.43634	2.91738
190.67740	2.92521
190.91845	2.93391
191.15951	2.94414
191.40057	2.95597
191.64163	2.96887
191.88269	2.98178
192.12375	2.99338
192.36481	3.00243
192.60587	3.00801
192.84692	3.00981
193.08798	3.00822
193.32904	3.00430
193.57010	2.99962
193.81116	2.99598
194.05222	2.99509
194.29328	2.99822
194.53433	3.00601
194.77539	3.01833
195.01645	3.03432
195.25751	3.05258
195.49857	3.07144
195.73963	3.08928
195.98069	3.10483
196.22174	3.11738
196.46280	3.12692
196.70386	3.13402
196.94492	3.13967
197.18598	3.14501
197.42704	3.15103
197.66810	3.15828
197.90916	3.16675
198.15021	3.17582
198.39127	3.18438
198.63233	3.19108
198.87339	3.19463
199.11445	3.19413
199.35551	3.18925
199.59657	3.18040
199.83762	3.16864
200.07868	3.15554
200.31974	3.14289
200.56080	3.13235
200.80186	3.12521
201.04292	3.12211
201.28398	3.12301
201.52504	3.12722
201.76609	3.13357
202.00715	3.14072
202.24821	3.14740
202.48927	3.15268
202.73033	3.15616
202.97139	3.15800
203.21245	3.15882
203.45350	3.15959
203.69456	3.16127
203.93562	3.16463
204.17668	3.17002
204.41774	3.17717
204.65880	3.18528
204.89986	3.19306
205.14092	3.19902
205.38197	3.20170
205.62303	3.19999
205.86409	3.19335
206.10515	3.18194
206.34621	3.16661
206.58727	3.14873
206.82833	3.13000
207.06938	3.11207
207.31044	3.09629
207.55150	3.08349
207.79256	3.07380
208.03362	3.06674
208.27468	3.06134
208.51574	3.05637
208.75680	3.05066
208.99785	3.04332
209.23891	3.03398
209.47997	3.02283
209.72103	3.01057
209.96209	2.99822
210.20315	2.98691
210.44421	2.97756
210.68526	2.97071
210.92632	2.96632
211.16738	2.96376
211.40844	2.96193
211.64950	2.95945
211.89056	2.95490
212.13162	2.94715
212.37267	2.93551
212.61373	2.91993
212.85479	2.90094
213.09585	2.87961
213.33691	2.85727
213.57797	2.83532
213.81903	2.81494
214.06009	2.79689
214.30114	2.78141
214.54220	2.76822
214.78326	2.75665
215.02432	2.74579
215.26538	2.73475
215.50644	2.72284
215.74750	2.70978
215.98855	2.69569
216.22961	2.68110
216.47067	2.66681
216.71173	2.65371
216.95279	2.64255
217.19385	2.63376
217.43491	2.62732
217.67597	2.62278
217.91702	2.61925
218.15808	2.61560
218.39914	2.61070
218.64020	2.60355
218.88126	2.59357
219.12232	2.58062
219.36338	2.56507
219.60443	2.54773
219.84549	2.52963
220.08655	2.51184
220.32761	2.49524
220.56867	2.48038
220.80973	2.46733
221.05079	2.45573
221.29185	2.44486
221.53290	2.43386
221.77396	2.42191
222.01502	2.40845
222.25608	2.39331
222.49714	2.37680
222.73820	2.35966
222.97926	2.34290
223.22031	2.32762
223.46137	2.31482
223.70243	2.30512
223.94349	2.29872
224.18455	2.29527
224.42561	2.29402
224.66667	2.29387
224.90772	2.29363
225.14878	2.29220
225.38984	2.28880
225.63090	2.28304
225.87196	2.27499
226.11302	2.26512
226.35408	2.25415
226.59514	2.24291
226.83619	2.23212
227.07725	2.22227
227.31831	2.21350
227.55937	2.20560
227.80043	2.19810
228.04149	2.19037
228.28255	2.18182
228.52360	2.17200
228.76466	2.16078
229.00572	2.14839
229.24678	2.13534
229.48784	2.12242
229.72890	2.11047
229.96996	2.10026
230.21102	2.09231
230.45207	2.08682
230.69313	2.08362
230.93419	2.08221
231.17525	2.08186
231.41631	2.08175
231.65737	2.08114
231.89843	2.07951
232.13948	2.07665
232.38054	2.07263
232.62160	2.06781
232.86266	2.06273
233.10372	2.05791
233.34478	2.05377
233.58584	2.05050
233.82690	2.04797
234.06795	2.04578
234.30901	2.04331
234.55007	2.03985
234.79113	2.03474
235.03219	2.02756
235.27325	2.01817
235.51431	2.00683
235.75536	1.99411
235.99642	1.98086
236.23748	1.96801
236.47854	1.95649
236.71960	1.94698
236.96066	1.93989
237.20172	1.93528
237.44277	1.93284
237.68383	1.93205
237.92489	1.93225
238.16595	1.93278
238.40701	1.93315
238.64807	1.93309
238.88913	1.93260
239.13019	1.93190
239.37124	1.93139
239.61230	1.93149
239.85336	1.93253
240.09442	1.93464
240.33548	1.93771
240.57654	1.94134
240.81760	1.94495
241.05865	1.94782
241.29971	1.94929
241.54077	1.94885
241.78183	1.94626
242.02289	1.94159
242.26395	1.93525
242.50501	1.92788
242.74607	1.92028
242.98712	1.91323
243.22818	1.90737
243.46924	1.90311
243.71030	1.90056
243.95136	1.89954
244.19242	1.89967
244.43348	1.90048
244.67453	1.90150
244.91559	1.90243
245.15665	1.90317
245.39771	1.90388
245.63877	1.90494
245.87983	1.90685
246.12089	1.91013
246.36195	1.91516
246.60300	1.92214
246.84406	1.93094
247.08512	1.94115
247.32618	1.95214
247.56724	1.96312
247.80830	1.97328
248.04936	1.98194
248.29041	1.98868
248.53147	1.99334
248.77253	1.99609
249.01359	1.99734
249.25465	1.99767
249.49571	1.99767
249.73677	1.99786
249.97783	1.99855
250.21888	1.99984
250.45994	2.00159
250.70100	2.00352
250.94206	2.00526
251.18312	2.00653
251.42418	2.00718
251.66524	2.00731
251.90629	2.00722
252.14735	2.00746
252.38841	2.00862
252.62947	2.01133
252.87053	2.01605
253.11159	2.02298
253.35265	2.03204
253.59370	2.04283
253.83476	2.05468
254.07582	2.06679
254.31688	2.07832
254.55794	2.08855
254.79900	2.09696
255.04006	2.10336
255.28112	2.10781
255.52217	2.11068
255.76323	2.11246
256.00429	2.11369
256.24535	2.11482
256.48641	2.11611
256.72747	2.11760
256.96853	2.11906
257.20958	2.12011
257.45064	2.12029
257.69170	2.11921
257.93276	2.11663
258.17382	2.11261
258.41488	2.10750
258.65594	2.10190
258.89700	2.09662
259.13805	2.09250
259.37911	2.09027
259.62017	2.09045
259.86123	2.09322
260.10229	2.09842
260.34335	2.10557
260.58441	2.11396
260.82546	2.12281
261.06652	2.13138
261.30758	2.13909
261.54864	2.14562
261.78970	2.15091
262.03076	2.15513
262.27182	2.15858
262.51288	2.16159
262.75393	2.16443
262.99499	2.16716
263.23605	2.16967
263.47711	2.17164
263.71817	2.17262
263.95923	2.17212
264.20029	2.16975
264.44134	2.16528
264.68240	2.15876
264.92346	2.15052
265.16452	2.14114
265.40558	2.13136
265.64664	2.12199
265.88770	2.11374
266.12875	2.10716
266.36981	2.10252
266.61087	2.09981
266.85193	2.09872
267.09299	2.09878
267.33405	2.09945
267.57511	2.10017
267.81617	2.10058
268.05722	2.10047
268.29828	2.09986
268.53934	2.09894
268.78040	2.09801
269.02146	2.09736
269.26252	2.09717
269.50358	2.09744
269.74463	2.09795
269.98569	2.09830
270.22675	2.09792
270.46781	2.09623
270.70887	2.09269
270.94993	2.08695
271.19099	2.07893
271.43205	2.06879
271.67310	2.05695
271.91416	2.04403
272.15522	2.03072
272.39628	2.01766
272.63734	2.00538
272.87840	1.99416
273.11946	1.98409
273.36051	1.97501
273.60157	1.96660
273.84263	1.95851
274.08369	1.95039
274.32475	1.94203
274.56581	1.93339
274.80687	1.92465
275.04793	1.91613
275.28898	1.90825
275.53004	1.90140
275.77110	1.89592
276.01216	1.89190
276.25322	1.88924
276.49428	1.88757
276.73534	1.88634
276.97639	1.88487
277.21745	1.88250
277.45851	1.87864
277.69957	1.87293
277.94063	1.86522
278.18169	1.85564
278.42275	1.84452
278.66380	1.83233
278.90486	1.81959
279.14592	1.80678
279.38698	1.79424
279.62804	1.78217
279.86910	1.77060
280.11016	1.75940
280.35122	1.74844
280.59227	1.73754
280.83333	1.72664
281.07439	1.71579
281.31545	1.70518
281.55651	1.69513
281.79757	1.68599
282.03863	1.67815
282.27968	1.67188
282.52074	1.66730
282.76180	1.66435
283.00286	1.66277
283.24392	1.66212
283.48498	1.66188
283.72604	1.66147
283.96710	1.66038
284.20815	1.65824
284.44921	1.65483
284.69027	1.65015
284.93133	1.64432
285.17239	1.63762
285.41345	1.63033
285.65451	1.62272
285.89556	1.61498
286.13662	1.60716
286.37768	1.59919
286.61874	1.59092
286.85980	1.58216
287.10086	1.57275
287.34192	1.56262
287.58298	1.55185
287.82403	1.54065
288.06509	1.52938
288.30615	1.51848
288.54721	1.50841
288.78827	1.49954
289.02933	1.49216
289.27039	1.48635
289.51144	1.48204
289.75250	1.47895
289.99356	1.47674
290.23462	1.47497
290.47568	1.47325
290.71674	1.47127
290.95780	1.46885
291.19885	1.46591
291.43991	1.46253
291.68097	1.45885
291.92203	1.45501
292.16309	1.45114
292.40415	1.44729
292.64521	1.44337
292.88627	1.43923
293.12732	1.43463
293.36838	1.42931
293.60944	1.42306
293.85050	1.41575
294.09156	1.40739
294.33262	1.39813
294.57368	1.38826
294.81473	1.37817
295.05579	1.36829
295.29685	1.35901
295.53791	1.35067
295.77897	1.34347
296.02003	1.33746
296.26109	1.33258
296.50215	1.32865
296.74320	1.32544
296.98426	1.32272
297.22532	1.32032
297.46638	1.31812
297.70744	1.31612
297.94850	1.31439
298.18956	1.31305
298.43061	1.31222
298.67167	1.31198
298.91273	1.31233
299.15379	1.31316
299.39485	1.31426
299.63591	1.31533
299.87697	1.31603
300.11803	1.31606
300.35908	1.31516
300.60014	1.31320
300.84120	1.31019
301.08226	1.30626
301.32332	1.30166
301.56438	1.29673
301.80544	1.29180
302.04649	1.28717
302.28755	1.28308
302.52861	1.27963
302.76967	1.27687
303.01073	1.27471
303.25179	1.27306
303.49285	1.27181
303.73391	1.27087
303.97496	1.27025
304.21602	1.27000
304.45708	1.27025
304.69814	1.27117
304.93920	1.27291
305.18026	1.27560
305.42132	1.27925
305.66237	1.28376
305.90343	1.28896
306.14449	1.29454
306.38555	1.30015
306.62661	1.30546
306.86767	1.31015
307.10873	1.31400
307.34978	1.31694
307.59084	1.31898
307.83190	1.32027
308.07296	1.32102
308.31402	1.32147
308.55508	1.32184
308.79614	1.32230
309.03720	1.32292
309.27825	1.32369
309.51931	1.32456
309.76037	1.32543
310.00143	1.32621
310.24249	1.32687
310.48355	1.32746
310.72461	1.32812
310.96566	1.32907
311.20672	1.33057
311.44778	1.33287
311.68884	1.33618
311.92990	1.34059
312.17096	1.34607
312.41202	1.35249
312.65308	1.35958
312.89413	1.36699
313.13519	1.37437
313.37625	1.38139
313.61731	1.38780
313.85837	1.39346
314.09943	1.39833
314.34049	1.40248
314.58154	1.40605
314.82260	1.40918
315.06366	1.41202
315.30472	1.41465
315.54578	1.41709
315.78684	1.41928
316.02790	1.42112
316.26896	1.42249
316.51001	1.42332
316.75107	1.42359
316.99213	1.42337
317.23319	1.42286
317.47425	1.42232
317.71531	1.42209
317.95637	1.42250
318.19742	1.42385
318.43848	1.42633
318.67954	1.43001
318.92060	1.43484
319.16166	1.44061
319.40272	1.44707
319.64378	1.45389
319.88483	1.46078
320.12589	1.46748
320.36695	1.47385
320.60801	1.47982
320.84907	1.48544
321.09013	1.49077
321.33119	1.49592
321.57225	1.50097
321.81330	1.50593
322.05436	1.51075
322.29542	1.51528
322.53648	1.51936
322.77754	1.52279
323.01860	1.52542
323.25966	1.52718
323.50071	1.52809
323.74177	1.52829
323.98283	1.52803
324.22389	1.52761
324.46495	1.52738
324.70601	1.52764
324.94707	1.52866
325.18813	1.53055
325.42918	1.53335
325.67024	1.53696
325.91130	1.54122
326.15236	1.54591
326.39342	1.55083
326.63448	1.55580
326.87554	1.56073
327.11659	1.56561
327.35765	1.57050
327.59871	1.57549
327.83977	1.58068
328.08083	1.58615
328.32189	1.59186
328.56295	1.59771
328.80401	1.60349
329.04506	1.60891
329.28612	1.61368
329.52718	1.61750
329.76824	1.62014
330.00930	1.62149
330.25036	1.62156
330.49142	1.62051
330.73247	1.61860
330.97353	1.61613
331.21459	1.61346
331.45565	1.61089
331.69671	1.60865
331.93777	1.60687
332.17883	1.60556
332.41988	1.60465
332.66094	1.60403
332.90200	1.60355
333.14306	1.60310
333.38412	1.60265
333.62518	1.60224
333.86624	1.60196
334.10730	1.60198
334.34835	1.60246
334.58941	1.60353
334.83047	1.60522
335.07153	1.60746
335.31259	1.61007
335.55365	1.61275
335.79471	1.61514
336.03576	1.61689
336.27682	1.61767
336.51788	1.61726
336.75894	1.61556
337.00000	1.61261
337.24106	1.60858
337.48212	1.60371
337.72318	1.59826
337.96423	1.59249
338.20529	1.58660
338.44635	1.58069
338.68741	1.57478
338.92847	1.56882
339.16953	1.56272
339.41059	1.55637
339.65164	1.54974
339.89270	1.54285
340.13376	1.53580
340.37482	1.52877
340.61588	1.52198
340.85694	1.51565
341.09800	1.50999
341.33906	1.50508
341.58011	1.50095
341.82117	1.49746
342.06223	1.49442
342.30329	1.49155
342.54435	1.48855
342.78541	1.48516
343.02647	1.48116
343.26752	1.47645
343.50858	1.47099
343.74964	1.46486
343.99070	1.45818
344.23176	1.45107
344.47282	1.44368
344.71388	1.43607
344.95493	1.42828
345.19599	1.42027
345.43705	1.41199
345.67811	1.40335
345.91917	1.39433
346.16023	1.38493
346.40129	1.37523
346.64235	1.36536
346.88340	1.35552
347.12446	1.34591
347.36552	1.33674
347.60658	1.32816
347.84764	1.32025
348.08870	1.31300
348.32976	1.30634
348.57081	1.30010
348.81187	1.29411
349.05293	1.28816
349.29399	1.28210
349.53505	1.27580
349.77611	1.26921
350.01717	1.26234
350.25823	1.25524
350.49928	1.24801
350.74034	1.24072
350.98140	1.23345
351.22246	1.22619
351.46352	1.21893
351.70458	1.21159
351.94564	1.20404
352.18669	1.19620
352.42775	1.18796
352.66881	1.17931
352.90987	1.17027
353.15093	1.16094
353.39199	1.15151
353.63305	1.14216
353.87411	1.13310
354.11516	1.12453
354.35622	1.11657
354.59728	1.10928
354.83834	1.10266
355.07940	1.09661
355.32046	1.09099
355.56152	1.08563
355.80257	1.08039
356.04363	1.07513
356.28469	1.06978
356.52575	1.06431
356.76681	1.05876
357.00787	1.05319
357.24893	1.04767
357.48999	1.04226
357.73104	1.03701
357.97210	1.03187
358.21316	1.02679
358.45422	1.02165
358.69528	1.01631
358.93634	1.01065
359.17740	1.00457
359.41845	0.99801
359.65951	0.99099
359.90057	0.98359
360.14163	0.97593
360.38269	0.96816
360.62375	0.96044
360.86481	0.95289
361.10586	0.94561
361.34692	0.93863
361.58798	0.93194
361.82904	0.92550
362.07010	0.91923
362.31116	0.91307
362.55222	0.90698
362.79328	0.90094
363.03433	0.89499
363.27539	0.88918
363.51645	0.88360
363.75751	0.87830
363.99857	0.87334
364.23963	0.86872
364.48069	0.86439
364.72174	0.86026
364.96280	0.85619
365.20386	0.85204
365.44492	0.84764
365.68598	0.84290
365.92704	0.83772
366.16810	0.83210
366.40916	0.82607
366.65021	0.81972
366.89127	0.81316
367.13233	0.80649
367.37339	0.79981
367.61445	0.79317
367.85551	0.78659
368.09657	0.78006
368.33762	0.77352
368.57868	0.76693
368.81974	0.76024
369.06080	0.75342
369.30186	0.74649
369.54292	0.73949
369.78398	0.73248
370.02504	0.72553
370.26609	0.71871
370.50715	0.71206
370.74821	0.70557
370.98927	0.69921
371.23033	0.69292
371.47139	0.68659
371.71245	0.68013
371.95350	0.67343
372.19456	0.66642
372.43562	0.65905
372.67668	0.65131
372.91774	0.64321
373.15880	0.63481
373.39986	0.62614
373.64091	0.61729
373.88197	0.60828
374.12303	0.59916
374.36409	0.58992
374.60515	0.58057
374.84621	0.57109
375.08727	0.56148
375.32833	0.55175
375.56938	0.54190
375.81044	0.53199
376.05150	0.52209
376.29256	0.51226
376.53362	0.50263
376.77468	0.49329
377.01574	0.48434
377.25679	0.47583
377.49785	0.46778
377.73891	0.46022
377.97997	0.45313
378.22103	0.44645
378.46209	0.44022
378.70315	0.43443
378.94421	0.42911
379.18526	0.42431
379.42632	0.42008
379.66738	0.41649
379.90844	0.41362
380.14950	0.41149
380.39056	0.41017
380.63162	0.40968
380.87267	0.41000
381.11373	0.41109
381.35479	0.41290
381.59585	0.41538
381.83691	0.41849
382.07797	0.42219
382.31903	0.42646
382.56009	0.43132
382.80114	0.43678
383.04220	0.44288
383.28326	0.44963
383.52432	0.45705
383.76538	0.46512
384.00644	0.47375
384.24750	0.48291
384.48855	0.49250
384.72961	0.50242
384.97067	0.51256
385.21173	0.52285
385.45279	0.53319
385.69385	0.54357
385.93491	0.55394
386.17596	0.56433
386.41702	0.57478
386.65808	0.58529
386.89914	0.59587
387.14020	0.60649
387.38126	0.61712
387.62232	0.62767
387.86338	0.63806
388.10443	0.64821
388.34549	0.65806
388.58655	0.66757
388.82761	0.67674
389.06867	0.68562
389.30973	0.69429
389.55079	0.70284
389.79184	0.71138
390.03290	0.71997
390.27396	0.72868
390.51502	0.73750
390.75608	0.74639
390.99714	0.75530
391.23820	0.76412
391.47926	0.77279
391.72031	0.78124
391.96137	0.78943
392.20243	0.79737
392.44349	0.80510
392.68455	0.81267
392.92561	0.82013
393.16667	0.82754
393.40772	0.83490
393.64878	0.84221
393.88984	0.84941
394.13090	0.85642
394.37196	0.86316
394.61302	0.86953
394.85408	0.87549
395.09514	0.88100
395.33619	0.88609
395.57725	0.89083
395.81831	0.89533
396.05937	0.89971
396.30043	0.90411
396.54149	0.90865
396.78255	0.91341
397.02360	0.91846
397.26466	0.92381
397.50572	0.92943
397.74678	0.93528
397.98784	0.94132
398.22890	0.94750
398.46996	0.95382
398.71102	0.96029
398.95207	0.96693
399.19313	0.97380
399.43419	0.98094
399.67525	0.98839
399.91631	0.99614
400.15737	1.00415
400.39843	1.01233
400.63948	1.02056
400.88054	1.02867
401.12160	1.03652
401.36266	1.04395
401.60372	1.05086
401.84478	1.05717
402.08584	1.06287
402.32689	1.06797
402.56795	1.07254
402.80901	1.07665
403.05007	1.08037
403.29113	1.08375
403.53219	1.08683
403.77325	1.08960
404.01431	1.09204
404.25536	1.09412
404.49642	1.09580
404.73748	1.09708
404.97854	1.09797
405.21960	1.09853
405.46066	1.09885
405.70172	1.09904
405.94277	1.09922
406.18383	1.09947
406.42489	1.09986
406.66595	1.10041
406.90701	1.10109
407.14807	1.10185
407.38913	1.10257
407.63019	1.10316
407.87124	1.10353
408.11230	1.10359
408.35336	1.10333
408.59442	1.10273
408.83548	1.10184
409.07654	1.10071
409.31760	1.09941
409.55865	1.09799
409.79971	1.09647
410.04077	1.09487
410.28183	1.09314
410.52289	1.09124
410.76395	1.08909
411.00501	1.08662
411.24607	1.08379
411.48712	1.08059
411.72818	1.07704
411.96924	1.07321
412.21030	1.06919
412.45136	1.06510
412.69242	1.06105
412.93348	1.05711
413.17453	1.05336
413.41559	1.04978
413.65665	1.04636
413.89771	1.04301
414.13877	1.03965
414.37983	1.03620
414.62089	1.03257
414.86194	1.02872
415.10300	1.02463
415.34406	1.02029
415.58512	1.01573
415.82618	1.01096
416.06724	1.00603
416.30830	1.00091
416.54936	0.99562
416.79041	0.99010
417.03147	0.98433
417.27253	0.97826
417.51359	0.97189
417.75465	0.96520
417.99571	0.95824
418.23677	0.95106
418.47782	0.94376
418.71888	0.93643
418.95994	0.92916
419.20100	0.92204
419.44206	0.91513
419.68312	0.90844
419.92418	0.90195
420.16524	0.89561
420.40629	0.88936
420.64735	0.88311
420.88841	0.87681
421.12947	0.87041
421.37053	0.86389
421.61159	0.85725
421.85265	0.85055
422.09370	0.84382
422.33476	0.83711
422.57582	0.83044
422.81688	0.82381
423.05794	0.81721
423.29900	0.81055
423.54006	0.80378
423.78112	0.79681
424.02217	0.78955
424.26323	0.78195
424.50429	0.77399
424.74535	0.76566
424.98641	0.75702
425.22747	0.74811
425.46853	0.73903
425.70958	0.72984
425.95064	0.72064
426.19170	0.71148
426.43276	0.70240
426.67382	0.69346
426.91488	0.68465
427.15594	0.67601
427.39699	0.66754
427.63805	0.65926
427.87911	0.65121
428.12017	0.64340
428.36123	0.63587
428.60229	0.62864
428.84335	0.62172
429.08441	0.61511
429.32546	0.60878
429.56652	0.60270
429.80758	0.59680
430.04864	0.59102
430.28970	0.58529
430.53076	0.57954
430.77182	0.57373
431.01287	0.56782
431.25393	0.56179
431.49499	0.55565
431.73605	0.54942
431.97711	0.54311
432.21817	0.53676
432.45923	0.53039
432.70029	0.52402
432.94134	0.51765
433.18240	0.51128
433.42346	0.50492
433.66452	0.49855
433.90558	0.49219
434.14664	0.48585
434.38770	0.47958
434.62875	0.47344
434.86981	0.46749
435.11087	0.46181
435.35193	0.45647
435.59299	0.45155
435.83405	0.44707
436.07511	0.44306
436.31617	0.43954
436.55722	0.43649
436.79828	0.43389
437.03934	0.43173
437.28040	0.42999
437.52146	0.42866
437.76252	0.42776
438.00358	0.42729
438.24463	0.42730
438.48569	0.42781
438.72675	0.42885
438.96781	0.43043
439.20887	0.43255
439.44993	0.43517
439.69099	0.43825
439.93204	0.44174
440.17310	0.44557
440.41416	0.44969
440.65522	0.45403
440.89628	0.45856
441.13734	0.46324
441.37840	0.46805
441.61946	0.47299
441.86051	0.47800
442.10157	0.48311
442.34263	0.48827
442.58369	0.49345
442.82475	0.49859
443.06581	0.50364
443.30687	0.50853
443.54792	0.51320
443.78898	0.51760
444.03004	0.52171
444.27110	0.52550
444.51216	0.52898
444.75322	0.53215
444.99428	0.53502
445.23534	0.53760
445.47639	0.53989
445.71745	0.54190
445.95851	0.54362
446.19957	0.54504
446.44063	0.54614
446.68169	0.54691
446.92275	0.54736
447.16380	0.54750
447.40486	0.54733
447.64592	0.54690
447.88698	0.54624
448.12804	0.54539
448.36910	0.54439
448.61016	0.54325
448.85122	0.54200
449.09227	0.54065
449.33333	0.53919
449.57439	0.53761
449.81545	0.53592
450.05651	0.53411
450.29757	0.53221
450.53863	0.53024
450.77968	0.52825
451.02074	0.52629
451.26180	0.52442
451.50286	0.52270
451.74392	0.52116
451.98498	0.51983
452.22604	0.51871
452.46710	0.51779
452.70815	0.51704
452.94921	0.51639
453.19027	0.51582
453.43133	0.51526
453.67239	0.51467
453.91345	0.51403
454.15451	0.51332
454.39556	0.51252
454.63662	0.51165
454.87768	0.51072
455.11874	0.50974
455.35980	0.50871
455.60086	0.50765
455.84192	0.50654
456.08297	0.50539
456.32403	0.50420
456.56509	0.50296
456.80615	0.50168
457.04721	0.50038
457.28827	0.49909
457.52933	0.49785
457.77039	0.49668
458.01144	0.49565
458.25250	0.49478
458.49356	0.49412
458.73462	0.49368
458.97568	0.49349
459.21674	0.49357
459.45780	0.49392
459.69885	0.49456
459.93991	0.49548
460.18097	0.49671
460.42203	0.49824
460.66309	0.50008
460.90415	0.50224
461.14521	0.50470
461.38627	0.50746
461.62732	0.51048
461.86838	0.51374
462.10944	0.51720
462.35050	0.52080
462.59156	0.52449
462.83262	0.52823
463.07368	0.53198
463.31473	0.53570
463.55579	0.53937
463.79685	0.54296
464.03791	0.54647
464.27897	0.54989
464.52003	0.55323
464.76109	0.55646
465.00215	0.55958
465.24320	0.56257
465.48426	0.56539
465.72532	0.56802
465.96638	0.57044
466.20744	0.57261
466.44850	0.57453
466.68956	0.57618
466.93061	0.57758
467.17167	0.57873
467.41273	0.57965
467.65379	0.58038
467.89485	0.58092
468.13591	0.58132
468.37697	0.58158
468.61802	0.58172
468.85908	0.58175
469.10014	0.58168
469.34120	0.58150
469.58226	0.58123
469.82332	0.58086
470.06438	0.58041
470.30544	0.57990
470.54649	0.57933
470.78755	0.57873
471.02861	0.57810
471.26967	0.57748
471.51073	0.57686
471.75179	0.57624
471.99285	0.57562
472.23390	0.57498
472.47496	0.57430
472.71602	0.57356
472.95708	0.57276
473.19814	0.57187
473.43920	0.57091
473.68026	0.56987
473.92132	0.56877
474.16237	0.56763
474.40343	0.56646
474.64449	0.56528
474.88555	0.56409
475.12661	0.56289
475.36767	0.56167
475.60873	0.56041
475.84978	0.55911
476.09084	0.55776
476.33190	0.55635
476.57296	0.55489
476.81402	0.55341
477.05508	0.55194
477.29614	0.55050
477.53720	0.54912
477.77825	0.54784
478.01931	0.54666
478.26037	0.54558
478.50143	0.54458
478.74249	0.54364
478.98355	0.54272
479.22461	0.54179
479.46566	0.54080
479.70672	0.53973
479.94778	0.53856
480.18884	0.53730
480.42990	0.53596
480.67096	0.53454
480.91202	0.53307
481.15307	0.53156
481.39413	0.53004
481.63519	0.52850
481.87625	0.52694
482.11731	0.52536
482.35837	0.52374
482.59943	0.52207
482.84049	0.52034
483.08154	0.51855
483.32260	0.51671
483.56366	0.51481
483.80472	0.51289
484.04578	0.51095
484.28684	0.50900
484.52790	0.50707
484.76895	0.50516
485.01001	0.50325
485.25107	0.50136
485.49213	0.49946
485.73319	0.49755
485.97425	0.49562
486.21531	0.49367
486.45637	0.49170
486.69742	0.48974
486.93848	0.48780
487.17954	0.48590
487.42060	0.48403
487.66166	0.48223
487.90272	0.48047
488.14378	0.47876
488.38483	0.47707
488.62589	0.47539
488.86695	0.47369
489.10801	0.47196
489.34907	0.47019
489.59013	0.46839
489.83119	0.46655
490.07225	0.46470
490.31330	0.46287
490.55436	0.46106
490.79542	0.45931
491.03648	0.45763
491.27754	0.45603
491.51860	0.45451
491.75966	0.45307
492.00071	0.45170
492.24177	0.45040
492.48283	0.44915
492.72389	0.44796
492.96495	0.44682
493.20601	0.44573
493.44707	0.44470
493.68812	0.44373
493.92918	0.44282
494.17024	0.44197
494.41130	0.44116
494.65236	0.44038
494.89342	0.43960
495.13448	0.43881
495.37554	0.43799
495.61659	0.43713
495.85765	0.43623
496.09871	0.43529
496.33977	0.43433
496.58083	0.43337
496.82189	0.43243
497.06295	0.43152
497.30400	0.43065
497.54506	0.42980
497.78612	0.42897
498.02718	0.42814
498.26824	0.42727
498.50930	0.42637
498.75036	0.42540
498.99142	0.42438
499.23247	0.42331
499.47353	0.42220
499.71459	0.42109
499.95565	0.42000
500.19671	0.41896
500.43777	0.41797
500.67883	0.41705
500.91988	0.41618
501.16094	0.41533
501.40200	0.41447
501.64306	0.41356
501.88412	0.41255
502.12518	0.41140
502.36624	0.41007
502.60730	0.40854
502.84835	0.40679
503.08941	0.40481
503.33047	0.40260
503.57153	0.40017
503.81259	0.39753
504.05365	0.39470
504.29471	0.39170
504.53576	0.38857
504.77682	0.38537
505.01788	0.38215
505.25894	0.37901
505.50000	0.37603
505.74106	0.37336
505.98212	0.37114
506.22318	0.36949
506.46423	0.36856
506.70529	0.36846
506.94635	0.36926
507.18741	0.37100
507.42847	0.37367
507.66953	0.37721
507.91059	0.38153
508.15164	0.38649
508.39270	0.39193
508.63376	0.39770
508.87482	0.40363
509.11588	0.40957
509.35694	0.41540
509.59800	0.42102
509.83905	0.42639
510.08011	0.43145
510.32117	0.43618
510.56223	0.44057
510.80329	0.44462
511.04435	0.44836
511.28541	0.45179
511.52647	0.45495
511.76752	0.45787
512.00858	0.46058
512.24964	0.46314
512.49070	0.46557
512.73176	0.46791
512.97282	0.47018
513.21388	0.47241
513.45493	0.47460
513.69599	0.47675
513.93705	0.47884
514.17811	0.48086
514.41917	0.48279
514.66023	0.48463
514.90129	0.48635
515.14235	0.48796
515.38340	0.48947
515.62446	0.49088
515.86552	0.49223
516.10658	0.49351
516.34764	0.49476
516.58870	0.49597
516.82976	0.49716
517.07081	0.49831
517.31187	0.49943
517.55293	0.50049
517.79399	0.50149
518.03505	0.50241
518.27611	0.50325
518.51717	0.50402
518.75823	0.50473
518.99928	0.50541
519.24034	0.50607
519.48140	0.50674
519.72246	0.50744
519.96352	0.50819
520.20458	0.50898
520.44564	0.50981
520.68669	0.51065
520.92775	0.51148
521.16881	0.51227
521.40987	0.51302
521.65093	0.51370
521.89199	0.51431
522.13305	0.51486
522.37410	0.51536
522.61516	0.51583
522.85622	0.51626
523.09728	0.51667
523.33834	0.51704
523.57940	0.51737
523.82046	0.51762
524.06152	0.51779
524.30257	0.51785
524.54363	0.51781
524.78469	0.51767
525.02575	0.51744
525.26681	0.51716
525.50787	0.51688
525.74893	0.51664
525.98998	0.51647
526.23104	0.51642
526.47210	0.51652
526.71316	0.51680
526.95422	0.51726
527.19528	0.51791
527.43634	0.51874
527.67740	0.51976
527.91845	0.52094
528.15951	0.52229
528.40057	0.52378
528.64163	0.52541
528.88269	0.52718
529.12375	0.52907
529.36481	0.53108
529.60586	0.53319
529.84692	0.53541
530.08798	0.53772
530.32904	0.54009
530.57010	0.54252
530.81116	0.54497
531.05222	0.54743
531.29328	0.54987
531.53433	0.55227
531.77539	0.55463
532.01645	0.55694
532.25751	0.55918
532.49857	0.56137
532.73963	0.56350
532.98069	0.56556
533.22174	0.56753
533.46280	0.56941
533.70386	0.57117
533.94492	0.57280
534.18598	0.57427
534.42704	0.57557
534.66810	0.57670
534.90915	0.57766
535.15021	0.57847
535.39127	0.57912
535.63233	0.57965
535.87339	0.58004
536.11445	0.58032
536.35551	0.58047
536.59657	0.58049
536.83762	0.58037
537.07868	0.58010
537.31974	0.57965
537.56080	0.57903
537.80186	0.57823
538.04292	0.57725
538.28398	0.57610
538.52503	0.57481
538.76609	0.57339
539.00715	0.57187
539.24821	0.57028
539.48927	0.56865
539.73033	0.56702
539.97139	0.56541
540.21245	0.56384
540.45350	0.56234
540.69456	0.56094
540.93562	0.55963
541.17668	0.55844
541.41774	0.55738
541.65880	0.55646
541.89986	0.55569
542.14091	0.55507
542.38197	0.55460
542.62303	0.55429
542.86409	0.55412
543.10515	0.55407
543.34621	0.55412
543.58727	0.55423
543.82833	0.55437
544.06938	0.55450
544.31044	0.55460
544.55150	0.55464
544.79256	0.55460
545.03362	0.55447
545.27468	0.55423
545.51574	0.55389
545.75679	0.55343
545.99785	0.55284
546.23891	0.55210
546.47997	0.55120
546.72103	0.55010
546.96209	0.54879
547.20315	0.54725
547.44421	0.54546
547.68526	0.54342
547.92632	0.54112
548.16738	0.53859
548.40844	0.53584
548.64950	0.53291
548.89056	0.52981
549.13162	0.52660
549.37267	0.52329
549.61373	0.51993
549.85479	0.51653
550.09585	0.51315
550.33691	0.50981
550.57797	0.50655
550.81903	0.50343
551.06008	0.50049
551.30114	0.49778
551.54220	0.49535
551.78326	0.49326
552.02432	0.49152
552.26538	0.49017
552.50644	0.48919
552.74750	0.48858
552.98855	0.48831
553.22961	0.48833
553.47067	0.48861
553.71173	0.48911
553.95279	0.48982
554.19385	0.49071
554.43491	0.49179
554.67596	0.49305
554.91702	0.49452
555.15808	0.49620
555.39914	0.49808
555.64020	0.50015
555.88126	0.50238
556.12232	0.50474
556.36338	0.50718
556.60443	0.50965
556.84549	0.51210
557.08655	0.51448
557.32761	0.51675
557.56867	0.51891
557.80973	0.52092
558.05079	0.52279
558.29184	0.52452
558.53290	0.52612
558.77396	0.52758
559.01502	0.52890
559.25608	0.53008
559.49714	0.53110
559.73820	0.53196
559.97926	0.53262
560.22031	0.53310
560.46137	0.53337
560.70243	0.53345
560.94349	0.53334
561.18455	0.53308
561.42561	0.53268
561.66667	0.53217
561.90772	0.53159
562.14878	0.53095
562.38984	0.53027
562.63090	0.52957
562.87196	0.52885
563.11302	0.52812
563.35408	0.52737
563.59513	0.52660
563.83619	0.52581
564.07725	0.52503
564.31831	0.52426
564.55937	0.52351
564.80043	0.52282
565.04149	0.52220
565.28255	0.52167
565.52360	0.52122
565.76466	0.52086
566.00572	0.52058
566.24678	0.52037
566.48784	0.52020
566.72890	0.52005
566.96996	0.51990
567.21101	0.51975
567.45207	0.51960
567.69313	0.51944
567.93419	0.51928
568.17525	0.51914
568.41631	0.51902
568.65737	0.51894
568.89843	0.51888
569.13948	0.51886
569.38054	0.51885
569.62160	0.51886
569.86266	0.51887
570.10372	0.51889
570.34478	0.51892
570.58584	0.51896
570.82689	0.51905
571.06795	0.51919
571.30901	0.51941
571.55007	0.51973
571.79113	0.52016
572.03219	0.52070
572.27325	0.52135
572.51431	0.52209
572.75536	0.52290
572.99642	0.52374
573.23748	0.52459
573.47854	0.52542
573.71960	0.52622
573.96066	0.52697
574.20172	0.52768
574.44277	0.52833
574.68383	0.52896
574.92489	0.52957
575.16595	0.53018
575.40701	0.53080
575.64807	0.53145
575.88913	0.53214
576.13018	0.53288
576.37124	0.53369
576.61230	0.53457
576.85336	0.53555
577.09442	0.53662
577.33548	0.53782
577.57654	0.53915
577.81760	0.54062
578.05865	0.54224
578.29971	0.54400
578.54077	0.54589
578.78183	0.54790
579.02289	0.54999
579.26395	0.55213
579.50501	0.55428
579.74606	0.55642
579.98712	0.55850
580.22818	0.56052
580.46924	0.56246
580.71030	0.56431
580.95136	0.56608
581.19242	0.56778
581.43348	0.56941
581.67453	0.57098
581.91559	0.57249
582.15665	0.57394
582.39771	0.57533
582.63877	0.57665
582.87983	0.57792
583.12089	0.57914
583.36194	0.58034
583.60300	0.58154
583.84406	0.58278
584.08512	0.58410
584.32618	0.58551
584.56724	0.58705
584.80830	0.58871
585.04936	0.59048
585.29041	0.59235
585.53147	0.59428
585.77253	0.59625
586.01359	0.59822
586.25465	0.60017
586.49571	0.60208
586.73677	0.60395
586.97782	0.60578
587.21888	0.60759
587.45994	0.60937
587.70100	0.61112
587.94206	0.61284
588.18312	0.61452
588.42418	0.61613
588.66523	0.61764
588.90629	0.61904
589.14735	0.62030
589.38841	0.62142
589.62947	0.62241
589.87053	0.62327
590.11159	0.62404
590.35265	0.62475
590.59370	0.62542
590.83476	0.62608
591.07582	0.62674
591.31688	0.62742
591.55794	0.62810
591.79900	0.62877
592.04006	0.62944
592.28111	0.63008
592.52217	0.63068
592.76323	0.63124
593.00429	0.63176
593.24535	0.63223
593.48641	0.63268
593.72747	0.63309
593.96853	0.63346
594.20958	0.63378
594.45064	0.63405
594.69170	0.63425
594.93276	0.63436
595.17382	0.63436
595.41488	0.63424
595.65594	0.63400
595.89699	0.63363
596.13805	0.63313
596.37911	0.63253
596.62017	0.63183
596.86123	0.63105
597.10229	0.63019
597.34335	0.62929
597.58441	0.62833
597.82546	0.62733
598.06652	0.62629
598.30758	0.62523
598.54864	0.62415
598.78970	0.62309
599.03076	0.62207
599.27182	0.62113
599.51287	0.62030
599.75393	0.61962
599.99499	0.61911
600.23605	0.61877
600.47711	0.61859
600.71817	0.61856
600.95923	0.61860
601.20029	0.61868
601.44134	0.61871
601.68240	0.61863
601.92346	0.61838
602.16452	0.61790
602.40558	0.61717
602.64664	0.61618
602.88770	0.61493
603.12875	0.61343
603.36981	0.61170
603.61087	0.60979
603.85193	0.60770
604.09299	0.60545
604.33405	0.60305
604.57511	0.60050
604.81616	0.59779
605.05722	0.59492
605.29828	0.59188
605.53934	0.58867
605.78040	0.58531
606.02146	0.58184
606.26252	0.57826
606.50358	0.57463
606.74463	0.57096
606.98569	0.56728
607.22675	0.56358
607.46781	0.55985
607.70887	0.55608
607.94993	0.55223
608.19099	0.54825
608.43204	0.54412
608.67310	0.53979
608.91416	0.53526
609.15522	0.53052
609.39628	0.52556
609.63734	0.52040
609.87840	0.51505
610.11946	0.50953
610.36051	0.50385
610.60157	0.49801
610.84263	0.49203
611.08369	0.48591
611.32475	0.47966
611.56581	0.47330
611.80687	0.46686
612.04792	0.46038
612.28898	0.45392
612.53004	0.44754
612.77110	0.44131
613.01216	0.43531
613.25322	0.42962
613.49428	0.42431
613.73534	0.41942
613.97639	0.41501
614.21745	0.41111
614.45851	0.40772
614.69957	0.40485
614.94063	0.40247
615.18169	0.40056
615.42275	0.39907
615.66380	0.39797
615.90486	0.39720
616.14592	0.39669
616.38698	0.39639
616.62804	0.39623
616.86910	0.39616
617.11016	0.39611
617.35121	0.39603
617.59227	0.39588
617.83333	0.39561
618.07439	0.39520
618.31545	0.39463
618.55651	0.39390
618.79757	0.39301
619.03863	0.39197
619.27968	0.39082
619.52074	0.38955
619.76180	0.38821
620.00286	0.38679
620.24392	0.38533
620.48498	0.38382
620.72604	0.38228
620.96709	0.38069
621.20815	0.37906
621.44921	0.37738
621.69027	0.37564
621.93133	0.37384
622.17239	0.37197
622.41345	0.37004
622.65451	0.36802
622.89556	0.36594
623.13662	0.36376
623.37768	0.36151
623.61874	0.35915
623.85980	0.35670
624.10086	0.35414
624.34192	0.35148
624.58297	0.34873
624.82403	0.34588
625.06509	0.34297
625.30615	0.34000
625.54721	0.33700
625.78827	0.33398
626.02933	0.33098
626.27039	0.32800
626.51144	0.32504
626.75250	0.32212
626.99356	0.31921
627.23462	0.31631
627.47568	0.31339
627.71674	0.31042
627.95780	0.30737
628.19885	0.30421
628.43991	0.30092
628.68097	0.29746
628.92203	0.29384
629.16309	0.29006
629.40415	0.28613
629.64521	0.28211
629.88626	0.27805
630.12732	0.27402
630.36838	0.27009
630.60944	0.26636
630.85050	0.26290
631.09156	0.25978
631.33262	0.25706
631.57368	0.25477
631.81473	0.25294
632.05579	0.25154
632.29685	0.25054
632.53791	0.24990
632.77897	0.24955
633.02003	0.24940
633.26109	0.24939
633.50214	0.24944
633.74320	0.24947
633.98426	0.24943
634.22532	0.24927
634.46638	0.24896
634.70744	0.24848
634.94850	0.24783
635.18956	0.24704
635.43061	0.24610
635.67167	0.24506
635.91273	0.24393
636.15379	0.24274
636.39485	0.24151
636.63591	0.24027
636.87697	0.23903
637.11802	0.23779
637.35908	0.23657
637.60014	0.23536
637.84120	0.23416
638.08226	0.23296
638.32332	0.23177
638.56438	0.23058
638.80544	0.22938
639.04649	0.22816
639.28755	0.22693
639.52861	0.22567
639.76967	0.22437
640.01073	0.22304
640.25179	0.22166
640.49285	0.22021
640.73390	0.21870
640.97496	0.21710
641.21602	0.21542
641.45708	0.21366
641.69814	0.21180
641.93920	0.20988
642.18026	0.20790
642.42132	0.20588
642.66237	0.20384
642.90343	0.20182
643.14449	0.19985
643.38555	0.19793
643.62661	0.19611
643.86767	0.19439
644.10873	0.19280
644.34978	0.19135
644.59084	0.19005
644.83190	0.18889
645.07296	0.18788
645.31402	0.18701
645.55508	0.18627
645.79614	0.18564
646.03719	0.18509
646.27825	0.18460
646.51931	0.18414
646.76037	0.18370
647.00143	0.18324
647.24249	0.18275
647.48355	0.18220
647.72461	0.18159
647.96566	0.18091
648.20672	0.18016
648.44778	0.17933
648.68884	0.17843
648.92990	0.17746
649.17096	0.17643
649.41202	0.17533
649.65307	0.17419
649.89413	0.17300
650.13519	0.17177
650.37625	0.17050
650.61731	0.16922
650.85837	0.16792
651.09943	0.16661
651.34049	0.16530
651.58154	0.16399
651.82260	0.16271
652.06366	0.16144
652.30472	0.16019
652.54578	0.15896
652.78684	0.15775
653.02790	0.15655
653.26895	0.15536
653.51001	0.15417
653.75107	0.15297
653.99213	0.15175
654.23319	0.15050
654.47425	0.14920
654.71531	0.14783
654.95637	0.14639
655.19742	0.14484
655.43848	0.14319
655.67954	0.14140
655.92060	0.13948
656.16166	0.13741
656.40272	0.13520
656.64378	0.13283
656.88483	0.13034
657.12589	0.12773
657.36695	0.12503
657.60801	0.12226
657.84907	0.11948
658.09013	0.11672
658.33119	0.11403
658.57224	0.11145
658.81330	0.10905
659.05436	0.10687
659.29542	0.10496
659.53648	0.10334
659.77754	0.10205
660.01860	0.10108
660.25966	0.10042
660.50071	0.10006
660.74177	0.09995
660.98283	0.10005
661.22389	0.10029
661.46495	0.10063
661.70601	0.10100
661.94707	0.10136
662.18812	0.10166
662.42918	0.10186
662.67024	0.10195
662.91130	0.10191
663.15236	0.10174
663.39342	0.10144
663.63448	0.10101
663.87554	0.10047
664.11659	0.09984
664.35765	0.09912
664.59871	0.09834
664.83977	0.09750
665.08083	0.09662
665.32189	0.09571
665.56295	0.09477
665.80400	0.09381
666.04506	0.09284
666.28612	0.09185
666.52718	0.09084
666.76824	0.08982
667.00930	0.08877
667.25036	0.08770
667.49142	0.08661
667.73247	0.08549
667.97353	0.08435
668.21459	0.08319
668.45565	0.08201
668.69671	0.08082
668.93777	0.07962
669.17883	0.07842
669.41988	0.07722
669.66094	0.07603
669.90200	0.07484
670.14306	0.07368
670.38412	0.07252
670.62518	0.07137
670.86624	0.07024
671.10729	0.06911
671.34835	0.06799
671.58941	0.06688
671.83047	0.06579
672.07153	0.06470
672.31259	0.06362
672.55365	0.06256
672.79471	0.06152
673.03576	0.06050
673.27682	0.05950
673.51788	0.05852
673.75894	0.05755
674.00000	0.05658
674.24106	0.05562
674.48212	0.05466
674.72317	0.05370
674.96423	0.05273
675.20529	0.05175
675.44635	0.05076
675.68741	0.04976
675.92847	0.04875
676.16953	0.04773
676.41059	0.04671
676.65164	0.04568
676.89270	0.04466
677.13376	0.04363
677.37482	0.04262
677.61588	0.04161
677.85694	0.04061
678.09800	0.03963
678.33905	0.03867
678.58011	0.03773
678.82117	0.03682
679.06223	0.03593
679.30329	0.03507
679.54435	0.03424
679.78541	0.03343
680.02647	0.03265
680.26752	0.03189
680.50858	0.03115
680.74964	0.03044
680.99070	0.02975
681.23176	0.02908
681.47282	0.02842
681.71388	0.02779
681.95493	0.02716
682.19599	0.02655
682.43705	0.02595
682.67811	0.02536
682.91917	0.02478
683.16023	0.02420
683.40129	0.02363
683.64234	0.02306
683.88340	0.02249
684.12446	0.02194
684.36552	0.02140
684.60658	0.02088
684.84764	0.02038
685.08870	0.01990
685.32976	0.01946
685.57081	0.01904
685.81187	0.01864
686.05293	0.01827
686.29399	0.01792
686.53505	0.01758
686.77611	0.01725
687.01717	0.01693
687.25822	0.01661
687.49928	0.01630
687.74034	0.01599
687.98140	0.01568
688.22246	0.01538
688.46352	0.01509
688.70458	0.01481
688.94564	0.01453
689.18669	0.01427
689.42775	0.01403
689.66881	0.01381
689.90987	0.01360
690.15093	0.01341
690.39199	0.01323
690.63305	0.01307
690.87410	0.01292
691.11516	0.01277
691.35622	0.01262
691.59728	0.01247
691.83834	0.01231
692.07940	0.01215
692.32046	0.01198
692.56152	0.01181
692.80257	0.01163
693.04363	0.01145
693.28469	0.01126
693.52575	0.01108
693.76681	0.01089
694.00787	0.01069
694.24893	0.01049
694.48998	0.01028
694.73104	0.01007
694.97210	0.00984
695.21316	0.00961
695.45422	0.00937
695.69528	0.00913
695.93634	0.00889
696.17740	0.00865
696.41845	0.00842
696.65951	0.00819
696.90057	0.00796
697.14163	0.00774
697.38269	0.00751
697.62375	0.00728
697.86481	0.00704
698.10586	0.00680
698.34692	0.00655
698.58798	0.00630
698.82904	0.00606
699.07010	0.00582
699.31116	0.00559
699.55222	0.00537
699.79327	0.00517
700.03433	0.00499
700.27539	0.00482
700.51645	0.00467
700.75751	0.00452
700.99857	0.00439
701.23963	0.00426
701.48069	0.00414
701.72174	0.00402
701.96280	0.00391
702.20386	0.00382
702.44492	0.00373
702.68598	0.00366
702.92704	0.00360
703.16810	0.00355
703.40915	0.00351
703.65021	0.00349
703.89127	0.00346
704.13233	0.00344
704.37339	0.00342
704.61445	0.00340
704.85551	0.00337
705.09657	0.00334
705.33762	0.00331
705.57868	0.00328
705.81974	0.00325
706.06080	0.00322
706.30186	0.00321
706.54292	0.00320
706.78398	0.00321
707.02503	0.00323
707.26609	0.00325
707.50715	0.00328
707.74821	0.00331
707.98927	0.00334
708.23033	0.00336
708.47139	0.00336
708.71245	0.00336
708.95350	0.00334
709.19456	0.00332
709.43562	0.00329
709.67668	0.00327
709.91774	0.00325
710.15880	0.00323
710.39986	0.00322
710.64091	0.00321
710.88197	0.00320
711.12303	0.00320
711.36409	0.00319
711.60515	0.00317
711.84621	0.00315
712.08727	0.00313
712.32832	0.00310
712.56938	0.00307
712.81044	0.00305
713.05150	0.00304
713.29256	0.00303
713.53362	0.00304
713.77468	0.00306
714.01574	0.00308
714.25679	0.00311
714.49785	0.00314
714.73891	0.00317
714.97997	0.00318
715.22103	0.00319
715.46209	0.00319
715.70315	0.00317
715.94420	0.00314
716.18526	0.00310
716.42632	0.00305
716.66738	0.00301
716.90844	0.00297
717.14950	0.00294
717.39056	0.00291
717.63162	0.00290
717.87267	0.00288
718.11373	0.00288
718.35479	0.00288
718.59585	0.00289
718.83691	0.00291
719.07797	0.00293
719.31903	0.00296
719.56008	0.00300
719.80114	0.00304
720.04220	0.00309
720.28326	0.00314
720.52432	0.00318
720.76538	0.00322
721.00644	0.00324
721.24750	0.00326
721.48855	0.00325
721.72961	0.00324
721.97067	0.00321
722.21173	0.00317
722.45279	0.00312
722.69385	0.00307
722.93491	0.00303
723.17596	0.00299
723.41702	0.00296
723.65808	0.00294
723.89914	0.00294
724.14020	0.00295
724.38126	0.00296
724.62232	0.00299
724.86337	0.00301
725.10443	0.00303
725.34549	0.00305
725.58655	0.00306
725.82761	0.00306
726.06867	0.00306
726.30973	0.00305
726.55079	0.00305
726.79184	0.00304
727.03290	0.00304
727.27396	0.00303
727.51502	0.00303
727.75608	0.00303
727.99714	0.00303
728.23820	0.00303
728.47925	0.00303
728.72031	0.00302
728.96137	0.00301
729.20243	0.00301
729.44349	0.00300
729.68455	0.00298
729.92561	0.00297
730.16667	0.00295
730.40772	0.00292
730.64878	0.00289
730.88984	0.00285
731.13090	0.00282
731.37196	0.00278
731.61302	0.00275
731.85408	0.00272
732.09513	0.00271
732.33619	0.00271
732.57725	0.00273
732.81831	0.00275
733.05937	0.00278
733.30043	0.00282
733.54149	0.00285
733.78255	0.00288
734.02360	0.00290
734.26466	0.00291
734.50572	0.00291
734.74678	0.00289
734.98784	0.00287
735.22890	0.00284
735.46996	0.00281
735.71101	0.00279
735.95207	0.00278
736.19313	0.00277
736.43419	0.00278
736.67525	0.00280
736.91631	0.00282
737.15737	0.00285
737.39842	0.00288
737.63948	0.00291
737.88054	0.00293
738.12160	0.00294
738.36266	0.00293
738.60372	0.00292
738.84478	0.00289
739.08584	0.00286
739.32689	0.00282
739.56795	0.00278
739.80901	0.00275
740.05007	0.00272
740.29113	0.00270
740.53219	0.00270
740.77325	0.00270
741.01430	0.00271
741.25536	0.00272
741.49642	0.00273
741.73748	0.00274
741.97854	0.00275
742.21960	0.00277
742.46066	0.00277
742.70172	0.00278
742.94277	0.00278
743.18383	0.00277
743.42489	0.00276
743.66595	0.00273
743.90701	0.00270
744.14807	0.00267
744.38913	0.00263
744.63018	0.00260
744.87124	0.00257
745.11230	0.00255
745.35336	0.00253
745.59442	0.00253
745.83548	0.00253
746.07654	0.00254
746.31760	0.00255
746.55865	0.00257
746.79971	0.00259
747.04077	0.00261
747.28183	0.00264
747.52289	0.00268
747.76395	0.00272
748.00501	0.00278
748.24606	0.00284
748.48712	0.00292
748.72818	0.00300
748.96924	0.00309
749.21030	0.00318
749.45136	0.00328
749.69242	0.00337
749.93348	0.00347
750.17453	0.00355
750.41559	0.00364
750.65665	0.00372
750.89771	0.00379
751.13877	0.00386
751.37983	0.00392
751.62089	0.00398
751.86194	0.00403
752.10300	0.00408
752.34406	0.00413
752.58512	0.00419
752.82618	0.00424
753.06724	0.00430
753.30830	0.00437
753.54935	0.00445
753.79041	0.00455
754.03147	0.00466
754.27253	0.00479
754.51359	0.00493
754.75465	0.00508
754.99571	0.00524
755.23677	0.00539
755.47782	0.00555
755.71888	0.00569
755.95994	0.00583
756.20100	0.00596
756.44206	0.00609
756.68312	0.00622
756.92418	0.00635
757.16523	0.00649
757.40629	0.00664
757.64735	0.00679
757.88841	0.00694
758.12947	0.00710
758.37053	0.00725
758.61159	0.00740
758.85265	0.00753
759.09370	0.00766
759.33476	0.00777
759.57582	0.00787
759.81688	0.00797
760.05794	0.00807
760.29900	0.00816
760.54006	0.00825
760.78111	0.00835
761.02217	0.00846
761.26323	0.00857
761.50429	0.00869
761.74535	0.00880
761.98641	0.00892
762.22747	0.00903
762.46853	0.00913
762.70958	0.00923
762.95064	0.00932
763.19170	0.00940
763.43276	0.00948
763.67382	0.00956
763.91488	0.00963
764.15594	0.00971
764.39699	0.00979
764.63805	0.00987
764.87911	0.00995
765.12017	0.01002
765.36123	0.01009
765.60229	0.01016
765.84335	0.01022
766.08440	0.01027
766.32546	0.01032
766.56652	0.01036
766.80758	0.01040
767.04864	0.01044
767.28970	0.01048
767.53076	0.01051
767.77182	0.01055
768.01287	0.01059
768.25393	0.01063
768.49499	0.01067
768.73605	0.01071
768.97711	0.01075
769.21817	0.01080
769.45923	0.01085
769.70028	0.01090
769.94134	0.01095
770.18240	0.01100
770.42346	0.01104
770.66452	0.01109
770.90558	0.01114
771.14664	0.01119
771.38770	0.01125
771.62875	0.01132
771.86981	0.01141
772.11087	0.01151
772.35193	0.01162
772.59299	0.01174
772.83405	0.01188
773.07511	0.01202
773.31616	0.01216
773.55722	0.01232
773.79828	0.01247
774.03934	0.01263
774.28040	0.01280
774.52146	0.01297
774.76252	0.01316
775.00358	0.01335
775.24463	0.01355
775.48569	0.01376
775.72675	0.01396
775.96781	0.01417
776.20887	0.01436
776.44993	0.01455
776.69099	0.01473
776.93204	0.01489
777.17310	0.01504
777.41416	0.01518
777.65522	0.01532
777.89628	0.01545
778.13734	0.01559
778.37840	0.01572
778.61945	0.01585
778.86051	0.01598
779.10157	0.01612
779.34263	0.01624
779.58369	0.01637
779.82475	0.01649
780.06581	0.01661
780.30687	0.01672
780.54792	0.01683
780.78898	0.01694
781.03004	0.01704
781.27110	0.01715
781.51216	0.01725
781.75322	0.01736
781.99428	0.01746
782.23533	0.01755
782.47639	0.01764
782.71745	0.01772
782.95851	0.01779
783.19957	0.01786
783.44063	0.01791
783.68169	0.01796
783.92275	0.01800
784.16380	0.01804
784.40486	0.01807
784.64592	0.01809
784.88698	0.01810
785.12804	0.01810
785.36910	0.01809
785.61016	0.01807
785.85121	0.01803
786.09227	0.01798
786.33333	0.01791
786.57439	0.01783
786.81545	0.01774
787.05651	0.01764
787.29757	0.01752
787.53863	0.01739
787.77968	0.01725
788.02074	0.01709
788.26180	0.01692
788.50286	0.01674
788.74392	0.01654
788.98498	0.01634
789.22604	0.01613
789.46709	0.01592
789.70815	0.01571
789.94921	0.01550
790.19027	0.01529
790.43133	0.01509
790.67239	0.01489
790.91345	0.01470
791.15451	0.01451
791.39556	0.01433
791.63662	0.01416
791.87768	0.01400
792.11874	0.01384
792.35980	0.01368
792.60086	0.01354
792.84192	0.01341
793.08297	0.01330
793.32403	0.01321
793.56509	0.01313
793.80615	0.01307
794.04721	0.01304
794.28827	0.01302
794.52933	0.01302
794.77038	0.01304
795.01144	0.01306
795.25250	0.01309
795.49356	0.01311
795.73462	0.01313
795.97568	0.01315
796.21674	0.01316
796.45780	0.01316
796.69885	0.01316
796.93991	0.01316
797.18097	0.01316
797.42203	0.01316
797.66309	0.01317
797.90415	0.01319
798.14521	0.01322
798.38626	0.01325
798.62732	0.01328
798.86838	0.01330
799.10944	0.01332
799.35050	0.01333
799.59156	0.01333
799.83262	0.01332
800.07368	0.01329
800.31473	0.01327
800.55579	0.01324
800.79685	0.01321
801.03791	0.01318
801.27897	0.01315
801.52003	0.01313
801.76109	0.01311
802.00214	0.01309
802.24320	0.01308
802.48426	0.01306
802.72532	0.01304
802.96638	0.01302
803.20744	0.01299
803.44850	0.01296
803.68956	0.01291
803.93061	0.01286
804.17167	0.01279
804.41273	0.01271
804.65379	0.01261
804.89485	0.01248
805.13591	0.01234
805.37697	0.01218
805.61802	0.01200
805.85908	0.01181
806.10014	0.01161
806.34120	0.01142
806.58226	0.01123
806.82332	0.01105
807.06438	0.01090
807.30543	0.01076
807.54649	0.01065
807.78755	0.01057
808.02861	0.01051
808.26967	0.01048
808.51073	0.01047
808.75179	0.01050
808.99285	0.01055
809.23390	0.01063
809.47496	0.01074
809.71602	0.01087
809.95708	0.01103
810.19814	0.01120
810.43920	0.01139
810.68026	0.01159
810.92131	0.01180
811.16237	0.01202
811.40343	0.01225
811.64449	0.01249
811.88555	0.01273
812.12661	0.01299
812.36767	0.01325
812.60873	0.01353
812.84978	0.01380
813.09084	0.01406
813.33190	0.01432
813.57296	0.01456
813.81402	0.01478
814.05508	0.01498
814.29614	0.01515
814.53719	0.01530
814.77825	0.01542
815.01931	0.01553
815.26037	0.01562
815.50143	0.01569
815.74249	0.01576
815.98355	0.01581
816.22461	0.01586
816.46566	0.01590
816.70672	0.01594
816.94778	0.01599
817.18884	0.01603
817.42990	0.01608
817.67096	0.01613
817.91202	0.01618
818.15307	0.01623
818.39413	0.01627
818.63519	0.01631
818.87625	0.01633
819.11731	0.01635
819.35837	0.01635
819.59943	0.01635
819.84048	0.01633
820.08154	0.01632
820.32260	0.01630
820.56366	0.01628
820.80472	0.01625
821.04578	0.01623
821.28684	0.01620
821.52790	0.01616
821.76895	0.01612
822.01001	0.01608
822.25107	0.01602
822.49213	0.01597
822.73319	0.01591
822.97425	0.01585
823.21531	0.01580
823.45636	0.01575
823.69742	0.01571
823.93848	0.01567
824.17954	0.01564
824.42060	0.01561
824.66166	0.01558
824.90272	0.01554
825.14378	0.01549
825.38483	0.01544
825.62589	0.01537
825.86695	0.01529
826.10801	0.01519
826.34907	0.01509
826.59013	0.01499
826.83119	0.01488
827.07224	0.01477
827.31330	0.01466
827.55436	0.01455
827.79542	0.01443
828.03648	0.01431
828.27754	0.01418
828.51860	0.01405
828.75966	0.01391
829.00071	0.01376
829.24177	0.01361
829.48283	0.01346
829.72389	0.01330
829.96495	0.01314
830.20601	0.01298
830.44707	0.01282
830.68812	0.01265
830.92918	0.01248
831.17024	0.01230
831.41130	0.01212
831.65236	0.01194
831.89342	0.01175
832.13448	0.01157
832.37553	0.01139
832.61659	0.01120
832.85765	0.01102
833.09871	0.01083
833.33977	0.01063
833.58083	0.01043
833.82189	0.01021
834.06295	0.00998
834.30400	0.00974
834.54506	0.00947
834.78612	0.00919
835.02718	0.00889
835.26824	0.00857
835.50930	0.00823
835.75036	0.00787
835.99141	0.00750
836.23247	0.00712
836.47353	0.00673
836.71459	0.00632
836.95565	0.00592
837.19671	0.00551
837.43777	0.00511
837.67883	0.00472
837.91988	0.00434
838.16094	0.00398
838.40200	0.00364
838.64306	0.00333
838.88412	0.00304
839.12518	0.00280
839.36624	0.00258
839.60729	0.00241
839.84835	0.00227
840.08941	0.00217
840.33047	0.00211
840.57153	0.00208
840.81259	0.00208
841.05365	0.00212
841.29471	0.00217
841.53576	0.00224
841.77682	0.00233
842.01788	0.00241
842.25894	0.00250
842.50000	0.00259
842.74106	0.00268
842.98212	0.00277
843.22317	0.00286
843.46423	0.00295
843.70529	0.00304
843.94635	0.00314
844.18741	0.00325
844.42847	0.00336
844.66953	0.00346
844.91059	0.00356
845.15164	0.00366
845.39270	0.00374
845.63376	0.00382
845.87482	0.00389
846.11588	0.00395
846.35694	0.00401
846.59800	0.00407
846.83905	0.00413
847.08011	0.00419
847.32117	0.00426
847.56223	0.00433
847.80329	0.00440
848.04435	0.00446
848.28541	0.00451
848.52646	0.00456
848.76752	0.00460
849.00858	0.00463
849.24964	0.00466
849.49070	0.00468
849.73176	0.00471
849.97282	0.00474
850.21388	0.00478
850.45493	0.00482
850.69599	0.00487
850.93705	0.00493
851.17811	0.00500
851.41917	0.00506
851.66023	0.00513
851.90129	0.00520
852.14234	0.00526
852.38340	0.00532
852.62446	0.00538
852.86552	0.00544
853.10658	0.00549
853.34764	0.00554
853.58870	0.00559
853.82976	0.00564
854.07081	0.00570
854.31187	0.00575
854.55293	0.00581
854.79399	0.00586
855.03505	0.00591
855.27611	0.00595
855.51717	0.00598
855.75822	0.00601
855.99928	0.00604
856.24034	0.00607
856.48140	0.00610
856.72246	0.00614
856.96352	0.00618
857.20458	0.00623
857.44564	0.00629
857.68669	0.00636
857.92775	0.00643
858.16881	0.00650
858.40987	0.00656
858.65093	0.00662
858.89199	0.00667
859.13305	0.00671
859.37410	0.00674
859.61516	0.00676
859.85622	0.00677
860.09728	0.00677
860.33834	0.00677
860.57940	0.00676
860.82046	0.00675
861.06151	0.00674
861.30257	0.00673
861.54363	0.00672
861.78469	0.00670
862.02575	0.00669
862.26681	0.00666
862.50787	0.00663
862.74893	0.00659
862.98998	0.00655
863.23104	0.00650
863.47210	0.00643
863.71316	0.00637
863.95422	0.00629
864.19528	0.00622
864.43634	0.00614
864.67739	0.00605
864.91845	0.00597
865.15951	0.00588
865.40057	0.00579
865.64163	0.00569
865.88269	0.00560
866.12375	0.00549
866.36481	0.00539
866.60586	0.00528
866.84692	0.00517
867.08798	0.00506
867.32904	0.00495
867.57010	0.00484
867.81116	0.00473
868.05222	0.00463
868.29327	0.00453
868.53433	0.00444
868.77539	0.00434
869.01645	0.00425
869.25751	0.00416
869.49857	0.00407
869.73963	0.00399
869.98069	0.00390
870.22174	0.00382
870.46280	0.00376
870.70386	0.00370
870.94492	0.00367
871.18598	0.00365
871.42704	0.00366
871.66810	0.00370
871.90915	0.00377
872.15021	0.00386
872.39127	0.00397
872.63233	0.00410
872.87339	0.00424
873.11445	0.00439
873.35551	0.00454
873.59656	0.00469
873.83762	0.00482
874.07868	0.00494
874.31974	0.00505
874.56080	0.00515
874.80186	0.00523
875.04292	0.00532
875.28398	0.00539
875.52503	0.00546
875.76609	0.00552
876.00715	0.00557
876.24821	0.00561
876.48927	0.00563
876.73033	0.00564
876.97139	0.00564
877.21244	0.00562
877.45350	0.00558
877.69456	0.00554
877.93562	0.00550
878.17668	0.00544
878.41774	0.00539
878.65880	0.00533
878.89986	0.00527
879.14091	0.00521
879.38197	0.00514
879.62303	0.00506
879.86409	0.00498
880.10515	0.00490
880.34621	0.00482
880.58727	0.00473
880.82832	0.00465
881.06938	0.00457
881.31044	0.00450
881.55150	0.00442
881.79256	0.00435
882.03362	0.00428
882.27468	0.00420
882.51574	0.00412
882.75679	0.00404
882.99785	0.00395
883.23891	0.00387
883.47997	0.00378
883.72103	0.00369
883.96209	0.00361
884.20315	0.00353
884.44420	0.00346
884.68526	0.00338
884.92632	0.00331
885.16738	0.00324
885.40844	0.00316
885.64950	0.00308
885.89056	0.00301
886.13161	0.00293
886.37267	0.00285
886.61373	0.00277
886.85479	0.00269
887.09585	0.00261
887.33691	0.00254
887.57797	0.00247
887.81903	0.00240
888.06008	0.00234
888.30114	0.00229
888.54220	0.00224
888.78326	0.00219
889.02432	0.00215
889.26538	0.00211
889.50644	0.00207
889.74749	0.00204
889.98855	0.00201
890.22961	0.00197
890.47067	0.00194
890.71173	0.00191
890.95279	0.00188
891.19385	0.00185
891.43491	0.00182
891.67596	0.00180
891.91702	0.00177
892.15808	0.00175
892.39914	0.00172
892.64020	0.00169
892.88126	0.00166
893.12232	0.00162
893.36337	0.00157
893.60443	0.00152
893.84549	0.00146
894.08655	0.00141
894.32761	0.00135
894.56867	0.00129
894.80973	0.00124
895.05079	0.00118
895.29184	0.00112
895.53290	0.00107
895.77396	0.00102
896.01502	0.00097
896.25608	0.00092
896.49714	0.00087
896.73820	0.00083
896.97925	0.00079
897.22031	0.00076
897.46137	0.00073
897.70243	0.00070
897.94349	0.00067
898.18455	0.00064
898.42561	0.00062
898.66667	0.00059
898.90772	0.00057
899.14878	0.00055
899.38984	0.00054
899.63090	0.00053
