0.00000	0.01731
0.24106	0.01760
0.48212	0.01840
0.72318	0.01956
0.96423	0.02085
1.20529	0.02205
1.44635	0.02297
1.68741	0.02349
1.92847	0.02358
2.16953	0.02324
2.41059	0.02269
2.65165	0.02207
2.89270	0.02148
3.13376	0.02101
3.37482	0.02068
3.61588	0.02048
3.85694	0.02038
4.09800	0.02036
4.33906	0.02039
4.58011	0.02045
4.82117	0.02054
5.06223	0.02065
5.30329	0.02078
5.54435	0.02089
5.78541	0.02094
6.02647	0.02090
6.26753	0.02075
6.50858	0.02047
6.74964	0.02009
6.99070	0.01965
7.23176	0.01918
7.47282	0.01876
7.71388	0.01843
7.95494	0.01820
8.19599	0.01809
8.43705	0.01808
8.67811	0.01815
8.91917	0.01828
9.16023	0.01845
9.40129	0.01863
9.64235	0.01883
9.88340	0.01902
10.12446	0.01924
10.36552	0.01952
10.60658	0.01986
10.84764	0.02029
11.08870	0.02078
11.32976	0.02133
11.57082	0.02187
11.81187	0.02235
12.05293	0.02269
12.29399	0.02280
12.53505	0.02263
12.77611	0.02213
13.01717	0.02131
13.25823	0.02019
13.49928	0.01887
13.74034	0.01733
13.98140	0.01583
14.22246	0.01451
14.46352	0.01349
14.70458	0.01284
14.94564	0.01259
15.18670	0.01271
15.42775	0.01314
15.66881	0.01377
15.90987	0.01451
16.15093	0.01525
16.39199	0.01589
16.63305	0.01639
16.87411	0.01669
17.11516	0.01679
17.35622	0.01671
17.59728	0.01645
17.83834	0.01606
18.07940	0.01558
18.32046	0.01502
18.56152	0.01437
18.80258	0.01363
19.04363	0.01282
19.28469	0.01192
19.52575	0.01083
19.76681	0.00895
20.00787	0.00665
20.24893	0.00438
20.48999	0.00254
20.73104	0.00141
20.97210	0.00110
21.21316	0.00161
21.45422	0.00248
21.69528	0.00369
21.93634	0.00522
22.17740	0.00706
22.41845	0.00913
22.65951	0.01133
22.90057	0.01355
23.14163	0.01567
23.38269	0.01771
23.62375	0.01963
23.86481	0.02143
24.10587	0.02315
24.34692	0.02482
24.58798	0.02646
24.82904	0.02810
25.07010	0.02974
25.31116	0.03137
25.55222	0.03297
25.79328	0.03452
26.03433	0.03600
26.27539	0.03740
26.51645	0.03874
26.75751	0.04008
26.99857	0.04146
27.23963	0.04298
27.48069	0.04472
27.72175	0.04678
27.96280	0.04923
28.20386	0.05210
28.44492	0.05539
28.68598	0.05909
28.92704	0.06315
29.16810	0.06749
29.40916	0.07208
29.65021	0.07687
29.89127	0.08182
30.13233	0.08691
30.37339	0.09210
30.61445	0.09732
30.85551	0.10248
31.09657	0.10746
31.33763	0.11213
31.57868	0.11635
31.81974	0.12001
32.06080	0.12305
32.30186	0.12547
32.54292	0.12733
32.78398	0.12878
33.02504	0.13000
33.26609	0.13122
33.50715	0.13268
33.74821	0.13460
33.98927	0.13718
34.23033	0.14055
34.47139	0.14480
34.71245	0.14993
34.95350	0.15590
35.19456	0.16262
35.43562	0.16996
35.67668	0.17784
35.91774	0.18622
36.15880	0.19515
36.39986	0.20479
36.64092	0.21538
36.88197	0.22723
37.12303	0.24060
37.36409	0.25565
37.60515	0.27236
37.84621	0.29045
38.08727	0.30937
38.32833	0.32835
38.56938	0.34648
38.81044	0.36286
39.05150	0.37666
39.29256	0.38735
39.53362	0.39472
39.77468	0.39896
40.01574	0.40060
40.25680	0.40043
40.49785	0.39940
40.73891	0.39840
40.97997	0.39826
41.22103	0.39954
41.46209	0.40255
41.70315	0.40731
41.94421	0.41367
42.18526	0.42135
42.42632	0.43004
42.66738	0.43951
42.90844	0.44963
43.14950	0.46039
43.39056	0.47185
43.63162	0.48412
43.87268	0.49721
44.11373	0.51101
44.35479	0.52520
44.59585	0.53928
44.83691	0.55257
45.07797	0.56432
45.31903	0.57383
45.56009	0.58055
45.80114	0.58420
46.04220	0.58486
46.28326	0.58296
46.52432	0.57927
46.76538	0.57480
47.00644	0.57066
47.24750	0.56795
47.48855	0.56758
47.72961	0.57020
47.97067	0.57614
48.21173	0.58542
48.45279	0.59782
48.69385	0.61300
48.93491	0.63062
49.17597	0.65045
49.41702	0.67247
49.65808	0.69691
49.89914	0.72416
50.14020	0.75470
50.38126	0.78893
50.62232	0.82702
50.86338	0.86874
51.10443	0.91341
51.34549	0.95986
51.58655	1.00657
51.82761	1.05181
52.06867	1.09389
52.30973	1.13140
52.55079	1.16340
52.79185	1.18957
53.03290	1.21016
53.27396	1.22598
53.51502	1.23813
53.75608	1.24782
53.99714	1.25616
54.23820	1.26393
54.47926	1.27154
54.72031	1.27907
54.96137	1.28636
55.20243	1.29324
55.44349	1.29972
55.68455	1.30618
55.92561	1.31346
56.16667	1.32281
56.40773	1.33578
56.64878	1.35389
56.88984	1.37838
57.13090	1.40991
57.37196	1.44828
57.61302	1.49243
57.85408	1.54046
58.09514	1.58985
58.33619	1.63790
58.57725	1.68206
58.81831	1.72032
59.05937	1.75153
59.30043	1.77549
59.54149	1.79286
59.78255	1.80496
60.02361	1.81340
60.26466	1.81967
60.50572	1.82481
60.74678	1.82923
60.98784	1.83264
61.22890	1.83420
61.46996	1.83284
61.71102	1.82762
61.95207	1.81804
62.19313	1.80442
62.43419	1.78789
62.67525	1.77036
62.91631	1.75428
63.15737	1.74220
63.39843	1.73638
63.63948	1.73837
63.88054	1.74880
64.12160	1.76719
64.36266	1.79212
64.60372	1.82146
64.84478	1.85274
65.08584	1.88351
65.32690	1.91179
65.56795	1.93620
65.80901	1.95613
66.05007	1.97161
66.29113	1.98315
66.53219	1.99138
66.77325	1.99681
67.01431	1.99958
67.25536	1.99931
67.49642	1.99517
67.73748	1.98602
67.97854	1.97065
68.21960	1.94815
68.46066	1.91815
68.70172	1.88100
68.94278	1.83789
69.18383	1.79072
69.42489	1.74191
69.66595	1.69403
69.90701	1.64955
70.14807	1.61045
70.38913	1.57798
70.63019	1.55261
70.87124	1.53407
71.11230	1.52152
71.35336	1.51384
71.59442	1.50991
71.83548	1.50893
72.07654	1.51053
72.31760	1.51483
72.55866	1.52237
72.79971	1.53382
73.04077	1.54977
73.28183	1.57035
73.52289	1.59504
73.76395	1.62260
74.00501	1.65105
74.24607	1.67793
74.48712	1.70057
74.72818	1.71655
74.96924	1.72400
75.21030	1.72197
75.45136	1.71053
75.69242	1.69082
75.93348	1.66486
76.17453	1.63527
76.41559	1.60494
76.65665	1.57663
76.89771	1.55271
77.13877	1.53488
77.37983	1.52418
77.62089	1.52096
77.86195	1.52504
78.10300	1.53590
78.34406	1.55295
78.58512	1.57565
78.82618	1.60367
79.06724	1.63687
79.30830	1.67524
79.54936	1.71874
79.79041	1.76703
80.03147	1.81934
80.27253	1.87428
80.51359	1.92985
80.75465	1.98353
80.99571	2.03254
81.23677	2.07419
81.47783	2.10626
81.71888	2.12736
81.95994	2.13716
82.20100	2.13647
82.44206	2.12713
82.68312	2.11174
82.92418	2.09325
83.16524	2.07450
83.40629	2.05788
83.64735	2.04499
83.88841	2.03656
84.12947	2.03253
84.37053	2.03226
84.61159	2.03491
84.85265	2.03981
85.09371	2.04669
85.33476	2.05591
85.57582	2.06842
85.81688	2.08557
86.05794	2.10876
86.29900	2.13910
86.54006	2.17692
86.78112	2.22161
87.02217	2.27141
87.26323	2.32359
87.50429	2.37473
87.74535	2.42121
87.98641	2.45970
88.22747	2.48771
88.46853	2.50394
88.70958	2.50844
88.95064	2.50255
89.19170	2.48859
89.43276	2.46940
89.67382	2.44781
89.91488	2.42617
90.15594	2.40601
90.39700	2.38792
90.63805	2.37165
90.87911	2.35639
91.12017	2.34121
91.36123	2.32547
91.60229	2.30915
91.84335	2.29307
92.08441	2.27882
92.32546	2.26856
92.56652	2.26459
92.80758	2.26891
93.04864	2.28276
93.28970	2.30633
93.53076	2.33858
93.77182	2.37736
94.01288	2.41968
94.25393	2.46214
94.49499	2.50144
94.73605	2.53486
94.97711	2.56063
95.21817	2.57807
95.45923	2.58761
95.70029	2.59052
95.94134	2.58858
96.18240	2.58360
96.42346	2.57703
96.66452	2.56970
96.90558	2.56166
97.14664	2.55229
97.38770	2.54053
97.62876	2.52527
97.86981	2.50575
98.11087	2.48188
98.35193	2.45447
98.59299	2.42520
98.83405	2.39651
99.07511	2.37119
99.31617	2.35196
99.55722	2.34108
99.79828	2.33990
100.03934	2.34873
100.28040	2.36678
100.52146	2.39239
100.76252	2.42325
101.00358	2.45693
101.24464	2.49118
101.48569	2.52430
101.72675	2.55532
101.96781	2.58396
102.20887	2.61053
102.44993	2.63560
102.69099	2.65973
102.93205	2.68309
103.17310	2.70532
103.41416	2.72543
103.65522	2.74193
103.89628	2.75308
104.13734	2.75724
104.37840	2.75327
104.61946	2.74082
104.86051	2.72056
105.10157	2.69416
105.34263	2.66412
105.58369	2.63344
105.82475	2.60520
106.06581	2.58210
106.30687	2.56607
106.54793	2.55807
106.78898	2.55807
107.03004	2.56513
107.27110	2.57780
107.51216	2.59449
107.75322	2.61387
107.99428	2.63517
108.23534	2.65837
108.47639	2.68409
108.71745	2.71341
108.95851	2.74748
109.19957	2.78708
109.44063	2.83229
109.68169	2.88217
109.92275	2.93479
110.16381	2.98734
110.40486	3.03655
110.64592	3.07914
110.88698	3.11237
111.12804	3.13444
111.36910	3.14485
111.61016	3.14442
111.85122	3.13512
112.09227	3.11975
112.33333	3.10142
112.57439	3.08304
112.81545	3.06688
113.05651	3.05429
113.29757	3.04566
113.53863	3.04049
113.77969	3.03781
114.02074	3.03655
114.26180	3.03599
114.50286	3.03610
114.74392	3.03768
114.98498	3.04233
115.22604	3.05215
115.46710	3.06931
115.70815	3.09555
115.94921	3.13167
116.19027	3.17723
116.43133	3.23041
116.67239	3.28819
116.91345	3.34674
117.15451	3.40196
117.39556	3.45011
117.63662	3.48838
117.87768	3.51524
118.11874	3.53063
118.35980	3.53578
118.60086	3.53287
118.84192	3.52453
119.08298	3.51326
119.32403	3.50100
119.56509	3.48883
119.80615	3.47691
120.04721	3.46466
120.28827	3.45112
120.52933	3.43540
120.77039	3.41712
121.01144	3.39672
121.25250	3.37562
121.49356	3.35609
121.73462	3.34096
121.97568	3.33323
122.21674	3.33544
122.45780	3.34931
122.69886	3.37532
122.93991	3.41265
123.18097	3.45921
123.42203	3.51204
123.66309	3.56769
123.90415	3.62281
124.14521	3.67463
124.38627	3.72130
124.62732	3.76200
124.86838	3.79695
125.10944	3.82703
125.35050	3.85343
125.59156	3.87717
125.83262	3.89872
126.07368	3.91776
126.31474	3.93316
126.55579	3.94319
126.79685	3.94590
127.03791	3.93960
127.27897	3.92335
127.52003	3.89738
127.76109	3.86319
128.00215	3.82357
128.24320	3.78224
128.48426	3.74340
128.72532	3.71111
128.96638	3.68867
129.20744	3.67817
129.44850	3.68016
129.68956	3.69366
129.93061	3.71635
130.17167	3.74506
130.41273	3.77632
130.65379	3.80691
130.89485	3.83442
131.13591	3.85748
131.37697	3.87587
131.61803	3.89028
131.85908	3.90191
132.10014	3.91202
132.34120	3.92143
132.58226	3.93013
132.82332	3.93717
133.06438	3.94075
133.30544	3.93854
133.54649	3.92819
133.78755	3.90784
134.02861	3.87663
134.26967	3.83496
134.51073	3.78459
134.75179	3.72843
134.99285	3.67013
135.23391	3.61355
135.47496	3.56211
135.71602	3.51838
135.95708	3.48373
136.19814	3.45827
136.43920	3.44102
136.68026	3.43024
136.92132	3.42387
137.16237	3.42007
137.40343	3.41752
137.64449	3.41569
137.88555	3.41484
138.12661	3.41580
138.36767	3.41966
138.60873	3.42734
138.84979	3.43920
139.09084	3.45478
139.33190	3.47267
139.57296	3.49066
139.81402	3.50600
140.05508	3.51584
140.29614	3.51772
140.53720	3.51000
140.77825	3.49212
141.01931	3.46473
141.26037	3.42956
141.50143	3.38911
141.74249	3.34626
141.98355	3.30377
142.22461	3.26391
142.46566	3.22816
142.70672	3.19713
142.94778	3.17064
143.18884	3.14795
143.42990	3.12810
143.67096	3.11024
143.91202	3.09391
144.15308	3.07922
144.39413	3.06684
144.63519	3.05783
144.87625	3.05342
145.11731	3.05462
145.35837	3.06195
145.59943	3.07519
145.84049	3.09324
146.08154	3.11424
146.32260	3.13575
146.56366	3.15513
146.80472	3.16987
147.04578	3.17804
147.28684	3.17854
147.52790	3.17122
147.76896	3.15685
148.01001	3.13695
148.25107	3.11338
148.49213	3.08806
148.73319	3.06254
148.97425	3.03775
149.21531	3.01394
149.45637	2.99073
149.69742	2.96729
149.93848	2.94273
150.17954	2.91636
150.42060	2.88802
150.66166	2.85824
150.90272	2.82823
151.14378	2.79972
151.38484	2.77465
151.62589	2.75485
151.86695	2.74161
152.10801	2.73545
152.34907	2.73596
152.59013	2.74186
152.83119	2.75116
153.07225	2.76154
153.31330	2.77071
153.55436	2.77678
153.79542	2.77852
154.03648	2.77554
154.27754	2.76818
154.51860	2.75738
154.75966	2.74437
155.00072	2.73034
155.24177	2.71614
155.48283	2.70214
155.72389	2.68811
155.96495	2.67335
156.20601	2.65694
156.44707	2.63793
156.68813	2.61572
156.92918	2.59022
157.17024	2.56199
157.41130	2.53223
157.65236	2.50261
157.89342	2.47503
158.13448	2.45133
158.37554	2.43295
158.61659	2.42076
158.85765	2.41491
159.09871	2.41479
159.33977	2.41923
159.58083	2.42668
159.82189	2.43551
160.06295	2.44428
160.30401	2.45195
160.54506	2.45803
160.78612	2.46257
161.02718	2.46607
161.26824	2.46928
161.50930	2.47292
161.75036	2.47748
161.99142	2.48304
162.23247	2.48915
162.47353	2.49497
162.71459	2.49932
162.95565	2.50100
163.19671	2.49904
163.43777	2.49293
163.67883	2.48278
163.91989	2.46936
164.16094	2.45400
164.40200	2.43837
164.64306	2.42420
164.88412	2.41300
165.12518	2.40579
165.36624	2.40295
165.60730	2.40419
165.84835	2.40866
166.08941	2.41515
166.33047	2.42238
166.57153	2.42924
166.81259	2.43506
167.05365	2.43966
167.29471	2.44343
167.53577	2.44714
167.77682	2.45175
168.01788	2.45812
168.25894	2.46678
168.50000	2.47773
168.74106	2.49040
168.98212	2.50364
169.22318	2.51600
169.46423	2.52589
169.70529	2.53196
169.94635	2.53333
170.18741	2.52976
170.42847	2.52176
170.66953	2.51044
170.91059	2.49735
171.15164	2.48422
171.39270	2.47262
171.63376	2.46376
171.87482	2.45826
172.11588	2.45614
172.35694	2.45688
172.59800	2.45962
172.83906	2.46335
173.08011	2.46720
173.32117	2.47062
173.56223	2.47352
173.80329	2.47622
174.04435	2.47943
174.28541	2.48401
174.52647	2.49077
174.76752	2.50023
175.00858	2.51247
175.24964	2.52701
175.49070	2.54289
175.73176	2.55877
175.97282	2.57320
176.21388	2.58482
176.45494	2.59264
176.69599	2.59622
176.93705	2.59577
177.17811	2.59203
177.41917	2.58621
177.66023	2.57968
177.90129	2.57373
178.14235	2.56931
178.38340	2.56691
178.62446	2.56646
178.86552	2.56747
179.10658	2.56913
179.34764	2.57063
179.58870	2.57135
179.82976	2.57109
180.07082	2.57019
180.31187	2.56946
180.55293	2.57008
180.79399	2.57338
181.03505	2.58055
181.27611	2.59238
181.51717	2.60907
181.75823	2.63013
181.99928	2.65443
182.24034	2.68035
182.48140	2.70605
182.72246	2.72974
182.96352	2.75000
183.20458	2.76598
183.44564	2.77756
183.68669	2.78524
183.92775	2.79009
184.16881	2.79349
184.40987	2.79680
184.65093	2.80113
184.89199	2.80714
185.13305	2.81490
185.37411	2.82393
185.61516	2.83342
185.85622	2.84235
186.09728	2.84988
186.33834	2.85551
186.57940	2.85927
186.82046	2.86179
187.06152	2.86414
187.30257	2.86772
187.54363	2.87392
187.78469	2.88383
188.02575	2.89805
188.26681	2.91651
188.50787	2.93847
188.74893	2.96262
188.98999	2.98735
189.23104	3.01100
189.47210	3.03219
189.71316	3.05005
189.95422	3.06431
190.19528	3.07540
190.43634	3.08419
190.67740	3.09186
190.91845	3.09956
191.15951	3.10811
191.40057	3.11786
191.64163	3.12855
191.88269	3.13936
192.12375	3.14914
192.36481	3.15661
192.60587	3.16072
192.84692	3.16090
193.08798	3.15723
193.32904	3.15046
193.57010	3.14193
193.81116	3.13334
194.05222	3.12640
194.29328	3.12256
194.53433	3.12272
194.77539	3.12706
195.01645	3.13510
195.25751	3.14574
195.49857	3.15758
195.73963	3.16916
195.98069	3.17930
196.22174	3.18729
196.46280	3.19304
196.70386	3.19702
196.94492	3.20015
197.18598	3.20353
197.42704	3.20819
197.66810	3.21481
197.90916	3.22351
198.15021	3.23385
198.39127	3.24481
198.63233	3.25503
198.87339	3.26305
199.11445	3.26757
199.35551	3.26777
199.59657	3.26343
199.83762	3.25504
200.07868	3.24367
200.31974	3.23082
200.56080	3.21811
200.80186	3.20704
201.04292	3.19867
201.28398	3.19348
201.52504	3.19134
201.76609	3.19153
202.00715	3.19300
202.24821	3.19453
202.48927	3.19507
202.73033	3.19394
202.97139	3.19093
203.21245	3.18634
203.45350	3.18092
203.69456	3.17564
203.93562	3.17144
204.17668	3.16907
204.41774	3.16883
204.65880	3.17052
204.89986	3.17341
205.14092	3.17643
205.38197	3.17831
205.62303	3.17784
205.86409	3.17413
206.10515	3.16676
206.34621	3.15587
206.58727	3.14214
206.82833	3.12663
207.06938	3.11058
207.31044	3.09519
207.55150	3.08135
207.79256	3.06949
208.03362	3.05955
208.27468	3.05097
208.51574	3.04286
208.75680	3.03426
208.99785	3.02430
209.23891	3.01242
209.47997	2.99854
209.72103	2.98302
209.96209	2.96659
210.20315	2.95021
210.44421	2.93480
210.68526	2.92110
210.92632	2.90941
211.16738	2.89957
211.40844	2.89098
211.64950	2.88271
211.89056	2.87365
212.13162	2.86283
212.37267	2.84952
212.61373	2.83345
212.85479	2.81482
213.09585	2.79427
213.33691	2.77278
213.57797	2.75142
213.81903	2.73118
214.06009	2.71278
214.30114	2.69653
214.54220	2.68229
214.78326	2.66955
215.02432	2.65754
215.26538	2.64544
215.50644	2.63251
215.74750	2.61832
215.98855	2.60280
216.22961	2.58627
216.47067	2.56938
216.71173	2.55296
216.95279	2.53783
217.19385	2.52467
217.43491	2.51382
217.67597	2.50524
217.91702	2.49853
218.15808	2.49293
218.39914	2.48757
218.64020	2.48154
218.88126	2.47414
219.12232	2.46493
219.36338	2.45386
219.60443	2.44125
219.84549	2.42768
220.08655	2.41384
220.32761	2.40045
220.56867	2.38801
220.80973	2.37674
221.05079	2.36656
221.29185	2.35705
221.53290	2.34764
221.77396	2.33767
222.01502	2.32663
222.25608	2.31426
222.49714	2.30063
222.73820	2.28618
222.97926	2.27164
223.22031	2.25792
223.46137	2.24591
223.70243	2.23635
223.94349	2.22964
224.18455	2.22575
224.42561	2.22429
224.66667	2.22449
224.90772	2.22538
225.14878	2.22598
225.38984	2.22544
225.63090	2.22318
225.87196	2.21902
226.11302	2.21312
226.35408	2.20594
226.59514	2.19815
226.83619	2.19040
227.07725	2.18325
227.31831	2.17700
227.55937	2.17165
227.80043	2.16692
228.04149	2.16230
228.28255	2.15723
228.52360	2.15118
228.76466	2.14381
229.00572	2.13510
229.24678	2.12529
229.48784	2.11495
229.72890	2.10480
229.96996	2.09562
230.21102	2.08808
230.45207	2.08265
230.69313	2.07945
230.93419	2.07830
231.17525	2.07872
231.41631	2.08002
231.65737	2.08149
231.89843	2.08244
232.13948	2.08242
232.38054	2.08121
232.62160	2.07886
232.86266	2.07565
233.10372	2.07198
233.34478	2.06828
233.58584	2.06487
233.82690	2.06189
234.06795	2.05922
234.30901	2.05656
234.55007	2.05342
234.79113	2.04928
235.03219	2.04369
235.27325	2.03639
235.51431	2.02740
235.75536	2.01704
235.99642	2.00590
236.23748	1.99477
236.47854	1.98449
236.71960	1.97586
236.96066	1.96943
237.20172	1.96551
237.44277	1.96405
237.68383	1.96472
237.92489	1.96697
238.16595	1.97015
238.40701	1.97365
238.64807	1.97698
238.88913	1.97987
239.13019	1.98230
239.37124	1.98443
239.61230	1.98657
239.85336	1.98902
240.09442	1.99203
240.33548	1.99565
240.57654	1.99972
240.81760	2.00388
241.05865	2.00761
241.29971	2.01033
241.54077	2.01154
241.78183	2.01092
242.02289	2.00837
242.26395	2.00412
242.50501	1.99863
242.74607	1.99261
242.98712	1.98680
243.22818	1.98197
243.46924	1.97867
243.71030	1.97725
243.95136	1.97778
244.19242	1.98004
244.43348	1.98364
244.67453	1.98811
244.91559	1.99299
245.15665	1.99796
245.39771	2.00293
245.63877	2.00801
245.87983	2.01352
246.12089	2.01985
246.36195	2.02742
246.60300	2.03648
246.84406	2.04707
247.08512	2.05893
247.32618	2.07154
247.56724	2.08418
247.80830	2.09601
248.04936	2.10625
248.29041	2.11430
248.53147	2.11985
248.77253	2.12290
249.01359	2.12380
249.25465	2.12316
249.49571	2.12170
249.73677	2.12019
249.97783	2.11923
250.21888	2.11923
250.45994	2.12035
250.70100	2.12247
250.94206	2.12531
251.18312	2.12852
251.42418	2.13177
251.66524	2.13486
251.90629	2.13780
252.14735	2.14082
252.38841	2.14433
252.62947	2.14883
252.87053	2.15483
253.11159	2.16268
253.35265	2.17252
253.59370	2.18422
253.83476	2.19732
254.07582	2.21112
254.31688	2.22480
254.55794	2.23745
254.79900	2.24832
255.04006	2.25685
255.28112	2.26278
255.52217	2.26620
255.76323	2.26743
256.00429	2.26705
256.24535	2.26565
256.48641	2.26383
256.72747	2.26199
256.96853	2.26033
257.20958	2.25882
257.45064	2.25724
257.69170	2.25529
257.93276	2.25267
258.17382	2.24924
258.41488	2.24504
258.65594	2.24037
258.89700	2.23573
259.13805	2.23175
259.37911	2.22909
259.62017	2.22831
259.86123	2.22974
260.10229	2.23347
260.34335	2.23926
260.58441	2.24664
260.82546	2.25496
261.06652	2.26350
261.30758	2.27160
261.54864	2.27874
261.78970	2.28463
262.03076	2.28917
262.27182	2.29247
262.51288	2.29477
262.75393	2.29631
262.99499	2.29731
263.23605	2.29784
263.47711	2.29781
263.71817	2.29696
263.95923	2.29494
264.20029	2.29136
264.44134	2.28589
264.68240	2.27838
264.92346	2.26889
265.16452	2.25773
265.40558	2.24546
265.64664	2.23280
265.88770	2.22051
266.12875	2.20934
266.36981	2.19984
266.61087	2.19236
266.85193	2.18693
267.09299	2.18334
267.33405	2.18120
267.57511	2.17999
267.81617	2.17918
268.05722	2.17836
268.29828	2.17724
268.53934	2.17574
268.78040	2.17390
269.02146	2.17188
269.26252	2.16982
269.50358	2.16780
269.74463	2.16576
269.98569	2.16347
270.22675	2.16053
270.46781	2.15646
270.70887	2.15077
270.94993	2.14301
271.19099	2.13294
271.43205	2.12053
271.67310	2.10598
271.91416	2.08974
272.15522	2.07242
272.39628	2.05469
272.63734	2.03720
272.87840	2.02049
273.11946	2.00495
273.36051	1.99074
273.60157	1.97785
273.84263	1.96614
274.08369	1.95539
274.32475	1.94538
274.56581	1.93594
274.80687	1.92700
275.04793	1.91860
275.28898	1.91085
275.53004	1.90388
275.77110	1.89780
276.01216	1.89266
276.25322	1.88835
276.49428	1.88462
276.73534	1.88109
276.97639	1.87730
277.21745	1.87273
277.45851	1.86693
277.69957	1.85954
277.94063	1.85038
278.18169	1.83947
278.42275	1.82701
278.66380	1.81336
278.90486	1.79898
279.14592	1.78436
279.38698	1.76993
279.62804	1.75602
279.86910	1.74283
280.11016	1.73041
280.35122	1.71871
280.59227	1.70762
280.83333	1.69704
281.07439	1.68689
281.31545	1.67722
281.55651	1.66816
281.79757	1.65991
282.03863	1.65273
282.27968	1.64686
282.52074	1.64244
282.76180	1.63950
283.00286	1.63790
283.24392	1.63734
283.48498	1.63738
283.72604	1.63750
283.96710	1.63717
284.20815	1.63591
284.44921	1.63336
284.69027	1.62932
284.93133	1.62373
285.17239	1.61673
285.41345	1.60855
285.65451	1.59947
285.89556	1.58978
286.13662	1.57971
286.37768	1.56941
286.61874	1.55893
286.85980	1.54826
287.10086	1.53733
287.34192	1.52610
287.58298	1.51461
287.82403	1.50298
288.06509	1.49145
288.30615	1.48034
288.54721	1.47005
288.78827	1.46094
289.02933	1.45331
289.27039	1.44734
289.51144	1.44304
289.75250	1.44024
289.99356	1.43865
290.23462	1.43785
290.47568	1.43741
290.71674	1.43691
290.95780	1.43600
291.19885	1.43446
291.43991	1.43217
291.68097	1.42914
291.92203	1.42542
292.16309	1.42113
292.40415	1.41634
292.64521	1.41110
292.88627	1.40538
293.12732	1.39912
293.36838	1.39220
293.60944	1.38454
293.85050	1.37607
294.09156	1.36686
294.33262	1.35706
294.57368	1.34696
294.81473	1.33693
295.05579	1.32739
295.29685	1.31878
295.53791	1.31146
295.77897	1.30569
296.02003	1.30155
296.26109	1.29901
296.50215	1.29788
296.74320	1.29786
296.98426	1.29864
297.22532	1.29992
297.46638	1.30145
297.70744	1.30310
297.94850	1.30482
298.18956	1.30665
298.43061	1.30867
298.67167	1.31095
298.91273	1.31354
299.15379	1.31636
299.39485	1.31928
299.63591	1.32204
299.87697	1.32437
300.11803	1.32594
300.35908	1.32649
300.60014	1.32584
300.84120	1.32395
301.08226	1.32090
301.32332	1.31692
301.56438	1.31234
301.80544	1.30756
302.04649	1.30299
302.28755	1.29899
302.52861	1.29584
302.76967	1.29368
303.01073	1.29258
303.25179	1.29244
303.49285	1.29316
303.73391	1.29457
303.97496	1.29653
304.21602	1.29895
304.45708	1.30182
304.69814	1.30518
304.93920	1.30910
305.18026	1.31366
305.42132	1.31889
305.66237	1.32475
305.90343	1.33111
306.14449	1.33773
306.38555	1.34433
306.62661	1.35058
306.86767	1.35617
307.10873	1.36089
307.34978	1.36461
307.59084	1.36733
307.83190	1.36918
308.07296	1.37037
308.31402	1.37115
308.55508	1.37178
308.79614	1.37247
309.03720	1.37338
309.27825	1.37457
309.51931	1.37602
309.76037	1.37768
310.00143	1.37948
310.24249	1.38138
310.48355	1.38339
310.72461	1.38559
310.96566	1.38814
311.20672	1.39122
311.44778	1.39505
311.68884	1.39979
311.92990	1.40556
312.17096	1.41236
312.41202	1.42010
312.65308	1.42856
312.89413	1.43745
313.13519	1.44641
313.37625	1.45510
313.61731	1.46322
313.85837	1.47055
314.09943	1.47699
314.34049	1.48251
314.58154	1.48721
314.82260	1.49123
315.06366	1.49475
315.30472	1.49792
315.54578	1.50083
315.78684	1.50354
316.02790	1.50602
316.26896	1.50821
316.51001	1.51005
316.75107	1.51149
316.99213	1.51257
317.23319	1.51340
317.47425	1.51419
317.71531	1.51522
317.95637	1.51681
318.19742	1.51926
318.43848	1.52283
318.67954	1.52764
318.92060	1.53371
319.16166	1.54089
319.40272	1.54894
319.64378	1.55751
319.88483	1.56623
320.12589	1.57475
320.36695	1.58279
320.60801	1.59017
320.84907	1.59682
321.09013	1.60276
321.33119	1.60809
321.57225	1.61292
321.81330	1.61735
322.05436	1.62143
322.29542	1.62515
322.53648	1.62841
322.77754	1.63109
323.01860	1.63305
323.25966	1.63418
323.50071	1.63447
323.74177	1.63399
323.98283	1.63293
324.22389	1.63159
324.46495	1.63031
324.70601	1.62944
324.94707	1.62931
325.18813	1.63012
325.42918	1.63197
325.67024	1.63482
325.91130	1.63852
326.15236	1.64281
326.39342	1.64744
326.63448	1.65216
326.87554	1.65676
327.11659	1.66117
327.35765	1.66536
327.59871	1.66940
327.83977	1.67338
328.08083	1.67736
328.32189	1.68137
328.56295	1.68533
328.80401	1.68909
329.04506	1.69241
329.28612	1.69501
329.52718	1.69662
329.76824	1.69703
330.00930	1.69611
330.25036	1.69390
330.49142	1.69053
330.73247	1.68627
330.97353	1.68147
331.21459	1.67648
331.45565	1.67164
331.69671	1.66723
331.93777	1.66341
332.17883	1.66025
332.41988	1.65770
332.66094	1.65567
332.90200	1.65402
333.14306	1.65263
333.38412	1.65140
333.62518	1.65033
333.86624	1.64943
334.10730	1.64879
334.34835	1.64850
334.58941	1.64860
334.83047	1.64910
335.07153	1.64992
335.31259	1.65086
335.55365	1.65168
335.79471	1.65206
336.03576	1.65171
336.27682	1.65034
336.51788	1.64777
336.75894	1.64392
337.00000	1.63883
337.24106	1.63263
337.48212	1.62553
337.72318	1.61777
337.96423	1.60959
338.20529	1.60117
338.44635	1.59263
338.68741	1.58401
338.92847	1.57532
339.16953	1.56650
339.41059	1.55753
339.65164	1.54839
339.89270	1.53915
340.13376	1.52991
340.37482	1.52085
340.61588	1.51216
340.85694	1.50403
341.09800	1.49662
341.33906	1.49000
341.58011	1.48416
341.82117	1.47898
342.06223	1.47426
342.30329	1.46975
342.54435	1.46515
342.78541	1.46022
343.02647	1.45476
343.26752	1.44864
343.50858	1.44181
343.74964	1.43433
343.99070	1.42629
344.23176	1.41782
344.47282	1.40904
344.71388	1.40004
344.95493	1.39087
345.19599	1.38153
345.43705	1.37199
345.67811	1.36220
345.91917	1.35212
346.16023	1.34174
346.40129	1.33114
346.64235	1.32042
346.88340	1.30976
347.12446	1.29936
347.36552	1.28943
347.60658	1.28014
347.84764	1.27163
348.08870	1.26391
348.32976	1.25694
348.57081	1.25060
348.81187	1.24469
349.05293	1.23900
349.29399	1.23333
349.53505	1.22752
349.77611	1.22147
350.01717	1.21515
350.25823	1.20857
350.49928	1.20182
350.74034	1.19499
350.98140	1.18816
351.22246	1.18137
351.46352	1.17462
351.70458	1.16786
351.94564	1.16100
352.18669	1.15395
352.42775	1.14660
352.66881	1.13891
352.90987	1.13089
353.15093	1.12260
353.39199	1.11420
353.63305	1.10584
353.87411	1.09774
354.11516	1.09008
354.35622	1.08300
354.59728	1.07659
354.83834	1.07085
355.07940	1.06573
355.32046	1.06112
355.56152	1.05686
355.80257	1.05281
356.04363	1.04883
356.28469	1.04481
356.52575	1.04069
356.76681	1.03645
357.00787	1.03211
357.24893	1.02769
357.48999	1.02321
357.73104	1.01868
357.97210	1.01407
358.21316	1.00933
358.45422	1.00439
358.69528	0.99917
358.93634	0.99360
359.17740	0.98764
359.41845	0.98130
359.65951	0.97462
359.90057	0.96772
360.14163	0.96071
360.38269	0.95375
360.62375	0.94696
360.86481	0.94047
361.10586	0.93434
361.34692	0.92860
361.58798	0.92321
361.82904	0.91813
362.07010	0.91327
362.31116	0.90856
362.55222	0.90394
362.79328	0.89939
363.03433	0.89492
363.27539	0.89055
363.51645	0.88634
363.75751	0.88234
363.99857	0.87858
364.23963	0.87505
364.48069	0.87171
364.72174	0.86847
364.96280	0.86522
365.20386	0.86181
365.44492	0.85813
365.68598	0.85408
365.92704	0.84960
366.16810	0.84470
366.40916	0.83943
366.65021	0.83387
366.89127	0.82814
367.13233	0.82236
367.37339	0.81662
367.61445	0.81097
367.85551	0.80545
368.09657	0.80003
368.33762	0.79467
368.57868	0.78931
368.81974	0.78389
369.06080	0.77839
369.30186	0.77278
369.54292	0.76711
369.78398	0.76142
370.02504	0.75578
370.26609	0.75023
370.50715	0.74483
370.74821	0.73957
370.98927	0.73443
371.23033	0.72933
371.47139	0.72417
371.71245	0.71883
371.95350	0.71321
372.19456	0.70721
372.43562	0.70077
372.67668	0.69385
372.91774	0.68649
373.15880	0.67872
373.39986	0.67061
373.64091	0.66222
373.88197	0.65363
374.12303	0.64487
374.36409	0.63597
374.60515	0.62693
374.84621	0.61775
375.08727	0.60842
375.32833	0.59893
375.56938	0.58930
375.81044	0.57957
376.05150	0.56982
376.29256	0.56009
376.53362	0.55052
376.77468	0.54124
377.01574	0.53234
377.25679	0.52390
377.49785	0.51597
377.73891	0.50857
377.97997	0.50169
378.22103	0.49527
378.46209	0.48933
378.70315	0.48387
378.94421	0.47888
379.18526	0.47440
379.42632	0.47047
379.66738	0.46717
379.90844	0.46457
380.14950	0.46272
380.39056	0.46171
380.63162	0.46157
380.87267	0.46231
381.11373	0.46391
381.35479	0.46631
381.59585	0.46948
381.83691	0.47336
382.07797	0.47789
382.31903	0.48307
382.56009	0.48888
382.80114	0.49534
383.04220	0.50247
383.28326	0.51028
383.52432	0.51880
383.76538	0.52800
384.00644	0.53782
384.24750	0.54821
384.48855	0.55910
384.72961	0.57039
384.97067	0.58198
385.21173	0.59377
385.45279	0.60569
385.69385	0.61768
385.93491	0.62969
386.17596	0.64174
386.41702	0.65384
386.65808	0.66598
386.89914	0.67818
387.14020	0.69040
387.38126	0.70261
387.62232	0.71473
387.86338	0.72667
388.10443	0.73836
388.34549	0.74972
388.58655	0.76069
388.82761	0.77126
389.06867	0.78143
389.30973	0.79126
389.55079	0.80081
389.79184	0.81019
390.03290	0.81948
390.27396	0.82874
390.51502	0.83800
390.75608	0.84728
390.99714	0.85652
391.23820	0.86569
391.47926	0.87472
391.72031	0.88356
391.96137	0.89217
392.20243	0.90054
392.44349	0.90868
392.68455	0.91664
392.92561	0.92444
393.16667	0.93212
393.40772	0.93969
393.64878	0.94711
393.88984	0.95434
394.13090	0.96130
394.37196	0.96789
394.61302	0.97403
394.85408	0.97965
395.09514	0.98473
395.33619	0.98929
395.57725	0.99338
395.81831	0.99712
396.05937	1.00064
396.30043	1.00409
396.54149	1.00759
396.78255	1.01126
397.02360	1.01517
397.26466	1.01934
397.50572	1.02377
397.74678	1.02845
397.98784	1.03332
398.22890	1.03836
398.46996	1.04357
398.71102	1.04896
398.95207	1.05456
399.19313	1.06042
399.43419	1.06659
399.67525	1.07307
399.91631	1.07985
400.15737	1.08686
400.39843	1.09399
400.63948	1.10109
400.88054	1.10798
401.12160	1.11451
401.36266	1.12052
401.60372	1.12592
401.84478	1.13063
402.08584	1.13465
402.32689	1.13800
402.56795	1.14075
402.80901	1.14297
403.05007	1.14473
403.29113	1.14610
403.53219	1.14710
403.77325	1.14776
404.01431	1.14806
404.25536	1.14800
404.49642	1.14758
404.73748	1.14680
404.97854	1.14571
405.21960	1.14437
405.46066	1.14286
405.70172	1.14130
405.94277	1.13978
406.18383	1.13840
406.42489	1.13721
406.66595	1.13621
406.90701	1.13536
407.14807	1.13460
407.38913	1.13381
407.63019	1.13287
407.87124	1.13168
408.11230	1.13016
408.35336	1.12826
408.59442	1.12599
408.83548	1.12339
409.07654	1.12054
409.31760	1.11750
409.55865	1.11434
409.79971	1.11111
410.04077	1.10782
410.28183	1.10445
410.52289	1.10094
410.76395	1.09726
411.00501	1.09334
411.24607	1.08917
411.48712	1.08476
411.72818	1.08013
411.96924	1.07536
412.21030	1.07054
412.45136	1.06575
412.69242	1.06106
412.93348	1.05651
413.17453	1.05209
413.41559	1.04776
413.65665	1.04345
413.89771	1.03905
414.13877	1.03449
414.37983	1.02966
414.62089	1.02454
414.86194	1.01910
415.10300	1.01338
415.34406	1.00745
415.58512	1.00137
415.82618	0.99524
416.06724	0.98912
416.30830	0.98303
416.54936	0.97697
416.79041	0.97092
417.03147	0.96479
417.27253	0.95853
417.51359	0.95205
417.75465	0.94530
417.99571	0.93827
418.23677	0.93098
418.47782	0.92349
418.71888	0.91587
418.95994	0.90822
419.20100	0.90064
419.44206	0.89320
419.68312	0.88595
419.92418	0.87889
420.16524	0.87201
420.40629	0.86526
420.64735	0.85859
420.88841	0.85195
421.12947	0.84529
421.37053	0.83861
421.61159	0.83190
421.85265	0.82520
422.09370	0.81854
422.33476	0.81195
422.57582	0.80546
422.81688	0.79905
423.05794	0.79270
423.29900	0.78636
423.54006	0.77997
423.78112	0.77346
424.02217	0.76677
424.26323	0.75985
424.50429	0.75269
424.74535	0.74530
424.98641	0.73770
425.22747	0.72993
425.46853	0.72205
425.70958	0.71410
425.95064	0.70613
426.19170	0.69817
426.43276	0.69023
426.67382	0.68234
426.91488	0.67450
427.15594	0.66673
427.39699	0.65904
427.63805	0.65147
427.87911	0.64406
428.12017	0.63685
428.36123	0.62990
428.60229	0.62324
428.84335	0.61690
429.08441	0.61089
429.32546	0.60519
429.56652	0.59976
429.80758	0.59454
430.04864	0.58947
430.28970	0.58448
430.53076	0.57949
430.77182	0.57447
431.01287	0.56938
431.25393	0.56423
431.49499	0.55901
431.73605	0.55376
431.97711	0.54850
432.21817	0.54324
432.45923	0.53799
432.70029	0.53276
432.94134	0.52751
433.18240	0.52224
433.42346	0.51691
433.66452	0.51151
433.90558	0.50605
434.14664	0.50054
434.38770	0.49505
434.62875	0.48963
434.86981	0.48438
435.11087	0.47936
435.35193	0.47465
435.59299	0.47032
435.83405	0.46639
436.07511	0.46289
436.31617	0.45982
436.55722	0.45718
436.79828	0.45497
437.03934	0.45318
437.28040	0.45183
437.52146	0.45093
437.76252	0.45052
438.00358	0.45064
438.24463	0.45130
438.48569	0.45256
438.72675	0.45442
438.96781	0.45687
439.20887	0.45989
439.44993	0.46345
439.69099	0.46747
439.93204	0.47189
440.17310	0.47663
440.41416	0.48163
440.65522	0.48684
440.89628	0.49221
441.13734	0.49772
441.37840	0.50334
441.61946	0.50907
441.86051	0.51487
442.10157	0.52074
442.34263	0.52665
442.58369	0.53255
442.82475	0.53839
443.06581	0.54409
443.30687	0.54959
443.54792	0.55483
443.78898	0.55977
444.03004	0.56437
444.27110	0.56866
444.51216	0.57263
444.75322	0.57632
444.99428	0.57976
445.23534	0.58297
445.47639	0.58596
445.71745	0.58873
445.95851	0.59126
446.19957	0.59352
446.44063	0.59546
446.68169	0.59705
446.92275	0.59825
447.16380	0.59905
447.40486	0.59945
447.64592	0.59948
447.88698	0.59917
448.12804	0.59857
448.36910	0.59773
448.61016	0.59670
448.85122	0.59550
449.09227	0.59416
449.33333	0.59265
449.57439	0.59099
449.81545	0.58916
450.05651	0.58715
450.29757	0.58499
450.53863	0.58271
450.77968	0.58037
451.02074	0.57804
451.26180	0.57582
451.50286	0.57377
451.74392	0.57197
451.98498	0.57046
452.22604	0.56925
452.46710	0.56832
452.70815	0.56761
452.94921	0.56707
453.19027	0.56659
453.43133	0.56611
453.67239	0.56557
453.91345	0.56490
454.15451	0.56409
454.39556	0.56312
454.63662	0.56200
454.87768	0.56074
455.11874	0.55935
455.35980	0.55784
455.60086	0.55621
455.84192	0.55444
456.08297	0.55253
456.32403	0.55047
456.56509	0.54825
456.80615	0.54589
457.04721	0.54344
457.28827	0.54094
457.52933	0.53846
457.77039	0.53608
458.01144	0.53387
458.25250	0.53192
458.49356	0.53027
458.73462	0.52896
458.97568	0.52803
459.21674	0.52747
459.45780	0.52729
459.69885	0.52747
459.93991	0.52802
460.18097	0.52891
460.42203	0.53017
460.66309	0.53177
460.90415	0.53373
461.14521	0.53605
461.38627	0.53871
461.62732	0.54169
461.86838	0.54497
462.10944	0.54849
462.35050	0.55220
462.59156	0.55603
462.83262	0.55991
463.07368	0.56377
463.31473	0.56755
463.55579	0.57119
463.79685	0.57467
464.03791	0.57796
464.27897	0.58104
464.52003	0.58393
464.76109	0.58662
465.00215	0.58911
465.24320	0.59141
465.48426	0.59349
465.72532	0.59536
465.96638	0.59700
466.20744	0.59839
466.44850	0.59953
466.68956	0.60043
466.93061	0.60109
467.17167	0.60156
467.41273	0.60185
467.65379	0.60202
467.89485	0.60207
468.13591	0.60203
468.37697	0.60190
468.61802	0.60168
468.85908	0.60134
469.10014	0.60086
469.34120	0.60021
469.58226	0.59937
469.82332	0.59834
470.06438	0.59712
470.30544	0.59574
470.54649	0.59421
470.78755	0.59258
471.02861	0.59088
471.26967	0.58914
471.51073	0.58739
471.75179	0.58562
471.99285	0.58385
472.23390	0.58205
472.47496	0.58021
472.71602	0.57832
472.95708	0.57634
473.19814	0.57427
473.43920	0.57212
473.68026	0.56990
473.92132	0.56763
474.16237	0.56535
474.40343	0.56309
474.64449	0.56088
474.88555	0.55876
475.12661	0.55672
475.36767	0.55477
475.60873	0.55288
475.84978	0.55103
476.09084	0.54918
476.33190	0.54732
476.57296	0.54541
476.81402	0.54345
477.05508	0.54144
477.29614	0.53942
477.53720	0.53740
477.77825	0.53542
478.01931	0.53350
478.26037	0.53164
478.50143	0.52985
478.74249	0.52810
478.98355	0.52635
479.22461	0.52458
479.46566	0.52275
479.70672	0.52084
479.94778	0.51883
480.18884	0.51673
480.42990	0.51457
480.67096	0.51237
480.91202	0.51017
481.15307	0.50799
481.39413	0.50587
481.63519	0.50379
481.87625	0.50175
482.11731	0.49975
482.35837	0.49775
482.59943	0.49572
482.84049	0.49366
483.08154	0.49156
483.32260	0.48941
483.56366	0.48725
483.80472	0.48510
484.04578	0.48298
484.28684	0.48094
484.52790	0.47899
484.76895	0.47714
485.01001	0.47537
485.25107	0.47368
485.49213	0.47201
485.73319	0.47034
485.97425	0.46864
486.21531	0.46687
486.45637	0.46503
486.69742	0.46313
486.93848	0.46119
487.17954	0.45924
487.42060	0.45731
487.66166	0.45544
487.90272	0.45365
488.14378	0.45195
488.38483	0.45034
488.62589	0.44880
488.86695	0.44731
489.10801	0.44585
489.34907	0.44439
489.59013	0.44294
489.83119	0.44149
490.07225	0.44005
490.31330	0.43864
490.55436	0.43727
490.79542	0.43597
491.03648	0.43475
491.27754	0.43362
491.51860	0.43258
491.75966	0.43161
492.00071	0.43072
492.24177	0.42988
492.48283	0.42909
492.72389	0.42834
492.96495	0.42761
493.20601	0.42692
493.44707	0.42627
493.68812	0.42566
493.92918	0.42510
494.17024	0.42460
494.41130	0.42416
494.65236	0.42378
494.89342	0.42345
495.13448	0.42316
495.37554	0.42290
495.61659	0.42265
495.85765	0.42240
496.09871	0.42216
496.33977	0.42192
496.58083	0.42168
496.82189	0.42146
497.06295	0.42127
497.30400	0.42110
497.54506	0.42097
497.78612	0.42088
498.02718	0.42080
498.26824	0.42074
498.50930	0.42067
498.75036	0.42058
498.99142	0.42045
499.23247	0.42027
499.47353	0.42005
499.71459	0.41978
499.95565	0.41948
500.19671	0.41915
500.43777	0.41881
500.67883	0.41846
500.91988	0.41809
501.16094	0.41770
501.40200	0.41726
501.64306	0.41675
501.88412	0.41613
502.12518	0.41539
502.36624	0.41449
502.60730	0.41341
502.84835	0.41215
503.08941	0.41069
503.33047	0.40905
503.57153	0.40722
503.81259	0.40522
504.05365	0.40306
504.29471	0.40076
504.53576	0.39836
504.77682	0.39589
505.01788	0.39341
505.25894	0.39100
505.50000	0.38874
505.74106	0.38679
505.98212	0.38527
506.22318	0.38436
506.46423	0.38418
506.70529	0.38486
506.94635	0.38650
507.18741	0.38914
507.42847	0.39276
507.66953	0.39729
507.91059	0.40262
508.15164	0.40859
508.39270	0.41502
508.63376	0.42173
508.87482	0.42853
509.11588	0.43528
509.35694	0.44183
509.59800	0.44813
509.83905	0.45413
510.08011	0.45982
510.32117	0.46521
510.56223	0.47033
510.80329	0.47518
511.04435	0.47981
511.28541	0.48423
511.52647	0.48845
511.76752	0.49248
512.00858	0.49632
512.24964	0.49999
512.49070	0.50349
512.73176	0.50685
512.97282	0.51008
513.21388	0.51321
513.45493	0.51624
513.69599	0.51921
513.93705	0.52211
514.17811	0.52493
514.41917	0.52767
514.66023	0.53030
514.90129	0.53281
515.14235	0.53516
515.38340	0.53734
515.62446	0.53936
515.86552	0.54121
516.10658	0.54291
516.34764	0.54448
516.58870	0.54595
516.82976	0.54735
517.07081	0.54869
517.31187	0.54999
517.55293	0.55124
517.79399	0.55246
518.03505	0.55363
518.27611	0.55474
518.51717	0.55579
518.75823	0.55678
518.99928	0.55773
519.24034	0.55866
519.48140	0.55959
519.72246	0.56054
519.96352	0.56151
520.20458	0.56253
520.44564	0.56356
520.68669	0.56458
520.92775	0.56557
521.16881	0.56647
521.40987	0.56727
521.65093	0.56792
521.89199	0.56842
522.13305	0.56877
522.37410	0.56898
522.61516	0.56908
522.85622	0.56910
523.09728	0.56905
523.33834	0.56896
523.57940	0.56883
523.82046	0.56864
524.06152	0.56839
524.30257	0.56805
524.54363	0.56760
524.78469	0.56703
525.02575	0.56634
525.26681	0.56554
525.50787	0.56467
525.74893	0.56377
525.98998	0.56291
526.23104	0.56214
526.47210	0.56153
526.71316	0.56112
526.95422	0.56095
527.19528	0.56103
527.43634	0.56136
527.67740	0.56192
527.91845	0.56268
528.15951	0.56361
528.40057	0.56468
528.64163	0.56587
528.88269	0.56717
529.12375	0.56856
529.36481	0.57006
529.60586	0.57166
529.84692	0.57337
530.08798	0.57516
530.32904	0.57703
530.57010	0.57894
530.81116	0.58086
531.05222	0.58273
531.29328	0.58453
531.53433	0.58622
531.77539	0.58778
532.01645	0.58919
532.25751	0.59048
532.49857	0.59163
532.73963	0.59268
532.98069	0.59364
533.22174	0.59453
533.46280	0.59533
533.70386	0.59606
533.94492	0.59669
534.18598	0.59720
534.42704	0.59758
534.66810	0.59779
534.90915	0.59783
535.15021	0.59769
535.39127	0.59736
535.63233	0.59685
535.87339	0.59616
536.11445	0.59532
536.35551	0.59433
536.59657	0.59319
536.83762	0.59191
537.07868	0.59046
537.31974	0.58885
537.56080	0.58706
537.80186	0.58509
538.04292	0.58294
538.28398	0.58062
538.52503	0.57816
538.76609	0.57558
539.00715	0.57291
539.24821	0.57018
539.48927	0.56743
539.73033	0.56469
539.97139	0.56198
540.21245	0.55934
540.45350	0.55677
540.69456	0.55430
540.93562	0.55195
541.17668	0.54973
541.41774	0.54766
541.65880	0.54574
541.89986	0.54399
542.14091	0.54241
542.38197	0.54099
542.62303	0.53972
542.86409	0.53859
543.10515	0.53758
543.34621	0.53667
543.58727	0.53584
543.82833	0.53504
544.06938	0.53425
544.31044	0.53344
544.55150	0.53259
544.79256	0.53166
545.03362	0.53064
545.27468	0.52952
545.51574	0.52828
545.75679	0.52693
545.99785	0.52545
546.23891	0.52386
546.47997	0.52212
546.72103	0.52024
546.96209	0.51820
547.20315	0.51597
547.44421	0.51356
547.68526	0.51094
547.92632	0.50813
548.16738	0.50513
548.40844	0.50197
548.64950	0.49868
548.89056	0.49529
549.13162	0.49184
549.37267	0.48836
549.61373	0.48487
549.85479	0.48139
550.09585	0.47794
550.33691	0.47453
550.57797	0.47119
550.81903	0.46795
551.06008	0.46484
551.30114	0.46190
551.54220	0.45921
551.78326	0.45680
552.02432	0.45473
552.26538	0.45305
552.50644	0.45176
552.74750	0.45088
552.98855	0.45040
553.22961	0.45027
553.47067	0.45047
553.71173	0.45095
553.95279	0.45165
554.19385	0.45256
554.43491	0.45365
554.67596	0.45491
554.91702	0.45633
555.15808	0.45792
555.39914	0.45968
555.64020	0.46162
555.88126	0.46372
556.12232	0.46596
556.36338	0.46833
556.60443	0.47077
556.84549	0.47326
557.08655	0.47574
557.32761	0.47818
557.56867	0.48054
557.80973	0.48280
558.05079	0.48495
558.29184	0.48697
558.53290	0.48887
558.77396	0.49066
559.01502	0.49233
559.25608	0.49389
559.49714	0.49533
559.73820	0.49664
559.97926	0.49783
560.22031	0.49886
560.46137	0.49974
560.70243	0.50046
560.94349	0.50103
561.18455	0.50146
561.42561	0.50177
561.66667	0.50199
561.90772	0.50215
562.14878	0.50228
562.38984	0.50239
562.63090	0.50252
562.87196	0.50264
563.11302	0.50278
563.35408	0.50291
563.59513	0.50303
563.83619	0.50314
564.07725	0.50324
564.31831	0.50335
564.55937	0.50348
564.80043	0.50365
565.04149	0.50388
565.28255	0.50421
565.52360	0.50462
565.76466	0.50513
566.00572	0.50573
566.24678	0.50639
566.48784	0.50710
566.72890	0.50784
566.96996	0.50857
567.21101	0.50930
567.45207	0.51002
567.69313	0.51072
567.93419	0.51143
568.17525	0.51214
568.41631	0.51286
568.65737	0.51361
568.89843	0.51439
569.13948	0.51518
569.38054	0.51599
569.62160	0.51682
569.86266	0.51767
570.10372	0.51852
570.34478	0.51941
570.58584	0.52032
570.82689	0.52129
571.06795	0.52233
571.30901	0.52344
571.55007	0.52466
571.79113	0.52597
572.03219	0.52738
572.27325	0.52889
572.51431	0.53047
572.75536	0.53210
572.99642	0.53377
573.23748	0.53544
573.47854	0.53710
573.71960	0.53871
573.96066	0.54028
574.20172	0.54179
574.44277	0.54326
574.68383	0.54470
574.92489	0.54614
575.16595	0.54762
575.40701	0.54916
575.64807	0.55079
575.88913	0.55253
576.13018	0.55439
576.37124	0.55638
576.61230	0.55851
576.85336	0.56076
577.09442	0.56313
577.33548	0.56564
577.57654	0.56828
577.81760	0.57106
578.05865	0.57398
578.29971	0.57704
578.54077	0.58024
578.78183	0.58356
579.02289	0.58696
579.26395	0.59040
579.50501	0.59385
579.74606	0.59725
579.98712	0.60056
580.22818	0.60374
580.46924	0.60679
580.71030	0.60968
580.95136	0.61242
581.19242	0.61503
581.43348	0.61752
581.67453	0.61991
581.91559	0.62221
582.15665	0.62446
582.39771	0.62664
582.63877	0.62879
582.87983	0.63090
583.12089	0.63298
583.36194	0.63505
583.60300	0.63712
583.84406	0.63921
584.08512	0.64133
584.32618	0.64351
584.56724	0.64576
584.80830	0.64810
585.04936	0.65053
585.29041	0.65304
585.53147	0.65562
585.77253	0.65824
586.01359	0.66087
586.25465	0.66348
586.49571	0.66602
586.73677	0.66845
586.97782	0.67073
587.21888	0.67286
587.45994	0.67480
587.70100	0.67655
587.94206	0.67811
588.18312	0.67949
588.42418	0.68068
588.66523	0.68169
588.90629	0.68252
589.14735	0.68317
589.38841	0.68362
589.62947	0.68389
589.87053	0.68397
590.11159	0.68389
590.35265	0.68366
590.59370	0.68332
590.83476	0.68291
591.07582	0.68246
591.31688	0.68202
591.55794	0.68161
591.79900	0.68126
592.04006	0.68097
592.28111	0.68074
592.52217	0.68056
592.76323	0.68040
593.00429	0.68024
593.24535	0.68007
593.48641	0.67984
593.72747	0.67955
593.96853	0.67917
594.20958	0.67869
594.45064	0.67810
594.69170	0.67737
594.93276	0.67649
595.17382	0.67545
595.41488	0.67425
595.65594	0.67287
595.89699	0.67130
596.13805	0.66956
596.37911	0.66763
596.62017	0.66553
596.86123	0.66329
597.10229	0.66092
597.34335	0.65845
597.58441	0.65591
597.82546	0.65334
598.06652	0.65078
598.30758	0.64825
598.54864	0.64580
598.78970	0.64346
599.03076	0.64126
599.27182	0.63921
599.51287	0.63734
599.75393	0.63564
599.99499	0.63413
600.23605	0.63279
600.47711	0.63158
600.71817	0.63048
600.95923	0.62944
601.20029	0.62840
601.44134	0.62730
601.68240	0.62608
601.92346	0.62468
602.16452	0.62305
602.40558	0.62114
602.64664	0.61892
602.88770	0.61638
603.12875	0.61353
603.36981	0.61038
603.61087	0.60697
603.85193	0.60333
604.09299	0.59949
604.33405	0.59550
604.57511	0.59138
604.81616	0.58715
605.05722	0.58283
605.29828	0.57842
605.53934	0.57391
605.78040	0.56932
606.02146	0.56465
606.26252	0.55989
606.50358	0.55507
606.74463	0.55020
606.98569	0.54528
607.22675	0.54034
607.46781	0.53539
607.70887	0.53042
607.94993	0.52542
608.19099	0.52039
608.43204	0.51530
608.67310	0.51012
608.91416	0.50481
609.15522	0.49934
609.39628	0.49370
609.63734	0.48785
609.87840	0.48179
610.11946	0.47552
610.36051	0.46905
610.60157	0.46238
610.84263	0.45554
611.08369	0.44855
611.32475	0.44146
611.56581	0.43430
611.80687	0.42712
612.04792	0.41997
612.28898	0.41293
612.53004	0.40604
612.77110	0.39940
613.01216	0.39307
613.25322	0.38711
613.49428	0.38158
613.73534	0.37654
613.97639	0.37202
614.21745	0.36804
614.45851	0.36460
614.69957	0.36169
614.94063	0.35928
615.18169	0.35736
615.42275	0.35585
615.66380	0.35473
615.90486	0.35392
616.14592	0.35337
616.38698	0.35301
616.62804	0.35279
616.86910	0.35264
617.11016	0.35251
617.35121	0.35235
617.59227	0.35212
617.83333	0.35178
618.07439	0.35132
618.31545	0.35071
618.55651	0.34995
618.79757	0.34907
619.03863	0.34806
619.27968	0.34695
619.52074	0.34577
619.76180	0.34455
620.00286	0.34331
620.24392	0.34206
620.48498	0.34083
620.72604	0.33960
620.96709	0.33839
621.20815	0.33717
621.44921	0.33594
621.69027	0.33469
621.93133	0.33341
622.17239	0.33207
622.41345	0.33068
622.65451	0.32923
622.89556	0.32769
623.13662	0.32607
623.37768	0.32435
623.61874	0.32253
623.85980	0.32059
624.10086	0.31853
624.34192	0.31634
624.58297	0.31404
624.82403	0.31164
625.06509	0.30916
625.30615	0.30661
625.54721	0.30402
625.78827	0.30142
626.02933	0.29882
626.27039	0.29623
626.51144	0.29367
626.75250	0.29115
626.99356	0.28866
627.23462	0.28619
627.47568	0.28372
627.71674	0.28125
627.95780	0.27874
628.19885	0.27616
628.43991	0.27348
628.68097	0.27068
628.92203	0.26775
629.16309	0.26467
629.40415	0.26146
629.64521	0.25816
629.88626	0.25481
630.12732	0.25149
630.36838	0.24828
630.60944	0.24524
630.85050	0.24246
631.09156	0.24002
631.33262	0.23794
631.57368	0.23628
631.81473	0.23503
632.05579	0.23417
632.29685	0.23368
632.53791	0.23349
632.77897	0.23355
633.02003	0.23378
633.26109	0.23413
633.50214	0.23451
633.74320	0.23487
633.98426	0.23517
634.22532	0.23537
634.46638	0.23544
634.70744	0.23537
634.94850	0.23516
635.18956	0.23483
635.43061	0.23439
635.67167	0.23388
635.91273	0.23332
636.15379	0.23274
636.39485	0.23215
636.63591	0.23159
636.87697	0.23105
637.11802	0.23055
637.35908	0.23008
637.60014	0.22964
637.84120	0.22920
638.08226	0.22876
638.32332	0.22829
638.56438	0.22778
638.80544	0.22722
639.04649	0.22661
639.28755	0.22593
639.52861	0.22519
639.76967	0.22438
640.01073	0.22350
640.25179	0.22254
640.49285	0.22151
640.73390	0.22039
640.97496	0.21918
641.21602	0.21788
641.45708	0.21648
641.69814	0.21499
641.93920	0.21343
642.18026	0.21180
642.42132	0.21013
642.66237	0.20846
642.90343	0.20680
643.14449	0.20519
643.38555	0.20365
643.62661	0.20221
643.86767	0.20088
644.10873	0.19968
644.34978	0.19861
644.59084	0.19769
644.83190	0.19692
645.07296	0.19627
645.31402	0.19576
645.55508	0.19536
645.79614	0.19506
646.03719	0.19482
646.27825	0.19464
646.51931	0.19447
646.76037	0.19429
647.00143	0.19408
647.24249	0.19380
647.48355	0.19344
647.72461	0.19299
647.96566	0.19243
648.20672	0.19177
648.44778	0.19101
648.68884	0.19016
648.92990	0.18923
649.17096	0.18823
649.41202	0.18718
649.65307	0.18609
649.89413	0.18497
650.13519	0.18383
650.37625	0.18266
650.61731	0.18149
650.85837	0.18032
651.09943	0.17914
651.34049	0.17797
651.58154	0.17681
651.82260	0.17566
652.06366	0.17452
652.30472	0.17339
652.54578	0.17227
652.78684	0.17113
653.02790	0.16997
653.26895	0.16878
653.51001	0.16755
653.75107	0.16624
653.99213	0.16485
654.23319	0.16337
654.47425	0.16178
654.71531	0.16008
654.95637	0.15825
655.19742	0.15630
655.43848	0.15422
655.67954	0.15201
655.92060	0.14967
656.16166	0.14721
656.40272	0.14463
656.64378	0.14193
656.88483	0.13912
657.12589	0.13621
657.36695	0.13321
657.60801	0.13017
657.84907	0.12710
658.09013	0.12406
658.33119	0.12108
658.57224	0.11824
658.81330	0.11557
659.05436	0.11315
659.29542	0.11102
659.53648	0.10921
659.77754	0.10774
660.01860	0.10662
660.25966	0.10583
660.50071	0.10533
660.74177	0.10509
660.98283	0.10503
661.22389	0.10510
661.46495	0.10525
661.70601	0.10540
661.94707	0.10551
662.18812	0.10554
662.42918	0.10546
662.67024	0.10525
662.91130	0.10490
663.15236	0.10441
663.39342	0.10379
663.63448	0.10304
663.87554	0.10219
664.11659	0.10125
664.35765	0.10024
664.59871	0.09918
664.83977	0.09807
665.08083	0.09694
665.32189	0.09578
665.56295	0.09460
665.80400	0.09340
666.04506	0.09218
666.28612	0.09094
666.52718	0.08968
666.76824	0.08839
667.00930	0.08708
667.25036	0.08574
667.49142	0.08439
667.73247	0.08304
667.97353	0.08167
668.21459	0.08031
668.45565	0.07894
668.69671	0.07759
668.93777	0.07624
669.17883	0.07490
669.41988	0.07357
669.66094	0.07225
669.90200	0.07094
670.14306	0.06964
670.38412	0.06835
670.62518	0.06708
670.86624	0.06582
671.10729	0.06458
671.34835	0.06335
671.58941	0.06214
671.83047	0.06094
672.07153	0.05975
672.31259	0.05858
672.55365	0.05741
672.79471	0.05626
673.03576	0.05513
673.27682	0.05401
673.51788	0.05291
673.75894	0.05184
674.00000	0.05079
674.24106	0.04976
674.48212	0.04876
674.72317	0.04777
674.96423	0.04681
675.20529	0.04586
675.44635	0.04493
675.68741	0.04400
675.92847	0.04307
676.16953	0.04214
676.41059	0.04121
676.65164	0.04028
676.89270	0.03935
677.13376	0.03843
677.37482	0.03751
677.61588	0.03660
677.85694	0.03570
678.09800	0.03481
678.33905	0.03394
678.58011	0.03309
678.82117	0.03225
679.06223	0.03143
679.30329	0.03063
679.54435	0.02984
679.78541	0.02908
680.02647	0.02834
680.26752	0.02762
680.50858	0.02694
680.74964	0.02628
680.99070	0.02565
681.23176	0.02505
681.47282	0.02447
681.71388	0.02392
681.95493	0.02339
682.19599	0.02288
682.43705	0.02237
682.67811	0.02188
682.91917	0.02140
683.16023	0.02092
683.40129	0.02045
683.64234	0.01998
683.88340	0.01953
684.12446	0.01908
684.36552	0.01864
684.60658	0.01821
684.84764	0.01780
685.08870	0.01739
685.32976	0.01700
685.57081	0.01663
685.81187	0.01627
686.05293	0.01593
686.29399	0.01561
686.53505	0.01531
686.77611	0.01501
687.01717	0.01473
687.25822	0.01446
687.49928	0.01420
687.74034	0.01395
687.98140	0.01371
688.22246	0.01347
688.46352	0.01325
688.70458	0.01305
688.94564	0.01287
689.18669	0.01269
689.42775	0.01254
689.66881	0.01239
689.90987	0.01225
690.15093	0.01211
690.39199	0.01197
690.63305	0.01182
690.87410	0.01167
691.11516	0.01150
691.35622	0.01133
691.59728	0.01116
691.83834	0.01100
692.07940	0.01084
692.32046	0.01069
692.56152	0.01056
692.80257	0.01043
693.04363	0.01032
693.28469	0.01022
693.52575	0.01012
693.76681	0.01002
694.00787	0.00991
694.24893	0.00979
694.48998	0.00965
694.73104	0.00949
694.97210	0.00931
695.21316	0.00911
695.45422	0.00890
695.69528	0.00867
695.93634	0.00844
696.17740	0.00820
696.41845	0.00796
696.65951	0.00772
696.90057	0.00749
697.14163	0.00726
697.38269	0.00704
697.62375	0.00682
697.86481	0.00660
698.10586	0.00638
698.34692	0.00617
698.58798	0.00596
698.82904	0.00576
699.07010	0.00556
699.31116	0.00537
699.55222	0.00518
699.79327	0.00500
700.03433	0.00483
700.27539	0.00466
700.51645	0.00451
700.75751	0.00436
700.99857	0.00423
701.23963	0.00411
701.48069	0.00400
701.72174	0.00392
701.96280	0.00385
702.20386	0.00379
702.44492	0.00375
702.68598	0.00371
702.92704	0.00368
703.16810	0.00364
703.40915	0.00359
703.65021	0.00355
703.89127	0.00350
704.13233	0.00344
704.37339	0.00340
704.61445	0.00336
704.85551	0.00333
705.09657	0.00331
705.33762	0.00330
705.57868	0.00330
705.81974	0.00330
706.06080	0.00330
706.30186	0.00331
706.54292	0.00332
706.78398	0.00333
707.02503	0.00335
707.26609	0.00336
707.50715	0.00339
707.74821	0.00342
707.98927	0.00345
708.23033	0.00348
708.47139	0.00351
708.71245	0.00353
708.95350	0.00354
709.19456	0.00354
709.43562	0.00353
709.67668	0.00351
709.91774	0.00348
710.15880	0.00344
710.39986	0.00340
710.64091	0.00336
710.88197	0.00334
711.12303	0.00332
711.36409	0.00331
711.60515	0.00331
711.84621	0.00332
712.08727	0.00334
712.32832	0.00337
712.56938	0.00341
712.81044	0.00344
713.05150	0.00348
713.29256	0.00351
713.53362	0.00353
713.77468	0.00355
714.01574	0.00355
714.25679	0.00355
714.49785	0.00353
714.73891	0.00352
714.97997	0.00350
715.22103	0.00348
715.46209	0.00347
715.70315	0.00347
715.94420	0.00347
716.18526	0.00347
716.42632	0.00348
716.66738	0.00349
716.90844	0.00349
717.14950	0.00349
717.39056	0.00348
717.63162	0.00345
717.87267	0.00342
718.11373	0.00338
718.35479	0.00334
718.59585	0.00329
718.83691	0.00324
719.07797	0.00320
719.31903	0.00316
719.56008	0.00313
719.80114	0.00311
720.04220	0.00310
720.28326	0.00309
720.52432	0.00310
720.76538	0.00311
721.00644	0.00313
721.24750	0.00315
721.48855	0.00318
721.72961	0.00322
721.97067	0.00325
722.21173	0.00329
722.45279	0.00333
722.69385	0.00337
722.93491	0.00340
723.17596	0.00343
723.41702	0.00345
723.65808	0.00346
723.89914	0.00346
724.14020	0.00345
724.38126	0.00344
724.62232	0.00343
724.86337	0.00341
725.10443	0.00339
725.34549	0.00337
725.58655	0.00335
725.82761	0.00334
726.06867	0.00333
726.30973	0.00332
726.55079	0.00331
726.79184	0.00330
727.03290	0.00328
727.27396	0.00326
727.51502	0.00324
727.75608	0.00321
727.99714	0.00318
728.23820	0.00314
728.47925	0.00311
728.72031	0.00309
728.96137	0.00307
729.20243	0.00306
729.44349	0.00305
729.68455	0.00305
729.92561	0.00305
730.16667	0.00304
730.40772	0.00304
730.64878	0.00302
730.88984	0.00301
731.13090	0.00299
731.37196	0.00297
731.61302	0.00295
731.85408	0.00293
732.09513	0.00292
732.33619	0.00292
732.57725	0.00291
732.81831	0.00292
733.05937	0.00291
733.30043	0.00291
733.54149	0.00290
733.78255	0.00288
734.02360	0.00285
734.26466	0.00281
734.50572	0.00276
734.74678	0.00272
734.98784	0.00267
735.22890	0.00264
735.46996	0.00261
735.71101	0.00261
735.95207	0.00262
736.19313	0.00265
736.43419	0.00270
736.67525	0.00275
736.91631	0.00281
737.15737	0.00288
737.39842	0.00293
737.63948	0.00298
737.88054	0.00301
738.12160	0.00303
738.36266	0.00304
738.60372	0.00304
738.84478	0.00304
739.08584	0.00303
739.32689	0.00302
739.56795	0.00301
739.80901	0.00300
740.05007	0.00300
740.29113	0.00299
740.53219	0.00299
740.77325	0.00299
741.01430	0.00298
741.25536	0.00297
741.49642	0.00296
741.73748	0.00294
741.97854	0.00292
742.21960	0.00290
742.46066	0.00288
742.70172	0.00286
742.94277	0.00285
743.18383	0.00284
743.42489	0.00283
743.66595	0.00282
743.90701	0.00282
744.14807	0.00282
744.38913	0.00282
744.63018	0.00281
744.87124	0.00280
745.11230	0.00278
745.35336	0.00276
745.59442	0.00273
745.83548	0.00270
746.07654	0.00267
746.31760	0.00265
746.55865	0.00264
746.79971	0.00264
747.04077	0.00265
747.28183	0.00267
747.52289	0.00270
747.76395	0.00275
748.00501	0.00280
748.24606	0.00286
748.48712	0.00292
748.72818	0.00298
748.96924	0.00304
749.21030	0.00311
749.45136	0.00318
749.69242	0.00325
749.93348	0.00333
750.17453	0.00341
750.41559	0.00349
750.65665	0.00356
750.89771	0.00363
751.13877	0.00370
751.37983	0.00376
751.62089	0.00381
751.86194	0.00385
752.10300	0.00390
752.34406	0.00394
752.58512	0.00400
752.82618	0.00406
753.06724	0.00412
753.30830	0.00420
753.54935	0.00429
753.79041	0.00438
754.03147	0.00449
754.27253	0.00460
754.51359	0.00471
754.75465	0.00483
754.99571	0.00495
755.23677	0.00508
755.47782	0.00520
755.71888	0.00533
755.95994	0.00545
756.20100	0.00557
756.44206	0.00568
756.68312	0.00578
756.92418	0.00587
757.16523	0.00595
757.40629	0.00603
757.64735	0.00610
757.88841	0.00618
758.12947	0.00625
758.37053	0.00634
758.61159	0.00644
758.85265	0.00655
759.09370	0.00668
759.33476	0.00683
759.57582	0.00700
759.81688	0.00718
760.05794	0.00736
760.29900	0.00754
760.54006	0.00772
760.78111	0.00788
761.02217	0.00803
761.26323	0.00817
761.50429	0.00828
761.74535	0.00838
761.98641	0.00847
762.22747	0.00854
762.46853	0.00861
762.70958	0.00868
762.95064	0.00874
763.19170	0.00881
763.43276	0.00888
763.67382	0.00897
763.91488	0.00905
764.15594	0.00915
764.39699	0.00924
764.63805	0.00934
764.87911	0.00944
765.12017	0.00953
765.36123	0.00962
765.60229	0.00971
765.84335	0.00979
766.08440	0.00986
766.32546	0.00993
766.56652	0.01000
766.80758	0.01006
767.04864	0.01012
767.28970	0.01018
767.53076	0.01024
767.77182	0.01030
768.01287	0.01037
768.25393	0.01044
768.49499	0.01052
768.73605	0.01059
768.97711	0.01068
769.21817	0.01076
769.45923	0.01084
769.70028	0.01091
769.94134	0.01098
770.18240	0.01104
770.42346	0.01110
770.66452	0.01114
770.90558	0.01118
771.14664	0.01122
771.38770	0.01127
771.62875	0.01132
771.86981	0.01139
772.11087	0.01148
772.35193	0.01159
772.59299	0.01171
772.83405	0.01186
773.07511	0.01202
773.31616	0.01220
773.55722	0.01239
773.79828	0.01259
774.03934	0.01279
774.28040	0.01301
774.52146	0.01322
774.76252	0.01345
775.00358	0.01367
775.24463	0.01391
775.48569	0.01414
775.72675	0.01438
775.96781	0.01462
776.20887	0.01486
776.44993	0.01510
776.69099	0.01532
776.93204	0.01554
777.17310	0.01575
777.41416	0.01594
777.65522	0.01612
777.89628	0.01628
778.13734	0.01644
778.37840	0.01657
778.61945	0.01670
778.86051	0.01683
779.10157	0.01696
779.34263	0.01709
779.58369	0.01723
779.82475	0.01738
780.06581	0.01754
780.30687	0.01771
780.54792	0.01788
780.78898	0.01805
781.03004	0.01821
781.27110	0.01837
781.51216	0.01851
781.75322	0.01864
781.99428	0.01876
782.23533	0.01887
782.47639	0.01897
782.71745	0.01906
782.95851	0.01916
783.19957	0.01925
783.44063	0.01934
783.68169	0.01944
783.92275	0.01954
784.16380	0.01963
784.40486	0.01972
784.64592	0.01980
784.88698	0.01985
785.12804	0.01989
785.36910	0.01989
785.61016	0.01986
785.85121	0.01980
786.09227	0.01970
786.33333	0.01957
786.57439	0.01942
786.81545	0.01926
787.05651	0.01908
787.29757	0.01889
787.53863	0.01871
787.77968	0.01853
788.02074	0.01835
788.26180	0.01818
788.50286	0.01801
788.74392	0.01783
788.98498	0.01765
789.22604	0.01747
789.46709	0.01727
789.70815	0.01707
789.94921	0.01686
790.19027	0.01665
790.43133	0.01643
790.67239	0.01622
790.91345	0.01600
791.15451	0.01579
791.39556	0.01558
791.63662	0.01536
791.87768	0.01516
792.11874	0.01495
792.35980	0.01475
792.60086	0.01455
792.84192	0.01437
793.08297	0.01420
793.32403	0.01405
793.56509	0.01392
793.80615	0.01382
794.04721	0.01374
794.28827	0.01369
794.52933	0.01365
794.77038	0.01363
795.01144	0.01361
795.25250	0.01361
795.49356	0.01360
795.73462	0.01358
795.97568	0.01356
796.21674	0.01354
796.45780	0.01351
796.69885	0.01348
796.93991	0.01344
797.18097	0.01340
797.42203	0.01337
797.66309	0.01333
797.90415	0.01330
798.14521	0.01327
798.38626	0.01323
798.62732	0.01320
798.86838	0.01316
799.10944	0.01313
799.35050	0.01309
799.59156	0.01305
799.83262	0.01302
800.07368	0.01299
800.31473	0.01295
800.55579	0.01293
800.79685	0.01290
801.03791	0.01287
801.27897	0.01285
801.52003	0.01282
801.76109	0.01280
802.00214	0.01277
802.24320	0.01273
802.48426	0.01269
802.72532	0.01264
802.96638	0.01259
803.20744	0.01252
803.44850	0.01244
803.68956	0.01235
803.93061	0.01224
804.17167	0.01211
804.41273	0.01197
804.65379	0.01181
804.89485	0.01164
805.13591	0.01145
805.37697	0.01125
805.61802	0.01104
805.85908	0.01083
806.10014	0.01061
806.34120	0.01040
806.58226	0.01019
806.82332	0.01000
807.06438	0.00983
807.30543	0.00967
807.54649	0.00954
807.78755	0.00943
808.02861	0.00936
808.26967	0.00931
808.51073	0.00930
808.75179	0.00931
808.99285	0.00936
809.23390	0.00943
809.47496	0.00954
809.71602	0.00967
809.95708	0.00982
810.19814	0.01001
810.43920	0.01021
810.68026	0.01042
810.92131	0.01065
811.16237	0.01089
811.40343	0.01113
811.64449	0.01136
811.88555	0.01160
812.12661	0.01183
812.36767	0.01205
812.60873	0.01226
812.84978	0.01246
813.09084	0.01265
813.33190	0.01284
813.57296	0.01300
813.81402	0.01316
814.05508	0.01330
814.29614	0.01343
814.53719	0.01355
814.77825	0.01365
815.01931	0.01374
815.26037	0.01382
815.50143	0.01389
815.74249	0.01396
815.98355	0.01402
816.22461	0.01408
816.46566	0.01414
816.70672	0.01420
816.94778	0.01427
817.18884	0.01433
817.42990	0.01440
817.67096	0.01446
817.91202	0.01452
818.15307	0.01456
818.39413	0.01460
818.63519	0.01461
818.87625	0.01462
819.11731	0.01461
819.35837	0.01459
819.59943	0.01457
819.84048	0.01455
820.08154	0.01452
820.32260	0.01450
820.56366	0.01449
820.80472	0.01448
821.04578	0.01447
821.28684	0.01447
821.52790	0.01446
821.76895	0.01446
822.01001	0.01445
822.25107	0.01444
822.49213	0.01443
822.73319	0.01442
822.97425	0.01441
823.21531	0.01439
823.45636	0.01438
823.69742	0.01436
823.93848	0.01434
824.17954	0.01431
824.42060	0.01427
824.66166	0.01422
824.90272	0.01416
825.14378	0.01410
825.38483	0.01402
825.62589	0.01394
825.86695	0.01387
826.10801	0.01379
826.34907	0.01372
826.59013	0.01365
826.83119	0.01359
827.07224	0.01353
827.31330	0.01347
827.55436	0.01340
827.79542	0.01334
828.03648	0.01327
828.27754	0.01319
828.51860	0.01311
828.75966	0.01302
829.00071	0.01293
829.24177	0.01284
829.48283	0.01274
829.72389	0.01264
829.96495	0.01254
830.20601	0.01244
830.44707	0.01234
830.68812	0.01223
830.92918	0.01212
831.17024	0.01202
831.41130	0.01191
831.65236	0.01180
831.89342	0.01169
832.13448	0.01157
832.37553	0.01144
832.61659	0.01130
832.85765	0.01114
833.09871	0.01096
833.33977	0.01076
833.58083	0.01054
833.82189	0.01029
834.06295	0.01001
834.30400	0.00972
834.54506	0.00940
834.78612	0.00907
835.02718	0.00871
835.26824	0.00835
835.50930	0.00796
835.75036	0.00757
835.99141	0.00718
836.23247	0.00678
836.47353	0.00638
836.71459	0.00599
836.95565	0.00561
837.19671	0.00524
837.43777	0.00488
837.67883	0.00454
837.91988	0.00422
838.16094	0.00392
838.40200	0.00363
838.64306	0.00337
838.88412	0.00314
839.12518	0.00293
839.36624	0.00274
839.60729	0.00258
839.84835	0.00245
840.08941	0.00235
840.33047	0.00227
840.57153	0.00222
840.81259	0.00218
841.05365	0.00216
841.29471	0.00217
841.53576	0.00219
841.77682	0.00223
842.01788	0.00228
842.25894	0.00236
842.50000	0.00245
842.74106	0.00256
842.98212	0.00267
843.22317	0.00280
843.46423	0.00292
843.70529	0.00305
843.94635	0.00318
844.18741	0.00330
844.42847	0.00341
844.66953	0.00352
844.91059	0.00362
845.15164	0.00371
845.39270	0.00379
845.63376	0.00386
845.87482	0.00392
846.11588	0.00397
846.35694	0.00402
846.59800	0.00406
846.83905	0.00411
847.08011	0.00416
847.32117	0.00421
847.56223	0.00426
847.80329	0.00433
848.04435	0.00439
848.28541	0.00446
848.52646	0.00454
848.76752	0.00461
849.00858	0.00467
849.24964	0.00474
849.49070	0.00480
849.73176	0.00485
849.97282	0.00491
850.21388	0.00496
850.45493	0.00502
850.69599	0.00508
850.93705	0.00515
851.17811	0.00521
851.41917	0.00529
851.66023	0.00536
851.90129	0.00544
852.14234	0.00551
852.38340	0.00558
852.62446	0.00565
852.86552	0.00570
853.10658	0.00576
853.34764	0.00580
853.58870	0.00585
853.82976	0.00591
854.07081	0.00597
854.31187	0.00604
854.55293	0.00611
854.79399	0.00620
855.03505	0.00630
855.27611	0.00640
855.51717	0.00650
855.75822	0.00660
855.99928	0.00669
856.24034	0.00678
856.48140	0.00686
856.72246	0.00693
856.96352	0.00700
857.20458	0.00707
857.44564	0.00713
857.68669	0.00719
857.92775	0.00725
858.16881	0.00730
858.40987	0.00734
858.65093	0.00738
858.89199	0.00741
859.13305	0.00743
859.37410	0.00744
859.61516	0.00744
859.85622	0.00742
860.09728	0.00740
860.33834	0.00737
860.57940	0.00733
860.82046	0.00729
861.06151	0.00724
861.30257	0.00719
861.54363	0.00712
861.78469	0.00706
862.02575	0.00698
862.26681	0.00690
862.50787	0.00682
862.74893	0.00673
862.98998	0.00665
863.23104	0.00656
863.47210	0.00648
863.71316	0.00641
863.95422	0.00634
864.19528	0.00627
864.43634	0.00621
864.67739	0.00615
864.91845	0.00608
865.15951	0.00602
865.40057	0.00595
865.64163	0.00588
865.88269	0.00581
866.12375	0.00574
866.36481	0.00567
866.60586	0.00559
866.84692	0.00552
867.08798	0.00543
867.32904	0.00534
867.57010	0.00525
867.81116	0.00514
868.05222	0.00502
868.29327	0.00488
868.53433	0.00474
868.77539	0.00460
869.01645	0.00445
869.25751	0.00431
869.49857	0.00417
869.73963	0.00404
869.98069	0.00392
870.22174	0.00381
870.46280	0.00372
870.70386	0.00365
870.94492	0.00361
871.18598	0.00360
871.42704	0.00361
871.66810	0.00365
871.90915	0.00372
872.15021	0.00381
872.39127	0.00392
872.63233	0.00405
872.87339	0.00419
873.11445	0.00433
873.35551	0.00447
873.59656	0.00460
873.83762	0.00473
874.07868	0.00485
874.31974	0.00496
874.56080	0.00506
874.80186	0.00515
875.04292	0.00524
875.28398	0.00531
875.52503	0.00538
875.76609	0.00543
876.00715	0.00547
876.24821	0.00549
876.48927	0.00549
876.73033	0.00548
876.97139	0.00546
877.21244	0.00543
877.45350	0.00538
877.69456	0.00533
877.93562	0.00527
878.17668	0.00520
878.41774	0.00514
878.65880	0.00507
878.89986	0.00499
879.14091	0.00492
879.38197	0.00484
879.62303	0.00476
879.86409	0.00468
880.10515	0.00460
880.34621	0.00451
880.58727	0.00443
880.82832	0.00434
881.06938	0.00426
881.31044	0.00418
881.55150	0.00409
881.79256	0.00401
882.03362	0.00392
882.27468	0.00384
882.51574	0.00376
882.75679	0.00367
882.99785	0.00359
883.23891	0.00351
883.47997	0.00343
883.72103	0.00336
883.96209	0.00330
884.20315	0.00324
884.44420	0.00319
884.68526	0.00313
884.92632	0.00308
885.16738	0.00303
885.40844	0.00298
885.64950	0.00292
885.89056	0.00285
886.13161	0.00278
886.37267	0.00271
886.61373	0.00263
886.85479	0.00255
887.09585	0.00248
887.33691	0.00240
887.57797	0.00234
887.81903	0.00227
888.06008	0.00221
888.30114	0.00215
888.54220	0.00210
888.78326	0.00204
889.02432	0.00198
889.26538	0.00193
889.50644	0.00187
889.74749	0.00182
889.98855	0.00177
890.22961	0.00172
890.47067	0.00168
890.71173	0.00164
890.95279	0.00160
891.19385	0.00156
891.43491	0.00153
891.67596	0.00149
891.91702	0.00146
892.15808	0.00143
892.39914	0.00141
892.64020	0.00139
892.88126	0.00137
893.12232	0.00135
893.36337	0.00133
893.60443	0.00132
893.84549	0.00130
894.08655	0.00128
894.32761	0.00126
894.56867	0.00124
894.80973	0.00122
895.05079	0.00120
895.29184	0.00119
895.53290	0.00117
895.77396	0.00115
896.01502	0.00113
896.25608	0.00111
896.49714	0.00108
896.73820	0.00104
896.97925	0.00101
897.22031	0.00098
897.46137	0.00094
897.70243	0.00090
897.94349	0.00087
898.18455	0.00084
898.42561	0.00082
898.66667	0.00081
898.90772	0.00080
899.14878	0.00079
899.38984	0.00078
899.63090	0.00077
