0.00000	0.02227
0.24106	0.02268
0.48212	0.02381
0.72318	0.02540
0.96423	0.02709
1.20529	0.02850
1.44635	0.02933
1.68741	0.02943
1.92847	0.02879
2.16953	0.02745
2.41059	0.02582
2.65165	0.02415
2.89270	0.02264
3.13376	0.02144
3.37482	0.02057
3.61588	0.02003
3.85694	0.01974
4.09800	0.01962
4.33906	0.01961
4.58011	0.01967
4.82117	0.01977
5.06223	0.01991
5.30329	0.02007
5.54435	0.02023
5.78541	0.02035
6.02647	0.02038
6.26753	0.02031
6.50858	0.02011
6.74964	0.01980
6.99070	0.01943
7.23176	0.01903
7.47282	0.01868
7.71388	0.01840
7.95494	0.01821
8.19599	0.01810
8.43705	0.01807
8.67811	0.01808
8.91917	0.01811
9.16023	0.01815
9.40129	0.01819
9.64235	0.01824
9.88340	0.01828
10.12446	0.01838
10.36552	0.01856
10.60658	0.01886
10.84764	0.01930
11.08870	0.01988
11.32976	0.02059
11.57082	0.02138
11.81187	0.02218
12.05293	0.02288
12.29399	0.02338
12.53505	0.02357
12.77611	0.02338
13.01717	0.02277
13.25823	0.02174
13.49928	0.02036
13.74034	0.01857
13.98140	0.01669
14.22246	0.01491
14.46352	0.01342
14.70458	0.01233
14.94564	0.01173
15.18670	0.01160
15.42775	0.01189
15.66881	0.01250
15.90987	0.01330
16.15093	0.01414
16.39199	0.01490
16.63305	0.01548
16.87411	0.01583
17.11516	0.01593
17.35622	0.01578
17.59728	0.01540
17.83834	0.01488
18.07940	0.01428
18.32046	0.01363
18.56152	0.01297
18.80258	0.01229
19.04363	0.01160
19.28469	0.01087
19.52575	0.00956
19.76681	0.00806
20.00787	0.00653
20.24893	0.00512
20.48999	0.00399
20.73104	0.00322
20.97210	0.00288
21.21316	0.00296
21.45422	0.00364
21.69528	0.00464
21.93634	0.00595
22.17740	0.00752
22.41845	0.00929
22.65951	0.01119
22.90057	0.01313
23.14163	0.01501
23.38269	0.01687
23.62375	0.01868
23.86481	0.02046
24.10587	0.02221
24.34692	0.02398
24.58798	0.02577
24.82904	0.02760
25.07010	0.02944
25.31116	0.03129
25.55222	0.03308
25.79328	0.03478
26.03433	0.03636
26.27539	0.03781
26.51645	0.03914
26.75751	0.04040
26.99857	0.04167
27.23963	0.04303
27.48069	0.04462
27.72175	0.04653
27.96280	0.04886
28.20386	0.05165
28.44492	0.05492
28.68598	0.05865
28.92704	0.06277
29.16810	0.06723
29.40916	0.07195
29.65021	0.07688
29.89127	0.08197
30.13233	0.08716
30.37339	0.09239
30.61445	0.09761
30.85551	0.10271
31.09657	0.10757
31.33763	0.11209
31.57868	0.11613
31.81974	0.11961
32.06080	0.12248
32.30186	0.12477
32.54292	0.12654
32.78398	0.12794
33.02504	0.12916
33.26609	0.13040
33.50715	0.13190
33.74821	0.13387
33.98927	0.13649
34.23033	0.13990
34.47139	0.14418
34.71245	0.14933
34.95350	0.15530
35.19456	0.16200
35.43562	0.16930
35.67668	0.17711
35.91774	0.18539
36.15880	0.19421
36.39986	0.20371
36.64092	0.21416
36.88197	0.22585
37.12303	0.23908
37.36409	0.25402
37.60515	0.27062
37.84621	0.28863
38.08727	0.30749
38.32833	0.32643
38.56938	0.34455
38.81044	0.36092
39.05150	0.37472
39.29256	0.38542
39.53362	0.39280
39.77468	0.39705
40.01574	0.39869
40.25680	0.39852
40.49785	0.39746
40.73891	0.39643
40.97997	0.39624
41.22103	0.39747
41.46209	0.40041
41.70315	0.40511
41.94421	0.41141
42.18526	0.41902
42.42632	0.42766
42.66738	0.43706
42.90844	0.44711
43.14950	0.45779
43.39056	0.46916
43.63162	0.48133
43.87268	0.49430
44.11373	0.50798
44.35479	0.52205
44.59585	0.53600
44.83691	0.54917
45.07797	0.56083
45.31903	0.57026
45.56009	0.57692
45.80114	0.58055
46.04220	0.58122
46.28326	0.57935
46.52432	0.57572
46.76538	0.57131
47.00644	0.56725
47.24750	0.56461
47.48855	0.56431
47.72961	0.56698
47.97067	0.57296
48.21173	0.58227
48.45279	0.59471
48.69385	0.60993
48.93491	0.62757
49.17597	0.64743
49.41702	0.66946
49.65808	0.69389
49.89914	0.72110
50.14020	0.75157
50.38126	0.78570
50.62232	0.82366
50.86338	0.86523
51.10443	0.90973
51.34549	0.95600
51.58655	1.00253
51.82761	1.04757
52.06867	1.08946
52.30973	1.12676
52.55079	1.15854
52.79185	1.18446
53.03290	1.20479
53.27396	1.22033
53.51502	1.23221
53.75608	1.24165
53.99714	1.24976
54.23820	1.25735
54.47926	1.26485
54.72031	1.27234
54.96137	1.27966
55.20243	1.28663
55.44349	1.29325
55.68455	1.29989
55.92561	1.30736
56.16667	1.31689
56.40773	1.32998
56.64878	1.34815
56.88984	1.37263
57.13090	1.40404
57.37196	1.44221
57.61302	1.48608
57.85408	1.53376
58.09514	1.58278
58.33619	1.63045
58.57725	1.67425
58.81831	1.71220
59.05937	1.74317
59.30043	1.76694
59.54149	1.78418
59.78255	1.79619
60.02361	1.80453
60.26466	1.81070
60.50572	1.81572
60.74678	1.82000
60.98784	1.82326
61.22890	1.82467
61.46996	1.82319
61.71102	1.81788
61.95207	1.80828
62.19313	1.79467
62.43419	1.77820
62.67525	1.76076
62.91631	1.74476
63.15737	1.73274
63.39843	1.72695
63.63948	1.72895
63.88054	1.73933
64.12160	1.75766
64.36266	1.78252
64.60372	1.81180
64.84478	1.84301
65.08584	1.87374
65.32690	1.90197
65.56795	1.92634
65.80901	1.94621
66.05007	1.96163
66.29113	1.97307
66.53219	1.98120
66.77325	1.98653
67.01431	1.98920
67.25536	1.98886
67.49642	1.98470
67.73748	1.97558
67.97854	1.96031
68.21960	1.93796
68.46066	1.90814
68.70172	1.87121
68.94278	1.82831
69.18383	1.78134
69.42489	1.73268
69.66595	1.68492
69.90701	1.64052
70.14807	1.60146
70.38913	1.56901
70.63019	1.54366
70.87124	1.52515
71.11230	1.51265
71.35336	1.50504
71.59442	1.50122
71.83548	1.50037
72.07654	1.50210
72.31760	1.50653
72.55866	1.51418
72.79971	1.52572
73.04077	1.54171
73.28183	1.56230
73.52289	1.58697
73.76395	1.61448
74.00501	1.64288
74.24607	1.66971
74.48712	1.69233
74.72818	1.70831
74.96924	1.71580
75.21030	1.71382
75.45136	1.70246
75.69242	1.68282
75.93348	1.65693
76.17453	1.62739
76.41559	1.59709
76.65665	1.56879
76.89771	1.54486
77.13877	1.52702
77.37983	1.51629
77.62089	1.51302
77.86195	1.51704
78.10300	1.52783
78.34406	1.54477
78.58512	1.56732
78.82618	1.59515
79.06724	1.62812
79.30830	1.66621
79.54936	1.70939
79.79041	1.75733
80.03147	1.80926
80.27253	1.86380
80.51359	1.91897
80.75465	1.97226
80.99571	2.02092
81.23677	2.06225
81.47783	2.09407
81.71888	2.11500
81.95994	2.12471
82.20100	2.12400
82.44206	2.11472
82.68312	2.09944
82.92418	2.08109
83.16524	2.06248
83.40629	2.04599
83.64735	2.03320
83.88841	2.02484
84.12947	2.02082
84.37053	2.02055
84.61159	2.02317
84.85265	2.02802
85.09371	2.03484
85.33476	2.04398
85.57582	2.05637
85.81688	2.07335
86.05794	2.09631
86.29900	2.12633
86.54006	2.16377
86.78112	2.20802
87.02217	2.25735
87.26323	2.30907
87.50429	2.35982
87.74535	2.40598
87.98641	2.44426
88.22747	2.47219
88.46853	2.48844
88.70958	2.49304
88.95064	2.48731
89.19170	2.47353
89.43276	2.45450
89.67382	2.43304
89.91488	2.41149
90.15594	2.39139
90.39700	2.37336
90.63805	2.35714
90.87911	2.34194
91.12017	2.32685
91.36123	2.31122
91.60229	2.29502
91.84335	2.27904
92.08441	2.26487
92.32546	2.25464
92.56652	2.25063
92.80758	2.25484
93.04864	2.26854
93.28970	2.29192
93.53076	2.32396
93.77182	2.36254
94.01288	2.40467
94.25393	2.44696
94.49499	2.48612
94.73605	2.51941
94.97711	2.54507
95.21817	2.56241
95.45923	2.57184
95.70029	2.57465
95.94134	2.57261
96.18240	2.56753
96.42346	2.56089
96.66452	2.55352
96.90558	2.54548
97.14664	2.53617
97.38770	2.52452
97.62876	2.50943
97.86981	2.49011
98.11087	2.46646
98.35193	2.43926
98.59299	2.41019
98.83405	2.38166
99.07511	2.35644
99.31617	2.33726
99.55722	2.32635
99.79828	2.32509
100.03934	2.33380
100.28040	2.35169
100.52146	2.37709
100.76252	2.40773
101.00358	2.44115
101.24464	2.47513
101.48569	2.50795
101.72675	2.53864
101.96781	2.56693
102.20887	2.59314
102.44993	2.61784
102.69099	2.64160
102.93205	2.66463
103.17310	2.68657
103.41416	2.70647
103.65522	2.72285
103.89628	2.73398
104.13734	2.73823
104.37840	2.73445
104.61946	2.72228
104.86051	2.70234
105.10157	2.67627
105.34263	2.64654
105.58369	2.61613
105.82475	2.58807
106.06581	2.56507
106.30687	2.54906
106.54793	2.54102
106.78898	2.54092
107.03004	2.54789
107.27110	2.56047
107.51216	2.57709
107.75322	2.59643
107.99428	2.61771
108.23534	2.64088
108.47639	2.66655
108.71745	2.69578
108.95851	2.72971
109.19957	2.76912
109.44063	2.81408
109.68169	2.86370
109.92275	2.91607
110.16381	2.96840
110.40486	3.01745
110.64592	3.05995
110.88698	3.09315
111.12804	3.11526
111.36910	3.12574
111.61016	3.12536
111.85122	3.11609
112.09227	3.10069
112.33333	3.08226
112.57439	3.06372
112.81545	3.04736
113.05651	3.03455
113.29757	3.02571
113.53863	3.02040
113.77969	3.01765
114.02074	3.01640
114.26180	3.01593
114.50286	3.01617
114.74392	3.01789
114.98498	3.02264
115.22604	3.03247
115.46710	3.04951
115.70815	3.07547
115.94921	3.11116
116.19027	3.15617
116.43133	3.20875
116.67239	3.26592
116.91345	3.32392
117.15451	3.37869
117.39556	3.42654
117.63662	3.46464
117.87768	3.49146
118.11874	3.50689
118.35980	3.51211
118.60086	3.50926
118.84192	3.50092
119.08298	3.48961
119.32403	3.47725
119.56509	3.46497
119.80615	3.45297
120.04721	3.44070
120.28827	3.42725
120.52933	3.41173
120.77039	3.39375
121.01144	3.37371
121.25250	3.35299
121.49356	3.33379
121.73462	3.31891
121.97568	3.31129
122.21674	3.31347
122.45780	3.32716
122.69886	3.35290
122.93991	3.38990
123.18097	3.43613
123.42203	3.48866
123.66309	3.54410
123.90415	3.59909
124.14521	3.65086
124.38627	3.69752
124.62732	3.73822
124.86838	3.77313
125.10944	3.80309
125.35050	3.82930
125.59156	3.85277
125.83262	3.87402
126.07368	3.89277
126.31474	3.90795
126.55579	3.91789
126.79685	3.92067
127.03791	3.91461
127.27897	3.89877
127.52003	3.87329
127.76109	3.83964
128.00215	3.80050
128.24320	3.75956
128.48426	3.72094
128.72532	3.68868
128.96638	3.66609
129.20744	3.65529
129.44850	3.65689
129.68956	3.66997
129.93061	3.69228
130.17167	3.72070
130.41273	3.75178
130.65379	3.78232
130.89485	3.80987
131.13591	3.83303
131.37697	3.85151
131.61803	3.86595
131.85908	3.87754
132.10014	3.88750
132.34120	3.89666
132.58226	3.90507
132.82332	3.91181
133.06438	3.91514
133.30544	3.91278
133.54649	3.90240
133.78755	3.88215
134.02861	3.85113
134.26967	3.80972
134.51073	3.75962
134.75179	3.70369
134.99285	3.64555
135.23391	3.58904
135.47496	3.53758
135.71602	3.49376
135.95708	3.45899
136.19814	3.43343
136.43920	3.41611
136.68026	3.40529
136.92132	3.39895
137.16237	3.39519
137.40343	3.39269
137.64449	3.39089
137.88555	3.39001
138.12661	3.39088
138.36767	3.39458
138.60873	3.40204
138.84979	3.41365
139.09084	3.42899
139.33190	3.44669
139.57296	3.46456
139.81402	3.47987
140.05508	3.48980
140.29614	3.49188
140.53720	3.48443
140.77825	3.46686
141.01931	3.43978
141.26037	3.40487
141.50143	3.36462
141.74249	3.32187
141.98355	3.27940
142.22461	3.23949
142.46566	3.20366
142.70672	3.17257
142.94778	3.14607
143.18884	3.12344
143.42990	3.10374
143.67096	3.08611
143.91202	3.07007
144.15308	3.05569
144.39413	3.04359
144.63519	3.03481
144.87625	3.03054
145.11731	3.03179
145.35837	3.03907
145.59943	3.05218
145.84049	3.07005
146.08154	3.09086
146.32260	3.11218
146.56366	3.13139
146.80472	3.14599
147.04578	3.15405
147.28684	3.15444
147.52790	3.14700
147.76896	3.13252
148.01001	3.11247
148.25107	3.08878
148.49213	3.06334
148.73319	3.03774
148.97425	3.01296
149.21531	2.98925
149.45637	2.96625
149.69742	2.94313
149.93848	2.91898
150.17954	2.89307
150.42060	2.86522
150.66166	2.83589
150.90272	2.80627
151.14378	2.77804
151.38484	2.75315
151.62589	2.73341
151.86695	2.72012
152.10801	2.71383
152.34907	2.71416
152.59013	2.71985
152.83119	2.72897
153.07225	2.73921
153.31330	2.74831
153.55436	2.75437
153.79542	2.75617
154.03648	2.75329
154.27754	2.74605
154.51860	2.73538
154.75966	2.72246
155.00072	2.70848
155.24177	2.69430
155.48283	2.68027
155.72389	2.66620
155.96495	2.65143
156.20601	2.63502
156.44707	2.61607
156.68813	2.59398
156.92918	2.56865
157.17024	2.54064
157.41130	2.51111
157.65236	2.48172
157.89342	2.45434
158.13448	2.43080
158.37554	2.41254
158.61659	2.40043
158.85765	2.39462
159.09871	2.39455
159.33977	2.39906
159.58083	2.40660
159.82189	2.41555
160.06295	2.42445
160.30401	2.43226
160.54506	2.43845
160.78612	2.44306
161.02718	2.44656
161.26824	2.44969
161.50930	2.45317
161.75036	2.45752
161.99142	2.46283
162.23247	2.46869
162.47353	2.47427
162.71459	2.47841
162.95565	2.47992
163.19671	2.47783
163.43777	2.47160
163.67883	2.46133
163.91989	2.44776
164.16094	2.43219
164.40200	2.41630
164.64306	2.40182
164.88412	2.39026
165.12518	2.38268
165.36624	2.37948
165.60730	2.38041
165.84835	2.38464
166.08941	2.39098
166.33047	2.39814
166.57153	2.40501
166.81259	2.41088
167.05365	2.41557
167.29471	2.41941
167.53577	2.42318
167.77682	2.42779
168.01788	2.43412
168.25894	2.44271
168.50000	2.45358
168.74106	2.46617
168.98212	2.47939
169.22318	2.49178
169.46423	2.50177
169.70529	2.50801
169.94635	2.50959
170.18741	2.50627
170.42847	2.49848
170.66953	2.48733
170.91059	2.47434
171.15164	2.46122
171.39270	2.44956
171.63376	2.44056
171.87482	2.43488
172.11588	2.43257
172.35694	2.43314
172.59800	2.43575
172.83906	2.43940
173.08011	2.44323
173.32117	2.44668
173.56223	2.44962
173.80329	2.45237
174.04435	2.45561
174.28541	2.46019
174.52647	2.46691
174.76752	2.47632
175.00858	2.48849
175.24964	2.50298
175.49070	2.51885
175.73176	2.53479
175.97282	2.54932
176.21388	2.56109
176.45494	2.56908
176.69599	2.57284
176.93705	2.57251
177.17811	2.56882
177.41917	2.56295
177.66023	2.55626
177.90129	2.55004
178.14235	2.54529
178.38340	2.54252
178.62446	2.54172
178.86552	2.54240
179.10658	2.54380
179.34764	2.54512
179.58870	2.54574
179.82976	2.54545
180.07082	2.54453
180.31187	2.54380
180.55293	2.54442
180.79399	2.54769
181.03505	2.55480
181.27611	2.56656
181.51717	2.58318
181.75823	2.60419
181.99928	2.62847
182.24034	2.65441
182.48140	2.68017
182.72246	2.70396
182.96352	2.72433
183.20458	2.74042
183.44564	2.75207
183.68669	2.75978
183.92775	2.76461
184.16881	2.76790
184.40987	2.77106
184.65093	2.77520
184.89199	2.78099
185.13305	2.78853
185.37411	2.79738
185.61516	2.80672
185.85622	2.81557
186.09728	2.82308
186.33834	2.82875
186.57940	2.83261
186.82046	2.83525
187.06152	2.83774
187.30257	2.84144
187.54363	2.84771
187.78469	2.85767
188.02575	2.87188
188.26681	2.89030
188.50787	2.91217
188.74893	2.93622
188.98999	2.96083
189.23104	2.98436
189.47210	3.00543
189.71316	3.02315
189.95422	3.03727
190.19528	3.04818
190.43634	3.05678
190.67740	3.06423
190.91845	3.07171
191.15951	3.08006
191.40057	3.08964
191.64163	3.10022
191.88269	3.11100
192.12375	3.12081
192.36481	3.12837
192.60587	3.13261
192.84692	3.13292
193.08798	3.12936
193.32904	3.12268
193.57010	3.11420
193.81116	3.10561
194.05222	3.09865
194.29328	3.09479
194.53433	3.09494
194.77539	3.09932
195.01645	3.10743
195.25751	3.11818
195.49857	3.13014
195.73963	3.14183
195.98069	3.15204
196.22174	3.16004
196.46280	3.16571
196.70386	3.16953
196.94492	3.17240
197.18598	3.17545
197.42704	3.17974
197.66810	3.18597
197.90916	3.19434
198.15021	3.20442
198.39127	3.21525
198.63233	3.22549
198.87339	3.23368
199.11445	3.23852
199.35551	3.23917
199.59657	3.23537
199.83762	3.22755
200.07868	3.21672
200.31974	3.20434
200.56080	3.19201
200.80186	3.18119
201.04292	3.17294
201.28398	3.16778
201.52504	3.16557
201.76609	3.16565
202.00715	3.16696
202.24821	3.16833
202.48927	3.16871
202.73033	3.16739
202.97139	3.16418
203.21245	3.15938
203.45350	3.15374
203.69456	3.14822
203.93562	3.14383
204.17668	3.14132
204.41774	3.14105
204.65880	3.14283
204.89986	3.14599
205.14092	3.14945
205.38197	3.15192
205.62303	3.15218
205.86409	3.14929
206.10515	3.14276
206.34621	3.13267
206.58727	3.11964
206.82833	3.10470
207.06938	3.08905
207.31044	3.07388
207.55150	3.06010
207.79256	3.04818
208.03362	3.03809
208.27468	3.02931
208.51574	3.02102
208.75680	3.01227
208.99785	3.00220
209.23891	2.99028
209.47997	2.97640
209.72103	2.96090
209.96209	2.94451
210.20315	2.92815
210.44421	2.91276
210.68526	2.89906
210.92632	2.88736
211.16738	2.87755
211.40844	2.86903
211.64950	2.86088
211.89056	2.85202
212.13162	2.84146
212.37267	2.82846
212.61373	2.81272
212.85479	2.79440
213.09585	2.77413
213.33691	2.75284
213.57797	2.73161
213.81903	2.71144
214.06009	2.69306
214.30114	2.67682
214.54220	2.66261
214.78326	2.64996
215.02432	2.63812
215.26538	2.62624
215.50644	2.61359
215.74750	2.59969
215.98855	2.58443
216.22961	2.56811
216.47067	2.55132
216.71173	2.53488
216.95279	2.51962
217.19385	2.50622
217.43491	2.49506
217.67597	2.48615
217.91702	2.47912
218.15808	2.47327
218.39914	2.46774
218.64020	2.46164
218.88126	2.45424
219.12232	2.44513
219.36338	2.43421
219.60443	2.42177
219.84549	2.40835
220.08655	2.39466
220.32761	2.38138
220.56867	2.36902
220.80973	2.35783
221.05079	2.34772
221.29185	2.33831
221.53290	2.32902
221.77396	2.31923
222.01502	2.30839
222.25608	2.29623
222.49714	2.28280
222.73820	2.26853
222.97926	2.25412
223.22031	2.24048
223.46137	2.22850
223.70243	2.21891
223.94349	2.21215
224.18455	2.20822
224.42561	2.20673
224.66667	2.20695
224.90772	2.20792
225.14878	2.20865
225.38984	2.20830
225.63090	2.20626
225.87196	2.20234
226.11302	2.19666
226.35408	2.18968
226.59514	2.18203
226.83619	2.17438
227.07725	2.16727
227.31831	2.16100
227.55937	2.15559
227.80043	2.15077
228.04149	2.14607
228.28255	2.14091
228.52360	2.13478
228.76466	2.12736
229.00572	2.11859
229.24678	2.10873
229.48784	2.09833
229.72890	2.08812
229.96996	2.07886
230.21102	2.07124
230.45207	2.06572
230.69313	2.06246
230.93419	2.06127
231.17525	2.06170
231.41631	2.06307
231.65737	2.06465
231.89843	2.06576
232.13948	2.06592
232.38054	2.06486
232.62160	2.06262
232.86266	2.05946
233.10372	2.05575
233.34478	2.05194
233.58584	2.04836
233.82690	2.04517
234.06795	2.04231
234.30901	2.03950
234.55007	2.03630
234.79113	2.03220
235.03219	2.02676
235.27325	2.01971
235.51431	2.01103
235.75536	2.00101
235.99642	1.99021
236.23748	1.97938
236.47854	1.96934
236.71960	1.96087
236.96066	1.95454
237.20172	1.95066
237.44277	1.94920
237.68383	1.94986
237.92489	1.95209
238.16595	1.95525
238.40701	1.95872
238.64807	1.96200
238.88913	1.96483
239.13019	1.96716
239.37124	1.96918
239.61230	1.97118
239.85336	1.97350
240.09442	1.97640
240.33548	1.97996
240.57654	1.98403
240.81760	1.98827
241.05865	1.99214
241.29971	1.99509
241.54077	1.99657
241.78183	1.99622
242.02289	1.99395
242.26395	1.98994
242.50501	1.98465
242.74607	1.97875
242.98712	1.97303
243.22818	1.96822
243.46924	1.96493
243.71030	1.96352
243.95136	1.96405
244.19242	1.96635
244.43348	1.97003
244.67453	1.97460
244.91559	1.97960
245.15665	1.98470
245.39771	1.98977
245.63877	1.99493
245.87983	2.00046
246.12089	2.00675
246.36195	2.01421
246.60300	2.02310
246.84406	2.03347
247.08512	2.04506
247.32618	2.05739
247.56724	2.06972
247.80830	2.08124
248.04936	2.09117
248.29041	2.09892
248.53147	2.10417
248.77253	2.10694
249.01359	2.10757
249.25465	2.10667
249.49571	2.10499
249.73677	2.10329
249.97783	2.10220
250.21888	2.10214
250.45994	2.10327
250.70100	2.10547
250.94206	2.10847
251.18312	2.11187
251.42418	2.11533
251.66524	2.11862
251.90629	2.12172
252.14735	2.12483
252.38841	2.12833
252.62947	2.13272
252.87053	2.13849
253.11159	2.14603
253.35265	2.15550
253.59370	2.16677
253.83476	2.17944
254.07582	2.19283
254.31688	2.20613
254.55794	2.21847
254.79900	2.22909
255.04006	2.23743
255.28112	2.24324
255.52217	2.24656
255.76323	2.24774
256.00429	2.24732
256.24535	2.24590
256.48641	2.24407
256.72747	2.24223
256.96853	2.24060
257.20958	2.23914
257.45064	2.23764
257.69170	2.23578
257.93276	2.23328
258.17382	2.22997
258.41488	2.22589
258.65594	2.22133
258.89700	2.21676
259.13805	2.21283
259.37911	2.21018
259.62017	2.20938
259.86123	2.21078
260.10229	2.21445
260.34335	2.22019
260.58441	2.22752
260.82546	2.23579
261.06652	2.24429
261.30758	2.25234
261.54864	2.25944
261.78970	2.26524
262.03076	2.26967
262.27182	2.27283
262.51288	2.27494
262.75393	2.27627
262.99499	2.27705
263.23605	2.27738
263.47711	2.27717
263.71817	2.27622
263.95923	2.27416
264.20029	2.27062
264.44134	2.26528
264.68240	2.25795
264.92346	2.24867
265.16452	2.23774
265.40558	2.22568
265.64664	2.21318
265.88770	2.20101
266.12875	2.18990
266.36981	2.18041
266.61087	2.17290
266.85193	2.16742
267.09299	2.16379
267.33405	2.16161
267.57511	2.16037
267.81617	2.15955
268.05722	2.15872
268.29828	2.15759
268.53934	2.15606
268.78040	2.15418
269.02146	2.15209
269.26252	2.14996
269.50358	2.14788
269.74463	2.14579
269.98569	2.14350
270.22675	2.14062
270.46781	2.13667
270.70887	2.13115
270.94993	2.12363
271.19099	2.11381
271.43205	2.10166
271.67310	2.08735
271.91416	2.07132
272.15522	2.05415
272.39628	2.03651
272.63734	2.01907
272.87840	2.00237
273.11946	1.98680
273.36051	1.97256
273.60157	1.95964
273.84263	1.94791
274.08369	1.93716
274.32475	1.92716
274.56581	1.91774
274.80687	1.90883
275.04793	1.90044
275.28898	1.89270
275.53004	1.88573
275.77110	1.87965
276.01216	1.87450
276.25322	1.87020
276.49428	1.86650
276.73534	1.86305
276.97639	1.85937
277.21745	1.85498
277.45851	1.84940
277.69957	1.84227
277.94063	1.83341
278.18169	1.82281
278.42275	1.81066
278.66380	1.79730
278.90486	1.78320
279.14592	1.76882
279.38698	1.75460
279.62804	1.74089
279.86910	1.72789
280.11016	1.71567
280.35122	1.70418
280.59227	1.69331
280.83333	1.68295
281.07439	1.67302
281.31545	1.66354
281.55651	1.65463
281.79757	1.64648
282.03863	1.63934
282.27968	1.63343
282.52074	1.62892
282.76180	1.62585
283.00286	1.62408
283.24392	1.62333
283.48498	1.62318
283.72604	1.62311
283.96710	1.62261
284.20815	1.62119
284.44921	1.61850
284.69027	1.61432
284.93133	1.60862
285.17239	1.60153
285.41345	1.59328
285.65451	1.58417
285.89556	1.57449
286.13662	1.56446
286.37768	1.55425
286.61874	1.54390
286.85980	1.53337
287.10086	1.52261
287.34192	1.51157
287.58298	1.50025
287.82403	1.48877
288.06509	1.47736
288.30615	1.46633
288.54721	1.45608
288.78827	1.44696
289.02933	1.43929
289.27039	1.43325
289.51144	1.42886
289.75250	1.42598
289.99356	1.42433
290.23462	1.42350
290.47568	1.42307
290.71674	1.42262
290.95780	1.42181
291.19885	1.42039
291.43991	1.41826
291.68097	1.41540
291.92203	1.41186
292.16309	1.40774
292.40415	1.40312
292.64521	1.39803
292.88627	1.39246
293.12732	1.38633
293.36838	1.37955
293.60944	1.37202
293.85050	1.36369
294.09156	1.35461
294.33262	1.34495
294.57368	1.33498
294.81473	1.32508
295.05579	1.31567
295.29685	1.30718
295.53791	1.29997
295.77897	1.29430
296.02003	1.29026
296.26109	1.28779
296.50215	1.28672
296.74320	1.28676
296.98426	1.28758
297.22532	1.28889
297.46638	1.29044
297.70744	1.29211
297.94850	1.29385
298.18956	1.29570
298.43061	1.29774
298.67167	1.30004
298.91273	1.30264
299.15379	1.30546
299.39485	1.30837
299.63591	1.31110
299.87697	1.31338
300.11803	1.31489
300.35908	1.31538
300.60014	1.31467
300.84120	1.31272
301.08226	1.30961
301.32332	1.30558
301.56438	1.30096
301.80544	1.29614
302.04649	1.29152
302.28755	1.28748
302.52861	1.28429
302.76967	1.28209
303.01073	1.28094
303.25179	1.28077
303.49285	1.28145
303.73391	1.28282
303.97496	1.28476
304.21602	1.28716
304.45708	1.29001
304.69814	1.29334
304.93920	1.29723
305.18026	1.30176
305.42132	1.30694
305.66237	1.31275
305.90343	1.31903
306.14449	1.32556
306.38555	1.33204
306.62661	1.33816
306.86767	1.34362
307.10873	1.34822
307.34978	1.35183
307.59084	1.35448
307.83190	1.35630
308.07296	1.35750
308.31402	1.35835
308.55508	1.35908
308.79614	1.35990
309.03720	1.36095
309.27825	1.36226
309.51931	1.36383
309.76037	1.36558
310.00143	1.36743
310.24249	1.36936
310.48355	1.37137
310.72461	1.37355
310.96566	1.37607
311.20672	1.37911
311.44778	1.38288
311.68884	1.38757
311.92990	1.39327
312.17096	1.40000
312.41202	1.40765
312.65308	1.41601
312.89413	1.42478
313.13519	1.43364
313.37625	1.44223
313.61731	1.45028
313.85837	1.45757
314.09943	1.46399
314.34049	1.46954
314.58154	1.47431
314.82260	1.47843
315.06366	1.48207
315.30472	1.48538
315.54578	1.48845
315.78684	1.49131
316.02790	1.49393
316.26896	1.49624
316.51001	1.49817
316.75107	1.49967
316.99213	1.50077
317.23319	1.50160
317.47425	1.50236
317.71531	1.50334
317.95637	1.50486
318.19742	1.50724
318.43848	1.51073
318.67954	1.51548
318.92060	1.52148
319.16166	1.52861
319.40272	1.53661
319.64378	1.54514
319.88483	1.55382
320.12589	1.56230
320.36695	1.57030
320.60801	1.57764
320.84907	1.58426
321.09013	1.59017
321.33119	1.59549
321.57225	1.60032
321.81330	1.60477
322.05436	1.60889
322.29542	1.61265
322.53648	1.61598
322.77754	1.61873
323.01860	1.62077
323.25966	1.62199
323.50071	1.62237
323.74177	1.62199
323.98283	1.62103
324.22389	1.61977
324.46495	1.61856
324.70601	1.61775
324.94707	1.61763
325.18813	1.61842
325.42918	1.62020
325.67024	1.62293
325.91130	1.62646
326.15236	1.63056
326.39342	1.63497
326.63448	1.63945
326.87554	1.64385
327.11659	1.64807
327.35765	1.65211
327.59871	1.65605
327.83977	1.65997
328.08083	1.66395
328.32189	1.66801
328.56295	1.67206
328.80401	1.67595
329.04506	1.67943
329.28612	1.68222
329.52718	1.68405
329.76824	1.68469
330.00930	1.68402
330.25036	1.68205
330.49142	1.67892
330.73247	1.67488
330.97353	1.67026
331.21459	1.66543
331.45565	1.66071
331.69671	1.65638
331.93777	1.65261
332.17883	1.64946
332.41988	1.64691
332.66094	1.64485
332.90200	1.64315
333.14306	1.64171
333.38412	1.64043
333.62518	1.63930
333.86624	1.63837
334.10730	1.63770
334.34835	1.63740
334.58941	1.63752
334.83047	1.63805
335.07153	1.63889
335.31259	1.63987
335.55365	1.64071
335.79471	1.64111
336.03576	1.64075
336.27682	1.63935
336.51788	1.63675
336.75894	1.63286
337.00000	1.62773
337.24106	1.62152
337.48212	1.61444
337.72318	1.60674
337.96423	1.59866
338.20529	1.59037
338.44635	1.58199
338.68741	1.57355
338.92847	1.56503
339.16953	1.55638
339.41059	1.54754
339.65164	1.53850
339.89270	1.52932
340.13376	1.52010
340.37482	1.51101
340.61588	1.50225
340.85694	1.49404
341.09800	1.48653
341.33906	1.47980
341.58011	1.47386
341.82117	1.46860
342.06223	1.46383
342.30329	1.45929
342.54435	1.45472
342.78541	1.44985
343.02647	1.44448
343.26752	1.43848
343.50858	1.43182
343.74964	1.42451
343.99070	1.41666
344.23176	1.40838
344.47282	1.39979
344.71388	1.39097
344.95493	1.38197
345.19599	1.37278
345.43705	1.36338
345.67811	1.35369
345.91917	1.34370
346.16023	1.33339
346.40129	1.32283
346.64235	1.31213
346.88340	1.30146
347.12446	1.29103
347.36552	1.28106
347.60658	1.27173
347.84764	1.26315
348.08870	1.25538
348.32976	1.24837
348.57081	1.24200
348.81187	1.23608
349.05293	1.23040
349.29399	1.22477
349.53505	1.21902
349.77611	1.21304
350.01717	1.20681
350.25823	1.20035
350.49928	1.19373
350.74034	1.18704
350.98140	1.18035
351.22246	1.17372
351.46352	1.16713
351.70458	1.16052
351.94564	1.15382
352.18669	1.14690
352.42775	1.13969
352.66881	1.13213
352.90987	1.12423
353.15093	1.11606
353.39199	1.10777
353.63305	1.09953
353.87411	1.09154
354.11516	1.08398
354.35622	1.07700
354.59728	1.07067
354.83834	1.06501
355.07940	1.05995
355.32046	1.05538
355.56152	1.05116
355.80257	1.04713
356.04363	1.04316
356.28469	1.03916
356.52575	1.03507
356.76681	1.03087
357.00787	1.02660
357.24893	1.02227
357.48999	1.01792
357.73104	1.01354
357.97210	1.00910
358.21316	1.00455
358.45422	0.99981
358.69528	0.99478
358.93634	0.98939
359.17740	0.98359
359.41845	0.97739
359.65951	0.97085
359.90057	0.96405
360.14163	0.95713
360.38269	0.95025
360.62375	0.94354
360.86481	0.93711
361.10586	0.93104
361.34692	0.92536
361.58798	0.92003
361.82904	0.91501
362.07010	0.91021
362.31116	0.90556
362.55222	0.90100
362.79328	0.89649
363.03433	0.89205
363.27539	0.88769
363.51645	0.88347
363.75751	0.87944
363.99857	0.87562
364.23963	0.87204
364.48069	0.86864
364.72174	0.86536
364.96280	0.86207
365.20386	0.85866
365.44492	0.85501
365.68598	0.85100
365.92704	0.84659
366.16810	0.84176
366.40916	0.83655
366.65021	0.83104
366.89127	0.82536
367.13233	0.81959
367.37339	0.81386
367.61445	0.80822
367.85551	0.80270
368.09657	0.79729
368.33762	0.79195
368.57868	0.78663
368.81974	0.78126
369.06080	0.77580
369.30186	0.77025
369.54292	0.76464
369.78398	0.75899
370.02504	0.75338
370.26609	0.74786
370.50715	0.74248
370.74821	0.73723
370.98927	0.73209
371.23033	0.72699
371.47139	0.72183
371.71245	0.71651
371.95350	0.71090
372.19456	0.70492
372.43562	0.69851
372.67668	0.69163
372.91774	0.68430
373.15880	0.67656
373.39986	0.66848
373.64091	0.66011
373.88197	0.65153
374.12303	0.64278
374.36409	0.63388
374.60515	0.62485
374.84621	0.61569
375.08727	0.60638
375.32833	0.59693
375.56938	0.58734
375.81044	0.57767
376.05150	0.56796
376.29256	0.55826
376.53362	0.54872
376.77468	0.53944
377.01574	0.53053
377.25679	0.52206
377.49785	0.51410
377.73891	0.50666
377.97997	0.49975
378.22103	0.49331
378.46209	0.48737
378.70315	0.48192
378.94421	0.47697
379.18526	0.47254
379.42632	0.46868
379.66738	0.46545
379.90844	0.46293
380.14950	0.46115
380.39056	0.46020
380.63162	0.46010
380.87267	0.46087
381.11373	0.46249
381.35479	0.46490
381.59585	0.46807
381.83691	0.47193
382.07797	0.47646
382.31903	0.48162
382.56009	0.48742
382.80114	0.49388
383.04220	0.50100
383.28326	0.50881
383.52432	0.51731
383.76538	0.52650
384.00644	0.53630
384.24750	0.54667
384.48855	0.55753
384.72961	0.56878
384.97067	0.58033
385.21173	0.59209
385.45279	0.60398
385.69385	0.61594
385.93491	0.62792
386.17596	0.63995
386.41702	0.65201
386.65808	0.66412
386.89914	0.67627
387.14020	0.68844
387.38126	0.70057
387.62232	0.71261
387.86338	0.72445
388.10443	0.73605
388.34549	0.74731
388.58655	0.75820
388.82761	0.76869
389.06867	0.77881
389.30973	0.78860
389.55079	0.79815
389.79184	0.80754
390.03290	0.81685
390.27396	0.82615
390.51502	0.83548
390.75608	0.84481
390.99714	0.85413
391.23820	0.86336
391.47926	0.87245
391.72031	0.88133
391.96137	0.88995
392.20243	0.89832
392.44349	0.90643
392.68455	0.91433
392.92561	0.92204
393.16667	0.92962
393.40772	0.93707
393.64878	0.94438
393.88984	0.95151
394.13090	0.95838
394.37196	0.96492
394.61302	0.97104
394.85408	0.97666
395.09514	0.98176
395.33619	0.98635
395.57725	0.99048
395.81831	0.99424
396.05937	0.99778
396.30043	1.00121
396.54149	1.00468
396.78255	1.00831
397.02360	1.01217
397.26466	1.01629
397.50572	1.02070
397.74678	1.02535
397.98784	1.03023
398.22890	1.03529
398.46996	1.04053
398.71102	1.04594
398.95207	1.05156
399.19313	1.05742
399.43419	1.06354
399.67525	1.06994
399.91631	1.07661
400.15737	1.08348
400.39843	1.09046
400.63948	1.09741
400.88054	1.10418
401.12160	1.11061
401.36266	1.11658
401.60372	1.12197
401.84478	1.12673
402.08584	1.13083
402.32689	1.13429
402.56795	1.13716
402.80901	1.13950
403.05007	1.14139
403.29113	1.14287
403.53219	1.14397
403.77325	1.14472
404.01431	1.14512
404.25536	1.14516
404.49642	1.14483
404.73748	1.14413
404.97854	1.14312
405.21960	1.14182
405.46066	1.14034
405.70172	1.13875
405.94277	1.13718
406.18383	1.13570
406.42489	1.13437
406.66595	1.13323
406.90701	1.13224
407.14807	1.13135
407.38913	1.13047
407.63019	1.12948
407.87124	1.12829
408.11230	1.12682
408.35336	1.12502
408.59442	1.12288
408.83548	1.12043
409.07654	1.11772
409.31760	1.11483
409.55865	1.11180
409.79971	1.10866
410.04077	1.10542
410.28183	1.10206
410.52289	1.09854
410.76395	1.09481
411.00501	1.09082
411.24607	1.08657
411.48712	1.08206
411.72818	1.07736
411.96924	1.07252
412.21030	1.06765
412.45136	1.06283
412.69242	1.05814
412.93348	1.05360
413.17453	1.04921
413.41559	1.04492
413.65665	1.04064
413.89771	1.03627
414.13877	1.03173
414.37983	1.02691
414.62089	1.02178
414.86194	1.01634
415.10300	1.01061
415.34406	1.00466
415.58512	0.99858
415.82618	0.99244
416.06724	0.98632
416.30830	0.98023
416.54936	0.97417
416.79041	0.96812
417.03147	0.96199
417.27253	0.95572
417.51359	0.94923
417.75465	0.94249
417.99571	0.93546
418.23677	0.92818
418.47782	0.92070
418.71888	0.91310
418.95994	0.90547
419.20100	0.89790
419.44206	0.89046
419.68312	0.88320
419.92418	0.87612
420.16524	0.86920
420.40629	0.86241
420.64735	0.85570
420.88841	0.84901
421.12947	0.84233
421.37053	0.83563
421.61159	0.82892
421.85265	0.82224
422.09370	0.81561
422.33476	0.80907
422.57582	0.80263
422.81688	0.79628
423.05794	0.79000
423.29900	0.78373
423.54006	0.77741
423.78112	0.77097
424.02217	0.76434
424.26323	0.75748
424.50429	0.75037
424.74535	0.74301
424.98641	0.73542
425.22747	0.72766
425.46853	0.71975
425.70958	0.71177
425.95064	0.70376
426.19170	0.69575
426.43276	0.68777
426.67382	0.67985
426.91488	0.67199
427.15594	0.66421
427.39699	0.65654
427.63805	0.64901
427.87911	0.64164
428.12017	0.63448
428.36123	0.62758
428.60229	0.62097
428.84335	0.61468
429.08441	0.60872
429.32546	0.60307
429.56652	0.59769
429.80758	0.59254
430.04864	0.58755
430.28970	0.58264
430.53076	0.57775
430.77182	0.57283
431.01287	0.56784
431.25393	0.56277
431.49499	0.55762
431.73605	0.55240
431.97711	0.54713
432.21817	0.54183
432.45923	0.53651
432.70029	0.53119
432.94134	0.52584
433.18240	0.52047
433.42346	0.51506
433.66452	0.50960
433.90558	0.50412
434.14664	0.49861
434.38770	0.49314
434.62875	0.48777
434.86981	0.48256
435.11087	0.47760
435.35193	0.47293
435.59299	0.46863
435.83405	0.46471
436.07511	0.46120
436.31617	0.45811
436.55722	0.45543
436.79828	0.45318
437.03934	0.45134
437.28040	0.44995
437.52146	0.44901
437.76252	0.44858
438.00358	0.44868
438.24463	0.44935
438.48569	0.45062
438.72675	0.45251
438.96781	0.45499
439.20887	0.45805
439.44993	0.46163
439.69099	0.46566
439.93204	0.47007
440.17310	0.47478
440.41416	0.47974
440.65522	0.48488
440.89628	0.49018
441.13734	0.49560
441.37840	0.50114
441.61946	0.50679
441.86051	0.51251
442.10157	0.51830
442.34263	0.52413
442.58369	0.52996
442.82475	0.53572
443.06581	0.54134
443.30687	0.54677
443.54792	0.55195
443.78898	0.55683
444.03004	0.56140
444.27110	0.56567
444.51216	0.56966
444.75322	0.57339
444.99428	0.57689
445.23534	0.58018
445.47639	0.58327
445.71745	0.58613
445.95851	0.58875
446.19957	0.59108
446.44063	0.59308
446.68169	0.59469
446.92275	0.59589
447.16380	0.59667
447.40486	0.59703
447.64592	0.59700
447.88698	0.59662
448.12804	0.59594
448.36910	0.59503
448.61016	0.59392
448.85122	0.59265
449.09227	0.59124
449.33333	0.58969
449.57439	0.58799
449.81545	0.58613
450.05651	0.58412
450.29757	0.58196
450.53863	0.57970
450.77968	0.57738
451.02074	0.57507
451.26180	0.57286
451.50286	0.57083
451.74392	0.56903
451.98498	0.56752
452.22604	0.56631
452.46710	0.56536
452.70815	0.56465
452.94921	0.56408
453.19027	0.56359
453.43133	0.56310
453.67239	0.56254
453.91345	0.56185
454.15451	0.56101
454.39556	0.56000
454.63662	0.55884
454.87768	0.55752
455.11874	0.55608
455.35980	0.55451
455.60086	0.55283
455.84192	0.55102
456.08297	0.54908
456.32403	0.54700
456.56509	0.54479
456.80615	0.54247
457.04721	0.54005
457.28827	0.53761
457.52933	0.53520
457.77039	0.53289
458.01144	0.53076
458.25250	0.52887
458.49356	0.52726
458.73462	0.52599
458.97568	0.52506
459.21674	0.52448
459.45780	0.52426
459.69885	0.52440
459.93991	0.52489
460.18097	0.52573
460.42203	0.52693
460.66309	0.52848
460.90415	0.53041
461.14521	0.53270
461.38627	0.53534
461.62732	0.53831
461.86838	0.54156
462.10944	0.54506
462.35050	0.54874
462.59156	0.55252
462.83262	0.55634
463.07368	0.56012
463.31473	0.56382
463.55579	0.56737
463.79685	0.57076
464.03791	0.57395
464.27897	0.57695
464.52003	0.57976
464.76109	0.58239
465.00215	0.58483
465.24320	0.58710
465.48426	0.58919
465.72532	0.59108
465.96638	0.59275
466.20744	0.59420
466.44850	0.59540
466.68956	0.59637
466.93061	0.59711
467.17167	0.59764
467.41273	0.59799
467.65379	0.59819
467.89485	0.59825
468.13591	0.59821
468.37697	0.59807
468.61802	0.59782
468.85908	0.59745
469.10014	0.59695
469.34120	0.59629
469.58226	0.59547
469.82332	0.59447
470.06438	0.59330
470.30544	0.59196
470.54649	0.59047
470.78755	0.58887
471.02861	0.58717
471.26967	0.58541
471.51073	0.58361
471.75179	0.58178
471.99285	0.57992
472.23390	0.57805
472.47496	0.57614
472.71602	0.57420
472.95708	0.57219
473.19814	0.57013
473.43920	0.56801
473.68026	0.56584
473.92132	0.56364
474.16237	0.56144
474.40343	0.55926
474.64449	0.55714
474.88555	0.55508
475.12661	0.55309
475.36767	0.55115
475.60873	0.54926
475.84978	0.54738
476.09084	0.54549
476.33190	0.54355
476.57296	0.54157
476.81402	0.53953
477.05508	0.53747
477.29614	0.53539
477.53720	0.53334
477.77825	0.53135
478.01931	0.52943
478.26037	0.52758
478.50143	0.52581
478.74249	0.52407
478.98355	0.52235
479.22461	0.52060
479.46566	0.51879
479.70672	0.51690
479.94778	0.51493
480.18884	0.51288
480.42990	0.51077
480.67096	0.50863
480.91202	0.50649
481.15307	0.50437
481.39413	0.50228
481.63519	0.50023
481.87625	0.49820
482.11731	0.49619
482.35837	0.49416
482.59943	0.49212
482.84049	0.49004
483.08154	0.48794
483.32260	0.48583
483.56366	0.48372
483.80472	0.48164
484.04578	0.47961
484.28684	0.47766
484.52790	0.47578
484.76895	0.47397
485.01001	0.47222
485.25107	0.47049
485.49213	0.46876
485.73319	0.46699
485.97425	0.46517
486.21531	0.46329
486.45637	0.46135
486.69742	0.45938
486.93848	0.45741
487.17954	0.45547
487.42060	0.45361
487.66166	0.45183
487.90272	0.45016
488.14378	0.44858
488.38483	0.44709
488.62589	0.44564
488.86695	0.44422
489.10801	0.44279
489.34907	0.44135
489.59013	0.43988
489.83119	0.43841
490.07225	0.43694
490.31330	0.43551
490.55436	0.43414
490.79542	0.43284
491.03648	0.43165
491.27754	0.43054
491.51860	0.42953
491.75966	0.42859
492.00071	0.42772
492.24177	0.42689
492.48283	0.42610
492.72389	0.42534
492.96495	0.42461
493.20601	0.42392
493.44707	0.42327
493.68812	0.42268
493.92918	0.42213
494.17024	0.42164
494.41130	0.42121
494.65236	0.42082
494.89342	0.42046
495.13448	0.42013
495.37554	0.41980
495.61659	0.41946
495.85765	0.41913
496.09871	0.41878
496.33977	0.41845
496.58083	0.41813
496.82189	0.41784
497.06295	0.41761
497.30400	0.41742
497.54506	0.41730
497.78612	0.41722
498.02718	0.41717
498.26824	0.41714
498.50930	0.41710
498.75036	0.41703
498.99142	0.41692
499.23247	0.41675
499.47353	0.41654
499.71459	0.41628
499.95565	0.41600
500.19671	0.41570
500.43777	0.41539
500.67883	0.41508
500.91988	0.41474
501.16094	0.41436
501.40200	0.41392
501.64306	0.41338
501.88412	0.41271
502.12518	0.41188
502.36624	0.41089
502.60730	0.40973
502.84835	0.40839
503.08941	0.40688
503.33047	0.40522
503.57153	0.40341
503.81259	0.40146
504.05365	0.39939
504.29471	0.39721
504.53576	0.39494
504.77682	0.39261
505.01788	0.39026
505.25894	0.38799
505.50000	0.38586
505.74106	0.38402
505.98212	0.38261
506.22318	0.38176
506.46423	0.38163
506.70529	0.38232
506.94635	0.38394
507.18741	0.38652
507.42847	0.39004
507.66953	0.39445
507.91059	0.39964
508.15164	0.40546
508.39270	0.41175
508.63376	0.41833
508.87482	0.42503
509.11588	0.43169
509.35694	0.43819
509.59800	0.44445
509.83905	0.45044
510.08011	0.45612
510.32117	0.46151
510.56223	0.46662
510.80329	0.47147
511.04435	0.47608
511.28541	0.48049
511.52647	0.48469
511.76752	0.48871
512.00858	0.49255
512.24964	0.49622
512.49070	0.49972
512.73176	0.50308
512.97282	0.50631
513.21388	0.50942
513.45493	0.51244
513.69599	0.51538
513.93705	0.51824
514.17811	0.52101
514.41917	0.52370
514.66023	0.52627
514.90129	0.52872
515.14235	0.53101
515.38340	0.53315
515.62446	0.53511
515.86552	0.53691
516.10658	0.53856
516.34764	0.54008
516.58870	0.54148
516.82976	0.54281
517.07081	0.54408
517.31187	0.54530
517.55293	0.54649
517.79399	0.54764
518.03505	0.54875
518.27611	0.54983
518.51717	0.55086
518.75823	0.55186
518.99928	0.55282
519.24034	0.55378
519.48140	0.55474
519.72246	0.55571
519.96352	0.55671
520.20458	0.55773
520.44564	0.55876
520.68669	0.55978
520.92775	0.56076
521.16881	0.56167
521.40987	0.56248
521.65093	0.56316
521.89199	0.56372
522.13305	0.56413
522.37410	0.56442
522.61516	0.56459
522.85622	0.56467
523.09728	0.56466
523.33834	0.56458
523.57940	0.56444
523.82046	0.56423
524.06152	0.56395
524.30257	0.56358
524.54363	0.56311
524.78469	0.56254
525.02575	0.56188
525.26681	0.56113
525.50787	0.56033
525.74893	0.55951
525.98998	0.55873
526.23104	0.55805
526.47210	0.55750
526.71316	0.55715
526.95422	0.55700
527.19528	0.55709
527.43634	0.55740
527.67740	0.55791
527.91845	0.55860
528.15951	0.55944
528.40057	0.56042
528.64163	0.56151
528.88269	0.56271
529.12375	0.56402
529.36481	0.56544
529.60586	0.56698
529.84692	0.56864
530.08798	0.57040
530.32904	0.57225
530.57010	0.57413
530.81116	0.57603
531.05222	0.57789
531.29328	0.57967
531.53433	0.58135
531.77539	0.58290
532.01645	0.58432
532.25751	0.58562
532.49857	0.58680
532.73963	0.58788
532.98069	0.58887
533.22174	0.58979
533.46280	0.59062
533.70386	0.59136
533.94492	0.59200
534.18598	0.59251
534.42704	0.59287
534.66810	0.59305
534.90915	0.59304
535.15021	0.59283
535.39127	0.59242
535.63233	0.59182
535.87339	0.59104
536.11445	0.59010
536.35551	0.58901
536.59657	0.58779
536.83762	0.58642
537.07868	0.58491
537.31974	0.58325
537.56080	0.58142
537.80186	0.57942
538.04292	0.57725
538.28398	0.57492
538.52503	0.57246
538.76609	0.56989
539.00715	0.56725
539.24821	0.56456
539.48927	0.56188
539.73033	0.55921
539.97139	0.55660
540.21245	0.55405
540.45350	0.55158
540.69456	0.54919
540.93562	0.54691
541.17668	0.54475
541.41774	0.54270
541.65880	0.54080
541.89986	0.53906
542.14091	0.53747
542.38197	0.53605
542.62303	0.53480
542.86409	0.53370
543.10515	0.53273
543.34621	0.53187
543.58727	0.53109
543.82833	0.53034
544.06938	0.52959
544.31044	0.52880
544.55150	0.52794
544.79256	0.52699
545.03362	0.52593
545.27468	0.52476
545.51574	0.52347
545.75679	0.52206
545.99785	0.52054
546.23891	0.51891
546.47997	0.51716
546.72103	0.51529
546.96209	0.51326
547.20315	0.51107
547.44421	0.50871
547.68526	0.50615
547.92632	0.50341
548.16738	0.50049
548.40844	0.49740
548.64950	0.49418
548.89056	0.49085
549.13162	0.48745
549.37267	0.48399
549.61373	0.48052
549.85479	0.47704
550.09585	0.47359
550.33691	0.47018
550.57797	0.46684
550.81903	0.46361
551.06008	0.46053
551.30114	0.45765
551.54220	0.45501
551.78326	0.45267
552.02432	0.45068
552.26538	0.44906
552.50644	0.44784
552.74750	0.44700
552.98855	0.44654
553.22961	0.44641
553.47067	0.44659
553.71173	0.44702
553.95279	0.44767
554.19385	0.44850
554.43491	0.44951
554.67596	0.45067
554.91702	0.45200
555.15808	0.45351
555.39914	0.45520
555.64020	0.45707
555.88126	0.45913
556.12232	0.46135
556.36338	0.46370
556.60443	0.46615
556.84549	0.46865
557.08655	0.47114
557.32761	0.47360
557.56867	0.47597
557.80973	0.47824
558.05079	0.48038
558.29184	0.48239
558.53290	0.48426
558.77396	0.48600
559.01502	0.48762
559.25608	0.48910
559.49714	0.49047
559.73820	0.49171
559.97926	0.49282
560.22031	0.49380
560.46137	0.49465
560.70243	0.49536
560.94349	0.49594
561.18455	0.49641
561.42561	0.49676
561.66667	0.49703
561.90772	0.49724
562.14878	0.49740
562.38984	0.49753
562.63090	0.49765
562.87196	0.49778
563.11302	0.49791
563.35408	0.49805
563.59513	0.49819
563.83619	0.49835
564.07725	0.49851
564.31831	0.49868
564.55937	0.49888
564.80043	0.49912
565.04149	0.49940
565.28255	0.49974
565.52360	0.50015
565.76466	0.50063
566.00572	0.50118
566.24678	0.50178
566.48784	0.50243
566.72890	0.50311
566.96996	0.50380
567.21101	0.50449
567.45207	0.50518
567.69313	0.50586
567.93419	0.50655
568.17525	0.50724
568.41631	0.50795
568.65737	0.50867
568.89843	0.50943
569.13948	0.51020
569.38054	0.51101
569.62160	0.51184
569.86266	0.51270
570.10372	0.51358
570.34478	0.51450
570.58584	0.51545
570.82689	0.51646
571.06795	0.51752
571.30901	0.51864
571.55007	0.51983
571.79113	0.52110
572.03219	0.52243
572.27325	0.52382
572.51431	0.52526
572.75536	0.52673
572.99642	0.52822
573.23748	0.52972
573.47854	0.53120
573.71960	0.53265
573.96066	0.53408
574.20172	0.53547
574.44277	0.53684
574.68383	0.53821
574.92489	0.53961
575.16595	0.54105
575.40701	0.54256
575.64807	0.54417
575.88913	0.54589
576.13018	0.54773
576.37124	0.54969
576.61230	0.55178
576.85336	0.55398
577.09442	0.55631
577.33548	0.55876
577.57654	0.56134
577.81760	0.56406
578.05865	0.56693
578.29971	0.56996
578.54077	0.57313
578.78183	0.57644
579.02289	0.57984
579.26395	0.58330
579.50501	0.58677
579.74606	0.59019
579.98712	0.59352
580.22818	0.59672
580.46924	0.59977
580.71030	0.60265
580.95136	0.60537
581.19242	0.60793
581.43348	0.61036
581.67453	0.61268
581.91559	0.61490
582.15665	0.61705
582.39771	0.61915
582.63877	0.62121
582.87983	0.62325
583.12089	0.62529
583.36194	0.62733
583.60300	0.62941
583.84406	0.63153
584.08512	0.63371
584.32618	0.63596
584.56724	0.63830
584.80830	0.64073
585.04936	0.64325
585.29041	0.64584
585.53147	0.64849
585.77253	0.65116
586.01359	0.65383
586.25465	0.65644
586.49571	0.65895
586.73677	0.66134
586.97782	0.66357
587.21888	0.66562
587.45994	0.66748
587.70100	0.66916
587.94206	0.67065
588.18312	0.67195
588.42418	0.67308
588.66523	0.67403
588.90629	0.67480
589.14735	0.67539
589.38841	0.67579
589.62947	0.67601
589.87053	0.67603
590.11159	0.67590
590.35265	0.67561
590.59370	0.67522
590.83476	0.67476
591.07582	0.67427
591.31688	0.67379
591.55794	0.67336
591.79900	0.67299
592.04006	0.67269
592.28111	0.67246
592.52217	0.67229
592.76323	0.67214
593.00429	0.67200
593.24535	0.67184
593.48641	0.67162
593.72747	0.67134
593.96853	0.67097
594.20958	0.67050
594.45064	0.66991
594.69170	0.66919
594.93276	0.66834
595.17382	0.66734
595.41488	0.66617
595.65594	0.66484
595.89699	0.66332
596.13805	0.66161
596.37911	0.65972
596.62017	0.65765
596.86123	0.65543
597.10229	0.65307
597.34335	0.65060
597.58441	0.64807
597.82546	0.64550
598.06652	0.64295
598.30758	0.64045
598.54864	0.63803
598.78970	0.63574
599.03076	0.63359
599.27182	0.63161
599.51287	0.62980
599.75393	0.62817
599.99499	0.62671
600.23605	0.62541
600.47711	0.62424
600.71817	0.62316
600.95923	0.62214
601.20029	0.62111
601.44134	0.62002
601.68240	0.61882
601.92346	0.61742
602.16452	0.61580
602.40558	0.61390
602.64664	0.61170
602.88770	0.60919
603.12875	0.60637
603.36981	0.60327
603.61087	0.59991
603.85193	0.59632
604.09299	0.59255
604.33405	0.58862
604.57511	0.58456
604.81616	0.58038
605.05722	0.57609
605.29828	0.57170
605.53934	0.56721
605.78040	0.56263
606.02146	0.55796
606.26252	0.55322
606.50358	0.54842
606.74463	0.54358
606.98569	0.53871
607.22675	0.53383
607.46781	0.52894
607.70887	0.52404
607.94993	0.51911
608.19099	0.51415
608.43204	0.50911
608.67310	0.50398
608.91416	0.49873
609.15522	0.49332
609.39628	0.48773
609.63734	0.48195
609.87840	0.47597
610.11946	0.46978
610.36051	0.46340
610.60157	0.45683
610.84263	0.45009
611.08369	0.44322
611.32475	0.43623
611.56581	0.42918
611.80687	0.42210
612.04792	0.41505
612.28898	0.40809
612.53004	0.40129
612.77110	0.39472
613.01216	0.38847
613.25322	0.38259
613.49428	0.37715
613.73534	0.37221
613.97639	0.36780
614.21745	0.36393
614.45851	0.36061
614.69957	0.35781
614.94063	0.35552
615.18169	0.35368
615.42275	0.35224
615.66380	0.35115
615.90486	0.35035
616.14592	0.34978
616.38698	0.34938
616.62804	0.34910
616.86910	0.34889
617.11016	0.34869
617.35121	0.34847
617.59227	0.34819
617.83333	0.34782
618.07439	0.34733
618.31545	0.34672
618.55651	0.34596
618.79757	0.34508
619.03863	0.34407
619.27968	0.34296
619.52074	0.34178
619.76180	0.34054
620.00286	0.33928
620.24392	0.33801
620.48498	0.33675
620.72604	0.33551
620.96709	0.33429
621.20815	0.33309
621.44921	0.33189
621.69027	0.33067
621.93133	0.32943
622.17239	0.32814
622.41345	0.32678
622.65451	0.32535
622.89556	0.32382
623.13662	0.32218
623.37768	0.32043
623.61874	0.31857
623.85980	0.31658
624.10086	0.31447
624.34192	0.31224
624.58297	0.30991
624.82403	0.30749
625.06509	0.30499
625.30615	0.30244
625.54721	0.29985
625.78827	0.29725
626.02933	0.29465
626.27039	0.29208
626.51144	0.28955
626.75250	0.28705
626.99356	0.28459
627.23462	0.28216
627.47568	0.27973
627.71674	0.27729
627.95780	0.27481
628.19885	0.27225
628.43991	0.26959
628.68097	0.26681
628.92203	0.26390
629.16309	0.26087
629.40415	0.25773
629.64521	0.25451
629.88626	0.25127
630.12732	0.24806
630.36838	0.24495
630.60944	0.24201
630.85050	0.23931
631.09156	0.23690
631.33262	0.23483
631.57368	0.23314
631.81473	0.23184
632.05579	0.23092
632.29685	0.23037
632.53791	0.23013
632.77897	0.23016
633.02003	0.23039
633.26109	0.23075
633.50214	0.23118
633.74320	0.23161
633.98426	0.23198
634.22532	0.23225
634.46638	0.23239
634.70744	0.23236
634.94850	0.23219
635.18956	0.23188
635.43061	0.23144
635.67167	0.23091
635.91273	0.23032
636.15379	0.22969
636.39485	0.22906
636.63591	0.22845
636.87697	0.22787
637.11802	0.22733
637.35908	0.22682
637.60014	0.22635
637.84120	0.22590
638.08226	0.22545
638.32332	0.22501
638.56438	0.22454
638.80544	0.22405
639.04649	0.22351
639.28755	0.22292
639.52861	0.22226
639.76967	0.22153
640.01073	0.22072
640.25179	0.21982
640.49285	0.21881
640.73390	0.21771
640.97496	0.21650
641.21602	0.21519
641.45708	0.21378
641.69814	0.21229
641.93920	0.21072
642.18026	0.20909
642.42132	0.20744
642.66237	0.20577
642.90343	0.20411
643.14449	0.20250
643.38555	0.20096
643.62661	0.19952
643.86767	0.19820
644.10873	0.19701
644.34978	0.19597
644.59084	0.19508
644.83190	0.19433
645.07296	0.19373
645.31402	0.19324
645.55508	0.19286
645.79614	0.19257
646.03719	0.19235
646.27825	0.19217
646.51931	0.19200
646.76037	0.19183
647.00143	0.19162
647.24249	0.19135
647.48355	0.19101
647.72461	0.19058
647.96566	0.19004
648.20672	0.18939
648.44778	0.18864
648.68884	0.18779
648.92990	0.18687
649.17096	0.18587
649.41202	0.18483
649.65307	0.18376
649.89413	0.18267
650.13519	0.18156
650.37625	0.18045
650.61731	0.17935
650.85837	0.17824
651.09943	0.17713
651.34049	0.17602
651.58154	0.17491
651.82260	0.17380
652.06366	0.17268
652.30472	0.17156
652.54578	0.17044
652.78684	0.16930
653.02790	0.16814
653.26895	0.16696
653.51001	0.16573
653.75107	0.16444
653.99213	0.16308
654.23319	0.16163
654.47425	0.16008
654.71531	0.15842
654.95637	0.15663
655.19742	0.15472
655.43848	0.15267
655.67954	0.15048
655.92060	0.14816
656.16166	0.14570
656.40272	0.14311
656.64378	0.14040
656.88483	0.13758
657.12589	0.13466
657.36695	0.13165
657.60801	0.12860
657.84907	0.12553
658.09013	0.12249
658.33119	0.11953
658.57224	0.11671
658.81330	0.11408
659.05436	0.11170
659.29542	0.10961
659.53648	0.10785
659.77754	0.10643
660.01860	0.10536
660.25966	0.10461
660.50071	0.10415
660.74177	0.10393
660.98283	0.10390
661.22389	0.10399
661.46495	0.10415
661.70601	0.10432
661.94707	0.10445
662.18812	0.10449
662.42918	0.10443
662.67024	0.10424
662.91130	0.10391
663.15236	0.10344
663.39342	0.10283
663.63448	0.10211
663.87554	0.10127
664.11659	0.10035
664.35765	0.09935
664.59871	0.09829
664.83977	0.09719
665.08083	0.09604
665.32189	0.09487
665.56295	0.09368
665.80400	0.09246
666.04506	0.09123
666.28612	0.08999
666.52718	0.08873
666.76824	0.08746
667.00930	0.08618
667.25036	0.08489
667.49142	0.08359
667.73247	0.08227
667.97353	0.08095
668.21459	0.07962
668.45565	0.07827
668.69671	0.07691
668.93777	0.07554
669.17883	0.07416
669.41988	0.07279
669.66094	0.07142
669.90200	0.07006
670.14306	0.06873
670.38412	0.06741
670.62518	0.06612
670.86624	0.06486
671.10729	0.06362
671.34835	0.06242
671.58941	0.06123
671.83047	0.06007
672.07153	0.05893
672.31259	0.05780
672.55365	0.05669
672.79471	0.05560
673.03576	0.05452
673.27682	0.05347
673.51788	0.05243
673.75894	0.05140
674.00000	0.05040
674.24106	0.04941
674.48212	0.04842
674.72317	0.04745
674.96423	0.04649
675.20529	0.04552
675.44635	0.04456
675.68741	0.04361
675.92847	0.04265
676.16953	0.04170
676.41059	0.04076
676.65164	0.03981
676.89270	0.03888
677.13376	0.03794
677.37482	0.03701
677.61588	0.03609
677.85694	0.03517
678.09800	0.03426
678.33905	0.03336
678.58011	0.03248
678.82117	0.03163
679.06223	0.03080
679.30329	0.03001
679.54435	0.02926
679.78541	0.02855
680.02647	0.02788
680.26752	0.02724
680.50858	0.02663
680.74964	0.02603
680.99070	0.02545
681.23176	0.02488
681.47282	0.02431
681.71388	0.02374
681.95493	0.02318
682.19599	0.02263
682.43705	0.02209
682.67811	0.02158
682.91917	0.02109
683.16023	0.02062
683.40129	0.02017
683.64234	0.01973
683.88340	0.01931
684.12446	0.01888
684.36552	0.01846
684.60658	0.01804
684.84764	0.01762
685.08870	0.01720
685.32976	0.01679
685.57081	0.01639
685.81187	0.01601
686.05293	0.01565
686.29399	0.01531
686.53505	0.01500
686.77611	0.01471
687.01717	0.01443
687.25822	0.01417
687.49928	0.01392
687.74034	0.01368
687.98140	0.01345
688.22246	0.01322
688.46352	0.01301
688.70458	0.01280
688.94564	0.01260
689.18669	0.01241
689.42775	0.01223
689.66881	0.01207
689.90987	0.01191
690.15093	0.01176
690.39199	0.01162
690.63305	0.01149
690.87410	0.01136
691.11516	0.01123
691.35622	0.01110
691.59728	0.01096
691.83834	0.01083
692.07940	0.01070
692.32046	0.01057
692.56152	0.01044
692.80257	0.01030
693.04363	0.01017
693.28469	0.01002
693.52575	0.00987
693.76681	0.00971
694.00787	0.00955
694.24893	0.00938
694.48998	0.00921
694.73104	0.00903
694.97210	0.00886
695.21316	0.00868
695.45422	0.00851
695.69528	0.00835
695.93634	0.00819
696.17740	0.00803
696.41845	0.00787
696.65951	0.00771
696.90057	0.00755
697.14163	0.00739
697.38269	0.00722
697.62375	0.00705
697.86481	0.00687
698.10586	0.00668
698.34692	0.00649
698.58798	0.00629
698.82904	0.00607
699.07010	0.00586
699.31116	0.00564
699.55222	0.00542
699.79327	0.00520
700.03433	0.00500
700.27539	0.00480
700.51645	0.00462
700.75751	0.00446
700.99857	0.00431
701.23963	0.00418
701.48069	0.00407
701.72174	0.00398
701.96280	0.00390
702.20386	0.00382
702.44492	0.00376
702.68598	0.00370
702.92704	0.00364
703.16810	0.00360
703.40915	0.00357
703.65021	0.00354
703.89127	0.00353
704.13233	0.00352
704.37339	0.00352
704.61445	0.00353
704.85551	0.00354
705.09657	0.00354
705.33762	0.00354
705.57868	0.00354
705.81974	0.00354
706.06080	0.00354
706.30186	0.00353
706.54292	0.00354
706.78398	0.00354
707.02503	0.00356
707.26609	0.00357
707.50715	0.00359
707.74821	0.00361
707.98927	0.00362
708.23033	0.00362
708.47139	0.00361
708.71245	0.00360
708.95350	0.00358
709.19456	0.00355
709.43562	0.00352
709.67668	0.00350
709.91774	0.00347
710.15880	0.00345
710.39986	0.00343
710.64091	0.00342
710.88197	0.00341
711.12303	0.00341
711.36409	0.00341
711.60515	0.00342
711.84621	0.00342
712.08727	0.00343
712.32832	0.00343
712.56938	0.00344
712.81044	0.00344
713.05150	0.00344
713.29256	0.00344
713.53362	0.00344
713.77468	0.00343
714.01574	0.00342
714.25679	0.00342
714.49785	0.00341
714.73891	0.00341
714.97997	0.00340
715.22103	0.00340
715.46209	0.00340
715.70315	0.00340
715.94420	0.00340
716.18526	0.00339
716.42632	0.00339
716.66738	0.00338
716.90844	0.00338
717.14950	0.00337
717.39056	0.00337
717.63162	0.00336
717.87267	0.00337
718.11373	0.00337
718.35479	0.00338
718.59585	0.00338
718.83691	0.00339
719.07797	0.00340
719.31903	0.00340
719.56008	0.00339
719.80114	0.00338
720.04220	0.00336
720.28326	0.00334
720.52432	0.00331
720.76538	0.00329
721.00644	0.00326
721.24750	0.00322
721.48855	0.00319
721.72961	0.00316
721.97067	0.00313
722.21173	0.00310
722.45279	0.00307
722.69385	0.00304
722.93491	0.00302
723.17596	0.00300
723.41702	0.00300
723.65808	0.00300
723.89914	0.00303
724.14020	0.00306
724.38126	0.00311
724.62232	0.00316
724.86337	0.00320
725.10443	0.00324
725.34549	0.00327
725.58655	0.00329
725.82761	0.00328
726.06867	0.00327
726.30973	0.00324
726.55079	0.00321
726.79184	0.00318
727.03290	0.00316
727.27396	0.00313
727.51502	0.00311
727.75608	0.00310
727.99714	0.00309
728.23820	0.00309
728.47925	0.00308
728.72031	0.00308
728.96137	0.00307
729.20243	0.00307
729.44349	0.00306
729.68455	0.00305
729.92561	0.00304
730.16667	0.00302
730.40772	0.00301
730.64878	0.00299
730.88984	0.00297
731.13090	0.00295
731.37196	0.00294
731.61302	0.00293
731.85408	0.00293
732.09513	0.00293
732.33619	0.00294
732.57725	0.00296
732.81831	0.00297
733.05937	0.00299
733.30043	0.00300
733.54149	0.00300
733.78255	0.00299
734.02360	0.00297
734.26466	0.00294
734.50572	0.00291
734.74678	0.00288
734.98784	0.00285
735.22890	0.00283
735.46996	0.00282
735.71101	0.00282
735.95207	0.00283
736.19313	0.00284
736.43419	0.00287
736.67525	0.00288
736.91631	0.00289
737.15737	0.00289
737.39842	0.00288
737.63948	0.00285
737.88054	0.00282
738.12160	0.00278
738.36266	0.00274
738.60372	0.00271
738.84478	0.00268
739.08584	0.00267
739.32689	0.00267
739.56795	0.00269
739.80901	0.00271
740.05007	0.00273
740.29113	0.00275
740.53219	0.00277
740.77325	0.00278
741.01430	0.00278
741.25536	0.00278
741.49642	0.00277
741.73748	0.00275
741.97854	0.00273
742.21960	0.00271
742.46066	0.00269
742.70172	0.00268
742.94277	0.00268
743.18383	0.00268
743.42489	0.00269
743.66595	0.00270
743.90701	0.00273
744.14807	0.00275
744.38913	0.00278
744.63018	0.00281
744.87124	0.00283
745.11230	0.00285
745.35336	0.00286
745.59442	0.00287
745.83548	0.00288
746.07654	0.00288
746.31760	0.00289
746.55865	0.00290
746.79971	0.00292
747.04077	0.00295
747.28183	0.00298
747.52289	0.00301
747.76395	0.00305
748.00501	0.00308
748.24606	0.00312
748.48712	0.00314
748.72818	0.00317
748.96924	0.00318
749.21030	0.00320
749.45136	0.00322
749.69242	0.00325
749.93348	0.00328
750.17453	0.00332
750.41559	0.00338
750.65665	0.00344
750.89771	0.00352
751.13877	0.00360
751.37983	0.00368
751.62089	0.00377
751.86194	0.00385
752.10300	0.00394
752.34406	0.00402
752.58512	0.00410
752.82618	0.00417
753.06724	0.00425
753.30830	0.00431
753.54935	0.00438
753.79041	0.00445
754.03147	0.00452
754.27253	0.00460
754.51359	0.00468
754.75465	0.00477
754.99571	0.00486
755.23677	0.00496
755.47782	0.00506
755.71888	0.00516
755.95994	0.00526
756.20100	0.00536
756.44206	0.00546
756.68312	0.00556
756.92418	0.00566
757.16523	0.00576
757.40629	0.00587
757.64735	0.00600
757.88841	0.00613
758.12947	0.00627
758.37053	0.00642
758.61159	0.00658
758.85265	0.00675
759.09370	0.00691
759.33476	0.00707
759.57582	0.00722
759.81688	0.00737
760.05794	0.00750
760.29900	0.00763
760.54006	0.00775
760.78111	0.00786
761.02217	0.00797
761.26323	0.00807
761.50429	0.00817
761.74535	0.00827
761.98641	0.00837
762.22747	0.00847
762.46853	0.00858
762.70958	0.00869
762.95064	0.00879
763.19170	0.00890
763.43276	0.00900
763.67382	0.00909
763.91488	0.00917
764.15594	0.00925
764.39699	0.00932
764.63805	0.00938
764.87911	0.00943
765.12017	0.00949
765.36123	0.00954
765.60229	0.00960
765.84335	0.00966
766.08440	0.00972
766.32546	0.00978
766.56652	0.00984
766.80758	0.00990
767.04864	0.00995
767.28970	0.01000
767.53076	0.01005
767.77182	0.01009
768.01287	0.01013
768.25393	0.01018
768.49499	0.01023
768.73605	0.01028
768.97711	0.01035
769.21817	0.01042
769.45923	0.01050
769.70028	0.01058
769.94134	0.01066
770.18240	0.01075
770.42346	0.01083
770.66452	0.01092
770.90558	0.01101
771.14664	0.01110
771.38770	0.01120
771.62875	0.01131
771.86981	0.01143
772.11087	0.01156
772.35193	0.01170
772.59299	0.01185
772.83405	0.01201
773.07511	0.01217
773.31616	0.01234
773.55722	0.01251
773.79828	0.01269
774.03934	0.01287
774.28040	0.01304
774.52146	0.01323
774.76252	0.01341
775.00358	0.01359
775.24463	0.01377
775.48569	0.01396
775.72675	0.01414
775.96781	0.01433
776.20887	0.01453
776.44993	0.01473
776.69099	0.01493
776.93204	0.01514
777.17310	0.01535
777.41416	0.01557
777.65522	0.01579
777.89628	0.01601
778.13734	0.01622
778.37840	0.01643
778.61945	0.01662
778.86051	0.01681
779.10157	0.01698
779.34263	0.01714
779.58369	0.01728
779.82475	0.01743
780.06581	0.01757
780.30687	0.01771
780.54792	0.01786
780.78898	0.01800
781.03004	0.01816
781.27110	0.01831
781.51216	0.01847
781.75322	0.01862
781.99428	0.01877
782.23533	0.01891
782.47639	0.01904
782.71745	0.01915
782.95851	0.01925
783.19957	0.01934
783.44063	0.01941
783.68169	0.01948
783.92275	0.01953
784.16380	0.01957
784.40486	0.01960
784.64592	0.01963
784.88698	0.01965
785.12804	0.01966
785.36910	0.01965
785.61016	0.01964
785.85121	0.01961
786.09227	0.01956
786.33333	0.01949
786.57439	0.01941
786.81545	0.01930
787.05651	0.01917
787.29757	0.01902
787.53863	0.01886
787.77968	0.01867
788.02074	0.01848
788.26180	0.01827
788.50286	0.01805
788.74392	0.01783
788.98498	0.01760
789.22604	0.01737
789.46709	0.01713
789.70815	0.01690
789.94921	0.01668
790.19027	0.01645
790.43133	0.01623
790.67239	0.01602
790.91345	0.01581
791.15451	0.01561
791.39556	0.01541
791.63662	0.01522
791.87768	0.01503
792.11874	0.01485
792.35980	0.01467
792.60086	0.01451
792.84192	0.01435
793.08297	0.01421
793.32403	0.01409
793.56509	0.01398
793.80615	0.01388
794.04721	0.01380
794.28827	0.01373
794.52933	0.01368
794.77038	0.01365
795.01144	0.01363
795.25250	0.01362
795.49356	0.01362
795.73462	0.01364
795.97568	0.01365
796.21674	0.01366
796.45780	0.01367
796.69885	0.01366
796.93991	0.01364
797.18097	0.01361
797.42203	0.01356
797.66309	0.01350
797.90415	0.01343
798.14521	0.01337
798.38626	0.01331
798.62732	0.01326
798.86838	0.01321
799.10944	0.01318
799.35050	0.01316
799.59156	0.01314
799.83262	0.01312
800.07368	0.01310
800.31473	0.01308
800.55579	0.01306
800.79685	0.01303
801.03791	0.01299
801.27897	0.01294
801.52003	0.01289
801.76109	0.01283
802.00214	0.01276
802.24320	0.01268
802.48426	0.01260
802.72532	0.01251
802.96638	0.01242
803.20744	0.01232
803.44850	0.01223
803.68956	0.01213
803.93061	0.01203
804.17167	0.01192
804.41273	0.01181
804.65379	0.01169
804.89485	0.01156
805.13591	0.01141
805.37697	0.01126
805.61802	0.01109
805.85908	0.01091
806.10014	0.01073
806.34120	0.01055
806.58226	0.01037
806.82332	0.01020
807.06438	0.01004
807.30543	0.00990
807.54649	0.00977
807.78755	0.00966
808.02861	0.00958
808.26967	0.00952
808.51073	0.00948
808.75179	0.00946
808.99285	0.00947
809.23390	0.00951
809.47496	0.00957
809.71602	0.00966
809.95708	0.00978
810.19814	0.00992
810.43920	0.01009
810.68026	0.01029
810.92131	0.01050
811.16237	0.01074
811.40343	0.01098
811.64449	0.01124
811.88555	0.01149
812.12661	0.01175
812.36767	0.01199
812.60873	0.01223
812.84978	0.01245
813.09084	0.01265
813.33190	0.01283
813.57296	0.01301
813.81402	0.01316
814.05508	0.01331
814.29614	0.01345
814.53719	0.01359
814.77825	0.01371
815.01931	0.01383
815.26037	0.01394
815.50143	0.01403
815.74249	0.01411
815.98355	0.01418
816.22461	0.01422
816.46566	0.01426
816.70672	0.01429
816.94778	0.01431
817.18884	0.01434
817.42990	0.01437
817.67096	0.01440
817.91202	0.01445
818.15307	0.01450
818.39413	0.01456
818.63519	0.01461
818.87625	0.01466
819.11731	0.01470
819.35837	0.01473
819.59943	0.01474
819.84048	0.01474
820.08154	0.01472
820.32260	0.01469
820.56366	0.01465
820.80472	0.01461
821.04578	0.01457
821.28684	0.01453
821.52790	0.01449
821.76895	0.01446
822.01001	0.01442
822.25107	0.01439
822.49213	0.01436
822.73319	0.01433
822.97425	0.01429
823.21531	0.01426
823.45636	0.01422
823.69742	0.01419
823.93848	0.01415
824.17954	0.01411
824.42060	0.01408
824.66166	0.01403
824.90272	0.01399
825.14378	0.01394
825.38483	0.01389
825.62589	0.01384
825.86695	0.01379
826.10801	0.01375
826.34907	0.01370
826.59013	0.01366
826.83119	0.01362
827.07224	0.01358
827.31330	0.01354
827.55436	0.01349
827.79542	0.01342
828.03648	0.01335
828.27754	0.01327
828.51860	0.01318
828.75966	0.01308
829.00071	0.01298
829.24177	0.01288
829.48283	0.01277
829.72389	0.01267
829.96495	0.01257
830.20601	0.01248
830.44707	0.01238
830.68812	0.01228
830.92918	0.01218
831.17024	0.01207
831.41130	0.01195
831.65236	0.01183
831.89342	0.01170
832.13448	0.01156
832.37553	0.01141
832.61659	0.01126
832.85765	0.01110
833.09871	0.01092
833.33977	0.01073
833.58083	0.01052
833.82189	0.01030
834.06295	0.01005
834.30400	0.00978
834.54506	0.00948
834.78612	0.00917
835.02718	0.00883
835.26824	0.00848
835.50930	0.00811
835.75036	0.00773
835.99141	0.00734
836.23247	0.00695
836.47353	0.00655
836.71459	0.00615
836.95565	0.00575
837.19671	0.00536
837.43777	0.00497
837.67883	0.00460
837.91988	0.00425
838.16094	0.00392
838.40200	0.00361
838.64306	0.00333
838.88412	0.00308
839.12518	0.00287
839.36624	0.00269
839.60729	0.00254
839.84835	0.00243
840.08941	0.00234
840.33047	0.00229
840.57153	0.00226
840.81259	0.00226
841.05365	0.00227
841.29471	0.00230
841.53576	0.00235
841.77682	0.00240
842.01788	0.00247
842.25894	0.00254
842.50000	0.00261
842.74106	0.00269
842.98212	0.00276
843.22317	0.00283
843.46423	0.00290
843.70529	0.00297
843.94635	0.00304
844.18741	0.00311
844.42847	0.00318
844.66953	0.00324
844.91059	0.00331
845.15164	0.00337
845.39270	0.00344
845.63376	0.00352
845.87482	0.00360
846.11588	0.00368
846.35694	0.00377
846.59800	0.00387
846.83905	0.00397
847.08011	0.00406
847.32117	0.00415
847.56223	0.00424
847.80329	0.00432
848.04435	0.00439
848.28541	0.00446
848.52646	0.00452
848.76752	0.00458
849.00858	0.00463
849.24964	0.00468
849.49070	0.00473
849.73176	0.00478
849.97282	0.00483
850.21388	0.00489
850.45493	0.00495
850.69599	0.00501
850.93705	0.00508
851.17811	0.00516
851.41917	0.00524
851.66023	0.00533
851.90129	0.00542
852.14234	0.00551
852.38340	0.00560
852.62446	0.00568
852.86552	0.00576
853.10658	0.00582
853.34764	0.00588
853.58870	0.00594
853.82976	0.00599
854.07081	0.00605
854.31187	0.00611
854.55293	0.00617
854.79399	0.00624
855.03505	0.00632
855.27611	0.00640
855.51717	0.00648
855.75822	0.00656
855.99928	0.00663
856.24034	0.00670
856.48140	0.00675
856.72246	0.00679
856.96352	0.00683
857.20458	0.00685
857.44564	0.00687
857.68669	0.00689
857.92775	0.00691
858.16881	0.00694
858.40987	0.00696
858.65093	0.00699
858.89199	0.00702
859.13305	0.00704
859.37410	0.00706
859.61516	0.00708
859.85622	0.00708
860.09728	0.00708
860.33834	0.00707
860.57940	0.00705
860.82046	0.00703
861.06151	0.00701
861.30257	0.00698
861.54363	0.00695
861.78469	0.00692
862.02575	0.00688
862.26681	0.00684
862.50787	0.00680
862.74893	0.00675
862.98998	0.00669
863.23104	0.00663
863.47210	0.00656
863.71316	0.00650
863.95422	0.00643
864.19528	0.00636
864.43634	0.00630
864.67739	0.00622
864.91845	0.00615
865.15951	0.00607
865.40057	0.00598
865.64163	0.00589
865.88269	0.00579
866.12375	0.00569
866.36481	0.00558
866.60586	0.00548
866.84692	0.00538
867.08798	0.00528
867.32904	0.00519
867.57010	0.00511
867.81116	0.00502
868.05222	0.00494
868.29327	0.00486
868.53433	0.00477
868.77539	0.00467
869.01645	0.00457
869.25751	0.00446
869.49857	0.00435
869.73963	0.00424
869.98069	0.00413
870.22174	0.00402
870.46280	0.00394
870.70386	0.00387
870.94492	0.00382
871.18598	0.00379
871.42704	0.00379
871.66810	0.00382
871.90915	0.00386
872.15021	0.00393
872.39127	0.00401
872.63233	0.00411
872.87339	0.00423
873.11445	0.00436
873.35551	0.00449
873.59656	0.00463
873.83762	0.00476
874.07868	0.00489
874.31974	0.00501
874.56080	0.00512
874.80186	0.00522
875.04292	0.00531
875.28398	0.00538
875.52503	0.00544
875.76609	0.00549
876.00715	0.00552
876.24821	0.00553
876.48927	0.00554
876.73033	0.00553
876.97139	0.00551
877.21244	0.00548
877.45350	0.00543
877.69456	0.00537
877.93562	0.00530
878.17668	0.00522
878.41774	0.00514
878.65880	0.00506
878.89986	0.00498
879.14091	0.00490
879.38197	0.00483
879.62303	0.00476
879.86409	0.00470
880.10515	0.00463
880.34621	0.00457
880.58727	0.00450
880.82832	0.00442
881.06938	0.00433
881.31044	0.00423
881.55150	0.00413
881.79256	0.00403
882.03362	0.00392
882.27468	0.00382
882.51574	0.00372
882.75679	0.00364
882.99785	0.00356
883.23891	0.00350
883.47997	0.00345
883.72103	0.00341
883.96209	0.00338
884.20315	0.00335
884.44420	0.00331
884.68526	0.00327
884.92632	0.00321
885.16738	0.00314
885.40844	0.00306
885.64950	0.00296
885.89056	0.00284
886.13161	0.00273
886.37267	0.00261
886.61373	0.00251
886.85479	0.00241
887.09585	0.00233
887.33691	0.00227
887.57797	0.00222
887.81903	0.00219
888.06008	0.00216
888.30114	0.00214
888.54220	0.00212
888.78326	0.00209
889.02432	0.00206
889.26538	0.00203
889.50644	0.00199
889.74749	0.00196
889.98855	0.00193
890.22961	0.00190
890.47067	0.00187
890.71173	0.00184
890.95279	0.00182
891.19385	0.00179
891.43491	0.00176
891.67596	0.00172
891.91702	0.00168
892.15808	0.00164
892.39914	0.00159
892.64020	0.00155
892.88126	0.00151
893.12232	0.00147
893.36337	0.00144
893.60443	0.00141
893.84549	0.00138
894.08655	0.00136
894.32761	0.00133
894.56867	0.00129
894.80973	0.00126
895.05079	0.00121
895.29184	0.00116
895.53290	0.00111
895.77396	0.00107
896.01502	0.00103
896.25608	0.00099
896.49714	0.00097
896.73820	0.00095
896.97925	0.00093
897.22031	0.00092
897.46137	0.00091
897.70243	0.00090
897.94349	0.00090
898.18455	0.00089
898.42561	0.00088
898.66667	0.00088
898.90772	0.00087
899.14878	0.00087
899.38984	0.00087
899.63090	0.00087
