0.00000	-0.00505
0.24106	-0.00496
0.48212	-0.00466
0.72318	-0.00407
0.96423	-0.00310
1.20529	-0.00168
1.44635	0.00024
1.68741	0.00261
1.92847	0.00531
2.16953	0.00836
2.41059	0.01141
2.65165	0.01420
2.89270	0.01653
3.13376	0.01827
3.37482	0.01942
3.61588	0.02006
3.85694	0.02031
4.09800	0.02035
4.33906	0.02029
4.58011	0.02021
4.82117	0.02016
5.06223	0.02013
5.30329	0.02011
5.54435	0.02008
5.78541	0.02002
6.02647	0.01992
6.26753	0.01979
6.50858	0.01964
6.74964	0.01946
6.99070	0.01928
7.23176	0.01910
7.47282	0.01893
7.71388	0.01878
7.95494	0.01865
8.19599	0.01855
8.43705	0.01847
8.67811	0.01841
8.91917	0.01836
9.16023	0.01830
9.40129	0.01824
9.64235	0.01819
9.88340	0.01816
10.12446	0.01818
10.36552	0.01828
10.60658	0.01847
10.84764	0.01879
11.08870	0.01921
11.32976	0.01972
11.57082	0.02028
11.81187	0.02083
12.05293	0.02129
12.29399	0.02160
12.53505	0.02168
12.77611	0.02148
13.01717	0.02095
13.25823	0.02008
13.49928	0.01889
13.74034	0.01730
13.98140	0.01553
14.22246	0.01371
14.46352	0.01201
14.70458	0.01057
14.94564	0.00951
15.18670	0.00890
15.42775	0.00874
15.66881	0.00901
15.90987	0.00964
16.15093	0.01049
16.39199	0.01144
16.63305	0.01236
16.87411	0.01317
17.11516	0.01381
17.35622	0.01424
17.59728	0.01435
17.83834	0.01427
18.07940	0.01399
18.32046	0.01351
18.56152	0.01284
18.80258	0.01198
19.04363	0.01096
19.28469	0.00980
19.52575	0.00795
19.76681	0.00580
20.00787	0.00375
20.24893	0.00218
20.48999	0.00133
20.73104	0.00130
20.97210	0.00202
21.21316	0.00324
21.45422	0.00515
21.69528	0.00733
21.93634	0.00974
22.17740	0.01232
22.41845	0.01498
22.65951	0.01764
22.90057	0.02020
23.14163	0.02259
23.38269	0.02477
23.62375	0.02672
23.86481	0.02845
24.10587	0.03001
24.34692	0.03148
24.58798	0.03293
24.82904	0.03441
25.07010	0.03597
25.31116	0.03763
25.55222	0.03938
25.79328	0.04121
26.03433	0.04307
26.27539	0.04493
26.51645	0.04677
26.75751	0.04857
26.99857	0.05036
27.23963	0.05218
27.48069	0.05409
27.72175	0.05621
27.96280	0.05863
28.20386	0.06143
28.44492	0.06469
28.68598	0.06843
28.92704	0.07264
29.16810	0.07724
29.40916	0.08216
29.65021	0.08728
29.89127	0.09251
30.13233	0.09778
30.37339	0.10304
30.61445	0.10830
30.85551	0.11355
31.09657	0.11880
31.33763	0.12400
31.57868	0.12907
31.81974	0.13390
32.06080	0.13834
32.30186	0.14224
32.54292	0.14549
32.78398	0.14807
33.02504	0.15002
33.26609	0.15152
33.50715	0.15282
33.74821	0.15424
33.98927	0.15611
34.23033	0.15872
34.47139	0.16227
34.71245	0.16690
34.95350	0.17259
35.19456	0.17927
35.43562	0.18679
35.67668	0.19502
35.91774	0.20389
36.15880	0.21342
36.39986	0.22373
36.64092	0.23506
36.88197	0.24770
37.12303	0.26191
37.36409	0.27784
37.60515	0.29544
37.84621	0.31441
38.08727	0.33417
38.32833	0.35390
38.56938	0.37265
38.81044	0.38944
39.05150	0.40343
39.29256	0.41403
39.53362	0.42104
39.77468	0.42465
40.01574	0.42544
40.25680	0.42426
40.49785	0.42215
40.73891	0.42013
40.97997	0.41911
41.22103	0.41972
41.46209	0.42234
41.70315	0.42701
41.94421	0.43356
42.18526	0.44165
42.42632	0.45092
42.66738	0.46102
42.90844	0.47174
43.14950	0.48298
43.39056	0.49475
43.63162	0.50710
43.87268	0.52005
44.11373	0.53350
44.35479	0.54719
44.59585	0.56068
44.83691	0.57334
45.07797	0.58448
45.31903	0.59343
45.56009	0.59964
45.80114	0.60287
46.04220	0.60316
46.28326	0.60095
46.52432	0.59703
46.76538	0.59242
47.00644	0.58829
47.24750	0.58579
47.48855	0.58589
47.72961	0.58929
47.97067	0.59637
48.21173	0.60715
48.45279	0.62143
48.69385	0.63883
48.93491	0.65895
49.17597	0.68150
49.41702	0.70639
49.65808	0.73375
49.89914	0.76389
50.14020	0.79720
50.38126	0.83402
50.62232	0.87441
50.86338	0.91809
51.10443	0.96431
51.34549	1.01185
51.58655	1.05912
51.82761	1.10436
52.06867	1.14586
52.30973	1.18220
52.55079	1.21249
52.79185	1.23646
53.03290	1.25451
53.27396	1.26757
53.51502	1.27694
53.75608	1.28402
53.99714	1.29009
54.23820	1.29605
54.47926	1.30241
54.72031	1.30924
54.96137	1.31637
55.20243	1.32352
55.44349	1.33060
55.68455	1.33788
55.92561	1.34609
56.16667	1.35643
56.40773	1.37038
56.64878	1.38945
56.88984	1.41488
57.13090	1.44732
57.37196	1.48659
57.61302	1.53162
57.85408	1.58049
58.09514	1.63066
58.33619	1.67936
58.57725	1.72398
58.81831	1.76242
59.05937	1.79341
59.30043	1.81663
59.54149	1.83264
59.78255	1.84269
60.02361	1.84840
60.26466	1.85134
60.50572	1.85277
60.74678	1.85336
60.98784	1.85312
61.22890	1.85157
61.46996	1.84787
61.71102	1.84123
61.95207	1.83119
62.19313	1.81790
62.43419	1.80227
62.67525	1.78589
62.91631	1.77089
63.15737	1.75960
63.39843	1.75417
63.63948	1.75618
63.88054	1.76639
64.12160	1.78456
64.36266	1.80949
64.60372	1.83924
64.84478	1.87138
65.08584	1.90344
65.32690	1.93324
65.56795	1.95917
65.80901	1.98034
66.05007	1.99657
66.29113	2.00823
66.53219	2.01594
66.77325	2.02029
67.01431	2.02159
67.25536	2.01969
67.49642	2.01395
67.73748	2.00339
67.97854	1.98691
68.21960	1.96361
68.46066	1.93305
68.70172	1.89552
68.94278	1.85208
69.18383	1.80452
69.42489	1.75518
69.66595	1.70658
69.90701	1.66119
70.14807	1.62103
70.38913	1.58743
70.63019	1.56096
70.87124	1.54145
71.11230	1.52817
71.35336	1.52007
71.59442	1.51607
71.83548	1.51532
72.07654	1.51739
72.31760	1.52225
72.55866	1.53030
72.79971	1.54206
73.04077	1.55798
73.28183	1.57816
73.52289	1.60210
73.76395	1.62863
74.00501	1.65593
74.24607	1.68167
74.48712	1.70337
74.72818	1.71866
74.96924	1.72575
75.21030	1.72363
75.45136	1.71230
75.69242	1.69277
75.93348	1.66698
76.17453	1.63747
76.41559	1.60712
76.65665	1.57876
76.89771	1.55487
77.13877	1.53732
77.37983	1.52729
77.62089	1.52522
77.86195	1.53099
78.10300	1.54403
78.34406	1.56360
78.58512	1.58896
78.82618	1.61951
79.06724	1.65487
79.30830	1.69480
79.54936	1.73910
79.79041	1.78740
80.03147	1.83899
80.27253	1.89263
80.51359	1.94654
80.75465	1.99847
80.99571	2.04589
81.23677	2.08631
81.47783	2.11764
81.71888	2.13853
81.95994	2.14859
82.20100	2.14850
82.44206	2.13996
82.68312	2.12539
82.92418	2.10762
83.16524	2.08944
83.40629	2.07320
83.64735	2.06057
83.88841	2.05235
84.12947	2.04855
84.37053	2.04858
84.61159	2.05159
84.85265	2.05680
85.09371	2.06380
85.33476	2.07278
85.57582	2.08449
85.81688	2.10017
86.05794	2.12121
86.29900	2.14878
86.54006	2.18346
86.78112	2.22491
87.02217	2.27173
87.26323	2.32149
87.50429	2.37102
87.74535	2.41679
87.98641	2.45542
88.22747	2.48424
88.46853	2.50169
88.70958	2.50750
88.95064	2.50275
89.19170	2.48956
89.43276	2.47071
89.67382	2.44911
89.91488	2.42729
90.15594	2.40701
90.39700	2.38911
90.63805	2.37350
90.87911	2.35945
91.12017	2.34594
91.36123	2.33213
91.60229	2.31774
91.84335	2.30326
92.08441	2.28999
92.32546	2.27991
92.56652	2.27529
92.80758	2.27823
93.04864	2.29023
93.28970	2.31182
93.53076	2.34230
93.77182	2.37982
94.01288	2.42154
94.25393	2.46408
94.49499	2.50398
94.73605	2.53819
94.97711	2.56458
95.21817	2.58209
95.45923	2.59084
95.70029	2.59194
95.94134	2.58717
96.18240	2.57855
96.42346	2.56786
96.66452	2.55634
96.90558	2.54448
97.14664	2.53201
97.38770	2.51813
97.62876	2.50181
97.86981	2.48221
98.11087	2.45904
98.35193	2.43279
98.59299	2.40483
98.83405	2.37731
99.07511	2.35282
99.31617	2.33400
99.55722	2.32312
99.79828	2.32166
100.03934	2.33011
100.28040	2.34784
100.52146	2.37326
100.76252	2.40410
101.00358	2.43781
101.24464	2.47196
101.48569	2.50459
101.72675	2.53449
101.96781	2.56120
102.20887	2.58495
102.44993	2.60640
102.69099	2.62630
102.93205	2.64515
103.17310	2.66294
103.41416	2.67907
103.65522	2.69234
103.89628	2.70119
104.13734	2.70406
104.37840	2.69972
104.61946	2.68766
104.86051	2.66830
105.10157	2.64305
105.34263	2.61420
105.58369	2.58463
105.82475	2.55737
106.06581	2.53519
106.30687	2.52017
106.54793	2.51345
106.78898	2.51512
107.03004	2.52436
107.27110	2.53967
107.51216	2.55930
107.75322	2.58162
107.99428	2.60548
108.23534	2.63043
108.47639	2.65676
108.71745	2.68531
108.95851	2.71718
109.19957	2.75327
109.44063	2.79398
109.68169	2.83880
109.92275	2.88625
110.16381	2.93391
110.40486	2.97879
110.64592	3.01770
110.88698	3.04782
111.12804	3.06719
111.36910	3.07501
111.61016	3.07187
111.85122	3.05957
112.09227	3.04086
112.33333	3.01896
112.57439	2.99699
112.81545	2.97755
113.05651	2.96230
113.29757	2.95192
113.53863	2.94609
113.77969	2.94387
114.02074	2.94405
114.26180	2.94559
114.50286	2.94804
114.74392	2.95171
114.98498	2.95771
115.22604	2.96776
115.46710	2.98380
115.70815	3.00758
115.94921	3.04015
116.19027	3.08149
116.43133	3.13036
116.67239	3.18428
116.91345	3.23988
117.15451	3.29327
117.39556	3.34068
117.63662	3.37897
117.87768	3.40615
118.11874	3.42155
118.35980	3.42593
118.60086	3.42117
118.84192	3.40990
119.08298	3.39495
119.32403	3.37884
119.56509	3.36334
119.80615	3.34932
120.04721	3.33672
120.28827	3.32480
120.52933	3.31256
120.77039	3.29918
121.01144	3.28445
121.25250	3.26899
121.49356	3.25439
121.73462	3.24296
121.97568	3.23745
122.21674	3.24051
122.45780	3.25419
122.69886	3.27951
122.93991	3.31622
123.18097	3.36278
123.42203	3.41651
123.66309	3.47404
123.90415	3.53181
124.14521	3.58662
124.38627	3.63603
124.62732	3.67864
124.86838	3.71415
125.10944	3.74320
125.35050	3.76698
125.59156	3.78680
125.83262	3.80372
126.07368	3.81812
126.31474	3.82965
126.55579	3.83726
126.79685	3.83948
127.03791	3.83478
127.27897	3.82211
127.52003	3.80123
127.76109	3.77302
128.00215	3.73951
128.24320	3.70372
128.48426	3.66929
128.72532	3.63992
128.96638	3.61889
129.20744	3.60846
129.44850	3.60960
129.68956	3.62183
129.93061	3.64334
130.17167	3.67132
130.41273	3.70247
130.65379	3.73354
130.89485	3.76184
131.13591	3.78565
131.37697	3.80429
131.61803	3.81813
131.85908	3.82824
132.10014	3.83598
132.34120	3.84250
132.58226	3.84834
132.82332	3.85319
133.06438	3.85582
133.30544	3.85435
133.54649	3.84656
133.78755	3.83047
134.02861	3.80477
134.26967	3.76926
134.51073	3.72502
134.75179	3.67434
134.99285	3.62045
135.23391	3.56705
135.47496	3.51767
135.71602	3.47523
135.95708	3.44157
136.19814	3.41728
136.43920	3.40174
136.68026	3.39337
136.92132	3.39008
137.16237	3.38974
137.40343	3.39065
137.64449	3.39185
137.88555	3.39320
138.12661	3.39535
138.36767	3.39936
138.60873	3.40636
138.84979	3.41710
139.09084	3.43157
139.33190	3.44882
139.57296	3.46698
139.81402	3.48347
140.05508	3.49540
140.29614	3.50006
140.53720	3.49539
140.77825	3.48037
141.01931	3.45521
141.26037	3.42129
141.50143	3.38103
141.74249	3.33738
141.98355	3.29342
142.22461	3.25188
142.46566	3.21476
142.70672	3.18311
142.94778	3.15706
143.18884	3.13598
143.42990	3.11874
143.67096	3.10414
143.91202	3.09124
144.15308	3.07961
144.39413	3.06947
144.63519	3.06159
144.87625	3.05710
145.11731	3.05717
145.35837	3.06265
145.59943	3.07372
145.84049	3.08974
146.08154	3.10921
146.32260	3.12988
146.56366	3.14910
146.80472	3.16421
147.04578	3.17296
147.28684	3.17389
147.52790	3.16652
147.76896	3.15144
148.01001	3.13012
148.25107	3.10461
148.49213	3.07715
148.73319	3.04971
148.97425	3.02369
149.21531	2.99971
149.45637	2.97758
149.69742	2.95650
149.93848	2.93534
150.17954	2.91301
150.42060	2.88884
150.66166	2.86280
150.90272	2.83561
151.14378	2.80868
151.38484	2.78386
151.62589	2.76306
151.86695	2.74787
152.10801	2.73924
152.34907	2.73720
152.59013	2.74085
152.83119	2.74846
153.07225	2.75776
153.31330	2.76637
153.55436	2.77214
153.79542	2.77355
154.03648	2.76991
154.27754	2.76137
154.51860	2.74884
154.75966	2.73367
155.00072	2.71733
155.24177	2.70106
155.48283	2.68561
155.72389	2.67109
155.96495	2.65702
156.20601	2.64248
156.44707	2.62639
156.68813	2.60780
156.92918	2.58621
157.17024	2.56168
157.41130	2.53497
157.65236	2.50740
157.89342	2.48064
158.13448	2.45647
158.37554	2.43642
158.61659	2.42157
158.85765	2.41231
159.09871	2.40837
159.33977	2.40881
159.58083	2.41230
159.82189	2.41732
160.06295	2.42247
160.30401	2.42671
160.54506	2.42951
160.78612	2.43090
161.02718	2.43140
161.26824	2.43181
161.50930	2.43299
161.75036	2.43554
161.99142	2.43967
162.23247	2.44502
162.47353	2.45070
162.71459	2.45546
162.95565	2.45788
163.19671	2.45671
163.43777	2.45116
163.67883	2.44107
163.91989	2.42699
164.16094	2.41016
164.40200	2.39226
164.64306	2.37517
164.88412	2.36057
165.12518	2.34970
165.36624	2.34315
165.60730	2.34077
165.84835	2.34179
166.08941	2.34497
166.33047	2.34895
166.57153	2.35250
166.81259	2.35482
167.05365	2.35569
167.29471	2.35550
167.53577	2.35512
167.77682	2.35571
168.01788	2.35837
168.25894	2.36394
168.50000	2.37268
168.74106	2.38423
168.98212	2.39757
169.22318	2.41120
169.46423	2.42341
169.70529	2.43258
169.94635	2.43748
170.18741	2.43752
170.42847	2.43286
170.66953	2.42435
170.91059	2.41342
171.15164	2.40176
171.39270	2.39105
171.63376	2.38263
171.87482	2.37732
172.11588	2.37525
172.35694	2.37597
172.59800	2.37853
172.83906	2.38179
173.08011	2.38467
173.32117	2.38640
173.56223	2.38672
173.80329	2.38596
174.04435	2.38491
174.28541	2.38470
174.52647	2.38650
174.76752	2.39124
175.00858	2.39939
175.24964	2.41080
175.49070	2.42467
175.73176	2.43967
175.97282	2.45420
176.21388	2.46665
176.45494	2.47571
176.69599	2.48065
176.93705	2.48141
177.17811	2.47862
177.41917	2.47345
177.66023	2.46737
177.90129	2.46183
178.14235	2.45800
178.38340	2.45653
178.62446	2.45745
178.86552	2.46025
179.10658	2.46402
179.34764	2.46769
179.58870	2.47037
179.82976	2.47153
180.07082	2.47122
180.31187	2.47006
180.55293	2.46915
180.79399	2.46986
181.03505	2.47353
181.27611	2.48120
181.51717	2.49334
181.75823	2.50973
181.99928	2.52947
182.24034	2.55109
182.48140	2.57282
182.72246	2.59290
182.96352	2.60989
183.20458	2.62293
183.44564	2.63187
183.68669	2.63728
183.92775	2.64030
184.16881	2.64240
184.40987	2.64505
184.65093	2.64946
184.89199	2.65628
185.13305	2.66554
185.37411	2.67665
185.61516	2.68853
185.85622	2.69992
186.09728	2.70967
186.33834	2.71700
186.57940	2.72174
186.82046	2.72439
187.06152	2.72608
187.30257	2.72831
187.54363	2.73272
187.78469	2.74074
188.02575	2.75327
188.26681	2.77051
188.50787	2.79189
188.74893	2.81615
188.98999	2.84158
189.23104	2.86635
189.47210	2.88882
189.71316	2.90788
189.95422	2.92311
190.19528	2.93487
190.43634	2.94413
190.67740	2.95226
190.91845	2.96069
191.15951	2.97059
191.40057	2.98257
191.64163	2.99656
191.88269	3.01182
192.12375	3.02705
192.36481	3.04074
192.60587	3.05149
192.84692	3.05831
193.08798	3.06089
193.32904	3.05968
193.57010	3.05582
193.81116	3.05094
194.05222	3.04682
194.29328	3.04506
194.53433	3.04679
194.77539	3.05240
195.01645	3.06154
195.25751	3.07317
195.49857	3.08584
195.73963	3.09795
195.98069	3.10812
196.22174	3.11545
196.46280	3.11971
196.70386	3.12136
196.94492	3.12142
197.18598	3.12127
197.42704	3.12228
197.66810	3.12555
197.90916	3.13166
198.15021	3.14052
198.39127	3.15136
198.63233	3.16292
198.87339	3.17369
199.11445	3.18223
199.35551	3.18745
199.59657	3.18885
199.83762	3.18663
200.07868	3.18164
200.31974	3.17515
200.56080	3.16867
200.80186	3.16354
201.04292	3.16071
201.28398	3.16052
201.52504	3.16267
201.76609	3.16626
202.00715	3.17004
202.24821	3.17267
202.48927	3.17303
202.73033	3.17045
202.97139	3.16490
203.21245	3.15698
203.45350	3.14778
203.69456	3.13872
203.93562	3.13118
204.17668	3.12627
204.41774	3.12461
204.65880	3.12615
204.89986	3.13023
205.14092	3.13568
205.38197	3.14104
205.62303	3.14487
205.86409	3.14599
206.10515	3.14371
206.34621	3.13796
206.58727	3.12923
206.82833	3.11852
207.06938	3.10705
207.31044	3.09606
207.55150	3.08652
207.79256	3.07892
208.03362	3.07321
208.27468	3.06880
208.51574	3.06467
208.75680	3.05964
208.99785	3.05256
209.23891	3.04261
209.47997	3.02947
209.72103	3.01338
209.96209	2.99512
210.20315	2.97582
210.44421	2.95680
210.68526	2.93923
210.92632	2.92392
211.16738	2.91117
211.40844	2.90070
211.64950	2.89171
211.89056	2.88309
212.13162	2.87360
212.37267	2.86220
212.61373	2.84824
212.85479	2.83160
213.09585	2.81272
213.33691	2.79253
213.57797	2.77218
213.81903	2.75290
214.06009	2.73565
214.30114	2.72098
214.54220	2.70890
214.78326	2.69892
215.02432	2.69012
215.26538	2.68141
215.50644	2.67174
215.74750	2.66031
215.98855	2.64680
216.22961	2.63137
216.47067	2.61465
216.71173	2.59760
216.95279	2.58127
217.19385	2.56663
217.43491	2.55430
217.67597	2.54448
217.91702	2.53684
218.15808	2.53067
218.39914	2.52498
218.64020	2.51869
218.88126	2.51090
219.12232	2.50102
219.36338	2.48890
219.60443	2.47484
219.84549	2.45951
220.08655	2.44378
220.32761	2.42857
220.56867	2.41459
220.80973	2.40225
221.05079	2.39153
221.29185	2.38202
221.53290	2.37304
221.77396	2.36375
222.01502	2.35340
222.25608	2.34151
222.49714	2.32796
222.73820	2.31312
222.97926	2.29770
223.22031	2.28273
223.46137	2.26928
223.70243	2.25828
223.94349	2.25033
224.18455	2.24558
224.42561	2.24367
224.66667	2.24381
224.90772	2.24490
225.14878	2.24575
225.38984	2.24532
225.63090	2.24284
225.87196	2.23798
226.11302	2.23088
226.35408	2.22204
226.59514	2.21224
226.83619	2.20233
227.07725	2.19304
227.31831	2.18482
227.55937	2.17778
227.80043	2.17165
228.04149	2.16590
228.28255	2.15984
228.52360	2.15283
228.76466	2.14443
229.00572	2.13452
229.24678	2.12333
229.48784	2.11147
229.72890	2.09979
229.96996	2.08919
230.21102	2.08050
230.45207	2.07430
230.69313	2.07077
230.93419	2.06969
231.17525	2.07047
231.41631	2.07225
231.65737	2.07404
231.89843	2.07494
232.13948	2.07429
232.38054	2.07171
232.62160	2.06724
232.86266	2.06120
233.10372	2.05416
233.34478	2.04679
233.58584	2.03966
233.82690	2.03317
234.06795	2.02744
234.30901	2.02230
234.55007	2.01737
234.79113	2.01211
235.03219	2.00602
235.27325	1.99874
235.51431	1.99014
235.75536	1.98043
235.99642	1.97007
236.23748	1.95976
236.47854	1.95028
236.71960	1.94235
236.96066	1.93651
237.20172	1.93299
237.44277	1.93170
237.68383	1.93223
237.92489	1.93395
238.16595	1.93614
238.40701	1.93812
238.64807	1.93941
238.88913	1.93977
239.13019	1.93927
239.37124	1.93825
239.61230	1.93719
239.85336	1.93661
240.09442	1.93695
240.33548	1.93839
240.57654	1.94086
240.81760	1.94398
241.05865	1.94717
241.29971	1.94971
241.54077	1.95093
241.78183	1.95033
242.02289	1.94767
242.26395	1.94306
242.50501	1.93694
242.74607	1.92999
242.98712	1.92302
243.22818	1.91686
243.46924	1.91214
243.71030	1.90928
243.95136	1.90836
244.19242	1.90917
244.43348	1.91128
244.67453	1.91413
244.91559	1.91719
245.15665	1.92005
245.39771	1.92251
245.63877	1.92465
245.87983	1.92677
246.12089	1.92930
246.36195	1.93272
246.60300	1.93741
246.84406	1.94354
247.08512	1.95100
247.32618	1.95942
247.56724	1.96817
247.80830	1.97648
248.04936	1.98359
248.29041	1.98887
248.53147	1.99194
248.77253	1.99273
249.01359	1.99153
249.25465	1.98889
249.49571	1.98556
249.73677	1.98232
249.97783	1.97987
250.21888	1.97870
250.45994	1.97904
250.70100	1.98081
250.94206	1.98372
251.18312	1.98732
251.42418	1.99114
251.66524	1.99484
251.90629	1.99823
252.14735	2.00139
252.38841	2.00462
252.62947	2.00838
252.87053	2.01315
253.11159	2.01937
253.35265	2.02727
253.59370	2.03680
253.83476	2.04762
254.07582	2.05914
254.31688	2.07059
254.55794	2.08116
254.79900	2.09017
255.04006	2.09712
255.28112	2.10185
255.52217	2.10448
255.76323	2.10541
256.00429	2.10523
256.24535	2.10455
256.48641	2.10392
256.72747	2.10368
256.96853	2.10395
257.20958	2.10457
257.45064	2.10522
257.69170	2.10550
257.93276	2.10501
258.17382	2.10355
258.41488	2.10111
258.65594	2.09796
258.89700	2.09463
259.13805	2.09176
259.37911	2.09008
259.62017	2.09017
259.86123	2.09245
260.10229	2.09701
260.34335	2.10364
260.58441	2.11184
260.82546	2.12092
261.06652	2.13008
261.30758	2.13863
261.54864	2.14600
261.78970	2.15191
262.03076	2.15630
262.27182	2.15940
262.51288	2.16155
262.75393	2.16316
262.99499	2.16454
263.23605	2.16587
263.47711	2.16707
263.71817	2.16786
263.95923	2.16780
264.20029	2.16640
264.44134	2.16321
264.68240	2.15799
264.92346	2.15075
265.16452	2.14180
265.40558	2.13174
265.64664	2.12133
265.88770	2.11146
266.12875	2.10289
266.36981	2.09624
266.61087	2.09181
266.85193	2.08957
267.09299	2.08921
267.33405	2.09016
267.57511	2.09176
267.81617	2.09336
268.05722	2.09441
268.29828	2.09461
268.53934	2.09388
268.78040	2.09236
269.02146	2.09034
269.26252	2.08817
269.50358	2.08610
269.74463	2.08429
269.98569	2.08264
270.22675	2.08088
270.46781	2.07857
270.70887	2.07517
270.94993	2.07018
271.19099	2.06322
271.43205	2.05414
271.67310	2.04303
271.91416	2.03025
272.15522	2.01635
272.39628	2.00201
272.63734	1.98791
272.87840	1.97464
273.11946	1.96259
273.36051	1.95196
273.60157	1.94270
273.84263	1.93458
274.08369	1.92727
274.32475	1.92043
274.56581	1.91378
274.80687	1.90717
275.04793	1.90062
275.28898	1.89430
275.53004	1.88846
275.77110	1.88338
276.01216	1.87929
276.25322	1.87624
276.49428	1.87412
276.73534	1.87264
276.97639	1.87131
277.21745	1.86957
277.45851	1.86685
277.69957	1.86266
277.94063	1.85669
278.18169	1.84882
278.42275	1.83919
278.66380	1.82811
278.90486	1.81603
279.14592	1.80346
279.38698	1.79088
279.62804	1.77865
279.86910	1.76700
280.11016	1.75601
280.35122	1.74563
280.59227	1.73574
280.83333	1.72620
281.07439	1.71693
281.31545	1.70797
281.55651	1.69945
281.79757	1.69164
282.03863	1.68482
282.27968	1.67929
282.52074	1.67527
282.76180	1.67280
283.00286	1.67176
283.24392	1.67180
283.48498	1.67245
283.72604	1.67308
283.96710	1.67309
284.20815	1.67190
284.44921	1.66912
284.69027	1.66453
284.93133	1.65812
285.17239	1.65006
285.41345	1.64068
285.65451	1.63036
285.89556	1.61946
286.13662	1.60826
286.37768	1.59695
286.61874	1.58557
286.85980	1.57408
287.10086	1.56239
287.34192	1.55044
287.58298	1.53824
287.82403	1.52589
288.06509	1.51366
288.30615	1.50189
288.54721	1.49100
288.78827	1.48142
289.02933	1.47349
289.27039	1.46740
289.51144	1.46318
289.75250	1.46066
289.99356	1.45952
290.23462	1.45930
290.47568	1.45947
290.71674	1.45956
290.95780	1.45914
291.19885	1.45793
291.43991	1.45580
291.68097	1.45274
291.92203	1.44886
292.16309	1.44433
292.40415	1.43930
292.64521	1.43391
292.88627	1.42818
293.12732	1.42209
293.36838	1.41552
293.60944	1.40837
293.85050	1.40051
294.09156	1.39192
294.33262	1.38264
294.57368	1.37287
294.81473	1.36290
295.05579	1.35307
295.29685	1.34380
295.53791	1.33542
295.77897	1.32822
296.02003	1.32233
296.26109	1.31776
296.50215	1.31437
296.74320	1.31192
296.98426	1.31012
297.22532	1.30865
297.46638	1.30728
297.70744	1.30584
297.94850	1.30426
298.18956	1.30259
298.43061	1.30092
298.67167	1.29936
298.91273	1.29802
299.15379	1.29692
299.39485	1.29598
299.63591	1.29503
299.87697	1.29381
300.11803	1.29205
300.35908	1.28945
300.60014	1.28582
300.84120	1.28106
301.08226	1.27523
301.32332	1.26850
301.56438	1.26119
301.80544	1.25368
302.04649	1.24636
302.28755	1.23958
302.52861	1.23362
302.76967	1.22862
303.01073	1.22460
303.25179	1.22150
303.49285	1.21918
303.73391	1.21746
303.97496	1.21622
304.21602	1.21539
304.45708	1.21494
304.69814	1.21496
304.93920	1.21554
305.18026	1.21680
305.42132	1.21879
305.66237	1.22153
305.90343	1.22491
306.14449	1.22874
306.38555	1.23275
306.62661	1.23662
306.86767	1.24006
307.10873	1.24280
307.34978	1.24470
307.59084	1.24571
307.83190	1.24592
308.07296	1.24551
308.31402	1.24472
308.55508	1.24382
308.79614	1.24305
309.03720	1.24259
309.27825	1.24255
309.51931	1.24296
309.76037	1.24379
310.00143	1.24498
310.24249	1.24648
310.48355	1.24829
310.72461	1.25044
310.96566	1.25307
311.20672	1.25634
311.44778	1.26043
311.68884	1.26553
311.92990	1.27174
312.17096	1.27909
312.41202	1.28751
312.65308	1.29680
312.89413	1.30665
313.13519	1.31673
313.37625	1.32666
313.61731	1.33610
313.85837	1.34479
314.09943	1.35257
314.34049	1.35941
314.58154	1.36537
314.82260	1.37061
315.06366	1.37531
315.30472	1.37967
315.54578	1.38383
315.78684	1.38786
316.02790	1.39177
316.26896	1.39547
316.51001	1.39889
316.75107	1.40191
316.99213	1.40452
317.23319	1.40676
317.47425	1.40879
317.71531	1.41086
317.95637	1.41331
318.19742	1.41645
318.43848	1.42061
318.67954	1.42599
318.92060	1.43268
319.16166	1.44062
319.40272	1.44960
319.64378	1.45932
319.88483	1.46939
320.12589	1.47948
320.36695	1.48926
320.60801	1.49854
320.84907	1.50722
321.09013	1.51534
321.33119	1.52300
321.57225	1.53036
321.81330	1.53754
322.05436	1.54464
322.29542	1.55166
322.53648	1.55850
322.77754	1.56502
323.01860	1.57102
323.25966	1.57636
323.50071	1.58094
323.74177	1.58478
323.98283	1.58803
324.22389	1.59098
324.46495	1.59396
324.70601	1.59739
324.94707	1.60160
325.18813	1.60686
325.42918	1.61329
325.67024	1.62087
325.91130	1.62939
326.15236	1.63858
326.39342	1.64807
326.63448	1.65752
326.87554	1.66663
327.11659	1.67523
327.35765	1.68326
327.59871	1.69077
327.83977	1.69787
328.08083	1.70470
328.32189	1.71138
328.56295	1.71791
328.80401	1.72423
329.04506	1.73012
329.28612	1.73531
329.52718	1.73947
329.76824	1.74232
330.00930	1.74364
330.25036	1.74337
330.49142	1.74162
330.73247	1.73862
330.97353	1.73477
331.21459	1.73051
331.45565	1.72628
331.69671	1.72247
331.93777	1.71934
332.17883	1.71699
332.41988	1.71539
332.66094	1.71440
332.90200	1.71380
333.14306	1.71337
333.38412	1.71295
333.62518	1.71245
333.86624	1.71189
334.10730	1.71136
334.34835	1.71103
334.58941	1.71105
334.83047	1.71151
335.07153	1.71241
335.31259	1.71362
335.55365	1.71490
335.79471	1.71590
336.03576	1.71621
336.27682	1.71545
336.51788	1.71330
336.75894	1.70957
337.00000	1.70424
337.24106	1.69743
337.48212	1.68940
337.72318	1.68052
337.96423	1.67116
338.20529	1.66168
338.44635	1.65235
338.68741	1.64332
338.92847	1.63463
339.16953	1.62621
339.41059	1.61794
339.65164	1.60970
339.89270	1.60141
340.13376	1.59307
340.37482	1.58477
340.61588	1.57670
340.85694	1.56908
341.09800	1.56216
341.33906	1.55612
341.58011	1.55105
341.82117	1.54690
342.06223	1.54353
342.30329	1.54064
342.54435	1.53789
342.78541	1.53492
343.02647	1.53140
343.26752	1.52707
343.50858	1.52182
343.74964	1.51562
343.99070	1.50855
344.23176	1.50080
344.47282	1.49254
344.71388	1.48398
344.95493	1.47525
345.19599	1.46644
345.43705	1.45757
345.67811	1.44861
345.91917	1.43950
346.16023	1.43019
346.40129	1.42070
346.64235	1.41106
346.88340	1.40140
347.12446	1.39191
347.36552	1.38279
347.60658	1.37425
347.84764	1.36647
348.08870	1.35952
348.32976	1.35343
348.57081	1.34808
348.81187	1.34331
349.05293	1.33888
349.29399	1.33453
349.53505	1.33003
349.77611	1.32520
350.01717	1.31995
350.25823	1.31426
350.49928	1.30818
350.74034	1.30181
350.98140	1.29530
351.22246	1.28873
351.46352	1.28218
351.70458	1.27566
351.94564	1.26910
352.18669	1.26242
352.42775	1.25547
352.66881	1.24816
352.90987	1.24042
353.15093	1.23223
353.39199	1.22367
353.63305	1.21487
353.87411	1.20604
354.11516	1.19738
354.35622	1.18910
354.59728	1.18134
354.83834	1.17418
355.07940	1.16763
355.32046	1.16159
355.56152	1.15594
355.80257	1.15050
356.04363	1.14509
356.28469	1.13959
356.52575	1.13389
356.76681	1.12796
357.00787	1.12183
357.24893	1.11556
357.48999	1.10921
357.73104	1.10288
357.97210	1.09660
358.21316	1.09037
358.45422	1.08417
358.69528	1.07791
358.93634	1.07151
359.17740	1.06487
359.41845	1.05792
359.65951	1.05065
359.90057	1.04308
360.14163	1.03528
360.38269	1.02736
360.62375	1.01946
360.86481	1.01170
361.10586	1.00419
361.34692	0.99699
361.58798	0.99012
361.82904	0.98355
362.07010	0.97722
362.31116	0.97105
362.55222	0.96498
362.79328	0.95897
363.03433	0.95300
363.27539	0.94710
363.51645	0.94132
363.75751	0.93574
363.99857	0.93041
364.23963	0.92535
364.48069	0.92055
364.72174	0.91597
364.96280	0.91149
365.20386	0.90699
365.44492	0.90234
365.68598	0.89742
365.92704	0.89213
366.16810	0.88644
366.40916	0.88037
366.65021	0.87397
366.89127	0.86735
367.13233	0.86060
367.37339	0.85385
367.61445	0.84718
367.85551	0.84065
368.09657	0.83427
368.33762	0.82804
368.57868	0.82190
368.81974	0.81580
369.06080	0.80967
369.30186	0.80348
369.54292	0.79721
369.78398	0.79085
370.02504	0.78445
370.26609	0.77804
370.50715	0.77167
370.74821	0.76537
370.98927	0.75917
371.23033	0.75304
371.47139	0.74692
371.71245	0.74074
371.95350	0.73439
372.19456	0.72778
372.43562	0.72079
372.67668	0.71338
372.91774	0.70550
373.15880	0.69715
373.39986	0.68837
373.64091	0.67923
373.88197	0.66979
374.12303	0.66012
374.36409	0.65028
374.60515	0.64032
374.84621	0.63026
375.08727	0.62012
375.32833	0.60991
375.56938	0.59963
375.81044	0.58932
376.05150	0.57902
376.29256	0.56877
376.53362	0.55868
376.77468	0.54886
377.01574	0.53941
377.25679	0.53040
377.49785	0.52191
377.73891	0.51396
377.97997	0.50657
378.22103	0.49969
378.46209	0.49334
378.70315	0.48751
378.94421	0.48219
379.18526	0.47740
379.42632	0.47317
379.66738	0.46954
379.90844	0.46659
380.14950	0.46435
380.39056	0.46292
380.63162	0.46236
380.87267	0.46267
381.11373	0.46387
381.35479	0.46593
381.59585	0.46881
381.83691	0.47244
382.07797	0.47678
382.31903	0.48178
382.56009	0.48741
382.80114	0.49367
383.04220	0.50056
383.28326	0.50809
383.52432	0.51628
383.76538	0.52514
384.00644	0.53461
384.24750	0.54467
384.48855	0.55526
384.72961	0.56629
384.97067	0.57765
385.21173	0.58925
385.45279	0.60098
385.69385	0.61277
385.93491	0.62455
386.17596	0.63633
386.41702	0.64812
386.65808	0.65993
386.89914	0.67178
387.14020	0.68368
387.38126	0.69560
387.62232	0.70750
387.86338	0.71929
388.10443	0.73089
388.34549	0.74222
388.58655	0.75317
388.82761	0.76370
389.06867	0.77379
389.30973	0.78347
389.55079	0.79279
389.79184	0.80186
390.03290	0.81078
390.27396	0.81966
390.51502	0.82858
390.75608	0.83760
390.99714	0.84672
391.23820	0.85591
391.47926	0.86511
391.72031	0.87425
391.96137	0.88326
392.20243	0.89207
392.44349	0.90065
392.68455	0.90897
392.92561	0.91706
393.16667	0.92493
393.40772	0.93261
393.64878	0.94012
393.88984	0.94747
394.13090	0.95462
394.37196	0.96153
394.61302	0.96813
394.85408	0.97435
395.09514	0.98013
395.33619	0.98545
395.57725	0.99030
395.81831	0.99476
396.05937	0.99890
396.30043	1.00287
396.54149	1.00681
396.78255	1.01087
397.02360	1.01519
397.26466	1.01986
397.50572	1.02492
397.74678	1.03038
397.98784	1.03618
398.22890	1.04228
398.46996	1.04860
398.71102	1.05506
398.95207	1.06164
399.19313	1.06832
399.43419	1.07512
399.67525	1.08206
399.91631	1.08918
400.15737	1.09649
400.39843	1.10398
400.63948	1.11158
400.88054	1.11919
401.12160	1.12666
401.36266	1.13386
401.60372	1.14062
401.84478	1.14684
402.08584	1.15242
402.32689	1.15735
402.56795	1.16165
402.80901	1.16537
403.05007	1.16863
403.29113	1.17150
403.53219	1.17409
403.77325	1.17645
404.01431	1.17860
404.25536	1.18055
404.49642	1.18224
404.73748	1.18364
404.97854	1.18470
405.21960	1.18540
405.46066	1.18574
405.70172	1.18577
405.94277	1.18556
406.18383	1.18520
406.42489	1.18482
406.66595	1.18449
406.90701	1.18429
407.14807	1.18422
407.38913	1.18428
407.63019	1.18436
407.87124	1.18437
408.11230	1.18417
408.35336	1.18364
408.59442	1.18268
408.83548	1.18124
409.07654	1.17932
409.31760	1.17697
409.55865	1.17428
409.79971	1.17134
410.04077	1.16824
410.28183	1.16504
410.52289	1.16177
410.76395	1.15842
411.00501	1.15492
411.24607	1.15123
411.48712	1.14728
411.72818	1.14304
411.96924	1.13849
412.21030	1.13369
412.45136	1.12872
412.69242	1.12366
412.93348	1.11863
413.17453	1.11371
413.41559	1.10895
413.65665	1.10436
413.89771	1.09990
414.13877	1.09550
414.37983	1.09104
414.62089	1.08641
414.86194	1.08151
415.10300	1.07626
415.34406	1.07064
415.58512	1.06463
415.82618	1.05828
416.06724	1.05165
416.30830	1.04484
416.54936	1.03790
416.79041	1.03090
417.03147	1.02388
417.27253	1.01684
417.51359	1.00975
417.75465	1.00257
417.99571	0.99527
418.23677	0.98780
418.47782	0.98017
418.71888	0.97238
418.95994	0.96450
419.20100	0.95660
419.44206	0.94876
419.68312	0.94108
419.92418	0.93360
420.16524	0.92637
420.40629	0.91937
420.64735	0.91256
420.88841	0.90589
421.12947	0.89926
421.37053	0.89261
421.61159	0.88588
421.85265	0.87903
422.09370	0.87205
422.33476	0.86497
422.57582	0.85782
422.81688	0.85062
423.05794	0.84341
423.29900	0.83620
423.54006	0.82895
423.78112	0.82164
424.02217	0.81420
424.26323	0.80658
424.50429	0.79871
424.74535	0.79056
424.98641	0.78211
425.22747	0.77336
425.46853	0.76436
425.70958	0.75517
425.95064	0.74586
426.19170	0.73652
426.43276	0.72722
426.67382	0.71803
426.91488	0.70902
427.15594	0.70020
427.39699	0.69162
427.63805	0.68326
427.87911	0.67513
428.12017	0.66723
428.36123	0.65956
428.60229	0.65211
428.84335	0.64491
429.08441	0.63796
429.32546	0.63126
429.56652	0.62482
429.80758	0.61862
430.04864	0.61263
430.28970	0.60680
430.53076	0.60107
430.77182	0.59536
431.01287	0.58961
431.25393	0.58375
431.49499	0.57773
431.73605	0.57154
431.97711	0.56518
432.21817	0.55866
432.45923	0.55205
432.70029	0.54538
432.94134	0.53871
433.18240	0.53208
433.42346	0.52553
433.66452	0.51908
433.90558	0.51276
434.14664	0.50656
434.38770	0.50051
434.62875	0.49463
434.86981	0.48894
435.11087	0.48349
435.35193	0.47832
435.59299	0.47348
435.83405	0.46901
436.07511	0.46496
436.31617	0.46137
436.55722	0.45826
436.79828	0.45565
437.03934	0.45355
437.28040	0.45193
437.52146	0.45080
437.76252	0.45013
438.00358	0.44991
438.24463	0.45014
438.48569	0.45084
438.72675	0.45201
438.96781	0.45367
439.20887	0.45585
439.44993	0.45855
439.69099	0.46176
439.93204	0.46545
440.17310	0.46958
440.41416	0.47409
440.65522	0.47890
440.89628	0.48393
441.13734	0.48910
441.37840	0.49436
441.61946	0.49965
441.86051	0.50493
442.10157	0.51020
442.34263	0.51546
442.58369	0.52070
442.82475	0.52590
443.06581	0.53105
443.30687	0.53609
443.54792	0.54099
443.78898	0.54567
444.03004	0.55008
444.27110	0.55419
444.51216	0.55795
444.75322	0.56135
444.99428	0.56441
445.23534	0.56712
445.47639	0.56952
445.71745	0.57163
445.95851	0.57348
446.19957	0.57505
446.44063	0.57635
446.68169	0.57736
446.92275	0.57805
447.16380	0.57839
447.40486	0.57836
447.64592	0.57795
447.88698	0.57718
448.12804	0.57607
448.36910	0.57467
448.61016	0.57304
448.85122	0.57123
449.09227	0.56931
449.33333	0.56732
449.57439	0.56528
449.81545	0.56321
450.05651	0.56112
450.29757	0.55900
450.53863	0.55685
450.77968	0.55467
451.02074	0.55249
451.26180	0.55034
451.50286	0.54827
451.74392	0.54632
451.98498	0.54455
452.22604	0.54298
452.46710	0.54164
452.70815	0.54053
452.94921	0.53962
453.19027	0.53885
453.43133	0.53816
453.67239	0.53749
453.91345	0.53677
454.15451	0.53594
454.39556	0.53495
454.63662	0.53378
454.87768	0.53244
455.11874	0.53093
455.35980	0.52928
455.60086	0.52752
455.84192	0.52568
456.08297	0.52379
456.32403	0.52187
456.56509	0.51994
456.80615	0.51801
457.04721	0.51610
457.28827	0.51423
457.52933	0.51241
457.77039	0.51068
458.01144	0.50908
458.25250	0.50765
458.49356	0.50644
458.73462	0.50550
458.97568	0.50484
459.21674	0.50451
459.45780	0.50452
459.69885	0.50486
459.93991	0.50554
460.18097	0.50653
460.42203	0.50782
460.66309	0.50940
460.90415	0.51126
461.14521	0.51340
461.38627	0.51581
461.62732	0.51851
461.86838	0.52147
462.10944	0.52468
462.35050	0.52813
462.59156	0.53175
462.83262	0.53550
463.07368	0.53931
463.31473	0.54311
463.55579	0.54683
463.79685	0.55042
464.03791	0.55382
464.27897	0.55702
464.52003	0.56001
464.76109	0.56278
465.00215	0.56537
465.24320	0.56779
465.48426	0.57005
465.72532	0.57216
465.96638	0.57412
466.20744	0.57592
466.44850	0.57754
466.68956	0.57896
466.93061	0.58015
467.17167	0.58112
467.41273	0.58185
467.65379	0.58235
467.89485	0.58266
468.13591	0.58279
468.37697	0.58277
468.61802	0.58263
468.85908	0.58240
469.10014	0.58206
469.34120	0.58163
469.58226	0.58108
469.82332	0.58040
470.06438	0.57958
470.30544	0.57859
470.54649	0.57745
470.78755	0.57615
471.02861	0.57474
471.26967	0.57325
471.51073	0.57171
471.75179	0.57015
471.99285	0.56861
472.23390	0.56710
472.47496	0.56562
472.71602	0.56414
472.95708	0.56265
473.19814	0.56112
473.43920	0.55953
473.68026	0.55785
473.92132	0.55609
474.16237	0.55425
474.40343	0.55236
474.64449	0.55046
474.88555	0.54857
475.12661	0.54672
475.36767	0.54493
475.60873	0.54322
475.84978	0.54156
476.09084	0.53995
476.33190	0.53835
476.57296	0.53672
476.81402	0.53505
477.05508	0.53331
477.29614	0.53149
477.53720	0.52961
477.77825	0.52768
478.01931	0.52572
478.26037	0.52376
478.50143	0.52183
478.74249	0.51993
478.98355	0.51808
479.22461	0.51625
479.46566	0.51444
479.70672	0.51263
479.94778	0.51078
480.18884	0.50888
480.42990	0.50692
480.67096	0.50490
480.91202	0.50283
481.15307	0.50072
481.39413	0.49860
481.63519	0.49647
481.87625	0.49434
482.11731	0.49221
482.35837	0.49009
482.59943	0.48795
482.84049	0.48580
483.08154	0.48361
483.32260	0.48138
483.56366	0.47911
483.80472	0.47683
484.04578	0.47453
484.28684	0.47224
484.52790	0.46999
484.76895	0.46778
485.01001	0.46564
485.25107	0.46355
485.49213	0.46150
485.73319	0.45949
485.97425	0.45749
486.21531	0.45547
486.45637	0.45342
486.69742	0.45132
486.93848	0.44919
487.17954	0.44701
487.42060	0.44482
487.66166	0.44263
487.90272	0.44048
488.14378	0.43837
488.38483	0.43631
488.62589	0.43433
488.86695	0.43241
489.10801	0.43054
489.34907	0.42872
489.59013	0.42692
489.83119	0.42514
490.07225	0.42337
490.31330	0.42161
490.55436	0.41987
490.79542	0.41817
491.03648	0.41652
491.27754	0.41494
491.51860	0.41344
491.75966	0.41205
492.00071	0.41075
492.24177	0.40954
492.48283	0.40842
492.72389	0.40737
492.96495	0.40637
493.20601	0.40540
493.44707	0.40445
493.68812	0.40350
493.92918	0.40257
494.17024	0.40165
494.41130	0.40077
494.65236	0.39993
494.89342	0.39916
495.13448	0.39845
495.37554	0.39782
495.61659	0.39725
495.85765	0.39673
496.09871	0.39624
496.33977	0.39575
496.58083	0.39526
496.82189	0.39473
497.06295	0.39418
497.30400	0.39360
497.54506	0.39300
497.78612	0.39239
498.02718	0.39179
498.26824	0.39120
498.50930	0.39063
498.75036	0.39008
498.99142	0.38954
499.23247	0.38900
499.47353	0.38846
499.71459	0.38790
499.95565	0.38731
500.19671	0.38670
500.43777	0.38606
500.67883	0.38539
500.91988	0.38469
501.16094	0.38397
501.40200	0.38321
501.64306	0.38240
501.88412	0.38153
502.12518	0.38059
502.36624	0.37953
502.60730	0.37835
502.84835	0.37703
503.08941	0.37553
503.33047	0.37384
503.57153	0.37195
503.81259	0.36986
504.05365	0.36756
504.29471	0.36509
504.53576	0.36246
504.77682	0.35975
505.01788	0.35701
505.25894	0.35434
505.50000	0.35184
505.74106	0.34964
505.98212	0.34786
506.22318	0.34664
506.46423	0.34610
506.70529	0.34633
506.94635	0.34742
507.18741	0.34939
507.42847	0.35224
507.66953	0.35593
507.91059	0.36036
508.15164	0.36541
508.39270	0.37092
508.63376	0.37673
508.87482	0.38268
509.11588	0.38861
509.35694	0.39439
509.59800	0.39993
509.83905	0.40518
510.08011	0.41011
510.32117	0.41473
510.56223	0.41905
510.80329	0.42312
511.04435	0.42696
511.28541	0.43061
511.52647	0.43410
511.76752	0.43746
512.00858	0.44071
512.24964	0.44384
512.49070	0.44686
512.73176	0.44978
512.97282	0.45259
513.21388	0.45531
513.45493	0.45792
513.69599	0.46045
513.93705	0.46290
514.17811	0.46529
514.41917	0.46762
514.66023	0.46990
514.90129	0.47213
515.14235	0.47429
515.38340	0.47638
515.62446	0.47838
515.86552	0.48027
516.10658	0.48204
516.34764	0.48369
516.58870	0.48522
516.82976	0.48665
517.07081	0.48800
517.31187	0.48928
517.55293	0.49052
517.79399	0.49173
518.03505	0.49291
518.27611	0.49408
518.51717	0.49521
518.75823	0.49633
518.99928	0.49742
519.24034	0.49849
519.48140	0.49956
519.72246	0.50064
519.96352	0.50175
520.20458	0.50290
520.44564	0.50410
520.68669	0.50534
520.92775	0.50661
521.16881	0.50790
521.40987	0.50917
521.65093	0.51041
521.89199	0.51158
522.13305	0.51266
522.37410	0.51364
522.61516	0.51449
522.85622	0.51523
523.09728	0.51584
523.33834	0.51634
523.57940	0.51674
523.82046	0.51705
524.06152	0.51728
524.30257	0.51745
524.54363	0.51755
524.78469	0.51761
525.02575	0.51763
525.26681	0.51763
525.50787	0.51762
525.74893	0.51763
525.98998	0.51769
526.23104	0.51784
526.47210	0.51813
526.71316	0.51858
526.95422	0.51923
527.19528	0.52010
527.43634	0.52120
527.67740	0.52253
527.91845	0.52407
528.15951	0.52578
528.40057	0.52763
528.64163	0.52959
528.88269	0.53163
529.12375	0.53373
529.36481	0.53588
529.60586	0.53808
529.84692	0.54034
530.08798	0.54267
530.32904	0.54508
530.57010	0.54756
530.81116	0.55012
531.05222	0.55272
531.29328	0.55534
531.53433	0.55793
531.77539	0.56048
532.01645	0.56293
532.25751	0.56527
532.49857	0.56749
532.73963	0.56957
532.98069	0.57151
533.22174	0.57333
533.46280	0.57501
533.70386	0.57657
533.94492	0.57799
534.18598	0.57929
534.42704	0.58043
534.66810	0.58143
534.90915	0.58225
535.15021	0.58291
535.39127	0.58338
535.63233	0.58368
535.87339	0.58381
536.11445	0.58379
536.35551	0.58361
536.59657	0.58330
536.83762	0.58286
537.07868	0.58230
537.31974	0.58160
537.56080	0.58076
537.80186	0.57975
538.04292	0.57856
538.28398	0.57718
538.52503	0.57560
538.76609	0.57383
539.00715	0.57190
539.24821	0.56985
539.48927	0.56773
539.73033	0.56560
539.97139	0.56352
540.21245	0.56152
540.45350	0.55965
540.69456	0.55792
540.93562	0.55632
541.17668	0.55484
541.41774	0.55346
541.65880	0.55217
541.89986	0.55095
542.14091	0.54978
542.38197	0.54867
542.62303	0.54762
542.86409	0.54665
543.10515	0.54575
543.34621	0.54494
543.58727	0.54420
543.82833	0.54353
544.06938	0.54291
544.31044	0.54232
544.55150	0.54172
544.79256	0.54108
545.03362	0.54037
545.27468	0.53957
545.51574	0.53864
545.75679	0.53757
545.99785	0.53635
546.23891	0.53496
546.47997	0.53340
546.72103	0.53167
546.96209	0.52977
547.20315	0.52768
547.44421	0.52541
547.68526	0.52295
547.92632	0.52028
548.16738	0.51742
548.40844	0.51435
548.64950	0.51109
548.89056	0.50765
549.13162	0.50407
549.37267	0.50037
549.61373	0.49659
549.85479	0.49278
550.09585	0.48897
550.33691	0.48521
550.57797	0.48154
550.81903	0.47801
551.06008	0.47465
551.30114	0.47151
551.54220	0.46863
551.78326	0.46605
552.02432	0.46381
552.26538	0.46194
552.50644	0.46043
552.74750	0.45930
552.98855	0.45853
553.22961	0.45810
553.47067	0.45797
553.71173	0.45811
553.95279	0.45848
554.19385	0.45905
554.43491	0.45980
554.67596	0.46071
554.91702	0.46176
555.15808	0.46294
555.39914	0.46425
555.64020	0.46568
555.88126	0.46723
556.12232	0.46887
556.36338	0.47059
556.60443	0.47237
556.84549	0.47417
557.08655	0.47597
557.32761	0.47773
557.56867	0.47942
557.80973	0.48101
558.05079	0.48246
558.29184	0.48377
558.53290	0.48491
558.77396	0.48588
559.01502	0.48669
559.25608	0.48734
559.49714	0.48783
559.73820	0.48820
559.97926	0.48844
560.22031	0.48856
560.46137	0.48856
560.70243	0.48844
560.94349	0.48820
561.18455	0.48783
561.42561	0.48733
561.66667	0.48670
561.90772	0.48594
562.14878	0.48507
562.38984	0.48411
562.63090	0.48309
562.87196	0.48203
563.11302	0.48096
563.35408	0.47991
563.59513	0.47888
563.83619	0.47789
564.07725	0.47693
564.31831	0.47602
564.55937	0.47514
564.80043	0.47429
565.04149	0.47347
565.28255	0.47269
565.52360	0.47196
565.76466	0.47128
566.00572	0.47068
566.24678	0.47016
566.48784	0.46973
566.72890	0.46938
566.96996	0.46911
567.21101	0.46890
567.45207	0.46873
567.69313	0.46859
567.93419	0.46845
568.17525	0.46830
568.41631	0.46815
568.65737	0.46799
568.89843	0.46785
569.13948	0.46773
569.38054	0.46765
569.62160	0.46763
569.86266	0.46768
570.10372	0.46779
570.34478	0.46795
570.58584	0.46816
570.82689	0.46840
571.06795	0.46866
571.30901	0.46893
571.55007	0.46921
571.79113	0.46951
572.03219	0.46983
572.27325	0.47019
572.51431	0.47058
572.75536	0.47101
572.99642	0.47147
573.23748	0.47195
573.47854	0.47243
573.71960	0.47291
573.96066	0.47336
574.20172	0.47379
574.44277	0.47419
574.68383	0.47458
574.92489	0.47497
575.16595	0.47539
575.40701	0.47585
575.64807	0.47640
575.88913	0.47703
576.13018	0.47778
576.37124	0.47865
576.61230	0.47965
576.85336	0.48076
577.09442	0.48198
577.33548	0.48331
577.57654	0.48472
577.81760	0.48622
578.05865	0.48778
578.29971	0.48942
578.54077	0.49112
578.78183	0.49288
579.02289	0.49468
579.26395	0.49653
579.50501	0.49839
579.74606	0.50025
579.98712	0.50207
580.22818	0.50384
580.46924	0.50552
580.71030	0.50712
580.95136	0.50862
581.19242	0.51002
581.43348	0.51135
581.67453	0.51262
581.91559	0.51386
582.15665	0.51508
582.39771	0.51632
582.63877	0.51759
582.87983	0.51890
583.12089	0.52024
583.36194	0.52163
583.60300	0.52304
583.84406	0.52449
584.08512	0.52597
584.32618	0.52747
584.56724	0.52900
584.80830	0.53057
585.04936	0.53218
585.29041	0.53385
585.53147	0.53556
585.77253	0.53733
586.01359	0.53912
586.25465	0.54092
586.49571	0.54270
586.73677	0.54442
586.97782	0.54605
587.21888	0.54755
587.45994	0.54891
587.70100	0.55011
587.94206	0.55116
588.18312	0.55207
588.42418	0.55285
588.66523	0.55354
588.90629	0.55415
589.14735	0.55469
589.38841	0.55517
589.62947	0.55561
589.87053	0.55599
590.11159	0.55631
590.35265	0.55658
590.59370	0.55681
590.83476	0.55699
591.07582	0.55715
591.31688	0.55730
591.55794	0.55747
591.79900	0.55767
592.04006	0.55789
592.28111	0.55814
592.52217	0.55840
592.76323	0.55866
593.00429	0.55888
593.24535	0.55904
593.48641	0.55911
593.72747	0.55907
593.96853	0.55891
594.20958	0.55863
594.45064	0.55821
594.69170	0.55769
594.93276	0.55705
595.17382	0.55633
595.41488	0.55552
595.65594	0.55465
595.89699	0.55371
596.13805	0.55270
596.37911	0.55163
596.62017	0.55048
596.86123	0.54925
597.10229	0.54793
597.34335	0.54654
597.58441	0.54508
597.82546	0.54358
598.06652	0.54207
598.30758	0.54058
598.54864	0.53915
598.78970	0.53782
599.03076	0.53661
599.27182	0.53554
599.51287	0.53462
599.75393	0.53383
599.99499	0.53317
600.23605	0.53260
600.47711	0.53209
600.71817	0.53162
600.95923	0.53113
601.20029	0.53060
601.44134	0.53000
601.68240	0.52929
601.92346	0.52845
602.16452	0.52744
602.40558	0.52626
602.64664	0.52488
602.88770	0.52330
603.12875	0.52151
603.36981	0.51951
603.61087	0.51732
603.85193	0.51495
604.09299	0.51243
604.33405	0.50978
604.57511	0.50702
604.81616	0.50417
605.05722	0.50126
605.29828	0.49830
605.53934	0.49530
605.78040	0.49226
606.02146	0.48919
606.26252	0.48607
606.50358	0.48289
606.74463	0.47965
606.98569	0.47633
607.22675	0.47292
607.46781	0.46942
607.70887	0.46584
607.94993	0.46216
608.19099	0.45839
608.43204	0.45452
608.67310	0.45054
608.91416	0.44645
609.15522	0.44221
609.39628	0.43781
609.63734	0.43323
609.87840	0.42846
610.11946	0.42349
610.36051	0.41833
610.60157	0.41299
610.84263	0.40751
611.08369	0.40189
611.32475	0.39620
611.56581	0.39046
611.80687	0.38472
612.04792	0.37903
612.28898	0.37343
612.53004	0.36798
612.77110	0.36272
613.01216	0.35771
613.25322	0.35300
613.49428	0.34864
613.73534	0.34468
613.97639	0.34113
614.21745	0.33804
614.45851	0.33539
614.69957	0.33320
614.94063	0.33144
615.18169	0.33008
615.42275	0.32906
615.66380	0.32835
615.90486	0.32789
616.14592	0.32761
616.38698	0.32746
616.62804	0.32738
616.86910	0.32734
617.11016	0.32729
617.35121	0.32720
617.59227	0.32706
617.83333	0.32684
618.07439	0.32654
618.31545	0.32615
618.55651	0.32568
618.79757	0.32512
619.03863	0.32447
619.27968	0.32375
619.52074	0.32296
619.76180	0.32211
620.00286	0.32121
620.24392	0.32029
620.48498	0.31935
620.72604	0.31839
620.96709	0.31743
621.20815	0.31647
621.44921	0.31548
621.69027	0.31446
621.93133	0.31339
622.17239	0.31224
622.41345	0.31100
622.65451	0.30964
622.89556	0.30817
623.13662	0.30657
623.37768	0.30485
623.61874	0.30302
623.85980	0.30109
624.10086	0.29908
624.34192	0.29699
624.58297	0.29484
624.82403	0.29263
625.06509	0.29037
625.30615	0.28805
625.54721	0.28569
625.78827	0.28329
626.02933	0.28087
626.27039	0.27843
626.51144	0.27600
626.75250	0.27358
626.99356	0.27121
627.23462	0.26887
627.47568	0.26656
627.71674	0.26427
627.95780	0.26198
628.19885	0.25965
628.43991	0.25724
628.68097	0.25471
628.92203	0.25205
629.16309	0.24922
629.40415	0.24625
629.64521	0.24314
629.88626	0.23995
630.12732	0.23674
630.36838	0.23358
630.60944	0.23057
630.85050	0.22777
631.09156	0.22527
631.33262	0.22312
631.57368	0.22134
631.81473	0.21996
632.05579	0.21895
632.29685	0.21828
632.53791	0.21789
632.77897	0.21772
633.02003	0.21772
633.26109	0.21780
633.50214	0.21792
633.74320	0.21803
633.98426	0.21807
634.22532	0.21802
634.46638	0.21786
634.70744	0.21758
634.94850	0.21718
635.18956	0.21668
635.43061	0.21609
635.67167	0.21543
635.91273	0.21472
636.15379	0.21398
636.39485	0.21322
636.63591	0.21246
636.87697	0.21171
637.11802	0.21096
637.35908	0.21021
637.60014	0.20947
637.84120	0.20872
638.08226	0.20796
638.32332	0.20718
638.56438	0.20637
638.80544	0.20553
639.04649	0.20466
639.28755	0.20374
639.52861	0.20279
639.76967	0.20179
640.01073	0.20075
640.25179	0.19966
640.49285	0.19851
640.73390	0.19732
640.97496	0.19607
641.21602	0.19476
641.45708	0.19338
641.69814	0.19193
641.93920	0.19043
642.18026	0.18888
642.42132	0.18729
642.66237	0.18568
642.90343	0.18409
643.14449	0.18253
643.38555	0.18103
643.62661	0.17961
643.86767	0.17830
644.10873	0.17711
644.34978	0.17605
644.59084	0.17512
644.83190	0.17432
645.07296	0.17363
645.31402	0.17306
645.55508	0.17258
645.79614	0.17218
646.03719	0.17184
646.27825	0.17155
646.51931	0.17128
646.76037	0.17101
647.00143	0.17072
647.24249	0.17041
647.48355	0.17004
647.72461	0.16960
647.96566	0.16910
648.20672	0.16851
648.44778	0.16783
648.68884	0.16708
648.92990	0.16626
649.17096	0.16538
649.41202	0.16444
649.65307	0.16347
649.89413	0.16248
650.13519	0.16148
650.37625	0.16046
650.61731	0.15945
650.85837	0.15844
651.09943	0.15743
651.34049	0.15642
651.58154	0.15542
651.82260	0.15440
652.06366	0.15338
652.30472	0.15235
652.54578	0.15131
652.78684	0.15026
653.02790	0.14918
653.26895	0.14807
653.51001	0.14693
653.75107	0.14575
653.99213	0.14452
654.23319	0.14322
654.47425	0.14187
654.71531	0.14043
654.95637	0.13891
655.19742	0.13730
655.43848	0.13558
655.67954	0.13377
655.92060	0.13184
656.16166	0.12981
656.40272	0.12765
656.64378	0.12538
656.88483	0.12300
657.12589	0.12052
657.36695	0.11795
657.60801	0.11533
657.84907	0.11268
658.09013	0.11004
658.33119	0.10747
658.57224	0.10502
658.81330	0.10273
659.05436	0.10067
659.29542	0.09887
659.53648	0.09736
659.77754	0.09616
660.01860	0.09526
660.25966	0.09466
660.50071	0.09432
660.74177	0.09421
660.98283	0.09426
661.22389	0.09444
661.46495	0.09469
661.70601	0.09496
661.94707	0.09522
662.18812	0.09542
662.42918	0.09553
662.67024	0.09555
662.91130	0.09545
663.15236	0.09524
663.39342	0.09490
663.63448	0.09445
663.87554	0.09390
664.11659	0.09325
664.35765	0.09252
664.59871	0.09173
664.83977	0.09088
665.08083	0.08999
665.32189	0.08906
665.56295	0.08811
665.80400	0.08714
666.04506	0.08616
666.28612	0.08515
666.52718	0.08412
666.76824	0.08307
667.00930	0.08200
667.25036	0.08090
667.49142	0.07978
667.73247	0.07864
667.97353	0.07749
668.21459	0.07632
668.45565	0.07515
668.69671	0.07397
668.93777	0.07280
669.17883	0.07163
669.41988	0.07047
669.66094	0.06931
669.90200	0.06817
670.14306	0.06704
670.38412	0.06592
670.62518	0.06481
670.86624	0.06371
671.10729	0.06262
671.34835	0.06154
671.58941	0.06047
671.83047	0.05942
672.07153	0.05837
672.31259	0.05734
672.55365	0.05631
672.79471	0.05530
673.03576	0.05430
673.27682	0.05331
673.51788	0.05233
673.75894	0.05136
674.00000	0.05041
674.24106	0.04947
674.48212	0.04854
674.72317	0.04761
674.96423	0.04669
675.20529	0.04578
675.44635	0.04487
675.68741	0.04395
675.92847	0.04304
676.16953	0.04212
676.41059	0.04121
676.65164	0.04029
676.89270	0.03938
677.13376	0.03847
677.37482	0.03757
677.61588	0.03667
677.85694	0.03579
678.09800	0.03492
678.33905	0.03406
678.58011	0.03323
678.82117	0.03242
679.06223	0.03163
679.30329	0.03087
679.54435	0.03012
679.78541	0.02941
680.02647	0.02871
680.26752	0.02804
680.50858	0.02738
680.74964	0.02674
680.99070	0.02612
681.23176	0.02552
681.47282	0.02493
681.71388	0.02436
681.95493	0.02380
682.19599	0.02325
682.43705	0.02272
682.67811	0.02220
682.91917	0.02168
683.16023	0.02118
683.40129	0.02068
683.64234	0.02019
683.88340	0.01971
684.12446	0.01924
684.36552	0.01878
684.60658	0.01832
684.84764	0.01787
685.08870	0.01742
685.32976	0.01699
685.57081	0.01656
685.81187	0.01615
686.05293	0.01576
686.29399	0.01540
686.53505	0.01505
686.77611	0.01474
687.01717	0.01445
687.25822	0.01418
687.49928	0.01394
687.74034	0.01372
687.98140	0.01351
688.22246	0.01330
688.46352	0.01310
688.70458	0.01290
688.94564	0.01269
689.18669	0.01249
689.42775	0.01228
689.66881	0.01207
689.90987	0.01187
690.15093	0.01168
690.39199	0.01150
690.63305	0.01133
690.87410	0.01118
691.11516	0.01104
691.35622	0.01091
691.59728	0.01079
691.83834	0.01068
692.07940	0.01056
692.32046	0.01044
692.56152	0.01031
692.80257	0.01017
693.04363	0.01001
693.28469	0.00985
693.52575	0.00969
693.76681	0.00952
694.00787	0.00935
694.24893	0.00918
694.48998	0.00901
694.73104	0.00885
694.97210	0.00869
695.21316	0.00854
695.45422	0.00838
695.69528	0.00821
695.93634	0.00804
696.17740	0.00786
696.41845	0.00767
696.65951	0.00747
696.90057	0.00727
697.14163	0.00706
697.38269	0.00684
697.62375	0.00662
697.86481	0.00640
698.10586	0.00618
698.34692	0.00595
698.58798	0.00573
698.82904	0.00551
699.07010	0.00530
699.31116	0.00510
699.55222	0.00492
699.79327	0.00474
700.03433	0.00458
700.27539	0.00444
700.51645	0.00431
700.75751	0.00420
700.99857	0.00410
701.23963	0.00402
701.48069	0.00396
701.72174	0.00390
701.96280	0.00386
702.20386	0.00382
702.44492	0.00378
702.68598	0.00375
702.92704	0.00371
703.16810	0.00367
703.40915	0.00362
703.65021	0.00357
703.89127	0.00351
704.13233	0.00345
704.37339	0.00340
704.61445	0.00336
704.85551	0.00333
705.09657	0.00331
705.33762	0.00329
705.57868	0.00328
705.81974	0.00327
706.06080	0.00324
706.30186	0.00321
706.54292	0.00316
706.78398	0.00310
707.02503	0.00304
707.26609	0.00297
707.50715	0.00290
707.74821	0.00285
707.98927	0.00281
708.23033	0.00279
708.47139	0.00278
708.71245	0.00279
708.95350	0.00281
709.19456	0.00284
709.43562	0.00286
709.67668	0.00288
709.91774	0.00290
710.15880	0.00291
710.39986	0.00291
710.64091	0.00290
710.88197	0.00290
711.12303	0.00289
711.36409	0.00289
711.60515	0.00289
711.84621	0.00290
712.08727	0.00291
712.32832	0.00293
712.56938	0.00296
712.81044	0.00298
713.05150	0.00301
713.29256	0.00304
713.53362	0.00307
713.77468	0.00310
714.01574	0.00312
714.25679	0.00313
714.49785	0.00314
714.73891	0.00314
714.97997	0.00313
715.22103	0.00311
715.46209	0.00308
715.70315	0.00305
715.94420	0.00301
716.18526	0.00297
716.42632	0.00293
716.66738	0.00289
716.90844	0.00286
717.14950	0.00284
717.39056	0.00283
717.63162	0.00282
717.87267	0.00283
718.11373	0.00284
718.35479	0.00284
718.59585	0.00285
718.83691	0.00286
719.07797	0.00287
719.31903	0.00287
719.56008	0.00287
719.80114	0.00286
720.04220	0.00285
720.28326	0.00284
720.52432	0.00283
720.76538	0.00281
721.00644	0.00279
721.24750	0.00276
721.48855	0.00273
721.72961	0.00270
721.97067	0.00267
722.21173	0.00265
722.45279	0.00263
722.69385	0.00261
722.93491	0.00261
723.17596	0.00261
723.41702	0.00262
723.65808	0.00264
723.89914	0.00266
724.14020	0.00269
724.38126	0.00272
724.62232	0.00276
724.86337	0.00280
725.10443	0.00284
725.34549	0.00287
725.58655	0.00290
725.82761	0.00291
726.06867	0.00292
726.30973	0.00291
726.55079	0.00289
726.79184	0.00287
727.03290	0.00283
727.27396	0.00279
727.51502	0.00275
727.75608	0.00272
727.99714	0.00269
728.23820	0.00267
728.47925	0.00267
728.72031	0.00267
728.96137	0.00267
729.20243	0.00269
729.44349	0.00270
729.68455	0.00272
729.92561	0.00273
730.16667	0.00273
730.40772	0.00273
730.64878	0.00272
730.88984	0.00271
731.13090	0.00269
731.37196	0.00266
731.61302	0.00263
731.85408	0.00261
732.09513	0.00259
732.33619	0.00258
732.57725	0.00258
732.81831	0.00259
733.05937	0.00261
733.30043	0.00264
733.54149	0.00268
733.78255	0.00272
734.02360	0.00275
734.26466	0.00278
734.50572	0.00280
734.74678	0.00280
734.98784	0.00279
735.22890	0.00277
735.46996	0.00274
735.71101	0.00271
735.95207	0.00267
736.19313	0.00263
736.43419	0.00260
736.67525	0.00258
736.91631	0.00256
737.15737	0.00254
737.39842	0.00253
737.63948	0.00253
737.88054	0.00252
738.12160	0.00251
738.36266	0.00251
738.60372	0.00250
738.84478	0.00249
739.08584	0.00249
739.32689	0.00248
739.56795	0.00247
739.80901	0.00247
740.05007	0.00246
740.29113	0.00245
740.53219	0.00245
740.77325	0.00244
741.01430	0.00243
741.25536	0.00242
741.49642	0.00241
741.73748	0.00240
741.97854	0.00239
742.21960	0.00238
742.46066	0.00237
742.70172	0.00237
742.94277	0.00237
743.18383	0.00237
743.42489	0.00237
743.66595	0.00237
743.90701	0.00237
744.14807	0.00238
744.38913	0.00239
744.63018	0.00240
744.87124	0.00241
745.11230	0.00243
745.35336	0.00245
745.59442	0.00247
745.83548	0.00249
746.07654	0.00251
746.31760	0.00253
746.55865	0.00255
746.79971	0.00258
747.04077	0.00261
747.28183	0.00264
747.52289	0.00268
747.76395	0.00271
748.00501	0.00276
748.24606	0.00280
748.48712	0.00285
748.72818	0.00290
748.96924	0.00295
749.21030	0.00300
749.45136	0.00306
749.69242	0.00311
749.93348	0.00316
750.17453	0.00322
750.41559	0.00327
750.65665	0.00333
750.89771	0.00339
751.13877	0.00345
751.37983	0.00352
751.62089	0.00359
751.86194	0.00367
752.10300	0.00375
752.34406	0.00383
752.58512	0.00391
752.82618	0.00399
753.06724	0.00408
753.30830	0.00416
753.54935	0.00424
753.79041	0.00433
754.03147	0.00442
754.27253	0.00451
754.51359	0.00460
754.75465	0.00471
754.99571	0.00481
755.23677	0.00492
755.47782	0.00503
755.71888	0.00514
755.95994	0.00525
756.20100	0.00536
756.44206	0.00547
756.68312	0.00558
756.92418	0.00569
757.16523	0.00581
757.40629	0.00593
757.64735	0.00606
757.88841	0.00619
758.12947	0.00633
758.37053	0.00647
758.61159	0.00661
758.85265	0.00676
759.09370	0.00690
759.33476	0.00705
759.57582	0.00719
759.81688	0.00734
760.05794	0.00748
760.29900	0.00762
760.54006	0.00776
760.78111	0.00789
761.02217	0.00801
761.26323	0.00813
761.50429	0.00824
761.74535	0.00834
761.98641	0.00842
762.22747	0.00850
762.46853	0.00857
762.70958	0.00863
762.95064	0.00869
763.19170	0.00876
763.43276	0.00882
763.67382	0.00888
763.91488	0.00895
764.15594	0.00901
764.39699	0.00908
764.63805	0.00915
764.87911	0.00921
765.12017	0.00928
765.36123	0.00934
765.60229	0.00941
765.84335	0.00949
766.08440	0.00957
766.32546	0.00966
766.56652	0.00975
766.80758	0.00985
767.04864	0.00993
767.28970	0.01001
767.53076	0.01007
767.77182	0.01011
768.01287	0.01013
768.25393	0.01012
768.49499	0.01010
768.73605	0.01007
768.97711	0.01004
769.21817	0.01001
769.45923	0.00999
769.70028	0.00998
769.94134	0.01000
770.18240	0.01003
770.42346	0.01008
770.66452	0.01015
770.90558	0.01024
771.14664	0.01034
771.38770	0.01045
771.62875	0.01057
771.86981	0.01069
772.11087	0.01083
772.35193	0.01096
772.59299	0.01110
772.83405	0.01124
773.07511	0.01139
773.31616	0.01154
773.55722	0.01170
773.79828	0.01186
774.03934	0.01203
774.28040	0.01220
774.52146	0.01238
774.76252	0.01256
775.00358	0.01274
775.24463	0.01293
775.48569	0.01311
775.72675	0.01330
775.96781	0.01348
776.20887	0.01367
776.44993	0.01385
776.69099	0.01402
776.93204	0.01419
777.17310	0.01435
777.41416	0.01451
777.65522	0.01465
777.89628	0.01478
778.13734	0.01491
778.37840	0.01502
778.61945	0.01513
778.86051	0.01523
779.10157	0.01534
779.34263	0.01544
779.58369	0.01555
779.82475	0.01566
780.06581	0.01577
780.30687	0.01589
780.54792	0.01601
780.78898	0.01613
781.03004	0.01625
781.27110	0.01637
781.51216	0.01649
781.75322	0.01661
781.99428	0.01673
782.23533	0.01685
782.47639	0.01696
782.71745	0.01708
782.95851	0.01719
783.19957	0.01729
783.44063	0.01739
783.68169	0.01747
783.92275	0.01755
784.16380	0.01762
784.40486	0.01768
784.64592	0.01772
784.88698	0.01775
785.12804	0.01776
785.36910	0.01774
785.61016	0.01770
785.85121	0.01764
786.09227	0.01756
786.33333	0.01746
786.57439	0.01735
786.81545	0.01723
787.05651	0.01711
787.29757	0.01698
787.53863	0.01686
787.77968	0.01673
788.02074	0.01660
788.26180	0.01647
788.50286	0.01632
788.74392	0.01615
788.98498	0.01597
789.22604	0.01577
789.46709	0.01555
789.70815	0.01533
789.94921	0.01510
790.19027	0.01488
790.43133	0.01467
790.67239	0.01446
790.91345	0.01427
791.15451	0.01409
791.39556	0.01393
791.63662	0.01378
791.87768	0.01364
792.11874	0.01351
792.35980	0.01340
792.60086	0.01331
792.84192	0.01322
793.08297	0.01315
793.32403	0.01309
793.56509	0.01303
793.80615	0.01298
794.04721	0.01294
794.28827	0.01289
794.52933	0.01283
794.77038	0.01278
795.01144	0.01273
795.25250	0.01268
795.49356	0.01264
795.73462	0.01261
795.97568	0.01260
796.21674	0.01260
796.45780	0.01261
796.69885	0.01263
796.93991	0.01266
797.18097	0.01269
797.42203	0.01273
797.66309	0.01275
797.90415	0.01277
798.14521	0.01279
798.38626	0.01280
798.62732	0.01279
798.86838	0.01279
799.10944	0.01277
799.35050	0.01275
799.59156	0.01273
799.83262	0.01270
800.07368	0.01266
800.31473	0.01262
800.55579	0.01258
800.79685	0.01252
801.03791	0.01247
801.27897	0.01240
801.52003	0.01234
801.76109	0.01228
802.00214	0.01222
802.24320	0.01216
802.48426	0.01211
802.72532	0.01207
802.96638	0.01203
803.20744	0.01199
803.44850	0.01194
803.68956	0.01189
803.93061	0.01184
804.17167	0.01177
804.41273	0.01169
804.65379	0.01160
804.89485	0.01150
805.13591	0.01139
805.37697	0.01127
805.61802	0.01114
805.85908	0.01100
806.10014	0.01085
806.34120	0.01069
806.58226	0.01052
806.82332	0.01035
807.06438	0.01018
807.30543	0.01001
807.54649	0.00986
807.78755	0.00972
808.02861	0.00961
808.26967	0.00953
808.51073	0.00949
808.75179	0.00948
808.99285	0.00951
809.23390	0.00957
809.47496	0.00967
809.71602	0.00979
809.95708	0.00994
810.19814	0.01011
810.43920	0.01029
810.68026	0.01049
810.92131	0.01070
811.16237	0.01092
811.40343	0.01115
811.64449	0.01138
811.88555	0.01162
812.12661	0.01186
812.36767	0.01209
812.60873	0.01232
812.84978	0.01254
813.09084	0.01275
813.33190	0.01294
813.57296	0.01312
813.81402	0.01327
814.05508	0.01342
814.29614	0.01354
814.53719	0.01366
814.77825	0.01376
815.01931	0.01386
815.26037	0.01395
815.50143	0.01404
815.74249	0.01413
815.98355	0.01420
816.22461	0.01428
816.46566	0.01435
816.70672	0.01441
816.94778	0.01446
817.18884	0.01451
817.42990	0.01455
817.67096	0.01457
817.91202	0.01458
818.15307	0.01458
818.39413	0.01457
818.63519	0.01455
818.87625	0.01451
819.11731	0.01447
819.35837	0.01442
819.59943	0.01437
819.84048	0.01432
820.08154	0.01428
820.32260	0.01424
820.56366	0.01422
820.80472	0.01420
821.04578	0.01420
821.28684	0.01421
821.52790	0.01423
821.76895	0.01425
822.01001	0.01426
822.25107	0.01427
822.49213	0.01426
822.73319	0.01424
822.97425	0.01420
823.21531	0.01414
823.45636	0.01407
823.69742	0.01399
823.93848	0.01391
824.17954	0.01383
824.42060	0.01375
824.66166	0.01367
824.90272	0.01360
825.14378	0.01353
825.38483	0.01346
825.62589	0.01339
825.86695	0.01331
826.10801	0.01322
826.34907	0.01312
826.59013	0.01301
826.83119	0.01290
827.07224	0.01279
827.31330	0.01268
827.55436	0.01258
827.79542	0.01248
828.03648	0.01239
828.27754	0.01231
828.51860	0.01224
828.75966	0.01217
829.00071	0.01209
829.24177	0.01201
829.48283	0.01193
829.72389	0.01185
829.96495	0.01176
830.20601	0.01166
830.44707	0.01157
830.68812	0.01147
830.92918	0.01137
831.17024	0.01127
831.41130	0.01116
831.65236	0.01104
831.89342	0.01092
832.13448	0.01078
832.37553	0.01063
832.61659	0.01048
832.85765	0.01031
833.09871	0.01013
833.33977	0.00994
833.58083	0.00973
833.82189	0.00950
834.06295	0.00926
834.30400	0.00899
834.54506	0.00871
834.78612	0.00840
835.02718	0.00807
835.26824	0.00773
835.50930	0.00737
835.75036	0.00700
835.99141	0.00662
836.23247	0.00624
836.47353	0.00586
836.71459	0.00549
836.95565	0.00512
837.19671	0.00475
837.43777	0.00440
837.67883	0.00406
837.91988	0.00374
838.16094	0.00345
838.40200	0.00318
838.64306	0.00294
838.88412	0.00273
839.12518	0.00256
839.36624	0.00243
839.60729	0.00233
839.84835	0.00226
840.08941	0.00222
840.33047	0.00219
840.57153	0.00219
840.81259	0.00219
841.05365	0.00220
841.29471	0.00222
841.53576	0.00224
841.77682	0.00225
842.01788	0.00228
842.25894	0.00230
842.50000	0.00232
842.74106	0.00235
842.98212	0.00239
843.22317	0.00244
843.46423	0.00250
843.70529	0.00257
843.94635	0.00266
844.18741	0.00276
844.42847	0.00287
844.66953	0.00299
844.91059	0.00311
845.15164	0.00322
845.39270	0.00333
845.63376	0.00343
845.87482	0.00352
846.11588	0.00360
846.35694	0.00367
846.59800	0.00373
846.83905	0.00379
847.08011	0.00384
847.32117	0.00389
847.56223	0.00394
847.80329	0.00399
848.04435	0.00404
848.28541	0.00409
848.52646	0.00414
848.76752	0.00418
849.00858	0.00423
849.24964	0.00427
849.49070	0.00430
849.73176	0.00433
849.97282	0.00436
850.21388	0.00439
850.45493	0.00442
850.69599	0.00446
850.93705	0.00450
851.17811	0.00454
851.41917	0.00458
851.66023	0.00462
851.90129	0.00467
852.14234	0.00471
852.38340	0.00476
852.62446	0.00480
852.86552	0.00486
853.10658	0.00492
853.34764	0.00499
853.58870	0.00506
853.82976	0.00515
854.07081	0.00523
854.31187	0.00532
854.55293	0.00540
854.79399	0.00548
855.03505	0.00554
855.27611	0.00559
855.51717	0.00563
855.75822	0.00565
855.99928	0.00566
856.24034	0.00566
856.48140	0.00566
856.72246	0.00567
856.96352	0.00568
857.20458	0.00571
857.44564	0.00576
857.68669	0.00582
857.92775	0.00589
858.16881	0.00597
858.40987	0.00606
858.65093	0.00614
858.89199	0.00620
859.13305	0.00626
859.37410	0.00629
859.61516	0.00631
859.85622	0.00630
860.09728	0.00628
860.33834	0.00625
860.57940	0.00621
860.82046	0.00618
861.06151	0.00614
861.30257	0.00610
861.54363	0.00606
861.78469	0.00603
862.02575	0.00599
862.26681	0.00594
862.50787	0.00589
862.74893	0.00584
862.98998	0.00578
863.23104	0.00571
863.47210	0.00565
863.71316	0.00558
863.95422	0.00552
864.19528	0.00546
864.43634	0.00540
864.67739	0.00535
864.91845	0.00530
865.15951	0.00526
865.40057	0.00521
865.64163	0.00515
865.88269	0.00509
866.12375	0.00502
866.36481	0.00494
866.60586	0.00486
866.84692	0.00477
867.08798	0.00467
867.32904	0.00457
867.57010	0.00448
867.81116	0.00438
868.05222	0.00428
868.29327	0.00419
868.53433	0.00411
868.77539	0.00403
869.01645	0.00395
869.25751	0.00387
869.49857	0.00380
869.73963	0.00373
869.98069	0.00366
870.22174	0.00360
870.46280	0.00355
870.70386	0.00350
870.94492	0.00347
871.18598	0.00345
871.42704	0.00346
871.66810	0.00349
871.90915	0.00354
872.15021	0.00360
872.39127	0.00369
872.63233	0.00379
872.87339	0.00390
873.11445	0.00400
873.35551	0.00411
873.59656	0.00420
873.83762	0.00428
874.07868	0.00435
874.31974	0.00440
874.56080	0.00444
874.80186	0.00446
875.04292	0.00449
875.28398	0.00450
875.52503	0.00452
875.76609	0.00455
876.00715	0.00458
876.24821	0.00462
876.48927	0.00466
876.73033	0.00470
876.97139	0.00474
877.21244	0.00478
877.45350	0.00481
877.69456	0.00482
877.93562	0.00482
878.17668	0.00480
878.41774	0.00477
878.65880	0.00473
878.89986	0.00467
879.14091	0.00460
879.38197	0.00452
879.62303	0.00443
879.86409	0.00433
880.10515	0.00422
880.34621	0.00412
880.58727	0.00401
880.82832	0.00391
881.06938	0.00382
881.31044	0.00373
881.55150	0.00366
881.79256	0.00359
882.03362	0.00354
882.27468	0.00349
882.51574	0.00344
882.75679	0.00340
882.99785	0.00335
883.23891	0.00331
883.47997	0.00327
883.72103	0.00322
883.96209	0.00318
884.20315	0.00314
884.44420	0.00310
884.68526	0.00306
884.92632	0.00302
885.16738	0.00297
885.40844	0.00292
885.64950	0.00286
885.89056	0.00279
886.13161	0.00271
886.37267	0.00262
886.61373	0.00253
886.85479	0.00243
887.09585	0.00233
887.33691	0.00224
887.57797	0.00215
887.81903	0.00208
888.06008	0.00201
888.30114	0.00195
888.54220	0.00190
888.78326	0.00186
889.02432	0.00182
889.26538	0.00180
889.50644	0.00177
889.74749	0.00175
889.98855	0.00172
890.22961	0.00170
890.47067	0.00167
890.71173	0.00164
890.95279	0.00161
891.19385	0.00158
891.43491	0.00155
891.67596	0.00152
891.91702	0.00150
892.15808	0.00147
892.39914	0.00145
892.64020	0.00142
892.88126	0.00139
893.12232	0.00135
893.36337	0.00131
893.60443	0.00126
893.84549	0.00120
894.08655	0.00114
894.32761	0.00108
894.56867	0.00101
894.80973	0.00095
895.05079	0.00089
895.29184	0.00084
895.53290	0.00080
895.77396	0.00078
896.01502	0.00077
896.25608	0.00077
896.49714	0.00077
896.73820	0.00078
896.97925	0.00078
897.22031	0.00079
897.46137	0.00078
897.70243	0.00077
897.94349	0.00076
898.18455	0.00074
898.42561	0.00071
898.66667	0.00069
898.90772	0.00066
899.14878	0.00064
899.38984	0.00062
899.63090	0.00062
