0.00000	-0.00012
0.24106	0.00016
0.48212	0.00078
0.72318	0.00130
0.96423	0.00140
1.20529	0.00125
1.44635	0.00145
1.68741	0.00266
1.92847	0.00509
2.16953	0.00812
2.41059	0.01120
2.65165	0.01402
2.89270	0.01635
3.13376	0.01805
3.37482	0.01912
3.61588	0.01963
3.85694	0.01975
4.09800	0.01968
4.33906	0.01955
4.58011	0.01946
4.82117	0.01945
5.06223	0.01954
5.30329	0.01968
5.54435	0.01985
5.78541	0.02000
6.02647	0.02011
6.26753	0.02016
6.50858	0.02016
6.74964	0.02010
6.99070	0.01998
7.23176	0.01981
7.47282	0.01961
7.71388	0.01939
7.95494	0.01915
8.19599	0.01891
8.43705	0.01868
8.67811	0.01846
8.91917	0.01824
9.16023	0.01804
9.40129	0.01785
9.64235	0.01769
9.88340	0.01757
10.12446	0.01753
10.36552	0.01760
10.60658	0.01783
10.84764	0.01821
11.08870	0.01875
11.32976	0.01941
11.57082	0.02013
11.81187	0.02084
12.05293	0.02145
12.29399	0.02188
12.53505	0.02205
12.77611	0.02188
13.01717	0.02135
13.25823	0.02045
13.49928	0.01922
13.74034	0.01752
13.98140	0.01563
14.22246	0.01371
14.46352	0.01194
14.70458	0.01046
14.94564	0.00938
15.18670	0.00874
15.42775	0.00854
15.66881	0.00873
15.90987	0.00925
16.15093	0.00997
16.39199	0.01075
16.63305	0.01151
16.87411	0.01217
17.11516	0.01271
17.35622	0.01313
17.59728	0.01332
17.83834	0.01339
18.07940	0.01333
18.32046	0.01311
18.56152	0.01269
18.80258	0.01205
19.04363	0.01118
19.28469	0.01011
19.52575	0.00825
19.76681	0.00615
20.00787	0.00429
20.24893	0.00304
20.48999	0.00260
20.73104	0.00295
20.97210	0.00388
21.21316	0.00504
21.45422	0.00674
21.69528	0.00870
21.93634	0.01089
22.17740	0.01325
22.41845	0.01570
22.65951	0.01815
22.90057	0.02051
23.14163	0.02270
23.38269	0.02468
23.62375	0.02646
23.86481	0.02806
24.10587	0.02955
24.34692	0.03097
24.58798	0.03240
24.82904	0.03388
25.07010	0.03546
25.31116	0.03715
25.55222	0.03894
25.79328	0.04082
26.03433	0.04275
26.27539	0.04469
26.51645	0.04660
26.75751	0.04846
26.99857	0.05025
27.23963	0.05201
27.48069	0.05379
27.72175	0.05569
27.96280	0.05781
28.20386	0.06025
28.44492	0.06309
28.68598	0.06639
28.92704	0.07014
29.16810	0.07430
29.40916	0.07879
29.65021	0.08350
29.89127	0.08833
30.13233	0.09322
30.37339	0.09811
30.61445	0.10302
30.85551	0.10794
31.09657	0.11288
31.33763	0.11781
31.57868	0.12267
31.81974	0.12731
32.06080	0.13161
32.30186	0.13540
32.54292	0.13857
32.78398	0.14107
33.02504	0.14296
33.26609	0.14440
33.50715	0.14564
33.74821	0.14698
33.98927	0.14876
34.23033	0.15126
34.47139	0.15469
34.71245	0.15916
34.95350	0.16468
35.19456	0.17115
35.43562	0.17843
35.67668	0.18641
35.91774	0.19499
36.15880	0.20420
36.39986	0.21416
36.64092	0.22509
36.88197	0.23726
37.12303	0.25092
37.36409	0.26620
37.60515	0.28305
37.84621	0.30117
38.08727	0.32002
38.32833	0.33880
38.56938	0.35660
38.81044	0.37250
39.05150	0.38570
39.29256	0.39565
39.53362	0.40216
39.77468	0.40542
40.01574	0.40601
40.25680	0.40475
40.49785	0.40262
40.73891	0.40059
40.97997	0.39952
41.22103	0.40003
41.46209	0.40244
41.70315	0.40680
41.94421	0.41295
42.18526	0.42058
42.42632	0.42933
42.66738	0.43892
42.90844	0.44914
43.14950	0.45992
43.39056	0.47126
43.63162	0.48321
43.87268	0.49578
44.11373	0.50887
44.35479	0.52219
44.59585	0.53532
44.83691	0.54763
45.07797	0.55847
45.31903	0.56717
45.56009	0.57323
45.80114	0.57638
46.04220	0.57670
46.28326	0.57461
46.52432	0.57086
46.76538	0.56645
47.00644	0.56253
47.24750	0.56020
47.48855	0.56043
47.72961	0.56392
47.97067	0.57105
48.21173	0.58186
48.45279	0.59613
48.69385	0.61351
48.93491	0.63357
49.17597	0.65601
49.41702	0.68069
49.65808	0.70772
49.89914	0.73738
50.14020	0.77003
50.38126	0.80598
50.62232	0.84535
50.86338	0.88787
51.10443	0.93286
51.34549	0.97915
51.58655	1.02524
51.82761	1.06941
52.06867	1.11001
52.30973	1.14564
52.55079	1.17540
52.79185	1.19902
53.03290	1.21685
53.27396	1.22982
53.51502	1.23917
53.75608	1.24632
53.99714	1.25249
54.23820	1.25863
54.47926	1.26523
54.72031	1.27238
54.96137	1.27990
55.20243	1.28749
55.44349	1.29505
55.68455	1.30278
55.92561	1.31137
56.16667	1.32194
56.40773	1.33590
56.64878	1.35473
56.88984	1.37964
57.13090	1.41125
57.37196	1.44942
57.61302	1.49313
57.85408	1.54052
58.09514	1.58916
58.33619	1.63635
58.57725	1.67956
58.81831	1.71674
59.05937	1.74666
59.30043	1.76899
59.54149	1.78425
59.78255	1.79367
60.02361	1.79879
60.26466	1.80119
60.50572	1.80209
60.74678	1.80219
60.98784	1.80157
61.22890	1.79977
61.46996	1.79605
61.71102	1.78963
61.95207	1.78007
62.19313	1.76746
62.43419	1.75263
62.67525	1.73707
62.91631	1.72277
63.15737	1.71196
63.39843	1.70671
63.63948	1.70858
63.88054	1.71834
64.12160	1.73584
64.36266	1.75997
64.60372	1.78887
64.84478	1.82023
65.08584	1.85161
65.32690	1.88082
65.56795	1.90624
65.80901	1.92689
66.05007	1.94255
66.29113	1.95350
66.53219	1.96037
66.77325	1.96379
67.01431	1.96415
67.25536	1.96143
67.49642	1.95515
67.73748	1.94447
67.97854	1.92839
68.21960	1.90605
68.46066	1.87700
68.70172	1.84142
68.94278	1.80023
69.18383	1.75502
69.42489	1.70795
69.66595	1.66136
69.90701	1.61761
70.14807	1.57864
70.38913	1.54579
70.63019	1.51970
70.87124	1.50030
71.11230	1.48697
71.35336	1.47877
71.59442	1.47468
71.83548	1.47389
72.07654	1.47590
72.31760	1.48065
72.55866	1.48839
72.79971	1.49957
73.04077	1.51457
73.28183	1.53344
73.52289	1.55571
73.76395	1.58032
74.00501	1.60558
74.24607	1.62933
74.48712	1.64925
74.72818	1.66314
74.96924	1.66928
75.21030	1.66670
75.45136	1.65537
75.69242	1.63623
75.93348	1.61110
76.17453	1.58241
76.41559	1.55294
76.65665	1.52544
76.89771	1.50234
77.13877	1.48553
77.37983	1.47618
77.62089	1.47478
77.86195	1.48121
78.10300	1.49491
78.34406	1.51509
78.58512	1.54096
78.82618	1.57182
79.06724	1.60722
79.30830	1.64682
79.54936	1.69039
79.79041	1.73753
80.03147	1.78756
80.27253	1.83933
80.51359	1.89118
80.75465	1.94098
80.99571	1.98634
81.23677	2.02491
81.47783	2.05468
81.71888	2.07434
81.95994	2.08351
82.20100	2.08283
82.44206	2.07392
82.68312	2.05914
82.92418	2.04124
83.16524	2.02297
83.40629	2.00668
83.64735	1.99404
83.88841	1.98589
84.12947	1.98228
84.37053	1.98265
84.61159	1.98617
84.85265	1.99200
85.09371	1.99967
85.33476	2.00924
85.57582	2.02139
85.81688	2.03721
86.05794	2.05805
86.29900	2.08506
86.54006	2.11883
86.78112	2.15912
87.02217	2.20465
87.26323	2.25315
87.50429	2.30156
87.74535	2.34647
87.98641	2.38459
88.22747	2.41328
88.46853	2.43092
88.70958	2.43722
88.95064	2.43315
89.19170	2.42078
89.43276	2.40281
89.67382	2.38212
89.91488	2.36123
90.15594	2.34196
90.39700	2.32518
90.63805	2.31085
90.87911	2.29825
91.12017	2.28638
91.36123	2.27434
91.60229	2.26178
91.84335	2.24907
92.08441	2.23741
92.32546	2.22868
92.56652	2.22508
92.80758	2.22871
93.04864	2.24110
93.28970	2.26286
93.53076	2.29339
93.77182	2.33096
94.01288	2.37280
94.25393	2.41559
94.49499	2.45584
94.73605	2.49048
94.97711	2.51727
95.21817	2.53508
95.45923	2.54394
95.70029	2.54493
95.94134	2.53984
96.18240	2.53072
96.42346	2.51949
96.66452	2.50751
96.90558	2.49539
97.14664	2.48299
97.38770	2.46957
97.62876	2.45409
97.86981	2.43566
98.11087	2.41389
98.35193	2.38912
98.59299	2.36259
98.83405	2.33629
99.07511	2.31274
99.31617	2.29455
99.55722	2.28399
99.79828	2.28265
100.03934	2.29108
100.28040	2.30878
100.52146	2.33424
100.76252	2.36525
101.00358	2.39923
101.24464	2.43373
101.48569	2.46670
101.72675	2.49684
101.96781	2.52363
102.20887	2.54724
102.44993	2.56836
102.69099	2.58778
102.93205	2.60613
103.17310	2.62353
103.41416	2.63951
103.65522	2.65297
103.89628	2.66243
104.13734	2.66632
104.37840	2.66333
104.61946	2.65285
104.86051	2.63511
105.10157	2.61139
105.34263	2.58382
105.58369	2.55519
105.82475	2.52850
106.06581	2.50657
106.30687	2.49157
106.54793	2.48479
106.78898	2.48650
107.03004	2.49601
107.27110	2.51192
107.51216	2.53252
107.75322	2.55613
107.99428	2.58154
108.23534	2.60816
108.47639	2.63616
108.71745	2.66625
108.95851	2.69948
109.19957	2.73676
109.44063	2.77850
109.68169	2.82428
109.92275	2.87269
110.16381	2.92140
110.40486	2.96742
110.64592	3.00756
110.88698	3.03893
111.12804	3.05946
111.36910	3.06824
111.61016	3.06572
111.85122	3.05364
112.09227	3.03469
112.33333	3.01211
112.57439	2.98911
112.81545	2.96840
113.05651	2.95182
113.29757	2.94020
113.53863	2.93340
113.77969	2.93059
114.02074	2.93064
114.26180	2.93254
114.50286	2.93578
114.74392	2.94060
114.98498	2.94799
115.22604	2.95953
115.46710	2.97709
115.70815	3.00235
115.94921	3.03633
116.19027	3.07905
116.43133	3.12929
116.67239	3.18466
116.91345	3.24179
117.15451	3.29679
117.39556	3.34583
117.63662	3.38568
117.87768	3.41419
118.11874	3.43060
118.35980	3.43554
118.60086	3.43086
118.84192	3.41919
119.08298	3.40343
119.32403	3.38622
119.56509	3.36951
119.80615	3.35430
120.04721	3.34066
120.28827	3.32795
120.52933	3.31516
120.77039	3.30144
121.01144	3.28647
121.25250	3.27077
121.49356	3.25579
121.73462	3.24379
121.97568	3.23746
122.21674	3.23950
122.45780	3.25204
122.69886	3.27627
122.93991	3.31207
123.18097	3.35804
123.42203	3.41162
123.66309	3.46945
123.90415	3.52795
124.14521	3.58377
124.38627	3.63434
124.62732	3.67808
124.86838	3.71455
125.10944	3.74426
125.35050	3.76837
125.59156	3.78823
125.83262	3.80495
126.07368	3.81905
126.31474	3.83028
126.55579	3.83766
126.79685	3.83975
127.03791	3.83499
127.27897	3.82223
127.52003	3.80110
127.76109	3.77236
128.00215	3.73791
128.24320	3.70071
128.48426	3.66441
128.72532	3.63281
128.96638	3.60929
129.20744	3.59632
129.44850	3.59506
129.68956	3.60518
129.93061	3.62498
130.17167	3.65169
130.41273	3.68196
130.65379	3.71243
130.89485	3.74030
131.13591	3.76366
131.37697	3.78174
131.61803	3.79484
131.85908	3.80404
132.10014	3.81076
132.34120	3.81629
132.58226	3.82132
132.82332	3.82566
133.06438	3.82819
133.30544	3.82702
133.54649	3.81991
133.78755	3.80471
134.02861	3.77996
134.26967	3.74524
134.51073	3.70143
134.75179	3.65068
134.99285	3.59614
135.23391	3.54151
135.47496	3.49040
135.71602	3.44588
135.95708	3.40998
136.19814	3.38347
136.43920	3.36590
136.68026	3.35583
136.92132	3.35120
137.16237	3.34987
137.40343	3.35004
137.64449	3.35063
137.88555	3.35136
138.12661	3.35276
138.36767	3.35584
138.60873	3.36173
138.84979	3.37123
139.09084	3.38448
139.33190	3.40068
139.57296	3.41809
139.81402	3.43425
140.05508	3.44627
140.29614	3.45140
140.53720	3.44745
140.77825	3.43319
141.01931	3.40861
141.26037	3.37496
141.50143	3.33449
141.74249	3.29014
141.98355	3.24503
142.22461	3.20201
142.46566	3.16326
142.70672	3.13004
142.94778	3.10263
143.18884	3.08051
143.42990	3.06262
143.67096	3.04772
143.91202	3.03479
144.15308	3.02327
144.39413	3.01325
144.63519	3.00538
144.87625	3.00074
145.11731	3.00047
145.35837	3.00544
145.59943	3.01592
145.84049	3.03134
146.08154	3.05030
146.32260	3.07060
146.56366	3.08962
146.80472	3.10470
147.04578	3.11355
147.28684	3.11464
147.52790	3.10742
147.76896	3.09243
148.01001	3.07109
148.25107	3.04545
148.49213	3.01775
148.73319	2.99004
148.97425	2.96378
149.21531	2.93965
149.45637	2.91756
149.69742	2.89674
149.93848	2.87607
150.17954	2.85443
150.42060	2.83105
150.66166	2.80580
150.90272	2.77930
151.14378	2.75285
151.38484	2.72823
151.62589	2.70735
151.86695	2.69186
152.10801	2.68280
152.34907	2.68036
152.59013	2.68378
152.83119	2.69146
153.07225	2.70123
153.31330	2.71068
153.55436	2.71763
153.79542	2.72043
154.03648	2.71822
154.27754	2.71101
154.51860	2.69957
154.75966	2.68516
155.00072	2.66925
155.24177	2.65312
155.48283	2.63760
155.72389	2.62292
155.96495	2.60872
156.20601	2.59417
156.44707	2.57825
156.68813	2.56004
156.92918	2.53900
157.17024	2.51517
157.41130	2.48922
157.65236	2.46243
157.89342	2.43642
158.13448	2.41294
158.37554	2.39353
158.61659	2.37926
158.85765	2.37057
159.09871	2.36720
159.33977	2.36826
159.58083	2.37241
159.82189	2.37812
160.06295	2.38395
160.30401	2.38881
160.54506	2.39208
160.78612	2.39372
161.02718	2.39419
161.26824	2.39423
161.50930	2.39471
161.75036	2.39629
161.99142	2.39926
162.23247	2.40339
162.47353	2.40795
162.71459	2.41180
162.95565	2.41366
163.19671	2.41233
163.43777	2.40703
163.67883	2.39753
163.91989	2.38431
164.16094	2.36849
164.40200	2.35163
164.64306	2.33550
164.88412	2.32174
165.12518	2.31159
165.36624	2.30568
165.60730	2.30392
165.84835	2.30561
166.08941	2.30958
166.33047	2.31450
166.57153	2.31914
166.81259	2.32265
167.05365	2.32474
167.29471	2.32572
167.53577	2.32638
167.77682	2.32780
168.01788	2.33109
168.25894	2.33706
168.50000	2.34605
168.74106	2.35772
168.98212	2.37113
169.22318	2.38486
169.46423	2.39723
169.70529	2.40667
169.94635	2.41194
170.18741	2.41245
170.42847	2.40835
170.66953	2.40045
170.91059	2.39018
171.15164	2.37921
171.39270	2.36924
171.63376	2.36165
171.87482	2.35728
172.11588	2.35633
172.35694	2.35838
172.59800	2.36251
172.83906	2.36757
173.08011	2.37242
173.32117	2.37622
173.56223	2.37858
173.80329	2.37970
174.04435	2.38023
174.28541	2.38121
174.52647	2.38373
174.76752	2.38874
175.00858	2.39675
175.24964	2.40772
175.49070	2.42097
175.73176	2.43531
175.97282	2.44923
176.21388	2.46118
176.45494	2.46989
176.69599	2.47456
176.93705	2.47510
177.17811	2.47206
177.41917	2.46657
177.66023	2.46010
177.90129	2.45414
178.14235	2.44994
178.38340	2.44827
178.62446	2.44930
178.86552	2.45261
179.10658	2.45737
179.34764	2.46253
179.58870	2.46713
179.82976	2.47056
180.07082	2.47273
180.31187	2.47409
180.55293	2.47561
180.79399	2.47853
181.03505	2.48412
181.27611	2.49337
181.51717	2.50676
181.75823	2.52410
181.99928	2.54455
182.24034	2.56669
182.48140	2.58879
182.72246	2.60915
182.96352	2.62632
183.20458	2.63943
183.44564	2.64830
183.68669	2.65347
183.92775	2.65605
184.16881	2.65748
184.40987	2.65925
184.65093	2.66258
184.89199	2.66822
185.13305	2.67626
185.37411	2.68621
185.61516	2.69709
185.85622	2.70772
186.09728	2.71697
186.33834	2.72409
186.57940	2.72889
186.82046	2.73182
187.06152	2.73397
187.30257	2.73681
187.54363	2.74198
187.78469	2.75089
188.02575	2.76446
188.26681	2.78292
188.50787	2.80567
188.74893	2.83143
188.98999	2.85842
189.23104	2.88467
189.47210	2.90844
189.71316	2.92846
189.95422	2.94419
190.19528	2.95589
190.43634	2.96448
190.67740	2.97137
190.91845	2.97805
191.15951	2.98579
191.40057	2.99536
191.64163	3.00682
191.88269	3.01956
192.12375	3.03240
192.36481	3.04388
192.60587	3.05262
192.84692	3.05763
193.08798	3.05855
193.32904	3.05577
193.57010	3.05038
193.81116	3.04398
194.05222	3.03839
194.29328	3.03529
194.53433	3.03589
194.77539	3.04074
195.01645	3.04962
195.25751	3.06161
195.49857	3.07528
195.73963	3.08899
195.98069	3.10123
196.22174	3.11087
196.46280	3.11742
196.70386	3.12104
196.94492	3.12251
197.18598	3.12302
197.42704	3.12387
197.66810	3.12621
197.90916	3.13072
198.15021	3.13749
198.39127	3.14597
198.63233	3.15509
198.87339	3.16348
199.11445	3.16976
199.35551	3.17285
199.59657	3.17222
199.83762	3.16801
200.07868	3.16102
200.31974	3.15255
200.56080	3.14413
200.80186	3.13723
201.04292	3.13294
201.28398	3.13175
201.52504	3.13345
201.76609	3.13722
202.00715	3.14180
202.24821	3.14576
202.48927	3.14784
202.73033	3.14720
202.97139	3.14362
203.21245	3.13753
203.45350	3.12992
203.69456	3.12209
203.93562	3.11543
204.17668	3.11104
204.41774	3.10954
204.65880	3.11094
204.89986	3.11457
205.14092	3.11928
205.38197	3.12360
205.62303	3.12608
205.86409	3.12553
206.10515	3.12124
206.34621	3.11316
206.58727	3.10183
206.82833	3.08831
207.06938	3.07393
207.31044	3.06005
207.55150	3.04776
207.79256	3.03773
208.03362	3.03002
208.27468	3.02413
208.51574	3.01908
208.75680	3.01367
208.99785	3.00667
209.23891	2.99714
209.47997	2.98457
209.72103	2.96906
209.96209	2.95124
210.20315	2.93217
210.44421	2.91312
210.68526	2.89533
210.92632	2.87969
211.16738	2.86661
211.40844	2.85592
211.64950	2.84689
211.89056	2.83841
212.13162	2.82923
212.37267	2.81820
212.61373	2.80456
212.85479	2.78806
213.09585	2.76903
213.33691	2.74833
213.57797	2.72712
213.81903	2.70666
214.06009	2.68800
214.30114	2.67182
214.54220	2.65827
214.78326	2.64697
215.02432	2.63711
215.26538	2.62766
215.50644	2.61758
215.74750	2.60606
215.98855	2.59273
216.22961	2.57767
216.47067	2.56144
216.71173	2.54496
216.95279	2.52926
217.19385	2.51530
217.43491	2.50375
217.67597	2.49485
217.91702	2.48834
218.15808	2.48352
218.39914	2.47938
218.64020	2.47483
218.88126	2.46884
219.12232	2.46070
219.36338	2.45012
219.60443	2.43728
219.84549	2.42276
220.08655	2.40741
220.32761	2.39215
220.56867	2.37781
220.80973	2.36489
221.05079	2.35352
221.29185	2.34343
221.53290	2.33402
221.77396	2.32452
222.01502	2.31416
222.25608	2.30243
222.49714	2.28915
222.73820	2.27458
222.97926	2.25938
223.22031	2.24452
223.46137	2.23105
223.70243	2.21994
223.94349	2.21185
224.18455	2.20701
224.42561	2.20515
224.66667	2.20555
224.90772	2.20716
225.14878	2.20881
225.38984	2.20943
225.63090	2.20819
225.87196	2.20466
226.11302	2.19886
226.35408	2.19119
226.59514	2.18233
226.83619	2.17304
227.07725	2.16401
227.31831	2.15571
227.55937	2.14828
227.80043	2.14155
228.04149	2.13505
228.28255	2.12822
228.52360	2.12050
228.76466	2.11150
229.00572	2.10114
229.24678	2.08968
229.48784	2.07769
229.72890	2.06598
229.96996	2.05544
230.21102	2.04688
230.45207	2.04085
230.69313	2.03755
230.93419	2.03678
231.17525	2.03796
231.41631	2.04023
231.65737	2.04264
231.89843	2.04425
232.13948	2.04437
232.38054	2.04262
232.62160	2.03896
232.86266	2.03373
233.10372	2.02747
233.34478	2.02083
233.58584	2.01443
233.82690	2.00866
234.06795	2.00366
234.30901	1.99927
234.55007	1.99510
234.79113	1.99061
235.03219	1.98526
235.27325	1.97864
235.51431	1.97063
235.75536	1.96137
235.99642	1.95133
236.23748	1.94119
236.47854	1.93177
236.71960	1.92382
236.96066	1.91793
237.20172	1.91440
237.44277	1.91321
237.68383	1.91398
237.92489	1.91613
238.16595	1.91892
238.40701	1.92163
238.64807	1.92371
238.88913	1.92484
239.13019	1.92500
239.37124	1.92445
239.61230	1.92365
239.85336	1.92314
240.09442	1.92339
240.33548	1.92468
240.57654	1.92704
240.81760	1.93017
241.05865	1.93355
241.29971	1.93648
241.54077	1.93827
241.78183	1.93833
242.02289	1.93636
242.26395	1.93237
242.50501	1.92672
242.74607	1.92007
242.98712	1.91325
243.22818	1.90711
243.46924	1.90239
243.71030	1.89957
243.95136	1.89883
244.19242	1.90002
244.43348	1.90272
244.67453	1.90633
244.91559	1.91026
245.15665	1.91401
245.39771	1.91729
245.63877	1.92009
245.87983	1.92264
246.12089	1.92536
246.36195	1.92873
246.60300	1.93319
246.84406	1.93899
247.08512	1.94611
247.32618	1.95426
247.56724	1.96287
247.80830	1.97120
248.04936	1.97848
248.29041	1.98405
248.53147	1.98747
248.77253	1.98861
249.01359	1.98771
249.25465	1.98529
249.49571	1.98211
249.73677	1.97897
249.97783	1.97664
250.21888	1.97568
250.45994	1.97639
250.70100	1.97875
250.94206	1.98246
251.18312	1.98707
251.42418	1.99205
251.66524	1.99693
251.90629	2.00143
252.14735	2.00551
252.38841	2.00936
252.62947	2.01339
252.87053	2.01808
253.11159	2.02390
253.35265	2.03118
253.59370	2.03998
253.83476	2.05010
254.07582	2.06105
254.31688	2.07215
254.55794	2.08264
254.79900	2.09181
255.04006	2.09913
255.28112	2.10434
255.52217	2.10749
255.76323	2.10891
256.00429	2.10911
256.24535	2.10871
256.48641	2.10825
256.72747	2.10812
256.96853	2.10848
257.20958	2.10925
257.45064	2.11013
257.69170	2.11072
257.93276	2.11061
258.17382	2.10955
258.41488	2.10747
258.65594	2.10456
258.89700	2.10128
259.13805	2.09824
259.37911	2.09613
259.62017	2.09558
259.86123	2.09702
260.10229	2.10064
260.34335	2.10629
260.58441	2.11353
260.82546	2.12171
261.06652	2.13005
261.30758	2.13781
261.54864	2.14436
261.78970	2.14933
262.03076	2.15261
262.27182	2.15434
262.51288	2.15487
262.75393	2.15461
262.99499	2.15398
263.23605	2.15322
263.47711	2.15241
263.71817	2.15138
263.95923	2.14976
264.20029	2.14712
264.44134	2.14301
264.68240	2.13712
264.92346	2.12937
265.16452	2.11997
265.40558	2.10942
265.64664	2.09843
265.88770	2.08780
266.12875	2.07834
266.36981	2.07067
266.61087	2.06515
266.85193	2.06180
267.09299	2.06035
267.33405	2.06026
267.57511	2.06084
267.81617	2.06141
268.05722	2.06138
268.29828	2.06036
268.53934	2.05822
268.78040	2.05506
269.02146	2.05119
269.26252	2.04698
269.50358	2.04279
269.74463	2.03887
269.98569	2.03527
270.22675	2.03184
270.46781	2.02824
270.70887	2.02403
270.94993	2.01873
271.19099	2.01194
271.43205	2.00341
271.67310	1.99315
271.91416	1.98135
272.15522	1.96845
272.39628	1.95499
272.63734	1.94158
272.87840	1.92877
273.11946	1.91695
273.36051	1.90635
273.60157	1.89697
273.84263	1.88863
274.08369	1.88106
274.32475	1.87390
274.56581	1.86688
274.80687	1.85983
275.04793	1.85272
275.28898	1.84571
275.53004	1.83903
275.77110	1.83299
276.01216	1.82784
276.25322	1.82373
276.49428	1.82062
276.73534	1.81826
276.97639	1.81625
277.21745	1.81404
277.45851	1.81102
277.69957	1.80669
277.94063	1.80065
278.18169	1.79273
278.42275	1.78300
278.66380	1.77175
278.90486	1.75941
279.14592	1.74654
279.38698	1.73365
279.62804	1.72118
279.86910	1.70941
280.11016	1.69848
280.35122	1.68833
280.59227	1.67882
280.83333	1.66976
281.07439	1.66101
281.31545	1.65249
281.55651	1.64426
281.79757	1.63649
282.03863	1.62942
282.27968	1.62334
282.52074	1.61844
282.76180	1.61484
283.00286	1.61245
283.24392	1.61101
283.48498	1.61012
283.72604	1.60924
283.96710	1.60782
284.20815	1.60533
284.44921	1.60142
284.69027	1.59588
284.93133	1.58872
285.17239	1.58013
285.41345	1.57044
285.65451	1.56004
285.89556	1.54931
286.13662	1.53856
286.37768	1.52795
286.61874	1.51754
286.85980	1.50725
287.10086	1.49695
287.34192	1.48650
287.58298	1.47583
287.82403	1.46497
288.06509	1.45409
288.30615	1.44349
288.54721	1.43354
288.78827	1.42466
289.02933	1.41722
289.27039	1.41145
289.51144	1.40744
289.75250	1.40507
289.99356	1.40405
290.23462	1.40395
290.47568	1.40427
290.71674	1.40451
290.95780	1.40423
291.19885	1.40314
291.43991	1.40107
291.68097	1.39802
291.92203	1.39411
292.16309	1.38950
292.40415	1.38440
292.64521	1.37896
292.88627	1.37326
293.12732	1.36730
293.36838	1.36099
293.60944	1.35422
293.85050	1.34687
294.09156	1.33890
294.33262	1.33033
294.57368	1.32131
294.81473	1.31209
295.05579	1.30300
295.29685	1.29441
295.53791	1.28667
295.77897	1.28007
296.02003	1.27475
296.26109	1.27073
296.50215	1.26790
296.74320	1.26602
296.98426	1.26478
297.22532	1.26387
297.46638	1.26300
297.70744	1.26198
297.94850	1.26074
298.18956	1.25928
298.43061	1.25771
298.67167	1.25619
298.91273	1.25484
299.15379	1.25373
299.39485	1.25286
299.63591	1.25207
299.87697	1.25116
300.11803	1.24983
300.35908	1.24780
300.60014	1.24484
300.84120	1.24082
301.08226	1.23577
301.32332	1.22985
301.56438	1.22336
301.80544	1.21670
302.04649	1.21029
302.28755	1.20450
302.52861	1.19964
302.76967	1.19588
303.01073	1.19323
303.25179	1.19162
303.49285	1.19086
303.73391	1.19074
303.97496	1.19107
304.21602	1.19169
304.45708	1.19257
304.69814	1.19370
304.93920	1.19520
305.18026	1.19717
305.42132	1.19971
305.66237	1.20289
305.90343	1.20665
306.14449	1.21087
306.38555	1.21533
306.62661	1.21974
306.86767	1.22383
307.10873	1.22733
307.34978	1.23007
307.59084	1.23198
307.83190	1.23312
308.07296	1.23365
308.31402	1.23382
308.55508	1.23390
308.79614	1.23415
309.03720	1.23478
309.27825	1.23591
309.51931	1.23757
309.76037	1.23970
310.00143	1.24220
310.24249	1.24496
310.48355	1.24790
310.72461	1.25101
310.96566	1.25434
311.20672	1.25805
311.44778	1.26233
311.68884	1.26739
311.92990	1.27340
312.17096	1.28044
312.41202	1.28851
312.65308	1.29745
312.89413	1.30701
313.13519	1.31686
313.37625	1.32662
313.61731	1.33595
313.85837	1.34456
314.09943	1.35229
314.34049	1.35908
314.58154	1.36499
314.82260	1.37021
315.06366	1.37492
315.30472	1.37935
315.54578	1.38366
315.78684	1.38794
316.02790	1.39219
316.26896	1.39634
316.51001	1.40027
316.75107	1.40386
316.99213	1.40705
317.23319	1.40985
317.47425	1.41237
317.71531	1.41485
317.95637	1.41758
318.19742	1.42089
318.43848	1.42509
318.67954	1.43039
318.92060	1.43690
319.16166	1.44457
319.40272	1.45321
319.64378	1.46253
319.88483	1.47218
320.12589	1.48180
320.36695	1.49109
320.60801	1.49985
320.84907	1.50798
321.09013	1.51552
321.33119	1.52260
321.57225	1.52936
321.81330	1.53598
322.05436	1.54255
322.29542	1.54912
322.53648	1.55560
322.77754	1.56188
323.01860	1.56777
323.25966	1.57311
323.50071	1.57779
323.74177	1.58179
323.98283	1.58524
324.22389	1.58834
324.46495	1.59143
324.70601	1.59483
324.94707	1.59889
325.18813	1.60384
325.42918	1.60980
325.67024	1.61674
325.91130	1.62447
326.15236	1.63271
326.39342	1.64113
326.63448	1.64937
326.87554	1.65715
327.11659	1.66431
327.35765	1.67079
327.59871	1.67666
327.83977	1.68206
328.08083	1.68718
328.32189	1.69217
328.56295	1.69712
328.80401	1.70200
329.04506	1.70666
329.28612	1.71088
329.52718	1.71434
329.76824	1.71678
330.00930	1.71794
330.25036	1.71771
330.49142	1.71614
330.73247	1.71340
330.97353	1.70981
331.21459	1.70576
331.45565	1.70169
331.69671	1.69795
331.93777	1.69483
332.17883	1.69244
332.41988	1.69078
332.66094	1.68971
332.90200	1.68903
333.14306	1.68849
333.38412	1.68790
333.62518	1.68713
333.86624	1.68618
334.10730	1.68510
334.34835	1.68403
334.58941	1.68313
334.83047	1.68251
335.07153	1.68220
335.31259	1.68212
335.55365	1.68207
335.79471	1.68175
336.03576	1.68082
336.27682	1.67893
336.51788	1.67582
336.75894	1.67131
337.00000	1.66540
337.24106	1.65822
337.48212	1.65003
337.72318	1.64116
337.96423	1.63200
338.20529	1.62285
338.44635	1.61396
338.68741	1.60546
338.92847	1.59734
339.16953	1.58950
339.41059	1.58178
339.65164	1.57403
339.89270	1.56612
340.13376	1.55805
340.37482	1.54988
340.61588	1.54181
340.85694	1.53408
341.09800	1.52694
341.33906	1.52059
341.58011	1.51516
341.82117	1.51061
342.06223	1.50681
342.30329	1.50350
342.54435	1.50033
342.78541	1.49696
343.02647	1.49309
343.26752	1.48847
343.50858	1.48302
343.74964	1.47672
343.99070	1.46970
344.23176	1.46213
344.47282	1.45422
344.71388	1.44616
344.95493	1.43809
345.19599	1.43008
345.43705	1.42212
345.67811	1.41415
345.91917	1.40607
346.16023	1.39779
346.40129	1.38923
346.64235	1.38039
346.88340	1.37135
347.12446	1.36224
347.36552	1.35326
347.60658	1.34461
347.84764	1.33650
348.08870	1.32906
348.32976	1.32236
348.57081	1.31635
348.81187	1.31091
349.05293	1.30585
349.29399	1.30094
349.53505	1.29594
349.77611	1.29070
350.01717	1.28510
350.25823	1.27913
350.49928	1.27283
350.74034	1.26633
350.98140	1.25975
351.22246	1.25321
351.46352	1.24678
351.70458	1.24049
351.94564	1.23428
352.18669	1.22805
352.42775	1.22167
352.66881	1.21502
352.90987	1.20802
353.15093	1.20062
353.39199	1.19286
353.63305	1.18485
353.87411	1.17673
354.11516	1.16869
354.35622	1.16089
354.59728	1.15347
354.83834	1.14652
355.07940	1.14005
355.32046	1.13401
355.56152	1.12828
355.80257	1.12274
356.04363	1.11723
356.28469	1.11164
356.52575	1.10589
356.76681	1.09996
357.00787	1.09386
357.24893	1.08767
357.48999	1.08147
357.73104	1.07535
357.97210	1.06936
358.21316	1.06353
358.45422	1.05783
358.69528	1.05220
358.93634	1.04653
359.17740	1.04073
359.41845	1.03471
359.65951	1.02839
359.90057	1.02177
360.14163	1.01489
360.38269	1.00782
360.62375	1.00067
360.86481	0.99355
361.10586	0.98658
361.34692	0.97982
361.58798	0.97331
361.82904	0.96705
362.07010	0.96100
362.31116	0.95510
362.55222	0.94931
362.79328	0.94356
363.03433	0.93786
363.27539	0.93223
363.51645	0.92670
363.75751	0.92134
363.99857	0.91621
364.23963	0.91133
364.48069	0.90671
364.72174	0.90231
364.96280	0.89804
365.20386	0.89379
365.44492	0.88943
365.68598	0.88485
365.92704	0.87996
366.16810	0.87472
366.40916	0.86915
366.65021	0.86329
366.89127	0.85725
367.13233	0.85114
367.37339	0.84508
367.61445	0.83915
367.85551	0.83341
368.09657	0.82786
368.33762	0.82246
368.57868	0.81716
368.81974	0.81185
369.06080	0.80645
369.30186	0.80089
369.54292	0.79512
369.78398	0.78913
370.02504	0.78296
370.26609	0.77667
370.50715	0.77031
370.74821	0.76397
370.98927	0.75767
371.23033	0.75143
371.47139	0.74522
371.71245	0.73897
371.95350	0.73259
372.19456	0.72597
372.43562	0.71901
372.67668	0.71164
372.91774	0.70381
373.15880	0.69553
373.39986	0.68684
373.64091	0.67780
373.88197	0.66850
374.12303	0.65903
374.36409	0.64943
374.60515	0.63977
374.84621	0.63007
375.08727	0.62034
375.32833	0.61056
375.56938	0.60072
375.81044	0.59083
376.05150	0.58090
376.29256	0.57094
376.53362	0.56106
376.77468	0.55136
377.01574	0.54194
377.25679	0.53290
377.49785	0.52432
377.73891	0.51627
377.97997	0.50878
378.22103	0.50180
378.46209	0.49539
378.70315	0.48952
378.94421	0.48419
379.18526	0.47940
379.42632	0.47517
379.66738	0.47154
379.90844	0.46856
380.14950	0.46629
380.39056	0.46483
380.63162	0.46422
380.87267	0.46453
381.11373	0.46575
381.35479	0.46788
381.59585	0.47089
381.83691	0.47473
382.07797	0.47933
382.31903	0.48463
382.56009	0.49059
382.80114	0.49718
383.04220	0.50438
383.28326	0.51220
383.52432	0.52064
383.76538	0.52971
384.00644	0.53937
384.24750	0.54962
384.48855	0.56042
384.72961	0.57168
384.97067	0.58333
385.21173	0.59527
385.45279	0.60741
385.69385	0.61966
385.93491	0.63195
386.17596	0.64428
386.41702	0.65663
386.65808	0.66901
386.89914	0.68143
387.14020	0.69389
387.38126	0.70635
387.62232	0.71877
387.86338	0.73106
388.10443	0.74313
388.34549	0.75490
388.58655	0.76629
388.82761	0.77722
389.06867	0.78768
389.30973	0.79769
389.55079	0.80731
389.79184	0.81663
390.03290	0.82574
390.27396	0.83476
390.51502	0.84376
390.75608	0.85280
390.99714	0.86189
391.23820	0.87101
391.47926	0.88011
391.72031	0.88912
391.96137	0.89797
392.20243	0.90660
392.44349	0.91497
392.68455	0.92306
392.92561	0.93088
393.16667	0.93846
393.40772	0.94581
393.64878	0.95296
393.88984	0.95993
394.13090	0.96669
394.37196	0.97321
394.61302	0.97942
394.85408	0.98526
395.09514	0.99067
395.33619	0.99562
395.57725	1.00010
395.81831	1.00416
396.05937	1.00789
396.30043	1.01142
396.54149	1.01491
396.78255	1.01850
397.02360	1.02234
397.26466	1.02653
397.50572	1.03111
397.74678	1.03610
397.98784	1.04145
398.22890	1.04708
398.46996	1.05290
398.71102	1.05884
398.95207	1.06483
399.19313	1.07088
399.43419	1.07699
399.67525	1.08321
399.91631	1.08960
400.15737	1.09621
400.39843	1.10304
400.63948	1.11006
400.88054	1.11719
401.12160	1.12430
401.36266	1.13122
401.60372	1.13780
401.84478	1.14386
402.08584	1.14930
402.32689	1.15405
402.56795	1.15811
402.80901	1.16153
403.05007	1.16439
403.29113	1.16681
403.53219	1.16889
403.77325	1.17073
404.01431	1.17237
404.25536	1.17385
404.49642	1.17512
404.73748	1.17614
404.97854	1.17686
405.21960	1.17723
405.46066	1.17723
405.70172	1.17687
405.94277	1.17621
406.18383	1.17533
406.42489	1.17435
406.66595	1.17336
406.90701	1.17245
407.14807	1.17166
407.38913	1.17099
407.63019	1.17039
407.87124	1.16977
408.11230	1.16901
408.35336	1.16800
408.59442	1.16663
408.83548	1.16485
409.07654	1.16265
409.31760	1.16005
409.55865	1.15712
409.79971	1.15395
410.04077	1.15061
410.28183	1.14718
410.52289	1.14370
410.76395	1.14014
411.00501	1.13649
411.24607	1.13267
411.48712	1.12863
411.72818	1.12431
411.96924	1.11969
412.21030	1.11478
412.45136	1.10963
412.69242	1.10433
412.93348	1.09897
413.17453	1.09363
413.41559	1.08839
413.65665	1.08327
413.89771	1.07828
414.13877	1.07337
414.37983	1.06846
414.62089	1.06345
414.86194	1.05827
415.10300	1.05284
415.34406	1.04713
415.58512	1.04114
415.82618	1.03492
416.06724	1.02852
416.30830	1.02202
416.54936	1.01549
416.79041	1.00898
417.03147	1.00252
417.27253	0.99609
417.51359	0.98965
417.75465	0.98315
417.99571	0.97651
418.23677	0.96968
418.47782	0.96263
418.71888	0.95536
418.95994	0.94790
419.20100	0.94033
419.44206	0.93271
419.68312	0.92514
419.92418	0.91769
420.16524	0.91042
420.40629	0.90333
420.64735	0.89640
420.88841	0.88961
421.12947	0.88287
421.37053	0.87613
421.61159	0.86932
421.85265	0.86242
422.09370	0.85540
422.33476	0.84830
422.57582	0.84113
422.81688	0.83396
423.05794	0.82683
423.29900	0.81978
423.54006	0.81280
423.78112	0.80589
424.02217	0.79900
424.26323	0.79205
424.50429	0.78499
424.74535	0.77772
424.98641	0.77019
425.22747	0.76237
425.46853	0.75424
425.70958	0.74585
425.95064	0.73724
426.19170	0.72850
426.43276	0.71972
426.67382	0.71099
426.91488	0.70237
427.15594	0.69392
427.39699	0.68566
427.63805	0.67759
427.87911	0.66971
428.12017	0.66199
428.36123	0.65443
428.60229	0.64703
428.84335	0.63979
429.08441	0.63276
429.32546	0.62596
429.56652	0.61941
429.80758	0.61314
430.04864	0.60715
430.28970	0.60140
430.53076	0.59584
430.77182	0.59042
431.01287	0.58504
431.25393	0.57964
431.49499	0.57417
431.73605	0.56857
431.97711	0.56282
432.21817	0.55695
432.45923	0.55095
432.70029	0.54489
432.94134	0.53880
433.18240	0.53271
433.42346	0.52667
433.66452	0.52068
433.90558	0.51478
434.14664	0.50894
434.38770	0.50318
434.62875	0.49751
434.86981	0.49194
435.11087	0.48651
435.35193	0.48126
435.59299	0.47625
435.83405	0.47156
436.07511	0.46725
436.31617	0.46341
436.55722	0.46008
436.79828	0.45731
437.03934	0.45512
437.28040	0.45350
437.52146	0.45244
437.76252	0.45191
438.00358	0.45189
438.24463	0.45237
438.48569	0.45334
438.72675	0.45480
438.96781	0.45679
439.20887	0.45933
439.44993	0.46241
439.69099	0.46605
439.93204	0.47021
440.17310	0.47483
440.41416	0.47986
440.65522	0.48520
440.89628	0.49075
441.13734	0.49642
441.37840	0.50212
441.61946	0.50780
441.86051	0.51340
442.10157	0.51891
442.34263	0.52433
442.58369	0.52967
442.82475	0.53492
443.06581	0.54008
443.30687	0.54512
443.54792	0.55000
443.78898	0.55466
444.03004	0.55907
444.27110	0.56316
444.51216	0.56690
444.75322	0.57027
444.99428	0.57326
445.23534	0.57589
445.47639	0.57820
445.71745	0.58022
445.95851	0.58200
446.19957	0.58355
446.44063	0.58491
446.68169	0.58605
446.92275	0.58696
447.16380	0.58759
447.40486	0.58791
447.64592	0.58789
447.88698	0.58751
448.12804	0.58677
448.36910	0.58568
448.61016	0.58431
448.85122	0.58268
449.09227	0.58087
449.33333	0.57892
449.57439	0.57687
449.81545	0.57474
450.05651	0.57255
450.29757	0.57028
450.53863	0.56793
450.77968	0.56551
451.02074	0.56304
451.26180	0.56056
451.50286	0.55812
451.74392	0.55578
451.98498	0.55362
452.22604	0.55168
452.46710	0.55001
452.70815	0.54862
452.94921	0.54749
453.19027	0.54659
453.43133	0.54584
453.67239	0.54517
453.91345	0.54451
454.15451	0.54379
454.39556	0.54295
454.63662	0.54197
454.87768	0.54084
455.11874	0.53955
455.35980	0.53811
455.60086	0.53657
455.84192	0.53492
456.08297	0.53320
456.32403	0.53142
456.56509	0.52957
456.80615	0.52767
457.04721	0.52572
457.28827	0.52373
457.52933	0.52172
457.77039	0.51973
458.01144	0.51779
458.25250	0.51599
458.49356	0.51436
458.73462	0.51298
458.97568	0.51191
459.21674	0.51117
459.45780	0.51081
459.69885	0.51082
459.93991	0.51120
460.18097	0.51194
460.42203	0.51301
460.66309	0.51439
460.90415	0.51607
461.14521	0.51803
461.38627	0.52028
461.62732	0.52282
461.86838	0.52564
462.10944	0.52872
462.35050	0.53205
462.59156	0.53559
462.83262	0.53928
463.07368	0.54306
463.31473	0.54686
463.55579	0.55058
463.79685	0.55417
464.03791	0.55755
464.27897	0.56067
464.52003	0.56352
464.76109	0.56608
465.00215	0.56836
465.24320	0.57041
465.48426	0.57223
465.72532	0.57386
465.96638	0.57532
466.20744	0.57660
466.44850	0.57772
466.68956	0.57864
466.93061	0.57935
467.17167	0.57983
467.41273	0.58008
467.65379	0.58010
467.89485	0.57991
468.13591	0.57955
468.37697	0.57907
468.61802	0.57849
468.85908	0.57787
469.10014	0.57721
469.34120	0.57652
469.58226	0.57580
469.82332	0.57501
470.06438	0.57413
470.30544	0.57313
470.54649	0.57199
470.78755	0.57069
471.02861	0.56925
471.26967	0.56769
471.51073	0.56603
471.75179	0.56432
471.99285	0.56257
472.23390	0.56081
472.47496	0.55904
472.71602	0.55725
472.95708	0.55542
473.19814	0.55353
473.43920	0.55154
473.68026	0.54944
473.92132	0.54723
474.16237	0.54493
474.40343	0.54256
474.64449	0.54017
474.88555	0.53781
475.12661	0.53551
475.36767	0.53332
475.60873	0.53125
475.84978	0.52930
476.09084	0.52745
476.33190	0.52568
476.57296	0.52394
476.81402	0.52220
477.05508	0.52042
477.29614	0.51859
477.53720	0.51669
477.77825	0.51475
478.01931	0.51278
478.26037	0.51081
478.50143	0.50886
478.74249	0.50694
478.98355	0.50507
479.22461	0.50322
479.46566	0.50138
479.70672	0.49952
479.94778	0.49759
480.18884	0.49558
480.42990	0.49347
480.67096	0.49125
480.91202	0.48894
481.15307	0.48657
481.39413	0.48417
481.63519	0.48179
481.87625	0.47945
482.11731	0.47718
482.35837	0.47497
482.59943	0.47283
482.84049	0.47073
483.08154	0.46864
483.32260	0.46655
483.56366	0.46442
483.80472	0.46227
484.04578	0.46010
484.28684	0.45792
484.52790	0.45577
484.76895	0.45367
485.01001	0.45166
485.25107	0.44973
485.49213	0.44790
485.73319	0.44613
485.97425	0.44440
486.21531	0.44268
486.45637	0.44093
486.69742	0.43912
486.93848	0.43724
487.17954	0.43528
487.42060	0.43327
487.66166	0.43123
487.90272	0.42918
488.14378	0.42717
488.38483	0.42521
488.62589	0.42333
488.86695	0.42154
489.10801	0.41984
489.34907	0.41820
489.59013	0.41663
489.83119	0.41510
490.07225	0.41361
490.31330	0.41213
490.55436	0.41069
490.79542	0.40927
491.03648	0.40791
491.27754	0.40661
491.51860	0.40541
491.75966	0.40431
492.00071	0.40333
492.24177	0.40247
492.48283	0.40172
492.72389	0.40107
492.96495	0.40049
493.20601	0.39995
493.44707	0.39942
493.68812	0.39888
493.92918	0.39831
494.17024	0.39772
494.41130	0.39711
494.65236	0.39650
494.89342	0.39591
495.13448	0.39535
495.37554	0.39484
495.61659	0.39438
495.85765	0.39396
496.09871	0.39357
496.33977	0.39319
496.58083	0.39281
496.82189	0.39241
497.06295	0.39198
497.30400	0.39154
497.54506	0.39109
497.78612	0.39065
498.02718	0.39024
498.26824	0.38986
498.50930	0.38954
498.75036	0.38926
498.99142	0.38903
499.23247	0.38882
499.47353	0.38862
499.71459	0.38841
499.95565	0.38815
500.19671	0.38784
500.43777	0.38747
500.67883	0.38703
500.91988	0.38653
501.16094	0.38596
501.40200	0.38535
501.64306	0.38469
501.88412	0.38399
502.12518	0.38322
502.36624	0.38238
502.60730	0.38143
502.84835	0.38035
503.08941	0.37911
503.33047	0.37767
503.57153	0.37601
503.81259	0.37413
504.05365	0.37203
504.29471	0.36973
504.53576	0.36727
504.77682	0.36473
505.01788	0.36217
505.25894	0.35969
505.50000	0.35739
505.74106	0.35540
505.98212	0.35387
506.22318	0.35290
506.46423	0.35261
506.70529	0.35311
506.94635	0.35446
507.18741	0.35671
507.42847	0.35983
507.66953	0.36380
507.91059	0.36851
508.15164	0.37386
508.39270	0.37969
508.63376	0.38585
508.87482	0.39217
509.11588	0.39849
509.35694	0.40467
509.59800	0.41063
509.83905	0.41630
510.08011	0.42164
510.32117	0.42666
510.56223	0.43136
510.80329	0.43579
511.04435	0.43997
511.28541	0.44394
511.52647	0.44775
511.76752	0.45141
512.00858	0.45494
512.24964	0.45834
512.49070	0.46161
512.73176	0.46476
512.97282	0.46778
513.21388	0.47068
513.45493	0.47346
513.69599	0.47615
513.93705	0.47875
514.17811	0.48129
514.41917	0.48379
514.66023	0.48624
514.90129	0.48865
515.14235	0.49100
515.38340	0.49327
515.62446	0.49544
515.86552	0.49749
516.10658	0.49938
516.34764	0.50113
516.58870	0.50272
516.82976	0.50418
517.07081	0.50553
517.31187	0.50680
517.55293	0.50804
517.79399	0.50927
518.03505	0.51051
518.27611	0.51178
518.51717	0.51307
518.75823	0.51439
518.99928	0.51573
519.24034	0.51708
519.48140	0.51843
519.72246	0.51978
519.96352	0.52112
520.20458	0.52246
520.44564	0.52380
520.68669	0.52514
520.92775	0.52646
521.16881	0.52777
521.40987	0.52905
521.65093	0.53028
521.89199	0.53143
522.13305	0.53247
522.37410	0.53340
522.61516	0.53417
522.85622	0.53479
523.09728	0.53525
523.33834	0.53555
523.57940	0.53572
523.82046	0.53576
524.06152	0.53571
524.30257	0.53559
524.54363	0.53545
524.78469	0.53529
525.02575	0.53514
525.26681	0.53502
525.50787	0.53494
525.74893	0.53492
525.98998	0.53497
526.23104	0.53512
526.47210	0.53539
526.71316	0.53581
526.95422	0.53641
527.19528	0.53720
527.43634	0.53821
527.67740	0.53943
527.91845	0.54086
528.15951	0.54246
528.40057	0.54420
528.64163	0.54605
528.88269	0.54795
529.12375	0.54987
529.36481	0.55179
529.60586	0.55368
529.84692	0.55554
530.08798	0.55739
530.32904	0.55925
530.57010	0.56112
530.81116	0.56303
531.05222	0.56498
531.29328	0.56696
531.53433	0.56896
531.77539	0.57094
532.01645	0.57287
532.25751	0.57472
532.49857	0.57645
532.73963	0.57805
532.98069	0.57951
533.22174	0.58083
533.46280	0.58200
533.70386	0.58305
533.94492	0.58398
534.18598	0.58480
534.42704	0.58550
534.66810	0.58607
534.90915	0.58650
535.15021	0.58677
535.39127	0.58685
535.63233	0.58674
535.87339	0.58643
536.11445	0.58590
536.35551	0.58517
536.59657	0.58424
536.83762	0.58312
537.07868	0.58184
537.31974	0.58039
537.56080	0.57880
537.80186	0.57705
538.04292	0.57514
538.28398	0.57309
538.52503	0.57088
538.76609	0.56853
539.00715	0.56607
539.24821	0.56352
539.48927	0.56093
539.73033	0.55835
539.97139	0.55585
540.21245	0.55345
540.45350	0.55122
540.69456	0.54917
540.93562	0.54731
541.17668	0.54563
541.41774	0.54411
541.65880	0.54272
541.89986	0.54144
542.14091	0.54023
542.38197	0.53907
542.62303	0.53794
542.86409	0.53684
543.10515	0.53576
543.34621	0.53471
543.58727	0.53368
543.82833	0.53268
544.06938	0.53170
544.31044	0.53073
544.55150	0.52974
544.79256	0.52871
545.03362	0.52762
545.27468	0.52643
545.51574	0.52511
545.75679	0.52366
545.99785	0.52204
546.23891	0.52027
546.47997	0.51835
546.72103	0.51628
546.96209	0.51407
547.20315	0.51176
547.44421	0.50933
547.68526	0.50680
547.92632	0.50416
548.16738	0.50140
548.40844	0.49850
548.64950	0.49546
548.89056	0.49226
549.13162	0.48890
549.37267	0.48541
549.61373	0.48181
549.85479	0.47814
550.09585	0.47443
550.33691	0.47075
550.57797	0.46713
550.81903	0.46362
551.06008	0.46028
551.30114	0.45715
551.54220	0.45426
551.78326	0.45165
552.02432	0.44935
552.26538	0.44739
552.50644	0.44578
552.74750	0.44452
552.98855	0.44362
553.22961	0.44306
553.47067	0.44282
553.71173	0.44290
553.95279	0.44325
554.19385	0.44385
554.43491	0.44468
554.67596	0.44572
554.91702	0.44694
555.15808	0.44832
555.39914	0.44984
555.64020	0.45149
555.88126	0.45325
556.12232	0.45509
556.36338	0.45701
556.60443	0.45898
556.84549	0.46097
557.08655	0.46297
557.32761	0.46492
557.56867	0.46680
557.80973	0.46857
558.05079	0.47019
558.29184	0.47162
558.53290	0.47285
558.77396	0.47387
559.01502	0.47469
559.25608	0.47531
559.49714	0.47577
559.73820	0.47609
559.97926	0.47630
560.22031	0.47643
560.46137	0.47649
560.70243	0.47649
560.94349	0.47641
561.18455	0.47626
561.42561	0.47601
561.66667	0.47565
561.90772	0.47519
562.14878	0.47462
562.38984	0.47397
562.63090	0.47325
562.87196	0.47250
563.11302	0.47176
563.35408	0.47105
563.59513	0.47041
563.83619	0.46983
564.07725	0.46933
564.31831	0.46890
564.55937	0.46851
564.80043	0.46814
565.04149	0.46778
565.28255	0.46742
565.52360	0.46704
565.76466	0.46665
566.00572	0.46627
566.24678	0.46592
566.48784	0.46561
566.72890	0.46535
566.96996	0.46517
567.21101	0.46504
567.45207	0.46497
567.69313	0.46494
567.93419	0.46494
568.17525	0.46495
568.41631	0.46498
568.65737	0.46502
568.89843	0.46509
569.13948	0.46521
569.38054	0.46539
569.62160	0.46566
569.86266	0.46604
570.10372	0.46653
570.34478	0.46714
570.58584	0.46786
570.82689	0.46868
571.06795	0.46957
571.30901	0.47051
571.55007	0.47148
571.79113	0.47246
572.03219	0.47345
572.27325	0.47443
572.51431	0.47541
572.75536	0.47638
572.99642	0.47735
573.23748	0.47832
573.47854	0.47927
573.71960	0.48020
573.96066	0.48108
574.20172	0.48192
574.44277	0.48269
574.68383	0.48339
574.92489	0.48404
575.16595	0.48466
575.40701	0.48527
575.64807	0.48591
575.88913	0.48663
576.13018	0.48747
576.37124	0.48846
576.61230	0.48964
576.85336	0.49101
577.09442	0.49257
577.33548	0.49433
577.57654	0.49627
577.81760	0.49836
578.05865	0.50057
578.29971	0.50290
578.54077	0.50530
578.78183	0.50777
579.02289	0.51027
579.26395	0.51280
579.50501	0.51531
579.74606	0.51779
579.98712	0.52020
580.22818	0.52251
580.46924	0.52468
580.71030	0.52669
580.95136	0.52852
581.19242	0.53017
581.43348	0.53165
581.67453	0.53300
581.91559	0.53425
582.15665	0.53545
582.39771	0.53664
582.63877	0.53786
582.87983	0.53915
583.12089	0.54052
583.36194	0.54198
583.60300	0.54353
583.84406	0.54515
584.08512	0.54685
584.32618	0.54860
584.56724	0.55040
584.80830	0.55225
585.04936	0.55415
585.29041	0.55611
585.53147	0.55812
585.77253	0.56019
586.01359	0.56232
586.25465	0.56447
586.49571	0.56661
586.73677	0.56870
586.97782	0.57070
587.21888	0.57254
587.45994	0.57420
587.70100	0.57563
587.94206	0.57684
588.18312	0.57781
588.42418	0.57857
588.66523	0.57915
588.90629	0.57957
589.14735	0.57988
589.38841	0.58010
589.62947	0.58024
589.87053	0.58032
590.11159	0.58034
590.35265	0.58032
590.59370	0.58025
590.83476	0.58015
591.07582	0.58004
591.31688	0.57994
591.55794	0.57987
591.79900	0.57987
592.04006	0.57995
592.28111	0.58011
592.52217	0.58035
592.76323	0.58066
593.00429	0.58101
593.24535	0.58135
593.48641	0.58164
593.72747	0.58183
593.96853	0.58188
594.20958	0.58175
594.45064	0.58141
594.69170	0.58087
594.93276	0.58011
595.17382	0.57916
595.41488	0.57804
595.65594	0.57676
595.89699	0.57535
596.13805	0.57382
596.37911	0.57219
596.62017	0.57047
596.86123	0.56864
597.10229	0.56674
597.34335	0.56475
597.58441	0.56272
597.82546	0.56066
598.06652	0.55861
598.30758	0.55662
598.54864	0.55474
598.78970	0.55299
599.03076	0.55142
599.27182	0.55003
599.51287	0.54884
599.75393	0.54782
599.99499	0.54697
600.23605	0.54623
600.47711	0.54558
600.71817	0.54496
600.95923	0.54434
601.20029	0.54366
601.44134	0.54289
601.68240	0.54199
601.92346	0.54093
602.16452	0.53968
602.40558	0.53823
602.64664	0.53657
602.88770	0.53469
603.12875	0.53258
603.36981	0.53025
603.61087	0.52770
603.85193	0.52495
604.09299	0.52203
604.33405	0.51896
604.57511	0.51576
604.81616	0.51248
605.05722	0.50913
605.29828	0.50575
605.53934	0.50234
605.78040	0.49892
606.02146	0.49547
606.26252	0.49201
606.50358	0.48850
606.74463	0.48495
606.98569	0.48134
607.22675	0.47767
607.46781	0.47394
607.70887	0.47014
607.94993	0.46628
608.19099	0.46235
608.43204	0.45836
608.67310	0.45429
608.91416	0.45011
609.15522	0.44582
609.39628	0.44138
609.63734	0.43678
609.87840	0.43198
610.11946	0.42698
610.36051	0.42178
610.60157	0.41639
610.84263	0.41082
611.08369	0.40510
611.32475	0.39927
611.56581	0.39338
611.80687	0.38746
612.04792	0.38158
612.28898	0.37578
612.53004	0.37012
612.77110	0.36466
613.01216	0.35945
613.25322	0.35455
613.49428	0.35002
613.73534	0.34590
613.97639	0.34222
614.21745	0.33901
614.45851	0.33627
614.69957	0.33402
614.94063	0.33221
615.18169	0.33083
615.42275	0.32983
615.66380	0.32916
615.90486	0.32874
616.14592	0.32852
616.38698	0.32844
616.62804	0.32842
616.86910	0.32843
617.11016	0.32841
617.35121	0.32832
617.59227	0.32815
617.83333	0.32788
618.07439	0.32751
618.31545	0.32704
618.55651	0.32648
618.79757	0.32583
619.03863	0.32511
619.27968	0.32433
619.52074	0.32349
619.76180	0.32261
620.00286	0.32170
620.24392	0.32076
620.48498	0.31981
620.72604	0.31885
620.96709	0.31790
621.20815	0.31695
621.44921	0.31600
621.69027	0.31505
621.93133	0.31408
622.17239	0.31308
622.41345	0.31203
622.65451	0.31089
622.89556	0.30966
623.13662	0.30831
623.37768	0.30683
623.61874	0.30521
623.85980	0.30346
624.10086	0.30159
624.34192	0.29959
624.58297	0.29749
624.82403	0.29530
625.06509	0.29304
625.30615	0.29074
625.54721	0.28839
625.78827	0.28603
626.02933	0.28367
626.27039	0.28133
626.51144	0.27901
626.75250	0.27674
626.99356	0.27451
627.23462	0.27233
627.47568	0.27019
627.71674	0.26808
627.95780	0.26596
628.19885	0.26381
628.43991	0.26158
628.68097	0.25925
628.92203	0.25678
629.16309	0.25414
629.40415	0.25134
629.64521	0.24840
629.88626	0.24536
630.12732	0.24226
630.36838	0.23920
630.60944	0.23625
630.85050	0.23349
631.09156	0.23101
631.33262	0.22886
631.57368	0.22710
631.81473	0.22572
632.05579	0.22474
632.29685	0.22411
632.53791	0.22379
632.77897	0.22372
633.02003	0.22382
633.26109	0.22403
633.50214	0.22429
633.74320	0.22453
633.98426	0.22472
634.22532	0.22482
634.46638	0.22480
634.70744	0.22466
634.94850	0.22439
635.18956	0.22402
635.43061	0.22355
635.67167	0.22301
635.91273	0.22242
636.15379	0.22181
636.39485	0.22119
636.63591	0.22058
636.87697	0.21999
637.11802	0.21941
637.35908	0.21886
637.60014	0.21832
637.84120	0.21777
638.08226	0.21720
638.32332	0.21661
638.56438	0.21598
638.80544	0.21530
639.04649	0.21456
639.28755	0.21377
639.52861	0.21290
639.76967	0.21197
640.01073	0.21098
640.25179	0.20992
640.49285	0.20880
640.73390	0.20760
640.97496	0.20635
641.21602	0.20503
641.45708	0.20364
641.69814	0.20220
641.93920	0.20071
642.18026	0.19918
642.42132	0.19763
642.66237	0.19608
642.90343	0.19455
643.14449	0.19305
643.38555	0.19163
643.62661	0.19029
643.86767	0.18906
644.10873	0.18794
644.34978	0.18695
644.59084	0.18609
644.83190	0.18535
645.07296	0.18474
645.31402	0.18423
645.55508	0.18382
645.79614	0.18350
646.03719	0.18323
646.27825	0.18301
646.51931	0.18282
646.76037	0.18262
647.00143	0.18241
647.24249	0.18216
647.48355	0.18186
647.72461	0.18148
647.96566	0.18101
648.20672	0.18045
648.44778	0.17979
648.68884	0.17904
648.92990	0.17821
649.17096	0.17731
649.41202	0.17636
649.65307	0.17537
649.89413	0.17436
650.13519	0.17335
650.37625	0.17233
650.61731	0.17131
650.85837	0.17030
651.09943	0.16927
651.34049	0.16824
651.58154	0.16720
651.82260	0.16614
652.06366	0.16507
652.30472	0.16398
652.54578	0.16288
652.78684	0.16177
653.02790	0.16063
653.26895	0.15947
653.51001	0.15827
653.75107	0.15702
653.99213	0.15569
654.23319	0.15429
654.47425	0.15279
654.71531	0.15117
654.95637	0.14944
655.19742	0.14759
655.43848	0.14562
655.67954	0.14353
655.92060	0.14132
656.16166	0.13900
656.40272	0.13658
656.64378	0.13405
656.88483	0.13142
657.12589	0.12871
657.36695	0.12592
657.60801	0.12308
657.84907	0.12022
658.09013	0.11737
658.33119	0.11459
658.57224	0.11191
658.81330	0.10941
659.05436	0.10712
659.29542	0.10511
659.53648	0.10342
659.77754	0.10205
660.01860	0.10102
660.25966	0.10031
660.50071	0.09989
660.74177	0.09972
660.98283	0.09974
661.22389	0.09989
661.46495	0.10012
661.70601	0.10036
661.94707	0.10057
662.18812	0.10071
662.42918	0.10076
662.67024	0.10069
662.91130	0.10049
663.15236	0.10015
663.39342	0.09969
663.63448	0.09910
663.87554	0.09840
664.11659	0.09759
664.35765	0.09671
664.59871	0.09576
664.83977	0.09476
665.08083	0.09373
665.32189	0.09268
665.56295	0.09161
665.80400	0.09053
666.04506	0.08943
666.28612	0.08832
666.52718	0.08719
666.76824	0.08603
667.00930	0.08484
667.25036	0.08362
667.49142	0.08238
667.73247	0.08112
667.97353	0.07985
668.21459	0.07858
668.45565	0.07731
668.69671	0.07605
668.93777	0.07480
669.17883	0.07355
669.41988	0.07231
669.66094	0.07107
669.90200	0.06983
670.14306	0.06859
670.38412	0.06734
670.62518	0.06609
670.86624	0.06484
671.10729	0.06361
671.34835	0.06239
671.58941	0.06120
671.83047	0.06005
672.07153	0.05893
672.31259	0.05784
672.55365	0.05679
672.79471	0.05577
673.03576	0.05478
673.27682	0.05381
673.51788	0.05285
673.75894	0.05191
674.00000	0.05097
674.24106	0.05004
674.48212	0.04911
674.72317	0.04818
674.96423	0.04724
675.20529	0.04630
675.44635	0.04535
675.68741	0.04440
675.92847	0.04344
676.16953	0.04247
676.41059	0.04149
676.65164	0.04051
676.89270	0.03954
677.13376	0.03857
677.37482	0.03761
677.61588	0.03666
677.85694	0.03572
678.09800	0.03481
678.33905	0.03392
678.58011	0.03304
678.82117	0.03219
679.06223	0.03136
679.30329	0.03056
679.54435	0.02978
679.78541	0.02903
680.02647	0.02831
680.26752	0.02761
680.50858	0.02694
680.74964	0.02629
680.99070	0.02566
681.23176	0.02506
681.47282	0.02447
681.71388	0.02390
681.95493	0.02335
682.19599	0.02282
682.43705	0.02230
682.67811	0.02179
682.91917	0.02130
683.16023	0.02083
683.40129	0.02037
683.64234	0.01993
683.88340	0.01949
684.12446	0.01907
684.36552	0.01866
684.60658	0.01825
684.84764	0.01786
685.08870	0.01747
685.32976	0.01709
685.57081	0.01672
685.81187	0.01636
686.05293	0.01602
686.29399	0.01568
686.53505	0.01536
686.77611	0.01505
687.01717	0.01475
687.25822	0.01445
687.49928	0.01417
687.74034	0.01389
687.98140	0.01362
688.22246	0.01336
688.46352	0.01311
688.70458	0.01287
688.94564	0.01265
689.18669	0.01245
689.42775	0.01226
689.66881	0.01208
689.90987	0.01192
690.15093	0.01176
690.39199	0.01160
690.63305	0.01144
690.87410	0.01129
691.11516	0.01113
691.35622	0.01097
691.59728	0.01081
691.83834	0.01065
692.07940	0.01049
692.32046	0.01034
692.56152	0.01019
692.80257	0.01004
693.04363	0.00990
693.28469	0.00976
693.52575	0.00961
693.76681	0.00946
694.00787	0.00931
694.24893	0.00916
694.48998	0.00900
694.73104	0.00884
694.97210	0.00867
695.21316	0.00850
695.45422	0.00833
695.69528	0.00815
695.93634	0.00797
696.17740	0.00778
696.41845	0.00759
696.65951	0.00738
696.90057	0.00716
697.14163	0.00694
697.38269	0.00670
697.62375	0.00646
697.86481	0.00621
698.10586	0.00598
698.34692	0.00575
698.58798	0.00553
698.82904	0.00534
699.07010	0.00516
699.31116	0.00500
699.55222	0.00485
699.79327	0.00471
700.03433	0.00458
700.27539	0.00445
700.51645	0.00432
700.75751	0.00419
700.99857	0.00406
701.23963	0.00393
701.48069	0.00381
701.72174	0.00370
701.96280	0.00361
702.20386	0.00354
702.44492	0.00348
702.68598	0.00344
702.92704	0.00342
703.16810	0.00340
703.40915	0.00338
703.65021	0.00336
703.89127	0.00333
704.13233	0.00330
704.37339	0.00326
704.61445	0.00322
704.85551	0.00319
705.09657	0.00315
705.33762	0.00313
705.57868	0.00311
705.81974	0.00310
706.06080	0.00310
706.30186	0.00312
706.54292	0.00313
706.78398	0.00315
707.02503	0.00318
707.26609	0.00320
707.50715	0.00322
707.74821	0.00323
707.98927	0.00323
708.23033	0.00323
708.47139	0.00322
708.71245	0.00320
708.95350	0.00317
709.19456	0.00315
709.43562	0.00311
709.67668	0.00308
709.91774	0.00305
710.15880	0.00303
710.39986	0.00301
710.64091	0.00299
710.88197	0.00298
711.12303	0.00297
711.36409	0.00296
711.60515	0.00296
711.84621	0.00295
712.08727	0.00295
712.32832	0.00295
712.56938	0.00294
712.81044	0.00294
713.05150	0.00293
713.29256	0.00292
713.53362	0.00292
713.77468	0.00291
714.01574	0.00291
714.25679	0.00291
714.49785	0.00291
714.73891	0.00291
714.97997	0.00292
715.22103	0.00293
715.46209	0.00294
715.70315	0.00296
715.94420	0.00297
716.18526	0.00297
716.42632	0.00298
716.66738	0.00298
716.90844	0.00297
717.14950	0.00295
717.39056	0.00293
717.63162	0.00291
717.87267	0.00288
718.11373	0.00285
718.35479	0.00283
718.59585	0.00281
718.83691	0.00279
719.07797	0.00278
719.31903	0.00278
719.56008	0.00279
719.80114	0.00280
720.04220	0.00282
720.28326	0.00284
720.52432	0.00286
720.76538	0.00288
721.00644	0.00290
721.24750	0.00291
721.48855	0.00292
721.72961	0.00293
721.97067	0.00293
722.21173	0.00292
722.45279	0.00290
722.69385	0.00288
722.93491	0.00285
723.17596	0.00282
723.41702	0.00279
723.65808	0.00277
723.89914	0.00274
724.14020	0.00273
724.38126	0.00272
724.62232	0.00271
724.86337	0.00272
725.10443	0.00272
725.34549	0.00273
725.58655	0.00274
725.82761	0.00275
726.06867	0.00276
726.30973	0.00277
726.55079	0.00278
726.79184	0.00278
727.03290	0.00279
727.27396	0.00279
727.51502	0.00279
727.75608	0.00278
727.99714	0.00277
728.23820	0.00275
728.47925	0.00272
728.72031	0.00270
728.96137	0.00267
729.20243	0.00264
729.44349	0.00261
729.68455	0.00259
729.92561	0.00257
730.16667	0.00256
730.40772	0.00255
730.64878	0.00255
730.88984	0.00255
731.13090	0.00255
731.37196	0.00256
731.61302	0.00257
731.85408	0.00257
732.09513	0.00258
732.33619	0.00258
732.57725	0.00259
732.81831	0.00259
733.05937	0.00259
733.30043	0.00259
733.54149	0.00259
733.78255	0.00258
734.02360	0.00258
734.26466	0.00257
734.50572	0.00256
734.74678	0.00254
734.98784	0.00253
735.22890	0.00253
735.46996	0.00253
735.71101	0.00255
735.95207	0.00257
736.19313	0.00260
736.43419	0.00263
736.67525	0.00266
736.91631	0.00268
737.15737	0.00269
737.39842	0.00269
737.63948	0.00267
737.88054	0.00264
738.12160	0.00260
738.36266	0.00256
738.60372	0.00252
738.84478	0.00249
739.08584	0.00247
739.32689	0.00246
739.56795	0.00246
739.80901	0.00246
740.05007	0.00248
740.29113	0.00249
740.53219	0.00250
740.77325	0.00251
741.01430	0.00252
741.25536	0.00252
741.49642	0.00253
741.73748	0.00253
741.97854	0.00254
742.21960	0.00255
742.46066	0.00256
742.70172	0.00258
742.94277	0.00259
743.18383	0.00261
743.42489	0.00262
743.66595	0.00264
743.90701	0.00265
744.14807	0.00267
744.38913	0.00268
744.63018	0.00268
744.87124	0.00269
745.11230	0.00268
745.35336	0.00268
745.59442	0.00266
745.83548	0.00265
746.07654	0.00263
746.31760	0.00261
746.55865	0.00260
746.79971	0.00259
747.04077	0.00260
747.28183	0.00261
747.52289	0.00264
747.76395	0.00267
748.00501	0.00272
748.24606	0.00277
748.48712	0.00283
748.72818	0.00289
748.96924	0.00295
749.21030	0.00301
749.45136	0.00307
749.69242	0.00312
749.93348	0.00317
750.17453	0.00323
750.41559	0.00328
750.65665	0.00334
750.89771	0.00340
751.13877	0.00346
751.37983	0.00353
751.62089	0.00359
751.86194	0.00367
752.10300	0.00374
752.34406	0.00382
752.58512	0.00390
752.82618	0.00399
753.06724	0.00407
753.30830	0.00416
753.54935	0.00424
753.79041	0.00433
754.03147	0.00441
754.27253	0.00448
754.51359	0.00455
754.75465	0.00462
754.99571	0.00469
755.23677	0.00476
755.47782	0.00484
755.71888	0.00492
755.95994	0.00501
756.20100	0.00511
756.44206	0.00522
756.68312	0.00533
756.92418	0.00546
757.16523	0.00559
757.40629	0.00573
757.64735	0.00587
757.88841	0.00601
758.12947	0.00615
758.37053	0.00629
758.61159	0.00643
758.85265	0.00657
759.09370	0.00671
759.33476	0.00684
759.57582	0.00698
759.81688	0.00711
760.05794	0.00723
760.29900	0.00734
760.54006	0.00745
760.78111	0.00755
761.02217	0.00763
761.26323	0.00772
761.50429	0.00780
761.74535	0.00788
761.98641	0.00797
762.22747	0.00806
762.46853	0.00815
762.70958	0.00825
762.95064	0.00835
763.19170	0.00845
763.43276	0.00854
763.67382	0.00864
763.91488	0.00872
764.15594	0.00881
764.39699	0.00888
764.63805	0.00895
764.87911	0.00901
765.12017	0.00907
765.36123	0.00913
765.60229	0.00918
765.84335	0.00923
766.08440	0.00928
766.32546	0.00934
766.56652	0.00939
766.80758	0.00944
767.04864	0.00949
767.28970	0.00955
767.53076	0.00960
767.77182	0.00966
768.01287	0.00971
768.25393	0.00976
768.49499	0.00980
768.73605	0.00985
768.97711	0.00988
769.21817	0.00991
769.45923	0.00994
769.70028	0.00996
769.94134	0.00999
770.18240	0.01002
770.42346	0.01006
770.66452	0.01011
770.90558	0.01017
771.14664	0.01025
771.38770	0.01035
771.62875	0.01046
771.86981	0.01058
772.11087	0.01070
772.35193	0.01083
772.59299	0.01097
772.83405	0.01111
773.07511	0.01125
773.31616	0.01139
773.55722	0.01154
773.79828	0.01170
774.03934	0.01187
774.28040	0.01205
774.52146	0.01225
774.76252	0.01245
775.00358	0.01266
775.24463	0.01288
775.48569	0.01310
775.72675	0.01332
775.96781	0.01355
776.20887	0.01377
776.44993	0.01399
776.69099	0.01420
776.93204	0.01440
777.17310	0.01459
777.41416	0.01477
777.65522	0.01495
777.89628	0.01512
778.13734	0.01528
778.37840	0.01544
778.61945	0.01559
778.86051	0.01574
779.10157	0.01589
779.34263	0.01604
779.58369	0.01618
779.82475	0.01631
780.06581	0.01644
780.30687	0.01655
780.54792	0.01666
780.78898	0.01676
781.03004	0.01685
781.27110	0.01693
781.51216	0.01700
781.75322	0.01707
781.99428	0.01714
782.23533	0.01721
782.47639	0.01728
782.71745	0.01736
782.95851	0.01745
783.19957	0.01754
783.44063	0.01763
783.68169	0.01772
783.92275	0.01781
784.16380	0.01790
784.40486	0.01797
784.64592	0.01803
784.88698	0.01807
785.12804	0.01809
785.36910	0.01809
785.61016	0.01808
785.85121	0.01804
786.09227	0.01798
786.33333	0.01791
786.57439	0.01782
786.81545	0.01771
787.05651	0.01759
787.29757	0.01745
787.53863	0.01730
787.77968	0.01714
788.02074	0.01697
788.26180	0.01679
788.50286	0.01661
788.74392	0.01642
788.98498	0.01623
789.22604	0.01604
789.46709	0.01585
789.70815	0.01566
789.94921	0.01547
790.19027	0.01528
790.43133	0.01509
790.67239	0.01490
790.91345	0.01471
791.15451	0.01452
791.39556	0.01434
791.63662	0.01416
791.87768	0.01398
792.11874	0.01381
792.35980	0.01365
792.60086	0.01350
792.84192	0.01335
793.08297	0.01322
793.32403	0.01310
793.56509	0.01299
793.80615	0.01290
794.04721	0.01282
794.28827	0.01275
794.52933	0.01270
794.77038	0.01266
795.01144	0.01263
795.25250	0.01261
795.49356	0.01260
795.73462	0.01259
795.97568	0.01260
796.21674	0.01260
796.45780	0.01261
796.69885	0.01263
796.93991	0.01264
797.18097	0.01265
797.42203	0.01266
797.66309	0.01267
797.90415	0.01266
798.14521	0.01266
798.38626	0.01264
798.62732	0.01262
798.86838	0.01259
799.10944	0.01255
799.35050	0.01250
799.59156	0.01245
799.83262	0.01240
800.07368	0.01234
800.31473	0.01227
800.55579	0.01221
800.79685	0.01215
801.03791	0.01209
801.27897	0.01204
801.52003	0.01199
801.76109	0.01196
802.00214	0.01193
802.24320	0.01191
802.48426	0.01189
802.72532	0.01187
802.96638	0.01184
803.20744	0.01181
803.44850	0.01176
803.68956	0.01169
803.93061	0.01161
804.17167	0.01151
804.41273	0.01139
804.65379	0.01125
804.89485	0.01110
805.13591	0.01093
805.37697	0.01075
805.61802	0.01056
805.85908	0.01037
806.10014	0.01018
806.34120	0.01000
806.58226	0.00983
806.82332	0.00968
807.06438	0.00955
807.30543	0.00944
807.54649	0.00936
807.78755	0.00931
808.02861	0.00929
808.26967	0.00928
808.51073	0.00929
808.75179	0.00932
808.99285	0.00936
809.23390	0.00941
809.47496	0.00948
809.71602	0.00955
809.95708	0.00964
810.19814	0.00974
810.43920	0.00986
810.68026	0.01000
810.92131	0.01016
811.16237	0.01033
811.40343	0.01052
811.64449	0.01071
811.88555	0.01090
812.12661	0.01110
812.36767	0.01130
812.60873	0.01149
812.84978	0.01168
813.09084	0.01187
813.33190	0.01205
813.57296	0.01222
813.81402	0.01238
814.05508	0.01254
814.29614	0.01267
814.53719	0.01279
814.77825	0.01289
815.01931	0.01298
815.26037	0.01304
815.50143	0.01309
815.74249	0.01313
815.98355	0.01316
816.22461	0.01319
816.46566	0.01322
816.70672	0.01326
816.94778	0.01329
817.18884	0.01333
817.42990	0.01337
817.67096	0.01341
817.91202	0.01345
818.15307	0.01349
818.39413	0.01352
818.63519	0.01354
818.87625	0.01356
819.11731	0.01356
819.35837	0.01355
819.59943	0.01354
819.84048	0.01351
820.08154	0.01348
820.32260	0.01344
820.56366	0.01340
820.80472	0.01335
821.04578	0.01331
821.28684	0.01328
821.52790	0.01324
821.76895	0.01322
822.01001	0.01319
822.25107	0.01316
822.49213	0.01313
822.73319	0.01309
822.97425	0.01305
823.21531	0.01300
823.45636	0.01295
823.69742	0.01290
823.93848	0.01286
824.17954	0.01282
824.42060	0.01279
824.66166	0.01277
824.90272	0.01276
825.14378	0.01275
825.38483	0.01273
825.62589	0.01271
825.86695	0.01267
826.10801	0.01261
826.34907	0.01254
826.59013	0.01245
826.83119	0.01235
827.07224	0.01225
827.31330	0.01214
827.55436	0.01204
827.79542	0.01194
828.03648	0.01184
828.27754	0.01176
828.51860	0.01168
828.75966	0.01161
829.00071	0.01154
829.24177	0.01147
829.48283	0.01140
829.72389	0.01133
829.96495	0.01125
830.20601	0.01116
830.44707	0.01106
830.68812	0.01096
830.92918	0.01084
831.17024	0.01071
831.41130	0.01057
831.65236	0.01042
831.89342	0.01027
832.13448	0.01011
832.37553	0.00994
832.61659	0.00977
832.85765	0.00959
833.09871	0.00941
833.33977	0.00921
833.58083	0.00901
833.82189	0.00879
834.06295	0.00856
834.30400	0.00832
834.54506	0.00807
834.78612	0.00780
835.02718	0.00752
835.26824	0.00722
835.50930	0.00691
835.75036	0.00658
835.99141	0.00624
836.23247	0.00589
836.47353	0.00554
836.71459	0.00518
836.95565	0.00482
837.19671	0.00447
837.43777	0.00413
837.67883	0.00380
837.91988	0.00349
838.16094	0.00321
838.40200	0.00295
838.64306	0.00271
838.88412	0.00251
839.12518	0.00234
839.36624	0.00219
839.60729	0.00208
839.84835	0.00199
840.08941	0.00193
840.33047	0.00189
840.57153	0.00187
840.81259	0.00186
841.05365	0.00185
841.29471	0.00186
841.53576	0.00187
841.77682	0.00189
842.01788	0.00193
842.25894	0.00198
842.50000	0.00204
842.74106	0.00212
842.98212	0.00222
843.22317	0.00234
843.46423	0.00247
843.70529	0.00261
843.94635	0.00275
844.18741	0.00288
844.42847	0.00300
844.66953	0.00311
844.91059	0.00321
845.15164	0.00328
845.39270	0.00335
845.63376	0.00340
845.87482	0.00343
846.11588	0.00347
846.35694	0.00349
846.59800	0.00352
846.83905	0.00355
847.08011	0.00358
847.32117	0.00362
847.56223	0.00366
847.80329	0.00372
848.04435	0.00378
848.28541	0.00385
848.52646	0.00392
848.76752	0.00400
849.00858	0.00407
849.24964	0.00413
849.49070	0.00419
849.73176	0.00424
849.97282	0.00428
850.21388	0.00431
850.45493	0.00434
850.69599	0.00437
850.93705	0.00440
851.17811	0.00442
851.41917	0.00445
851.66023	0.00449
851.90129	0.00453
852.14234	0.00458
852.38340	0.00463
852.62446	0.00468
852.86552	0.00474
853.10658	0.00480
853.34764	0.00485
853.58870	0.00491
853.82976	0.00496
854.07081	0.00500
854.31187	0.00504
854.55293	0.00508
854.79399	0.00512
855.03505	0.00515
855.27611	0.00519
855.51717	0.00524
855.75822	0.00528
855.99928	0.00534
856.24034	0.00539
856.48140	0.00544
856.72246	0.00549
856.96352	0.00553
857.20458	0.00556
857.44564	0.00558
857.68669	0.00560
857.92775	0.00562
858.16881	0.00564
858.40987	0.00567
858.65093	0.00569
858.89199	0.00573
859.13305	0.00577
859.37410	0.00581
859.61516	0.00584
859.85622	0.00588
860.09728	0.00591
860.33834	0.00592
860.57940	0.00593
860.82046	0.00593
861.06151	0.00593
861.30257	0.00591
861.54363	0.00589
861.78469	0.00586
862.02575	0.00584
862.26681	0.00581
862.50787	0.00577
862.74893	0.00573
862.98998	0.00569
863.23104	0.00565
863.47210	0.00560
863.71316	0.00554
863.95422	0.00548
864.19528	0.00542
864.43634	0.00535
864.67739	0.00529
864.91845	0.00522
865.15951	0.00514
865.40057	0.00507
865.64163	0.00499
865.88269	0.00491
866.12375	0.00483
866.36481	0.00475
866.60586	0.00467
866.84692	0.00458
867.08798	0.00450
867.32904	0.00442
867.57010	0.00435
867.81116	0.00428
868.05222	0.00421
868.29327	0.00413
868.53433	0.00406
868.77539	0.00397
869.01645	0.00388
869.25751	0.00378
869.49857	0.00367
869.73963	0.00355
869.98069	0.00344
870.22174	0.00332
870.46280	0.00322
870.70386	0.00313
870.94492	0.00307
871.18598	0.00303
871.42704	0.00303
871.66810	0.00305
871.90915	0.00310
872.15021	0.00318
872.39127	0.00327
872.63233	0.00338
872.87339	0.00350
873.11445	0.00363
873.35551	0.00375
873.59656	0.00386
873.83762	0.00397
874.07868	0.00406
874.31974	0.00414
874.56080	0.00422
874.80186	0.00428
875.04292	0.00435
875.28398	0.00441
875.52503	0.00446
875.76609	0.00451
876.00715	0.00455
876.24821	0.00459
876.48927	0.00461
876.73033	0.00462
876.97139	0.00461
877.21244	0.00459
877.45350	0.00455
877.69456	0.00451
877.93562	0.00445
878.17668	0.00440
878.41774	0.00434
878.65880	0.00428
878.89986	0.00422
879.14091	0.00417
879.38197	0.00411
879.62303	0.00405
879.86409	0.00398
880.10515	0.00392
880.34621	0.00385
880.58727	0.00379
880.82832	0.00373
881.06938	0.00367
881.31044	0.00362
881.55150	0.00358
881.79256	0.00354
882.03362	0.00351
882.27468	0.00347
882.51574	0.00343
882.75679	0.00338
882.99785	0.00332
883.23891	0.00326
883.47997	0.00318
883.72103	0.00309
883.96209	0.00299
884.20315	0.00289
884.44420	0.00278
884.68526	0.00267
884.92632	0.00257
885.16738	0.00247
885.40844	0.00238
885.64950	0.00229
885.89056	0.00222
886.13161	0.00216
886.37267	0.00211
886.61373	0.00206
886.85479	0.00202
887.09585	0.00199
887.33691	0.00196
887.57797	0.00193
887.81903	0.00190
888.06008	0.00187
888.30114	0.00185
888.54220	0.00182
888.78326	0.00180
889.02432	0.00178
889.26538	0.00177
889.50644	0.00175
889.74749	0.00174
889.98855	0.00173
890.22961	0.00171
890.47067	0.00169
890.71173	0.00166
890.95279	0.00163
891.19385	0.00159
891.43491	0.00155
891.67596	0.00151
891.91702	0.00147
892.15808	0.00142
892.39914	0.00138
892.64020	0.00133
892.88126	0.00129
893.12232	0.00125
893.36337	0.00121
893.60443	0.00117
893.84549	0.00113
894.08655	0.00108
894.32761	0.00104
894.56867	0.00099
894.80973	0.00095
895.05079	0.00085
895.29184	0.00075
895.53290	0.00067
895.77396	0.00062
896.01502	0.00062
896.25608	0.00066
896.49714	0.00072
896.73820	0.00079
896.97925	0.00082
897.22031	0.00084
897.46137	0.00086
897.70243	0.00087
897.94349	0.00086
898.18455	0.00085
898.42561	0.00084
898.66667	0.00082
898.90772	0.00081
899.14878	0.00080
899.38984	0.00079
899.63090	0.00079
