0.00000	-0.00038
0.24106	-0.00014
0.48212	0.00057
0.72318	0.00174
0.96423	0.00334
1.20529	0.00530
1.44635	0.00754
1.68741	0.00992
1.92847	0.01229
2.16953	0.01451
2.41059	0.01643
2.65165	0.01796
2.89270	0.01906
3.13376	0.01974
3.37482	0.02007
3.61588	0.02013
3.85694	0.02004
4.09800	0.01987
4.33906	0.01970
4.58011	0.01959
4.82117	0.01954
5.06223	0.01955
5.30329	0.01959
5.54435	0.01964
5.78541	0.01968
6.02647	0.01969
6.26753	0.01967
6.50858	0.01963
6.74964	0.01956
6.99070	0.01948
7.23176	0.01938
7.47282	0.01928
7.71388	0.01916
7.95494	0.01904
8.19599	0.01890
8.43705	0.01875
8.67811	0.01857
8.91917	0.01839
9.16023	0.01820
9.40129	0.01802
9.64235	0.01788
9.88340	0.01780
10.12446	0.01783
10.36552	0.01800
10.60658	0.01833
10.84764	0.01883
11.08870	0.01950
11.32976	0.02028
11.57082	0.02112
11.81187	0.02194
12.05293	0.02264
12.29399	0.02309
12.53505	0.02321
12.77611	0.02292
13.01717	0.02216
13.25823	0.02095
13.49928	0.01933
13.74034	0.01723
13.98140	0.01495
14.22246	0.01272
14.46352	0.01073
14.70458	0.00917
14.94564	0.00816
15.18670	0.00776
15.42775	0.00792
15.66881	0.00857
15.90987	0.00954
16.15093	0.01068
16.39199	0.01183
16.63305	0.01285
16.87411	0.01366
17.11516	0.01423
17.35622	0.01457
17.59728	0.01450
17.83834	0.01429
18.07940	0.01396
18.32046	0.01352
18.56152	0.01299
18.80258	0.01236
19.04363	0.01161
19.28469	0.01075
19.52575	0.00954
19.76681	0.00835
20.00787	0.00731
20.24893	0.00652
20.48999	0.00607
20.73104	0.00599
20.97210	0.00628
21.21316	0.00691
21.45422	0.00818
21.69528	0.00969
21.93634	0.01143
22.17740	0.01335
22.41845	0.01537
22.65951	0.01743
22.90057	0.01944
23.14163	0.02134
23.38269	0.02307
23.62375	0.02462
23.86481	0.02604
24.10587	0.02738
24.34692	0.02870
24.58798	0.03007
24.82904	0.03154
25.07010	0.03314
25.31116	0.03487
25.55222	0.03673
25.79328	0.03868
26.03433	0.04066
26.27539	0.04264
26.51645	0.04455
26.75751	0.04636
26.99857	0.04807
27.23963	0.04970
27.48069	0.05134
27.72175	0.05306
27.96280	0.05500
28.20386	0.05724
28.44492	0.05990
28.68598	0.06302
28.92704	0.06660
29.16810	0.07059
29.40916	0.07492
29.65021	0.07946
29.89127	0.08411
30.13233	0.08879
30.37339	0.09346
30.61445	0.09811
30.85551	0.10276
31.09657	0.10742
31.33763	0.11209
31.57868	0.11671
31.81974	0.12120
32.06080	0.12540
32.30186	0.12918
32.54292	0.13241
32.78398	0.13503
33.02504	0.13706
33.26609	0.13864
33.50715	0.13999
33.74821	0.14139
33.98927	0.14318
34.23033	0.14564
34.47139	0.14900
34.71245	0.15339
34.95350	0.15882
35.19456	0.16523
35.43562	0.17248
35.67668	0.18043
35.91774	0.18900
36.15880	0.19816
36.39986	0.20803
36.64092	0.21879
36.88197	0.23068
37.12303	0.24394
37.36409	0.25870
37.60515	0.27490
37.84621	0.29228
38.08727	0.31030
38.32833	0.32825
38.56938	0.34526
38.81044	0.36045
39.05150	0.37305
39.29256	0.38254
39.53362	0.38874
39.77468	0.39183
40.01574	0.39233
40.25680	0.39103
40.49785	0.38888
40.73891	0.38680
40.97997	0.38563
41.22103	0.38597
41.46209	0.38814
41.70315	0.39221
41.94421	0.39802
42.18526	0.40530
42.42632	0.41371
42.66738	0.42298
42.90844	0.43291
43.14950	0.44343
43.39056	0.45454
43.63162	0.46627
43.87268	0.47862
44.11373	0.49146
44.35479	0.50450
44.59585	0.51730
44.83691	0.52925
45.07797	0.53969
45.31903	0.54801
45.56009	0.55372
45.80114	0.55659
46.04220	0.55672
46.28326	0.55453
46.52432	0.55076
46.76538	0.54640
47.00644	0.54256
47.24750	0.54030
47.48855	0.54058
47.72961	0.54406
47.97067	0.55112
48.21173	0.56180
48.45279	0.57591
48.69385	0.59308
48.93491	0.61291
49.17597	0.63508
49.41702	0.65945
49.65808	0.68607
49.89914	0.71520
50.14020	0.74719
50.38126	0.78232
50.62232	0.82070
50.86338	0.86211
51.10443	0.90587
51.34549	0.95091
51.58655	0.99575
51.82761	1.03875
52.06867	1.07829
52.30973	1.11302
52.55079	1.14203
52.79185	1.16504
53.03290	1.18240
53.27396	1.19499
53.51502	1.20405
53.75608	1.21095
53.99714	1.21694
54.23820	1.22295
54.47926	1.22948
54.72031	1.23665
54.96137	1.24427
55.20243	1.25205
55.44349	1.25983
55.68455	1.26780
55.92561	1.27659
56.16667	1.28723
56.40773	1.30108
56.64878	1.31954
56.88984	1.34378
57.13090	1.37443
57.37196	1.41135
57.61302	1.45357
57.85408	1.49932
58.09514	1.54626
58.33619	1.59181
58.57725	1.63352
58.81831	1.66941
59.05937	1.69827
59.30043	1.71978
59.54149	1.73442
59.78255	1.74336
60.02361	1.74808
60.26466	1.75010
60.50572	1.75062
60.74678	1.75035
60.98784	1.74940
61.22890	1.74738
61.46996	1.74361
61.71102	1.73737
61.95207	1.72823
62.19313	1.71627
62.43419	1.70225
62.67525	1.68755
62.91631	1.67406
63.15737	1.66387
63.39843	1.65897
63.63948	1.66085
63.88054	1.67031
64.12160	1.68722
64.36266	1.71057
64.60372	1.73860
64.84478	1.76909
65.08584	1.79967
65.32690	1.82821
65.56795	1.85307
65.80901	1.87327
66.05007	1.88852
66.29113	1.89908
66.53219	1.90553
66.77325	1.90851
67.01431	1.90845
67.25536	1.90538
67.49642	1.89891
67.73748	1.88830
67.97854	1.87261
68.21960	1.85103
68.46066	1.82309
68.70172	1.78893
68.94278	1.74935
69.18383	1.70584
69.42489	1.66042
69.66595	1.61532
69.90701	1.57282
70.14807	1.53481
70.38913	1.50266
70.63019	1.47703
70.87124	1.45794
71.11230	1.44485
71.35336	1.43686
71.59442	1.43302
71.83548	1.43248
72.07654	1.43473
72.31760	1.43962
72.55866	1.44732
72.79971	1.45821
73.04077	1.47261
73.28183	1.49056
73.52289	1.51165
73.76395	1.53488
74.00501	1.55869
74.24607	1.58107
74.48712	1.59980
74.72818	1.61281
74.96924	1.61844
75.21030	1.61574
75.45136	1.60466
75.69242	1.58605
75.93348	1.56165
76.17453	1.53378
76.41559	1.50512
76.65665	1.47836
76.89771	1.45587
77.13877	1.43953
77.37983	1.43053
77.62089	1.42936
77.86195	1.43594
78.10300	1.44973
78.34406	1.46996
78.58512	1.49580
78.82618	1.52655
79.06724	1.56169
79.30830	1.60085
79.54936	1.64372
79.79041	1.68992
80.03147	1.73875
80.27253	1.78909
80.51359	1.83936
80.75465	1.88753
80.99571	1.93134
81.23677	1.96852
81.47783	1.99716
81.71888	2.01600
81.95994	2.02466
82.20100	2.02376
82.44206	2.01484
82.68312	2.00017
82.92418	1.98243
83.16524	1.96429
83.40629	1.94807
83.64735	1.93543
83.88841	1.92725
84.12947	1.92363
84.37053	1.92404
84.61159	1.92768
84.85265	1.93372
85.09371	1.94165
85.33476	1.95148
85.57582	1.96378
85.81688	1.97960
86.05794	2.00018
86.29900	2.02664
86.54006	2.05959
86.78112	2.09881
87.02217	2.14311
87.26323	2.19033
87.50429	2.23753
87.74535	2.28139
87.98641	2.31873
88.22747	2.34693
88.46853	2.36440
88.70958	2.37080
88.95064	2.36705
89.19170	2.35512
89.43276	2.33767
89.67382	2.31750
89.91488	2.29711
90.15594	2.27831
90.39700	2.26201
90.63805	2.24821
90.87911	2.23625
91.12017	2.22515
91.36123	2.21401
91.60229	2.20243
91.84335	2.19074
92.08441	2.18005
92.32546	2.17214
92.56652	2.16914
92.80758	2.17307
93.04864	2.18548
93.28970	2.20697
93.53076	2.23703
93.77182	2.27399
94.01288	2.31518
94.25393	2.35735
94.49499	2.39709
94.73605	2.43133
94.97711	2.45783
95.21817	2.47543
95.45923	2.48409
95.70029	2.48484
95.94134	2.47943
96.18240	2.46991
96.42346	2.45821
96.66452	2.44574
96.90558	2.43319
97.14664	2.42049
97.38770	2.40697
97.62876	2.39166
97.86981	2.37368
98.11087	2.35259
98.35193	2.32868
98.59299	2.30309
98.83405	2.27770
99.07511	2.25493
99.31617	2.23730
99.55722	2.22707
99.79828	2.22579
100.03934	2.23408
100.28040	2.25149
100.52146	2.27659
100.76252	2.30723
101.00358	2.34089
101.24464	2.37511
101.48569	2.40785
101.72675	2.43775
101.96781	2.46424
102.20887	2.48748
102.44993	2.50808
102.69099	2.52688
102.93205	2.54453
103.17310	2.56122
103.41416	2.57658
103.65522	2.58961
103.89628	2.59891
104.13734	2.60295
104.37840	2.60045
104.61946	2.59074
104.86051	2.57397
105.10157	2.55130
105.34263	2.52472
105.58369	2.49692
105.82475	2.47080
106.06581	2.44913
106.30687	2.43413
106.54793	2.42712
106.78898	2.42848
107.03004	2.43762
107.27110	2.45326
107.51216	2.47374
107.75322	2.49742
107.99428	2.52306
108.23534	2.55003
108.47639	2.57839
108.71745	2.60879
108.95851	2.64219
109.19957	2.67946
109.44063	2.72101
109.68169	2.76644
109.92275	2.81441
110.16381	2.86266
110.40486	2.90828
110.64592	2.94812
110.88698	2.97930
111.12804	2.99973
111.36910	3.00845
111.61016	3.00584
111.85122	2.99356
112.09227	2.97424
112.33333	2.95107
112.57439	2.92726
112.81545	2.90557
113.05651	2.88792
113.29757	2.87525
113.53863	2.86755
113.77969	2.86411
114.02074	2.86387
114.26180	2.86586
114.50286	2.86957
114.74392	2.87513
114.98498	2.88344
115.22604	2.89597
115.46710	2.91445
115.70815	2.94046
115.94921	2.97498
116.19027	3.01801
116.43133	3.06838
116.67239	3.12376
116.91345	3.18086
117.15451	3.23586
117.39556	3.28496
117.63662	3.32493
117.87768	3.35358
118.11874	3.37009
118.35980	3.37500
118.60086	3.37008
118.84192	3.35792
119.08298	3.34144
119.32403	3.32330
119.56509	3.30554
119.80615	3.28927
120.04721	3.27467
120.28827	3.26118
120.52933	3.24784
120.77039	3.23381
121.01144	3.21871
121.25250	3.20297
121.49356	3.18795
121.73462	3.17579
121.97568	3.16911
122.21674	3.17056
122.45780	3.18230
122.69886	3.20558
122.93991	3.24039
123.18097	3.28544
123.42203	3.33826
123.66309	3.39561
123.90415	3.45389
124.14521	3.50976
124.38627	3.56054
124.62732	3.60458
124.86838	3.64130
125.10944	3.67113
125.35050	3.69515
125.59156	3.71468
125.83262	3.73087
126.07368	3.74428
126.31474	3.75475
126.55579	3.76139
126.79685	3.76282
127.03791	3.75754
127.27897	3.74438
127.52003	3.72296
127.76109	3.69396
128.00215	3.65922
128.24320	3.62162
128.48426	3.58474
128.72532	3.55237
128.96638	3.52790
129.20744	3.51387
129.44850	3.51148
129.68956	3.52053
129.93061	3.53940
130.17167	3.56537
130.41273	3.59515
130.65379	3.62538
130.89485	3.65319
131.13591	3.67664
131.37697	3.69488
131.61803	3.70813
131.85908	3.71744
132.10014	3.72422
132.34120	3.72978
132.58226	3.73488
132.82332	3.73939
133.06438	3.74228
133.30544	3.74170
133.54649	3.73541
133.78755	3.72126
134.02861	3.69770
134.26967	3.66421
134.51073	3.62154
134.75179	3.57171
134.99285	3.51775
135.23391	3.46332
135.47496	3.41199
135.71602	3.36686
135.95708	3.33005
136.19814	3.30248
136.43920	3.28383
136.68026	3.27281
136.92132	3.26747
137.16237	3.26574
137.40343	3.26583
137.64449	3.26661
137.88555	3.26773
138.12661	3.26961
138.36767	3.27318
138.60873	3.27948
138.84979	3.28931
139.09084	3.30281
139.33190	3.31925
139.57296	3.33696
139.81402	3.35354
140.05508	3.36617
140.29614	3.37209
140.53720	3.36906
140.77825	3.35579
141.01931	3.33214
141.26037	3.29923
141.50143	3.25921
141.74249	3.21495
141.98355	3.16957
142.22461	3.12594
142.46566	3.08635
142.70672	3.05217
142.94778	3.02382
143.18884	3.00092
143.42990	2.98249
143.67096	2.96736
143.91202	2.95451
144.15308	2.94334
144.39413	2.93387
144.63519	2.92668
144.87625	2.92274
145.11731	2.92312
145.35837	2.92867
145.59943	2.93963
145.84049	2.95548
146.08154	2.97482
146.32260	2.99555
146.56366	3.01508
146.80472	3.03080
147.04578	3.04040
147.28684	3.04235
147.52790	3.03605
147.76896	3.02196
148.01001	3.00143
148.25107	2.97644
148.49213	2.94919
148.73319	2.92169
148.97425	2.89543
149.21531	2.87114
149.45637	2.84879
149.69742	2.82769
149.93848	2.80679
150.17954	2.78502
150.42060	2.76166
150.66166	2.73657
150.90272	2.71034
151.14378	2.68421
151.38484	2.65992
151.62589	2.63934
151.86695	2.62409
152.10801	2.61524
152.34907	2.61301
152.59013	2.61670
152.83119	2.62479
153.07225	2.63515
153.31330	2.64541
153.55436	2.65335
153.79542	2.65728
154.03648	2.65624
154.27754	2.65015
154.51860	2.63966
154.75966	2.62597
155.00072	2.61051
155.24177	2.59457
155.48283	2.57902
155.72389	2.56419
155.96495	2.54979
156.20601	2.53509
156.44707	2.51914
156.68813	2.50104
156.92918	2.48025
157.17024	2.45677
157.41130	2.43125
157.65236	2.40487
157.89342	2.37924
158.13448	2.35604
158.37554	2.33682
158.61659	2.32268
158.85765	2.31408
159.09871	2.31081
159.33977	2.31204
159.58083	2.31647
159.82189	2.32259
160.06295	2.32896
160.30401	2.33444
160.54506	2.33838
160.78612	2.34064
161.02718	2.34160
161.26824	2.34195
161.50930	2.34248
161.75036	2.34386
161.99142	2.34638
162.23247	2.34990
162.47353	2.35377
162.71459	2.35699
162.95565	2.35836
163.19671	2.35680
163.43777	2.35155
163.67883	2.34241
163.91989	2.32979
164.16094	2.31472
164.40200	2.29868
164.64306	2.28331
164.88412	2.27020
165.12518	2.26052
165.36624	2.25490
165.60730	2.25331
165.84835	2.25511
166.08941	2.25922
166.33047	2.26437
166.57153	2.26940
166.81259	2.27346
167.05365	2.27624
167.29471	2.27799
167.53577	2.27941
167.77682	2.28153
168.01788	2.28537
168.25894	2.29173
168.50000	2.30092
168.74106	2.31265
168.98212	2.32604
169.22318	2.33972
169.46423	2.35210
169.70529	2.36164
169.94635	2.36716
170.18741	2.36805
170.42847	2.36441
170.66953	2.35703
170.91059	2.34725
171.15164	2.33672
171.39270	2.32710
171.63376	2.31976
171.87482	2.31560
172.11588	2.31486
172.35694	2.31720
172.59800	2.32177
172.83906	2.32746
173.08011	2.33317
173.32117	2.33803
173.56223	2.34158
173.80329	2.34391
174.04435	2.34558
174.28541	2.34750
174.52647	2.35068
174.76752	2.35604
175.00858	2.36408
175.24964	2.37481
175.49070	2.38765
175.73176	2.40150
175.97282	2.41496
176.21388	2.42657
176.45494	2.43507
176.69599	2.43968
176.93705	2.44026
177.17811	2.43732
177.41917	2.43191
177.66023	2.42545
177.90129	2.41944
178.14235	2.41513
178.38340	2.41336
178.62446	2.41438
178.86552	2.41785
179.10658	2.42302
179.34764	2.42888
179.58870	2.43447
179.82976	2.43914
180.07082	2.44270
180.31187	2.44554
180.55293	2.44849
180.79399	2.45273
181.03505	2.45943
181.27611	2.46957
181.51717	2.48363
181.75823	2.50146
181.99928	2.52226
182.24034	2.54469
182.48140	2.56708
182.72246	2.58775
182.96352	2.60528
183.20458	2.61879
183.44564	2.62806
183.68669	2.63358
183.92775	2.63639
184.16881	2.63792
184.40987	2.63962
184.65093	2.64274
184.89199	2.64805
185.13305	2.65573
185.37411	2.66536
185.61516	2.67605
185.85622	2.68668
186.09728	2.69617
186.33834	2.70375
186.57940	2.70921
186.82046	2.71295
187.06152	2.71596
187.30257	2.71966
187.54363	2.72560
187.78469	2.73517
188.02575	2.74925
188.26681	2.76807
188.50787	2.79105
188.74893	2.81692
188.98999	2.84391
189.23104	2.87006
189.47210	2.89360
189.71316	2.91324
189.95422	2.92840
190.19528	2.93929
190.43634	2.94681
190.67740	2.95235
190.91845	2.95744
191.15951	2.96339
191.40057	2.97104
191.64163	2.98059
191.88269	2.99150
192.12375	3.00273
192.36481	3.01290
192.60587	3.02069
192.84692	3.02509
193.08798	3.02572
193.32904	3.02290
193.57010	3.01765
193.81116	3.01150
194.05222	3.00620
194.29328	3.00343
194.53433	3.00446
194.77539	3.00989
195.01645	3.01962
195.25751	3.03279
195.49857	3.04805
195.73963	3.06375
195.98069	3.07830
196.22174	3.09046
196.46280	3.09952
196.70386	3.10546
196.94492	3.10886
197.18598	3.11075
197.42704	3.11236
197.66810	3.11482
197.90916	3.11889
198.15021	3.12479
198.39127	3.13216
198.63233	3.14008
198.87339	3.14733
199.11445	3.15263
199.35551	3.15497
199.59657	3.15381
199.83762	3.14927
200.07868	3.14210
200.31974	3.13358
200.56080	3.12524
200.80186	3.11860
201.04292	3.11481
201.28398	3.11442
201.52504	3.11732
201.76609	3.12273
202.00715	3.12936
202.24821	3.13575
202.48927	3.14051
202.73033	3.14267
202.97139	3.14185
203.21245	3.13832
203.45350	3.13297
203.69456	3.12703
203.93562	3.12186
204.17668	3.11859
204.41774	3.11787
204.65880	3.11975
204.89986	3.12360
205.14092	3.12828
205.38197	3.13234
205.62303	3.13428
205.86409	3.13291
206.10515	3.12753
206.34621	3.11808
206.58727	3.10517
206.82833	3.08994
207.06938	3.07382
207.31044	3.05830
207.55150	3.04460
207.79256	3.03350
208.03362	3.02516
208.27468	3.01914
208.51574	3.01448
208.75680	3.00995
208.99785	3.00426
209.23891	2.99636
209.47997	2.98565
209.72103	2.97209
209.96209	2.95621
210.20315	2.93901
210.44421	2.92170
210.68526	2.90549
210.92632	2.89130
211.16738	2.87956
211.40844	2.87011
211.64950	2.86224
211.89056	2.85483
212.13162	2.84659
212.37267	2.83633
212.61373	2.82323
212.85479	2.80700
213.09585	2.78795
213.33691	2.76692
213.57797	2.74513
213.81903	2.72388
214.06009	2.70434
214.30114	2.68727
214.54220	2.67294
214.78326	2.66105
215.02432	2.65087
215.26538	2.64141
215.50644	2.63166
215.74750	2.62079
215.98855	2.60838
216.22961	2.59449
216.47067	2.57961
216.71173	2.56462
216.95279	2.55050
217.19385	2.53818
217.43491	2.52834
217.67597	2.52117
217.91702	2.51644
218.15808	2.51341
218.39914	2.51104
218.64020	2.50817
218.88126	2.50369
219.12232	2.49681
219.36338	2.48714
219.60443	2.47480
219.84549	2.46033
220.08655	2.44459
220.32761	2.42858
220.56867	2.41319
220.80973	2.39908
221.05079	2.38652
221.29185	2.37536
221.53290	2.36509
221.77396	2.35501
222.01502	2.34437
222.25608	2.33261
222.49714	2.31949
222.73820	2.30521
222.97926	2.29036
223.22031	2.27586
223.46137	2.26276
223.70243	2.25205
223.94349	2.24443
224.18455	2.24019
224.42561	2.23912
224.66667	2.24052
224.90772	2.24337
225.14878	2.24646
225.38984	2.24862
225.63090	2.24894
225.87196	2.24688
226.11302	2.24234
226.35408	2.23563
226.59514	2.22737
226.83619	2.21831
227.07725	2.20918
227.31831	2.20049
227.55937	2.19246
227.80043	2.18502
228.04149	2.17779
228.28255	2.17027
228.52360	2.16194
228.76466	2.15246
229.00572	2.14173
229.24678	2.13001
229.48784	2.11786
229.72890	2.10608
229.96996	2.09557
230.21102	2.08716
230.45207	2.08143
230.69313	2.07862
230.93419	2.07855
231.17525	2.08067
231.41631	2.08412
231.65737	2.08789
231.89843	2.09104
232.13948	2.09276
232.38054	2.09262
232.62160	2.09051
232.86266	2.08670
233.10372	2.08169
233.34478	2.07613
233.58584	2.07063
233.82690	2.06560
234.06795	2.06121
234.30901	2.05731
234.55007	2.05354
234.79113	2.04935
235.03219	2.04419
235.27325	2.03767
235.51431	2.02964
235.75536	2.02025
235.99642	2.00998
236.23748	1.99956
236.47854	1.98983
236.71960	1.98161
236.96066	1.97557
237.20172	1.97207
237.44277	1.97115
237.68383	1.97249
237.92489	1.97551
238.16595	1.97946
238.40701	1.98358
238.64807	1.98725
238.88913	1.99007
239.13019	1.99195
239.37124	1.99309
239.61230	1.99389
239.85336	1.99486
240.09442	1.99650
240.33548	1.99910
240.57654	2.00272
240.81760	2.00709
241.05865	2.01170
241.29971	2.01583
241.54077	2.01875
241.78183	2.01984
242.02289	2.01873
242.26395	2.01540
242.50501	2.01019
242.74607	2.00377
242.98712	1.99702
243.22818	1.99086
243.46924	1.98611
243.71030	1.98335
243.95136	1.98283
244.19242	1.98444
244.43348	1.98777
244.67453	1.99224
244.91559	1.99719
245.15665	2.00207
245.39771	2.00654
245.63877	2.01054
245.87983	2.01426
246.12089	2.01812
246.36195	2.02264
246.60300	2.02828
246.84406	2.03535
247.08512	2.04386
247.32618	2.05355
247.56724	2.06383
247.80830	2.07393
248.04936	2.08302
248.29041	2.09034
248.53147	2.09537
248.77253	2.09790
249.01359	2.09811
249.25465	2.09652
249.49571	2.09388
249.73677	2.09109
249.97783	2.08897
250.21888	2.08818
250.45994	2.08911
250.70100	2.09180
250.94206	2.09601
251.18312	2.10128
251.42418	2.10706
251.66524	2.11285
251.90629	2.11831
252.14735	2.12334
252.38841	2.12811
252.62947	2.13299
252.87053	2.13849
253.11159	2.14511
253.35265	2.15323
253.59370	2.16298
253.83476	2.17422
254.07582	2.18648
254.31688	2.19908
254.55794	2.21123
254.79900	2.22214
255.04006	2.23120
255.28112	2.23806
255.52217	2.24267
255.76323	2.24529
256.00429	2.24643
256.24535	2.24670
256.48641	2.24667
256.72747	2.24680
256.96853	2.24730
257.20958	2.24813
257.45064	2.24903
257.69170	2.24961
257.93276	2.24946
258.17382	2.24830
258.41488	2.24603
258.65594	2.24285
258.89700	2.23922
259.13805	2.23579
259.37911	2.23331
259.62017	2.23246
259.86123	2.23378
260.10229	2.23749
260.34335	2.24351
260.58441	2.25140
260.82546	2.26049
261.06652	2.26993
261.30758	2.27889
261.54864	2.28662
261.78970	2.29263
262.03076	2.29672
262.27182	2.29897
262.51288	2.29968
262.75393	2.29931
262.99499	2.29831
263.23605	2.29702
263.47711	2.29560
263.71817	2.29394
263.95923	2.29176
264.20029	2.28861
264.44134	2.28403
264.68240	2.27768
264.92346	2.26942
265.16452	2.25942
265.40558	2.24815
265.64664	2.23630
265.88770	2.22474
266.12875	2.21430
266.36981	2.20570
266.61087	2.19936
266.85193	2.19537
267.09299	2.19347
267.33405	2.19315
267.57511	2.19367
267.81617	2.19431
268.05722	2.19439
268.29828	2.19346
268.53934	2.19133
268.78040	2.18807
269.02146	2.18395
269.26252	2.17936
269.50358	2.17470
269.74463	2.17024
269.98569	2.16609
270.22675	2.16213
270.46781	2.15806
270.70887	2.15341
270.94993	2.14769
271.19099	2.14044
271.43205	2.13139
271.67310	2.12044
271.91416	2.10779
272.15522	2.09383
272.39628	2.07911
272.63734	2.06426
272.87840	2.04986
273.11946	2.03639
273.36051	2.02411
273.60157	2.01309
273.84263	2.00319
274.08369	1.99414
274.32475	1.98562
274.56581	1.97731
274.80687	1.96904
275.04793	1.96076
275.28898	1.95258
275.53004	1.94474
275.77110	1.93754
276.01216	1.93123
276.25322	1.92598
276.49428	1.92176
276.73534	1.91834
276.97639	1.91529
277.21745	1.91204
277.45851	1.90796
277.69957	1.90247
277.94063	1.89514
278.18169	1.88577
278.42275	1.87438
278.66380	1.86128
278.90486	1.84695
279.14592	1.83198
279.38698	1.81697
279.62804	1.80243
279.86910	1.78873
280.11016	1.77603
280.35122	1.76433
280.59227	1.75346
280.83333	1.74324
281.07439	1.73345
281.31545	1.72399
281.55651	1.71485
281.79757	1.70618
282.03863	1.69820
282.27968	1.69118
282.52074	1.68534
282.76180	1.68080
283.00286	1.67751
283.24392	1.67524
283.48498	1.67357
283.72604	1.67200
283.96710	1.66995
284.20815	1.66691
284.44921	1.66250
284.69027	1.65650
284.93133	1.64892
285.17239	1.63997
285.41345	1.62998
285.65451	1.61939
285.89556	1.60859
286.13662	1.59794
286.37768	1.58762
286.61874	1.57769
286.85980	1.56805
287.10086	1.55853
287.34192	1.54894
287.58298	1.53913
287.82403	1.52908
288.06509	1.51889
288.30615	1.50883
288.54721	1.49927
288.78827	1.49063
289.02933	1.48331
289.27039	1.47760
289.51144	1.47362
289.75250	1.47129
289.99356	1.47034
290.23462	1.47033
290.47568	1.47073
290.71674	1.47101
290.95780	1.47069
291.19885	1.46940
291.43991	1.46697
291.68097	1.46337
291.92203	1.45870
292.16309	1.45318
292.40415	1.44705
292.64521	1.44050
292.88627	1.43368
293.12732	1.42664
293.36838	1.41934
293.60944	1.41169
293.85050	1.40360
294.09156	1.39501
294.33262	1.38594
294.57368	1.37652
294.81473	1.36702
295.05579	1.35775
295.29685	1.34912
295.53791	1.34149
295.77897	1.33516
296.02003	1.33034
296.26109	1.32706
296.50215	1.32521
296.74320	1.32456
296.98426	1.32477
297.22532	1.32550
297.46638	1.32640
297.70744	1.32723
297.94850	1.32786
298.18956	1.32825
298.43061	1.32850
298.67167	1.32874
298.91273	1.32909
299.15379	1.32965
299.39485	1.33042
299.63591	1.33127
299.87697	1.33199
300.11803	1.33230
300.35908	1.33190
300.60014	1.33055
300.84120	1.32811
301.08226	1.32458
301.32332	1.32014
301.56438	1.31510
301.80544	1.30986
302.04649	1.30489
302.28755	1.30061
302.52861	1.29734
302.76967	1.29529
303.01073	1.29451
303.25179	1.29489
303.49285	1.29625
303.73391	1.29834
303.97496	1.30091
304.21602	1.30379
304.45708	1.30686
304.69814	1.31012
304.93920	1.31364
305.18026	1.31754
305.42132	1.32192
305.66237	1.32685
305.90343	1.33230
306.14449	1.33813
306.38555	1.34411
306.62661	1.34996
306.86767	1.35535
307.10873	1.35997
307.34978	1.36364
307.59084	1.36625
307.83190	1.36786
308.07296	1.36865
308.31402	1.36893
308.55508	1.36901
308.79614	1.36923
309.03720	1.36986
309.27825	1.37106
309.51931	1.37289
309.76037	1.37528
310.00143	1.37810
310.24249	1.38119
310.48355	1.38439
310.72461	1.38765
310.96566	1.39097
311.20672	1.39448
311.44778	1.39836
311.68884	1.40286
311.92990	1.40817
312.17096	1.41443
312.41202	1.42166
312.65308	1.42976
312.89413	1.43849
313.13519	1.44749
313.37625	1.45639
313.61731	1.46481
313.85837	1.47245
314.09943	1.47912
314.34049	1.48477
314.58154	1.48947
314.82260	1.49343
315.06366	1.49690
315.30472	1.50011
315.54578	1.50330
315.78684	1.50656
316.02790	1.50991
316.26896	1.51329
316.51001	1.51655
316.75107	1.51954
316.99213	1.52216
317.23319	1.52439
317.47425	1.52634
317.71531	1.52820
317.95637	1.53030
318.19742	1.53296
318.43848	1.53652
318.67954	1.54122
318.92060	1.54718
319.16166	1.55435
319.40272	1.56254
319.64378	1.57143
319.88483	1.58062
320.12589	1.58970
320.36695	1.59833
320.60801	1.60627
320.84907	1.61338
321.09013	1.61969
321.33119	1.62532
321.57225	1.63044
321.81330	1.63525
322.05436	1.63987
322.29542	1.64438
322.53648	1.64874
322.77754	1.65283
323.01860	1.65649
323.25966	1.65954
323.50071	1.66186
323.74177	1.66344
323.98283	1.66435
324.22389	1.66483
324.46495	1.66518
324.70601	1.66577
324.94707	1.66695
325.18813	1.66900
325.42918	1.67208
325.67024	1.67621
325.91130	1.68127
326.15236	1.68699
326.39342	1.69306
326.63448	1.69914
326.87554	1.70494
327.11659	1.71025
327.35765	1.71500
327.59871	1.71922
327.83977	1.72304
328.08083	1.72665
328.32189	1.73021
328.56295	1.73383
328.80401	1.73753
329.04506	1.74121
329.28612	1.74465
329.52718	1.74759
329.76824	1.74973
330.00930	1.75082
330.25036	1.75071
330.49142	1.74939
330.73247	1.74701
330.97353	1.74386
331.21459	1.74031
331.45565	1.73678
331.69671	1.73367
331.93777	1.73126
332.17883	1.72970
332.41988	1.72900
332.66094	1.72903
332.90200	1.72956
333.14306	1.73031
333.38412	1.73105
333.62518	1.73159
333.86624	1.73187
334.10730	1.73192
334.34835	1.73185
334.58941	1.73180
334.83047	1.73190
335.07153	1.73220
335.31259	1.73266
335.55365	1.73309
335.79471	1.73321
336.03576	1.73270
336.27682	1.73120
336.51788	1.72842
336.75894	1.72420
337.00000	1.71850
337.24106	1.71146
337.48212	1.70336
337.72318	1.69456
337.96423	1.68547
338.20529	1.67644
338.44635	1.66775
338.68741	1.65954
338.92847	1.65184
339.16953	1.64453
339.41059	1.63743
339.65164	1.63035
339.89270	1.62316
340.13376	1.61578
340.37482	1.60829
340.61588	1.60082
340.85694	1.59362
341.09800	1.58694
341.33906	1.58099
341.58011	1.57588
341.82117	1.57161
342.06223	1.56804
342.30329	1.56490
342.54435	1.56185
342.78541	1.55853
343.02647	1.55462
343.26752	1.54988
343.50858	1.54420
343.74964	1.53759
343.99070	1.53017
344.23176	1.52215
344.47282	1.51376
344.71388	1.50521
344.95493	1.49667
345.19599	1.48820
345.43705	1.47980
345.67811	1.47140
345.91917	1.46287
346.16023	1.45407
346.40129	1.44493
346.64235	1.43540
346.88340	1.42556
347.12446	1.41554
347.36552	1.40556
347.60658	1.39587
347.84764	1.38669
348.08870	1.37821
348.32976	1.37050
348.57081	1.36356
348.81187	1.35724
349.05293	1.35134
349.29399	1.34562
349.53505	1.33983
349.77611	1.33375
350.01717	1.32727
350.25823	1.32037
350.49928	1.31310
350.74034	1.30559
350.98140	1.29798
351.22246	1.29043
351.46352	1.28302
351.70458	1.27579
351.94564	1.26870
352.18669	1.26165
352.42775	1.25451
352.66881	1.24715
352.90987	1.23947
353.15093	1.23142
353.39199	1.22304
353.63305	1.21442
353.87411	1.20573
354.11516	1.19715
354.35622	1.18887
354.59728	1.18104
354.83834	1.17374
355.07940	1.16702
355.32046	1.16080
355.56152	1.15496
355.80257	1.14937
356.04363	1.14383
356.28469	1.13821
356.52575	1.13241
356.76681	1.12639
357.00787	1.12016
357.24893	1.11381
357.48999	1.10744
357.73104	1.10116
357.97210	1.09504
358.21316	1.08914
358.45422	1.08341
358.69528	1.07780
358.93634	1.07217
359.17740	1.06640
359.41845	1.06036
359.65951	1.05398
359.90057	1.04724
360.14163	1.04016
360.38269	1.03284
360.62375	1.02542
360.86481	1.01804
361.10586	1.01084
361.34692	1.00391
361.58798	0.99730
361.82904	0.99102
362.07010	0.98501
362.31116	0.97920
362.55222	0.97350
362.79328	0.96785
363.03433	0.96221
363.27539	0.95658
363.51645	0.95101
363.75751	0.94556
363.99857	0.94029
364.23963	0.93525
364.48069	0.93047
364.72174	0.92591
364.96280	0.92150
365.20386	0.91712
365.44492	0.91266
365.68598	0.90799
365.92704	0.90301
366.16810	0.89767
366.40916	0.89198
366.65021	0.88599
366.89127	0.87981
367.13233	0.87356
367.37339	0.86736
367.61445	0.86131
367.85551	0.85548
368.09657	0.84987
368.33762	0.84445
368.57868	0.83912
368.81974	0.83379
369.06080	0.82834
369.30186	0.82270
369.54292	0.81681
369.78398	0.81066
370.02504	0.80428
370.26609	0.79774
370.50715	0.79112
370.74821	0.78451
370.98927	0.77794
371.23033	0.77145
371.47139	0.76501
371.71245	0.75854
371.95350	0.75194
372.19456	0.74511
372.43562	0.73792
372.67668	0.73029
372.91774	0.72217
373.15880	0.71356
373.39986	0.70451
373.64091	0.69508
373.88197	0.68537
374.12303	0.67549
374.36409	0.66551
374.60515	0.65550
374.84621	0.64549
375.08727	0.63548
375.32833	0.62545
375.56938	0.61539
375.81044	0.60527
376.05150	0.59512
376.29256	0.58492
376.53362	0.57479
376.77468	0.56482
377.01574	0.55512
377.25679	0.54581
377.49785	0.53696
377.73891	0.52866
377.97997	0.52094
378.22103	0.51375
378.46209	0.50715
378.70315	0.50111
378.94421	0.49563
379.18526	0.49069
379.42632	0.48631
379.66738	0.48255
379.90844	0.47945
380.14950	0.47708
380.39056	0.47553
380.63162	0.47487
380.87267	0.47515
381.11373	0.47638
381.35479	0.47855
381.59585	0.48163
381.83691	0.48556
382.07797	0.49028
382.31903	0.49574
382.56009	0.50189
382.80114	0.50871
383.04220	0.51619
383.28326	0.52433
383.52432	0.53315
383.76538	0.54266
384.00644	0.55281
384.24750	0.56361
384.48855	0.57501
384.72961	0.58693
384.97067	0.59926
385.21173	0.61190
385.45279	0.62474
385.69385	0.63769
385.93491	0.65064
386.17596	0.66359
386.41702	0.67654
386.65808	0.68948
386.89914	0.70243
387.14020	0.71539
387.38126	0.72835
387.62232	0.74127
387.86338	0.75405
388.10443	0.76663
388.34549	0.77892
388.58655	0.79082
388.82761	0.80227
389.06867	0.81324
389.30973	0.82376
389.55079	0.83387
389.79184	0.84369
390.03290	0.85331
390.27396	0.86284
390.51502	0.87238
390.75608	0.88199
390.99714	0.89168
391.23820	0.90143
391.47926	0.91119
391.72031	0.92087
391.96137	0.93040
392.20243	0.93971
392.44349	0.94873
392.68455	0.95745
392.92561	0.96585
393.16667	0.97396
393.40772	0.98180
393.64878	0.98940
393.88984	0.99676
394.13090	1.00388
394.37196	1.01073
394.61302	1.01725
394.85408	1.02337
395.09514	1.02904
395.33619	1.03423
395.57725	1.03892
395.81831	1.04316
396.05937	1.04704
396.30043	1.05070
396.54149	1.05428
396.78255	1.05797
397.02360	1.06190
397.26466	1.06619
397.50572	1.07091
397.74678	1.07606
397.98784	1.08160
398.22890	1.08745
398.46996	1.09352
398.71102	1.09972
398.95207	1.10602
399.19313	1.11238
399.43419	1.11884
399.67525	1.12546
399.91631	1.13228
400.15737	1.13935
400.39843	1.14669
400.63948	1.15425
400.88054	1.16192
401.12160	1.16955
401.36266	1.17697
401.60372	1.18398
401.84478	1.19040
402.08584	1.19612
402.32689	1.20107
402.56795	1.20525
402.80901	1.20874
403.05007	1.21163
403.29113	1.21408
403.53219	1.21620
403.77325	1.21811
404.01431	1.21986
404.25536	1.22145
404.49642	1.22287
404.73748	1.22403
404.97854	1.22487
405.21960	1.22532
405.46066	1.22537
405.70172	1.22503
405.94277	1.22436
406.18383	1.22348
406.42489	1.22250
406.66595	1.22156
406.90701	1.22072
407.14807	1.22005
407.38913	1.21952
407.63019	1.21907
407.87124	1.21858
408.11230	1.21791
408.35336	1.21693
408.59442	1.21554
408.83548	1.21367
409.07654	1.21131
409.31760	1.20852
409.55865	1.20537
409.79971	1.20195
410.04077	1.19838
410.28183	1.19471
410.52289	1.19100
410.76395	1.18723
411.00501	1.18337
411.24607	1.17936
411.48712	1.17512
411.72818	1.17062
411.96924	1.16581
412.21030	1.16072
412.45136	1.15539
412.69242	1.14991
412.93348	1.14439
413.17453	1.13891
413.41559	1.13355
413.65665	1.12835
413.89771	1.12331
414.13877	1.11837
414.37983	1.11346
414.62089	1.10848
414.86194	1.10333
415.10300	1.09793
415.34406	1.09224
415.58512	1.08627
415.82618	1.08003
416.06724	1.07361
416.30830	1.06707
416.54936	1.06048
416.79041	1.05389
417.03147	1.04731
417.27253	1.04072
417.51359	1.03407
417.75465	1.02730
417.99571	1.02033
418.23677	1.01312
418.47782	1.00564
418.71888	0.99790
418.95994	0.98996
419.20100	0.98189
419.44206	0.97380
419.68312	0.96579
419.92418	0.95794
420.16524	0.95032
420.40629	0.94293
420.64735	0.93575
420.88841	0.92875
421.12947	0.92183
421.37053	0.91493
421.61159	0.90799
421.85265	0.90095
422.09370	0.89382
422.33476	0.88661
422.57582	0.87937
422.81688	0.87216
423.05794	0.86501
423.29900	0.85798
423.54006	0.85105
423.78112	0.84420
424.02217	0.83737
424.26323	0.83046
424.50429	0.82339
424.74535	0.81605
424.98641	0.80838
425.22747	0.80034
425.46853	0.79193
425.70958	0.78319
425.95064	0.77420
426.19170	0.76504
426.43276	0.75583
426.67382	0.74667
426.91488	0.73765
427.15594	0.72881
427.39699	0.72019
427.63805	0.71180
427.87911	0.70364
428.12017	0.69568
428.36123	0.68791
428.60229	0.68034
428.84335	0.67298
429.08441	0.66585
429.32546	0.65898
429.56652	0.65240
429.80758	0.64612
430.04864	0.64013
430.28970	0.63440
430.53076	0.62888
430.77182	0.62349
431.01287	0.61814
431.25393	0.61276
431.49499	0.60728
431.73605	0.60164
431.97711	0.59582
432.21817	0.58982
432.45923	0.58366
432.70029	0.57736
432.94134	0.57097
433.18240	0.56453
433.42346	0.55808
433.66452	0.55164
433.90558	0.54525
434.14664	0.53889
434.38770	0.53262
434.62875	0.52644
434.86981	0.52039
435.11087	0.51452
435.35193	0.50889
435.59299	0.50357
435.83405	0.49864
436.07511	0.49415
436.31617	0.49020
436.55722	0.48682
436.79828	0.48407
437.03934	0.48194
437.28040	0.48043
437.52146	0.47951
437.76252	0.47915
438.00358	0.47935
438.24463	0.48008
438.48569	0.48134
438.72675	0.48316
438.96781	0.48557
439.20887	0.48857
439.44993	0.49219
439.69099	0.49642
439.93204	0.50120
440.17310	0.50649
440.41416	0.51220
440.65522	0.51822
440.89628	0.52444
441.13734	0.53077
441.37840	0.53710
441.61946	0.54339
441.86051	0.54956
442.10157	0.55563
442.34263	0.56160
442.58369	0.56748
442.82475	0.57329
443.06581	0.57902
443.30687	0.58465
443.54792	0.59014
443.78898	0.59544
444.03004	0.60050
444.27110	0.60527
444.51216	0.60969
444.75322	0.61374
444.99428	0.61743
445.23534	0.62076
445.47639	0.62378
445.71745	0.62653
445.95851	0.62904
446.19957	0.63134
446.44063	0.63343
446.68169	0.63530
446.92275	0.63690
447.16380	0.63817
447.40486	0.63907
447.64592	0.63953
447.88698	0.63954
448.12804	0.63909
448.36910	0.63821
448.61016	0.63694
448.85122	0.63535
449.09227	0.63351
449.33333	0.63148
449.57439	0.62931
449.81545	0.62705
450.05651	0.62470
450.29757	0.62227
450.53863	0.61977
450.77968	0.61721
451.02074	0.61462
451.26180	0.61204
451.50286	0.60954
451.74392	0.60719
451.98498	0.60507
452.22604	0.60325
452.46710	0.60177
452.70815	0.60065
452.94921	0.59988
453.19027	0.59940
453.43133	0.59916
453.67239	0.59906
453.91345	0.59900
454.15451	0.59891
454.39556	0.59871
454.63662	0.59835
454.87768	0.59779
455.11874	0.59704
455.35980	0.59609
455.60086	0.59495
455.84192	0.59366
456.08297	0.59223
456.32403	0.59068
456.56509	0.58902
456.80615	0.58726
457.04721	0.58541
457.28827	0.58349
457.52933	0.58153
457.77039	0.57958
458.01144	0.57770
458.25250	0.57595
458.49356	0.57443
458.73462	0.57322
458.97568	0.57238
459.21674	0.57199
459.45780	0.57206
459.69885	0.57263
459.93991	0.57367
460.18097	0.57517
460.42203	0.57707
460.66309	0.57935
460.90415	0.58196
461.14521	0.58488
461.38627	0.58808
461.62732	0.59154
461.86838	0.59526
462.10944	0.59921
462.35050	0.60339
462.59156	0.60774
462.83262	0.61223
463.07368	0.61677
463.31473	0.62131
463.55579	0.62574
463.79685	0.63000
464.03791	0.63400
464.27897	0.63771
464.52003	0.64109
464.76109	0.64413
465.00215	0.64685
465.24320	0.64928
465.48426	0.65146
465.72532	0.65343
465.96638	0.65522
466.20744	0.65684
466.44850	0.65828
466.68956	0.65955
466.93061	0.66060
467.17167	0.66143
467.41273	0.66203
467.65379	0.66239
467.89485	0.66254
468.13591	0.66251
468.37697	0.66236
468.61802	0.66213
468.85908	0.66185
469.10014	0.66154
469.34120	0.66122
469.58226	0.66085
469.82332	0.66039
470.06438	0.65978
470.30544	0.65899
470.54649	0.65796
470.78755	0.65668
471.02861	0.65514
471.26967	0.65338
471.51073	0.65145
471.75179	0.64940
471.99285	0.64729
472.23390	0.64518
472.47496	0.64310
472.71602	0.64104
472.95708	0.63901
473.19814	0.63697
473.43920	0.63490
473.68026	0.63277
473.92132	0.63057
474.16237	0.62830
474.40343	0.62599
474.64449	0.62368
474.88555	0.62142
475.12661	0.61925
475.36767	0.61723
475.60873	0.61536
475.84978	0.61365
476.09084	0.61207
476.33190	0.61059
476.57296	0.60917
476.81402	0.60775
477.05508	0.60629
477.29614	0.60477
477.53720	0.60315
477.77825	0.60145
478.01931	0.59967
478.26037	0.59783
478.50143	0.59595
478.74249	0.59405
478.98355	0.59213
479.22461	0.59019
479.46566	0.58821
479.70672	0.58619
479.94778	0.58409
480.18884	0.58191
480.42990	0.57965
480.67096	0.57730
480.91202	0.57490
481.15307	0.57249
481.39413	0.57010
481.63519	0.56777
481.87625	0.56555
482.11731	0.56344
482.35837	0.56145
482.59943	0.55956
482.84049	0.55773
483.08154	0.55593
483.32260	0.55412
483.56366	0.55226
483.80472	0.55033
484.04578	0.54834
484.28684	0.54631
484.52790	0.54425
484.76895	0.54221
485.01001	0.54020
485.25107	0.53825
485.49213	0.53635
485.73319	0.53448
485.97425	0.53262
486.21531	0.53073
486.45637	0.52877
486.69742	0.52671
486.93848	0.52454
487.17954	0.52227
487.42060	0.51992
487.66166	0.51752
487.90272	0.51513
488.14378	0.51280
488.38483	0.51056
488.62589	0.50846
488.86695	0.50649
489.10801	0.50467
489.34907	0.50298
489.59013	0.50140
489.83119	0.49990
490.07225	0.49845
490.31330	0.49703
490.55436	0.49564
490.79542	0.49428
491.03648	0.49295
491.27754	0.49167
491.51860	0.49046
491.75966	0.48934
492.00071	0.48831
492.24177	0.48739
492.48283	0.48655
492.72389	0.48579
492.96495	0.48507
493.20601	0.48438
493.44707	0.48368
493.68812	0.48297
493.92918	0.48223
494.17024	0.48147
494.41130	0.48071
494.65236	0.47997
494.89342	0.47927
495.13448	0.47864
495.37554	0.47807
495.61659	0.47758
495.85765	0.47715
496.09871	0.47676
496.33977	0.47640
496.58083	0.47605
496.82189	0.47569
497.06295	0.47531
497.30400	0.47492
497.54506	0.47454
497.78612	0.47418
498.02718	0.47386
498.26824	0.47359
498.50930	0.47339
498.75036	0.47325
498.99142	0.47316
499.23247	0.47308
499.47353	0.47300
499.71459	0.47286
499.95565	0.47264
500.19671	0.47232
500.43777	0.47189
500.67883	0.47132
500.91988	0.47065
501.16094	0.46988
501.40200	0.46903
501.64306	0.46812
501.88412	0.46716
502.12518	0.46613
502.36624	0.46503
502.60730	0.46383
502.84835	0.46247
503.08941	0.46092
503.33047	0.45914
503.57153	0.45708
503.81259	0.45473
504.05365	0.45210
504.29471	0.44923
504.53576	0.44615
504.77682	0.44296
505.01788	0.43975
505.25894	0.43666
505.50000	0.43379
505.74106	0.43131
505.98212	0.42937
506.22318	0.42813
506.46423	0.42772
506.70529	0.42824
506.94635	0.42978
507.18741	0.43237
507.42847	0.43601
507.66953	0.44064
507.91059	0.44615
508.15164	0.45242
508.39270	0.45926
508.63376	0.46649
508.87482	0.47392
509.11588	0.48136
509.35694	0.48863
509.59800	0.49564
509.83905	0.50230
510.08011	0.50857
510.32117	0.51443
510.56223	0.51991
510.80329	0.52505
511.04435	0.52990
511.28541	0.53451
511.52647	0.53894
511.76752	0.54321
512.00858	0.54734
512.24964	0.55134
512.49070	0.55520
512.73176	0.55890
512.97282	0.56243
513.21388	0.56578
513.45493	0.56896
513.69599	0.57198
513.93705	0.57487
514.17811	0.57766
514.41917	0.58037
514.66023	0.58303
514.90129	0.58565
515.14235	0.58821
515.38340	0.59071
515.62446	0.59311
515.86552	0.59539
516.10658	0.59753
516.34764	0.59951
516.58870	0.60133
516.82976	0.60302
517.07081	0.60460
517.31187	0.60611
517.55293	0.60758
517.79399	0.60905
518.03505	0.61054
518.27611	0.61205
518.51717	0.61358
518.75823	0.61512
518.99928	0.61665
519.24034	0.61814
519.48140	0.61959
519.72246	0.62099
519.96352	0.62231
520.20458	0.62358
520.44564	0.62478
520.68669	0.62594
520.92775	0.62704
521.16881	0.62810
521.40987	0.62910
521.65093	0.63004
521.89199	0.63088
522.13305	0.63161
522.37410	0.63220
522.61516	0.63263
522.85622	0.63289
523.09728	0.63298
523.33834	0.63290
523.57940	0.63267
523.82046	0.63233
524.06152	0.63190
524.30257	0.63144
524.54363	0.63097
524.78469	0.63052
525.02575	0.63010
525.26681	0.62973
525.50787	0.62941
525.74893	0.62915
525.98998	0.62895
526.23104	0.62883
526.47210	0.62882
526.71316	0.62895
526.95422	0.62925
527.19528	0.62975
527.43634	0.63048
527.67740	0.63143
527.91845	0.63261
528.15951	0.63399
528.40057	0.63553
528.64163	0.63718
528.88269	0.63890
529.12375	0.64066
529.36481	0.64242
529.60586	0.64417
529.84692	0.64592
530.08798	0.64768
530.32904	0.64947
530.57010	0.65132
530.81116	0.65324
531.05222	0.65523
531.29328	0.65728
531.53433	0.65938
531.77539	0.66148
532.01645	0.66355
532.25751	0.66553
532.49857	0.66741
532.73963	0.66913
532.98069	0.67070
533.22174	0.67210
533.46280	0.67335
533.70386	0.67444
533.94492	0.67540
534.18598	0.67622
534.42704	0.67691
534.66810	0.67743
534.90915	0.67778
535.15021	0.67792
535.39127	0.67783
535.63233	0.67747
535.87339	0.67684
536.11445	0.67593
536.35551	0.67477
536.59657	0.67336
536.83762	0.67175
537.07868	0.66997
537.31974	0.66805
537.56080	0.66602
537.80186	0.66388
538.04292	0.66165
538.28398	0.65933
538.52503	0.65691
538.76609	0.65440
539.00715	0.65180
539.24821	0.64914
539.48927	0.64645
539.73033	0.64378
539.97139	0.64118
540.21245	0.63870
540.45350	0.63639
540.69456	0.63428
540.93562	0.63237
541.17668	0.63067
541.41774	0.62914
541.65880	0.62774
541.89986	0.62644
542.14091	0.62517
542.38197	0.62392
542.62303	0.62266
542.86409	0.62138
543.10515	0.62009
543.34621	0.61880
543.58727	0.61754
543.82833	0.61632
544.06938	0.61517
544.31044	0.61406
544.55150	0.61300
544.79256	0.61196
545.03362	0.61090
545.27468	0.60979
545.51574	0.60858
545.75679	0.60725
545.99785	0.60578
546.23891	0.60417
546.47997	0.60241
546.72103	0.60052
546.96209	0.59852
547.20315	0.59642
547.44421	0.59423
547.68526	0.59193
547.92632	0.58952
548.16738	0.58697
548.40844	0.58424
548.64950	0.58132
548.89056	0.57818
549.13162	0.57482
549.37267	0.57126
549.61373	0.56752
549.85479	0.56366
550.09585	0.55972
550.33691	0.55576
550.57797	0.55186
550.81903	0.54808
551.06008	0.54447
551.30114	0.54109
551.54220	0.53798
551.78326	0.53520
552.02432	0.53278
552.26538	0.53076
552.50644	0.52916
552.74750	0.52801
552.98855	0.52731
553.22961	0.52708
553.47067	0.52730
553.71173	0.52796
553.95279	0.52902
554.19385	0.53046
554.43491	0.53223
554.67596	0.53431
554.91702	0.53663
555.15808	0.53917
555.39914	0.54187
555.64020	0.54470
555.88126	0.54762
556.12232	0.55061
556.36338	0.55362
556.60443	0.55664
556.84549	0.55963
557.08655	0.56256
557.32761	0.56539
557.56867	0.56809
557.80973	0.57063
558.05079	0.57296
558.29184	0.57506
558.53290	0.57692
558.77396	0.57853
559.01502	0.57991
559.25608	0.58108
559.49714	0.58208
559.73820	0.58295
559.97926	0.58372
560.22031	0.58442
560.46137	0.58508
560.70243	0.58569
560.94349	0.58625
561.18455	0.58674
561.42561	0.58715
561.66667	0.58747
561.90772	0.58768
562.14878	0.58780
562.38984	0.58784
562.63090	0.58784
562.87196	0.58783
563.11302	0.58784
563.35408	0.58792
563.59513	0.58807
563.83619	0.58830
564.07725	0.58861
564.31831	0.58896
564.55937	0.58933
564.80043	0.58969
565.04149	0.59002
565.28255	0.59032
565.52360	0.59058
565.76466	0.59082
566.00572	0.59107
566.24678	0.59136
566.48784	0.59171
566.72890	0.59215
566.96996	0.59269
567.21101	0.59331
567.45207	0.59400
567.69313	0.59475
567.93419	0.59553
568.17525	0.59633
568.41631	0.59715
568.65737	0.59799
568.89843	0.59888
569.13948	0.59983
569.38054	0.60089
569.62160	0.60208
569.86266	0.60342
570.10372	0.60491
570.34478	0.60656
570.58584	0.60835
570.82689	0.61023
571.06795	0.61218
571.30901	0.61415
571.55007	0.61611
571.79113	0.61803
572.03219	0.61990
572.27325	0.62172
572.51431	0.62348
572.75536	0.62521
572.99642	0.62692
573.23748	0.62862
573.47854	0.63030
573.71960	0.63196
573.96066	0.63358
574.20172	0.63514
574.44277	0.63664
574.68383	0.63808
574.92489	0.63945
575.16595	0.64079
575.40701	0.64215
575.64807	0.64357
575.88913	0.64511
576.13018	0.64684
576.37124	0.64879
576.61230	0.65100
576.85336	0.65348
577.09442	0.65623
577.33548	0.65924
577.57654	0.66247
577.81760	0.66589
578.05865	0.66946
578.29971	0.67314
578.54077	0.67689
578.78183	0.68069
579.02289	0.68450
579.26395	0.68829
579.50501	0.69201
579.74606	0.69565
579.98712	0.69915
580.22818	0.70248
580.46924	0.70561
580.71030	0.70851
580.95136	0.71118
581.19242	0.71363
581.43348	0.71587
581.67453	0.71796
581.91559	0.71993
582.15665	0.72185
582.39771	0.72377
582.63877	0.72576
582.87983	0.72785
583.12089	0.73009
583.36194	0.73248
583.60300	0.73504
583.84406	0.73776
584.08512	0.74063
584.32618	0.74364
584.56724	0.74677
584.80830	0.75000
585.04936	0.75334
585.29041	0.75676
585.53147	0.76025
585.77253	0.76379
586.01359	0.76734
586.25465	0.77085
586.49571	0.77427
586.73677	0.77752
586.97782	0.78052
587.21888	0.78323
587.45994	0.78558
587.70100	0.78756
587.94206	0.78917
588.18312	0.79043
588.42418	0.79141
588.66523	0.79215
588.90629	0.79275
589.14735	0.79325
589.38841	0.79371
589.62947	0.79417
589.87053	0.79464
590.11159	0.79512
590.35265	0.79561
590.59370	0.79611
590.83476	0.79661
591.07582	0.79713
591.31688	0.79768
591.55794	0.79829
591.79900	0.79898
592.04006	0.79978
592.28111	0.80069
592.52217	0.80170
592.76323	0.80279
593.00429	0.80390
593.24535	0.80497
593.48641	0.80590
593.72747	0.80662
593.96853	0.80704
594.20958	0.80711
594.45064	0.80678
594.69170	0.80604
594.93276	0.80490
595.17382	0.80340
595.41488	0.80160
595.65594	0.79955
595.89699	0.79730
596.13805	0.79492
596.37911	0.79242
596.62017	0.78985
596.86123	0.78721
597.10229	0.78452
597.34335	0.78179
597.58441	0.77906
597.82546	0.77635
598.06652	0.77371
598.30758	0.77120
598.54864	0.76887
598.78970	0.76676
599.03076	0.76493
599.27182	0.76338
599.51287	0.76212
599.75393	0.76112
599.99499	0.76035
600.23605	0.75974
600.47711	0.75923
600.71817	0.75872
600.95923	0.75816
601.20029	0.75746
601.44134	0.75656
601.68240	0.75542
601.92346	0.75400
602.16452	0.75226
602.40558	0.75021
602.64664	0.74781
602.88770	0.74509
603.12875	0.74202
603.36981	0.73863
603.61087	0.73492
603.85193	0.73091
604.09299	0.72664
604.33405	0.72213
604.57511	0.71745
604.81616	0.71263
605.05722	0.70774
605.29828	0.70280
605.53934	0.69787
605.78040	0.69296
606.02146	0.68807
606.26252	0.68321
606.50358	0.67835
606.74463	0.67347
606.98569	0.66855
607.22675	0.66356
607.46781	0.65848
607.70887	0.65328
607.94993	0.64796
608.19099	0.64250
608.43204	0.63688
608.67310	0.63108
608.91416	0.62509
609.15522	0.61888
609.39628	0.61242
609.63734	0.60569
609.87840	0.59868
610.11946	0.59137
610.36051	0.58378
610.60157	0.57591
610.84263	0.56780
611.08369	0.55949
611.32475	0.55103
611.56581	0.54250
611.80687	0.53397
612.04792	0.52550
612.28898	0.51719
612.53004	0.50910
612.77110	0.50131
613.01216	0.49391
613.25322	0.48695
613.49428	0.48050
613.73534	0.47462
613.97639	0.46935
614.21745	0.46471
614.45851	0.46072
614.69957	0.45736
614.94063	0.45461
615.18169	0.45242
615.42275	0.45072
615.66380	0.44944
615.90486	0.44850
616.14592	0.44781
616.38698	0.44728
616.62804	0.44684
616.86910	0.44644
617.11016	0.44601
617.35121	0.44552
617.59227	0.44495
617.83333	0.44427
618.07439	0.44349
618.31545	0.44260
618.55651	0.44160
618.79757	0.44051
619.03863	0.43933
619.27968	0.43806
619.52074	0.43671
619.76180	0.43529
620.00286	0.43381
620.24392	0.43228
620.48498	0.43073
620.72604	0.42915
620.96709	0.42757
621.20815	0.42600
621.44921	0.42444
621.69027	0.42288
621.93133	0.42133
622.17239	0.41975
622.41345	0.41813
622.65451	0.41642
622.89556	0.41461
623.13662	0.41265
623.37768	0.41052
623.61874	0.40821
623.85980	0.40569
624.10086	0.40299
624.34192	0.40010
624.58297	0.39705
624.82403	0.39388
625.06509	0.39061
625.30615	0.38729
625.54721	0.38393
625.78827	0.38058
626.02933	0.37725
626.27039	0.37397
626.51144	0.37075
626.75250	0.36760
626.99356	0.36452
627.23462	0.36150
627.47568	0.35855
627.71674	0.35562
627.95780	0.35269
628.19885	0.34972
628.43991	0.34666
628.68097	0.34347
628.92203	0.34011
629.16309	0.33656
629.40415	0.33281
629.64521	0.32888
629.88626	0.32484
630.12732	0.32075
630.36838	0.31671
630.60944	0.31283
630.85050	0.30921
631.09156	0.30595
631.33262	0.30313
631.57368	0.30080
631.81473	0.29897
632.05579	0.29763
632.29685	0.29674
632.53791	0.29623
632.77897	0.29602
633.02003	0.29602
633.26109	0.29617
633.50214	0.29638
633.74320	0.29658
633.98426	0.29673
634.22532	0.29679
634.46638	0.29672
634.70744	0.29651
634.94850	0.29617
635.18956	0.29569
635.43061	0.29510
635.67167	0.29440
635.91273	0.29364
636.15379	0.29282
636.39485	0.29198
636.63591	0.29115
636.87697	0.29033
637.11802	0.28955
637.35908	0.28881
637.60014	0.28810
637.84120	0.28740
638.08226	0.28671
638.32332	0.28598
638.56438	0.28520
638.80544	0.28434
639.04649	0.28339
639.28755	0.28233
639.52861	0.28116
639.76967	0.27987
640.01073	0.27847
640.25179	0.27697
640.49285	0.27537
640.73390	0.27370
640.97496	0.27194
641.21602	0.27012
641.45708	0.26823
641.69814	0.26629
641.93920	0.26430
642.18026	0.26227
642.42132	0.26023
642.66237	0.25820
642.90343	0.25620
643.14449	0.25427
643.38555	0.25244
643.62661	0.25073
643.86767	0.24917
644.10873	0.24778
644.34978	0.24656
644.59084	0.24552
644.83190	0.24466
645.07296	0.24395
645.31402	0.24338
645.55508	0.24292
645.79614	0.24256
646.03719	0.24225
646.27825	0.24198
646.51931	0.24173
646.76037	0.24145
647.00143	0.24115
647.24249	0.24079
647.48355	0.24036
647.72461	0.23985
647.96566	0.23924
648.20672	0.23853
648.44778	0.23772
648.68884	0.23681
648.92990	0.23580
649.17096	0.23472
649.41202	0.23358
649.65307	0.23238
649.89413	0.23115
650.13519	0.22988
650.37625	0.22859
650.61731	0.22727
650.85837	0.22592
651.09943	0.22455
651.34049	0.22314
651.58154	0.22170
651.82260	0.22024
652.06366	0.21875
652.30472	0.21724
652.54578	0.21572
652.78684	0.21417
653.02790	0.21260
653.26895	0.21099
653.51001	0.20934
653.75107	0.20761
653.99213	0.20579
654.23319	0.20385
654.47425	0.20179
654.71531	0.19958
654.95637	0.19721
655.19742	0.19469
655.43848	0.19202
655.67954	0.18920
655.92060	0.18623
656.16166	0.18312
656.40272	0.17988
656.64378	0.17650
656.88483	0.17300
657.12589	0.16939
657.36695	0.16568
657.60801	0.16191
657.84907	0.15812
658.09013	0.15435
658.33119	0.15067
658.57224	0.14716
658.81330	0.14387
659.05436	0.14090
659.29542	0.13829
659.53648	0.13609
659.77754	0.13433
660.01860	0.13301
660.25966	0.13210
660.50071	0.13156
660.74177	0.13134
660.98283	0.13135
661.22389	0.13153
661.46495	0.13180
661.70601	0.13209
661.94707	0.13233
662.18812	0.13249
662.42918	0.13252
662.67024	0.13241
662.91130	0.13214
663.15236	0.13172
663.39342	0.13113
663.63448	0.13040
663.87554	0.12954
664.11659	0.12855
664.35765	0.12745
664.59871	0.12626
664.83977	0.12499
665.08083	0.12365
665.32189	0.12227
665.56295	0.12085
665.80400	0.11940
666.04506	0.11792
666.28612	0.11642
666.52718	0.11489
666.76824	0.11334
667.00930	0.11175
667.25036	0.11014
667.49142	0.10851
667.73247	0.10684
667.97353	0.10516
668.21459	0.10347
668.45565	0.10176
668.69671	0.10006
668.93777	0.09836
669.17883	0.09666
669.41988	0.09498
669.66094	0.09331
669.90200	0.09165
670.14306	0.09002
670.38412	0.08840
670.62518	0.08680
670.86624	0.08522
671.10729	0.08366
671.34835	0.08213
671.58941	0.08061
671.83047	0.07912
672.07153	0.07765
672.31259	0.07620
672.55365	0.07477
672.79471	0.07336
673.03576	0.07196
673.27682	0.07059
673.51788	0.06924
673.75894	0.06791
674.00000	0.06660
674.24106	0.06530
674.48212	0.06403
674.72317	0.06277
674.96423	0.06152
675.20529	0.06028
675.44635	0.05905
675.68741	0.05783
675.92847	0.05661
676.16953	0.05538
676.41059	0.05416
676.65164	0.05294
676.89270	0.05171
677.13376	0.05048
677.37482	0.04925
677.61588	0.04803
677.85694	0.04681
678.09800	0.04561
678.33905	0.04444
678.58011	0.04329
678.82117	0.04217
679.06223	0.04108
679.30329	0.04004
679.54435	0.03903
679.78541	0.03805
680.02647	0.03711
680.26752	0.03620
680.50858	0.03532
680.74964	0.03446
680.99070	0.03362
681.23176	0.03280
681.47282	0.03200
681.71388	0.03122
681.95493	0.03047
682.19599	0.02974
682.43705	0.02904
682.67811	0.02836
682.91917	0.02772
683.16023	0.02709
683.40129	0.02650
683.64234	0.02592
683.88340	0.02536
684.12446	0.02481
684.36552	0.02427
684.60658	0.02375
684.84764	0.02322
685.08870	0.02271
685.32976	0.02220
685.57081	0.02171
685.81187	0.02122
686.05293	0.02074
686.29399	0.02028
686.53505	0.01983
686.77611	0.01940
687.01717	0.01899
687.25822	0.01860
687.49928	0.01822
687.74034	0.01787
687.98140	0.01754
688.22246	0.01722
688.46352	0.01692
688.70458	0.01664
688.94564	0.01636
689.18669	0.01610
689.42775	0.01585
689.66881	0.01560
689.90987	0.01537
690.15093	0.01515
690.39199	0.01493
690.63305	0.01473
690.87410	0.01454
691.11516	0.01436
691.35622	0.01419
691.59728	0.01402
691.83834	0.01385
692.07940	0.01368
692.32046	0.01351
692.56152	0.01334
692.80257	0.01315
693.04363	0.01296
693.28469	0.01277
693.52575	0.01256
693.76681	0.01236
694.00787	0.01214
694.24893	0.01192
694.48998	0.01169
694.73104	0.01145
694.97210	0.01121
695.21316	0.01095
695.45422	0.01069
695.69528	0.01043
695.93634	0.01016
696.17740	0.00989
696.41845	0.00962
696.65951	0.00935
696.90057	0.00909
697.14163	0.00882
697.38269	0.00856
697.62375	0.00830
697.86481	0.00804
698.10586	0.00779
698.34692	0.00753
698.58798	0.00727
698.82904	0.00702
699.07010	0.00677
699.31116	0.00653
699.55222	0.00630
699.79327	0.00607
700.03433	0.00586
700.27539	0.00565
700.51645	0.00546
700.75751	0.00527
700.99857	0.00509
701.23963	0.00493
701.48069	0.00477
701.72174	0.00464
701.96280	0.00451
702.20386	0.00441
702.44492	0.00432
702.68598	0.00424
702.92704	0.00417
703.16810	0.00412
703.40915	0.00407
703.65021	0.00403
703.89127	0.00400
704.13233	0.00398
704.37339	0.00396
704.61445	0.00395
704.85551	0.00394
705.09657	0.00394
705.33762	0.00393
705.57868	0.00393
705.81974	0.00391
706.06080	0.00390
706.30186	0.00388
706.54292	0.00386
706.78398	0.00384
707.02503	0.00383
707.26609	0.00382
707.50715	0.00382
707.74821	0.00383
707.98927	0.00385
708.23033	0.00386
708.47139	0.00388
708.71245	0.00390
708.95350	0.00391
709.19456	0.00393
709.43562	0.00394
709.67668	0.00396
709.91774	0.00397
710.15880	0.00398
710.39986	0.00399
710.64091	0.00399
710.88197	0.00399
711.12303	0.00398
711.36409	0.00397
711.60515	0.00394
711.84621	0.00391
712.08727	0.00388
712.32832	0.00384
712.56938	0.00380
712.81044	0.00376
713.05150	0.00373
713.29256	0.00371
713.53362	0.00369
713.77468	0.00368
714.01574	0.00367
714.25679	0.00368
714.49785	0.00369
714.73891	0.00370
714.97997	0.00371
715.22103	0.00372
715.46209	0.00373
715.70315	0.00373
715.94420	0.00374
716.18526	0.00374
716.42632	0.00373
716.66738	0.00373
716.90844	0.00372
717.14950	0.00370
717.39056	0.00369
717.63162	0.00367
717.87267	0.00366
718.11373	0.00364
718.35479	0.00362
718.59585	0.00361
718.83691	0.00359
719.07797	0.00358
719.31903	0.00358
719.56008	0.00358
719.80114	0.00358
720.04220	0.00359
720.28326	0.00360
720.52432	0.00361
720.76538	0.00361
721.00644	0.00362
721.24750	0.00362
721.48855	0.00363
721.72961	0.00363
721.97067	0.00362
722.21173	0.00362
722.45279	0.00361
722.69385	0.00360
722.93491	0.00359
723.17596	0.00359
723.41702	0.00358
723.65808	0.00358
723.89914	0.00358
724.14020	0.00358
724.38126	0.00358
724.62232	0.00358
724.86337	0.00358
725.10443	0.00358
725.34549	0.00357
725.58655	0.00356
725.82761	0.00354
726.06867	0.00353
726.30973	0.00353
726.55079	0.00352
726.79184	0.00352
727.03290	0.00353
727.27396	0.00353
727.51502	0.00353
727.75608	0.00353
727.99714	0.00353
728.23820	0.00352
728.47925	0.00350
728.72031	0.00347
728.96137	0.00344
729.20243	0.00341
729.44349	0.00337
729.68455	0.00334
729.92561	0.00330
730.16667	0.00327
730.40772	0.00325
730.64878	0.00323
730.88984	0.00322
731.13090	0.00322
731.37196	0.00322
731.61302	0.00323
731.85408	0.00325
732.09513	0.00327
732.33619	0.00328
732.57725	0.00330
732.81831	0.00331
733.05937	0.00332
733.30043	0.00333
733.54149	0.00334
733.78255	0.00335
734.02360	0.00337
734.26466	0.00339
734.50572	0.00341
734.74678	0.00343
734.98784	0.00346
735.22890	0.00348
735.46996	0.00349
735.71101	0.00349
735.95207	0.00348
736.19313	0.00346
736.43419	0.00344
736.67525	0.00340
736.91631	0.00337
737.15737	0.00333
737.39842	0.00331
737.63948	0.00329
737.88054	0.00327
738.12160	0.00327
738.36266	0.00328
738.60372	0.00328
738.84478	0.00330
739.08584	0.00331
739.32689	0.00333
739.56795	0.00334
739.80901	0.00335
740.05007	0.00337
740.29113	0.00338
740.53219	0.00339
740.77325	0.00339
741.01430	0.00340
741.25536	0.00340
741.49642	0.00340
741.73748	0.00340
741.97854	0.00339
742.21960	0.00338
742.46066	0.00337
742.70172	0.00336
742.94277	0.00334
743.18383	0.00332
743.42489	0.00330
743.66595	0.00327
743.90701	0.00324
744.14807	0.00322
744.38913	0.00319
744.63018	0.00318
744.87124	0.00316
745.11230	0.00316
745.35336	0.00317
745.59442	0.00318
745.83548	0.00321
746.07654	0.00324
746.31760	0.00327
746.55865	0.00331
746.79971	0.00334
747.04077	0.00339
747.28183	0.00343
747.52289	0.00348
747.76395	0.00353
748.00501	0.00359
748.24606	0.00365
748.48712	0.00371
748.72818	0.00377
748.96924	0.00382
749.21030	0.00388
749.45136	0.00393
749.69242	0.00397
749.93348	0.00401
750.17453	0.00405
750.41559	0.00409
750.65665	0.00413
750.89771	0.00418
751.13877	0.00424
751.37983	0.00430
751.62089	0.00438
751.86194	0.00447
752.10300	0.00457
752.34406	0.00468
752.58512	0.00479
752.82618	0.00492
753.06724	0.00504
753.30830	0.00517
753.54935	0.00531
753.79041	0.00544
754.03147	0.00558
754.27253	0.00572
754.51359	0.00586
754.75465	0.00601
754.99571	0.00616
755.23677	0.00631
755.47782	0.00646
755.71888	0.00661
755.95994	0.00675
756.20100	0.00689
756.44206	0.00703
756.68312	0.00718
756.92418	0.00733
757.16523	0.00749
757.40629	0.00765
757.64735	0.00783
757.88841	0.00801
758.12947	0.00819
758.37053	0.00837
758.61159	0.00854
758.85265	0.00870
759.09370	0.00885
759.33476	0.00898
759.57582	0.00911
759.81688	0.00924
760.05794	0.00937
760.29900	0.00950
760.54006	0.00964
760.78111	0.00978
761.02217	0.00994
761.26323	0.01010
761.50429	0.01027
761.74535	0.01044
761.98641	0.01061
762.22747	0.01078
762.46853	0.01095
762.70958	0.01110
762.95064	0.01125
763.19170	0.01139
763.43276	0.01151
763.67382	0.01163
763.91488	0.01175
764.15594	0.01186
764.39699	0.01196
764.63805	0.01206
764.87911	0.01216
765.12017	0.01225
765.36123	0.01234
765.60229	0.01242
765.84335	0.01249
766.08440	0.01255
766.32546	0.01261
766.56652	0.01267
766.80758	0.01272
767.04864	0.01279
767.28970	0.01285
767.53076	0.01293
767.77182	0.01300
768.01287	0.01309
768.25393	0.01317
768.49499	0.01325
768.73605	0.01334
768.97711	0.01342
769.21817	0.01350
769.45923	0.01358
769.70028	0.01366
769.94134	0.01374
770.18240	0.01383
770.42346	0.01392
770.66452	0.01401
770.90558	0.01411
771.14664	0.01421
771.38770	0.01432
771.62875	0.01444
771.86981	0.01458
772.11087	0.01473
772.35193	0.01489
772.59299	0.01507
772.83405	0.01527
773.07511	0.01548
773.31616	0.01571
773.55722	0.01595
773.79828	0.01621
774.03934	0.01646
774.28040	0.01672
774.52146	0.01698
774.76252	0.01723
775.00358	0.01748
775.24463	0.01772
775.48569	0.01796
775.72675	0.01820
775.96781	0.01844
776.20887	0.01868
776.44993	0.01892
776.69099	0.01917
776.93204	0.01942
777.17310	0.01967
777.41416	0.01993
777.65522	0.02018
777.89628	0.02043
778.13734	0.02068
778.37840	0.02092
778.61945	0.02116
778.86051	0.02139
779.10157	0.02161
779.34263	0.02183
779.58369	0.02203
779.82475	0.02224
780.06581	0.02243
780.30687	0.02262
780.54792	0.02281
780.78898	0.02299
781.03004	0.02316
781.27110	0.02332
781.51216	0.02348
781.75322	0.02363
781.99428	0.02377
782.23533	0.02390
782.47639	0.02403
782.71745	0.02415
782.95851	0.02428
783.19957	0.02439
783.44063	0.02451
783.68169	0.02462
783.92275	0.02472
784.16380	0.02482
784.40486	0.02491
784.64592	0.02499
784.88698	0.02504
785.12804	0.02508
785.36910	0.02510
785.61016	0.02509
785.85121	0.02506
786.09227	0.02499
786.33333	0.02489
786.57439	0.02476
786.81545	0.02461
787.05651	0.02443
787.29757	0.02424
787.53863	0.02403
787.77968	0.02380
788.02074	0.02357
788.26180	0.02333
788.50286	0.02308
788.74392	0.02283
788.98498	0.02257
789.22604	0.02230
789.46709	0.02203
789.70815	0.02176
789.94921	0.02149
790.19027	0.02121
790.43133	0.02094
790.67239	0.02067
790.91345	0.02040
791.15451	0.02012
791.39556	0.01985
791.63662	0.01958
791.87768	0.01931
792.11874	0.01905
792.35980	0.01879
792.60086	0.01854
792.84192	0.01831
793.08297	0.01810
793.32403	0.01793
793.56509	0.01778
793.80615	0.01767
794.04721	0.01760
794.28827	0.01756
794.52933	0.01755
794.77038	0.01757
795.01144	0.01761
795.25250	0.01765
795.49356	0.01770
795.73462	0.01774
795.97568	0.01778
796.21674	0.01779
796.45780	0.01779
796.69885	0.01778
796.93991	0.01775
797.18097	0.01771
797.42203	0.01767
797.66309	0.01762
797.90415	0.01758
798.14521	0.01753
798.38626	0.01749
798.62732	0.01745
798.86838	0.01742
799.10944	0.01738
799.35050	0.01733
799.59156	0.01729
799.83262	0.01724
800.07368	0.01719
800.31473	0.01714
800.55579	0.01709
800.79685	0.01703
801.03791	0.01698
801.27897	0.01693
801.52003	0.01687
801.76109	0.01681
802.00214	0.01675
802.24320	0.01668
802.48426	0.01661
802.72532	0.01653
802.96638	0.01645
803.20744	0.01635
803.44850	0.01624
803.68956	0.01612
803.93061	0.01598
804.17167	0.01584
804.41273	0.01568
804.65379	0.01551
804.89485	0.01532
805.13591	0.01513
805.37697	0.01493
805.61802	0.01472
805.85908	0.01451
806.10014	0.01430
806.34120	0.01409
806.58226	0.01389
806.82332	0.01370
807.06438	0.01352
807.30543	0.01336
807.54649	0.01322
807.78755	0.01310
808.02861	0.01301
808.26967	0.01296
808.51073	0.01293
808.75179	0.01294
808.99285	0.01297
809.23390	0.01304
809.47496	0.01313
809.71602	0.01326
809.95708	0.01341
810.19814	0.01359
810.43920	0.01380
810.68026	0.01403
810.92131	0.01428
811.16237	0.01456
811.40343	0.01485
811.64449	0.01516
811.88555	0.01547
812.12661	0.01579
812.36767	0.01610
812.60873	0.01641
812.84978	0.01671
813.09084	0.01700
813.33190	0.01728
813.57296	0.01754
813.81402	0.01778
814.05508	0.01800
814.29614	0.01821
814.53719	0.01840
814.77825	0.01856
815.01931	0.01871
815.26037	0.01884
815.50143	0.01896
815.74249	0.01906
815.98355	0.01915
816.22461	0.01923
816.46566	0.01930
816.70672	0.01937
816.94778	0.01942
817.18884	0.01947
817.42990	0.01952
817.67096	0.01956
817.91202	0.01959
818.15307	0.01963
818.39413	0.01966
818.63519	0.01969
818.87625	0.01971
819.11731	0.01972
819.35837	0.01973
819.59943	0.01973
819.84048	0.01972
820.08154	0.01971
820.32260	0.01970
820.56366	0.01969
820.80472	0.01969
821.04578	0.01968
821.28684	0.01969
821.52790	0.01969
821.76895	0.01969
822.01001	0.01969
822.25107	0.01967
822.49213	0.01964
822.73319	0.01959
822.97425	0.01953
823.21531	0.01946
823.45636	0.01937
823.69742	0.01927
823.93848	0.01918
824.17954	0.01909
824.42060	0.01900
824.66166	0.01892
824.90272	0.01885
825.14378	0.01879
825.38483	0.01873
825.62589	0.01867
825.86695	0.01861
826.10801	0.01855
826.34907	0.01848
826.59013	0.01840
826.83119	0.01832
827.07224	0.01822
827.31330	0.01812
827.55436	0.01801
827.79542	0.01789
828.03648	0.01776
828.27754	0.01762
828.51860	0.01748
828.75966	0.01733
829.00071	0.01717
829.24177	0.01701
829.48283	0.01684
829.72389	0.01667
829.96495	0.01650
830.20601	0.01633
830.44707	0.01615
830.68812	0.01598
830.92918	0.01580
831.17024	0.01562
831.41130	0.01544
831.65236	0.01526
831.89342	0.01507
832.13448	0.01487
832.37553	0.01467
832.61659	0.01447
832.85765	0.01425
833.09871	0.01402
833.33977	0.01378
833.58083	0.01352
833.82189	0.01324
834.06295	0.01294
834.30400	0.01260
834.54506	0.01223
834.78612	0.01184
835.02718	0.01141
835.26824	0.01096
835.50930	0.01048
835.75036	0.00999
835.99141	0.00948
836.23247	0.00895
836.47353	0.00841
836.71459	0.00786
836.95565	0.00730
837.19671	0.00674
837.43777	0.00620
837.67883	0.00566
837.91988	0.00516
838.16094	0.00469
838.40200	0.00427
838.64306	0.00389
838.88412	0.00357
839.12518	0.00330
839.36624	0.00308
839.60729	0.00291
839.84835	0.00278
840.08941	0.00268
840.33047	0.00262
840.57153	0.00259
840.81259	0.00259
841.05365	0.00261
841.29471	0.00265
841.53576	0.00271
841.77682	0.00280
842.01788	0.00289
842.25894	0.00300
842.50000	0.00313
842.74106	0.00325
842.98212	0.00339
843.22317	0.00353
843.46423	0.00367
843.70529	0.00381
843.94635	0.00395
844.18741	0.00408
844.42847	0.00421
844.66953	0.00433
844.91059	0.00445
845.15164	0.00456
845.39270	0.00465
845.63376	0.00474
845.87482	0.00483
846.11588	0.00491
846.35694	0.00498
846.59800	0.00505
846.83905	0.00511
847.08011	0.00517
847.32117	0.00523
847.56223	0.00529
847.80329	0.00535
848.04435	0.00542
848.28541	0.00549
848.52646	0.00558
848.76752	0.00567
849.00858	0.00578
849.24964	0.00590
849.49070	0.00602
849.73176	0.00614
849.97282	0.00626
850.21388	0.00639
850.45493	0.00650
850.69599	0.00661
850.93705	0.00671
851.17811	0.00681
851.41917	0.00690
851.66023	0.00698
851.90129	0.00706
852.14234	0.00713
852.38340	0.00720
852.62446	0.00727
852.86552	0.00734
853.10658	0.00742
853.34764	0.00750
853.58870	0.00759
853.82976	0.00768
854.07081	0.00778
854.31187	0.00789
854.55293	0.00799
854.79399	0.00810
855.03505	0.00821
855.27611	0.00831
855.51717	0.00841
855.75822	0.00851
855.99928	0.00861
856.24034	0.00870
856.48140	0.00879
856.72246	0.00888
856.96352	0.00897
857.20458	0.00905
857.44564	0.00913
857.68669	0.00920
857.92775	0.00927
858.16881	0.00933
858.40987	0.00939
858.65093	0.00944
858.89199	0.00949
859.13305	0.00953
859.37410	0.00957
859.61516	0.00960
859.85622	0.00962
860.09728	0.00964
860.33834	0.00964
860.57940	0.00964
860.82046	0.00963
861.06151	0.00961
861.30257	0.00957
861.54363	0.00953
861.78469	0.00947
862.02575	0.00941
862.26681	0.00934
862.50787	0.00927
862.74893	0.00919
862.98998	0.00912
863.23104	0.00904
863.47210	0.00896
863.71316	0.00889
863.95422	0.00881
864.19528	0.00872
864.43634	0.00863
864.67739	0.00853
864.91845	0.00842
865.15951	0.00830
865.40057	0.00818
865.64163	0.00804
865.88269	0.00790
866.12375	0.00775
866.36481	0.00760
866.60586	0.00745
866.84692	0.00729
867.08798	0.00713
867.32904	0.00697
867.57010	0.00681
867.81116	0.00665
868.05222	0.00649
868.29327	0.00633
868.53433	0.00617
868.77539	0.00601
869.01645	0.00585
869.25751	0.00570
869.49857	0.00556
869.73963	0.00542
869.98069	0.00529
870.22174	0.00518
870.46280	0.00508
870.70386	0.00501
870.94492	0.00496
871.18598	0.00494
871.42704	0.00495
871.66810	0.00500
871.90915	0.00508
872.15021	0.00519
872.39127	0.00533
872.63233	0.00549
872.87339	0.00567
873.11445	0.00586
873.35551	0.00606
873.59656	0.00626
873.83762	0.00645
874.07868	0.00662
874.31974	0.00678
874.56080	0.00692
874.80186	0.00703
875.04292	0.00713
875.28398	0.00720
875.52503	0.00725
875.76609	0.00729
876.00715	0.00732
876.24821	0.00733
876.48927	0.00734
876.73033	0.00734
876.97139	0.00733
877.21244	0.00731
877.45350	0.00728
877.69456	0.00724
877.93562	0.00719
878.17668	0.00712
878.41774	0.00704
878.65880	0.00696
878.89986	0.00686
879.14091	0.00676
879.38197	0.00665
879.62303	0.00654
879.86409	0.00643
880.10515	0.00632
880.34621	0.00620
880.58727	0.00608
880.82832	0.00596
881.06938	0.00584
881.31044	0.00571
881.55150	0.00559
881.79256	0.00548
882.03362	0.00537
882.27468	0.00527
882.51574	0.00519
882.75679	0.00511
882.99785	0.00503
883.23891	0.00496
883.47997	0.00489
883.72103	0.00482
883.96209	0.00474
884.20315	0.00464
884.44420	0.00453
884.68526	0.00441
884.92632	0.00428
885.16738	0.00414
885.40844	0.00399
885.64950	0.00384
885.89056	0.00369
886.13161	0.00355
886.37267	0.00342
886.61373	0.00330
886.85479	0.00320
887.09585	0.00311
887.33691	0.00303
887.57797	0.00296
887.81903	0.00291
888.06008	0.00287
888.30114	0.00283
888.54220	0.00280
888.78326	0.00277
889.02432	0.00274
889.26538	0.00270
889.50644	0.00265
889.74749	0.00260
889.98855	0.00254
890.22961	0.00248
890.47067	0.00241
890.71173	0.00234
890.95279	0.00228
891.19385	0.00221
891.43491	0.00215
891.67596	0.00210
891.91702	0.00206
892.15808	0.00203
892.39914	0.00201
892.64020	0.00200
892.88126	0.00199
893.12232	0.00199
893.36337	0.00199
893.60443	0.00198
893.84549	0.00197
894.08655	0.00196
894.32761	0.00193
894.56867	0.00190
894.80973	0.00186
895.05079	0.00181
895.29184	0.00175
895.53290	0.00169
895.77396	0.00163
896.01502	0.00157
896.25608	0.00152
896.49714	0.00147
896.73820	0.00142
896.97925	0.00138
897.22031	0.00134
897.46137	0.00130
897.70243	0.00126
897.94349	0.00123
898.18455	0.00120
898.42561	0.00117
898.66667	0.00113
898.90772	0.00110
899.14878	0.00107
899.38984	0.00105
899.63090	0.00103
