0.00000	0.00124
0.24106	0.00141
0.48212	0.00194
0.72318	0.00282
0.96423	0.00403
1.20529	0.00553
1.44635	0.00726
1.68741	0.00913
1.92847	0.01103
2.16953	0.01284
2.41059	0.01445
2.65165	0.01577
2.89270	0.01675
3.13376	0.01740
3.37482	0.01777
3.61588	0.01793
3.85694	0.01795
4.09800	0.01791
4.33906	0.01787
4.58011	0.01787
4.82117	0.01792
5.06223	0.01801
5.30329	0.01810
5.54435	0.01818
5.78541	0.01822
6.02647	0.01819
6.26753	0.01810
6.50858	0.01794
6.74964	0.01773
6.99070	0.01748
7.23176	0.01723
7.47282	0.01699
7.71388	0.01679
7.95494	0.01663
8.19599	0.01651
8.43705	0.01642
8.67811	0.01636
8.91917	0.01632
9.16023	0.01627
9.40129	0.01621
9.64235	0.01616
9.88340	0.01612
10.12446	0.01614
10.36552	0.01624
10.60658	0.01646
10.84764	0.01681
11.08870	0.01729
11.32976	0.01788
11.57082	0.01853
11.81187	0.01916
12.05293	0.01970
12.29399	0.02004
12.53505	0.02012
12.77611	0.01988
13.01717	0.01932
13.25823	0.01844
13.49928	0.01731
13.74034	0.01596
13.98140	0.01459
14.22246	0.01333
14.46352	0.01229
14.70458	0.01158
14.94564	0.01122
15.18670	0.01120
15.42775	0.01146
15.66881	0.01190
15.90987	0.01242
16.15093	0.01292
16.39199	0.01332
16.63305	0.01355
16.87411	0.01358
17.11516	0.01340
17.35622	0.01302
17.59728	0.01237
17.83834	0.01162
18.07940	0.01079
18.32046	0.00991
18.56152	0.00900
18.80258	0.00808
19.04363	0.00717
19.28469	0.00628
19.52575	0.00540
19.76681	0.00464
20.00787	0.00408
20.24893	0.00380
20.48999	0.00385
20.73104	0.00423
20.97210	0.00493
21.21316	0.00590
21.45422	0.00729
21.69528	0.00894
21.93634	0.01081
22.17740	0.01284
22.41845	0.01497
22.65951	0.01713
22.90057	0.01924
23.14163	0.02125
23.38269	0.02312
23.62375	0.02482
23.86481	0.02640
24.10587	0.02788
24.34692	0.02934
24.58798	0.03083
24.82904	0.03239
25.07010	0.03404
25.31116	0.03579
25.55222	0.03762
25.79328	0.03948
26.03433	0.04133
26.27539	0.04311
26.51645	0.04479
26.75751	0.04635
26.99857	0.04783
27.23963	0.04925
27.48069	0.05071
27.72175	0.05232
27.96280	0.05419
28.20386	0.05642
28.44492	0.05910
28.68598	0.06227
28.92704	0.06591
29.16810	0.06998
29.40916	0.07436
29.65021	0.07895
29.89127	0.08363
30.13233	0.08832
30.37339	0.09297
30.61445	0.09755
30.85551	0.10206
31.09657	0.10652
31.33763	0.11090
31.57868	0.11514
31.81974	0.11918
32.06080	0.12290
32.30186	0.12620
32.54292	0.12899
32.78398	0.13124
33.02504	0.13301
33.26609	0.13444
33.50715	0.13574
33.74821	0.13719
33.98927	0.13906
34.23033	0.14160
34.47139	0.14501
34.71245	0.14938
34.95350	0.15471
35.19456	0.16092
35.43562	0.16788
35.67668	0.17549
35.91774	0.18368
36.15880	0.19245
36.39986	0.20194
36.64092	0.21235
36.88197	0.22393
37.12303	0.23691
37.36409	0.25141
37.60515	0.26735
37.84621	0.28446
38.08727	0.30221
38.32833	0.31985
38.56938	0.33652
38.81044	0.35137
39.05150	0.36365
39.29256	0.37285
39.53362	0.37880
39.77468	0.38170
40.01574	0.38206
40.25680	0.38066
40.49785	0.37844
40.73891	0.37630
40.97997	0.37507
41.22103	0.37532
41.46209	0.37739
41.70315	0.38133
41.94421	0.38699
42.18526	0.39408
42.42632	0.40228
42.66738	0.41130
42.90844	0.42092
43.14950	0.43108
43.39056	0.44176
43.63162	0.45299
43.87268	0.46477
44.11373	0.47700
44.35479	0.48941
44.59585	0.50158
44.83691	0.51295
45.07797	0.52289
45.31903	0.53080
45.56009	0.53622
45.80114	0.53893
46.04220	0.53901
46.28326	0.53689
46.52432	0.53327
46.76538	0.52912
47.00644	0.52550
47.24750	0.52347
47.48855	0.52392
47.72961	0.52752
47.97067	0.53462
48.21173	0.54526
48.45279	0.55925
48.69385	0.57622
48.93491	0.59578
49.17597	0.61761
49.41702	0.64155
49.65808	0.66765
49.89914	0.69616
50.14020	0.72741
50.38126	0.76170
50.62232	0.79915
50.86338	0.83955
51.10443	0.88230
51.34549	0.92635
51.58655	0.97031
51.82761	1.01256
52.06867	1.05153
52.30973	1.08586
52.55079	1.11466
52.79185	1.13761
53.03290	1.15501
53.27396	1.16770
53.51502	1.17688
53.75608	1.18391
53.99714	1.19001
54.23820	1.19612
54.47926	1.20278
54.72031	1.21010
54.96137	1.21790
55.20243	1.22592
55.44349	1.23398
55.68455	1.24224
55.92561	1.25128
56.16667	1.26209
56.40773	1.27600
56.64878	1.29435
56.88984	1.31829
57.13090	1.34845
57.37196	1.38470
57.61302	1.42612
57.85408	1.47098
58.09514	1.51701
58.33619	1.56170
58.57725	1.60264
58.81831	1.63791
59.05937	1.66635
59.30043	1.68763
59.54149	1.70225
59.78255	1.71136
60.02361	1.71643
60.26466	1.71893
60.50572	1.72006
60.74678	1.72049
60.98784	1.72031
61.22890	1.71911
61.46996	1.71620
61.71102	1.71085
61.95207	1.70260
62.19313	1.69152
62.43419	1.67834
62.67525	1.66441
62.91631	1.65158
63.15737	1.64192
63.39843	1.63739
63.63948	1.63948
63.88054	1.64898
64.12160	1.66579
64.36266	1.68891
64.60372	1.71662
64.84478	1.74674
65.08584	1.77695
65.32690	1.80514
65.56795	1.82970
65.80901	1.84965
66.05007	1.86471
66.29113	1.87515
66.53219	1.88155
66.77325	1.88455
67.01431	1.88461
67.25536	1.88180
67.49642	1.87576
67.73748	1.86577
67.97854	1.85092
68.21960	1.83042
68.46066	1.80377
68.70172	1.77106
68.94278	1.73306
69.18383	1.69118
69.42489	1.64733
69.66595	1.60372
69.90701	1.56253
70.14807	1.52564
70.38913	1.49440
70.63019	1.46949
70.87124	1.45095
71.11230	1.43827
71.35336	1.43058
71.59442	1.42694
71.83548	1.42650
72.07654	1.42873
72.31760	1.43345
72.55866	1.44081
72.79971	1.45114
73.04077	1.46477
73.28183	1.48176
73.52289	1.50172
73.76395	1.52372
74.00501	1.54626
74.24607	1.56744
74.48712	1.58511
74.72818	1.59727
74.96924	1.60231
75.21030	1.59933
75.45136	1.58826
75.69242	1.56998
75.93348	1.54620
76.17453	1.51923
76.41559	1.49176
76.65665	1.46647
76.89771	1.44574
77.13877	1.43143
77.37983	1.42471
77.62089	1.42605
77.86195	1.43526
78.10300	1.45171
78.34406	1.47449
78.58512	1.50264
78.82618	1.53533
79.06724	1.57193
79.30830	1.61200
79.54936	1.65522
79.79041	1.70121
80.03147	1.74935
80.27253	1.79863
80.51359	1.84756
80.75465	1.89422
80.99571	1.93644
81.23677	1.97203
81.47783	1.99913
81.71888	2.01649
81.95994	2.02375
82.20100	2.02152
82.44206	2.01135
82.68312	1.99552
82.92418	1.97672
83.16524	1.95768
83.40629	1.94073
83.64735	1.92761
83.88841	1.91921
84.12947	1.91564
84.37053	1.91641
84.61159	1.92066
84.85265	1.92753
85.09371	1.93644
85.33476	1.94733
85.57582	1.96069
85.81688	1.97750
86.05794	1.99896
86.29900	2.02614
86.54006	2.05965
86.78112	2.09927
87.02217	2.14382
87.26323	2.19116
87.50429	2.23837
87.74535	2.28215
87.98641	2.31932
88.22747	2.34727
88.46853	2.36441
88.70958	2.37038
88.95064	2.36612
89.19170	2.35361
89.43276	2.33550
89.67382	2.31466
89.91488	2.29361
90.15594	2.27423
90.39700	2.25746
90.63805	2.24336
90.87911	2.23131
91.12017	2.22032
91.36123	2.20950
91.60229	2.19842
91.84335	2.18735
92.08441	2.17735
92.32546	2.17014
92.56652	2.16778
92.80758	2.17230
93.04864	2.18518
93.28970	2.20704
93.53076	2.23738
93.77182	2.27452
94.01288	2.31581
94.25393	2.35799
94.49499	2.39762
94.73605	2.43161
94.97711	2.45768
95.21817	2.47461
95.45923	2.48239
95.70029	2.48201
95.94134	2.47525
96.18240	2.46421
96.42346	2.45087
96.66452	2.43676
96.90558	2.42263
97.14664	2.40851
97.38770	2.39379
97.62876	2.37754
97.86981	2.35889
98.11087	2.33737
98.35193	2.31323
98.59299	2.28755
98.83405	2.26214
99.07511	2.23935
99.31617	2.22167
99.55722	2.21132
99.79828	2.20986
100.03934	2.21793
100.28040	2.23508
100.52146	2.25991
100.76252	2.29027
101.00358	2.32364
101.24464	2.35751
101.48569	2.38981
101.72675	2.41914
101.96781	2.44488
102.20887	2.46718
102.44993	2.48667
102.69099	2.50422
102.93205	2.52054
103.17310	2.53590
103.41416	2.55001
103.65522	2.56195
103.89628	2.57034
104.13734	2.57370
104.37840	2.57071
104.61946	2.56066
104.86051	2.54365
105.10157	2.52074
105.34263	2.49389
105.58369	2.46570
105.82475	2.43908
106.06581	2.41680
106.30687	2.40110
106.54793	2.39341
106.78898	2.39415
107.03004	2.40282
107.27110	2.41818
107.51216	2.43859
107.75322	2.46240
107.99428	2.48829
108.23534	2.51555
108.47639	2.54414
108.71745	2.57461
108.95851	2.60783
109.19957	2.64462
109.44063	2.68539
109.68169	2.72977
109.92275	2.77649
110.16381	2.82337
110.40486	2.86760
110.64592	2.90611
110.88698	2.93608
111.12804	2.95541
111.36910	2.96315
111.61016	2.95962
111.85122	2.94641
112.09227	2.92611
112.33333	2.90188
112.57439	2.87692
112.81545	2.85403
113.05651	2.83521
113.29757	2.82149
113.53863	2.81296
113.77969	2.80899
114.02074	2.80856
114.26180	2.81070
114.50286	2.81483
114.74392	2.82099
114.98498	2.82993
115.22604	2.84296
115.46710	2.86170
115.70815	2.88762
115.94921	2.92166
116.19027	2.96384
116.43133	3.01308
116.67239	3.06714
116.91345	3.12285
117.15451	3.17652
117.39556	3.22444
117.63662	3.26343
117.87768	3.29129
118.11874	3.30713
118.35980	3.31144
118.60086	3.30589
118.84192	3.29301
119.08298	3.27564
119.32403	3.25648
119.56509	3.23760
119.80615	3.22022
120.04721	3.20463
120.28827	3.19039
120.52933	3.17665
120.77039	3.16259
121.01144	3.14785
121.25250	3.13279
121.49356	3.11864
121.73462	3.10739
121.97568	3.10154
122.21674	3.10361
122.45780	3.11572
122.69886	3.13908
122.93991	3.17375
123.18097	3.21853
123.42203	3.27107
123.66309	3.32820
123.90415	3.38640
124.14521	3.44234
124.38627	3.49331
124.62732	3.53756
124.86838	3.57445
125.10944	3.60429
125.35050	3.62811
125.59156	3.64722
125.83262	3.66278
126.07368	3.67545
126.31474	3.68516
126.55579	3.69114
126.79685	3.69213
127.03791	3.68669
127.27897	3.67369
127.52003	3.65274
127.76109	3.62443
128.00215	3.59054
128.24320	3.55383
128.48426	3.51780
128.72532	3.48616
128.96638	3.46231
129.20744	3.44878
129.44850	3.44685
129.68956	3.45640
129.93061	3.47588
130.17167	3.50266
130.41273	3.53348
130.65379	3.56496
130.89485	3.59420
131.13591	3.61915
131.37697	3.63888
131.61803	3.65349
131.85908	3.66396
132.10014	3.67166
132.34120	3.67789
132.58226	3.68345
132.82332	3.68828
133.06438	3.69141
133.30544	3.69108
133.54649	3.68510
133.78755	3.67132
134.02861	3.64819
134.26967	3.61513
134.51073	3.57284
134.75179	3.52327
134.99285	3.46941
135.23391	3.41486
135.47496	3.36325
135.71602	3.31771
135.95708	3.28045
136.19814	3.25250
136.43920	3.23364
136.68026	3.22265
136.92132	3.21765
137.16237	3.21657
137.40343	3.21760
137.64449	3.21952
137.88555	3.22190
138.12661	3.22506
138.36767	3.22983
138.60873	3.23725
138.84979	3.24808
139.09084	3.26251
139.33190	3.27987
139.57296	3.29856
139.81402	3.31622
140.05508	3.33006
140.29614	3.33729
140.53720	3.33559
140.77825	3.32357
141.01931	3.30098
141.26037	3.26883
141.50143	3.22921
141.74249	3.18497
141.98355	3.13927
142.22461	3.09511
142.46566	3.05490
142.70672	3.02018
142.94778	2.99152
143.18884	2.96865
143.42990	2.95065
143.67096	2.93636
143.91202	2.92471
144.15308	2.91501
144.39413	2.90716
144.63519	2.90159
144.87625	2.89918
145.11731	2.90093
145.35837	2.90762
145.59943	2.91951
145.84049	2.93611
146.08154	2.95610
146.32260	2.97744
146.56366	2.99760
146.80472	3.01399
147.04578	3.02433
147.28684	3.02702
147.52790	3.02142
147.76896	3.00790
148.01001	2.98774
148.25107	2.96284
148.49213	2.93538
148.73319	2.90740
148.97425	2.88041
149.21531	2.85523
149.45637	2.83193
149.69742	2.80990
149.93848	2.78817
150.17954	2.76571
150.42060	2.74181
150.66166	2.71629
150.90272	2.68968
151.14378	2.66318
151.38484	2.63847
151.62589	2.61737
151.86695	2.60154
152.10801	2.59207
152.34907	2.58926
152.59013	2.59249
152.83119	2.60030
153.07225	2.61063
153.31330	2.62110
153.55436	2.62945
153.79542	2.63390
154.03648	2.63338
154.27754	2.62763
154.51860	2.61720
154.75966	2.60319
155.00072	2.58698
155.24177	2.56987
155.48283	2.55282
155.72389	2.53626
155.96495	2.52007
156.20601	2.50363
156.44707	2.48610
156.68813	2.46665
156.92918	2.44478
157.17024	2.42044
157.41130	2.39422
157.65236	2.36722
157.89342	2.34096
158.13448	2.31709
158.37554	2.29712
158.61659	2.28217
158.85765	2.27275
159.09871	2.26874
159.33977	2.26936
159.58083	2.27339
159.82189	2.27935
160.06295	2.28578
160.30401	2.29149
160.54506	2.29570
160.78612	2.29817
161.02718	2.29915
161.26824	2.29923
161.50930	2.29914
161.75036	2.29955
161.99142	2.30082
162.23247	2.30289
162.47353	2.30527
162.71459	2.30707
162.95565	2.30723
163.19671	2.30471
163.43777	2.29879
163.67883	2.28920
163.91989	2.27629
164.16094	2.26096
164.40200	2.24458
164.64306	2.22871
164.88412	2.21488
165.12518	2.20429
165.36624	2.19761
165.60730	2.19492
165.84835	2.19569
166.08941	2.19894
166.33047	2.20348
166.57153	2.20817
166.81259	2.21215
167.05365	2.21502
167.29471	2.21690
167.53577	2.21836
167.77682	2.22026
168.01788	2.22354
168.25894	2.22891
168.50000	2.23671
168.74106	2.24669
168.98212	2.25809
169.22318	2.26968
169.46423	2.28002
169.70529	2.28768
169.94635	2.29155
170.18741	2.29107
170.42847	2.28630
170.66953	2.27795
170.91059	2.26729
171.15164	2.25587
171.39270	2.24527
171.63376	2.23686
171.87482	2.23153
172.11588	2.22959
172.35694	2.23077
172.59800	2.23431
172.83906	2.23916
173.08011	2.24424
173.32117	2.24864
173.56223	2.25184
173.80329	2.25381
174.04435	2.25497
174.28541	2.25609
174.52647	2.25810
174.76752	2.26185
175.00858	2.26787
175.24964	2.27625
175.49070	2.28652
175.73176	2.29778
175.97282	2.30876
176.21388	2.31812
176.45494	2.32470
176.69599	2.32773
176.93705	2.32700
177.17811	2.32290
177.41917	2.31637
177.66023	2.30871
177.90129	2.30131
178.14235	2.29539
178.38340	2.29183
178.62446	2.29097
178.86552	2.29260
179.10658	2.29611
179.34764	2.30062
179.58870	2.30524
179.82976	2.30934
180.07082	2.31268
180.31187	2.31549
180.55293	2.31846
180.79399	2.32257
181.03505	2.32886
181.27611	2.33820
181.51717	2.35102
181.75823	2.36722
181.99928	2.38611
182.24034	2.40647
182.48140	2.42680
182.72246	2.44554
182.96352	2.46135
183.20458	2.47337
183.44564	2.48134
183.68669	2.48563
183.92775	2.48719
184.16881	2.48731
184.40987	2.48737
184.65093	2.48862
184.89199	2.49186
185.13305	2.49739
185.37411	2.50495
185.61516	2.51382
185.85622	2.52301
186.09728	2.53155
186.33834	2.53869
186.57940	2.54416
186.82046	2.54824
187.06152	2.55175
187.30257	2.55593
187.54363	2.56217
187.78469	2.57174
188.02575	2.58551
188.26681	2.60369
188.50787	2.62584
188.74893	2.65079
188.98999	2.67691
189.23104	2.70238
189.47210	2.72548
189.71316	2.74493
189.95422	2.76008
190.19528	2.77104
190.43634	2.77854
190.67740	2.78384
190.91845	2.78833
191.15951	2.79330
191.40057	2.79959
191.64163	2.80749
191.88269	2.81665
192.12375	2.82618
192.36481	2.83492
192.60587	2.84166
192.84692	2.84548
193.08798	2.84599
193.32904	2.84341
193.57010	2.83863
193.81116	2.83300
194.05222	2.82812
194.29328	2.82556
194.53433	2.82653
194.77539	2.83168
195.01645	2.84099
195.25751	2.85374
195.49857	2.86872
195.73963	2.88439
195.98069	2.89921
196.22174	2.91193
196.46280	2.92176
196.70386	2.92854
196.94492	2.93269
197.18598	2.93508
197.42704	2.93683
197.66810	2.93903
197.90916	2.94248
198.15021	2.94749
198.39127	2.95384
198.63233	2.96080
198.87339	2.96732
199.11445	2.97222
199.35551	2.97455
199.59657	2.97374
199.83762	2.96984
200.07868	2.96347
200.31974	2.95576
200.56080	2.94815
200.80186	2.94207
201.04292	2.93868
201.28398	2.93862
201.52504	2.94188
201.76609	2.94782
202.00715	2.95532
202.24821	2.96299
202.48927	2.96948
202.73033	2.97376
202.97139	2.97531
203.21245	2.97423
203.45350	2.97117
203.69456	2.96720
203.93562	2.96351
204.17668	2.96117
204.41774	2.96086
204.65880	2.96272
204.89986	2.96629
205.14092	2.97060
205.38197	2.97437
205.62303	2.97626
205.86409	2.97512
206.10515	2.97025
206.34621	2.96153
206.58727	2.94947
206.82833	2.93505
207.06938	2.91962
207.31044	2.90457
207.55150	2.89115
207.79256	2.88016
208.03362	2.87187
208.27468	2.86599
208.51574	2.86169
208.75680	2.85786
208.99785	2.85330
209.23891	2.84697
209.47997	2.83822
209.72103	2.82692
209.96209	2.81346
210.20315	2.79866
210.44421	2.78359
210.68526	2.76936
210.92632	2.75681
211.16738	2.74634
211.40844	2.73786
211.64950	2.73071
211.89056	2.72386
212.13162	2.71612
212.37267	2.70636
212.61373	2.69377
212.85479	2.67806
213.09585	2.65947
213.33691	2.63879
213.57797	2.61716
213.81903	2.59583
214.06009	2.57597
214.30114	2.55841
214.54220	2.54348
214.78326	2.53104
215.02432	2.52049
215.26538	2.51095
215.50644	2.50150
215.74750	2.49132
215.98855	2.47997
216.22961	2.46738
216.47067	2.45394
216.71173	2.44034
216.95279	2.42746
217.19385	2.41615
217.43491	2.40702
217.67597	2.40031
217.91702	2.39581
218.15808	2.39288
218.39914	2.39055
218.64020	2.38771
218.88126	2.38330
219.12232	2.37650
219.36338	2.36689
219.60443	2.35450
219.84549	2.33983
220.08655	2.32367
220.32761	2.30699
220.56867	2.29073
220.80973	2.27558
221.05079	2.26190
221.29185	2.24967
221.53290	2.23847
221.77396	2.22770
222.01502	2.21666
222.25608	2.20479
222.49714	2.19182
222.73820	2.17784
222.97926	2.16337
223.22031	2.14919
223.46137	2.13627
223.70243	2.12553
223.94349	2.11765
224.18455	2.11296
224.42561	2.11129
224.66667	2.11206
224.90772	2.11431
225.14878	2.11691
225.38984	2.11873
225.63090	2.11885
225.87196	2.11666
226.11302	2.11197
226.35408	2.10498
226.59514	2.09622
226.83619	2.08635
227.07725	2.07606
227.31831	2.06590
227.55937	2.05616
227.80043	2.04688
228.04149	2.03783
228.28255	2.02861
228.52360	2.01883
228.76466	2.00816
229.00572	1.99651
229.24678	1.98407
229.48784	1.97129
229.72890	1.95887
229.96996	1.94759
230.21102	1.93819
230.45207	1.93122
230.69313	1.92696
230.93419	1.92531
231.17525	1.92580
231.41631	1.92770
231.65737	1.93011
231.89843	1.93213
232.13948	1.93301
232.38054	1.93225
232.62160	1.92969
232.86266	1.92549
233.10372	1.92006
233.34478	1.91393
233.58584	1.90765
233.82690	1.90162
234.06795	1.89605
234.30901	1.89085
234.55007	1.88573
234.79113	1.88026
235.03219	1.87397
235.27325	1.86650
235.51431	1.85770
235.75536	1.84769
235.99642	1.83688
236.23748	1.82587
236.47854	1.81544
236.71960	1.80634
236.96066	1.79918
237.20172	1.79436
237.44277	1.79197
237.68383	1.79179
237.92489	1.79334
238.16595	1.79600
238.40701	1.79908
238.64807	1.80201
238.88913	1.80436
239.13019	1.80598
239.37124	1.80697
239.61230	1.80762
239.85336	1.80834
240.09442	1.80954
240.33548	1.81147
240.57654	1.81421
240.81760	1.81753
241.05865	1.82101
241.29971	1.82404
241.54077	1.82595
241.78183	1.82620
242.02289	1.82442
242.26395	1.82058
242.50501	1.81496
242.74607	1.80814
242.98712	1.80090
243.22818	1.79410
243.46924	1.78850
243.71030	1.78467
243.95136	1.78289
244.19242	1.78313
244.43348	1.78508
244.67453	1.78824
244.91559	1.79205
245.15665	1.79601
245.39771	1.79978
245.63877	1.80325
245.87983	1.80654
246.12089	1.80997
246.36195	1.81395
246.60300	1.81888
246.84406	1.82501
247.08512	1.83238
247.32618	1.84076
247.56724	1.84967
247.80830	1.85844
248.04936	1.86632
248.29041	1.87264
248.53147	1.87689
248.77253	1.87883
249.01359	1.87857
249.25465	1.87652
249.49571	1.87331
249.73677	1.86972
249.97783	1.86653
250.21888	1.86438
250.45994	1.86368
250.70100	1.86456
250.94206	1.86690
251.18312	1.87036
251.42418	1.87449
251.66524	1.87885
251.90629	1.88313
252.14735	1.88718
252.38841	1.89109
252.62947	1.89515
252.87053	1.89977
253.11159	1.90538
253.35265	1.91234
253.59370	1.92080
253.83476	1.93067
254.07582	1.94159
254.31688	1.95298
254.55794	1.96415
254.79900	1.97438
255.04006	1.98307
255.28112	1.98985
255.52217	1.99460
255.76323	1.99750
256.00429	1.99892
256.24535	1.99941
256.48641	1.99947
256.72747	1.99954
256.96853	1.99988
257.20958	2.00050
257.45064	2.00124
257.69170	2.00180
257.93276	2.00186
258.17382	2.00115
258.41488	1.99959
258.65594	1.99733
258.89700	1.99472
259.13805	1.99233
259.37911	1.99078
259.62017	1.99070
259.86123	1.99259
260.10229	1.99670
260.34335	2.00301
260.58441	2.01121
260.82546	2.02074
261.06652	2.03087
261.30758	2.04085
261.54864	2.04998
261.78970	2.05774
262.03076	2.06387
262.27182	2.06832
262.51288	2.07130
262.75393	2.07312
262.99499	2.07416
263.23605	2.07471
263.47711	2.07491
263.71817	2.07472
263.95923	2.07390
264.20029	2.07212
264.44134	2.06897
264.68240	2.06417
264.92346	2.05759
265.16452	2.04937
265.40558	2.03992
265.64664	2.02987
265.88770	2.01999
266.12875	2.01107
266.36981	2.00377
266.61087	1.99854
266.85193	1.99552
267.09299	1.99454
267.33405	1.99517
267.57511	1.99680
267.81617	1.99876
268.05722	2.00042
268.29828	2.00135
268.53934	2.00129
268.78040	2.00025
269.02146	1.99841
269.26252	1.99608
269.50358	1.99356
269.74463	1.99112
269.98569	1.98885
270.22675	1.98666
270.46781	1.98429
270.70887	1.98133
270.94993	1.97733
271.19099	1.97188
271.43205	1.96466
271.67310	1.95559
271.91416	1.94479
272.15522	1.93259
272.39628	1.91951
272.63734	1.90612
272.87840	1.89301
273.11946	1.88067
273.36051	1.86942
273.60157	1.85938
273.84263	1.85051
274.08369	1.84261
274.32475	1.83539
274.56581	1.82858
274.80687	1.82198
275.04793	1.81552
275.28898	1.80926
275.53004	1.80339
275.77110	1.79815
276.01216	1.79378
276.25322	1.79042
276.49428	1.78806
276.73534	1.78651
276.97639	1.78539
277.21745	1.78417
277.45851	1.78225
277.69957	1.77905
277.94063	1.77414
278.18169	1.76724
278.42275	1.75833
278.66380	1.74763
278.90486	1.73554
279.14592	1.72260
279.38698	1.70938
279.62804	1.69639
279.86910	1.68401
280.11016	1.67248
280.35122	1.66183
280.59227	1.65198
280.83333	1.64278
281.07439	1.63404
281.31545	1.62564
281.55651	1.61756
281.79757	1.60989
282.03863	1.60278
282.27968	1.59647
282.52074	1.59114
282.76180	1.58689
283.00286	1.58372
283.24392	1.58142
283.48498	1.57968
283.72604	1.57803
283.96710	1.57598
284.20815	1.57305
284.44921	1.56886
284.69027	1.56320
284.93133	1.55603
285.17239	1.54748
285.41345	1.53784
285.65451	1.52748
285.89556	1.51679
286.13662	1.50608
286.37768	1.49558
286.61874	1.48537
286.85980	1.47541
287.10086	1.46557
287.34192	1.45569
287.58298	1.44564
287.82403	1.43540
288.06509	1.42504
288.30615	1.41479
288.54721	1.40496
288.78827	1.39596
289.02933	1.38815
289.27039	1.38182
289.51144	1.37713
289.75250	1.37404
289.99356	1.37235
290.23462	1.37168
290.47568	1.37158
290.71674	1.37154
290.95780	1.37109
291.19885	1.36985
291.43991	1.36761
291.68097	1.36428
291.92203	1.35992
292.16309	1.35467
292.40415	1.34874
292.64521	1.34232
292.88627	1.33554
293.12732	1.32847
293.36838	1.32109
293.60944	1.31334
293.85050	1.30511
294.09156	1.29635
294.33262	1.28707
294.57368	1.27736
294.81473	1.26744
295.05579	1.25761
295.29685	1.24823
295.53791	1.23965
295.77897	1.23217
296.02003	1.22602
296.26109	1.22128
296.50215	1.21787
296.74320	1.21561
296.98426	1.21422
297.22532	1.21337
297.46638	1.21277
297.70744	1.21215
297.94850	1.21137
298.18956	1.21036
298.43061	1.20916
298.67167	1.20787
298.91273	1.20659
299.15379	1.20542
299.39485	1.20435
299.63591	1.20333
299.87697	1.20219
300.11803	1.20073
300.35908	1.19870
300.60014	1.19589
300.84120	1.19219
301.08226	1.18758
301.32332	1.18219
301.56438	1.17626
301.80544	1.17014
302.04649	1.16420
302.28755	1.15883
302.52861	1.15434
302.76967	1.15094
303.01073	1.14869
303.25179	1.14758
303.49285	1.14745
303.73391	1.14810
303.97496	1.14933
304.21602	1.15096
304.45708	1.15285
304.69814	1.15497
304.93920	1.15734
305.18026	1.16002
305.42132	1.16307
305.66237	1.16655
305.90343	1.17044
306.14449	1.17465
306.38555	1.17901
306.62661	1.18329
306.86767	1.18723
307.10873	1.19059
307.34978	1.19320
307.59084	1.19496
307.83190	1.19591
308.07296	1.19619
308.31402	1.19602
308.55508	1.19567
308.79614	1.19545
309.03720	1.19557
309.27825	1.19622
309.51931	1.19745
309.76037	1.19924
310.00143	1.20150
310.24249	1.20410
310.48355	1.20691
310.72461	1.20987
310.96566	1.21296
311.20672	1.21625
311.44778	1.21988
311.68884	1.22402
311.92990	1.22883
312.17096	1.23441
312.41202	1.24080
312.65308	1.24791
312.89413	1.25558
313.13519	1.26354
313.37625	1.27148
313.61731	1.27911
313.85837	1.28616
314.09943	1.29247
314.34049	1.29795
314.58154	1.30264
314.82260	1.30668
315.06366	1.31024
315.30472	1.31353
315.54578	1.31672
315.78684	1.31992
316.02790	1.32317
316.26896	1.32645
316.51001	1.32965
316.75107	1.33268
316.99213	1.33545
317.23319	1.33795
317.47425	1.34025
317.71531	1.34251
317.95637	1.34496
318.19742	1.34790
318.43848	1.35159
318.67954	1.35626
318.92060	1.36202
319.16166	1.36889
319.40272	1.37671
319.64378	1.38526
319.88483	1.39421
320.12589	1.40324
320.36695	1.41206
320.60801	1.42043
320.84907	1.42824
321.09013	1.43549
321.33119	1.44226
321.57225	1.44870
321.81330	1.45495
322.05436	1.46117
322.29542	1.46741
322.53648	1.47367
322.77754	1.47987
323.01860	1.48587
323.25966	1.49152
323.50071	1.49671
323.74177	1.50137
323.98283	1.50553
324.22389	1.50931
324.46495	1.51293
324.70601	1.51663
324.94707	1.52069
325.18813	1.52531
325.42918	1.53064
325.67024	1.53670
325.91130	1.54339
326.15236	1.55054
326.39342	1.55788
326.63448	1.56514
326.87554	1.57208
327.11659	1.57853
327.35765	1.58441
327.59871	1.58974
327.83977	1.59464
328.08083	1.59925
328.32189	1.60372
328.56295	1.60816
328.80401	1.61260
329.04506	1.61696
329.28612	1.62108
329.52718	1.62472
329.76824	1.62762
330.00930	1.62955
330.25036	1.63035
330.49142	1.63000
330.73247	1.62861
330.97353	1.62642
331.21459	1.62376
331.45565	1.62101
331.69671	1.61855
331.93777	1.61665
332.17883	1.61550
332.41988	1.61513
332.66094	1.61544
332.90200	1.61626
333.14306	1.61735
333.38412	1.61847
333.62518	1.61947
333.86624	1.62023
334.10730	1.62076
334.34835	1.62113
334.58941	1.62145
334.83047	1.62181
335.07153	1.62228
335.31259	1.62281
335.55365	1.62328
335.79471	1.62348
336.03576	1.62312
336.27682	1.62192
336.51788	1.61965
336.75894	1.61614
337.00000	1.61138
337.24106	1.60546
337.48212	1.59859
337.72318	1.59107
337.96423	1.58325
338.20529	1.57543
338.44635	1.56785
338.68741	1.56065
338.92847	1.55387
339.16953	1.54744
339.41059	1.54121
339.65164	1.53503
339.89270	1.52879
340.13376	1.52242
340.37482	1.51598
340.61588	1.50957
340.85694	1.50339
341.09800	1.49766
341.33906	1.49254
341.58011	1.48815
341.82117	1.48450
342.06223	1.48146
342.30329	1.47883
342.54435	1.47632
342.78541	1.47363
343.02647	1.47047
343.26752	1.46664
343.50858	1.46201
343.74964	1.45658
343.99070	1.45043
344.23176	1.44370
344.47282	1.43660
344.71388	1.42929
344.95493	1.42192
345.19599	1.41457
345.43705	1.40725
345.67811	1.39992
345.91917	1.39248
346.16023	1.38486
346.40129	1.37699
346.64235	1.36884
346.88340	1.36047
347.12446	1.35200
347.36552	1.34361
347.60658	1.33552
347.84764	1.32790
348.08870	1.32093
348.32976	1.31468
348.57081	1.30914
348.81187	1.30421
349.05293	1.29969
349.29399	1.29537
349.53505	1.29101
349.77611	1.28642
350.01717	1.28145
350.25823	1.27607
350.49928	1.27028
350.74034	1.26419
350.98140	1.25791
351.22246	1.25156
351.46352	1.24523
351.70458	1.23897
351.94564	1.23275
352.18669	1.22651
352.42775	1.22013
352.66881	1.21351
352.90987	1.20657
353.15093	1.19926
353.39199	1.19161
353.63305	1.18367
353.87411	1.17559
354.11516	1.16751
354.35622	1.15960
354.59728	1.15199
354.83834	1.14478
355.07940	1.13800
355.32046	1.13161
355.56152	1.12554
355.80257	1.11964
356.04363	1.11379
356.28469	1.10785
356.52575	1.10172
356.76681	1.09536
357.00787	1.08878
357.24893	1.08203
357.48999	1.07521
357.73104	1.06842
357.97210	1.06174
358.21316	1.05522
358.45422	1.04886
358.69528	1.04261
358.93634	1.03638
359.17740	1.03005
359.41845	1.02350
359.65951	1.01666
359.90057	1.00947
360.14163	1.00196
360.38269	0.99420
360.62375	0.98629
360.86481	0.97836
361.10586	0.97055
361.34692	0.96297
361.58798	0.95568
361.82904	0.94870
362.07010	0.94201
362.31116	0.93557
362.55222	0.92929
362.79328	0.92313
363.03433	0.91704
363.27539	0.91099
363.51645	0.90502
363.75751	0.89915
363.99857	0.89342
364.23963	0.88789
364.48069	0.88256
364.72174	0.87742
364.96280	0.87242
365.20386	0.86749
365.44492	0.86253
365.68598	0.85745
365.92704	0.85216
366.16810	0.84664
366.40916	0.84086
366.65021	0.83488
366.89127	0.82876
367.13233	0.82259
367.37339	0.81648
367.61445	0.81049
367.85551	0.80469
368.09657	0.79907
368.33762	0.79362
368.57868	0.78826
368.81974	0.78291
369.06080	0.77748
369.30186	0.77190
369.54292	0.76611
369.78398	0.76009
370.02504	0.75388
370.26609	0.74751
370.50715	0.74106
370.74821	0.73460
370.98927	0.72817
371.23033	0.72181
371.47139	0.71549
371.71245	0.70918
371.95350	0.70277
372.19456	0.69618
372.43562	0.68930
372.67668	0.68206
372.91774	0.67440
373.15880	0.66630
373.39986	0.65779
373.64091	0.64893
373.88197	0.63980
374.12303	0.63049
374.36409	0.62107
374.60515	0.61161
374.84621	0.60216
375.08727	0.59272
375.32833	0.58330
375.56938	0.57388
375.81044	0.56445
376.05150	0.55502
376.29256	0.54558
376.53362	0.53620
376.77468	0.52697
377.01574	0.51796
377.25679	0.50927
377.49785	0.50098
377.73891	0.49314
377.97997	0.48580
378.22103	0.47893
378.46209	0.47259
378.70315	0.46677
378.94421	0.46147
379.18526	0.45669
379.42632	0.45246
379.66738	0.44881
379.90844	0.44579
380.14950	0.44343
380.39056	0.44183
380.63162	0.44105
380.87267	0.44113
381.11373	0.44208
381.35479	0.44390
381.59585	0.44658
381.83691	0.45008
382.07797	0.45434
382.31903	0.45932
382.56009	0.46496
382.80114	0.47125
383.04220	0.47815
383.28326	0.48567
383.52432	0.49380
383.76538	0.50254
384.00644	0.51185
384.24750	0.52174
384.48855	0.53216
384.72961	0.54306
384.97067	0.55433
385.21173	0.56590
385.45279	0.57765
385.69385	0.58951
385.93491	0.60138
386.17596	0.61324
386.41702	0.62508
386.65808	0.63691
386.89914	0.64872
387.14020	0.66052
387.38126	0.67230
387.62232	0.68404
387.86338	0.69566
388.10443	0.70712
388.34549	0.71834
388.58655	0.72926
388.82761	0.73983
389.06867	0.75004
389.30973	0.75990
389.55079	0.76947
389.79184	0.77881
390.03290	0.78802
390.27396	0.79718
390.51502	0.80637
390.75608	0.81563
390.99714	0.82497
391.23820	0.83438
391.47926	0.84381
391.72031	0.85319
391.96137	0.86244
392.20243	0.87150
392.44349	0.88031
392.68455	0.88883
392.92561	0.89706
393.16667	0.90499
393.40772	0.91265
393.64878	0.92004
393.88984	0.92719
394.13090	0.93409
394.37196	0.94071
394.61302	0.94703
394.85408	0.95301
395.09514	0.95860
395.33619	0.96378
395.57725	0.96855
395.81831	0.97296
396.05937	0.97708
396.30043	0.98103
396.54149	0.98494
396.78255	0.98896
397.02360	0.99323
397.26466	0.99784
397.50572	1.00285
397.74678	1.00827
397.98784	1.01408
398.22890	1.02021
398.46996	1.02658
398.71102	1.03312
398.95207	1.03979
399.19313	1.04657
399.43419	1.05346
399.67525	1.06050
399.91631	1.06773
400.15737	1.07518
400.39843	1.08285
400.63948	1.09069
400.88054	1.09862
401.12160	1.10649
401.36266	1.11416
401.60372	1.12144
401.84478	1.12820
402.08584	1.13431
402.32689	1.13971
402.56795	1.14439
402.80901	1.14840
403.05007	1.15183
403.29113	1.15482
403.53219	1.15747
403.77325	1.15990
404.01431	1.16218
404.25536	1.16434
404.49642	1.16637
404.73748	1.16823
404.97854	1.16985
405.21960	1.17119
405.46066	1.17220
405.70172	1.17288
405.94277	1.17327
406.18383	1.17345
406.42489	1.17350
406.66595	1.17354
406.90701	1.17364
407.14807	1.17383
407.38913	1.17410
407.63019	1.17439
407.87124	1.17459
408.11230	1.17458
408.35336	1.17422
408.59442	1.17342
408.83548	1.17211
409.07654	1.17027
409.31760	1.16795
409.55865	1.16522
409.79971	1.16217
410.04077	1.15891
410.28183	1.15552
410.52289	1.15205
410.76395	1.14853
411.00501	1.14494
411.24607	1.14123
411.48712	1.13736
411.72818	1.13329
411.96924	1.12900
412.21030	1.12449
412.45136	1.11979
412.69242	1.11497
412.93348	1.11008
413.17453	1.10520
413.41559	1.10039
413.65665	1.09566
413.89771	1.09101
414.13877	1.08639
414.37983	1.08173
414.62089	1.07694
414.86194	1.07194
415.10300	1.06666
415.34406	1.06106
415.58512	1.05512
415.82618	1.04889
416.06724	1.04241
416.30830	1.03574
416.54936	1.02897
416.79041	1.02215
417.03147	1.01529
417.27253	1.00840
417.51359	1.00144
417.75465	0.99438
417.99571	0.98716
418.23677	0.97974
418.47782	0.97210
418.71888	0.96425
418.95994	0.95625
419.20100	0.94815
419.44206	0.94006
419.68312	0.93204
419.92418	0.92419
420.16524	0.91653
420.40629	0.90909
420.64735	0.90186
420.88841	0.89477
421.12947	0.88777
421.37053	0.88080
421.61159	0.87378
421.85265	0.86669
422.09370	0.85950
422.33476	0.85223
422.57582	0.84490
422.81688	0.83758
423.05794	0.83029
423.29900	0.82306
423.54006	0.81591
423.78112	0.80880
424.02217	0.80168
424.26323	0.79448
424.50429	0.78710
424.74535	0.77947
424.98641	0.77151
425.22747	0.76320
425.46853	0.75453
425.70958	0.74554
425.95064	0.73632
426.19170	0.72695
426.43276	0.71757
426.67382	0.70826
426.91488	0.69912
427.15594	0.69021
427.39699	0.68156
427.63805	0.67318
427.87911	0.66505
428.12017	0.65714
428.36123	0.64943
428.60229	0.64190
428.84335	0.63456
429.08441	0.62742
429.32546	0.62050
429.56652	0.61382
429.80758	0.60741
430.04864	0.60124
430.28970	0.59529
430.53076	0.58951
430.77182	0.58383
431.01287	0.57817
431.25393	0.57245
431.49499	0.56661
431.73605	0.56059
431.97711	0.55439
432.21817	0.54800
432.45923	0.54146
432.70029	0.53481
432.94134	0.52811
433.18240	0.52140
433.42346	0.51472
433.66452	0.50811
433.90558	0.50157
434.14664	0.49511
434.38770	0.48875
434.62875	0.48249
434.86981	0.47635
435.11087	0.47038
435.35193	0.46463
435.59299	0.45916
435.83405	0.45407
436.07511	0.44941
436.31617	0.44526
436.55722	0.44168
436.79828	0.43870
437.03934	0.43632
437.28040	0.43451
437.52146	0.43326
437.76252	0.43251
438.00358	0.43225
438.24463	0.43244
438.48569	0.43308
438.72675	0.43419
438.96781	0.43578
439.20887	0.43788
439.44993	0.44051
439.69099	0.44366
439.93204	0.44729
440.17310	0.45138
440.41416	0.45586
440.65522	0.46063
440.89628	0.46561
441.13734	0.47069
441.37840	0.47581
441.61946	0.48090
441.86051	0.48589
442.10157	0.49078
442.34263	0.49558
442.58369	0.50028
442.82475	0.50491
443.06581	0.50945
443.30687	0.51391
443.54792	0.51825
443.78898	0.52244
444.03004	0.52643
444.27110	0.53019
444.51216	0.53367
444.75322	0.53685
444.99428	0.53971
445.23534	0.54226
445.47639	0.54451
445.71745	0.54650
445.95851	0.54824
446.19957	0.54976
446.44063	0.55106
446.68169	0.55213
446.92275	0.55294
447.16380	0.55345
447.40486	0.55363
447.64592	0.55343
447.88698	0.55285
448.12804	0.55188
448.36910	0.55056
448.61016	0.54893
448.85122	0.54705
449.09227	0.54498
449.33333	0.54278
449.57439	0.54050
449.81545	0.53817
450.05651	0.53580
450.29757	0.53340
450.53863	0.53097
450.77968	0.52852
451.02074	0.52606
451.26180	0.52363
451.50286	0.52126
451.74392	0.51904
451.98498	0.51700
452.22604	0.51522
452.46710	0.51373
452.70815	0.51255
452.94921	0.51167
453.19027	0.51105
453.43133	0.51064
453.67239	0.51035
453.91345	0.51010
454.15451	0.50982
454.39556	0.50944
454.63662	0.50890
454.87768	0.50817
455.11874	0.50726
455.35980	0.50616
455.60086	0.50489
455.84192	0.50349
456.08297	0.50198
456.32403	0.50040
456.56509	0.49875
456.80615	0.49706
457.04721	0.49534
457.28827	0.49361
457.52933	0.49188
457.77039	0.49019
458.01144	0.48858
458.25250	0.48712
458.49356	0.48586
458.73462	0.48488
458.97568	0.48423
459.21674	0.48396
459.45780	0.48411
459.69885	0.48469
459.93991	0.48569
460.18097	0.48708
460.42203	0.48883
460.66309	0.49089
460.90415	0.49322
461.14521	0.49579
461.38627	0.49858
461.62732	0.50157
461.86838	0.50474
462.10944	0.50810
462.35050	0.51163
462.59156	0.51532
462.83262	0.51912
463.07368	0.52300
463.31473	0.52690
463.55579	0.53076
463.79685	0.53449
464.03791	0.53805
464.27897	0.54138
464.52003	0.54444
464.76109	0.54722
465.00215	0.54973
465.24320	0.55200
465.48426	0.55405
465.72532	0.55594
465.96638	0.55768
466.20744	0.55931
466.44850	0.56083
466.68956	0.56224
466.93061	0.56353
467.17167	0.56466
467.41273	0.56564
467.65379	0.56644
467.89485	0.56709
468.13591	0.56758
468.37697	0.56796
468.61802	0.56825
468.85908	0.56847
469.10014	0.56865
469.34120	0.56877
469.58226	0.56883
469.82332	0.56878
470.06438	0.56859
470.30544	0.56822
470.54649	0.56763
470.78755	0.56682
471.02861	0.56578
471.26967	0.56455
471.51073	0.56315
471.75179	0.56165
471.99285	0.56009
472.23390	0.55853
472.47496	0.55698
472.71602	0.55546
472.95708	0.55398
473.19814	0.55250
473.43920	0.55102
473.68026	0.54951
473.92132	0.54796
474.16237	0.54637
474.40343	0.54476
474.64449	0.54315
474.88555	0.54158
475.12661	0.54009
475.36767	0.53871
475.60873	0.53745
475.84978	0.53633
476.09084	0.53531
476.33190	0.53438
476.57296	0.53348
476.81402	0.53257
477.05508	0.53160
477.29614	0.53055
477.53720	0.52938
477.77825	0.52810
478.01931	0.52671
478.26037	0.52525
478.50143	0.52373
478.74249	0.52219
478.98355	0.52064
479.22461	0.51909
479.46566	0.51754
479.70672	0.51598
479.94778	0.51439
480.18884	0.51274
480.42990	0.51101
480.67096	0.50921
480.91202	0.50734
481.15307	0.50542
481.39413	0.50348
481.63519	0.50156
481.87625	0.49971
482.11731	0.49793
482.35837	0.49626
482.59943	0.49467
482.84049	0.49317
483.08154	0.49171
483.32260	0.49026
483.56366	0.48879
483.80472	0.48727
484.04578	0.48568
484.28684	0.48403
484.52790	0.48232
484.76895	0.48057
485.01001	0.47880
485.25107	0.47703
485.49213	0.47526
485.73319	0.47351
485.97425	0.47174
486.21531	0.46995
486.45637	0.46810
486.69742	0.46618
486.93848	0.46417
487.17954	0.46207
487.42060	0.45990
487.66166	0.45770
487.90272	0.45549
488.14378	0.45332
488.38483	0.45123
488.62589	0.44926
488.86695	0.44742
489.10801	0.44572
489.34907	0.44414
489.59013	0.44268
489.83119	0.44130
490.07225	0.43997
490.31330	0.43869
490.55436	0.43742
490.79542	0.43617
491.03648	0.43494
491.27754	0.43373
491.51860	0.43257
491.75966	0.43147
492.00071	0.43044
492.24177	0.42947
492.48283	0.42857
492.72389	0.42772
492.96495	0.42690
493.20601	0.42610
493.44707	0.42530
493.68812	0.42448
493.92918	0.42365
494.17024	0.42280
494.41130	0.42195
494.65236	0.42112
494.89342	0.42033
495.13448	0.41959
495.37554	0.41892
495.61659	0.41831
495.85765	0.41776
496.09871	0.41725
496.33977	0.41677
496.58083	0.41629
496.82189	0.41581
497.06295	0.41532
497.30400	0.41482
497.54506	0.41431
497.78612	0.41382
498.02718	0.41336
498.26824	0.41293
498.50930	0.41255
498.75036	0.41222
498.99142	0.41191
499.23247	0.41163
499.47353	0.41133
499.71459	0.41099
499.95565	0.41058
500.19671	0.41007
500.43777	0.40944
500.67883	0.40869
500.91988	0.40781
501.16094	0.40683
501.40200	0.40575
501.64306	0.40460
501.88412	0.40339
502.12518	0.40212
502.36624	0.40079
502.60730	0.39936
502.84835	0.39782
503.08941	0.39612
503.33047	0.39423
503.57153	0.39211
503.81259	0.38975
504.05365	0.38714
504.29471	0.38433
504.53576	0.38134
504.77682	0.37827
505.01788	0.37519
505.25894	0.37221
505.50000	0.36945
505.74106	0.36705
505.98212	0.36512
506.22318	0.36379
506.46423	0.36316
506.70529	0.36334
506.94635	0.36437
507.18741	0.36630
507.42847	0.36911
507.66953	0.37277
507.91059	0.37718
508.15164	0.38224
508.39270	0.38781
508.63376	0.39373
508.87482	0.39983
509.11588	0.40596
509.35694	0.41195
509.59800	0.41772
509.83905	0.42318
510.08011	0.42829
510.32117	0.43302
510.56223	0.43739
510.80329	0.44143
511.04435	0.44519
511.28541	0.44873
511.52647	0.45209
511.76752	0.45531
512.00858	0.45843
512.24964	0.46145
512.49070	0.46438
512.73176	0.46722
512.97282	0.46994
513.21388	0.47255
513.45493	0.47503
513.69599	0.47739
513.93705	0.47964
514.17811	0.48180
514.41917	0.48388
514.66023	0.48591
514.90129	0.48789
515.14235	0.48983
515.38340	0.49172
515.62446	0.49356
515.86552	0.49533
516.10658	0.49700
516.34764	0.49858
516.58870	0.50005
516.82976	0.50142
517.07081	0.50272
517.31187	0.50397
517.55293	0.50519
517.79399	0.50641
518.03505	0.50764
518.27611	0.50890
518.51717	0.51019
518.75823	0.51150
518.99928	0.51280
519.24034	0.51409
519.48140	0.51535
519.72246	0.51656
519.96352	0.51772
520.20458	0.51885
520.44564	0.51994
520.68669	0.52102
520.92775	0.52209
521.16881	0.52318
521.40987	0.52427
521.65093	0.52538
521.89199	0.52647
522.13305	0.52753
522.37410	0.52853
522.61516	0.52943
522.85622	0.53023
523.09728	0.53090
523.33834	0.53144
523.57940	0.53186
523.82046	0.53217
524.06152	0.53240
524.30257	0.53258
524.54363	0.53272
524.78469	0.53284
525.02575	0.53296
525.26681	0.53307
525.50787	0.53320
525.74893	0.53333
525.98998	0.53349
526.23104	0.53369
526.47210	0.53396
526.71316	0.53433
526.95422	0.53484
527.19528	0.53552
527.43634	0.53638
527.67740	0.53746
527.91845	0.53874
528.15951	0.54021
528.40057	0.54185
528.64163	0.54362
528.88269	0.54550
529.12375	0.54745
529.36481	0.54945
529.60586	0.55148
529.84692	0.55354
530.08798	0.55565
530.32904	0.55780
530.57010	0.56000
530.81116	0.56227
531.05222	0.56460
531.29328	0.56698
531.53433	0.56937
531.77539	0.57175
532.01645	0.57407
532.25751	0.57628
532.49857	0.57836
532.73963	0.58027
532.98069	0.58200
533.22174	0.58355
533.46280	0.58493
533.70386	0.58615
533.94492	0.58724
534.18598	0.58821
534.42704	0.58906
534.66810	0.58979
534.90915	0.59039
535.15021	0.59084
535.39127	0.59110
535.63233	0.59117
535.87339	0.59103
536.11445	0.59067
536.35551	0.59010
536.59657	0.58934
536.83762	0.58842
537.07868	0.58736
537.31974	0.58618
537.56080	0.58491
537.80186	0.58356
538.04292	0.58214
538.28398	0.58064
538.52503	0.57906
538.76609	0.57740
539.00715	0.57566
539.24821	0.57383
539.48927	0.57195
539.73033	0.57002
539.97139	0.56809
540.21245	0.56618
540.45350	0.56432
540.69456	0.56255
540.93562	0.56087
541.17668	0.55929
541.41774	0.55782
541.65880	0.55642
541.89986	0.55509
542.14091	0.55379
542.38197	0.55252
542.62303	0.55126
542.86409	0.55000
543.10515	0.54877
543.34621	0.54758
543.58727	0.54644
543.82833	0.54537
544.06938	0.54437
544.31044	0.54344
544.55150	0.54258
544.79256	0.54174
545.03362	0.54089
545.27468	0.54001
545.51574	0.53904
545.75679	0.53795
545.99785	0.53673
546.23891	0.53536
546.47997	0.53385
546.72103	0.53219
546.96209	0.53039
547.20315	0.52846
547.44421	0.52641
547.68526	0.52422
547.92632	0.52189
548.16738	0.51937
548.40844	0.51665
548.64950	0.51372
548.89056	0.51054
549.13162	0.50713
549.37267	0.50351
549.61373	0.49970
549.85479	0.49575
550.09585	0.49173
550.33691	0.48769
550.57797	0.48372
550.81903	0.47986
551.06008	0.47619
551.30114	0.47276
551.54220	0.46962
551.78326	0.46680
552.02432	0.46435
552.26538	0.46227
552.50644	0.46059
552.74750	0.45931
552.98855	0.45844
553.22961	0.45795
553.47067	0.45783
553.71173	0.45806
553.95279	0.45861
554.19385	0.45944
554.43491	0.46052
554.67596	0.46181
554.91702	0.46327
555.15808	0.46487
555.39914	0.46656
555.64020	0.46831
555.88126	0.47009
556.12232	0.47188
556.36338	0.47366
556.60443	0.47541
556.84549	0.47711
557.08655	0.47874
557.32761	0.48028
557.56867	0.48172
557.80973	0.48303
558.05079	0.48418
558.29184	0.48517
558.53290	0.48599
558.77396	0.48662
559.01502	0.48709
559.25608	0.48742
559.49714	0.48761
559.73820	0.48771
559.97926	0.48773
560.22031	0.48769
560.46137	0.48760
560.70243	0.48747
560.94349	0.48729
561.18455	0.48704
561.42561	0.48671
561.66667	0.48630
561.90772	0.48579
562.14878	0.48518
562.38984	0.48448
562.63090	0.48373
562.87196	0.48293
563.11302	0.48213
563.35408	0.48135
563.59513	0.48061
563.83619	0.47992
564.07725	0.47928
564.31831	0.47868
564.55937	0.47811
564.80043	0.47754
565.04149	0.47696
565.28255	0.47637
565.52360	0.47575
565.76466	0.47514
566.00572	0.47454
566.24678	0.47400
566.48784	0.47354
566.72890	0.47319
566.96996	0.47294
567.21101	0.47280
567.45207	0.47275
567.69313	0.47277
567.93419	0.47284
568.17525	0.47293
568.41631	0.47303
568.65737	0.47313
568.89843	0.47325
569.13948	0.47339
569.38054	0.47358
569.62160	0.47385
569.86266	0.47421
570.10372	0.47468
570.34478	0.47525
570.58584	0.47592
570.82689	0.47666
571.06795	0.47744
571.30901	0.47823
571.55007	0.47901
571.79113	0.47976
572.03219	0.48047
572.27325	0.48114
572.51431	0.48178
572.75536	0.48241
572.99642	0.48305
573.23748	0.48371
573.47854	0.48439
573.71960	0.48511
573.96066	0.48584
574.20172	0.48658
574.44277	0.48732
574.68383	0.48805
574.92489	0.48877
575.16595	0.48950
575.40701	0.49025
575.64807	0.49106
575.88913	0.49197
576.13018	0.49301
576.37124	0.49421
576.61230	0.49559
576.85336	0.49714
577.09442	0.49887
577.33548	0.50076
577.57654	0.50277
577.81760	0.50488
578.05865	0.50706
578.29971	0.50928
578.54077	0.51152
578.78183	0.51377
579.02289	0.51600
579.26395	0.51821
579.50501	0.52039
579.74606	0.52252
579.98712	0.52457
580.22818	0.52653
580.46924	0.52838
580.71030	0.53011
580.95136	0.53170
581.19242	0.53316
581.43348	0.53451
581.67453	0.53577
581.91559	0.53698
582.15665	0.53819
582.39771	0.53944
582.63877	0.54078
582.87983	0.54224
583.12089	0.54383
583.36194	0.54556
583.60300	0.54742
583.84406	0.54940
584.08512	0.55147
584.32618	0.55361
584.56724	0.55579
584.80830	0.55799
585.04936	0.56022
585.29041	0.56245
585.53147	0.56470
585.77253	0.56694
586.01359	0.56917
586.25465	0.57136
586.49571	0.57349
586.73677	0.57551
586.97782	0.57739
587.21888	0.57908
587.45994	0.58055
587.70100	0.58179
587.94206	0.58281
588.18312	0.58361
588.42418	0.58425
588.66523	0.58477
588.90629	0.58521
589.14735	0.58564
589.38841	0.58610
589.62947	0.58660
589.87053	0.58717
590.11159	0.58780
590.35265	0.58849
590.59370	0.58922
590.83476	0.58999
591.07582	0.59079
591.31688	0.59161
591.55794	0.59248
591.79900	0.59341
592.04006	0.59440
592.28111	0.59546
592.52217	0.59659
592.76323	0.59777
593.00429	0.59896
593.24535	0.60011
593.48641	0.60115
593.72747	0.60203
593.96853	0.60269
594.20958	0.60308
594.45064	0.60318
594.69170	0.60299
594.93276	0.60253
595.17382	0.60183
595.41488	0.60093
595.65594	0.59989
595.89699	0.59875
596.13805	0.59757
596.37911	0.59635
596.62017	0.59514
596.86123	0.59394
597.10229	0.59276
597.34335	0.59161
597.58441	0.59049
597.82546	0.58942
598.06652	0.58843
598.30758	0.58754
598.54864	0.58678
598.78970	0.58618
599.03076	0.58577
599.27182	0.58556
599.51287	0.58556
599.75393	0.58574
599.99499	0.58608
600.23605	0.58652
600.47711	0.58702
600.71817	0.58751
600.95923	0.58793
601.20029	0.58823
601.44134	0.58835
601.68240	0.58827
601.92346	0.58796
602.16452	0.58742
602.40558	0.58664
602.64664	0.58563
602.88770	0.58437
603.12875	0.58289
603.36981	0.58117
603.61087	0.57924
603.85193	0.57709
604.09299	0.57474
604.33405	0.57222
604.57511	0.56955
604.81616	0.56678
605.05722	0.56393
605.29828	0.56104
605.53934	0.55814
605.78040	0.55524
606.02146	0.55236
606.26252	0.54949
606.50358	0.54661
606.74463	0.54371
606.98569	0.54075
607.22675	0.53772
607.46781	0.53457
607.70887	0.53130
607.94993	0.52788
608.19099	0.52431
608.43204	0.52057
608.67310	0.51664
608.91416	0.51253
609.15522	0.50821
609.39628	0.50368
609.63734	0.49891
609.87840	0.49391
610.11946	0.48868
610.36051	0.48321
610.60157	0.47752
610.84263	0.47164
611.08369	0.46561
611.32475	0.45946
611.56581	0.45325
611.80687	0.44704
612.04792	0.44089
612.28898	0.43484
612.53004	0.42896
612.77110	0.42330
613.01216	0.41793
613.25322	0.41288
613.49428	0.40821
613.73534	0.40396
613.97639	0.40016
614.21745	0.39683
614.45851	0.39398
614.69957	0.39162
614.94063	0.38971
615.18169	0.38822
615.42275	0.38710
615.66380	0.38631
615.90486	0.38577
616.14592	0.38542
616.38698	0.38521
616.62804	0.38506
616.86910	0.38495
617.11016	0.38482
617.35121	0.38466
617.59227	0.38444
617.83333	0.38415
618.07439	0.38378
618.31545	0.38332
618.55651	0.38279
618.79757	0.38217
619.03863	0.38146
619.27968	0.38066
619.52074	0.37979
619.76180	0.37883
620.00286	0.37781
620.24392	0.37672
620.48498	0.37559
620.72604	0.37442
620.96709	0.37322
621.20815	0.37201
621.44921	0.37078
621.69027	0.36953
621.93133	0.36826
622.17239	0.36694
622.41345	0.36554
622.65451	0.36404
622.89556	0.36241
623.13662	0.36063
623.37768	0.35867
623.61874	0.35653
623.85980	0.35421
624.10086	0.35172
624.34192	0.34909
624.58297	0.34633
624.82403	0.34348
625.06509	0.34057
625.30615	0.33763
625.54721	0.33467
625.78827	0.33172
626.02933	0.32880
626.27039	0.32590
626.51144	0.32305
626.75250	0.32023
626.99356	0.31746
627.23462	0.31472
627.47568	0.31200
627.71674	0.30928
627.95780	0.30654
628.19885	0.30374
628.43991	0.30085
628.68097	0.29784
628.92203	0.29468
629.16309	0.29136
629.40415	0.28787
629.64521	0.28426
629.88626	0.28056
630.12732	0.27683
630.36838	0.27317
630.60944	0.26966
630.85050	0.26639
631.09156	0.26343
631.33262	0.26084
631.57368	0.25867
631.81473	0.25693
632.05579	0.25560
632.29685	0.25465
632.53791	0.25402
632.77897	0.25363
633.02003	0.25343
633.26109	0.25334
633.50214	0.25329
633.74320	0.25323
633.98426	0.25311
634.22532	0.25290
634.46638	0.25259
634.70744	0.25215
634.94850	0.25159
635.18956	0.25093
635.43061	0.25016
635.67167	0.24931
635.91273	0.24838
636.15379	0.24741
636.39485	0.24640
636.63591	0.24537
636.87697	0.24435
637.11802	0.24333
637.35908	0.24234
637.60014	0.24137
637.84120	0.24043
638.08226	0.23949
638.32332	0.23855
638.56438	0.23758
638.80544	0.23657
639.04649	0.23550
639.28755	0.23436
639.52861	0.23314
639.76967	0.23183
640.01073	0.23043
640.25179	0.22897
640.49285	0.22743
640.73390	0.22583
640.97496	0.22418
641.21602	0.22248
641.45708	0.22074
641.69814	0.21895
641.93920	0.21712
642.18026	0.21526
642.42132	0.21337
642.66237	0.21149
642.90343	0.20961
643.14449	0.20778
643.38555	0.20601
643.62661	0.20434
643.86767	0.20278
644.10873	0.20136
644.34978	0.20009
644.59084	0.19898
644.83190	0.19802
645.07296	0.19720
645.31402	0.19652
645.55508	0.19595
645.79614	0.19547
646.03719	0.19505
646.27825	0.19467
646.51931	0.19431
646.76037	0.19394
647.00143	0.19355
647.24249	0.19311
647.48355	0.19263
647.72461	0.19209
647.96566	0.19148
648.20672	0.19079
648.44778	0.19004
648.68884	0.18921
648.92990	0.18832
649.17096	0.18737
649.41202	0.18636
649.65307	0.18532
649.89413	0.18424
650.13519	0.18314
650.37625	0.18202
650.61731	0.18089
650.85837	0.17974
651.09943	0.17858
651.34049	0.17739
651.58154	0.17619
651.82260	0.17497
652.06366	0.17372
652.30472	0.17246
652.54578	0.17116
652.78684	0.16984
653.02790	0.16850
653.26895	0.16713
653.51001	0.16571
653.75107	0.16425
653.99213	0.16274
654.23319	0.16115
654.47425	0.15948
654.71531	0.15772
654.95637	0.15586
655.19742	0.15389
655.43848	0.15181
655.67954	0.14962
655.92060	0.14732
656.16166	0.14491
656.40272	0.14239
656.64378	0.13977
656.88483	0.13705
657.12589	0.13424
657.36695	0.13136
657.60801	0.12843
657.84907	0.12549
658.09013	0.12257
658.33119	0.11973
658.57224	0.11702
658.81330	0.11449
659.05436	0.11220
659.29542	0.11020
659.53648	0.10852
659.77754	0.10719
660.01860	0.10620
660.25966	0.10553
660.50071	0.10516
660.74177	0.10503
660.98283	0.10509
661.22389	0.10527
661.46495	0.10553
661.70601	0.10580
661.94707	0.10603
662.18812	0.10620
662.42918	0.10627
662.67024	0.10623
662.91130	0.10607
663.15236	0.10579
663.39342	0.10540
663.63448	0.10490
663.87554	0.10431
664.11659	0.10363
664.35765	0.10288
664.59871	0.10206
664.83977	0.10119
665.08083	0.10027
665.32189	0.09931
665.56295	0.09832
665.80400	0.09729
666.04506	0.09624
666.28612	0.09516
666.52718	0.09405
666.76824	0.09291
667.00930	0.09175
667.25036	0.09056
667.49142	0.08934
667.73247	0.08810
667.97353	0.08685
668.21459	0.08557
668.45565	0.08428
668.69671	0.08297
668.93777	0.08166
669.17883	0.08034
669.41988	0.07902
669.66094	0.07770
669.90200	0.07638
670.14306	0.07507
670.38412	0.07377
670.62518	0.07249
670.86624	0.07123
671.10729	0.06999
671.34835	0.06877
671.58941	0.06758
671.83047	0.06642
672.07153	0.06529
672.31259	0.06417
672.55365	0.06307
672.79471	0.06199
673.03576	0.06091
673.27682	0.05983
673.51788	0.05876
673.75894	0.05770
674.00000	0.05664
674.24106	0.05559
674.48212	0.05455
674.72317	0.05351
674.96423	0.05249
675.20529	0.05146
675.44635	0.05044
675.68741	0.04942
675.92847	0.04839
676.16953	0.04735
676.41059	0.04631
676.65164	0.04526
676.89270	0.04421
677.13376	0.04317
677.37482	0.04213
677.61588	0.04110
677.85694	0.04009
678.09800	0.03910
678.33905	0.03813
678.58011	0.03718
678.82117	0.03626
679.06223	0.03537
679.30329	0.03450
679.54435	0.03365
679.78541	0.03283
680.02647	0.03203
680.26752	0.03124
680.50858	0.03048
680.74964	0.02973
680.99070	0.02899
681.23176	0.02827
681.47282	0.02757
681.71388	0.02688
681.95493	0.02622
682.19599	0.02557
682.43705	0.02495
682.67811	0.02435
682.91917	0.02378
683.16023	0.02322
683.40129	0.02269
683.64234	0.02216
683.88340	0.02166
684.12446	0.02116
684.36552	0.02068
684.60658	0.02020
684.84764	0.01973
685.08870	0.01927
685.32976	0.01883
685.57081	0.01839
685.81187	0.01797
686.05293	0.01757
686.29399	0.01719
686.53505	0.01682
686.77611	0.01647
687.01717	0.01614
687.25822	0.01583
687.49928	0.01552
687.74034	0.01523
687.98140	0.01495
688.22246	0.01467
688.46352	0.01440
688.70458	0.01414
688.94564	0.01389
689.18669	0.01365
689.42775	0.01342
689.66881	0.01321
689.90987	0.01300
690.15093	0.01280
690.39199	0.01261
690.63305	0.01243
690.87410	0.01225
691.11516	0.01208
691.35622	0.01190
691.59728	0.01173
691.83834	0.01156
692.07940	0.01140
692.32046	0.01124
692.56152	0.01109
692.80257	0.01094
693.04363	0.01080
693.28469	0.01065
693.52575	0.01050
693.76681	0.01035
694.00787	0.01019
694.24893	0.01001
694.48998	0.00983
694.73104	0.00963
694.97210	0.00943
695.21316	0.00921
695.45422	0.00899
695.69528	0.00875
695.93634	0.00852
696.17740	0.00827
696.41845	0.00802
696.65951	0.00776
696.90057	0.00750
697.14163	0.00724
697.38269	0.00699
697.62375	0.00674
697.86481	0.00650
698.10586	0.00628
698.34692	0.00607
698.58798	0.00587
698.82904	0.00567
699.07010	0.00549
699.31116	0.00530
699.55222	0.00512
699.79327	0.00493
700.03433	0.00474
700.27539	0.00455
700.51645	0.00436
700.75751	0.00418
700.99857	0.00401
701.23963	0.00386
701.48069	0.00374
701.72174	0.00363
701.96280	0.00355
702.20386	0.00349
702.44492	0.00344
702.68598	0.00341
702.92704	0.00339
703.16810	0.00337
703.40915	0.00335
703.65021	0.00333
703.89127	0.00330
704.13233	0.00327
704.37339	0.00324
704.61445	0.00321
704.85551	0.00319
705.09657	0.00316
705.33762	0.00315
705.57868	0.00313
705.81974	0.00312
706.06080	0.00310
706.30186	0.00309
706.54292	0.00307
706.78398	0.00306
707.02503	0.00304
707.26609	0.00302
707.50715	0.00300
707.74821	0.00298
707.98927	0.00297
708.23033	0.00297
708.47139	0.00297
708.71245	0.00297
708.95350	0.00298
709.19456	0.00298
709.43562	0.00298
709.67668	0.00297
709.91774	0.00296
710.15880	0.00293
710.39986	0.00290
710.64091	0.00287
710.88197	0.00284
711.12303	0.00282
711.36409	0.00281
711.60515	0.00281
711.84621	0.00284
712.08727	0.00288
712.32832	0.00294
712.56938	0.00300
712.81044	0.00307
713.05150	0.00312
713.29256	0.00316
713.53362	0.00318
713.77468	0.00318
714.01574	0.00315
714.25679	0.00311
714.49785	0.00306
714.73891	0.00300
714.97997	0.00293
715.22103	0.00287
715.46209	0.00282
715.70315	0.00277
715.94420	0.00274
716.18526	0.00271
716.42632	0.00268
716.66738	0.00267
716.90844	0.00266
717.14950	0.00265
717.39056	0.00265
717.63162	0.00266
717.87267	0.00268
718.11373	0.00270
718.35479	0.00273
718.59585	0.00276
718.83691	0.00279
719.07797	0.00282
719.31903	0.00284
719.56008	0.00286
719.80114	0.00288
720.04220	0.00289
720.28326	0.00289
720.52432	0.00288
720.76538	0.00287
721.00644	0.00285
721.24750	0.00284
721.48855	0.00282
721.72961	0.00280
721.97067	0.00279
722.21173	0.00278
722.45279	0.00278
722.69385	0.00277
722.93491	0.00277
723.17596	0.00276
723.41702	0.00275
723.65808	0.00273
723.89914	0.00272
724.14020	0.00270
724.38126	0.00268
724.62232	0.00267
724.86337	0.00266
725.10443	0.00266
725.34549	0.00266
725.58655	0.00267
725.82761	0.00267
726.06867	0.00268
726.30973	0.00268
726.55079	0.00268
726.79184	0.00267
727.03290	0.00266
727.27396	0.00265
727.51502	0.00264
727.75608	0.00263
727.99714	0.00262
728.23820	0.00262
728.47925	0.00263
728.72031	0.00265
728.96137	0.00267
729.20243	0.00270
729.44349	0.00273
729.68455	0.00276
729.92561	0.00279
730.16667	0.00282
730.40772	0.00284
730.64878	0.00286
730.88984	0.00287
731.13090	0.00287
731.37196	0.00287
731.61302	0.00285
731.85408	0.00284
732.09513	0.00281
732.33619	0.00279
732.57725	0.00277
732.81831	0.00276
733.05937	0.00275
733.30043	0.00273
733.54149	0.00273
733.78255	0.00271
734.02360	0.00270
734.26466	0.00268
734.50572	0.00266
734.74678	0.00263
734.98784	0.00260
735.22890	0.00258
735.46996	0.00255
735.71101	0.00253
735.95207	0.00252
736.19313	0.00252
736.43419	0.00252
736.67525	0.00253
736.91631	0.00255
737.15737	0.00257
737.39842	0.00259
737.63948	0.00261
737.88054	0.00262
738.12160	0.00263
738.36266	0.00263
738.60372	0.00262
738.84478	0.00261
739.08584	0.00259
739.32689	0.00256
739.56795	0.00254
739.80901	0.00252
740.05007	0.00251
740.29113	0.00250
740.53219	0.00250
740.77325	0.00250
741.01430	0.00250
741.25536	0.00250
741.49642	0.00250
741.73748	0.00249
741.97854	0.00248
742.21960	0.00246
742.46066	0.00244
742.70172	0.00242
742.94277	0.00240
743.18383	0.00238
743.42489	0.00236
743.66595	0.00235
743.90701	0.00234
744.14807	0.00233
744.38913	0.00233
744.63018	0.00234
744.87124	0.00235
745.11230	0.00236
745.35336	0.00238
745.59442	0.00241
745.83548	0.00244
746.07654	0.00248
746.31760	0.00253
746.55865	0.00258
746.79971	0.00264
747.04077	0.00269
747.28183	0.00275
747.52289	0.00280
747.76395	0.00284
748.00501	0.00289
748.24606	0.00292
748.48712	0.00295
748.72818	0.00298
748.96924	0.00301
749.21030	0.00304
749.45136	0.00307
749.69242	0.00311
749.93348	0.00315
750.17453	0.00320
750.41559	0.00325
750.65665	0.00331
750.89771	0.00336
751.13877	0.00342
751.37983	0.00348
751.62089	0.00354
751.86194	0.00359
752.10300	0.00365
752.34406	0.00371
752.58512	0.00377
752.82618	0.00384
753.06724	0.00392
753.30830	0.00400
753.54935	0.00410
753.79041	0.00420
754.03147	0.00431
754.27253	0.00443
754.51359	0.00455
754.75465	0.00468
754.99571	0.00480
755.23677	0.00492
755.47782	0.00504
755.71888	0.00516
755.95994	0.00527
756.20100	0.00537
756.44206	0.00548
756.68312	0.00558
756.92418	0.00568
757.16523	0.00579
757.40629	0.00590
757.64735	0.00602
757.88841	0.00615
758.12947	0.00629
758.37053	0.00644
758.61159	0.00659
758.85265	0.00675
759.09370	0.00690
759.33476	0.00705
759.57582	0.00718
759.81688	0.00731
760.05794	0.00742
760.29900	0.00752
760.54006	0.00761
760.78111	0.00769
761.02217	0.00778
761.26323	0.00786
761.50429	0.00794
761.74535	0.00802
761.98641	0.00811
762.22747	0.00821
762.46853	0.00830
762.70958	0.00839
762.95064	0.00847
763.19170	0.00855
763.43276	0.00863
763.67382	0.00869
763.91488	0.00875
764.15594	0.00881
764.39699	0.00885
764.63805	0.00890
764.87911	0.00893
765.12017	0.00897
765.36123	0.00900
765.60229	0.00904
765.84335	0.00907
766.08440	0.00910
766.32546	0.00913
766.56652	0.00916
766.80758	0.00919
767.04864	0.00921
767.28970	0.00923
767.53076	0.00925
767.77182	0.00927
768.01287	0.00929
768.25393	0.00931
768.49499	0.00934
768.73605	0.00937
768.97711	0.00941
769.21817	0.00946
769.45923	0.00950
769.70028	0.00955
769.94134	0.00959
770.18240	0.00963
770.42346	0.00967
770.66452	0.00970
770.90558	0.00974
771.14664	0.00978
771.38770	0.00983
771.62875	0.00989
771.86981	0.00998
772.11087	0.01009
772.35193	0.01021
772.59299	0.01036
772.83405	0.01051
773.07511	0.01068
773.31616	0.01085
773.55722	0.01101
773.79828	0.01117
774.03934	0.01133
774.28040	0.01147
774.52146	0.01162
774.76252	0.01176
775.00358	0.01190
775.24463	0.01204
775.48569	0.01219
775.72675	0.01234
775.96781	0.01251
776.20887	0.01267
776.44993	0.01284
776.69099	0.01301
776.93204	0.01317
777.17310	0.01332
777.41416	0.01346
777.65522	0.01359
777.89628	0.01370
778.13734	0.01381
778.37840	0.01392
778.61945	0.01402
778.86051	0.01413
779.10157	0.01425
779.34263	0.01437
779.58369	0.01449
779.82475	0.01462
780.06581	0.01475
780.30687	0.01487
780.54792	0.01499
780.78898	0.01510
781.03004	0.01520
781.27110	0.01530
781.51216	0.01539
781.75322	0.01548
781.99428	0.01557
782.23533	0.01566
782.47639	0.01575
782.71745	0.01584
782.95851	0.01592
783.19957	0.01600
783.44063	0.01607
783.68169	0.01613
783.92275	0.01618
784.16380	0.01621
784.40486	0.01623
784.64592	0.01623
784.88698	0.01621
785.12804	0.01618
785.36910	0.01614
785.61016	0.01609
785.85121	0.01603
786.09227	0.01596
786.33333	0.01589
786.57439	0.01581
786.81545	0.01573
787.05651	0.01564
787.29757	0.01554
787.53863	0.01543
787.77968	0.01531
788.02074	0.01519
788.26180	0.01505
788.50286	0.01491
788.74392	0.01476
788.98498	0.01460
789.22604	0.01444
789.46709	0.01426
789.70815	0.01408
789.94921	0.01389
790.19027	0.01369
790.43133	0.01348
790.67239	0.01327
790.91345	0.01307
791.15451	0.01287
791.39556	0.01268
791.63662	0.01251
791.87768	0.01235
792.11874	0.01221
792.35980	0.01208
792.60086	0.01197
792.84192	0.01188
793.08297	0.01179
793.32403	0.01171
793.56509	0.01165
793.80615	0.01159
794.04721	0.01154
794.28827	0.01150
794.52933	0.01147
794.77038	0.01146
795.01144	0.01146
795.25250	0.01148
795.49356	0.01151
795.73462	0.01155
795.97568	0.01160
796.21674	0.01164
796.45780	0.01169
796.69885	0.01173
796.93991	0.01176
797.18097	0.01178
797.42203	0.01180
797.66309	0.01180
797.90415	0.01180
798.14521	0.01179
798.38626	0.01178
798.62732	0.01176
798.86838	0.01174
799.10944	0.01171
799.35050	0.01167
799.59156	0.01164
799.83262	0.01160
800.07368	0.01156
800.31473	0.01152
800.55579	0.01149
800.79685	0.01146
801.03791	0.01143
801.27897	0.01141
801.52003	0.01139
801.76109	0.01138
802.00214	0.01137
802.24320	0.01136
802.48426	0.01134
802.72532	0.01132
802.96638	0.01128
803.20744	0.01123
803.44850	0.01116
803.68956	0.01108
803.93061	0.01098
804.17167	0.01087
804.41273	0.01074
804.65379	0.01062
804.89485	0.01048
805.13591	0.01034
805.37697	0.01021
805.61802	0.01007
805.85908	0.00993
806.10014	0.00979
806.34120	0.00965
806.58226	0.00951
806.82332	0.00938
807.06438	0.00926
807.30543	0.00914
807.54649	0.00903
807.78755	0.00894
808.02861	0.00887
808.26967	0.00882
808.51073	0.00879
808.75179	0.00878
808.99285	0.00880
809.23390	0.00883
809.47496	0.00889
809.71602	0.00898
809.95708	0.00909
810.19814	0.00922
810.43920	0.00937
810.68026	0.00954
810.92131	0.00973
811.16237	0.00992
811.40343	0.01012
811.64449	0.01032
811.88555	0.01051
812.12661	0.01070
812.36767	0.01087
812.60873	0.01104
812.84978	0.01119
813.09084	0.01134
813.33190	0.01149
813.57296	0.01162
813.81402	0.01175
814.05508	0.01187
814.29614	0.01199
814.53719	0.01210
814.77825	0.01220
815.01931	0.01229
815.26037	0.01237
815.50143	0.01244
815.74249	0.01251
815.98355	0.01257
816.22461	0.01262
816.46566	0.01267
816.70672	0.01272
816.94778	0.01275
817.18884	0.01278
817.42990	0.01280
817.67096	0.01280
817.91202	0.01280
818.15307	0.01280
818.39413	0.01279
818.63519	0.01278
818.87625	0.01277
819.11731	0.01276
819.35837	0.01274
819.59943	0.01273
819.84048	0.01271
820.08154	0.01269
820.32260	0.01265
820.56366	0.01261
820.80472	0.01255
821.04578	0.01249
821.28684	0.01243
821.52790	0.01236
821.76895	0.01230
822.01001	0.01225
822.25107	0.01221
822.49213	0.01217
822.73319	0.01214
822.97425	0.01212
823.21531	0.01209
823.45636	0.01207
823.69742	0.01204
823.93848	0.01201
824.17954	0.01197
824.42060	0.01194
824.66166	0.01189
824.90272	0.01185
825.14378	0.01180
825.38483	0.01174
825.62589	0.01168
825.86695	0.01161
826.10801	0.01154
826.34907	0.01145
826.59013	0.01136
826.83119	0.01127
827.07224	0.01117
827.31330	0.01106
827.55436	0.01096
827.79542	0.01085
828.03648	0.01074
828.27754	0.01063
828.51860	0.01053
828.75966	0.01043
829.00071	0.01032
829.24177	0.01023
829.48283	0.01013
829.72389	0.01003
829.96495	0.00994
830.20601	0.00984
830.44707	0.00974
830.68812	0.00963
830.92918	0.00953
831.17024	0.00941
831.41130	0.00929
831.65236	0.00916
831.89342	0.00903
832.13448	0.00889
832.37553	0.00874
832.61659	0.00858
832.85765	0.00842
833.09871	0.00825
833.33977	0.00808
833.58083	0.00791
833.82189	0.00773
834.06295	0.00755
834.30400	0.00735
834.54506	0.00716
834.78612	0.00695
835.02718	0.00673
835.26824	0.00649
835.50930	0.00624
835.75036	0.00598
835.99141	0.00570
836.23247	0.00540
836.47353	0.00510
836.71459	0.00479
836.95565	0.00448
837.19671	0.00417
837.43777	0.00387
837.67883	0.00357
837.91988	0.00329
838.16094	0.00303
838.40200	0.00280
838.64306	0.00258
838.88412	0.00240
839.12518	0.00224
839.36624	0.00211
839.60729	0.00200
839.84835	0.00193
840.08941	0.00188
840.33047	0.00186
840.57153	0.00186
840.81259	0.00188
841.05365	0.00192
841.29471	0.00196
841.53576	0.00202
841.77682	0.00208
842.01788	0.00214
842.25894	0.00220
842.50000	0.00226
842.74106	0.00232
842.98212	0.00238
843.22317	0.00244
843.46423	0.00250
843.70529	0.00256
843.94635	0.00262
844.18741	0.00268
844.42847	0.00274
844.66953	0.00281
844.91059	0.00287
845.15164	0.00294
845.39270	0.00300
845.63376	0.00306
845.87482	0.00312
846.11588	0.00319
846.35694	0.00325
846.59800	0.00330
846.83905	0.00335
847.08011	0.00339
847.32117	0.00343
847.56223	0.00346
847.80329	0.00349
848.04435	0.00351
848.28541	0.00354
848.52646	0.00356
848.76752	0.00360
849.00858	0.00363
849.24964	0.00368
849.49070	0.00373
849.73176	0.00379
849.97282	0.00386
850.21388	0.00392
850.45493	0.00399
850.69599	0.00406
850.93705	0.00412
851.17811	0.00418
851.41917	0.00423
851.66023	0.00427
851.90129	0.00430
852.14234	0.00433
852.38340	0.00435
852.62446	0.00437
852.86552	0.00438
853.10658	0.00440
853.34764	0.00441
853.58870	0.00443
853.82976	0.00445
854.07081	0.00448
854.31187	0.00450
854.55293	0.00453
854.79399	0.00456
855.03505	0.00459
855.27611	0.00461
855.51717	0.00464
855.75822	0.00467
855.99928	0.00471
856.24034	0.00475
856.48140	0.00479
856.72246	0.00484
856.96352	0.00490
857.20458	0.00495
857.44564	0.00500
857.68669	0.00504
857.92775	0.00508
858.16881	0.00511
858.40987	0.00512
858.65093	0.00514
858.89199	0.00514
859.13305	0.00514
859.37410	0.00514
859.61516	0.00514
859.85622	0.00513
860.09728	0.00512
860.33834	0.00511
860.57940	0.00509
860.82046	0.00507
861.06151	0.00505
861.30257	0.00502
861.54363	0.00500
861.78469	0.00497
862.02575	0.00495
862.26681	0.00493
862.50787	0.00492
862.74893	0.00490
862.98998	0.00489
863.23104	0.00487
863.47210	0.00485
863.71316	0.00483
863.95422	0.00481
864.19528	0.00478
864.43634	0.00475
864.67739	0.00471
864.91845	0.00466
865.15951	0.00461
865.40057	0.00455
865.64163	0.00448
865.88269	0.00441
866.12375	0.00433
866.36481	0.00426
866.60586	0.00418
866.84692	0.00410
867.08798	0.00403
867.32904	0.00396
867.57010	0.00388
867.81116	0.00381
868.05222	0.00373
868.29327	0.00364
868.53433	0.00355
868.77539	0.00346
869.01645	0.00337
869.25751	0.00327
869.49857	0.00318
869.73963	0.00311
869.98069	0.00304
870.22174	0.00298
870.46280	0.00294
870.70386	0.00292
870.94492	0.00291
871.18598	0.00292
871.42704	0.00294
871.66810	0.00298
871.90915	0.00302
872.15021	0.00308
872.39127	0.00315
872.63233	0.00322
872.87339	0.00329
873.11445	0.00337
873.35551	0.00345
873.59656	0.00353
873.83762	0.00361
874.07868	0.00368
874.31974	0.00375
874.56080	0.00382
874.80186	0.00389
875.04292	0.00396
875.28398	0.00403
875.52503	0.00409
875.76609	0.00414
876.00715	0.00418
876.24821	0.00421
876.48927	0.00423
876.73033	0.00424
876.97139	0.00423
877.21244	0.00422
877.45350	0.00419
877.69456	0.00416
877.93562	0.00412
878.17668	0.00408
878.41774	0.00403
878.65880	0.00397
878.89986	0.00391
879.14091	0.00384
879.38197	0.00376
879.62303	0.00369
879.86409	0.00361
880.10515	0.00353
880.34621	0.00346
880.58727	0.00339
880.82832	0.00333
881.06938	0.00328
881.31044	0.00324
881.55150	0.00320
881.79256	0.00317
882.03362	0.00315
882.27468	0.00312
882.51574	0.00309
882.75679	0.00306
882.99785	0.00302
883.23891	0.00298
883.47997	0.00293
883.72103	0.00287
883.96209	0.00281
884.20315	0.00274
884.44420	0.00267
884.68526	0.00260
884.92632	0.00253
885.16738	0.00246
885.40844	0.00238
885.64950	0.00230
885.89056	0.00222
886.13161	0.00215
886.37267	0.00207
886.61373	0.00200
886.85479	0.00193
887.09585	0.00188
887.33691	0.00183
887.57797	0.00180
887.81903	0.00177
888.06008	0.00176
888.30114	0.00174
888.54220	0.00173
888.78326	0.00171
889.02432	0.00169
889.26538	0.00167
889.50644	0.00164
889.74749	0.00162
889.98855	0.00159
890.22961	0.00156
890.47067	0.00153
890.71173	0.00150
890.95279	0.00147
891.19385	0.00143
891.43491	0.00140
891.67596	0.00137
891.91702	0.00133
892.15808	0.00129
892.39914	0.00125
892.64020	0.00121
892.88126	0.00117
893.12232	0.00113
893.36337	0.00109
893.60443	0.00105
893.84549	0.00102
894.08655	0.00099
894.32761	0.00096
894.56867	0.00093
894.80973	0.00091
895.05079	0.00086
895.29184	0.00082
895.53290	0.00078
895.77396	0.00076
896.01502	0.00075
896.25608	0.00075
896.49714	0.00076
896.73820	0.00078
896.97925	0.00078
897.22031	0.00078
897.46137	0.00078
897.70243	0.00077
897.94349	0.00077
898.18455	0.00077
898.42561	0.00078
898.66667	0.00079
898.90772	0.00080
899.14878	0.00082
899.38984	0.00084
899.63090	0.00087
