0.00000	-0.00362
0.24106	-0.00351
0.48212	-0.00313
0.72318	-0.00246
0.96423	-0.00146
1.20529	-0.00010
1.44635	0.00161
1.68741	0.00362
1.92847	0.00581
2.16953	0.00817
2.41059	0.01053
2.65165	0.01265
2.89270	0.01440
3.13376	0.01567
3.37482	0.01646
3.61588	0.01684
3.85694	0.01695
4.09800	0.01693
4.33906	0.01688
4.58011	0.01686
4.82117	0.01692
5.06223	0.01705
5.30329	0.01723
5.54435	0.01743
5.78541	0.01761
6.02647	0.01774
6.26753	0.01781
6.50858	0.01782
6.74964	0.01778
6.99070	0.01768
7.23176	0.01753
7.47282	0.01736
7.71388	0.01717
7.95494	0.01698
8.19599	0.01680
8.43705	0.01664
8.67811	0.01651
8.91917	0.01641
9.16023	0.01634
9.40129	0.01630
9.64235	0.01630
9.88340	0.01635
10.12446	0.01648
10.36552	0.01673
10.60658	0.01712
10.84764	0.01766
11.08870	0.01835
11.32976	0.01915
11.57082	0.02001
11.81187	0.02085
12.05293	0.02159
12.29399	0.02211
12.53505	0.02234
12.77611	0.02221
13.01717	0.02168
13.25823	0.02074
13.49928	0.01945
13.74034	0.01769
13.98140	0.01573
14.22246	0.01374
14.46352	0.01189
14.70458	0.01032
14.94564	0.00913
15.18670	0.00838
15.42775	0.00806
15.66881	0.00812
15.90987	0.00853
16.15093	0.00917
16.39199	0.00991
16.63305	0.01066
16.87411	0.01135
17.11516	0.01193
17.35622	0.01237
17.59728	0.01244
17.83834	0.01241
18.07940	0.01226
18.32046	0.01199
18.56152	0.01154
18.80258	0.01091
19.04363	0.01008
19.28469	0.00907
19.52575	0.00707
19.76681	0.00492
20.00787	0.00305
20.24893	0.00180
20.48999	0.00138
20.73104	0.00179
20.97210	0.00282
21.21316	0.00416
21.45422	0.00613
21.69528	0.00836
21.93634	0.01080
22.17740	0.01336
22.41845	0.01596
22.65951	0.01849
22.90057	0.02087
23.14163	0.02303
23.38269	0.02493
23.62375	0.02659
23.86481	0.02803
24.10587	0.02934
24.34692	0.03059
24.58798	0.03188
24.82904	0.03325
25.07010	0.03476
25.31116	0.03642
25.55222	0.03821
25.79328	0.04010
26.03433	0.04203
26.27539	0.04396
26.51645	0.04582
26.75751	0.04759
26.99857	0.04927
27.23963	0.05089
27.48069	0.05252
27.72175	0.05426
27.96280	0.05623
28.20386	0.05853
28.44492	0.06127
28.68598	0.06448
28.92704	0.06817
29.16810	0.07229
29.40916	0.07676
29.65021	0.08145
29.89127	0.08628
30.13233	0.09116
30.37339	0.09606
30.61445	0.10095
30.85551	0.10585
31.09657	0.11077
31.33763	0.11567
31.57868	0.12049
31.81974	0.12511
32.06080	0.12938
32.30186	0.13317
32.54292	0.13635
32.78398	0.13888
33.02504	0.14080
33.26609	0.14226
33.50715	0.14351
33.74821	0.14486
33.98927	0.14663
34.23033	0.14911
34.47139	0.15251
34.71245	0.15695
34.95350	0.16244
35.19456	0.16888
35.43562	0.17615
35.67668	0.18411
35.91774	0.19266
36.15880	0.20183
36.39986	0.21173
36.64092	0.22257
36.88197	0.23460
37.12303	0.24808
37.36409	0.26311
37.60515	0.27967
37.84621	0.29745
38.08727	0.31591
38.32833	0.33431
38.56938	0.35173
38.81044	0.36730
39.05150	0.38022
39.29256	0.38997
39.53362	0.39635
39.77468	0.39954
40.01574	0.40009
40.25680	0.39880
40.49785	0.39662
40.73891	0.39450
40.97997	0.39330
41.22103	0.39361
41.46209	0.39577
41.70315	0.39986
41.94421	0.40571
42.18526	0.41304
42.42632	0.42152
42.66738	0.43085
42.90844	0.44085
43.14950	0.45143
43.39056	0.46261
43.63162	0.47442
43.87268	0.48687
44.11373	0.49982
44.35479	0.51301
44.59585	0.52598
44.83691	0.53813
45.07797	0.54879
45.31903	0.55732
45.56009	0.56322
45.80114	0.56625
46.04220	0.56646
46.28326	0.56430
46.52432	0.56050
46.76538	0.55606
47.00644	0.55210
47.24750	0.54973
47.48855	0.54991
47.72961	0.55334
47.97067	0.56040
48.21173	0.57117
48.45279	0.58544
48.69385	0.60284
48.93491	0.62296
49.17597	0.64548
49.41702	0.67024
49.65808	0.69729
49.89914	0.72687
50.14020	0.75933
50.38126	0.79495
50.62232	0.83385
50.86338	0.87577
51.10443	0.92006
51.34549	0.96559
51.58655	1.01091
51.82761	1.05433
52.06867	1.09424
52.30973	1.12927
52.55079	1.15851
52.79185	1.18171
53.03290	1.19920
53.27396	1.21189
53.51502	1.22105
53.75608	1.22804
53.99714	1.23414
54.23820	1.24024
54.47926	1.24688
54.72031	1.25413
54.96137	1.26179
55.20243	1.26957
55.44349	1.27732
55.68455	1.28522
55.92561	1.29391
56.16667	1.30448
56.40773	1.31831
56.64878	1.33685
56.88984	1.36130
57.13090	1.39229
57.37196	1.42969
57.61302	1.47252
57.85408	1.51897
58.09514	1.56665
58.33619	1.61293
58.57725	1.65530
58.81831	1.69177
59.05937	1.72109
59.30043	1.74294
59.54149	1.75783
59.78255	1.76695
60.02361	1.77182
60.26466	1.77399
60.50572	1.77468
60.74678	1.77460
60.98784	1.77384
61.22890	1.77198
61.46996	1.76829
61.71102	1.76204
61.95207	1.75277
62.19313	1.74057
62.43419	1.72620
62.67525	1.71111
62.91631	1.69722
63.15737	1.68669
63.39843	1.68154
63.63948	1.68331
63.88054	1.69279
64.12160	1.70983
64.36266	1.73341
64.60372	1.76171
64.84478	1.79248
65.08584	1.82331
65.32690	1.85206
65.56795	1.87709
65.80901	1.89742
66.05007	1.91277
66.29113	1.92344
66.53219	1.93001
66.77325	1.93313
67.01431	1.93320
67.25536	1.93025
67.49642	1.92385
67.73748	1.91322
67.97854	1.89740
68.21960	1.87555
68.46066	1.84721
68.70172	1.81253
68.94278	1.77235
69.18383	1.72821
69.42489	1.68214
69.66595	1.63645
69.90701	1.59343
70.14807	1.55500
70.38913	1.52253
70.63019	1.49667
70.87124	1.47742
71.11230	1.46420
71.35336	1.45612
71.59442	1.45217
71.83548	1.45154
72.07654	1.45370
72.31760	1.45852
72.55866	1.46623
72.79971	1.47720
73.04077	1.49178
73.28183	1.51003
73.52289	1.53151
73.76395	1.55521
74.00501	1.57952
74.24607	1.60237
74.48712	1.62153
74.72818	1.63485
74.96924	1.64065
75.21030	1.63798
75.45136	1.62678
75.69242	1.60796
75.93348	1.58326
76.17453	1.55506
76.41559	1.52608
76.65665	1.49901
76.89771	1.47628
77.13877	1.45974
77.37983	1.45058
77.62089	1.44930
77.86195	1.45580
78.10300	1.46953
78.34406	1.48970
78.58512	1.51551
78.82618	1.54625
79.06724	1.58142
79.30830	1.62066
79.54936	1.66372
79.79041	1.71019
80.03147	1.75939
80.27253	1.81021
80.51359	1.86103
80.75465	1.90980
80.99571	1.95419
81.23677	1.99192
81.47783	2.02102
81.71888	2.04021
81.95994	2.04910
82.20100	2.04831
82.44206	2.03942
82.68312	2.02473
82.92418	2.00693
83.16524	1.98874
83.40629	1.97249
83.64735	1.95984
83.88841	1.95165
84.12947	1.94799
84.37053	1.94834
84.61159	1.95185
84.85265	1.95771
85.09371	1.96542
85.33476	1.97501
85.57582	1.98711
85.81688	2.00279
86.05794	2.02335
86.29900	2.04992
86.54006	2.08312
86.78112	2.12272
87.02217	2.16748
87.26323	2.21519
87.50429	2.26284
87.74535	2.30708
87.98641	2.34466
88.22747	2.37296
88.46853	2.39037
88.70958	2.39658
88.95064	2.39255
89.19170	2.38031
89.43276	2.36253
89.67382	2.34207
89.91488	2.32146
90.15594	2.30249
90.39700	2.28605
90.63805	2.27212
90.87911	2.26000
91.12017	2.24867
91.36123	2.23722
91.60229	2.22526
91.84335	2.21312
92.08441	2.20195
92.32546	2.19356
92.56652	2.19013
92.80758	2.19373
93.04864	2.20590
93.28970	2.22727
93.53076	2.25731
93.77182	2.29433
94.01288	2.33565
94.25393	2.37796
94.49499	2.41783
94.73605	2.45220
94.97711	2.47879
95.21817	2.49645
95.45923	2.50515
95.70029	2.50594
95.94134	2.50057
96.18240	2.49110
96.42346	2.47945
96.66452	2.46703
96.90558	2.45451
97.14664	2.44181
97.38770	2.42824
97.62876	2.41282
97.86981	2.39464
98.11087	2.37331
98.35193	2.34911
98.59299	2.32322
98.83405	2.29755
99.07511	2.27455
99.31617	2.25677
99.55722	2.24645
99.79828	2.24517
100.03934	2.25351
100.28040	2.27099
100.52146	2.29614
100.76252	2.32679
101.00358	2.36041
101.24464	2.39451
101.48569	2.42708
101.72675	2.45679
101.96781	2.48310
102.20887	2.50618
102.44993	2.52670
102.69099	2.54549
102.93205	2.56319
103.17310	2.58000
103.41416	2.59548
103.65522	2.60860
103.89628	2.61793
104.13734	2.62189
104.37840	2.61921
104.61946	2.60920
104.86051	2.59207
105.10157	2.56899
105.34263	2.54202
105.58369	2.51386
105.82475	2.48748
106.06581	2.46565
106.30687	2.45056
106.54793	2.44355
106.78898	2.44494
107.03004	2.45412
107.27110	2.46975
107.51216	2.49015
107.75322	2.51368
107.99428	2.53909
108.23534	2.56578
108.47639	2.59385
108.71745	2.62396
108.95851	2.65711
109.19957	2.69417
109.44063	2.73556
109.68169	2.78088
109.92275	2.82875
110.16381	2.87689
110.40486	2.92237
110.64592	2.96204
110.88698	2.99303
111.12804	3.01325
111.36910	3.02180
111.61016	3.01907
111.85122	3.00675
112.09227	2.98752
112.33333	2.96457
112.57439	2.94110
112.81545	2.91983
113.05651	2.90266
113.29757	2.89045
113.53863	2.88313
113.77969	2.87993
114.02074	2.87976
114.26180	2.88161
114.50286	2.88498
114.74392	2.89004
114.98498	2.89773
115.22604	2.90957
115.46710	2.92736
115.70815	2.95273
115.94921	2.98668
116.19027	3.02924
116.43133	3.07923
116.67239	3.13427
116.91345	3.19107
117.15451	3.24577
117.39556	3.29456
117.63662	3.33421
117.87768	3.36254
118.11874	3.37875
118.35980	3.38342
118.60086	3.37837
118.84192	3.36620
119.08298	3.34982
119.32403	3.33191
119.56509	3.31447
119.80615	3.29856
120.04721	3.28432
120.28827	3.27114
120.52933	3.25805
120.77039	3.24418
121.01144	3.22916
121.25250	3.21344
121.49356	3.19841
121.73462	3.18623
121.97568	3.17954
122.21674	3.18099
122.45780	3.19275
122.69886	3.21601
122.93991	3.25076
123.18097	3.29567
123.42203	3.34825
123.66309	3.40522
123.90415	3.46303
124.14521	3.51835
124.38627	3.56856
124.62732	3.61203
124.86838	3.64824
125.10944	3.67765
125.35050	3.70137
125.59156	3.72072
125.83262	3.73682
126.07368	3.75022
126.31474	3.76073
126.55579	3.76744
126.79685	3.76893
127.03791	3.76369
127.27897	3.75058
127.52003	3.72922
127.76109	3.70029
128.00215	3.66567
128.24320	3.62824
128.48426	3.59160
128.72532	3.55950
128.96638	3.53533
129.20744	3.52156
129.44850	3.51939
129.68956	3.52856
129.93061	3.54743
130.17167	3.57327
130.41273	3.60279
130.65379	3.63265
130.89485	3.66002
131.13591	3.68300
131.37697	3.70075
131.61803	3.71355
131.85908	3.72243
132.10014	3.72883
132.34120	3.73403
132.58226	3.73876
132.82332	3.74289
133.06438	3.74536
133.30544	3.74431
133.54649	3.73753
133.78755	3.72287
134.02861	3.69884
134.26967	3.66495
134.51073	3.62199
134.75179	3.57202
134.99285	3.51810
135.23391	3.46386
135.47496	3.41287
135.71602	3.36819
135.95708	3.33190
136.19814	3.30483
136.43920	3.28662
136.68026	3.27590
136.92132	3.27070
137.16237	3.26891
137.40343	3.26876
137.64449	3.26913
137.88555	3.26971
138.12661	3.27096
138.36767	3.27384
138.60873	3.27944
138.84979	3.28858
139.09084	3.30141
139.33190	3.31719
139.57296	3.33426
139.81402	3.35020
140.05508	3.36221
140.29614	3.36753
140.53720	3.36396
140.77825	3.35024
141.01931	3.32627
141.26037	3.29321
141.50143	3.25322
141.74249	3.20919
141.98355	3.16420
142.22461	3.12110
142.46566	3.08211
142.70672	3.04855
142.94778	3.02077
143.18884	2.99833
143.42990	2.98022
143.67096	2.96524
143.91202	2.95238
144.15308	2.94106
144.39413	2.93132
144.63519	2.92376
144.87625	2.91940
145.11731	2.91932
145.35837	2.92436
145.59943	2.93478
145.84049	2.95005
146.08154	2.96876
146.32260	2.98881
146.56366	3.00762
146.80472	3.02259
147.04578	3.03145
147.28684	3.03269
147.52790	3.02576
147.76896	3.01113
148.01001	2.99020
148.25107	2.96495
148.49213	2.93758
148.73319	2.91008
148.97425	2.88393
149.21531	2.85981
149.45637	2.83767
149.69742	2.81677
149.93848	2.79605
150.17954	2.77443
150.42060	2.75116
150.66166	2.72611
150.90272	2.69986
151.14378	2.67369
151.38484	2.64931
151.62589	2.62860
151.86695	2.61317
152.10801	2.60406
152.34907	2.60149
152.59013	2.60474
152.83119	2.61229
153.07225	2.62202
153.31330	2.63159
153.55436	2.63882
153.79542	2.64207
154.03648	2.64044
154.27754	2.63386
154.51860	2.62303
154.75966	2.60916
155.00072	2.59363
155.24177	2.57773
155.48283	2.56229
155.72389	2.54758
155.96495	2.53331
156.20601	2.51871
156.44707	2.50282
156.68813	2.48474
156.92918	2.46395
157.17024	2.44047
157.41130	2.41494
157.65236	2.38857
157.89342	2.36294
158.13448	2.33974
158.37554	2.32048
158.61659	2.30624
158.85765	2.29749
159.09871	2.29398
159.33977	2.29489
159.58083	2.29891
159.82189	2.30456
160.06295	2.31041
160.30401	2.31536
160.54506	2.31876
160.78612	2.32053
161.02718	2.32104
161.26824	2.32101
161.50930	2.32124
161.75036	2.32238
161.99142	2.32472
162.23247	2.32809
162.47353	2.33184
162.71459	2.33492
162.95565	2.33615
163.19671	2.33441
163.43777	2.32895
163.67883	2.31957
163.91989	2.30671
164.16094	2.29141
164.40200	2.27514
164.64306	2.25958
164.88412	2.24630
165.12518	2.23647
165.36624	2.23071
165.60730	2.22897
165.84835	2.23057
166.08941	2.23443
166.33047	2.23925
166.57153	2.24387
166.81259	2.24744
167.05365	2.24967
167.29471	2.25082
167.53577	2.25163
167.77682	2.25313
168.01788	2.25636
168.25894	2.26213
168.50000	2.27075
168.74106	2.28193
168.98212	2.29479
169.22318	2.30794
169.46423	2.31981
169.70529	2.32885
169.94635	2.33388
170.18741	2.33432
170.42847	2.33027
170.66953	2.32254
170.91059	2.31245
171.15164	2.30165
171.39270	2.29178
171.63376	2.28419
171.87482	2.27974
172.11588	2.27864
172.35694	2.28054
172.59800	2.28457
172.83906	2.28963
173.08011	2.29463
173.32117	2.29871
173.56223	2.30147
173.80329	2.30302
174.04435	2.30394
174.28541	2.30515
174.52647	2.30770
174.76752	2.31247
175.00858	2.31997
175.24964	2.33018
175.49070	2.34252
175.73176	2.35587
175.97282	2.36883
176.21388	2.37994
176.45494	2.38796
176.69599	2.39214
176.93705	2.39234
177.17811	2.38907
177.41917	2.38339
177.66023	2.37671
177.90129	2.37048
178.14235	2.36594
178.38340	2.36387
178.62446	2.36450
178.86552	2.36747
179.10658	2.37201
179.34764	2.37712
179.58870	2.38186
179.82976	2.38561
180.07082	2.38822
180.31187	2.39008
180.55293	2.39206
180.79399	2.39532
181.03505	2.40105
181.27611	2.41019
181.51717	2.42323
181.75823	2.44000
181.99928	2.45971
182.24034	2.48101
182.48140	2.50227
182.72246	2.52184
182.96352	2.53835
183.20458	2.55093
183.44564	2.55941
183.68669	2.56427
183.92775	2.56656
184.16881	2.56768
184.40987	2.56905
184.65093	2.57187
184.89199	2.57687
185.13305	2.58421
185.37411	2.59343
185.61516	2.60364
185.85622	2.61372
186.09728	2.62262
186.33834	2.62961
186.57940	2.63448
186.82046	2.63767
187.06152	2.64018
187.30257	2.64341
187.54363	2.64892
187.78469	2.65805
188.02575	2.67168
188.26681	2.69001
188.50787	2.71246
188.74893	2.73777
188.98999	2.76418
189.23104	2.78977
189.47210	2.81280
189.71316	2.83201
189.95422	2.84685
190.19528	2.85753
190.43634	2.86495
190.67740	2.87046
190.91845	2.87553
191.15951	2.88145
191.40057	2.88902
191.64163	2.89837
191.88269	2.90898
192.12375	2.91977
192.36481	2.92942
192.60587	2.93660
192.84692	2.94037
193.08798	2.94037
193.32904	2.93695
193.57010	2.93112
193.81116	2.92440
194.05222	2.91851
194.29328	2.91507
194.53433	2.91529
194.77539	2.91972
195.01645	2.92822
195.25751	2.93993
195.49857	2.95351
195.73963	2.96737
195.98069	2.97999
196.22174	2.99022
196.46280	2.99746
196.70386	3.00174
196.94492	3.00372
197.18598	3.00444
197.42704	3.00512
197.66810	3.00684
197.90916	3.01033
198.15021	3.01576
198.39127	3.02268
198.63233	3.03016
198.87339	3.03697
199.11445	3.04182
199.35551	3.04371
199.59657	3.04213
199.83762	3.03719
200.07868	3.02965
200.31974	3.02076
200.56080	3.01200
200.80186	3.00483
201.04292	3.00032
201.28398	2.99902
201.52504	3.00077
201.76609	3.00478
202.00715	3.00984
202.24821	3.01454
202.48927	3.01757
202.73033	3.01806
202.97139	3.01568
203.21245	3.01078
203.45350	3.00424
203.69456	2.99728
203.93562	2.99122
204.17668	2.98713
204.41774	2.98564
204.65880	2.98677
204.89986	2.98989
205.14092	2.99390
205.38197	2.99738
205.62303	2.99892
205.86409	2.99737
206.10515	2.99206
206.34621	2.98294
206.58727	2.97059
206.82833	2.95606
207.06938	2.94069
207.31044	2.92587
207.55150	2.91273
207.79256	2.90197
208.03362	2.89370
208.27468	2.88748
208.51574	2.88238
208.75680	2.87724
208.99785	2.87083
209.23891	2.86220
209.47997	2.85079
209.72103	2.83662
209.96209	2.82023
210.20315	2.80259
210.44421	2.78490
210.68526	2.76830
210.92632	2.75369
211.16738	2.74147
211.40844	2.73148
211.64950	2.72304
211.89056	2.71510
212.13162	2.70644
212.37267	2.69592
212.61373	2.68280
212.85479	2.66681
213.09585	2.64826
213.33691	2.62795
213.57797	2.60701
213.81903	2.58666
214.06009	2.56797
214.30114	2.55163
214.54220	2.53784
214.78326	2.52629
215.02432	2.51624
215.26538	2.50674
215.50644	2.49681
215.74750	2.48570
215.98855	2.47302
216.22961	2.45884
216.47067	2.44368
216.71173	2.42839
216.95279	2.41392
217.19385	2.40118
217.43491	2.39080
217.67597	2.38298
217.91702	2.37749
218.15808	2.37362
218.39914	2.37041
218.64020	2.36675
218.88126	2.36163
219.12232	2.35433
219.36338	2.34453
219.60443	2.33234
219.84549	2.31831
220.08655	2.30325
220.32761	2.28808
220.56867	2.27363
220.80973	2.26045
221.05079	2.24875
221.29185	2.23833
221.53290	2.22867
221.77396	2.21907
222.01502	2.20882
222.25608	2.19740
222.49714	2.18460
222.73820	2.17063
222.97926	2.15608
223.22031	2.14184
223.46137	2.12890
223.70243	2.11819
223.94349	2.11038
224.18455	2.10571
224.42561	2.10396
224.66667	2.10448
224.90772	2.10627
225.14878	2.10823
225.38984	2.10928
225.63090	2.10859
225.87196	2.10570
226.11302	2.10057
226.35408	2.09353
226.59514	2.08518
226.83619	2.07625
227.07725	2.06741
227.31831	2.05911
227.55937	2.05154
227.80043	2.04457
228.04149	2.03782
228.28255	2.03079
228.52360	2.02296
228.76466	2.01400
229.00572	2.00382
229.24678	1.99265
229.48784	1.98105
229.72890	1.96977
229.96996	1.95964
230.21102	1.95143
230.45207	1.94568
230.69313	1.94259
230.93419	1.94198
231.17525	1.94332
231.41631	1.94581
231.65737	1.94851
231.89843	1.95055
232.13948	1.95121
232.38054	1.95012
232.62160	1.94721
232.86266	1.94278
233.10372	1.93732
233.34478	1.93147
233.58584	1.92579
233.82690	1.92067
234.06795	1.91625
234.30901	1.91239
234.55007	1.90870
234.79113	1.90466
235.03219	1.89975
235.27325	1.89357
235.51431	1.88597
235.75536	1.87710
235.99642	1.86740
236.23748	1.85755
236.47854	1.84832
236.71960	1.84049
236.96066	1.83465
237.20172	1.83114
237.44277	1.82997
237.68383	1.83082
237.92489	1.83313
238.16595	1.83622
238.40701	1.83939
238.64807	1.84207
238.88913	1.84392
239.13019	1.84489
239.37124	1.84519
239.61230	1.84522
239.85336	1.84548
240.09442	1.84642
240.33548	1.84832
240.57654	1.85119
240.81760	1.85479
241.05865	1.85861
241.29971	1.86198
241.54077	1.86422
241.78183	1.86477
242.02289	1.86330
242.26395	1.85981
242.50501	1.85466
242.74607	1.84847
242.98712	1.84205
243.22818	1.83627
243.46924	1.83187
243.71030	1.82934
243.95136	1.82889
244.19242	1.83038
244.43348	1.83342
244.67453	1.83744
244.91559	1.84183
245.15665	1.84608
245.39771	1.84988
245.63877	1.85320
245.87983	1.85622
246.12089	1.85936
246.36195	1.86308
246.60300	1.86784
246.84406	1.87391
247.08512	1.88130
247.32618	1.88977
247.56724	1.89879
247.80830	1.90764
248.04936	1.91557
248.29041	1.92190
248.53147	1.92615
248.77253	1.92816
249.01359	1.92810
249.25465	1.92645
249.49571	1.92391
249.73677	1.92128
249.97783	1.91931
250.21888	1.91859
250.45994	1.91945
250.70100	1.92191
250.94206	1.92576
251.18312	1.93054
251.42418	1.93578
251.66524	1.94100
251.90629	1.94591
252.14735	1.95043
252.38841	1.95472
252.62947	1.95913
252.87053	1.96414
253.11159	1.97020
253.35265	1.97764
253.59370	1.98657
253.83476	1.99683
254.07582	2.00798
254.31688	2.01940
254.55794	2.03035
254.79900	2.04012
255.04006	2.04817
255.28112	2.05419
255.52217	2.05819
255.76323	2.06041
256.00429	2.06136
256.24535	2.06158
256.48641	2.06164
256.72747	2.06191
256.96853	2.06260
257.20958	2.06364
257.45064	2.06478
257.69170	2.06563
257.93276	2.06582
258.17382	2.06506
258.41488	2.06329
258.65594	2.06068
258.89700	2.05764
259.13805	2.05477
259.37911	2.05276
259.62017	2.05223
259.86123	2.05364
260.10229	2.05721
260.34335	2.06281
260.58441	2.07007
260.82546	2.07833
261.06652	2.08684
261.30758	2.09484
261.54864	2.10170
261.78970	2.10698
262.03076	2.11054
262.27182	2.11248
262.51288	2.11311
262.75393	2.11284
262.99499	2.11209
263.23605	2.11115
263.47711	2.11013
263.71817	2.10891
263.95923	2.10719
264.20029	2.10455
264.44134	2.10055
264.68240	2.09489
264.92346	2.08746
265.16452	2.07843
265.40558	2.06825
265.64664	2.05757
265.88770	2.04720
266.12875	2.03789
266.36981	2.03028
266.61087	2.02474
266.85193	2.02133
267.09299	2.01980
267.33405	2.01963
267.57511	2.02018
267.81617	2.02075
268.05722	2.02075
268.29828	2.01979
268.53934	2.01772
268.78040	2.01463
269.02146	2.01078
269.26252	2.00655
269.50358	2.00230
269.74463	1.99828
269.98569	1.99457
270.22675	1.99104
270.46781	1.98739
270.70887	1.98318
270.94993	1.97796
271.19099	1.97132
271.43205	1.96301
271.67310	1.95300
271.91416	1.94147
272.15522	1.92882
272.39628	1.91556
272.63734	1.90228
272.87840	1.88951
273.11946	1.87765
273.36051	1.86693
273.60157	1.85737
273.84263	1.84884
274.08369	1.84104
274.32475	1.83367
274.56581	1.82645
274.80687	1.81920
275.04793	1.81191
275.28898	1.80469
275.53004	1.79778
275.77110	1.79147
276.01216	1.78601
276.25322	1.78156
276.49428	1.77809
276.73534	1.77539
276.97639	1.77304
277.21745	1.77051
277.45851	1.76723
277.69957	1.76265
277.94063	1.75639
278.18169	1.74825
278.42275	1.73828
278.66380	1.72675
278.90486	1.71410
279.14592	1.70088
279.38698	1.68762
279.62804	1.67478
279.86910	1.66266
280.11016	1.65140
280.35122	1.64096
280.59227	1.63121
280.83333	1.62196
281.07439	1.61303
281.31545	1.60432
281.55651	1.59587
281.79757	1.58782
282.03863	1.58038
282.27968	1.57382
282.52074	1.56833
282.76180	1.56403
283.00286	1.56085
283.24392	1.55857
283.48498	1.55680
283.72604	1.55506
283.96710	1.55280
284.20815	1.54958
284.44921	1.54502
284.69027	1.53895
284.93133	1.53139
285.17239	1.52254
285.41345	1.51271
285.65451	1.50230
285.89556	1.49170
286.13662	1.48119
286.37768	1.47096
286.61874	1.46105
286.85980	1.45138
287.10086	1.44181
287.34192	1.43216
287.58298	1.42233
287.82403	1.41232
288.06509	1.40226
288.30615	1.39240
288.54721	1.38310
288.78827	1.37476
289.02933	1.36773
289.27039	1.36228
289.51144	1.35848
289.75250	1.35627
289.99356	1.35537
290.23462	1.35537
290.47568	1.35579
290.71674	1.35613
290.95780	1.35595
291.19885	1.35492
291.43991	1.35289
291.68097	1.34981
291.92203	1.34580
292.16309	1.34102
292.40415	1.33569
292.64521	1.32996
292.88627	1.32396
293.12732	1.31769
293.36838	1.31112
293.60944	1.30414
293.85050	1.29666
294.09156	1.28862
294.33262	1.28005
294.57368	1.27107
294.81473	1.26193
295.05579	1.25294
295.29685	1.24445
295.53791	1.23682
295.77897	1.23032
296.02003	1.22511
296.26109	1.22124
296.50215	1.21858
296.74320	1.21692
296.98426	1.21597
297.22532	1.21541
297.46638	1.21495
297.70744	1.21440
297.94850	1.21364
298.18956	1.21267
298.43061	1.21160
298.67167	1.21054
298.91273	1.20963
299.15379	1.20894
299.39485	1.20846
299.63591	1.20810
299.87697	1.20764
300.11803	1.20682
300.35908	1.20538
300.60014	1.20310
300.84120	1.19985
301.08226	1.19565
301.32332	1.19066
301.56438	1.18516
301.80544	1.17952
302.04649	1.17415
302.28755	1.16943
302.52861	1.16564
302.76967	1.16296
303.01073	1.16144
303.25179	1.16097
303.49285	1.16140
303.73391	1.16250
303.97496	1.16406
304.21602	1.16593
304.45708	1.16802
304.69814	1.17034
304.93920	1.17295
305.18026	1.17596
305.42132	1.17946
305.66237	1.18352
305.90343	1.18809
306.14449	1.19308
306.38555	1.19826
306.62661	1.20337
306.86767	1.20813
307.10873	1.21228
307.34978	1.21565
307.59084	1.21816
307.83190	1.21985
308.07296	1.22090
308.31402	1.22155
308.55508	1.22207
308.79614	1.22276
309.03720	1.22382
309.27825	1.22539
309.51931	1.22750
309.76037	1.23010
310.00143	1.23307
310.24249	1.23628
310.48355	1.23962
310.72461	1.24306
310.96566	1.24662
311.20672	1.25043
311.44778	1.25467
311.68884	1.25953
311.92990	1.26520
312.17096	1.27179
312.41202	1.27928
312.65308	1.28756
312.89413	1.29641
313.13519	1.30551
313.37625	1.31449
313.61731	1.32303
313.85837	1.33085
314.09943	1.33778
314.34049	1.34376
314.58154	1.34888
314.82260	1.35329
315.06366	1.35721
315.30472	1.36087
315.54578	1.36444
315.78684	1.36803
316.02790	1.37166
316.26896	1.37527
316.51001	1.37873
316.75107	1.38194
316.99213	1.38481
317.23319	1.38733
317.47425	1.38961
317.71531	1.39184
317.95637	1.39431
318.19742	1.39733
318.43848	1.40120
318.67954	1.40613
318.92060	1.41223
319.16166	1.41948
319.40272	1.42769
319.64378	1.43660
319.88483	1.44584
320.12589	1.45508
320.36695	1.46402
320.60801	1.47244
320.84907	1.48026
321.09013	1.48750
321.33119	1.49427
321.57225	1.50073
321.81330	1.50706
322.05436	1.51335
322.29542	1.51964
322.53648	1.52589
322.77754	1.53195
323.01860	1.53766
323.25966	1.54284
323.50071	1.54736
323.74177	1.55119
323.98283	1.55441
324.22389	1.55723
324.46495	1.55994
324.70601	1.56285
324.94707	1.56628
325.18813	1.57048
325.42918	1.57558
325.67024	1.58155
325.91130	1.58824
326.15236	1.59540
326.39342	1.60270
326.63448	1.60982
326.87554	1.61648
327.11659	1.62250
327.35765	1.62784
327.59871	1.63254
327.83977	1.63675
328.08083	1.64065
328.32189	1.64440
328.56295	1.64810
328.80401	1.65178
329.04506	1.65531
329.28612	1.65849
329.52718	1.66107
329.76824	1.66276
330.00930	1.66335
330.25036	1.66270
330.49142	1.66082
330.73247	1.65788
330.97353	1.65416
331.21459	1.65003
331.45565	1.64589
331.69671	1.64209
331.93777	1.63891
332.17883	1.63649
332.41988	1.63481
332.66094	1.63376
332.90200	1.63312
333.14306	1.63266
333.38412	1.63216
333.62518	1.63148
333.86624	1.63058
334.10730	1.62951
334.34835	1.62838
334.58941	1.62734
334.83047	1.62650
335.07153	1.62591
335.31259	1.62551
335.55365	1.62513
335.79471	1.62450
336.03576	1.62330
336.27682	1.62121
336.51788	1.61795
336.75894	1.61336
337.00000	1.60743
337.24106	1.60026
337.48212	1.59212
337.72318	1.58332
337.96423	1.57424
338.20529	1.56521
338.44635	1.55646
338.68741	1.54813
338.92847	1.54024
339.16953	1.53270
339.41059	1.52534
339.65164	1.51801
339.89270	1.51058
340.13376	1.50301
340.37482	1.49536
340.61588	1.48780
340.85694	1.48054
341.09800	1.47383
341.33906	1.46785
341.58011	1.46272
341.82117	1.45844
342.06223	1.45487
342.30329	1.45175
342.54435	1.44877
342.78541	1.44560
343.02647	1.44192
343.26752	1.43754
343.50858	1.43232
343.74964	1.42630
343.99070	1.41957
344.23176	1.41232
344.47282	1.40477
344.71388	1.39709
344.95493	1.38945
345.19599	1.38190
345.43705	1.37443
345.67811	1.36699
345.91917	1.35947
346.16023	1.35174
346.40129	1.34374
346.64235	1.33545
346.88340	1.32693
347.12446	1.31832
347.36552	1.30979
347.60658	1.30158
347.84764	1.29386
348.08870	1.28681
348.32976	1.28047
348.57081	1.27482
348.81187	1.26975
349.05293	1.26505
349.29399	1.26049
349.53505	1.25586
349.77611	1.25096
350.01717	1.24569
350.25823	1.24002
350.49928	1.23399
350.74034	1.22772
350.98140	1.22132
351.22246	1.21493
351.46352	1.20862
351.70458	1.20241
351.94564	1.19627
352.18669	1.19011
352.42775	1.18381
352.66881	1.17725
352.90987	1.17034
353.15093	1.16306
353.39199	1.15545
353.63305	1.14758
353.87411	1.13962
354.11516	1.13173
354.35622	1.12407
354.59728	1.11679
354.83834	1.10995
355.07940	1.10357
355.32046	1.09760
355.56152	1.09193
355.80257	1.08642
356.04363	1.08092
356.28469	1.07532
356.52575	1.06954
356.76681	1.06355
357.00787	1.05738
357.24893	1.05112
357.48999	1.04486
357.73104	1.03870
357.97210	1.03270
358.21316	1.02689
358.45422	1.02124
358.69528	1.01568
358.93634	1.01009
359.17740	1.00435
359.41845	0.99837
359.65951	0.99207
359.90057	0.98543
360.14163	0.97850
360.38269	0.97136
360.62375	0.96414
360.86481	0.95697
361.10586	0.94997
361.34692	0.94322
361.58798	0.93676
361.82904	0.93060
362.07010	0.92468
362.31116	0.91893
362.55222	0.91330
362.79328	0.90771
363.03433	0.90215
363.27539	0.89663
363.51645	0.89118
363.75751	0.88587
363.99857	0.88077
364.23963	0.87591
364.48069	0.87132
364.72174	0.86696
364.96280	0.86276
365.20386	0.85862
365.44492	0.85439
365.68598	0.84998
365.92704	0.84529
366.16810	0.84026
366.40916	0.83490
366.65021	0.82927
366.89127	0.82345
367.13233	0.81757
367.37339	0.81173
367.61445	0.80604
367.85551	0.80054
368.09657	0.79526
368.33762	0.79014
368.57868	0.78513
368.81974	0.78013
369.06080	0.77504
369.30186	0.76979
369.54292	0.76432
369.78398	0.75864
370.02504	0.75276
370.26609	0.74676
370.50715	0.74069
370.74821	0.73463
370.98927	0.72863
371.23033	0.72270
371.47139	0.71682
371.71245	0.71091
371.95350	0.70489
372.19456	0.69864
372.43562	0.69207
372.67668	0.68509
372.91774	0.67767
373.15880	0.66979
373.39986	0.66152
373.64091	0.65291
373.88197	0.64405
374.12303	0.63503
374.36409	0.62592
374.60515	0.61677
374.84621	0.60761
375.08727	0.59842
375.32833	0.58920
375.56938	0.57992
375.81044	0.57057
376.05150	0.56117
376.29256	0.55171
376.53362	0.54231
376.77468	0.53305
377.01574	0.52404
377.25679	0.51539
377.49785	0.50717
377.73891	0.49945
377.97997	0.49226
378.22103	0.48557
378.46209	0.47942
378.70315	0.47381
378.94421	0.46871
379.18526	0.46413
379.42632	0.46010
379.66738	0.45665
379.90844	0.45383
380.14950	0.45170
380.39056	0.45034
380.63162	0.44982
380.87267	0.45016
381.11373	0.45139
381.35479	0.45350
381.59585	0.45645
381.83691	0.46021
382.07797	0.46471
382.31903	0.46991
382.56009	0.47577
382.80114	0.48226
383.04220	0.48939
383.28326	0.49714
383.52432	0.50553
383.76538	0.51456
384.00644	0.52418
384.24750	0.53439
384.48855	0.54513
384.72961	0.55634
384.97067	0.56792
385.21173	0.57977
385.45279	0.59180
385.69385	0.60392
385.93491	0.61604
386.17596	0.62817
386.41702	0.64029
386.65808	0.65243
386.89914	0.66459
387.14020	0.67677
387.38126	0.68896
387.62232	0.70112
387.86338	0.71317
388.10443	0.72503
388.34549	0.73661
388.58655	0.74783
388.82761	0.75863
389.06867	0.76897
389.30973	0.77887
389.55079	0.78838
389.79184	0.79758
390.03290	0.80658
390.27396	0.81547
390.51502	0.82434
390.75608	0.83326
390.99714	0.84223
391.23820	0.85125
391.47926	0.86026
391.72031	0.86921
391.96137	0.87802
392.20243	0.88664
392.44349	0.89500
392.68455	0.90309
392.92561	0.91091
393.16667	0.91846
393.40772	0.92576
393.64878	0.93284
393.88984	0.93968
394.13090	0.94627
394.37196	0.95259
394.61302	0.95858
394.85408	0.96418
395.09514	0.96936
395.33619	0.97408
395.57725	0.97835
395.81831	0.98223
396.05937	0.98579
396.30043	0.98917
396.54149	0.99250
396.78255	0.99595
397.02360	0.99963
397.26466	1.00364
397.50572	1.00804
397.74678	1.01284
397.98784	1.01797
398.22890	1.02338
398.46996	1.02898
398.71102	1.03470
398.95207	1.04048
399.19313	1.04631
399.43419	1.05222
399.67525	1.05825
399.91631	1.06445
400.15737	1.07086
400.39843	1.07750
400.63948	1.08432
400.88054	1.09124
401.12160	1.09812
401.36266	1.10480
401.60372	1.11111
401.84478	1.11690
402.08584	1.12206
402.32689	1.12652
402.56795	1.13029
402.80901	1.13342
403.05007	1.13600
403.29113	1.13814
403.53219	1.13996
403.77325	1.14154
404.01431	1.14294
404.25536	1.14418
404.49642	1.14523
404.73748	1.14603
404.97854	1.14654
405.21960	1.14671
405.46066	1.14651
405.70172	1.14597
405.94277	1.14513
406.18383	1.14410
406.42489	1.14297
406.66595	1.14184
406.90701	1.14079
407.14807	1.13987
407.38913	1.13906
407.63019	1.13831
407.87124	1.13753
408.11230	1.13660
408.35336	1.13540
408.59442	1.13385
408.83548	1.13189
409.07654	1.12950
409.31760	1.12672
409.55865	1.12361
409.79971	1.12026
410.04077	1.11674
410.28183	1.11314
410.52289	1.10947
410.76395	1.10574
411.00501	1.10191
411.24607	1.09792
411.48712	1.09372
411.72818	1.08926
411.96924	1.08451
412.21030	1.07949
412.45136	1.07423
412.69242	1.06883
412.93348	1.06337
413.17453	1.05794
413.41559	1.05261
413.65665	1.04742
413.89771	1.04237
414.13877	1.03741
414.37983	1.03247
414.62089	1.02746
414.86194	1.02231
415.10300	1.01693
415.34406	1.01131
415.58512	1.00545
415.82618	0.99937
416.06724	0.99315
416.30830	0.98684
416.54936	0.98052
416.79041	0.97423
417.03147	0.96796
417.27253	0.96170
417.51359	0.95539
417.75465	0.94898
417.99571	0.94238
418.23677	0.93555
418.47782	0.92846
418.71888	0.92113
418.95994	0.91360
419.20100	0.90595
419.44206	0.89828
419.68312	0.89068
419.92418	0.88324
420.16524	0.87599
420.40629	0.86896
420.64735	0.86214
420.88841	0.85546
421.12947	0.84885
421.37053	0.84225
421.61159	0.83559
421.85265	0.82884
422.09370	0.82197
422.33476	0.81502
422.57582	0.80802
422.81688	0.80102
423.05794	0.79410
423.29900	0.78727
423.54006	0.78055
423.78112	0.77392
424.02217	0.76733
424.26323	0.76070
424.50429	0.75394
424.74535	0.74697
424.98641	0.73972
425.22747	0.73215
425.46853	0.72425
425.70958	0.71605
425.95064	0.70762
426.19170	0.69905
426.43276	0.69043
426.67382	0.68186
426.91488	0.67342
427.15594	0.66515
427.39699	0.65709
427.63805	0.64922
427.87911	0.64155
428.12017	0.63404
428.36123	0.62670
428.60229	0.61951
428.84335	0.61250
429.08441	0.60569
429.32546	0.59912
429.56652	0.59283
429.80758	0.58683
430.04864	0.58112
430.28970	0.57566
430.53076	0.57041
430.77182	0.56529
431.01287	0.56022
431.25393	0.55512
431.49499	0.54992
431.73605	0.54459
431.97711	0.53909
432.21817	0.53343
432.45923	0.52765
432.70029	0.52176
432.94134	0.51583
433.18240	0.50987
433.42346	0.50394
433.66452	0.49804
433.90558	0.49220
434.14664	0.48640
434.38770	0.48068
434.62875	0.47503
434.86981	0.46948
435.11087	0.46409
435.35193	0.45889
435.59299	0.45395
435.83405	0.44934
436.07511	0.44513
436.31617	0.44138
436.55722	0.43815
436.79828	0.43546
437.03934	0.43333
437.28040	0.43175
437.52146	0.43069
437.76252	0.43014
438.00358	0.43008
438.24463	0.43051
438.48569	0.43142
438.72675	0.43282
438.96781	0.43476
439.20887	0.43723
439.44993	0.44025
439.69099	0.44381
439.93204	0.44786
440.17310	0.45236
440.41416	0.45723
440.65522	0.46238
440.89628	0.46772
441.13734	0.47313
441.37840	0.47856
441.61946	0.48394
441.86051	0.48920
442.10157	0.49436
442.34263	0.49941
442.58369	0.50437
442.82475	0.50923
443.06581	0.51400
443.30687	0.51866
443.54792	0.52318
443.78898	0.52752
444.03004	0.53163
444.27110	0.53547
444.51216	0.53899
444.75322	0.54218
444.99428	0.54502
445.23534	0.54753
445.47639	0.54974
445.71745	0.55168
445.95851	0.55340
446.19957	0.55492
446.44063	0.55625
446.68169	0.55740
446.92275	0.55833
447.16380	0.55901
447.40486	0.55940
447.64592	0.55945
447.88698	0.55914
448.12804	0.55847
448.36910	0.55744
448.61016	0.55609
448.85122	0.55448
449.09227	0.55265
449.33333	0.55066
449.57439	0.54856
449.81545	0.54636
450.05651	0.54410
450.29757	0.54177
450.53863	0.53938
450.77968	0.53694
451.02074	0.53446
451.26180	0.53198
451.50286	0.52955
451.74392	0.52724
451.98498	0.52510
452.22604	0.52320
452.46710	0.52158
452.70815	0.52025
452.94921	0.51919
453.19027	0.51838
453.43133	0.51775
453.67239	0.51724
453.91345	0.51676
454.15451	0.51625
454.39556	0.51565
454.63662	0.51492
454.87768	0.51403
455.11874	0.51299
455.35980	0.51179
455.60086	0.51046
455.84192	0.50902
456.08297	0.50748
456.32403	0.50586
456.56509	0.50417
456.80615	0.50241
457.04721	0.50060
457.28827	0.49873
457.52933	0.49683
457.77039	0.49494
458.01144	0.49310
458.25250	0.49137
458.49356	0.48983
458.73462	0.48854
458.97568	0.48757
459.21674	0.48696
459.45780	0.48675
459.69885	0.48694
459.93991	0.48753
460.18097	0.48850
460.42203	0.48981
460.66309	0.49145
460.90415	0.49338
461.14521	0.49559
461.38627	0.49806
461.62732	0.50079
461.86838	0.50376
462.10944	0.50697
462.35050	0.51038
462.59156	0.51395
462.83262	0.51764
463.07368	0.52138
463.31473	0.52510
463.55579	0.52872
463.79685	0.53219
464.03791	0.53544
464.27897	0.53844
464.52003	0.54115
464.76109	0.54357
465.00215	0.54573
465.24320	0.54765
465.48426	0.54935
465.72532	0.55088
465.96638	0.55226
466.20744	0.55349
466.44850	0.55457
466.68956	0.55549
466.93061	0.55624
467.17167	0.55678
467.41273	0.55712
467.65379	0.55726
467.89485	0.55721
468.13591	0.55701
468.37697	0.55669
468.61802	0.55630
468.85908	0.55587
469.10014	0.55542
469.34120	0.55494
469.58226	0.55442
469.82332	0.55382
470.06438	0.55312
470.30544	0.55227
470.54649	0.55124
470.78755	0.55004
471.02861	0.54865
471.26967	0.54711
471.51073	0.54545
471.75179	0.54371
471.99285	0.54194
472.23390	0.54016
472.47496	0.53838
472.71602	0.53661
472.95708	0.53482
473.19814	0.53300
473.43920	0.53111
473.68026	0.52914
473.92132	0.52708
474.16237	0.52495
474.40343	0.52277
474.64449	0.52058
474.88555	0.51843
475.12661	0.51636
475.36767	0.51442
475.60873	0.51261
475.84978	0.51095
476.09084	0.50941
476.33190	0.50796
476.57296	0.50656
476.81402	0.50516
477.05508	0.50374
477.29614	0.50225
477.53720	0.50070
477.77825	0.49907
478.01931	0.49738
478.26037	0.49565
478.50143	0.49390
478.74249	0.49214
478.98355	0.49038
479.22461	0.48862
479.46566	0.48684
479.70672	0.48504
479.94778	0.48319
480.18884	0.48128
480.42990	0.47929
480.67096	0.47725
480.91202	0.47516
481.15307	0.47307
481.39413	0.47099
481.63519	0.46897
481.87625	0.46702
482.11731	0.46516
482.35837	0.46339
482.59943	0.46169
482.84049	0.46002
483.08154	0.45836
483.32260	0.45667
483.56366	0.45495
483.80472	0.45317
484.04578	0.45136
484.28684	0.44953
484.52790	0.44772
484.76895	0.44596
485.01001	0.44426
485.25107	0.44265
485.49213	0.44112
485.73319	0.43965
485.97425	0.43821
486.21531	0.43675
486.45637	0.43524
486.69742	0.43365
486.93848	0.43197
487.17954	0.43018
487.42060	0.42832
487.66166	0.42641
487.90272	0.42449
488.14378	0.42260
488.38483	0.42079
488.62589	0.41907
488.86695	0.41746
489.10801	0.41596
489.34907	0.41456
489.59013	0.41324
489.83119	0.41198
490.07225	0.41077
490.31330	0.40960
490.55436	0.40846
490.79542	0.40734
491.03648	0.40628
491.27754	0.40526
491.51860	0.40432
491.75966	0.40347
492.00071	0.40270
492.24177	0.40202
492.48283	0.40142
492.72389	0.40088
492.96495	0.40038
493.20601	0.39989
493.44707	0.39940
493.68812	0.39888
493.92918	0.39835
494.17024	0.39779
494.41130	0.39724
494.65236	0.39669
494.89342	0.39618
495.13448	0.39571
495.37554	0.39531
495.61659	0.39496
495.85765	0.39466
496.09871	0.39440
496.33977	0.39415
496.58083	0.39390
496.82189	0.39364
497.06295	0.39337
497.30400	0.39308
497.54506	0.39279
497.78612	0.39252
498.02718	0.39227
498.26824	0.39206
498.50930	0.39191
498.75036	0.39180
498.99142	0.39173
499.23247	0.39168
499.47353	0.39163
499.71459	0.39154
499.95565	0.39138
500.19671	0.39114
500.43777	0.39080
500.67883	0.39035
500.91988	0.38980
501.16094	0.38918
501.40200	0.38849
501.64306	0.38777
501.88412	0.38701
502.12518	0.38621
502.36624	0.38538
502.60730	0.38447
502.84835	0.38345
503.08941	0.38227
503.33047	0.38090
503.57153	0.37929
503.81259	0.37744
504.05365	0.37534
504.29471	0.37301
504.53576	0.37052
504.77682	0.36791
505.01788	0.36529
505.25894	0.36275
505.50000	0.36041
505.74106	0.35839
505.98212	0.35683
506.22318	0.35584
506.46423	0.35554
506.70529	0.35602
506.94635	0.35735
507.18741	0.35956
507.42847	0.36263
507.66953	0.36653
507.91059	0.37117
508.15164	0.37643
508.39270	0.38217
508.63376	0.38823
508.87482	0.39445
509.11588	0.40069
509.35694	0.40679
509.59800	0.41268
509.83905	0.41829
510.08011	0.42359
510.32117	0.42856
510.56223	0.43322
510.80329	0.43760
511.04435	0.44175
511.28541	0.44569
511.52647	0.44946
511.76752	0.45309
512.00858	0.45658
512.24964	0.45993
512.49070	0.46315
512.73176	0.46623
512.97282	0.46917
513.21388	0.47196
513.45493	0.47462
513.69599	0.47716
513.93705	0.47960
514.17811	0.48197
514.41917	0.48428
514.66023	0.48654
514.90129	0.48877
515.14235	0.49096
515.38340	0.49308
515.62446	0.49512
515.86552	0.49705
516.10658	0.49886
516.34764	0.50055
516.58870	0.50210
516.82976	0.50355
517.07081	0.50491
517.31187	0.50620
517.55293	0.50748
517.79399	0.50874
518.03505	0.51003
518.27611	0.51135
518.51717	0.51269
518.75823	0.51405
518.99928	0.51542
519.24034	0.51680
519.48140	0.51816
519.72246	0.51950
519.96352	0.52082
520.20458	0.52211
520.44564	0.52337
520.68669	0.52460
520.92775	0.52580
521.16881	0.52696
521.40987	0.52806
521.65093	0.52910
521.89199	0.53005
522.13305	0.53089
522.37410	0.53161
522.61516	0.53219
522.85622	0.53262
523.09728	0.53289
523.33834	0.53303
523.57940	0.53304
523.82046	0.53294
524.06152	0.53277
524.30257	0.53255
524.54363	0.53231
524.78469	0.53208
525.02575	0.53186
525.26681	0.53168
525.50787	0.53155
525.74893	0.53147
525.98998	0.53146
526.23104	0.53154
526.47210	0.53171
526.71316	0.53202
526.95422	0.53248
527.19528	0.53310
527.43634	0.53391
527.67740	0.53490
527.91845	0.53607
528.15951	0.53739
528.40057	0.53884
528.64163	0.54037
528.88269	0.54196
529.12375	0.54357
529.36481	0.54517
529.60586	0.54675
529.84692	0.54832
530.08798	0.54987
530.32904	0.55143
530.57010	0.55300
530.81116	0.55461
531.05222	0.55625
531.29328	0.55792
531.53433	0.55960
531.77539	0.56127
532.01645	0.56290
532.25751	0.56447
532.49857	0.56593
532.73963	0.56727
532.98069	0.56848
533.22174	0.56956
533.46280	0.57051
533.70386	0.57134
533.94492	0.57205
534.18598	0.57265
534.42704	0.57313
534.66810	0.57347
534.90915	0.57365
535.15021	0.57365
535.39127	0.57344
535.63233	0.57302
535.87339	0.57236
536.11445	0.57148
536.35551	0.57039
536.59657	0.56910
536.83762	0.56763
537.07868	0.56601
537.31974	0.56425
537.56080	0.56236
537.80186	0.56034
538.04292	0.55821
538.28398	0.55595
538.52503	0.55357
538.76609	0.55106
539.00715	0.54846
539.24821	0.54579
539.48927	0.54309
539.73033	0.54041
539.97139	0.53780
540.21245	0.53531
540.45350	0.53297
540.69456	0.53082
540.93562	0.52886
541.17668	0.52707
541.41774	0.52545
541.65880	0.52395
541.89986	0.52253
542.14091	0.52117
542.38197	0.51982
542.62303	0.51847
542.86409	0.51711
543.10515	0.51574
543.34621	0.51436
543.58727	0.51299
543.82833	0.51164
544.06938	0.51031
544.31044	0.50901
544.55150	0.50772
544.79256	0.50643
545.03362	0.50511
545.27468	0.50373
545.51574	0.50227
545.75679	0.50071
545.99785	0.49903
546.23891	0.49722
546.47997	0.49530
546.72103	0.49327
546.96209	0.49115
547.20315	0.48894
547.44421	0.48665
547.68526	0.48428
547.92632	0.48182
548.16738	0.47923
548.40844	0.47651
548.64950	0.47363
548.89056	0.47057
549.13162	0.46733
549.37267	0.46394
549.61373	0.46041
549.85479	0.45679
550.09585	0.45312
550.33691	0.44946
550.57797	0.44586
550.81903	0.44237
551.06008	0.43904
551.30114	0.43590
551.54220	0.43299
551.78326	0.43035
552.02432	0.42800
552.26538	0.42597
552.50644	0.42428
552.74750	0.42294
552.98855	0.42196
553.22961	0.42134
553.47067	0.42107
553.71173	0.42113
553.95279	0.42150
554.19385	0.42216
554.43491	0.42306
554.67596	0.42419
554.91702	0.42551
555.15808	0.42698
555.39914	0.42859
555.64020	0.43029
555.88126	0.43207
556.12232	0.43390
556.36338	0.43577
556.60443	0.43766
556.84549	0.43954
557.08655	0.44140
557.32761	0.44320
557.56867	0.44492
557.80973	0.44651
558.05079	0.44796
558.29184	0.44924
558.53290	0.45034
558.77396	0.45124
559.01502	0.45196
559.25608	0.45252
559.49714	0.45294
559.73820	0.45324
559.97926	0.45347
560.22031	0.45363
560.46137	0.45374
560.70243	0.45381
560.94349	0.45383
561.18455	0.45379
561.42561	0.45368
561.66667	0.45348
561.90772	0.45320
562.14878	0.45284
562.38984	0.45242
562.63090	0.45197
562.87196	0.45152
563.11302	0.45110
563.35408	0.45074
563.59513	0.45045
563.83619	0.45026
564.07725	0.45015
564.31831	0.45010
564.55937	0.45009
564.80043	0.45010
565.04149	0.45011
565.28255	0.45009
565.52360	0.45005
565.76466	0.44999
566.00572	0.44992
566.24678	0.44988
566.48784	0.44987
566.72890	0.44991
566.96996	0.45002
567.21101	0.45019
567.45207	0.45041
567.69313	0.45067
567.93419	0.45096
568.17525	0.45128
568.41631	0.45162
568.65737	0.45198
568.89843	0.45239
569.13948	0.45287
569.38054	0.45343
569.62160	0.45410
569.86266	0.45491
570.10372	0.45585
570.34478	0.45692
570.58584	0.45811
570.82689	0.45940
571.06795	0.46076
571.30901	0.46215
571.55007	0.46354
571.79113	0.46491
572.03219	0.46624
572.27325	0.46753
572.51431	0.46878
572.75536	0.47000
572.99642	0.47119
573.23748	0.47237
573.47854	0.47354
573.71960	0.47469
573.96066	0.47583
574.20172	0.47694
574.44277	0.47801
574.68383	0.47903
574.92489	0.48003
575.16595	0.48099
575.40701	0.48197
575.64807	0.48298
575.88913	0.48408
576.13018	0.48529
576.37124	0.48666
576.61230	0.48821
576.85336	0.48996
577.09442	0.49191
577.33548	0.49406
577.57654	0.49639
577.81760	0.49887
578.05865	0.50147
578.29971	0.50417
578.54077	0.50694
578.78183	0.50975
579.02289	0.51257
579.26395	0.51537
579.50501	0.51815
579.74606	0.52086
579.98712	0.52347
580.22818	0.52597
580.46924	0.52833
580.71030	0.53053
580.95136	0.53255
581.19242	0.53440
581.43348	0.53609
581.67453	0.53766
581.91559	0.53912
582.15665	0.54053
582.39771	0.54193
582.63877	0.54337
582.87983	0.54486
583.12089	0.54645
583.36194	0.54815
583.60300	0.54995
583.84406	0.55186
584.08512	0.55386
584.32618	0.55595
584.56724	0.55811
584.80830	0.56034
585.04936	0.56264
585.29041	0.56499
585.53147	0.56739
585.77253	0.56984
586.01359	0.57232
586.25465	0.57479
586.49571	0.57721
586.73677	0.57955
586.97782	0.58174
587.21888	0.58375
587.45994	0.58554
587.70100	0.58707
587.94206	0.58834
588.18312	0.58937
588.42418	0.59018
588.66523	0.59081
588.90629	0.59129
589.14735	0.59168
589.38841	0.59199
589.62947	0.59227
589.87053	0.59251
590.11159	0.59274
590.35265	0.59296
590.59370	0.59317
590.83476	0.59337
591.07582	0.59359
591.31688	0.59383
591.55794	0.59410
591.79900	0.59444
592.04006	0.59485
592.28111	0.59534
592.52217	0.59590
592.76323	0.59652
593.00429	0.59716
593.24535	0.59779
593.48641	0.59836
593.72747	0.59880
593.96853	0.59908
594.20958	0.59913
594.45064	0.59894
594.69170	0.59849
594.93276	0.59778
595.17382	0.59684
595.41488	0.59569
595.65594	0.59437
595.89699	0.59292
596.13805	0.59135
596.37911	0.58969
596.62017	0.58796
596.86123	0.58616
597.10229	0.58429
597.34335	0.58238
597.58441	0.58043
597.82546	0.57849
598.06652	0.57659
598.30758	0.57477
598.54864	0.57308
598.78970	0.57156
599.03076	0.57024
599.27182	0.56913
599.51287	0.56824
599.75393	0.56754
599.99499	0.56701
600.23605	0.56661
600.47711	0.56628
600.71817	0.56597
600.95923	0.56564
601.20029	0.56522
601.44134	0.56469
601.68240	0.56399
601.92346	0.56312
602.16452	0.56204
602.40558	0.56074
602.64664	0.55921
602.88770	0.55745
603.12875	0.55544
603.36981	0.55319
603.61087	0.55070
603.85193	0.54799
604.09299	0.54508
604.33405	0.54199
604.57511	0.53877
604.81616	0.53546
605.05722	0.53208
605.29828	0.52867
605.53934	0.52526
605.78040	0.52186
606.02146	0.51847
606.26252	0.51509
606.50358	0.51171
606.74463	0.50830
606.98569	0.50486
607.22675	0.50136
607.46781	0.49780
607.70887	0.49415
607.94993	0.49041
608.19099	0.48657
608.43204	0.48262
608.67310	0.47854
608.91416	0.47432
609.15522	0.46994
609.39628	0.46537
609.63734	0.46060
609.87840	0.45562
610.11946	0.45041
610.36051	0.44497
610.60157	0.43932
610.84263	0.43348
611.08369	0.42748
611.32475	0.42136
611.56581	0.41517
611.80687	0.40896
612.04792	0.40279
612.28898	0.39672
612.53004	0.39081
612.77110	0.38512
613.01216	0.37971
613.25322	0.37463
613.49428	0.36994
613.73534	0.36568
613.97639	0.36189
614.21745	0.35858
614.45851	0.35577
614.69957	0.35346
614.94063	0.35161
615.18169	0.35019
615.42275	0.34916
615.66380	0.34845
615.90486	0.34800
616.14592	0.34775
616.38698	0.34764
616.62804	0.34759
616.86910	0.34756
617.11016	0.34750
617.35121	0.34739
617.59227	0.34720
617.83333	0.34692
618.07439	0.34655
618.31545	0.34607
618.55651	0.34550
618.79757	0.34485
619.03863	0.34411
619.27968	0.34330
619.52074	0.34243
619.76180	0.34150
620.00286	0.34053
620.24392	0.33953
620.48498	0.33851
620.72604	0.33749
620.96709	0.33648
621.20815	0.33548
621.44921	0.33449
621.69027	0.33350
621.93133	0.33251
622.17239	0.33149
622.41345	0.33042
622.65451	0.32927
622.89556	0.32803
623.13662	0.32665
623.37768	0.32514
623.61874	0.32347
623.85980	0.32164
624.10086	0.31966
624.34192	0.31754
624.58297	0.31529
624.82403	0.31294
625.06509	0.31051
625.30615	0.30802
625.54721	0.30550
625.78827	0.30296
626.02933	0.30042
626.27039	0.29789
626.51144	0.29540
626.75250	0.29295
626.99356	0.29054
627.23462	0.28817
627.47568	0.28585
627.71674	0.28355
627.95780	0.28124
628.19885	0.27891
628.43991	0.27651
628.68097	0.27400
628.92203	0.27137
629.16309	0.26858
629.40415	0.26565
629.64521	0.26258
629.88626	0.25942
630.12732	0.25622
630.36838	0.25307
630.60944	0.25003
630.85050	0.24720
631.09156	0.24464
631.33262	0.24242
631.57368	0.24058
631.81473	0.23913
632.05579	0.23806
632.29685	0.23734
632.53791	0.23693
632.77897	0.23676
633.02003	0.23678
633.26109	0.23691
633.50214	0.23709
633.74320	0.23727
633.98426	0.23740
634.22532	0.23746
634.46638	0.23741
634.70744	0.23724
634.94850	0.23695
635.18956	0.23655
635.43061	0.23607
635.67167	0.23550
635.91273	0.23488
636.15379	0.23423
636.39485	0.23357
636.63591	0.23292
636.87697	0.23229
637.11802	0.23168
637.35908	0.23111
637.60014	0.23055
637.84120	0.22999
638.08226	0.22942
638.32332	0.22882
638.56438	0.22817
638.80544	0.22744
639.04649	0.22663
639.28755	0.22572
639.52861	0.22473
639.76967	0.22364
640.01073	0.22248
640.25179	0.22125
640.49285	0.21996
640.73390	0.21862
640.97496	0.21722
641.21602	0.21578
641.45708	0.21429
641.69814	0.21276
641.93920	0.21118
642.18026	0.20956
642.42132	0.20792
642.66237	0.20627
642.90343	0.20463
643.14449	0.20304
643.38555	0.20151
643.62661	0.20008
643.86767	0.19877
644.10873	0.19761
644.34978	0.19659
644.59084	0.19572
644.83190	0.19500
645.07296	0.19441
645.31402	0.19395
645.55508	0.19357
645.79614	0.19327
646.03719	0.19301
646.27825	0.19277
646.51931	0.19252
646.76037	0.19225
647.00143	0.19194
647.24249	0.19158
647.48355	0.19116
647.72461	0.19067
647.96566	0.19012
648.20672	0.18949
648.44778	0.18879
648.68884	0.18801
648.92990	0.18717
649.17096	0.18627
649.41202	0.18533
649.65307	0.18433
649.89413	0.18331
650.13519	0.18226
650.37625	0.18118
650.61731	0.18009
650.85837	0.17898
651.09943	0.17784
651.34049	0.17668
651.58154	0.17550
651.82260	0.17430
652.06366	0.17307
652.30472	0.17183
652.54578	0.17057
652.78684	0.16930
653.02790	0.16801
653.26895	0.16669
653.51001	0.16535
653.75107	0.16396
653.99213	0.16251
654.23319	0.16098
654.47425	0.15936
654.71531	0.15764
654.95637	0.15580
655.19742	0.15385
655.43848	0.15176
655.67954	0.14956
655.92060	0.14723
656.16166	0.14478
656.40272	0.14221
656.64378	0.13953
656.88483	0.13675
657.12589	0.13387
657.36695	0.13092
657.60801	0.12792
657.84907	0.12490
658.09013	0.12191
658.33119	0.11899
658.57224	0.11620
658.81330	0.11359
659.05436	0.11123
659.29542	0.10915
659.53648	0.10739
659.77754	0.10597
660.01860	0.10490
660.25966	0.10415
660.50071	0.10369
660.74177	0.10346
660.98283	0.10342
661.22389	0.10349
661.46495	0.10363
661.70601	0.10378
661.94707	0.10389
662.18812	0.10393
662.42918	0.10389
662.67024	0.10376
662.91130	0.10351
663.15236	0.10316
663.39342	0.10270
663.63448	0.10214
663.87554	0.10147
664.11659	0.10071
664.35765	0.09985
664.59871	0.09891
664.83977	0.09790
665.08083	0.09682
665.32189	0.09570
665.56295	0.09454
665.80400	0.09335
666.04506	0.09215
666.28612	0.09093
666.52718	0.08970
666.76824	0.08845
667.00930	0.08719
667.25036	0.08591
667.49142	0.08462
667.73247	0.08332
667.97353	0.08199
668.21459	0.08066
668.45565	0.07932
668.69671	0.07798
668.93777	0.07663
669.17883	0.07529
669.41988	0.07394
669.66094	0.07260
669.90200	0.07127
670.14306	0.06995
670.38412	0.06863
670.62518	0.06734
670.86624	0.06607
671.10729	0.06482
671.34835	0.06361
671.58941	0.06243
671.83047	0.06128
672.07153	0.06016
672.31259	0.05906
672.55365	0.05799
672.79471	0.05694
673.03576	0.05591
673.27682	0.05488
673.51788	0.05386
673.75894	0.05285
674.00000	0.05184
674.24106	0.05084
674.48212	0.04983
674.72317	0.04883
674.96423	0.04783
675.20529	0.04683
675.44635	0.04583
675.68741	0.04484
675.92847	0.04385
676.16953	0.04286
676.41059	0.04189
676.65164	0.04092
676.89270	0.03996
677.13376	0.03901
677.37482	0.03807
677.61588	0.03713
677.85694	0.03620
678.09800	0.03528
678.33905	0.03437
678.58011	0.03348
678.82117	0.03260
679.06223	0.03174
679.30329	0.03090
679.54435	0.03009
679.78541	0.02932
680.02647	0.02857
680.26752	0.02786
680.50858	0.02719
680.74964	0.02654
680.99070	0.02591
681.23176	0.02530
681.47282	0.02471
681.71388	0.02413
681.95493	0.02355
682.19599	0.02299
682.43705	0.02243
682.67811	0.02188
682.91917	0.02134
683.16023	0.02082
683.40129	0.02031
683.64234	0.01982
683.88340	0.01935
684.12446	0.01890
684.36552	0.01846
684.60658	0.01803
684.84764	0.01762
685.08870	0.01721
685.32976	0.01681
685.57081	0.01643
685.81187	0.01606
686.05293	0.01570
686.29399	0.01536
686.53505	0.01504
686.77611	0.01475
687.01717	0.01447
687.25822	0.01421
687.49928	0.01396
687.74034	0.01373
687.98140	0.01351
688.22246	0.01330
688.46352	0.01309
688.70458	0.01289
688.94564	0.01270
689.18669	0.01251
689.42775	0.01233
689.66881	0.01214
689.90987	0.01196
690.15093	0.01178
690.39199	0.01160
690.63305	0.01142
690.87410	0.01123
691.11516	0.01105
691.35622	0.01087
691.59728	0.01070
691.83834	0.01053
692.07940	0.01037
692.32046	0.01021
692.56152	0.01007
692.80257	0.00994
693.04363	0.00981
693.28469	0.00969
693.52575	0.00958
693.76681	0.00946
694.00787	0.00935
694.24893	0.00922
694.48998	0.00908
694.73104	0.00894
694.97210	0.00878
695.21316	0.00860
695.45422	0.00841
695.69528	0.00822
695.93634	0.00801
696.17740	0.00780
696.41845	0.00758
696.65951	0.00736
696.90057	0.00714
697.14163	0.00692
697.38269	0.00670
697.62375	0.00647
697.86481	0.00625
698.10586	0.00603
698.34692	0.00581
698.58798	0.00559
698.82904	0.00538
699.07010	0.00518
699.31116	0.00499
699.55222	0.00481
699.79327	0.00464
700.03433	0.00448
700.27539	0.00433
700.51645	0.00420
700.75751	0.00407
700.99857	0.00397
701.23963	0.00387
701.48069	0.00379
701.72174	0.00373
701.96280	0.00367
702.20386	0.00362
702.44492	0.00358
702.68598	0.00353
702.92704	0.00348
703.16810	0.00343
703.40915	0.00338
703.65021	0.00332
703.89127	0.00327
704.13233	0.00321
704.37339	0.00316
704.61445	0.00311
704.85551	0.00307
705.09657	0.00302
705.33762	0.00298
705.57868	0.00294
705.81974	0.00290
706.06080	0.00287
706.30186	0.00284
706.54292	0.00282
706.78398	0.00281
707.02503	0.00281
707.26609	0.00282
707.50715	0.00284
707.74821	0.00286
707.98927	0.00289
708.23033	0.00292
708.47139	0.00295
708.71245	0.00298
708.95350	0.00301
709.19456	0.00303
709.43562	0.00305
709.67668	0.00307
709.91774	0.00309
710.15880	0.00309
710.39986	0.00309
710.64091	0.00309
710.88197	0.00307
711.12303	0.00304
711.36409	0.00301
711.60515	0.00297
711.84621	0.00293
712.08727	0.00289
712.32832	0.00286
712.56938	0.00283
712.81044	0.00282
713.05150	0.00282
713.29256	0.00282
713.53362	0.00284
713.77468	0.00286
714.01574	0.00288
714.25679	0.00290
714.49785	0.00292
714.73891	0.00294
714.97997	0.00295
715.22103	0.00295
715.46209	0.00294
715.70315	0.00293
715.94420	0.00291
716.18526	0.00289
716.42632	0.00287
716.66738	0.00284
716.90844	0.00282
717.14950	0.00279
717.39056	0.00278
717.63162	0.00277
717.87267	0.00276
718.11373	0.00276
718.35479	0.00277
718.59585	0.00278
718.83691	0.00279
719.07797	0.00281
719.31903	0.00283
719.56008	0.00285
719.80114	0.00287
720.04220	0.00288
720.28326	0.00289
720.52432	0.00289
720.76538	0.00288
721.00644	0.00287
721.24750	0.00286
721.48855	0.00284
721.72961	0.00283
721.97067	0.00281
722.21173	0.00280
722.45279	0.00279
722.69385	0.00277
722.93491	0.00276
723.17596	0.00275
723.41702	0.00273
723.65808	0.00272
723.89914	0.00270
724.14020	0.00268
724.38126	0.00267
724.62232	0.00266
724.86337	0.00266
725.10443	0.00266
725.34549	0.00267
725.58655	0.00268
725.82761	0.00269
726.06867	0.00270
726.30973	0.00272
726.55079	0.00273
726.79184	0.00274
727.03290	0.00274
727.27396	0.00275
727.51502	0.00275
727.75608	0.00274
727.99714	0.00273
728.23820	0.00271
728.47925	0.00269
728.72031	0.00267
728.96137	0.00264
729.20243	0.00262
729.44349	0.00260
729.68455	0.00258
729.92561	0.00257
730.16667	0.00257
730.40772	0.00258
730.64878	0.00260
730.88984	0.00262
731.13090	0.00263
731.37196	0.00265
731.61302	0.00266
731.85408	0.00266
732.09513	0.00266
732.33619	0.00264
732.57725	0.00262
732.81831	0.00259
733.05937	0.00256
733.30043	0.00253
733.54149	0.00251
733.78255	0.00249
734.02360	0.00247
734.26466	0.00246
734.50572	0.00246
734.74678	0.00246
734.98784	0.00247
735.22890	0.00248
735.46996	0.00250
735.71101	0.00253
735.95207	0.00255
736.19313	0.00258
736.43419	0.00260
736.67525	0.00262
736.91631	0.00263
737.15737	0.00263
737.39842	0.00262
737.63948	0.00261
737.88054	0.00259
738.12160	0.00257
738.36266	0.00255
738.60372	0.00253
738.84478	0.00250
739.08584	0.00248
739.32689	0.00245
739.56795	0.00243
739.80901	0.00240
740.05007	0.00237
740.29113	0.00233
740.53219	0.00231
740.77325	0.00228
741.01430	0.00226
741.25536	0.00225
741.49642	0.00225
741.73748	0.00226
741.97854	0.00228
742.21960	0.00231
742.46066	0.00234
742.70172	0.00238
742.94277	0.00241
743.18383	0.00243
743.42489	0.00245
743.66595	0.00246
743.90701	0.00245
744.14807	0.00244
744.38913	0.00243
744.63018	0.00240
744.87124	0.00238
745.11230	0.00236
745.35336	0.00235
745.59442	0.00234
745.83548	0.00235
746.07654	0.00236
746.31760	0.00239
746.55865	0.00242
746.79971	0.00246
747.04077	0.00251
747.28183	0.00255
747.52289	0.00260
747.76395	0.00264
748.00501	0.00267
748.24606	0.00270
748.48712	0.00271
748.72818	0.00272
748.96924	0.00272
749.21030	0.00272
749.45136	0.00271
749.69242	0.00270
749.93348	0.00270
750.17453	0.00270
750.41559	0.00272
750.65665	0.00275
750.89771	0.00279
751.13877	0.00285
751.37983	0.00293
751.62089	0.00301
751.86194	0.00311
752.10300	0.00321
752.34406	0.00332
752.58512	0.00342
752.82618	0.00353
753.06724	0.00364
753.30830	0.00374
753.54935	0.00385
753.79041	0.00395
754.03147	0.00406
754.27253	0.00416
754.51359	0.00425
754.75465	0.00435
754.99571	0.00443
755.23677	0.00452
755.47782	0.00461
755.71888	0.00469
755.95994	0.00478
756.20100	0.00488
756.44206	0.00498
756.68312	0.00508
756.92418	0.00519
757.16523	0.00530
757.40629	0.00541
757.64735	0.00551
757.88841	0.00562
758.12947	0.00572
758.37053	0.00583
758.61159	0.00594
758.85265	0.00605
759.09370	0.00617
759.33476	0.00630
759.57582	0.00642
759.81688	0.00655
760.05794	0.00667
760.29900	0.00678
760.54006	0.00688
760.78111	0.00697
761.02217	0.00706
761.26323	0.00713
761.50429	0.00720
761.74535	0.00726
761.98641	0.00733
762.22747	0.00740
762.46853	0.00748
762.70958	0.00757
762.95064	0.00766
763.19170	0.00775
763.43276	0.00783
763.67382	0.00792
763.91488	0.00800
764.15594	0.00807
764.39699	0.00814
764.63805	0.00820
764.87911	0.00826
765.12017	0.00831
765.36123	0.00836
765.60229	0.00840
765.84335	0.00845
766.08440	0.00849
766.32546	0.00852
766.56652	0.00855
766.80758	0.00858
767.04864	0.00861
767.28970	0.00863
767.53076	0.00866
767.77182	0.00869
768.01287	0.00872
768.25393	0.00876
768.49499	0.00881
768.73605	0.00885
768.97711	0.00891
769.21817	0.00896
769.45923	0.00902
769.70028	0.00908
769.94134	0.00914
770.18240	0.00920
770.42346	0.00926
770.66452	0.00933
770.90558	0.00940
771.14664	0.00948
771.38770	0.00956
771.62875	0.00965
771.86981	0.00974
772.11087	0.00983
772.35193	0.00993
772.59299	0.01003
772.83405	0.01014
773.07511	0.01025
773.31616	0.01036
773.55722	0.01048
773.79828	0.01060
774.03934	0.01072
774.28040	0.01085
774.52146	0.01099
774.76252	0.01114
775.00358	0.01131
775.24463	0.01148
775.48569	0.01167
775.72675	0.01187
775.96781	0.01208
776.20887	0.01229
776.44993	0.01249
776.69099	0.01269
776.93204	0.01288
777.17310	0.01306
777.41416	0.01322
777.65522	0.01338
777.89628	0.01352
778.13734	0.01366
778.37840	0.01379
778.61945	0.01393
778.86051	0.01406
779.10157	0.01419
779.34263	0.01432
779.58369	0.01445
779.82475	0.01458
780.06581	0.01470
780.30687	0.01481
780.54792	0.01491
780.78898	0.01500
781.03004	0.01508
781.27110	0.01515
781.51216	0.01521
781.75322	0.01526
781.99428	0.01531
782.23533	0.01535
782.47639	0.01539
782.71745	0.01542
782.95851	0.01546
783.19957	0.01551
783.44063	0.01555
783.68169	0.01560
783.92275	0.01566
784.16380	0.01572
784.40486	0.01577
784.64592	0.01583
784.88698	0.01587
785.12804	0.01591
785.36910	0.01593
785.61016	0.01593
785.85121	0.01591
786.09227	0.01586
786.33333	0.01579
786.57439	0.01571
786.81545	0.01560
787.05651	0.01548
787.29757	0.01535
787.53863	0.01521
787.77968	0.01506
788.02074	0.01491
788.26180	0.01476
788.50286	0.01460
788.74392	0.01444
788.98498	0.01428
789.22604	0.01411
789.46709	0.01395
789.70815	0.01379
789.94921	0.01363
790.19027	0.01347
790.43133	0.01331
790.67239	0.01316
790.91345	0.01299
791.15451	0.01283
791.39556	0.01266
791.63662	0.01249
791.87768	0.01231
792.11874	0.01213
792.35980	0.01196
792.60086	0.01180
792.84192	0.01165
793.08297	0.01151
793.32403	0.01140
793.56509	0.01130
793.80615	0.01121
794.04721	0.01115
794.28827	0.01109
794.52933	0.01105
794.77038	0.01101
795.01144	0.01099
795.25250	0.01096
795.49356	0.01095
795.73462	0.01094
795.97568	0.01093
796.21674	0.01093
796.45780	0.01093
796.69885	0.01093
796.93991	0.01093
797.18097	0.01093
797.42203	0.01093
797.66309	0.01092
797.90415	0.01091
798.14521	0.01089
798.38626	0.01088
798.62732	0.01086
798.86838	0.01084
799.10944	0.01083
799.35050	0.01081
799.59156	0.01080
799.83262	0.01078
800.07368	0.01075
800.31473	0.01072
800.55579	0.01068
800.79685	0.01063
801.03791	0.01057
801.27897	0.01050
801.52003	0.01042
801.76109	0.01034
802.00214	0.01025
802.24320	0.01017
802.48426	0.01010
802.72532	0.01003
802.96638	0.00996
803.20744	0.00990
803.44850	0.00985
803.68956	0.00980
803.93061	0.00975
804.17167	0.00969
804.41273	0.00962
804.65379	0.00953
804.89485	0.00944
805.13591	0.00932
805.37697	0.00919
805.61802	0.00905
805.85908	0.00890
806.10014	0.00874
806.34120	0.00858
806.58226	0.00843
806.82332	0.00828
807.06438	0.00815
807.30543	0.00804
807.54649	0.00795
807.78755	0.00789
808.02861	0.00785
808.26967	0.00784
808.51073	0.00785
808.75179	0.00788
808.99285	0.00792
809.23390	0.00797
809.47496	0.00803
809.71602	0.00810
809.95708	0.00817
810.19814	0.00825
810.43920	0.00835
810.68026	0.00846
810.92131	0.00859
811.16237	0.00873
811.40343	0.00889
811.64449	0.00907
811.88555	0.00926
812.12661	0.00945
812.36767	0.00965
812.60873	0.00984
812.84978	0.01002
813.09084	0.01020
813.33190	0.01035
813.57296	0.01049
813.81402	0.01061
814.05508	0.01072
814.29614	0.01081
814.53719	0.01089
814.77825	0.01095
815.01931	0.01100
815.26037	0.01105
815.50143	0.01109
815.74249	0.01112
815.98355	0.01114
816.22461	0.01116
816.46566	0.01118
816.70672	0.01119
816.94778	0.01120
817.18884	0.01120
817.42990	0.01121
817.67096	0.01122
817.91202	0.01123
818.15307	0.01125
818.39413	0.01128
818.63519	0.01131
818.87625	0.01134
819.11731	0.01138
819.35837	0.01141
819.59943	0.01144
819.84048	0.01145
820.08154	0.01145
820.32260	0.01144
820.56366	0.01141
820.80472	0.01136
821.04578	0.01131
821.28684	0.01125
821.52790	0.01119
821.76895	0.01114
822.01001	0.01109
822.25107	0.01106
822.49213	0.01103
822.73319	0.01101
822.97425	0.01100
823.21531	0.01100
823.45636	0.01099
823.69742	0.01098
823.93848	0.01096
824.17954	0.01094
824.42060	0.01091
824.66166	0.01087
824.90272	0.01083
825.14378	0.01079
825.38483	0.01075
825.62589	0.01070
825.86695	0.01066
826.10801	0.01061
826.34907	0.01057
826.59013	0.01052
826.83119	0.01047
827.07224	0.01041
827.31330	0.01035
827.55436	0.01027
827.79542	0.01019
828.03648	0.01009
828.27754	0.00998
828.51860	0.00987
828.75966	0.00975
829.00071	0.00963
829.24177	0.00952
829.48283	0.00941
829.72389	0.00931
829.96495	0.00921
830.20601	0.00912
830.44707	0.00904
830.68812	0.00896
830.92918	0.00888
831.17024	0.00880
831.41130	0.00871
831.65236	0.00862
831.89342	0.00853
832.13448	0.00843
832.37553	0.00833
832.61659	0.00822
832.85765	0.00810
833.09871	0.00798
833.33977	0.00785
833.58083	0.00771
833.82189	0.00756
834.06295	0.00739
834.30400	0.00721
834.54506	0.00702
834.78612	0.00680
835.02718	0.00656
835.26824	0.00630
835.50930	0.00603
835.75036	0.00574
835.99141	0.00544
836.23247	0.00513
836.47353	0.00483
836.71459	0.00452
836.95565	0.00423
837.19671	0.00394
837.43777	0.00367
837.67883	0.00342
837.91988	0.00318
838.16094	0.00296
838.40200	0.00275
838.64306	0.00257
838.88412	0.00240
839.12518	0.00225
839.36624	0.00212
839.60729	0.00201
839.84835	0.00192
840.08941	0.00184
840.33047	0.00178
840.57153	0.00174
840.81259	0.00172
841.05365	0.00171
841.29471	0.00171
841.53576	0.00173
841.77682	0.00176
842.01788	0.00181
842.25894	0.00187
842.50000	0.00194
842.74106	0.00201
842.98212	0.00210
843.22317	0.00219
843.46423	0.00229
843.70529	0.00238
843.94635	0.00248
844.18741	0.00257
844.42847	0.00266
844.66953	0.00275
844.91059	0.00283
845.15164	0.00290
845.39270	0.00297
845.63376	0.00303
845.87482	0.00308
846.11588	0.00313
846.35694	0.00316
846.59800	0.00320
846.83905	0.00323
847.08011	0.00326
847.32117	0.00330
847.56223	0.00333
847.80329	0.00336
848.04435	0.00339
848.28541	0.00341
848.52646	0.00343
848.76752	0.00344
849.00858	0.00345
849.24964	0.00345
849.49070	0.00345
849.73176	0.00346
849.97282	0.00348
850.21388	0.00350
850.45493	0.00354
850.69599	0.00359
850.93705	0.00365
851.17811	0.00371
851.41917	0.00378
851.66023	0.00385
851.90129	0.00392
852.14234	0.00398
852.38340	0.00404
852.62446	0.00409
852.86552	0.00413
853.10658	0.00417
853.34764	0.00422
853.58870	0.00426
853.82976	0.00431
854.07081	0.00436
854.31187	0.00441
854.55293	0.00447
854.79399	0.00453
855.03505	0.00459
855.27611	0.00466
855.51717	0.00472
855.75822	0.00477
855.99928	0.00483
856.24034	0.00487
856.48140	0.00491
856.72246	0.00494
856.96352	0.00497
857.20458	0.00499
857.44564	0.00501
857.68669	0.00502
857.92775	0.00503
858.16881	0.00504
858.40987	0.00505
858.65093	0.00505
858.89199	0.00505
859.13305	0.00505
859.37410	0.00505
859.61516	0.00505
859.85622	0.00505
860.09728	0.00506
860.33834	0.00507
860.57940	0.00507
860.82046	0.00508
861.06151	0.00507
861.30257	0.00506
861.54363	0.00504
861.78469	0.00500
862.02575	0.00496
862.26681	0.00491
862.50787	0.00487
862.74893	0.00482
862.98998	0.00478
863.23104	0.00474
863.47210	0.00470
863.71316	0.00466
863.95422	0.00462
864.19528	0.00458
864.43634	0.00453
864.67739	0.00447
864.91845	0.00442
865.15951	0.00436
865.40057	0.00431
865.64163	0.00425
865.88269	0.00420
866.12375	0.00415
866.36481	0.00410
866.60586	0.00405
866.84692	0.00399
867.08798	0.00392
867.32904	0.00385
867.57010	0.00377
867.81116	0.00368
868.05222	0.00359
868.29327	0.00350
868.53433	0.00341
868.77539	0.00333
869.01645	0.00326
869.25751	0.00320
869.49857	0.00314
869.73963	0.00310
869.98069	0.00306
870.22174	0.00304
870.46280	0.00302
870.70386	0.00300
870.94492	0.00300
871.18598	0.00300
871.42704	0.00301
871.66810	0.00303
871.90915	0.00306
872.15021	0.00311
872.39127	0.00316
872.63233	0.00323
872.87339	0.00331
873.11445	0.00340
873.35551	0.00349
873.59656	0.00358
873.83762	0.00366
874.07868	0.00374
874.31974	0.00380
874.56080	0.00386
874.80186	0.00389
875.04292	0.00392
875.28398	0.00393
875.52503	0.00393
875.76609	0.00393
876.00715	0.00392
876.24821	0.00391
876.48927	0.00389
876.73033	0.00387
876.97139	0.00385
877.21244	0.00383
877.45350	0.00380
877.69456	0.00378
877.93562	0.00375
878.17668	0.00372
878.41774	0.00368
878.65880	0.00365
878.89986	0.00362
879.14091	0.00358
879.38197	0.00355
879.62303	0.00350
879.86409	0.00345
880.10515	0.00339
880.34621	0.00333
880.58727	0.00326
880.82832	0.00319
881.06938	0.00311
881.31044	0.00303
881.55150	0.00296
881.79256	0.00289
882.03362	0.00283
882.27468	0.00277
882.51574	0.00272
882.75679	0.00267
882.99785	0.00263
883.23891	0.00259
883.47997	0.00254
883.72103	0.00249
883.96209	0.00243
884.20315	0.00237
884.44420	0.00231
884.68526	0.00225
884.92632	0.00219
885.16738	0.00213
885.40844	0.00207
885.64950	0.00202
885.89056	0.00198
886.13161	0.00194
886.37267	0.00190
886.61373	0.00186
886.85479	0.00182
887.09585	0.00178
887.33691	0.00173
887.57797	0.00169
887.81903	0.00164
888.06008	0.00160
888.30114	0.00156
888.54220	0.00152
888.78326	0.00148
889.02432	0.00145
889.26538	0.00143
889.50644	0.00141
889.74749	0.00140
889.98855	0.00139
890.22961	0.00138
890.47067	0.00137
890.71173	0.00137
890.95279	0.00137
891.19385	0.00136
891.43491	0.00135
891.67596	0.00134
891.91702	0.00131
892.15808	0.00128
892.39914	0.00124
892.64020	0.00120
892.88126	0.00114
893.12232	0.00108
893.36337	0.00102
893.60443	0.00097
893.84549	0.00092
894.08655	0.00089
894.32761	0.00086
894.56867	0.00084
894.80973	0.00084
895.05079	0.00083
895.29184	0.00083
895.53290	0.00081
895.77396	0.00078
896.01502	0.00075
896.25608	0.00070
896.49714	0.00066
896.73820	0.00062
896.97925	0.00060
897.22031	0.00059
897.46137	0.00059
897.70243	0.00061
897.94349	0.00064
898.18455	0.00067
898.42561	0.00071
898.66667	0.00076
898.90772	0.00079
899.14878	0.00082
899.38984	0.00085
899.63090	0.00087
