0.00000	0.00684
0.24106	0.00709
0.48212	0.00780
0.72318	0.00890
0.96423	0.01030
1.20529	0.01186
1.44635	0.01346
1.68741	0.01497
1.92847	0.01631
2.16953	0.01740
2.41059	0.01824
2.65165	0.01885
2.89270	0.01925
3.13376	0.01950
3.37482	0.01964
3.61588	0.01972
3.85694	0.01977
4.09800	0.01981
4.33906	0.01987
4.58011	0.01994
4.82117	0.02002
5.06223	0.02009
5.30329	0.02014
5.54435	0.02016
5.78541	0.02013
6.02647	0.02003
6.26753	0.01987
6.50858	0.01965
6.74964	0.01939
6.99070	0.01912
7.23176	0.01886
7.47282	0.01864
7.71388	0.01847
7.95494	0.01837
8.19599	0.01833
8.43705	0.01833
8.67811	0.01835
8.91917	0.01837
9.16023	0.01838
9.40129	0.01834
9.64235	0.01828
9.88340	0.01819
10.12446	0.01810
10.36552	0.01803
10.60658	0.01802
10.84764	0.01806
11.08870	0.01818
11.32976	0.01838
11.57082	0.01862
11.81187	0.01889
12.05293	0.01914
12.29399	0.01933
12.53505	0.01941
12.77611	0.01937
13.01717	0.01919
13.25823	0.01887
13.49928	0.01844
13.74034	0.01795
13.98140	0.01743
14.22246	0.01695
14.46352	0.01653
14.70458	0.01620
14.94564	0.01596
15.18670	0.01579
15.42775	0.01566
15.66881	0.01554
15.90987	0.01539
16.15093	0.01521
16.39199	0.01496
16.63305	0.01464
16.87411	0.01425
17.11516	0.01374
17.35622	0.01309
17.59728	0.01217
17.83834	0.01106
18.07940	0.00980
18.32046	0.00843
18.56152	0.00701
18.80258	0.00559
19.04363	0.00425
19.28469	0.00304
19.52575	0.00205
19.76681	0.00144
20.00787	0.00134
20.24893	0.00181
20.48999	0.00280
20.73104	0.00416
20.97210	0.00568
21.21316	0.00710
21.45422	0.00823
21.69528	0.00962
21.93634	0.01123
22.17740	0.01299
22.41845	0.01483
22.65951	0.01665
22.90057	0.01839
23.14163	0.02002
23.38269	0.02154
23.62375	0.02296
23.86481	0.02434
24.10587	0.02573
24.34692	0.02717
24.58798	0.02869
24.82904	0.03030
25.07010	0.03199
25.31116	0.03372
25.55222	0.03546
25.79328	0.03716
26.03433	0.03880
26.27539	0.04034
26.51645	0.04178
26.75751	0.04316
26.99857	0.04451
27.23963	0.04590
27.48069	0.04742
27.72175	0.04918
27.96280	0.05126
28.20386	0.05375
28.44492	0.05669
28.68598	0.06008
28.92704	0.06388
29.16810	0.06803
29.40916	0.07242
29.65021	0.07693
29.89127	0.08148
30.13233	0.08601
30.37339	0.09049
30.61445	0.09492
30.85551	0.09932
31.09657	0.10369
31.33763	0.10802
31.57868	0.11226
31.81974	0.11630
32.06080	0.12004
32.30186	0.12335
32.54292	0.12614
32.78398	0.12838
33.02504	0.13013
33.26609	0.13153
33.50715	0.13280
33.74821	0.13420
33.98927	0.13603
34.23033	0.13853
34.47139	0.14189
34.71245	0.14619
34.95350	0.15144
35.19456	0.15755
35.43562	0.16439
35.67668	0.17185
35.91774	0.17986
36.15880	0.18844
36.39986	0.19773
36.64092	0.20795
36.88197	0.21937
37.12303	0.23221
37.36409	0.24661
37.60515	0.26251
37.84621	0.27962
38.08727	0.29739
38.32833	0.31507
38.56938	0.33179
38.81044	0.34666
39.05150	0.35891
39.29256	0.36804
39.53362	0.37387
39.77468	0.37661
40.01574	0.37679
40.25680	0.37521
40.49785	0.37281
40.73891	0.37054
40.97997	0.36920
41.22103	0.36940
41.46209	0.37144
41.70315	0.37538
41.94421	0.38106
42.18526	0.38815
42.42632	0.39632
42.66738	0.40526
42.90844	0.41478
43.14950	0.42477
43.39056	0.43524
43.63162	0.44625
43.87268	0.45779
44.11373	0.46977
44.35479	0.48196
44.59585	0.49393
44.83691	0.50514
45.07797	0.51496
45.31903	0.52279
45.56009	0.52817
45.80114	0.53087
46.04220	0.53096
46.28326	0.52887
46.52432	0.52528
46.76538	0.52116
47.00644	0.51756
47.24750	0.51552
47.48855	0.51596
47.72961	0.51951
47.97067	0.52655
48.21173	0.53712
48.45279	0.55103
48.69385	0.56791
48.93491	0.58737
49.17597	0.60909
49.41702	0.63291
49.65808	0.65887
49.89914	0.68720
50.14020	0.71822
50.38126	0.75223
50.62232	0.78933
50.86338	0.82934
51.10443	0.87164
51.34549	0.91520
51.58655	0.95866
51.82761	1.00042
52.06867	1.03893
52.30973	1.07286
52.55079	1.10132
52.79185	1.12400
53.03290	1.14119
53.27396	1.15374
53.51502	1.16283
53.75608	1.16981
53.99714	1.17589
54.23820	1.18200
54.47926	1.18866
54.72031	1.19599
54.96137	1.20382
55.20243	1.21185
55.44349	1.21991
55.68455	1.22814
55.92561	1.23712
56.16667	1.24783
56.40773	1.26157
56.64878	1.27968
56.88984	1.30331
57.13090	1.33308
57.37196	1.36889
57.61302	1.40981
57.85408	1.45415
58.09514	1.49966
58.33619	1.54384
58.57725	1.58431
58.81831	1.61919
59.05937	1.64728
59.30043	1.66827
59.54149	1.68265
59.78255	1.69153
60.02361	1.69639
60.26466	1.69868
60.50572	1.69958
60.74678	1.69978
60.98784	1.69939
61.22890	1.69804
61.46996	1.69504
61.71102	1.68970
61.95207	1.68155
62.19313	1.67068
62.43419	1.65776
62.67525	1.64414
62.91631	1.63160
63.15737	1.62218
63.39843	1.61781
63.63948	1.61997
63.88054	1.62944
64.12160	1.64614
64.36266	1.66910
64.60372	1.69664
64.84478	1.72661
65.08584	1.75669
65.32690	1.78480
65.56795	1.80930
65.80901	1.82921
66.05007	1.84423
66.29113	1.85460
66.53219	1.86089
66.77325	1.86376
67.01431	1.86368
67.25536	1.86075
67.49642	1.85465
67.73748	1.84470
67.97854	1.83003
68.21960	1.80984
68.46066	1.78365
68.70172	1.75151
68.94278	1.71416
69.18383	1.67294
69.42489	1.62975
69.66595	1.58671
69.90701	1.54600
70.14807	1.50948
70.38913	1.47849
70.63019	1.45375
70.87124	1.43530
71.11230	1.42265
71.35336	1.41499
71.59442	1.41136
71.83548	1.41093
72.07654	1.41317
72.31760	1.41788
72.55866	1.42521
72.79971	1.43548
73.04077	1.44901
73.28183	1.46586
73.52289	1.48567
73.76395	1.50751
74.00501	1.52993
74.24607	1.55102
74.48712	1.56867
74.72818	1.58087
74.96924	1.58602
75.21030	1.58320
75.45136	1.57233
75.69242	1.55427
75.93348	1.53068
76.17453	1.50389
76.41559	1.47655
76.65665	1.45134
76.89771	1.43065
77.13877	1.41635
77.37983	1.40961
77.62089	1.41091
77.86195	1.42011
78.10300	1.43655
78.34406	1.45935
78.58512	1.48754
78.82618	1.52027
79.06724	1.55691
79.30830	1.59700
79.54936	1.64019
79.79041	1.68610
80.03147	1.73409
80.27253	1.78314
80.51359	1.83180
80.75465	1.87818
80.99571	1.92013
81.23677	1.95550
81.47783	1.98245
81.71888	1.99977
81.95994	2.00708
82.20100	2.00500
82.44206	1.99504
82.68312	1.97947
82.92418	1.96092
83.16524	1.94209
83.40629	1.92531
83.64735	1.91228
83.88841	1.90392
84.12947	1.90037
84.37053	1.90113
84.61159	1.90537
84.85265	1.91224
85.09371	1.92118
85.33476	1.93209
85.57582	1.94548
85.81688	1.96228
86.05794	1.98368
86.29900	2.01075
86.54006	2.04407
86.78112	2.08347
87.02217	2.12778
87.26323	2.17488
87.50429	2.22190
87.74535	2.26558
87.98641	2.30275
88.22747	2.33082
88.46853	2.34819
88.70958	2.35448
88.95064	2.35061
89.19170	2.33850
89.43276	2.32080
89.67382	2.30032
89.91488	2.27959
90.15594	2.26047
90.39700	2.24392
90.63805	2.23002
90.87911	2.21815
91.12017	2.20736
91.36123	2.19676
91.60229	2.18593
91.84335	2.17511
92.08441	2.16537
92.32546	2.15839
92.56652	2.15624
92.80758	2.16092
93.04864	2.17393
93.28970	2.19590
93.53076	2.22633
93.77182	2.26358
94.01288	2.30500
94.25393	2.34733
94.49499	2.38715
94.73605	2.42135
94.97711	2.44764
95.21817	2.46479
95.45923	2.47272
95.70029	2.47246
95.94134	2.46576
96.18240	2.45474
96.42346	2.44139
96.66452	2.42725
96.90558	2.41313
97.14664	2.39907
97.38770	2.38449
97.62876	2.36845
97.86981	2.35008
98.11087	2.32889
98.35193	2.30511
98.59299	2.27977
98.83405	2.25467
99.07511	2.23214
99.31617	2.21466
99.55722	2.20447
99.79828	2.20315
100.03934	2.21137
100.28040	2.22871
100.52146	2.25378
100.76252	2.28445
101.00358	2.31818
101.24464	2.35246
101.48569	2.38518
101.72675	2.41491
101.96781	2.44100
102.20887	2.46358
102.44993	2.48328
102.69099	2.50096
102.93205	2.51736
103.17310	2.53280
103.41416	2.54698
103.65522	2.55903
103.89628	2.56760
104.13734	2.57117
104.37840	2.56846
104.61946	2.55871
104.86051	2.54199
105.10157	2.51936
105.34263	2.49274
105.58369	2.46473
105.82475	2.43824
106.06581	2.41607
106.30687	2.40048
106.54793	2.39291
106.78898	2.39383
107.03004	2.40275
107.27110	2.41842
107.51216	2.43921
107.75322	2.46345
107.99428	2.48980
108.23534	2.51753
108.47639	2.54658
108.71745	2.57750
108.95851	2.61113
109.19957	2.64831
109.44063	2.68945
109.68169	2.73419
109.92275	2.78126
110.16381	2.82847
110.40486	2.87300
110.64592	2.91176
110.88698	2.94192
111.12804	2.96138
111.36910	2.96917
111.61016	2.96562
111.85122	2.95233
112.09227	2.93190
112.33333	2.90751
112.57439	2.88239
112.81545	2.85938
113.05651	2.84048
113.29757	2.82677
113.53863	2.81832
113.77969	2.81453
114.02074	2.81437
114.26180	2.81686
114.50286	2.82140
114.74392	2.82803
114.98498	2.83749
115.22604	2.85108
115.46710	2.87042
115.70815	2.89699
115.94921	2.93174
116.19027	2.97469
116.43133	3.02476
116.67239	3.07970
116.91345	3.13632
117.15451	3.19088
117.39556	3.23963
117.63662	3.27934
117.87768	3.30776
118.11874	3.32398
118.35980	3.32846
118.60086	3.32291
118.84192	3.30986
119.08298	3.29223
119.32403	3.27277
119.56509	3.25360
119.80615	3.23599
120.04721	3.22025
120.28827	3.20596
120.52933	3.19226
120.77039	3.17832
121.01144	3.16372
121.25250	3.14881
121.49356	3.13482
121.73462	3.12373
121.97568	3.11805
122.21674	3.12036
122.45780	3.13278
122.69886	3.15657
122.93991	3.19183
123.18097	3.23735
123.42203	3.29076
123.66309	3.34888
123.90415	3.40813
124.14521	3.46512
124.38627	3.51710
124.62732	3.56227
124.86838	3.59994
125.10944	3.63042
125.35050	3.65474
125.59156	3.67421
125.83262	3.69002
126.07368	3.70288
126.31474	3.71273
126.55579	3.71884
126.79685	3.71993
127.03791	3.71457
127.27897	3.70162
127.52003	3.68066
127.76109	3.65230
128.00215	3.61826
128.24320	3.58134
128.48426	3.54505
128.72532	3.51313
128.96638	3.48904
129.20744	3.47534
129.44850	3.47337
129.68956	3.48304
129.93061	3.50282
130.17167	3.53008
130.41273	3.56152
130.65379	3.59373
130.89485	3.62375
131.13591	3.64951
131.37697	3.67000
131.61803	3.68534
131.85908	3.69647
132.10014	3.70479
132.34120	3.71163
132.58226	3.71778
132.82332	3.72322
133.06438	3.72698
133.30544	3.72726
133.54649	3.72186
133.78755	3.70859
134.02861	3.68583
134.26967	3.65299
134.51073	3.61072
134.75179	3.56099
134.99285	3.50680
135.23391	3.45181
135.47496	3.39969
135.71602	3.35365
135.95708	3.31595
136.19814	3.28767
136.43920	3.26864
136.68026	3.25764
136.92132	3.25280
137.16237	3.25202
137.40343	3.25346
137.64449	3.25588
137.88555	3.25884
138.12661	3.26262
138.36767	3.26807
138.60873	3.27621
138.84979	3.28783
139.09084	3.30310
139.33190	3.32133
139.57296	3.34093
139.81402	3.35947
140.05508	3.37413
140.29614	3.38204
140.53720	3.38085
140.77825	3.36909
141.01931	3.34652
141.26037	3.31414
141.50143	3.27405
141.74249	3.22917
141.98355	3.18273
142.22461	3.13779
142.46566	3.09684
142.70672	3.06148
142.94778	3.03233
143.18884	3.00913
143.42990	2.99097
143.67096	2.97667
143.91202	2.96513
144.15308	2.95566
144.39413	2.94811
144.63519	2.94295
144.87625	2.94104
145.11731	2.94339
145.35837	2.95080
145.59943	2.96353
145.84049	2.98109
146.08154	3.00212
146.32260	3.02453
146.56366	3.04577
146.80472	3.06316
147.04578	3.07437
147.28684	3.07775
147.52790	3.07264
147.76896	3.05939
148.01001	3.03931
148.25107	3.01433
148.49213	2.98668
148.73319	2.95842
148.97425	2.93112
149.21531	2.90563
149.45637	2.88201
149.69742	2.85968
149.93848	2.83765
150.17954	2.81488
150.42060	2.79066
150.66166	2.76482
150.90272	2.73791
151.14378	2.71114
151.38484	2.68622
151.62589	2.66504
151.86695	2.64926
152.10801	2.64000
152.34907	2.63757
152.59013	2.64134
152.83119	2.64984
153.07225	2.66095
153.31330	2.67224
153.55436	2.68139
153.79542	2.68657
154.03648	2.68666
154.27754	2.68138
154.51860	2.67126
154.75966	2.65742
155.00072	2.64126
155.24177	2.62412
155.48283	2.60700
155.72389	2.59035
155.96495	2.57407
156.20601	2.55756
156.44707	2.53995
156.68813	2.52041
156.92918	2.49839
157.17024	2.47386
157.41130	2.44738
157.65236	2.42007
157.89342	2.39349
158.13448	2.36931
158.37554	2.34910
158.61659	2.33401
158.85765	2.32461
159.09871	2.32077
159.33977	2.32172
159.58083	2.32620
159.82189	2.33272
160.06295	2.33976
160.30401	2.34609
160.54506	2.35092
160.78612	2.35397
161.02718	2.35549
161.26824	2.35606
161.50930	2.35644
161.75036	2.35730
161.99142	2.35900
162.23247	2.36150
162.47353	2.36428
162.71459	2.36647
162.95565	2.36696
163.19671	2.36471
163.43777	2.35898
163.67883	2.34949
163.91989	2.33660
164.16094	2.32123
164.40200	2.30477
164.64306	2.28884
164.88412	2.27498
165.12518	2.26442
165.36624	2.25787
165.60730	2.25540
165.84835	2.25647
166.08941	2.26009
166.33047	2.26503
166.57153	2.27013
166.81259	2.27451
167.05365	2.27776
167.29471	2.28001
167.53577	2.28185
167.77682	2.28418
168.01788	2.28797
168.25894	2.29398
168.50000	2.30253
168.74106	2.31341
168.98212	2.32580
169.22318	2.33845
169.46423	2.34982
169.70529	2.35844
169.94635	2.36313
170.18741	2.36327
170.42847	2.35891
170.66953	2.35079
170.91059	2.34018
171.15164	2.32871
171.39270	2.31804
171.63376	2.30959
171.87482	2.30434
172.11588	2.30261
172.35694	2.30417
172.59800	2.30825
172.83906	2.31376
173.08011	2.31958
173.32117	2.32478
173.56223	2.32879
173.80329	2.33157
174.04435	2.33352
174.28541	2.33544
174.52647	2.33826
174.76752	2.34286
175.00858	2.34980
175.24964	2.35916
175.49070	2.37049
175.73176	2.38283
175.97282	2.39489
176.21388	2.40528
176.45494	2.41279
176.69599	2.41660
176.93705	2.41648
177.17811	2.41285
177.41917	2.40667
177.66023	2.39928
177.90129	2.39213
178.14235	2.38654
178.38340	2.38341
178.62446	2.38312
178.86552	2.38549
179.10658	2.38986
179.34764	2.39532
179.58870	2.40093
179.82976	2.40599
180.07082	2.41024
180.31187	2.41388
180.55293	2.41762
180.79399	2.42246
181.03505	2.42951
181.27611	2.43968
181.51717	2.45346
181.75823	2.47077
181.99928	2.49090
182.24034	2.51263
182.48140	2.53438
182.72246	2.55452
182.96352	2.57166
183.20458	2.58486
183.44564	2.59382
183.68669	2.59894
183.92775	2.60116
184.16881	2.60184
184.40987	2.60242
184.65093	2.60418
184.89199	2.60799
185.13305	2.61418
185.37411	2.62246
185.61516	2.63210
185.85622	2.64206
186.09728	2.65130
186.33834	2.65905
186.57940	2.66500
186.82046	2.66944
187.06152	2.67321
187.30257	2.67760
187.54363	2.68408
187.78469	2.69398
188.02575	2.70821
188.26681	2.72705
188.50787	2.75002
188.74893	2.77595
188.98999	2.80313
189.23104	2.82966
189.47210	2.85377
189.71316	2.87409
189.95422	2.88998
190.19528	2.90152
190.43634	2.90951
190.67740	2.91523
190.91845	2.92016
191.15951	2.92565
191.40057	2.93261
191.64163	2.94133
191.88269	2.95147
192.12375	2.96210
192.36481	2.97199
192.60587	2.97988
192.84692	2.98481
193.08798	2.98632
193.32904	2.98466
193.57010	2.98069
193.81116	2.97585
194.05222	2.97179
194.29328	2.97016
194.53433	2.97224
194.77539	2.97872
195.01645	2.98960
195.25751	3.00416
195.49857	3.02109
195.73963	3.03879
195.98069	3.05563
196.22174	3.07024
196.46280	3.08178
196.70386	3.09003
196.94492	3.09540
197.18598	3.09879
197.42704	3.10140
197.66810	3.10436
197.90916	3.10855
198.15021	3.11435
198.39127	3.12156
198.63233	3.12946
198.87339	3.13695
199.11445	3.14282
199.35551	3.14603
199.59657	3.14601
199.83762	3.14275
200.07868	3.13689
200.31974	3.12961
200.56080	3.12243
200.80186	3.11686
201.04292	3.11414
201.28398	3.11497
201.52504	3.11937
201.76609	3.12668
202.00715	3.13571
202.24821	3.14498
202.48927	3.15302
202.73033	3.15872
202.97139	3.16148
203.21245	3.16139
203.45350	3.15913
203.69456	3.15581
203.93562	3.15272
204.17668	3.15102
204.41774	3.15144
204.65880	3.15414
204.89986	3.15864
205.14092	3.16390
205.38197	3.16853
205.62303	3.17108
205.86409	3.17031
206.10515	3.16545
206.34621	3.15640
206.58727	3.14368
206.82833	3.12841
207.06938	3.11204
207.31044	3.09612
207.55150	3.08201
207.79256	3.07061
208.03362	3.06223
208.27468	3.05655
208.51574	3.05272
208.75680	3.04950
208.99785	3.04559
209.23891	3.03987
209.47997	3.03159
209.72103	3.02059
209.96209	3.00726
210.20315	2.99247
210.44421	2.97738
210.68526	2.96315
210.92632	2.95069
211.16738	2.94046
211.40844	2.93233
211.64950	2.92562
211.89056	2.91921
212.13162	2.91179
212.37267	2.90214
212.61373	2.88938
212.85479	2.87316
213.09585	2.85376
213.33691	2.83201
213.57797	2.80916
213.81903	2.78659
214.06009	2.76559
214.30114	2.74707
214.54220	2.73145
214.78326	2.71859
215.02432	2.70787
215.26538	2.69835
215.50644	2.68902
215.74750	2.67901
215.98855	2.66779
216.22961	2.65528
216.47067	2.64186
216.71173	2.62827
216.95279	2.61544
217.19385	2.60427
217.43491	2.59542
217.67597	2.58914
217.91702	2.58522
218.15808	2.58296
218.39914	2.58132
218.64020	2.57908
218.88126	2.57508
219.12232	2.56842
219.36338	2.55861
219.60443	2.54568
219.84549	2.53014
220.08655	2.51286
220.32761	2.49489
220.56867	2.47728
220.80973	2.46083
221.05079	2.44596
221.29185	2.43271
221.53290	2.42067
221.77396	2.40921
222.01502	2.39759
222.25608	2.38522
222.49714	2.37178
222.73820	2.35734
222.97926	2.34241
223.22031	2.32782
223.46137	2.31458
223.70243	2.30367
223.94349	2.29583
224.18455	2.29140
224.42561	2.29024
224.66667	2.29170
224.90772	2.29478
225.14878	2.29824
225.38984	2.30086
225.63090	2.30161
225.87196	2.29983
226.11302	2.29529
226.35408	2.28820
226.59514	2.27909
226.83619	2.26873
227.07725	2.25785
227.31831	2.24707
227.55937	2.23674
227.80043	2.22692
228.04149	2.21737
228.28255	2.20769
228.52360	2.19742
228.76466	2.18623
229.00572	2.17400
229.24678	2.16093
229.48784	2.14751
229.72890	2.13448
229.96996	2.12272
230.21102	2.11303
230.45207	2.10604
230.69313	2.10205
230.93419	2.10095
231.17525	2.10225
231.41631	2.10515
231.65737	2.10866
231.89843	2.11176
232.13948	2.11362
232.38054	2.11366
232.62160	2.11170
232.86266	2.10787
233.10372	2.10262
233.34478	2.09654
233.58584	2.09022
233.82690	2.08413
234.06795	2.07847
234.30901	2.07320
234.55007	2.06801
234.79113	2.06241
235.03219	2.05590
235.27325	2.04808
235.51431	2.03879
235.75536	2.02815
235.99642	2.01658
236.23748	2.00478
236.47854	1.99358
236.71960	1.98381
236.96066	1.97618
237.20172	1.97114
237.44277	1.96879
237.68383	1.96894
237.92489	1.97107
238.16595	1.97449
238.40701	1.97846
238.64807	1.98232
238.88913	1.98560
239.13019	1.98812
239.37124	1.98994
239.61230	1.99138
239.85336	1.99287
240.09442	1.99483
240.33548	1.99756
240.57654	2.00112
240.81760	2.00528
241.05865	2.00956
241.29971	2.01329
241.54077	2.01574
241.78183	2.01629
242.02289	2.01455
242.26395	2.01047
242.50501	2.00436
242.74607	1.99687
242.98712	1.98886
243.22818	1.98132
243.46924	1.97510
243.71030	1.97086
243.95136	1.96894
244.19242	1.96932
244.43348	1.97168
244.67453	1.97547
244.91559	1.98006
245.15665	1.98488
245.39771	1.98953
245.63877	1.99387
245.87983	1.99801
246.12089	2.00229
246.36195	2.00716
246.60300	2.01304
246.84406	2.02024
247.08512	2.02880
247.32618	2.03848
247.56724	2.04875
247.80830	2.05887
248.04936	2.06802
248.29041	2.07543
248.53147	2.08052
248.77253	2.08304
249.01359	2.08308
249.25465	2.08109
249.49571	2.07780
249.73677	2.07405
249.97783	2.07072
250.21888	2.06853
250.45994	2.06793
250.70100	2.06908
250.94206	2.07184
251.18312	2.07583
251.42418	2.08055
251.66524	2.08551
251.90629	2.09034
252.14735	2.09489
252.38841	2.09927
252.62947	2.10380
252.87053	2.10893
253.11159	2.11518
253.35265	2.12295
253.59370	2.13242
253.83476	2.14350
254.07582	2.15582
254.31688	2.16873
254.55794	2.18145
254.79900	2.19317
255.04006	2.20320
255.28112	2.21109
255.52217	2.21667
255.76323	2.22012
256.00429	2.22182
256.24535	2.22236
256.48641	2.22233
256.72747	2.22221
256.96853	2.22229
257.20958	2.22265
257.45064	2.22312
257.69170	2.22338
257.93276	2.22310
258.17382	2.22198
258.41488	2.21994
258.65594	2.21714
258.89700	2.21398
259.13805	2.21107
259.37911	2.20914
259.62017	2.20888
259.86123	2.21084
260.10229	2.21534
260.34335	2.22235
260.58441	2.23153
260.82546	2.24223
261.06652	2.25365
261.30758	2.26492
261.54864	2.27522
261.78970	2.28395
262.03076	2.29078
262.27182	2.29563
262.51288	2.29873
262.75393	2.30042
262.99499	2.30114
263.23605	2.30125
263.47711	2.30096
263.71817	2.30024
263.95923	2.29889
264.20029	2.29653
264.44134	2.29275
264.68240	2.28721
264.92346	2.27976
265.16452	2.27052
265.40558	2.25992
265.64664	2.24863
265.88770	2.23748
266.12875	2.22734
266.36981	2.21897
266.61087	2.21287
266.85193	2.20922
267.09299	2.20786
267.33405	2.20833
267.57511	2.20998
267.81617	2.21205
268.05722	2.21386
268.29828	2.21489
268.53934	2.21486
268.78040	2.21373
269.02146	2.21170
269.26252	2.20909
269.50358	2.20624
269.74463	2.20344
269.98569	2.20081
270.22675	2.19826
270.46781	2.19551
270.70887	2.19213
270.94993	2.18760
271.19099	2.18147
271.43205	2.17339
271.67310	2.16324
271.91416	2.15114
272.15522	2.13744
272.39628	2.12271
272.63734	2.10759
272.87840	2.09272
273.11946	2.07867
273.36051	2.06579
273.60157	2.05425
273.84263	2.04399
274.08369	2.03479
274.32475	2.02634
274.56581	2.01833
274.80687	2.01055
275.04793	2.00290
275.28898	1.99546
275.53004	1.98841
275.77110	1.98205
276.01216	1.97664
276.25322	1.97236
276.49428	1.96920
276.73534	1.96697
276.97639	1.96524
277.21745	1.96344
277.45851	1.96089
277.69957	1.95696
277.94063	1.95112
278.18169	1.94307
278.42275	1.93277
278.66380	1.92043
278.90486	1.90652
279.14592	1.89163
279.38698	1.87642
279.62804	1.86148
279.86910	1.84727
280.11016	1.83406
280.35122	1.82192
280.59227	1.81078
280.83333	1.80045
281.07439	1.79073
281.31545	1.78148
281.55651	1.77264
281.79757	1.76430
282.03863	1.75662
282.27968	1.74984
282.52074	1.74418
282.76180	1.73975
283.00286	1.73654
283.24392	1.73436
283.48498	1.73283
283.72604	1.73148
283.96710	1.72974
284.20815	1.72709
284.44921	1.72311
284.69027	1.71755
284.93133	1.71034
285.17239	1.70165
285.41345	1.69178
285.65451	1.68114
285.89556	1.67014
286.13662	1.65915
286.37768	1.64839
286.61874	1.63795
286.85980	1.62779
287.10086	1.61775
287.34192	1.60762
287.58298	1.59726
287.82403	1.58660
288.06509	1.57571
288.30615	1.56483
288.54721	1.55431
288.78827	1.54459
289.02933	1.53607
289.27039	1.52911
289.51144	1.52388
289.75250	1.52037
289.99356	1.51836
290.23462	1.51745
290.47568	1.51713
290.71674	1.51685
290.95780	1.51607
291.19885	1.51440
291.43991	1.51158
291.68097	1.50754
291.92203	1.50234
292.16309	1.49618
292.40415	1.48929
292.64521	1.48191
292.88627	1.47422
293.12732	1.46630
293.36838	1.45816
293.60944	1.44973
293.85050	1.44091
294.09156	1.43163
294.33262	1.42190
294.57368	1.41181
294.81473	1.40159
295.05579	1.39156
295.29685	1.38212
295.53791	1.37365
295.77897	1.36648
296.02003	1.36086
296.26109	1.35686
296.50215	1.35440
296.74320	1.35328
296.98426	1.35316
297.22532	1.35368
297.46638	1.35448
297.70744	1.35528
297.94850	1.35588
298.18956	1.35622
298.43061	1.35634
298.67167	1.35634
298.91273	1.35635
299.15379	1.35646
299.39485	1.35669
299.63591	1.35695
299.87697	1.35707
300.11803	1.35680
300.35908	1.35587
300.60014	1.35403
300.84120	1.35113
301.08226	1.34715
301.32332	1.34222
301.56438	1.33662
301.80544	1.33073
302.04649	1.32499
302.28755	1.31982
302.52861	1.31560
302.76967	1.31256
303.01073	1.31081
303.25179	1.31032
303.49285	1.31092
303.73391	1.31240
303.97496	1.31452
304.21602	1.31706
304.45708	1.31989
304.69814	1.32295
304.93920	1.32624
305.18026	1.32984
305.42132	1.33383
305.66237	1.33825
305.90343	1.34308
306.14449	1.34821
306.38555	1.35346
306.62661	1.35853
306.86767	1.36314
307.10873	1.36700
307.34978	1.36990
307.59084	1.37174
307.83190	1.37254
308.07296	1.37248
308.31402	1.37182
308.55508	1.37090
308.79614	1.37006
309.03720	1.36960
309.27825	1.36970
309.51931	1.37047
309.76037	1.37188
310.00143	1.37381
310.24249	1.37610
310.48355	1.37863
310.72461	1.38127
310.96566	1.38403
311.20672	1.38696
311.44778	1.39024
311.68884	1.39404
311.92990	1.39855
312.17096	1.40391
312.41202	1.41015
312.65308	1.41720
312.89413	1.42486
313.13519	1.43283
313.37625	1.44078
313.61731	1.44837
313.85837	1.45529
314.09943	1.46138
314.34049	1.46655
314.58154	1.47086
314.82260	1.47446
315.06366	1.47758
315.30472	1.48044
315.54578	1.48326
315.78684	1.48616
316.02790	1.48919
316.26896	1.49228
316.51001	1.49532
316.75107	1.49819
316.99213	1.50076
317.23319	1.50300
317.47425	1.50497
317.71531	1.50684
317.95637	1.50889
318.19742	1.51143
318.43848	1.51478
318.67954	1.51919
318.92060	1.52481
319.16166	1.53163
319.40272	1.53949
319.64378	1.54810
319.88483	1.55709
320.12589	1.56606
320.36695	1.57466
320.60801	1.58260
320.84907	1.58975
321.09013	1.59608
321.33119	1.60171
321.57225	1.60680
321.81330	1.61154
322.05436	1.61610
322.29542	1.62058
322.53648	1.62499
322.77754	1.62924
323.01860	1.63319
323.25966	1.63669
323.50071	1.63960
323.74177	1.64188
323.98283	1.64356
324.22389	1.64481
324.46495	1.64589
324.70601	1.64712
324.94707	1.64883
325.18813	1.65129
325.42918	1.65469
325.67024	1.65907
325.91130	1.66437
326.15236	1.67038
326.39342	1.67682
326.63448	1.68339
326.87554	1.68981
327.11659	1.69588
327.35765	1.70149
327.59871	1.70666
327.83977	1.71148
328.08083	1.71614
328.32189	1.72077
328.56295	1.72551
328.80401	1.73039
329.04506	1.73532
329.28612	1.74012
329.52718	1.74453
329.76824	1.74824
330.00930	1.75098
330.25036	1.75258
330.49142	1.75298
330.73247	1.75228
330.97353	1.75073
331.21459	1.74871
331.45565	1.74662
331.69671	1.74487
331.93777	1.74379
332.17883	1.74357
332.41988	1.74427
332.66094	1.74577
332.90200	1.74787
333.14306	1.75029
333.38412	1.75277
333.62518	1.75508
333.86624	1.75710
334.10730	1.75884
334.34835	1.76035
334.58941	1.76178
334.83047	1.76323
335.07153	1.76479
335.31259	1.76641
335.55365	1.76796
335.79471	1.76920
336.03576	1.76981
336.27682	1.76947
336.51788	1.76787
336.75894	1.76485
337.00000	1.76035
337.24106	1.75450
337.48212	1.74753
337.72318	1.73981
337.96423	1.73173
338.20529	1.72366
338.44635	1.71589
338.68741	1.70859
338.92847	1.70179
339.16953	1.69540
339.41059	1.68926
339.65164	1.68318
339.89270	1.67698
340.13376	1.67060
340.37482	1.66407
340.61588	1.65752
340.85694	1.65116
341.09800	1.64523
341.33906	1.63994
341.58011	1.63542
341.82117	1.63170
342.06223	1.62863
342.30329	1.62599
342.54435	1.62344
342.78541	1.62064
343.02647	1.61726
343.26752	1.61305
343.50858	1.60786
343.74964	1.60170
343.99070	1.59464
344.23176	1.58687
344.47282	1.57862
344.71388	1.57008
344.95493	1.56144
345.19599	1.55279
345.43705	1.54415
345.67811	1.53546
345.91917	1.52663
346.16023	1.51755
346.40129	1.50814
346.64235	1.49837
346.88340	1.48830
347.12446	1.47808
347.36552	1.46791
347.60658	1.45805
347.84764	1.44872
348.08870	1.44013
348.32976	1.43236
348.57081	1.42542
348.81187	1.41918
349.05293	1.41344
349.29399	1.40793
349.53505	1.40238
349.77611	1.39656
350.01717	1.39031
350.25823	1.38358
350.49928	1.37638
350.74034	1.36884
350.98140	1.36109
351.22246	1.35329
351.46352	1.34556
351.70458	1.33795
351.94564	1.33048
352.18669	1.32306
352.42775	1.31558
352.66881	1.30795
352.90987	1.30004
353.15093	1.29180
353.39199	1.28325
353.63305	1.27446
353.87411	1.26555
354.11516	1.25670
354.35622	1.24809
354.59728	1.23987
354.83834	1.23215
355.07940	1.22497
355.32046	1.21831
355.56152	1.21206
355.80257	1.20608
356.04363	1.20019
356.28469	1.19425
356.52575	1.18812
356.76681	1.18175
357.00787	1.17513
357.24893	1.16832
357.48999	1.16142
357.73104	1.15454
357.97210	1.14778
358.21316	1.14121
358.45422	1.13480
358.69528	1.12852
358.93634	1.12224
359.17740	1.11583
359.41845	1.10916
359.65951	1.10213
359.90057	1.09468
360.14163	1.08686
360.38269	1.07873
360.62375	1.07044
360.86481	1.06214
361.10586	1.05399
361.34692	1.04612
361.58798	1.03861
361.82904	1.03147
362.07010	1.02467
362.31116	1.01812
362.55222	1.01174
362.79328	1.00544
363.03433	0.99916
363.27539	0.99287
363.51645	0.98660
363.75751	0.98040
363.99857	0.97433
364.23963	0.96846
364.48069	0.96283
364.72174	0.95744
364.96280	0.95223
365.20386	0.94712
365.44492	0.94200
365.68598	0.93674
365.92704	0.93123
366.16810	0.92542
366.40916	0.91928
366.65021	0.91286
366.89127	0.90622
367.13233	0.89949
367.37339	0.89277
367.61445	0.88616
367.85551	0.87974
368.09657	0.87352
368.33762	0.86748
368.57868	0.86154
368.81974	0.85561
369.06080	0.84959
369.30186	0.84338
369.54292	0.83694
369.78398	0.83023
370.02504	0.82329
370.26609	0.81617
370.50715	0.80896
370.74821	0.80173
370.98927	0.79456
371.23033	0.78746
371.47139	0.78043
371.71245	0.77339
371.95350	0.76627
372.19456	0.75893
372.43562	0.75126
372.67668	0.74317
372.91774	0.73460
373.15880	0.72553
373.39986	0.71600
373.64091	0.70608
373.88197	0.69588
374.12303	0.68550
374.36409	0.67504
374.60515	0.66457
374.84621	0.65415
375.08727	0.64378
375.32833	0.63345
375.56938	0.62312
375.81044	0.61278
376.05150	0.60241
376.29256	0.59200
376.53362	0.58163
376.77468	0.57139
377.01574	0.56138
377.25679	0.55170
377.49785	0.54245
377.73891	0.53372
377.97997	0.52556
378.22103	0.51794
378.46209	0.51092
378.70315	0.50451
378.94421	0.49868
379.18526	0.49345
379.42632	0.48882
379.66738	0.48482
379.90844	0.48152
380.14950	0.47895
380.39056	0.47721
380.63162	0.47636
380.87267	0.47644
381.11373	0.47748
381.35479	0.47947
381.59585	0.48239
381.83691	0.48619
382.07797	0.49081
382.31903	0.49619
382.56009	0.50228
382.80114	0.50904
383.04220	0.51647
383.28326	0.52455
383.52432	0.53328
383.76538	0.54268
384.00644	0.55270
384.24750	0.56335
384.48855	0.57460
384.72961	0.58638
384.97067	0.59859
385.21173	0.61114
385.45279	0.62392
385.69385	0.63683
385.93491	0.64977
386.17596	0.66273
386.41702	0.67568
386.65808	0.68861
386.89914	0.70154
387.14020	0.71446
387.38126	0.72737
387.62232	0.74022
387.86338	0.75295
388.10443	0.76550
388.34549	0.77780
388.58655	0.78977
388.82761	0.80137
389.06867	0.81258
389.30973	0.82341
389.55079	0.83393
389.79184	0.84421
390.03290	0.85435
390.27396	0.86445
390.51502	0.87460
390.75608	0.88483
390.99714	0.89518
391.23820	0.90561
391.47926	0.91607
391.72031	0.92648
391.96137	0.93674
392.20243	0.94678
392.44349	0.95654
392.68455	0.96597
392.92561	0.97506
393.16667	0.98382
393.40772	0.99229
393.64878	1.00049
393.88984	1.00845
394.13090	1.01617
394.37196	1.02364
394.61302	1.03080
394.85408	1.03761
395.09514	1.04401
395.33619	1.04995
395.57725	1.05542
395.81831	1.06045
396.05937	1.06513
396.30043	1.06957
396.54149	1.07394
396.78255	1.07839
397.02360	1.08309
397.26466	1.08816
397.50572	1.09368
397.74678	1.09967
397.98784	1.10609
398.22890	1.11288
398.46996	1.11996
398.71102	1.12724
398.95207	1.13466
399.19313	1.14220
399.43419	1.14988
399.67525	1.15774
399.91631	1.16581
400.15737	1.17413
400.39843	1.18270
400.63948	1.19147
400.88054	1.20034
401.12160	1.20916
401.36266	1.21775
401.60372	1.22593
401.84478	1.23353
402.08584	1.24042
402.32689	1.24653
402.56795	1.25187
402.80901	1.25650
403.05007	1.26052
403.29113	1.26406
403.53219	1.26726
403.77325	1.27024
404.01431	1.27307
404.25536	1.27579
404.49642	1.27838
404.73748	1.28078
404.97854	1.28293
405.21960	1.28475
405.46066	1.28621
405.70172	1.28730
405.94277	1.28806
406.18383	1.28857
406.42489	1.28894
406.66595	1.28928
406.90701	1.28967
407.14807	1.29017
407.38913	1.29076
407.63019	1.29138
407.87124	1.29191
408.11230	1.29223
408.35336	1.29219
408.59442	1.29166
408.83548	1.29059
409.07654	1.28895
409.31760	1.28677
409.55865	1.28415
409.79971	1.28118
410.04077	1.27799
410.28183	1.27467
410.52289	1.27127
410.76395	1.26782
411.00501	1.26429
411.24607	1.26064
411.48712	1.25679
411.72818	1.25271
411.96924	1.24834
412.21030	1.24370
412.45136	1.23882
412.69242	1.23377
412.93348	1.22865
413.17453	1.22354
413.41559	1.21852
413.65665	1.21362
413.89771	1.20885
414.13877	1.20415
414.37983	1.19944
414.62089	1.19462
414.86194	1.18958
415.10300	1.18422
415.34406	1.17848
415.58512	1.17236
415.82618	1.16587
416.06724	1.15908
416.30830	1.15205
416.54936	1.14488
416.79041	1.13763
417.03147	1.13033
417.27253	1.12298
417.51359	1.11555
417.75465	1.10800
417.99571	1.10027
418.23677	1.09231
418.47782	1.08410
418.71888	1.07566
418.95994	1.06702
419.20100	1.05829
419.44206	1.04954
419.68312	1.04088
419.92418	1.03240
420.16524	1.02415
420.40629	1.01615
420.64735	1.00839
420.88841	1.00081
421.12947	0.99335
421.37053	0.98591
421.61159	0.97843
421.85265	0.97085
422.09370	0.96316
422.33476	0.95535
422.57582	0.94747
422.81688	0.93957
423.05794	0.93169
423.29900	0.92388
423.54006	0.91615
423.78112	0.90847
424.02217	0.90078
424.26323	0.89301
424.50429	0.88506
424.74535	0.87683
424.98641	0.86824
425.22747	0.85925
425.46853	0.84986
425.70958	0.84012
425.95064	0.83012
426.19170	0.81997
426.43276	0.80978
426.67382	0.79968
426.91488	0.78975
427.15594	0.78006
427.39699	0.77064
427.63805	0.76148
427.87911	0.75257
428.12017	0.74388
428.36123	0.73538
428.60229	0.72707
428.84335	0.71896
429.08441	0.71107
429.32546	0.70343
429.56652	0.69609
429.80758	0.68904
430.04864	0.68229
430.28970	0.67580
430.53076	0.66952
430.77182	0.66337
431.01287	0.65725
431.25393	0.65107
431.49499	0.64475
431.73605	0.63825
431.97711	0.63152
432.21817	0.62456
432.45923	0.61740
432.70029	0.61009
432.94134	0.60267
433.18240	0.59521
433.42346	0.58775
433.66452	0.58033
433.90558	0.57299
434.14664	0.56572
434.38770	0.55858
434.62875	0.55156
434.86981	0.54471
435.11087	0.53807
435.35193	0.53169
435.59299	0.52567
435.83405	0.52007
436.07511	0.51497
436.31617	0.51045
436.55722	0.50656
436.79828	0.50335
437.03934	0.50080
437.28040	0.49891
437.52146	0.49765
437.76252	0.49698
438.00358	0.49688
438.24463	0.49733
438.48569	0.49834
438.72675	0.49993
438.96781	0.50212
439.20887	0.50493
439.44993	0.50838
439.69099	0.51245
439.93204	0.51710
440.17310	0.52227
440.41416	0.52788
440.65522	0.53381
440.89628	0.53996
441.13734	0.54621
441.37840	0.55249
441.61946	0.55871
441.86051	0.56483
442.10157	0.57083
442.34263	0.57673
442.58369	0.58253
442.82475	0.58826
443.06581	0.59391
443.30687	0.59947
443.54792	0.60493
443.78898	0.61023
444.03004	0.61532
444.27110	0.62015
444.51216	0.62467
444.75322	0.62885
444.99428	0.63265
445.23534	0.63609
445.47639	0.63918
445.71745	0.64194
445.95851	0.64443
446.19957	0.64665
446.44063	0.64862
446.68169	0.65033
446.92275	0.65175
447.16380	0.65283
447.40486	0.65351
447.64592	0.65376
447.88698	0.65353
448.12804	0.65284
448.36910	0.65169
448.61016	0.65014
448.85122	0.64827
449.09227	0.64615
449.33333	0.64386
449.57439	0.64147
449.81545	0.63903
450.05651	0.63655
450.29757	0.63406
450.53863	0.63156
450.77968	0.62906
451.02074	0.62656
451.26180	0.62411
451.50286	0.62174
451.74392	0.61953
451.98498	0.61754
452.22604	0.61584
452.46710	0.61447
452.70815	0.61345
452.94921	0.61278
453.19027	0.61243
453.43133	0.61231
453.67239	0.61236
453.91345	0.61247
454.15451	0.61256
454.39556	0.61254
454.63662	0.61235
454.87768	0.61195
455.11874	0.61133
455.35980	0.61048
455.60086	0.60942
455.84192	0.60818
456.08297	0.60679
456.32403	0.60526
456.56509	0.60363
456.80615	0.60190
457.04721	0.60011
457.28827	0.59827
457.52933	0.59641
457.77039	0.59459
458.01144	0.59286
458.25250	0.59131
458.49356	0.59000
458.73462	0.58904
458.97568	0.58849
459.21674	0.58842
459.45780	0.58888
459.69885	0.58987
459.93991	0.59138
460.18097	0.59338
460.42203	0.59582
460.66309	0.59863
460.90415	0.60175
461.14521	0.60514
461.38627	0.60877
461.62732	0.61260
461.86838	0.61663
462.10944	0.62085
462.35050	0.62525
462.59156	0.62982
462.83262	0.63451
463.07368	0.63929
463.31473	0.64408
463.55579	0.64881
463.79685	0.65340
464.03791	0.65778
464.27897	0.66190
464.52003	0.66572
464.76109	0.66923
465.00215	0.67245
465.24320	0.67540
465.48426	0.67813
465.72532	0.68068
465.96638	0.68307
466.20744	0.68532
466.44850	0.68743
466.68956	0.68938
466.93061	0.69116
467.17167	0.69274
467.41273	0.69409
467.65379	0.69523
467.89485	0.69615
468.13591	0.69689
468.37697	0.69748
468.61802	0.69797
468.85908	0.69839
469.10014	0.69875
469.34120	0.69906
469.58226	0.69929
469.82332	0.69940
470.06438	0.69934
470.30544	0.69906
470.54649	0.69851
470.78755	0.69768
471.02861	0.69656
471.26967	0.69520
471.51073	0.69363
471.75179	0.69194
471.99285	0.69018
472.23390	0.68841
472.47496	0.68667
472.71602	0.68499
472.95708	0.68334
473.19814	0.68172
473.43920	0.68008
473.68026	0.67840
473.92132	0.67665
474.16237	0.67484
474.40343	0.67298
474.64449	0.67113
474.88555	0.66932
475.12661	0.66762
475.36767	0.66608
475.60873	0.66470
475.84978	0.66351
476.09084	0.66248
476.33190	0.66155
476.57296	0.66069
476.81402	0.65981
477.05508	0.65885
477.29614	0.65778
477.53720	0.65655
477.77825	0.65517
478.01931	0.65364
478.26037	0.65198
478.50143	0.65024
478.74249	0.64844
478.98355	0.64661
479.22461	0.64476
479.46566	0.64289
479.70672	0.64100
479.94778	0.63907
480.18884	0.63707
480.42990	0.63502
480.67096	0.63289
480.91202	0.63070
481.15307	0.62850
481.39413	0.62629
481.63519	0.62414
481.87625	0.62206
482.11731	0.62008
482.35837	0.61821
482.59943	0.61644
482.84049	0.61472
483.08154	0.61303
483.32260	0.61131
483.56366	0.60953
483.80472	0.60765
484.04578	0.60566
484.28684	0.60357
484.52790	0.60139
484.76895	0.59915
485.01001	0.59687
485.25107	0.59459
485.49213	0.59231
485.73319	0.59003
485.97425	0.58775
486.21531	0.58543
486.45637	0.58305
486.69742	0.58058
486.93848	0.57802
487.17954	0.57536
487.42060	0.57262
487.66166	0.56984
487.90272	0.56707
488.14378	0.56434
488.38483	0.56172
488.62589	0.55923
488.86695	0.55690
489.10801	0.55475
489.34907	0.55274
489.59013	0.55087
489.83119	0.54911
490.07225	0.54741
490.31330	0.54575
490.55436	0.54411
490.79542	0.54249
491.03648	0.54088
491.27754	0.53931
491.51860	0.53779
491.75966	0.53634
492.00071	0.53497
492.24177	0.53370
492.48283	0.53251
492.72389	0.53138
492.96495	0.53030
493.20601	0.52924
493.44707	0.52817
493.68812	0.52708
493.92918	0.52596
494.17024	0.52483
494.41130	0.52370
494.65236	0.52259
494.89342	0.52153
495.13448	0.52054
495.37554	0.51965
495.61659	0.51884
495.85765	0.51811
496.09871	0.51744
496.33977	0.51681
496.58083	0.51619
496.82189	0.51556
497.06295	0.51491
497.30400	0.51424
497.54506	0.51355
497.78612	0.51287
498.02718	0.51221
498.26824	0.51160
498.50930	0.51105
498.75036	0.51057
498.99142	0.51014
499.23247	0.50975
499.47353	0.50936
499.71459	0.50892
499.95565	0.50837
500.19671	0.50769
500.43777	0.50684
500.67883	0.50581
500.91988	0.50461
501.16094	0.50326
501.40200	0.50179
501.64306	0.50024
501.88412	0.49862
502.12518	0.49696
502.36624	0.49525
502.60730	0.49345
502.84835	0.49152
503.08941	0.48940
503.33047	0.48706
503.57153	0.48442
503.81259	0.48147
504.05365	0.47822
504.29471	0.47469
504.53576	0.47094
504.77682	0.46707
505.01788	0.46320
505.25894	0.45946
505.50000	0.45598
505.74106	0.45295
505.98212	0.45053
506.22318	0.44885
506.46423	0.44806
506.70529	0.44825
506.94635	0.44951
507.18741	0.45187
507.42847	0.45531
507.66953	0.45977
507.91059	0.46516
508.15164	0.47132
508.39270	0.47810
508.63376	0.48529
508.87482	0.49272
509.11588	0.50018
509.35694	0.50749
509.59800	0.51453
509.83905	0.52121
510.08011	0.52747
510.32117	0.53328
510.56223	0.53866
510.80329	0.54365
511.04435	0.54830
511.28541	0.55269
511.52647	0.55687
511.76752	0.56089
512.00858	0.56478
512.24964	0.56855
512.49070	0.57219
512.73176	0.57569
512.97282	0.57902
513.21388	0.58218
513.45493	0.58515
513.69599	0.58796
513.93705	0.59061
514.17811	0.59314
514.41917	0.59560
514.66023	0.59800
514.90129	0.60039
515.14235	0.60275
515.38340	0.60510
515.62446	0.60739
515.86552	0.60962
516.10658	0.61173
516.34764	0.61372
516.58870	0.61556
516.82976	0.61727
517.07081	0.61886
517.31187	0.62035
517.55293	0.62179
517.79399	0.62321
518.03505	0.62462
518.27611	0.62605
518.51717	0.62750
518.75823	0.62895
518.99928	0.63039
519.24034	0.63180
519.48140	0.63316
519.72246	0.63446
519.96352	0.63569
520.20458	0.63688
520.44564	0.63802
520.68669	0.63914
520.92775	0.64024
521.16881	0.64135
521.40987	0.64246
521.65093	0.64355
521.89199	0.64462
522.13305	0.64561
522.37410	0.64652
522.61516	0.64730
522.85622	0.64793
523.09728	0.64840
523.33834	0.64871
523.57940	0.64888
523.82046	0.64894
524.06152	0.64891
524.30257	0.64884
524.54363	0.64874
524.78469	0.64864
525.02575	0.64855
525.26681	0.64847
525.50787	0.64839
525.74893	0.64833
525.98998	0.64828
526.23104	0.64827
526.47210	0.64834
526.71316	0.64853
526.95422	0.64888
527.19528	0.64945
527.43634	0.65028
527.67740	0.65140
527.91845	0.65280
528.15951	0.65449
528.40057	0.65642
528.64163	0.65855
528.88269	0.66083
529.12375	0.66322
529.36481	0.66567
529.60586	0.66815
529.84692	0.67065
530.08798	0.67318
530.32904	0.67574
530.57010	0.67835
530.81116	0.68102
531.05222	0.68376
531.29328	0.68657
531.53433	0.68942
531.77539	0.69228
532.01645	0.69511
532.25751	0.69786
532.49857	0.70049
532.73963	0.70296
532.98069	0.70525
533.22174	0.70735
533.46280	0.70928
533.70386	0.71103
533.94492	0.71264
534.18598	0.71409
534.42704	0.71541
534.66810	0.71657
534.90915	0.71755
535.15021	0.71834
535.39127	0.71889
535.63233	0.71920
535.87339	0.71925
536.11445	0.71903
536.35551	0.71857
536.59657	0.71788
536.83762	0.71701
537.07868	0.71599
537.31974	0.71485
537.56080	0.71362
537.80186	0.71231
538.04292	0.71093
538.28398	0.70947
538.52503	0.70793
538.76609	0.70629
539.00715	0.70456
539.24821	0.70274
539.48927	0.70086
539.73033	0.69893
539.97139	0.69701
540.21245	0.69513
540.45350	0.69333
540.69456	0.69165
540.93562	0.69008
541.17668	0.68864
541.41774	0.68732
541.65880	0.68608
541.89986	0.68491
542.14091	0.68377
542.38197	0.68266
542.62303	0.68157
542.86409	0.68050
543.10515	0.67947
543.34621	0.67850
543.58727	0.67762
543.82833	0.67685
544.06938	0.67618
544.31044	0.67560
544.55150	0.67511
544.79256	0.67465
545.03362	0.67418
545.27468	0.67365
545.51574	0.67301
545.75679	0.67224
545.99785	0.67129
546.23891	0.67016
546.47997	0.66885
546.72103	0.66737
546.96209	0.66572
547.20315	0.66392
547.44421	0.66196
547.68526	0.65983
547.92632	0.65752
548.16738	0.65499
548.40844	0.65221
548.64950	0.64915
548.89056	0.64579
549.13162	0.64214
549.37267	0.63821
549.61373	0.63404
549.85479	0.62970
550.09585	0.62524
550.33691	0.62075
550.57797	0.61632
550.81903	0.61203
551.06008	0.60795
551.30114	0.60415
551.54220	0.60070
551.78326	0.59766
552.02432	0.59506
552.26538	0.59294
552.50644	0.59133
552.74750	0.59024
552.98855	0.58969
553.22961	0.58965
553.47067	0.59011
553.71173	0.59103
553.95279	0.59239
554.19385	0.59412
554.43491	0.59618
554.67596	0.59852
554.91702	0.60107
555.15808	0.60380
555.39914	0.60664
555.64020	0.60957
555.88126	0.61255
556.12232	0.61554
556.36338	0.61853
556.60443	0.62148
556.84549	0.62439
557.08655	0.62721
557.32761	0.62992
557.56867	0.63248
557.80973	0.63486
558.05079	0.63703
558.29184	0.63897
558.53290	0.64066
558.77396	0.64209
559.01502	0.64328
559.25608	0.64427
559.49714	0.64508
559.73820	0.64576
559.97926	0.64633
560.22031	0.64685
560.46137	0.64731
560.70243	0.64771
560.94349	0.64806
561.18455	0.64832
561.42561	0.64846
561.66667	0.64847
561.90772	0.64832
562.14878	0.64802
562.38984	0.64758
562.63090	0.64703
562.87196	0.64642
563.11302	0.64580
563.35408	0.64520
563.59513	0.64465
563.83619	0.64417
564.07725	0.64376
564.31831	0.64339
564.55937	0.64304
564.80043	0.64268
565.04149	0.64228
565.28255	0.64185
565.52360	0.64139
565.76466	0.64092
566.00572	0.64049
566.24678	0.64013
566.48784	0.63987
566.72890	0.63975
566.96996	0.63977
567.21101	0.63992
567.45207	0.64018
567.69313	0.64051
567.93419	0.64088
568.17525	0.64126
568.41631	0.64164
568.65737	0.64201
568.89843	0.64239
569.13948	0.64282
569.38054	0.64331
569.62160	0.64392
569.86266	0.64465
570.10372	0.64552
570.34478	0.64652
570.58584	0.64764
570.82689	0.64883
571.06795	0.65006
571.30901	0.65128
571.55007	0.65247
571.79113	0.65360
572.03219	0.65467
572.27325	0.65568
572.51431	0.65666
572.75536	0.65762
572.99642	0.65859
573.23748	0.65960
573.47854	0.66064
573.71960	0.66173
573.96066	0.66284
574.20172	0.66396
574.44277	0.66508
574.68383	0.66617
574.92489	0.66725
575.16595	0.66833
575.40701	0.66944
575.64807	0.67063
575.88913	0.67194
576.13018	0.67344
576.37124	0.67516
576.61230	0.67713
576.85336	0.67935
577.09442	0.68181
577.33548	0.68449
577.57654	0.68734
577.81760	0.69032
578.05865	0.69337
578.29971	0.69647
578.54077	0.69957
578.78183	0.70266
579.02289	0.70573
579.26395	0.70876
579.50501	0.71174
579.74606	0.71467
579.98712	0.71751
580.22818	0.72024
580.46924	0.72285
580.71030	0.72530
580.95136	0.72758
581.19242	0.72970
581.43348	0.73166
581.67453	0.73350
581.91559	0.73527
582.15665	0.73704
582.39771	0.73886
582.63877	0.74079
582.87983	0.74287
583.12089	0.74515
583.36194	0.74763
583.60300	0.75030
583.84406	0.75314
584.08512	0.75613
584.32618	0.75922
584.56724	0.76238
584.80830	0.76559
585.04936	0.76884
585.29041	0.77209
585.53147	0.77535
585.77253	0.77860
586.01359	0.78179
586.25465	0.78491
586.49571	0.78790
586.73677	0.79071
586.97782	0.79328
587.21888	0.79557
587.45994	0.79755
587.70100	0.79920
587.94206	0.80056
588.18312	0.80165
588.42418	0.80255
588.66523	0.80332
588.90629	0.80405
589.14735	0.80479
589.38841	0.80560
589.62947	0.80650
589.87053	0.80751
590.11159	0.80860
590.35265	0.80977
590.59370	0.81098
590.83476	0.81222
591.07582	0.81348
591.31688	0.81476
591.55794	0.81609
591.79900	0.81748
592.04006	0.81896
592.28111	0.82052
592.52217	0.82217
592.76323	0.82385
593.00429	0.82552
593.24535	0.82709
593.48641	0.82848
593.72747	0.82961
593.96853	0.83040
594.20958	0.83081
594.45064	0.83081
594.69170	0.83041
594.93276	0.82966
595.17382	0.82860
595.41488	0.82731
595.65594	0.82585
595.89699	0.82429
596.13805	0.82268
596.37911	0.82104
596.62017	0.81939
596.86123	0.81775
597.10229	0.81611
597.34335	0.81447
597.58441	0.81284
597.82546	0.81124
598.06652	0.80970
598.30758	0.80826
598.54864	0.80697
598.78970	0.80588
599.03076	0.80503
599.27182	0.80445
599.51287	0.80414
599.75393	0.80408
599.99499	0.80423
600.23605	0.80453
600.47711	0.80488
600.71817	0.80521
600.95923	0.80542
601.20029	0.80545
601.44134	0.80524
601.68240	0.80473
601.92346	0.80391
602.16452	0.80277
602.40558	0.80129
602.64664	0.79949
602.88770	0.79736
603.12875	0.79490
603.36981	0.79213
603.61087	0.78905
603.85193	0.78567
604.09299	0.78201
604.33405	0.77811
604.57511	0.77401
604.81616	0.76975
605.05722	0.76539
605.29828	0.76098
605.53934	0.75655
605.78040	0.75213
606.02146	0.74772
606.26252	0.74332
606.50358	0.73891
606.74463	0.73445
606.98569	0.72992
607.22675	0.72527
607.46781	0.72047
607.70887	0.71550
607.94993	0.71033
608.19099	0.70495
608.43204	0.69934
608.67310	0.69349
608.91416	0.68738
609.15522	0.68100
609.39628	0.67433
609.63734	0.66735
609.87840	0.66006
610.11946	0.65245
610.36051	0.64453
610.60157	0.63633
610.84263	0.62789
611.08369	0.61925
611.32475	0.61050
611.56581	0.60169
611.80687	0.59292
612.04792	0.58426
612.28898	0.57578
612.53004	0.56755
612.77110	0.55965
613.01216	0.55212
613.25322	0.54503
613.49428	0.53842
613.73534	0.53236
613.97639	0.52687
614.21745	0.52200
614.45851	0.51777
614.69957	0.51418
614.94063	0.51120
615.18169	0.50880
615.42275	0.50691
615.66380	0.50546
615.90486	0.50436
616.14592	0.50350
616.38698	0.50281
616.62804	0.50220
616.86910	0.50160
617.11016	0.50096
617.35121	0.50026
617.59227	0.49946
617.83333	0.49857
618.07439	0.49759
618.31545	0.49651
618.55651	0.49535
618.79757	0.49410
619.03863	0.49277
619.27968	0.49136
619.52074	0.48988
619.76180	0.48831
620.00286	0.48668
620.24392	0.48499
620.48498	0.48324
620.72604	0.48145
620.96709	0.47963
621.20815	0.47779
621.44921	0.47593
621.69027	0.47405
621.93133	0.47214
622.17239	0.47016
622.41345	0.46810
622.65451	0.46592
622.89556	0.46357
623.13662	0.46104
623.37768	0.45828
623.61874	0.45529
623.85980	0.45207
624.10086	0.44864
624.34192	0.44500
624.58297	0.44122
624.82403	0.43732
625.06509	0.43336
625.30615	0.42936
625.54721	0.42539
625.78827	0.42145
626.02933	0.41757
626.27039	0.41377
626.51144	0.41005
626.75250	0.40640
626.99356	0.40281
627.23462	0.39928
627.47568	0.39578
627.71674	0.39226
627.95780	0.38871
628.19885	0.38508
628.43991	0.38131
628.68097	0.37738
628.92203	0.37325
629.16309	0.36892
629.40415	0.36438
629.64521	0.35968
629.88626	0.35488
630.12732	0.35006
630.36838	0.34533
630.60944	0.34079
630.85050	0.33655
631.09156	0.33271
631.33262	0.32936
631.57368	0.32653
631.81473	0.32425
632.05579	0.32250
632.29685	0.32123
632.53791	0.32039
632.77897	0.31987
633.02003	0.31959
633.26109	0.31947
633.50214	0.31941
633.74320	0.31935
633.98426	0.31922
634.22532	0.31898
634.46638	0.31860
634.70744	0.31806
634.94850	0.31737
635.18956	0.31654
635.43061	0.31558
635.67167	0.31452
635.91273	0.31338
636.15379	0.31218
636.39485	0.31096
636.63591	0.30974
636.87697	0.30853
637.11802	0.30733
637.35908	0.30616
637.60014	0.30500
637.84120	0.30385
638.08226	0.30269
638.32332	0.30149
638.56438	0.30024
638.80544	0.29892
639.04649	0.29752
639.28755	0.29602
639.52861	0.29445
639.76967	0.29279
640.01073	0.29105
640.25179	0.28925
640.49285	0.28738
640.73390	0.28544
640.97496	0.28345
641.21602	0.28138
641.45708	0.27925
641.69814	0.27704
641.93920	0.27477
642.18026	0.27245
642.42132	0.27009
642.66237	0.26774
642.90343	0.26541
643.14449	0.26314
643.38555	0.26098
643.62661	0.25895
643.86767	0.25707
644.10873	0.25538
644.34978	0.25388
644.59084	0.25257
644.83190	0.25145
645.07296	0.25050
645.31402	0.24970
645.55508	0.24904
645.79614	0.24848
646.03719	0.24799
646.27825	0.24755
646.51931	0.24713
646.76037	0.24670
647.00143	0.24625
647.24249	0.24575
647.48355	0.24518
647.72461	0.24454
647.96566	0.24381
648.20672	0.24300
648.44778	0.24208
648.68884	0.24108
648.92990	0.23999
649.17096	0.23882
649.41202	0.23759
649.65307	0.23630
649.89413	0.23497
650.13519	0.23361
650.37625	0.23223
650.61731	0.23083
650.85837	0.22941
651.09943	0.22799
651.34049	0.22655
651.58154	0.22509
651.82260	0.22361
652.06366	0.22210
652.30472	0.22057
652.54578	0.21900
652.78684	0.21738
653.02790	0.21573
653.26895	0.21402
653.51001	0.21225
653.75107	0.21040
653.99213	0.20847
654.23319	0.20645
654.47425	0.20432
654.71531	0.20208
654.95637	0.19971
655.19742	0.19722
655.43848	0.19461
655.67954	0.19186
655.92060	0.18898
656.16166	0.18596
656.40272	0.18281
656.64378	0.17953
656.88483	0.17611
657.12589	0.17258
657.36695	0.16894
657.60801	0.16523
657.84907	0.16149
658.09013	0.15778
658.33119	0.15416
658.57224	0.15070
658.81330	0.14747
659.05436	0.14456
659.29542	0.14200
659.53648	0.13987
659.77754	0.13816
660.01860	0.13690
660.25966	0.13606
660.50071	0.13559
660.74177	0.13543
660.98283	0.13552
661.22389	0.13577
661.46495	0.13612
661.70601	0.13649
661.94707	0.13683
662.18812	0.13708
662.42918	0.13722
662.67024	0.13723
662.91130	0.13709
663.15236	0.13680
663.39342	0.13636
663.63448	0.13577
663.87554	0.13505
664.11659	0.13421
664.35765	0.13326
664.59871	0.13221
664.83977	0.13109
665.08083	0.12989
665.32189	0.12864
665.56295	0.12735
665.80400	0.12602
666.04506	0.12465
666.28612	0.12326
666.52718	0.12184
666.76824	0.12039
667.00930	0.11891
667.25036	0.11740
667.49142	0.11586
667.73247	0.11431
667.97353	0.11273
668.21459	0.11114
668.45565	0.10953
668.69671	0.10791
668.93777	0.10627
669.17883	0.10463
669.41988	0.10298
669.66094	0.10131
669.90200	0.09965
670.14306	0.09798
670.38412	0.09631
670.62518	0.09466
670.86624	0.09303
671.10729	0.09142
671.34835	0.08985
671.58941	0.08831
671.83047	0.08681
672.07153	0.08535
672.31259	0.08391
672.55365	0.08251
672.79471	0.08112
673.03576	0.07974
673.27682	0.07837
673.51788	0.07700
673.75894	0.07563
674.00000	0.07426
674.24106	0.07289
674.48212	0.07152
674.72317	0.07015
674.96423	0.06879
675.20529	0.06743
675.44635	0.06608
675.68741	0.06474
675.92847	0.06340
676.16953	0.06206
676.41059	0.06072
676.65164	0.05937
676.89270	0.05802
677.13376	0.05667
677.37482	0.05532
677.61588	0.05397
677.85694	0.05264
678.09800	0.05132
678.33905	0.05002
678.58011	0.04876
678.82117	0.04752
679.06223	0.04633
679.30329	0.04518
679.54435	0.04407
679.78541	0.04300
680.02647	0.04198
680.26752	0.04099
680.50858	0.04003
680.74964	0.03909
680.99070	0.03818
681.23176	0.03728
681.47282	0.03639
681.71388	0.03551
681.95493	0.03464
682.19599	0.03378
682.43705	0.03294
682.67811	0.03212
682.91917	0.03132
683.16023	0.03055
683.40129	0.02981
683.64234	0.02911
683.88340	0.02845
684.12446	0.02782
684.36552	0.02722
684.60658	0.02664
684.84764	0.02609
685.08870	0.02556
685.32976	0.02503
685.57081	0.02451
685.81187	0.02400
686.05293	0.02349
686.29399	0.02300
686.53505	0.02251
686.77611	0.02203
687.01717	0.02158
687.25822	0.02114
687.49928	0.02073
687.74034	0.02033
687.98140	0.01996
688.22246	0.01961
688.46352	0.01927
688.70458	0.01895
688.94564	0.01863
689.18669	0.01832
689.42775	0.01801
689.66881	0.01771
689.90987	0.01740
690.15093	0.01711
690.39199	0.01682
690.63305	0.01653
690.87410	0.01626
691.11516	0.01600
691.35622	0.01575
691.59728	0.01551
691.83834	0.01529
692.07940	0.01508
692.32046	0.01488
692.56152	0.01468
692.80257	0.01449
693.04363	0.01431
693.28469	0.01412
693.52575	0.01393
693.76681	0.01373
694.00787	0.01352
694.24893	0.01330
694.48998	0.01306
694.73104	0.01280
694.97210	0.01251
695.21316	0.01221
695.45422	0.01190
695.69528	0.01157
695.93634	0.01124
696.17740	0.01091
696.41845	0.01058
696.65951	0.01026
696.90057	0.00995
697.14163	0.00965
697.38269	0.00936
697.62375	0.00909
697.86481	0.00881
698.10586	0.00854
698.34692	0.00827
698.58798	0.00801
698.82904	0.00774
699.07010	0.00747
699.31116	0.00720
699.55222	0.00693
699.79327	0.00668
700.03433	0.00643
700.27539	0.00620
700.51645	0.00598
700.75751	0.00577
700.99857	0.00558
701.23963	0.00540
701.48069	0.00523
701.72174	0.00508
701.96280	0.00494
702.20386	0.00481
702.44492	0.00470
702.68598	0.00460
702.92704	0.00452
703.16810	0.00446
703.40915	0.00441
703.65021	0.00438
703.89127	0.00437
704.13233	0.00436
704.37339	0.00437
704.61445	0.00437
704.85551	0.00438
705.09657	0.00437
705.33762	0.00436
705.57868	0.00433
705.81974	0.00429
706.06080	0.00423
706.30186	0.00417
706.54292	0.00411
706.78398	0.00405
707.02503	0.00399
707.26609	0.00395
707.50715	0.00392
707.74821	0.00392
707.98927	0.00392
708.23033	0.00394
708.47139	0.00397
708.71245	0.00400
708.95350	0.00403
709.19456	0.00405
709.43562	0.00406
709.67668	0.00406
709.91774	0.00406
710.15880	0.00404
710.39986	0.00403
710.64091	0.00401
710.88197	0.00400
711.12303	0.00399
711.36409	0.00398
711.60515	0.00398
711.84621	0.00399
712.08727	0.00399
712.32832	0.00401
712.56938	0.00402
712.81044	0.00403
713.05150	0.00404
713.29256	0.00405
713.53362	0.00406
713.77468	0.00407
714.01574	0.00407
714.25679	0.00407
714.49785	0.00406
714.73891	0.00405
714.97997	0.00404
715.22103	0.00402
715.46209	0.00400
715.70315	0.00399
715.94420	0.00397
716.18526	0.00396
716.42632	0.00395
716.66738	0.00395
716.90844	0.00394
717.14950	0.00394
717.39056	0.00395
717.63162	0.00396
717.87267	0.00396
718.11373	0.00397
718.35479	0.00399
718.59585	0.00400
718.83691	0.00401
719.07797	0.00402
719.31903	0.00404
719.56008	0.00405
719.80114	0.00405
720.04220	0.00405
720.28326	0.00404
720.52432	0.00402
720.76538	0.00399
721.00644	0.00397
721.24750	0.00393
721.48855	0.00390
721.72961	0.00388
721.97067	0.00386
722.21173	0.00385
722.45279	0.00384
722.69385	0.00383
722.93491	0.00383
723.17596	0.00382
723.41702	0.00380
723.65808	0.00377
723.89914	0.00374
724.14020	0.00370
724.38126	0.00366
724.62232	0.00364
724.86337	0.00362
725.10443	0.00362
725.34549	0.00363
725.58655	0.00366
725.82761	0.00370
726.06867	0.00373
726.30973	0.00377
726.55079	0.00379
726.79184	0.00380
727.03290	0.00379
727.27396	0.00377
727.51502	0.00374
727.75608	0.00371
727.99714	0.00367
728.23820	0.00364
728.47925	0.00363
728.72031	0.00362
728.96137	0.00363
729.20243	0.00364
729.44349	0.00366
729.68455	0.00369
729.92561	0.00371
730.16667	0.00372
730.40772	0.00373
730.64878	0.00374
730.88984	0.00373
731.13090	0.00372
731.37196	0.00371
731.61302	0.00369
731.85408	0.00368
732.09513	0.00367
732.33619	0.00366
732.57725	0.00366
732.81831	0.00366
733.05937	0.00367
733.30043	0.00368
733.54149	0.00368
733.78255	0.00368
734.02360	0.00367
734.26466	0.00366
734.50572	0.00364
734.74678	0.00361
734.98784	0.00358
735.22890	0.00355
735.46996	0.00352
735.71101	0.00350
735.95207	0.00348
736.19313	0.00346
736.43419	0.00345
736.67525	0.00345
736.91631	0.00345
737.15737	0.00345
737.39842	0.00345
737.63948	0.00346
737.88054	0.00346
738.12160	0.00347
738.36266	0.00348
738.60372	0.00348
738.84478	0.00349
739.08584	0.00349
739.32689	0.00348
739.56795	0.00347
739.80901	0.00346
740.05007	0.00344
740.29113	0.00342
740.53219	0.00341
740.77325	0.00339
741.01430	0.00338
741.25536	0.00337
741.49642	0.00337
741.73748	0.00337
741.97854	0.00338
742.21960	0.00339
742.46066	0.00339
742.70172	0.00339
742.94277	0.00340
743.18383	0.00339
743.42489	0.00339
743.66595	0.00338
743.90701	0.00338
744.14807	0.00338
744.38913	0.00338
744.63018	0.00338
744.87124	0.00339
745.11230	0.00341
745.35336	0.00342
745.59442	0.00345
745.83548	0.00347
746.07654	0.00350
746.31760	0.00354
746.55865	0.00357
746.79971	0.00362
747.04077	0.00367
747.28183	0.00372
747.52289	0.00378
747.76395	0.00384
748.00501	0.00390
748.24606	0.00396
748.48712	0.00402
748.72818	0.00408
748.96924	0.00414
749.21030	0.00420
749.45136	0.00427
749.69242	0.00434
749.93348	0.00442
750.17453	0.00449
750.41559	0.00457
750.65665	0.00465
750.89771	0.00472
751.13877	0.00479
751.37983	0.00485
751.62089	0.00491
751.86194	0.00497
752.10300	0.00503
752.34406	0.00510
752.58512	0.00518
752.82618	0.00528
753.06724	0.00538
753.30830	0.00551
753.54935	0.00565
753.79041	0.00581
754.03147	0.00599
754.27253	0.00618
754.51359	0.00637
754.75465	0.00657
754.99571	0.00677
755.23677	0.00696
755.47782	0.00715
755.71888	0.00733
755.95994	0.00751
756.20100	0.00768
756.44206	0.00784
756.68312	0.00801
756.92418	0.00817
757.16523	0.00834
757.40629	0.00850
757.64735	0.00867
757.88841	0.00884
758.12947	0.00902
758.37053	0.00919
758.61159	0.00937
758.85265	0.00956
759.09370	0.00976
759.33476	0.00996
759.57582	0.01017
759.81688	0.01038
760.05794	0.01059
760.29900	0.01080
760.54006	0.01100
760.78111	0.01119
761.02217	0.01137
761.26323	0.01155
761.50429	0.01171
761.74535	0.01187
761.98641	0.01202
762.22747	0.01217
762.46853	0.01232
762.70958	0.01247
762.95064	0.01262
763.19170	0.01276
763.43276	0.01290
763.67382	0.01303
763.91488	0.01315
764.15594	0.01325
764.39699	0.01334
764.63805	0.01342
764.87911	0.01349
765.12017	0.01356
765.36123	0.01363
765.60229	0.01370
765.84335	0.01377
766.08440	0.01385
766.32546	0.01393
766.56652	0.01401
766.80758	0.01409
767.04864	0.01416
767.28970	0.01422
767.53076	0.01428
767.77182	0.01433
768.01287	0.01437
768.25393	0.01440
768.49499	0.01444
768.73605	0.01447
768.97711	0.01450
769.21817	0.01453
769.45923	0.01457
769.70028	0.01461
769.94134	0.01465
770.18240	0.01470
770.42346	0.01475
770.66452	0.01483
770.90558	0.01492
771.14664	0.01503
771.38770	0.01516
771.62875	0.01532
771.86981	0.01549
772.11087	0.01568
772.35193	0.01587
772.59299	0.01607
772.83405	0.01628
773.07511	0.01648
773.31616	0.01669
773.55722	0.01690
773.79828	0.01712
774.03934	0.01734
774.28040	0.01757
774.52146	0.01782
774.76252	0.01807
775.00358	0.01834
775.24463	0.01862
775.48569	0.01890
775.72675	0.01920
775.96781	0.01950
776.20887	0.01980
776.44993	0.02009
776.69099	0.02038
776.93204	0.02067
777.17310	0.02094
777.41416	0.02120
777.65522	0.02144
777.89628	0.02168
778.13734	0.02190
778.37840	0.02211
778.61945	0.02232
778.86051	0.02252
779.10157	0.02272
779.34263	0.02292
779.58369	0.02312
779.82475	0.02331
780.06581	0.02351
780.30687	0.02370
780.54792	0.02389
780.78898	0.02408
781.03004	0.02427
781.27110	0.02446
781.51216	0.02464
781.75322	0.02483
781.99428	0.02501
782.23533	0.02518
782.47639	0.02535
782.71745	0.02551
782.95851	0.02565
783.19957	0.02578
783.44063	0.02590
783.68169	0.02599
783.92275	0.02607
784.16380	0.02613
784.40486	0.02617
784.64592	0.02619
784.88698	0.02619
785.12804	0.02617
785.36910	0.02613
785.61016	0.02606
785.85121	0.02597
786.09227	0.02586
786.33333	0.02572
786.57439	0.02557
786.81545	0.02539
787.05651	0.02520
787.29757	0.02500
787.53863	0.02480
787.77968	0.02458
788.02074	0.02436
788.26180	0.02413
788.50286	0.02390
788.74392	0.02366
788.98498	0.02342
789.22604	0.02317
789.46709	0.02292
789.70815	0.02267
789.94921	0.02241
790.19027	0.02216
790.43133	0.02191
790.67239	0.02166
790.91345	0.02141
791.15451	0.02116
791.39556	0.02092
791.63662	0.02069
791.87768	0.02047
792.11874	0.02025
792.35980	0.02006
792.60086	0.01987
792.84192	0.01970
793.08297	0.01955
793.32403	0.01941
793.56509	0.01928
793.80615	0.01917
794.04721	0.01908
794.28827	0.01900
794.52933	0.01895
794.77038	0.01892
795.01144	0.01891
795.25250	0.01892
795.49356	0.01896
795.73462	0.01900
795.97568	0.01906
796.21674	0.01913
796.45780	0.01920
796.69885	0.01926
796.93991	0.01932
797.18097	0.01937
797.42203	0.01941
797.66309	0.01944
797.90415	0.01945
798.14521	0.01946
798.38626	0.01945
798.62732	0.01943
798.86838	0.01940
799.10944	0.01936
799.35050	0.01933
799.59156	0.01929
799.83262	0.01926
800.07368	0.01923
800.31473	0.01921
800.55579	0.01920
800.79685	0.01919
801.03791	0.01918
801.27897	0.01917
801.52003	0.01915
801.76109	0.01912
802.00214	0.01907
802.24320	0.01901
802.48426	0.01893
802.72532	0.01883
802.96638	0.01873
803.20744	0.01861
803.44850	0.01849
803.68956	0.01836
803.93061	0.01822
804.17167	0.01808
804.41273	0.01793
804.65379	0.01777
804.89485	0.01759
805.13591	0.01740
805.37697	0.01719
805.61802	0.01696
805.85908	0.01672
806.10014	0.01648
806.34120	0.01622
806.58226	0.01597
806.82332	0.01573
807.06438	0.01550
807.30543	0.01530
807.54649	0.01511
807.78755	0.01497
808.02861	0.01485
808.26967	0.01478
808.51073	0.01475
808.75179	0.01477
808.99285	0.01484
809.23390	0.01495
809.47496	0.01511
809.71602	0.01531
809.95708	0.01555
810.19814	0.01582
810.43920	0.01613
810.68026	0.01645
810.92131	0.01679
811.16237	0.01714
811.40343	0.01748
811.64449	0.01782
811.88555	0.01816
812.12661	0.01848
812.36767	0.01879
812.60873	0.01909
812.84978	0.01939
813.09084	0.01967
813.33190	0.01996
813.57296	0.02024
813.81402	0.02051
814.05508	0.02077
814.29614	0.02102
814.53719	0.02124
814.77825	0.02144
815.01931	0.02161
815.26037	0.02176
815.50143	0.02188
815.74249	0.02198
815.98355	0.02207
816.22461	0.02215
816.46566	0.02223
816.70672	0.02230
816.94778	0.02238
817.18884	0.02245
817.42990	0.02252
817.67096	0.02258
817.91202	0.02263
818.15307	0.02266
818.39413	0.02269
818.63519	0.02270
818.87625	0.02270
819.11731	0.02268
819.35837	0.02266
819.59943	0.02264
819.84048	0.02261
820.08154	0.02257
820.32260	0.02254
820.56366	0.02251
820.80472	0.02247
821.04578	0.02243
821.28684	0.02239
821.52790	0.02235
821.76895	0.02230
822.01001	0.02226
822.25107	0.02221
822.49213	0.02216
822.73319	0.02211
822.97425	0.02205
823.21531	0.02200
823.45636	0.02194
823.69742	0.02188
823.93848	0.02181
824.17954	0.02173
824.42060	0.02164
824.66166	0.02155
824.90272	0.02144
825.14378	0.02133
825.38483	0.02121
825.62589	0.02108
825.86695	0.02095
826.10801	0.02081
826.34907	0.02068
826.59013	0.02054
826.83119	0.02040
827.07224	0.02025
827.31330	0.02010
827.55436	0.01994
827.79542	0.01978
828.03648	0.01961
828.27754	0.01944
828.51860	0.01927
828.75966	0.01910
829.00071	0.01894
829.24177	0.01878
829.48283	0.01863
829.72389	0.01848
829.96495	0.01834
830.20601	0.01819
830.44707	0.01804
830.68812	0.01787
830.92918	0.01769
831.17024	0.01749
831.41130	0.01727
831.65236	0.01702
831.89342	0.01676
832.13448	0.01648
832.37553	0.01618
832.61659	0.01588
832.85765	0.01557
833.09871	0.01525
833.33977	0.01493
833.58083	0.01460
833.82189	0.01426
834.06295	0.01391
834.30400	0.01354
834.54506	0.01314
834.78612	0.01272
835.02718	0.01227
835.26824	0.01179
835.50930	0.01128
835.75036	0.01073
835.99141	0.01016
836.23247	0.00956
836.47353	0.00895
836.71459	0.00833
836.95565	0.00771
837.19671	0.00710
837.43777	0.00651
837.67883	0.00595
837.91988	0.00544
838.16094	0.00496
838.40200	0.00454
838.64306	0.00416
838.88412	0.00384
839.12518	0.00356
839.36624	0.00332
839.60729	0.00313
839.84835	0.00298
840.08941	0.00287
840.33047	0.00280
840.57153	0.00276
840.81259	0.00276
841.05365	0.00278
841.29471	0.00283
841.53576	0.00291
841.77682	0.00300
842.01788	0.00312
842.25894	0.00325
842.50000	0.00339
842.74106	0.00354
842.98212	0.00369
843.22317	0.00386
843.46423	0.00403
843.70529	0.00421
843.94635	0.00439
844.18741	0.00457
844.42847	0.00474
844.66953	0.00491
844.91059	0.00507
845.15164	0.00522
845.39270	0.00535
845.63376	0.00546
845.87482	0.00555
846.11588	0.00563
846.35694	0.00570
846.59800	0.00575
846.83905	0.00581
847.08011	0.00587
847.32117	0.00594
847.56223	0.00601
847.80329	0.00610
848.04435	0.00621
848.28541	0.00631
848.52646	0.00642
848.76752	0.00653
849.00858	0.00663
849.24964	0.00673
849.49070	0.00682
849.73176	0.00690
849.97282	0.00697
850.21388	0.00704
850.45493	0.00711
850.69599	0.00718
850.93705	0.00726
851.17811	0.00734
851.41917	0.00742
851.66023	0.00751
851.90129	0.00760
852.14234	0.00769
852.38340	0.00777
852.62446	0.00786
852.86552	0.00794
853.10658	0.00803
853.34764	0.00812
853.58870	0.00821
853.82976	0.00830
854.07081	0.00840
854.31187	0.00849
854.55293	0.00859
854.79399	0.00869
855.03505	0.00879
855.27611	0.00889
855.51717	0.00898
855.75822	0.00907
855.99928	0.00915
856.24034	0.00923
856.48140	0.00931
856.72246	0.00938
856.96352	0.00945
857.20458	0.00952
857.44564	0.00958
857.68669	0.00964
857.92775	0.00969
858.16881	0.00974
858.40987	0.00979
858.65093	0.00983
858.89199	0.00986
859.13305	0.00989
859.37410	0.00992
859.61516	0.00994
859.85622	0.00995
860.09728	0.00996
860.33834	0.00996
860.57940	0.00996
860.82046	0.00995
861.06151	0.00994
861.30257	0.00992
861.54363	0.00990
861.78469	0.00988
862.02575	0.00985
862.26681	0.00981
862.50787	0.00977
862.74893	0.00972
862.98998	0.00966
863.23104	0.00959
863.47210	0.00952
863.71316	0.00945
863.95422	0.00937
864.19528	0.00929
864.43634	0.00921
864.67739	0.00912
864.91845	0.00902
865.15951	0.00892
865.40057	0.00880
865.64163	0.00868
865.88269	0.00854
866.12375	0.00839
866.36481	0.00822
866.60586	0.00806
866.84692	0.00788
867.08798	0.00771
867.32904	0.00754
867.57010	0.00738
867.81116	0.00723
868.05222	0.00708
868.29327	0.00694
868.53433	0.00680
868.77539	0.00667
869.01645	0.00653
869.25751	0.00640
869.49857	0.00625
869.73963	0.00611
869.98069	0.00597
870.22174	0.00584
870.46280	0.00572
870.70386	0.00563
870.94492	0.00556
871.18598	0.00553
871.42704	0.00555
871.66810	0.00561
871.90915	0.00570
872.15021	0.00583
872.39127	0.00600
872.63233	0.00618
872.87339	0.00638
873.11445	0.00659
873.35551	0.00680
873.59656	0.00701
873.83762	0.00720
874.07868	0.00738
874.31974	0.00755
874.56080	0.00770
874.80186	0.00785
875.04292	0.00798
875.28398	0.00809
875.52503	0.00819
875.76609	0.00827
876.00715	0.00833
876.24821	0.00836
876.48927	0.00838
876.73033	0.00838
876.97139	0.00836
877.21244	0.00833
877.45350	0.00829
877.69456	0.00823
877.93562	0.00817
878.17668	0.00810
878.41774	0.00802
878.65880	0.00792
878.89986	0.00781
879.14091	0.00768
879.38197	0.00754
879.62303	0.00740
879.86409	0.00724
880.10515	0.00709
880.34621	0.00693
880.58727	0.00678
880.82832	0.00663
881.06938	0.00649
881.31044	0.00636
881.55150	0.00624
881.79256	0.00613
882.03362	0.00603
882.27468	0.00593
882.51574	0.00585
882.75679	0.00577
882.99785	0.00569
883.23891	0.00562
883.47997	0.00554
883.72103	0.00546
883.96209	0.00536
884.20315	0.00526
884.44420	0.00515
884.68526	0.00503
884.92632	0.00489
885.16738	0.00475
885.40844	0.00460
885.64950	0.00445
885.89056	0.00430
886.13161	0.00415
886.37267	0.00401
886.61373	0.00387
886.85479	0.00374
887.09585	0.00362
887.33691	0.00351
887.57797	0.00341
887.81903	0.00332
888.06008	0.00324
888.30114	0.00317
888.54220	0.00311
888.78326	0.00306
889.02432	0.00302
889.26538	0.00297
889.50644	0.00293
889.74749	0.00289
889.98855	0.00285
890.22961	0.00281
890.47067	0.00277
890.71173	0.00273
890.95279	0.00268
891.19385	0.00263
891.43491	0.00259
891.67596	0.00254
891.91702	0.00250
892.15808	0.00246
892.39914	0.00241
892.64020	0.00237
892.88126	0.00233
893.12232	0.00230
893.36337	0.00226
893.60443	0.00223
893.84549	0.00219
894.08655	0.00216
894.32761	0.00212
894.56867	0.00209
894.80973	0.00205
895.05079	0.00200
895.29184	0.00196
895.53290	0.00191
895.77396	0.00185
896.01502	0.00179
896.25608	0.00173
896.49714	0.00167
896.73820	0.00161
896.97925	0.00155
897.22031	0.00149
897.46137	0.00144
897.70243	0.00139
897.94349	0.00134
898.18455	0.00129
898.42561	0.00125
898.66667	0.00120
898.90772	0.00117
899.14878	0.00113
899.38984	0.00109
899.63090	0.00105
