0.00000	-0.00199
0.24106	-0.00181
0.48212	-0.00126
0.72318	-0.00032
0.96423	0.00101
1.20529	0.00272
1.44635	0.00476
1.68741	0.00703
1.92847	0.00939
2.16953	0.01174
2.41059	0.01384
2.65165	0.01556
2.89270	0.01684
3.13376	0.01764
3.37482	0.01804
3.61588	0.01812
3.85694	0.01800
4.09800	0.01780
4.33906	0.01762
4.58011	0.01751
4.82117	0.01750
5.06223	0.01759
5.30329	0.01775
5.54435	0.01794
5.78541	0.01812
6.02647	0.01826
6.26753	0.01833
6.50858	0.01832
6.74964	0.01823
6.99070	0.01805
7.23176	0.01780
7.47282	0.01751
7.71388	0.01718
7.95494	0.01685
8.19599	0.01654
8.43705	0.01624
8.67811	0.01597
8.91917	0.01574
9.16023	0.01554
9.40129	0.01539
9.64235	0.01529
9.88340	0.01526
10.12446	0.01533
10.36552	0.01554
10.60658	0.01591
10.84764	0.01645
11.08870	0.01716
11.32976	0.01800
11.57082	0.01891
11.81187	0.01982
12.05293	0.02062
12.29399	0.02118
12.53505	0.02140
12.77611	0.02121
13.01717	0.02054
13.25823	0.01939
13.49928	0.01782
13.74034	0.01569
13.98140	0.01337
14.22246	0.01110
14.46352	0.00910
14.70458	0.00757
14.94564	0.00667
15.18670	0.00643
15.42775	0.00682
15.66881	0.00773
15.90987	0.00897
16.15093	0.01035
16.39199	0.01169
16.63305	0.01284
16.87411	0.01371
17.11516	0.01429
17.35622	0.01459
17.59728	0.01442
17.83834	0.01410
18.07940	0.01368
18.32046	0.01316
18.56152	0.01253
18.80258	0.01179
19.04363	0.01092
19.28469	0.00991
19.52575	0.00860
19.76681	0.00733
20.00787	0.00627
20.24893	0.00556
20.48999	0.00529
20.73104	0.00547
20.97210	0.00606
21.21316	0.00696
21.45422	0.00842
21.69528	0.01013
21.93634	0.01208
22.17740	0.01422
22.41845	0.01649
22.65951	0.01879
22.90057	0.02105
23.14163	0.02317
23.38269	0.02509
23.62375	0.02678
23.86481	0.02826
24.10587	0.02958
24.34692	0.03083
24.58798	0.03207
24.82904	0.03338
25.07010	0.03480
25.31116	0.03636
25.55222	0.03806
25.79328	0.03989
26.03433	0.04180
26.27539	0.04374
26.51645	0.04567
26.75751	0.04754
26.99857	0.04936
27.23963	0.05113
27.48069	0.05293
27.72175	0.05484
27.96280	0.05696
28.20386	0.05941
28.44492	0.06225
28.68598	0.06555
28.92704	0.06930
29.16810	0.07346
29.40916	0.07793
29.65021	0.08260
29.89127	0.08739
30.13233	0.09221
30.37339	0.09701
30.61445	0.10180
30.85551	0.10656
31.09657	0.11133
31.33763	0.11607
31.57868	0.12073
31.81974	0.12521
32.06080	0.12937
32.30186	0.13307
32.54292	0.13621
32.78398	0.13872
33.02504	0.14063
33.26609	0.14210
33.50715	0.14334
33.74821	0.14465
33.98927	0.14633
34.23033	0.14868
34.47139	0.15192
34.71245	0.15617
34.95350	0.16146
35.19456	0.16772
35.43562	0.17483
35.67668	0.18265
35.91774	0.19112
36.15880	0.20022
36.39986	0.21008
36.64092	0.22089
36.88197	0.23290
37.12303	0.24636
37.36409	0.26137
37.60515	0.27789
37.84621	0.29563
38.08727	0.31404
38.32833	0.33236
38.56938	0.34969
38.81044	0.36515
39.05150	0.37795
39.29256	0.38755
39.53362	0.39378
39.77468	0.39682
40.01574	0.39723
40.25680	0.39581
40.49785	0.39354
40.73891	0.39135
40.97997	0.39011
41.22103	0.39040
41.46209	0.39257
41.70315	0.39667
41.94421	0.40254
42.18526	0.40988
42.42632	0.41836
42.66738	0.42768
42.90844	0.43764
43.14950	0.44816
43.39056	0.45926
43.63162	0.47095
43.87268	0.48325
44.11373	0.49602
44.35479	0.50900
44.59585	0.52174
44.83691	0.53365
45.07797	0.54408
45.31903	0.55240
45.56009	0.55813
45.80114	0.56104
46.04220	0.56121
46.28326	0.55907
46.52432	0.55534
46.76538	0.55101
47.00644	0.54718
47.24750	0.54494
47.48855	0.54523
47.72961	0.54872
47.97067	0.55579
48.21173	0.56650
48.45279	0.58065
48.69385	0.59787
48.93491	0.61777
49.17597	0.64003
49.41702	0.66450
49.65808	0.69126
49.89914	0.72055
50.14020	0.75272
50.38126	0.78806
50.62232	0.82667
50.86338	0.86830
51.10443	0.91228
51.34549	0.95750
51.58655	1.00250
51.82761	1.04562
52.06867	1.08524
52.30973	1.12001
52.55079	1.14905
52.79185	1.17208
53.03290	1.18947
53.27396	1.20209
53.51502	1.21120
53.75608	1.21817
53.99714	1.22422
54.23820	1.23028
54.47926	1.23684
54.72031	1.24399
54.96137	1.25155
55.20243	1.25922
55.44349	1.26686
55.68455	1.27467
55.92561	1.28328
56.16667	1.29375
56.40773	1.30747
56.64878	1.32586
56.88984	1.35008
57.13090	1.38078
57.37196	1.41783
57.61302	1.46025
57.85408	1.50626
58.09514	1.55351
58.33619	1.59940
58.57725	1.64144
58.81831	1.67767
59.05937	1.70684
59.30043	1.72862
59.54149	1.74350
59.78255	1.75264
60.02361	1.75753
60.26466	1.75969
60.50572	1.76032
60.74678	1.76012
60.98784	1.75922
61.22890	1.75720
61.46996	1.75337
61.71102	1.74701
61.95207	1.73768
62.19313	1.72548
62.43419	1.71117
62.67525	1.69614
62.91631	1.68232
63.15737	1.67181
63.39843	1.66663
63.63948	1.66831
63.88054	1.67764
64.12160	1.69449
64.36266	1.71785
64.60372	1.74595
64.84478	1.77655
65.08584	1.80727
65.32690	1.83596
65.56795	1.86097
65.80901	1.88130
66.05007	1.89668
66.29113	1.90735
66.53219	1.91389
66.77325	1.91694
67.01431	1.91690
67.25536	1.91382
67.49642	1.90729
67.73748	1.89655
67.97854	1.88066
68.21960	1.85880
68.46066	1.83054
68.70172	1.79602
68.94278	1.75607
69.18383	1.71221
69.42489	1.66647
69.66595	1.62112
69.90701	1.57843
70.14807	1.54029
70.38913	1.50806
70.63019	1.48238
70.87124	1.46326
71.11230	1.45012
71.35336	1.44209
71.59442	1.43818
71.83548	1.43756
72.07654	1.43973
72.31760	1.44456
72.55866	1.45224
72.79971	1.46316
73.04077	1.47763
73.28183	1.49571
73.52289	1.51695
73.76395	1.54035
74.00501	1.56432
74.24607	1.58681
74.48712	1.60562
74.72818	1.61865
74.96924	1.62424
75.21030	1.62146
75.45136	1.61026
75.69242	1.59153
75.93348	1.56700
76.17453	1.53903
76.41559	1.51028
76.65665	1.48345
76.89771	1.46091
77.13877	1.44451
77.37983	1.43544
77.62089	1.43419
77.86195	1.44066
78.10300	1.45432
78.34406	1.47438
78.58512	1.50004
78.82618	1.53060
79.06724	1.56555
79.30830	1.60452
79.54936	1.64723
79.79041	1.69328
80.03147	1.74200
80.27253	1.79227
80.51359	1.84250
80.75465	1.89067
80.99571	1.93450
81.23677	1.97173
81.47783	2.00042
81.71888	2.01932
81.95994	2.02804
82.20100	2.02718
82.44206	2.01830
82.68312	2.00366
82.92418	1.98593
83.16524	1.96779
83.40629	1.95155
83.64735	1.93886
83.88841	1.93060
84.12947	1.92685
84.37053	1.92712
84.61159	1.93058
84.85265	1.93642
85.09371	1.94416
85.33476	1.95381
85.57582	1.96597
85.81688	1.98168
86.05794	2.00218
86.29900	2.02858
86.54006	2.06148
86.78112	2.10064
87.02217	2.14485
87.26323	2.19192
87.50429	2.23893
87.74535	2.28257
87.98641	2.31965
88.22747	2.34758
88.46853	2.36479
88.70958	2.37096
88.95064	2.36702
89.19170	2.35495
89.43276	2.33741
89.67382	2.31718
89.91488	2.29676
90.15594	2.27794
90.39700	2.26160
90.63805	2.24774
90.87911	2.23567
91.12017	2.22442
91.36123	2.21310
91.60229	2.20132
91.84335	2.18940
92.08441	2.17847
92.32546	2.17033
92.56652	2.16708
92.80758	2.17077
93.04864	2.18292
93.28970	2.20413
93.53076	2.23388
93.77182	2.27050
94.01288	2.31133
94.25393	2.35313
94.49499	2.39250
94.73605	2.42640
94.97711	2.45263
95.21817	2.47000
95.45923	2.47853
95.70029	2.47922
95.94134	2.47382
96.18240	2.46435
96.42346	2.45271
96.66452	2.44030
96.90558	2.42779
97.14664	2.41510
97.38770	2.40155
97.62876	2.38617
97.86981	2.36810
98.11087	2.34692
98.35193	2.32294
98.59299	2.29729
98.83405	2.27186
99.07511	2.24906
99.31617	2.23140
99.55722	2.22110
99.79828	2.21972
100.03934	2.22784
100.28040	2.24500
100.52146	2.26978
100.76252	2.30003
101.00358	2.33326
101.24464	2.36703
101.48569	2.39932
101.72675	2.42881
101.96781	2.45495
102.20887	2.47789
102.44993	2.49828
102.69099	2.51691
102.93205	2.53443
103.17310	2.55102
103.41416	2.56626
103.65522	2.57915
103.89628	2.58826
104.13734	2.59207
104.37840	2.58931
104.61946	2.57931
104.86051	2.56227
105.10157	2.53934
105.34263	2.51256
105.58369	2.48460
105.82475	2.45838
106.06581	2.43667
106.30687	2.42163
106.54793	2.41460
106.78898	2.41592
107.03004	2.42498
107.27110	2.44048
107.51216	2.46076
107.75322	2.48418
107.99428	2.50951
108.23534	2.53612
108.47639	2.56407
108.71745	2.59401
108.95851	2.62690
109.19957	2.66360
109.44063	2.70450
109.68169	2.74923
109.92275	2.79645
110.16381	2.84393
110.40486	2.88878
110.64592	2.92790
110.88698	2.95847
111.12804	2.97843
111.36910	2.98687
111.61016	2.98416
111.85122	2.97196
112.09227	2.95288
112.33333	2.93007
112.57439	2.90670
112.81545	2.88545
113.05651	2.86821
113.29757	2.85585
113.53863	2.84835
113.77969	2.84495
114.02074	2.84460
114.26180	2.84634
114.50286	2.84965
114.74392	2.85472
114.98498	2.86244
115.22604	2.87430
115.46710	2.89206
115.70815	2.91729
115.94921	2.95099
116.19027	2.99316
116.43133	3.04263
116.67239	3.09709
116.91345	3.15327
117.15451	3.20738
117.39556	3.25566
117.63662	3.29491
117.87768	3.32299
118.11874	3.33908
118.35980	3.34375
118.60086	3.33876
118.84192	3.32667
119.08298	3.31036
119.32403	3.29245
119.56509	3.27492
119.80615	3.25886
120.04721	3.24441
120.28827	3.23101
120.52933	3.21772
120.77039	3.20370
121.01144	3.18860
121.25250	3.17286
121.49356	3.15786
121.73462	3.14572
121.97568	3.13904
122.21674	3.14043
122.45780	3.15202
122.69886	3.17498
122.93991	3.20931
123.18097	3.25370
123.42203	3.30569
123.66309	3.36205
123.90415	3.41927
124.14521	3.47405
124.38627	3.52377
124.62732	3.56681
124.86838	3.60266
125.10944	3.63173
125.35050	3.65511
125.59156	3.67412
125.83262	3.68986
126.07368	3.70290
126.31474	3.71307
126.55579	3.71946
126.79685	3.72073
127.03791	3.71537
127.27897	3.70226
127.52003	3.68102
127.76109	3.65233
128.00215	3.61799
128.24320	3.58087
128.48426	3.54449
128.72532	3.51255
128.96638	3.48841
129.20744	3.47453
129.44850	3.47211
129.68956	3.48090
129.93061	3.49931
130.17167	3.52467
130.41273	3.55372
130.65379	3.58318
130.89485	3.61023
131.13591	3.63298
131.37697	3.65060
131.61803	3.66332
131.85908	3.67217
132.10014	3.67854
132.34120	3.68370
132.58226	3.68838
132.82332	3.69246
133.06438	3.69488
133.30544	3.69383
133.54649	3.68713
133.78755	3.67267
134.02861	3.64893
134.26967	3.61545
134.51073	3.57298
134.75179	3.52355
134.99285	3.47016
135.23391	3.41638
135.47496	3.36577
135.71602	3.32133
135.95708	3.28514
136.19814	3.25807
136.43920	3.23977
136.68026	3.22893
136.92132	3.22363
137.16237	3.22180
137.40343	3.22169
137.64449	3.22217
137.88555	3.22294
138.12661	3.22441
138.36767	3.22749
138.60873	3.23323
138.84979	3.24243
139.09084	3.25522
139.33190	3.27087
139.57296	3.28775
139.81402	3.30350
140.05508	3.31537
140.29614	3.32064
140.53720	3.31714
140.77825	3.30362
141.01931	3.27998
141.26037	3.24734
141.50143	3.20782
141.74249	3.16424
141.98355	3.11965
142.22461	3.07687
142.46566	3.03811
142.70672	3.00467
142.94778	2.97696
143.18884	2.95455
143.42990	2.93647
143.67096	2.92156
143.91202	2.90881
144.15308	2.89765
144.39413	2.88810
144.63519	2.88073
144.87625	2.87652
145.11731	2.87652
145.35837	2.88155
145.59943	2.89187
145.84049	2.90693
146.08154	2.92539
146.32260	2.94516
146.56366	2.96372
146.80472	2.97851
147.04578	2.98730
147.28684	2.98858
147.52790	2.98182
147.76896	2.96746
148.01001	2.94687
148.25107	2.92198
148.49213	2.89497
148.73319	2.86780
148.97425	2.84190
149.21531	2.81799
149.45637	2.79600
149.69742	2.77524
149.93848	2.75466
150.17954	2.73320
150.42060	2.71015
150.66166	2.68538
150.90272	2.65946
151.14378	2.63363
151.38484	2.60961
151.62589	2.58921
151.86695	2.57403
152.10801	2.56510
152.34907	2.56263
152.59013	2.56593
152.83119	2.57349
153.07225	2.58322
153.31330	2.59283
153.55436	2.60015
153.79542	2.60355
154.03648	2.60213
154.27754	2.59581
154.51860	2.58526
154.75966	2.57163
155.00072	2.55632
155.24177	2.54056
155.48283	2.52519
155.72389	2.51052
155.96495	2.49624
156.20601	2.48164
156.44707	2.46578
156.68813	2.44780
156.92918	2.42719
157.17024	2.40396
157.41130	2.37876
157.65236	2.35274
157.89342	2.32746
158.13448	2.30458
158.37554	2.28558
158.61659	2.27151
158.85765	2.26282
159.09871	2.25930
159.33977	2.26011
159.58083	2.26401
159.82189	2.26952
160.06295	2.27527
160.30401	2.28016
160.54506	2.28357
160.78612	2.28539
161.02718	2.28600
161.26824	2.28608
161.50930	2.28641
161.75036	2.28761
161.99142	2.28998
162.23247	2.29333
162.47353	2.29701
162.71459	2.30003
162.95565	2.30122
163.19671	2.29948
163.43777	2.29409
163.67883	2.28485
163.91989	2.27219
164.16094	2.25713
164.40200	2.24112
164.64306	2.22579
164.88412	2.21269
165.12518	2.20297
165.36624	2.19724
165.60730	2.19545
165.84835	2.19697
166.08941	2.20073
166.33047	2.20547
166.57153	2.21005
166.81259	2.21365
167.05365	2.21597
167.29471	2.21726
167.53577	2.21823
167.77682	2.21988
168.01788	2.22322
168.25894	2.22904
168.50000	2.23762
168.74106	2.24869
168.98212	2.26136
169.22318	2.27430
169.46423	2.28595
169.70529	2.29481
169.94635	2.29973
170.18741	2.30014
170.42847	2.29615
170.66953	2.28856
170.91059	2.27866
171.15164	2.26808
171.39270	2.25842
171.63376	2.25102
171.87482	2.24669
172.11588	2.24568
172.35694	2.24760
172.59800	2.25163
172.83906	2.25668
173.08011	2.26166
173.32117	2.26576
173.56223	2.26858
173.80329	2.27022
174.04435	2.27126
174.28541	2.27260
174.52647	2.27527
174.76752	2.28012
175.00858	2.28765
175.24964	2.29785
175.49070	2.31011
175.73176	2.32336
175.97282	2.33621
176.21388	2.34722
176.45494	2.35517
176.69599	2.35933
176.93705	2.35955
177.17811	2.35634
177.41917	2.35074
177.66023	2.34415
177.90129	2.33798
178.14235	2.33348
178.38340	2.33143
178.62446	2.33204
178.86552	2.33501
179.10658	2.33955
179.34764	2.34472
179.58870	2.34958
179.82976	2.35352
180.07082	2.35638
180.31187	2.35854
180.55293	2.36084
180.79399	2.36441
181.03505	2.37040
181.27611	2.37973
181.51717	2.39286
181.75823	2.40963
181.99928	2.42925
182.24034	2.45042
182.48140	2.47153
182.72246	2.49095
182.96352	2.50733
183.20458	2.51985
183.44564	2.52831
183.68669	2.53321
183.92775	2.53557
184.16881	2.53677
184.40987	2.53821
184.65093	2.54109
184.89199	2.54614
185.13305	2.55349
185.37411	2.56274
185.61516	2.57300
185.85622	2.58318
186.09728	2.59223
186.33834	2.59942
186.57940	2.60456
186.82046	2.60804
187.06152	2.61083
187.30257	2.61430
187.54363	2.61995
187.78469	2.62910
188.02575	2.64261
188.26681	2.66067
188.50787	2.68272
188.74893	2.70753
188.98999	2.73339
189.23104	2.75841
189.47210	2.78090
189.71316	2.79962
189.95422	2.81402
190.19528	2.82431
190.43634	2.83136
190.67740	2.83651
190.91845	2.84122
191.15951	2.84675
191.40057	2.85391
191.64163	2.86285
191.88269	2.87307
192.12375	2.88354
192.36481	2.89294
192.60587	2.89998
192.84692	2.90372
193.08798	2.90379
193.32904	2.90050
193.57010	2.89485
193.81116	2.88830
194.05222	2.88255
194.29328	2.87920
194.53433	2.87944
194.77539	2.88387
195.01645	2.89233
195.25751	2.90403
195.49857	2.91764
195.73963	2.93161
195.98069	2.94442
196.22174	2.95493
196.46280	2.96252
196.70386	2.96718
196.94492	2.96952
197.18598	2.97055
197.42704	2.97145
197.66810	2.97330
197.90916	2.97680
198.15021	2.98214
198.39127	2.98893
198.63233	2.99625
198.87339	3.00292
199.11445	3.00770
199.35551	3.00961
199.59657	3.00815
199.83762	3.00343
200.07868	2.99618
200.31974	2.98764
200.56080	2.97925
200.80186	2.97246
201.04292	2.96833
201.28398	2.96738
201.52504	2.96947
201.76609	2.97385
202.00715	2.97929
202.24821	2.98440
202.48927	2.98790
202.73033	2.98888
202.97139	2.98702
203.21245	2.98263
203.45350	2.97657
203.69456	2.97005
203.93562	2.96435
204.17668	2.96057
204.41774	2.95931
204.65880	2.96062
204.89986	2.96391
205.14092	2.96807
205.38197	2.97172
205.62303	2.97346
205.86409	2.97213
206.10515	2.96707
206.34621	2.95819
206.58727	2.94605
206.82833	2.93170
207.06938	2.91647
207.31044	2.90174
207.55150	2.88866
207.79256	2.87793
208.03362	2.86972
208.27468	2.86359
208.51574	2.85867
208.75680	2.85379
208.99785	2.84775
209.23891	2.83959
209.47997	2.82875
209.72103	2.81522
209.96209	2.79951
210.20315	2.78255
210.44421	2.76552
210.68526	2.74955
210.92632	2.73551
211.16738	2.72379
211.40844	2.71426
211.64950	2.70624
211.89056	2.69869
212.13162	2.69040
212.37267	2.68027
212.61373	2.66753
212.85479	2.65193
213.09585	2.63376
213.33691	2.61381
213.57797	2.59320
213.81903	2.57316
214.06009	2.55475
214.30114	2.53866
214.54220	2.52510
214.78326	2.51379
215.02432	2.50400
215.26538	2.49480
215.50644	2.48523
215.74750	2.47453
215.98855	2.46231
216.22961	2.44864
216.47067	2.43401
216.71173	2.41925
216.95279	2.40531
217.19385	2.39307
217.43491	2.38315
217.67597	2.37576
217.91702	2.37066
218.15808	2.36716
218.39914	2.36431
218.64020	2.36100
218.88126	2.35623
219.12232	2.34928
219.36338	2.33982
219.60443	2.32795
219.84549	2.31421
220.08655	2.29940
220.32761	2.28442
220.56867	2.27010
220.80973	2.25701
221.05079	2.24537
221.29185	2.23498
221.53290	2.22537
221.77396	2.21584
222.01502	2.20570
222.25608	2.19443
222.49714	2.18184
222.73820	2.16812
222.97926	2.15387
223.22031	2.13994
223.46137	2.12734
223.70243	2.11697
223.94349	2.10951
224.18455	2.10518
224.42561	2.10379
224.66667	2.10467
224.90772	2.10685
225.14878	2.10922
225.38984	2.11071
225.63090	2.11049
225.87196	2.10807
226.11302	2.10340
226.35408	2.09679
226.59514	2.08884
226.83619	2.08025
227.07725	2.07169
227.31831	2.06361
227.55937	2.05622
227.80043	2.04939
228.04149	2.04277
228.28255	2.03586
228.52360	2.02818
228.76466	2.01937
229.00572	2.00938
229.24678	1.99842
229.48784	1.98703
229.72890	1.97598
229.96996	1.96609
230.21102	1.95813
230.45207	1.95265
230.69313	1.94986
230.93419	1.94959
231.17525	1.95130
231.41631	1.95421
231.65737	1.95738
231.89843	1.95993
232.13948	1.96113
232.38054	1.96058
232.62160	1.95822
232.86266	1.95431
233.10372	1.94934
233.34478	1.94391
233.58584	1.93859
233.82690	1.93376
234.06795	1.92958
234.30901	1.92588
234.55007	1.92230
234.79113	1.91833
235.03219	1.91346
235.27325	1.90730
235.51431	1.89972
235.75536	1.89087
235.99642	1.88122
236.23748	1.87144
236.47854	1.86233
236.71960	1.85467
236.96066	1.84904
237.20172	1.84579
237.44277	1.84492
237.68383	1.84610
237.92489	1.84879
238.16595	1.85227
238.40701	1.85583
238.64807	1.85891
238.88913	1.86116
239.13019	1.86253
239.37124	1.86322
239.61230	1.86365
239.85336	1.86431
240.09442	1.86564
240.33548	1.86794
240.57654	1.87123
240.81760	1.87524
241.05865	1.87946
241.29971	1.88322
241.54077	1.88583
241.78183	1.88670
242.02289	1.88552
242.26395	1.88227
242.50501	1.87730
242.74607	1.87124
242.98712	1.86493
243.22818	1.85924
243.46924	1.85493
243.71030	1.85251
243.95136	1.85221
244.19242	1.85389
244.43348	1.85717
244.67453	1.86148
244.91559	1.86620
245.15665	1.87080
245.39771	1.87498
245.63877	1.87867
245.87983	1.88207
246.12089	1.88558
246.36195	1.88967
246.60300	1.89480
246.84406	1.90124
247.08512	1.90902
247.32618	1.91788
247.56724	1.92729
247.80830	1.93652
248.04936	1.94481
248.29041	1.95146
248.53147	1.95598
248.77253	1.95821
249.01359	1.95832
249.25465	1.95678
249.49571	1.95431
249.73677	1.95174
249.97783	1.94984
250.21888	1.94922
250.45994	1.95021
250.70100	1.95286
250.94206	1.95694
251.18312	1.96200
251.42418	1.96753
251.66524	1.97307
251.90629	1.97828
252.14735	1.98309
252.38841	1.98764
252.62947	1.99229
252.87053	1.99751
253.11159	2.00378
253.35265	2.01143
253.59370	2.02059
253.83476	2.03111
254.07582	2.04255
254.31688	2.05429
254.55794	2.06557
254.79900	2.07567
255.04006	2.08403
255.28112	2.09032
255.52217	2.09453
255.76323	2.09692
256.00429	2.09795
256.24535	2.09821
256.48641	2.09824
256.72747	2.09847
256.96853	2.09908
257.20958	2.10004
257.45064	2.10109
257.69170	2.10186
257.93276	2.10196
258.17382	2.10112
258.41488	2.09926
258.65594	2.09655
258.89700	2.09342
259.13805	2.09047
259.37911	2.08839
259.62017	2.08782
259.86123	2.08924
260.10229	2.09287
260.34335	2.09860
260.58441	2.10602
260.82546	2.11449
261.06652	2.12324
261.30758	2.13148
261.54864	2.13855
261.78970	2.14401
262.03076	2.14768
262.27182	2.14968
262.51288	2.15029
262.75393	2.14996
262.99499	2.14910
263.23605	2.14803
263.47711	2.14687
263.71817	2.14551
263.95923	2.14365
264.20029	2.14087
264.44134	2.13673
264.68240	2.13090
264.92346	2.12326
265.16452	2.11396
265.40558	2.10346
265.64664	2.09241
265.88770	2.08162
266.12875	2.07188
266.36981	2.06386
266.61087	2.05794
266.85193	2.05422
267.09299	2.05246
267.33405	2.05216
267.57511	2.05265
267.81617	2.05323
268.05722	2.05329
268.29828	2.05240
268.53934	2.05039
268.78040	2.04731
269.02146	2.04344
269.26252	2.03912
269.50358	2.03474
269.74463	2.03054
269.98569	2.02663
270.22675	2.02290
270.46781	2.01905
270.70887	2.01465
270.94993	2.00924
271.19099	2.00241
271.43205	1.99391
271.67310	1.98368
271.91416	1.97189
272.15522	1.95894
272.39628	1.94535
272.63734	1.93169
272.87840	1.91851
273.11946	1.90623
273.36051	1.89508
273.60157	1.88510
273.84263	1.87615
274.08369	1.86795
274.32475	1.86019
274.56581	1.85260
274.80687	1.84501
275.04793	1.83738
275.28898	1.82984
275.53004	1.82262
275.77110	1.81602
276.01216	1.81028
276.25322	1.80556
276.49428	1.80182
276.73534	1.79885
276.97639	1.79623
277.21745	1.79343
277.45851	1.78985
277.69957	1.78494
277.94063	1.77832
278.18169	1.76977
278.42275	1.75935
278.66380	1.74732
278.90486	1.73413
279.14592	1.72034
279.38698	1.70649
279.62804	1.69304
279.86910	1.68034
280.11016	1.66851
280.35122	1.65755
280.59227	1.64731
280.83333	1.63761
281.07439	1.62825
281.31545	1.61916
281.55651	1.61035
281.79757	1.60196
282.03863	1.59420
282.27968	1.58735
282.52074	1.58160
282.76180	1.57708
283.00286	1.57373
283.24392	1.57133
283.48498	1.56948
283.72604	1.56770
283.96710	1.56546
284.20815	1.56227
284.44921	1.55777
284.69027	1.55177
284.93133	1.54427
285.17239	1.53548
285.41345	1.52572
285.65451	1.51538
285.89556	1.50486
286.13662	1.49447
286.37768	1.48440
286.61874	1.47469
286.85980	1.46526
287.10086	1.45597
287.34192	1.44663
287.58298	1.43714
287.82403	1.42747
288.06509	1.41773
288.30615	1.40817
288.54721	1.39915
288.78827	1.39104
289.02933	1.38422
289.27039	1.37893
289.51144	1.37529
289.75250	1.37320
289.99356	1.37242
290.23462	1.37252
290.47568	1.37301
290.71674	1.37339
290.95780	1.37321
291.19885	1.37215
291.43991	1.37003
291.68097	1.36683
291.92203	1.36264
292.16309	1.35767
292.40415	1.35212
292.64521	1.34618
292.88627	1.33996
293.12732	1.33349
293.36838	1.32674
293.60944	1.31961
293.85050	1.31199
294.09156	1.30385
294.33262	1.29519
294.57368	1.28617
294.81473	1.27700
295.05579	1.26802
295.29685	1.25959
295.53791	1.25206
295.77897	1.24570
296.02003	1.24069
296.26109	1.23706
296.50215	1.23470
296.74320	1.23340
296.98426	1.23285
297.22532	1.23273
297.46638	1.23274
297.70744	1.23269
297.94850	1.23245
298.18956	1.23203
298.43061	1.23150
298.67167	1.23102
298.91273	1.23069
299.15379	1.23060
299.39485	1.23073
299.63591	1.23097
299.87697	1.23112
300.11803	1.23089
300.35908	1.23002
300.60014	1.22828
300.84120	1.22553
301.08226	1.22179
301.32332	1.21721
301.56438	1.21209
301.80544	1.20681
302.04649	1.20179
302.28755	1.19742
302.52861	1.19400
302.76967	1.19173
303.01073	1.19063
303.25179	1.19063
303.49285	1.19156
303.73391	1.19318
303.97496	1.19527
304.21602	1.19768
304.45708	1.20030
304.69814	1.20314
304.93920	1.20626
305.18026	1.20977
305.42132	1.21377
305.66237	1.21830
305.90343	1.22335
306.14449	1.22878
306.38555	1.23439
306.62661	1.23990
306.86767	1.24501
307.10873	1.24945
307.34978	1.25303
307.59084	1.25568
307.83190	1.25744
308.07296	1.25848
308.31402	1.25906
308.55508	1.25947
308.79614	1.26002
309.03720	1.26094
309.27825	1.26238
309.51931	1.26436
309.76037	1.26685
310.00143	1.26972
310.24249	1.27283
310.48355	1.27607
310.72461	1.27937
310.96566	1.28278
311.20672	1.28641
311.44778	1.29046
311.68884	1.29513
311.92990	1.30061
312.17096	1.30702
312.41202	1.31436
312.65308	1.32253
312.89413	1.33127
313.13519	1.34027
313.37625	1.34915
313.61731	1.35758
313.85837	1.36526
314.09943	1.37201
314.34049	1.37780
314.58154	1.38269
314.82260	1.38686
315.06366	1.39054
315.30472	1.39397
315.54578	1.39733
315.78684	1.40072
316.02790	1.40418
316.26896	1.40762
316.51001	1.41094
316.75107	1.41399
316.99213	1.41670
317.23319	1.41906
317.47425	1.42117
317.71531	1.42323
317.95637	1.42553
318.19742	1.42840
318.43848	1.43214
318.67954	1.43698
318.92060	1.44303
319.16166	1.45024
319.40272	1.45845
319.64378	1.46734
319.88483	1.47657
320.12589	1.48576
320.36695	1.49461
320.60801	1.50287
320.84907	1.51046
321.09013	1.51738
321.33119	1.52376
321.57225	1.52974
321.81330	1.53550
322.05436	1.54116
322.29542	1.54675
322.53648	1.55223
322.77754	1.55748
323.01860	1.56230
323.25966	1.56655
323.50071	1.57008
323.74177	1.57288
323.98283	1.57502
324.22389	1.57671
324.46495	1.57824
324.70601	1.57995
324.94707	1.58216
325.18813	1.58515
325.42918	1.58904
325.67024	1.59386
325.91130	1.59945
326.15236	1.60557
326.39342	1.61191
326.63448	1.61815
326.87554	1.62400
327.11659	1.62928
327.35765	1.63393
327.59871	1.63799
327.83977	1.64160
328.08083	1.64494
328.32189	1.64817
328.56295	1.65139
328.80401	1.65462
329.04506	1.65776
329.28612	1.66061
329.52718	1.66292
329.76824	1.66440
330.00930	1.66484
330.25036	1.66411
330.49142	1.66221
330.73247	1.65930
330.97353	1.65566
331.21459	1.65165
331.45565	1.64767
331.69671	1.64408
331.93777	1.64114
332.17883	1.63899
332.41988	1.63764
332.66094	1.63695
332.90200	1.63672
333.14306	1.63669
333.38412	1.63664
333.62518	1.63642
333.86624	1.63597
334.10730	1.63534
334.34835	1.63461
334.58941	1.63395
334.83047	1.63345
335.07153	1.63317
335.31259	1.63305
335.55365	1.63293
335.79471	1.63253
336.03576	1.63154
336.27682	1.62963
336.51788	1.62655
336.75894	1.62213
337.00000	1.61635
337.24106	1.60936
337.48212	1.60140
337.72318	1.59282
337.96423	1.58399
338.20529	1.57525
338.44635	1.56684
338.68741	1.55889
338.92847	1.55141
339.16953	1.54428
339.41059	1.53734
339.65164	1.53041
339.89270	1.52336
340.13376	1.51614
340.37482	1.50882
340.61588	1.50155
340.85694	1.49458
341.09800	1.48814
341.33906	1.48243
341.58011	1.47758
341.82117	1.47357
342.06223	1.47027
342.30329	1.46741
342.54435	1.46468
342.78541	1.46173
343.02647	1.45826
343.26752	1.45404
343.50858	1.44899
343.74964	1.44309
343.99070	1.43648
344.23176	1.42933
344.47282	1.42186
344.71388	1.41426
344.95493	1.40667
345.19599	1.39916
345.43705	1.39173
345.67811	1.38429
345.91917	1.37675
346.16023	1.36898
346.40129	1.36090
346.64235	1.35249
346.88340	1.34381
347.12446	1.33499
347.36552	1.32623
347.60658	1.31773
347.84764	1.30972
348.08870	1.30235
348.32976	1.29569
348.57081	1.28973
348.81187	1.28435
349.05293	1.27935
349.29399	1.27451
349.53505	1.26959
349.77611	1.26440
350.01717	1.25881
350.25823	1.25281
350.49928	1.24642
350.74034	1.23977
350.98140	1.23299
351.22246	1.22620
351.46352	1.21949
351.70458	1.21289
351.94564	1.20637
352.18669	1.19983
352.42775	1.19316
352.66881	1.18624
352.90987	1.17898
353.15093	1.17135
353.39199	1.16339
353.63305	1.15519
353.87411	1.14691
354.11516	1.13873
354.35622	1.13082
354.59728	1.12331
354.83834	1.11630
355.07940	1.10981
355.32046	1.10376
355.56152	1.09806
355.80257	1.09255
356.04363	1.08707
356.28469	1.08149
356.52575	1.07572
356.76681	1.06972
357.00787	1.06352
357.24893	1.05720
357.48999	1.05085
357.73104	1.04458
357.97210	1.03847
358.21316	1.03256
358.45422	1.02683
358.69528	1.02121
358.93634	1.01560
359.17740	1.00989
359.41845	1.00396
359.65951	0.99774
359.90057	0.99120
360.14163	0.98436
360.38269	0.97731
360.62375	0.97016
360.86481	0.96304
361.10586	0.95606
361.34692	0.94932
361.58798	0.94285
361.82904	0.93667
362.07010	0.93073
362.31116	0.92498
362.55222	0.91933
362.79328	0.91375
363.03433	0.90821
363.27539	0.90270
363.51645	0.89727
363.75751	0.89198
363.99857	0.88688
364.23963	0.88202
364.48069	0.87741
364.72174	0.87301
364.96280	0.86877
365.20386	0.86456
365.44492	0.86027
365.68598	0.85580
365.92704	0.85104
366.16810	0.84596
366.40916	0.84056
366.65021	0.83490
366.89127	0.82907
367.13233	0.82318
367.37339	0.81736
367.61445	0.81168
367.85551	0.80620
368.09657	0.80093
368.33762	0.79582
368.57868	0.79080
368.81974	0.78578
369.06080	0.78065
369.30186	0.77534
369.54292	0.76981
369.78398	0.76403
370.02504	0.75806
370.26609	0.75194
370.50715	0.74575
370.74821	0.73957
370.98927	0.73344
371.23033	0.72737
371.47139	0.72135
371.71245	0.71531
371.95350	0.70915
372.19456	0.70277
372.43562	0.69606
372.67668	0.68895
372.91774	0.68138
373.15880	0.67337
373.39986	0.66494
373.64091	0.65618
373.88197	0.64717
374.12303	0.63799
374.36409	0.62872
374.60515	0.61941
374.84621	0.61010
375.08727	0.60077
375.32833	0.59142
375.56938	0.58201
375.81044	0.57255
376.05150	0.56304
376.29256	0.55348
376.53362	0.54398
376.77468	0.53463
377.01574	0.52554
377.25679	0.51680
377.49785	0.50851
377.73891	0.50073
377.97997	0.49349
378.22103	0.48675
378.46209	0.48056
378.70315	0.47490
378.94421	0.46976
379.18526	0.46514
379.42632	0.46105
379.66738	0.45754
379.90844	0.45466
380.14950	0.45246
380.39056	0.45103
380.63162	0.45044
380.87267	0.45073
381.11373	0.45192
381.35479	0.45401
381.59585	0.45695
381.83691	0.46071
382.07797	0.46523
382.31903	0.47046
382.56009	0.47635
382.80114	0.48287
383.04220	0.49001
383.28326	0.49776
383.52432	0.50613
383.76538	0.51511
384.00644	0.52466
384.24750	0.53480
384.48855	0.54546
384.72961	0.55659
384.97067	0.56811
385.21173	0.57992
385.45279	0.59193
385.69385	0.60407
385.93491	0.61624
386.17596	0.62845
386.41702	0.64067
386.65808	0.65292
386.89914	0.66520
387.14020	0.67749
387.38126	0.68977
387.62232	0.70201
387.86338	0.71411
388.10443	0.72600
388.34549	0.73759
388.58655	0.74880
388.82761	0.75959
389.06867	0.76991
389.30973	0.77979
389.55079	0.78929
389.79184	0.79849
390.03290	0.80750
390.27396	0.81641
390.51502	0.82531
390.75608	0.83426
390.99714	0.84327
391.23820	0.85232
391.47926	0.86136
391.72031	0.87033
391.96137	0.87916
392.20243	0.88778
392.44349	0.89615
392.68455	0.90424
392.92561	0.91205
393.16667	0.91959
393.40772	0.92690
393.64878	0.93397
393.88984	0.94082
394.13090	0.94744
394.37196	0.95377
394.61302	0.95978
394.85408	0.96540
395.09514	0.97057
395.33619	0.97528
395.57725	0.97951
395.81831	0.98332
396.05937	0.98680
396.30043	0.99008
396.54149	0.99332
396.78255	0.99667
397.02360	1.00028
397.26466	1.00424
397.50572	1.00861
397.74678	1.01339
397.98784	1.01854
398.22890	1.02397
398.46996	1.02958
398.71102	1.03532
398.95207	1.04110
399.19313	1.04694
399.43419	1.05283
399.67525	1.05885
399.91631	1.06504
400.15737	1.07145
400.39843	1.07809
400.63948	1.08493
400.88054	1.09187
401.12160	1.09878
401.36266	1.10549
401.60372	1.11183
401.84478	1.11765
402.08584	1.12281
402.32689	1.12728
402.56795	1.13103
402.80901	1.13414
403.05007	1.13670
403.29113	1.13883
403.53219	1.14064
403.77325	1.14223
404.01431	1.14366
404.25536	1.14493
404.49642	1.14601
404.73748	1.14686
404.97854	1.14741
405.21960	1.14760
405.46066	1.14742
405.70172	1.14687
405.94277	1.14602
406.18383	1.14496
406.42489	1.14379
406.66595	1.14264
406.90701	1.14157
407.14807	1.14063
407.38913	1.13983
407.63019	1.13910
407.87124	1.13835
408.11230	1.13745
408.35336	1.13630
408.59442	1.13479
408.83548	1.13286
409.07654	1.13050
409.31760	1.12774
409.55865	1.12463
409.79971	1.12127
410.04077	1.11774
410.28183	1.11409
410.52289	1.11037
410.76395	1.10658
411.00501	1.10269
411.24607	1.09866
411.48712	1.09441
411.72818	1.08992
411.96924	1.08517
412.21030	1.08016
412.45136	1.07495
412.69242	1.06962
412.93348	1.06424
413.17453	1.05890
413.41559	1.05366
413.65665	1.04855
413.89771	1.04357
414.13877	1.03865
414.37983	1.03374
414.62089	1.02874
414.86194	1.02357
415.10300	1.01817
415.34406	1.01253
415.58512	1.00663
415.82618	1.00054
416.06724	0.99431
416.30830	0.98801
416.54936	0.98171
416.79041	0.97544
417.03147	0.96919
417.27253	0.96296
417.51359	0.95667
417.75465	0.95027
417.99571	0.94368
418.23677	0.93687
418.47782	0.92980
418.71888	0.92250
418.95994	0.91501
419.20100	0.90742
419.44206	0.89980
419.68312	0.89224
419.92418	0.88483
420.16524	0.87761
420.40629	0.87059
420.64735	0.86375
420.88841	0.85705
421.12947	0.85042
421.37053	0.84380
421.61159	0.83714
421.85265	0.83040
422.09370	0.82357
422.33476	0.81668
422.57582	0.80975
422.81688	0.80284
423.05794	0.79600
423.29900	0.78925
423.54006	0.78260
423.78112	0.77603
424.02217	0.76949
424.26323	0.76291
424.50429	0.75619
424.74535	0.74925
424.98641	0.74204
425.22747	0.73450
425.46853	0.72664
425.70958	0.71848
425.95064	0.71009
426.19170	0.70156
426.43276	0.69297
426.67382	0.68442
426.91488	0.67599
427.15594	0.66773
427.39699	0.65967
427.63805	0.65182
427.87911	0.64417
428.12017	0.63670
428.36123	0.62941
428.60229	0.62229
428.84335	0.61536
429.08441	0.60864
429.32546	0.60216
429.56652	0.59595
429.80758	0.59001
430.04864	0.58433
430.28970	0.57890
430.53076	0.57364
430.77182	0.56850
431.01287	0.56340
431.25393	0.55826
431.49499	0.55303
431.73605	0.54766
431.97711	0.54214
432.21817	0.53647
432.45923	0.53068
432.70029	0.52479
432.94134	0.51886
433.18240	0.51292
433.42346	0.50699
433.66452	0.50110
433.90558	0.49526
434.14664	0.48947
434.38770	0.48374
434.62875	0.47808
434.86981	0.47252
435.11087	0.46710
435.35193	0.46188
435.59299	0.45691
435.83405	0.45227
436.07511	0.44803
436.31617	0.44428
436.55722	0.44105
436.79828	0.43840
437.03934	0.43632
437.28040	0.43481
437.52146	0.43384
437.76252	0.43340
438.00358	0.43344
438.24463	0.43396
438.48569	0.43497
438.72675	0.43647
438.96781	0.43849
439.20887	0.44105
439.44993	0.44417
439.69099	0.44783
439.93204	0.45200
440.17310	0.45662
440.41416	0.46162
440.65522	0.46691
440.89628	0.47238
441.13734	0.47794
441.37840	0.48351
441.61946	0.48902
441.86051	0.49444
442.10157	0.49975
442.34263	0.50496
442.58369	0.51008
442.82475	0.51512
443.06581	0.52007
443.30687	0.52491
443.54792	0.52962
443.78898	0.53413
444.03004	0.53841
444.27110	0.54242
444.51216	0.54611
444.75322	0.54947
444.99428	0.55249
445.23534	0.55519
445.47639	0.55761
445.71745	0.55977
445.95851	0.56172
446.19957	0.56347
446.44063	0.56505
446.68169	0.56643
446.92275	0.56757
447.16380	0.56843
447.40486	0.56897
447.64592	0.56913
447.88698	0.56890
448.12804	0.56826
448.36910	0.56725
448.61016	0.56590
448.85122	0.56429
449.09227	0.56248
449.33333	0.56052
449.57439	0.55847
449.81545	0.55636
450.05651	0.55418
450.29757	0.55196
450.53863	0.54967
450.77968	0.54732
451.02074	0.54493
451.26180	0.54253
451.50286	0.54018
451.74392	0.53794
451.98498	0.53588
452.22604	0.53407
452.46710	0.53254
452.70815	0.53133
452.94921	0.53041
453.19027	0.52976
453.43133	0.52931
453.67239	0.52899
453.91345	0.52872
454.15451	0.52843
454.39556	0.52806
454.63662	0.52756
454.87768	0.52691
455.11874	0.52608
455.35980	0.52510
455.60086	0.52398
455.84192	0.52272
456.08297	0.52135
456.32403	0.51988
456.56509	0.51833
456.80615	0.51669
457.04721	0.51499
457.28827	0.51322
457.52933	0.51142
457.77039	0.50963
458.01144	0.50788
458.25250	0.50626
458.49356	0.50482
458.73462	0.50365
458.97568	0.50280
459.21674	0.50233
459.45780	0.50227
459.69885	0.50263
459.93991	0.50341
460.18097	0.50458
460.42203	0.50612
460.66309	0.50799
460.90415	0.51016
461.14521	0.51260
461.38627	0.51530
461.62732	0.51825
461.86838	0.52144
462.10944	0.52486
462.35050	0.52848
462.59156	0.53227
462.83262	0.53619
463.07368	0.54017
463.31473	0.54415
463.55579	0.54805
463.79685	0.55180
464.03791	0.55533
464.27897	0.55860
464.52003	0.56158
464.76109	0.56426
465.00215	0.56665
465.24320	0.56878
465.48426	0.57067
465.72532	0.57236
465.96638	0.57388
466.20744	0.57524
466.44850	0.57643
466.68956	0.57746
466.93061	0.57830
467.17167	0.57893
467.41273	0.57936
467.65379	0.57958
467.89485	0.57961
468.13591	0.57950
468.37697	0.57928
468.61802	0.57899
468.85908	0.57867
469.10014	0.57833
469.34120	0.57797
469.58226	0.57758
469.82332	0.57711
470.06438	0.57651
470.30544	0.57575
470.54649	0.57478
470.78755	0.57361
471.02861	0.57223
471.26967	0.57067
471.51073	0.56899
471.75179	0.56722
471.99285	0.56542
472.23390	0.56363
472.47496	0.56186
472.71602	0.56012
472.95708	0.55838
473.19814	0.55661
473.43920	0.55479
473.68026	0.55288
473.92132	0.55089
474.16237	0.54880
474.40343	0.54666
474.64449	0.54449
474.88555	0.54236
475.12661	0.54031
475.36767	0.53838
475.60873	0.53660
475.84978	0.53498
476.09084	0.53349
476.33190	0.53211
476.57296	0.53080
476.81402	0.52950
477.05508	0.52819
477.29614	0.52682
477.53720	0.52538
477.77825	0.52387
478.01931	0.52229
478.26037	0.52067
478.50143	0.51903
478.74249	0.51738
478.98355	0.51573
479.22461	0.51408
479.46566	0.51241
479.70672	0.51071
479.94778	0.50895
480.18884	0.50711
480.42990	0.50517
480.67096	0.50315
480.91202	0.50106
481.15307	0.49893
481.39413	0.49681
481.63519	0.49473
481.87625	0.49274
482.11731	0.49085
482.35837	0.48908
482.59943	0.48740
482.84049	0.48579
483.08154	0.48421
483.32260	0.48262
483.56366	0.48100
483.80472	0.47932
484.04578	0.47758
484.28684	0.47579
484.52790	0.47399
484.76895	0.47220
485.01001	0.47046
485.25107	0.46877
485.49213	0.46715
485.73319	0.46558
485.97425	0.46404
486.21531	0.46248
486.45637	0.46087
486.69742	0.45917
486.93848	0.45739
487.17954	0.45550
487.42060	0.45354
487.66166	0.45153
487.90272	0.44952
488.14378	0.44754
488.38483	0.44565
488.62589	0.44386
488.86695	0.44219
489.10801	0.44065
489.34907	0.43922
489.59013	0.43788
489.83119	0.43661
490.07225	0.43538
490.31330	0.43418
490.55436	0.43300
490.79542	0.43183
491.03648	0.43068
491.27754	0.42957
491.51860	0.42852
491.75966	0.42754
492.00071	0.42665
492.24177	0.42586
492.48283	0.42516
492.72389	0.42454
492.96495	0.42398
493.20601	0.42345
493.44707	0.42294
493.68812	0.42241
493.92918	0.42185
494.17024	0.42128
494.41130	0.42068
494.65236	0.42009
494.89342	0.41952
495.13448	0.41898
495.37554	0.41849
495.61659	0.41806
495.85765	0.41767
496.09871	0.41732
496.33977	0.41699
496.58083	0.41667
496.82189	0.41634
497.06295	0.41601
497.30400	0.41568
497.54506	0.41535
497.78612	0.41504
498.02718	0.41476
498.26824	0.41452
498.50930	0.41433
498.75036	0.41418
498.99142	0.41407
499.23247	0.41397
499.47353	0.41386
499.71459	0.41371
499.95565	0.41350
500.19671	0.41320
500.43777	0.41280
500.67883	0.41230
500.91988	0.41170
501.16094	0.41102
501.40200	0.41028
501.64306	0.40948
501.88412	0.40864
502.12518	0.40775
502.36624	0.40679
502.60730	0.40574
502.84835	0.40457
503.08941	0.40323
503.33047	0.40168
503.57153	0.39989
503.81259	0.39786
504.05365	0.39558
504.29471	0.39308
504.53576	0.39040
504.77682	0.38762
505.01788	0.38483
505.25894	0.38212
505.50000	0.37960
505.74106	0.37742
505.98212	0.37571
506.22318	0.37459
506.46423	0.37420
506.70529	0.37462
506.94635	0.37593
507.18741	0.37817
507.42847	0.38133
507.66953	0.38537
507.91059	0.39021
508.15164	0.39570
508.39270	0.40172
508.63376	0.40808
508.87482	0.41461
509.11588	0.42116
509.35694	0.42756
509.59800	0.43373
509.83905	0.43959
510.08011	0.44510
510.32117	0.45025
510.56223	0.45507
510.80329	0.45959
511.04435	0.46384
511.28541	0.46788
511.52647	0.47174
511.76752	0.47544
512.00858	0.47901
512.24964	0.48244
512.49070	0.48574
512.73176	0.48890
512.97282	0.49190
513.21388	0.49477
513.45493	0.49750
513.69599	0.50011
513.93705	0.50263
514.17811	0.50507
514.41917	0.50746
514.66023	0.50981
514.90129	0.51212
515.14235	0.51438
515.38340	0.51657
515.62446	0.51867
515.86552	0.52066
516.10658	0.52251
516.34764	0.52422
516.58870	0.52579
516.82976	0.52723
517.07081	0.52859
517.31187	0.52989
517.55293	0.53116
517.79399	0.53244
518.03505	0.53374
518.27611	0.53509
518.51717	0.53647
518.75823	0.53787
518.99928	0.53928
519.24034	0.54068
519.48140	0.54204
519.72246	0.54337
519.96352	0.54464
520.20458	0.54585
520.44564	0.54700
520.68669	0.54811
520.92775	0.54916
521.16881	0.55017
521.40987	0.55113
521.65093	0.55203
521.89199	0.55286
522.13305	0.55360
522.37410	0.55422
522.61516	0.55472
522.85622	0.55506
523.09728	0.55526
523.33834	0.55530
523.57940	0.55520
523.82046	0.55499
524.06152	0.55468
524.30257	0.55433
524.54363	0.55395
524.78469	0.55357
525.02575	0.55323
525.26681	0.55293
525.50787	0.55269
525.74893	0.55252
525.98998	0.55242
526.23104	0.55242
526.47210	0.55253
526.71316	0.55276
526.95422	0.55315
527.19528	0.55371
527.43634	0.55444
527.67740	0.55535
527.91845	0.55644
528.15951	0.55768
528.40057	0.55903
528.64163	0.56047
528.88269	0.56196
529.12375	0.56347
529.36481	0.56498
529.60586	0.56648
529.84692	0.56796
530.08798	0.56944
530.32904	0.57094
530.57010	0.57247
530.81116	0.57404
531.05222	0.57566
531.29328	0.57733
531.53433	0.57902
531.77539	0.58071
532.01645	0.58236
532.25751	0.58395
532.49857	0.58542
532.73963	0.58677
532.98069	0.58798
533.22174	0.58905
533.46280	0.58997
533.70386	0.59076
533.94492	0.59143
534.18598	0.59197
534.42704	0.59240
534.66810	0.59270
534.90915	0.59286
535.15021	0.59284
535.39127	0.59263
535.63233	0.59220
535.87339	0.59155
536.11445	0.59065
536.35551	0.58953
536.59657	0.58819
536.83762	0.58666
537.07868	0.58495
537.31974	0.58311
537.56080	0.58113
537.80186	0.57905
538.04292	0.57687
538.28398	0.57458
538.52503	0.57220
538.76609	0.56972
539.00715	0.56716
539.24821	0.56454
539.48927	0.56189
539.73033	0.55925
539.97139	0.55666
540.21245	0.55418
540.45350	0.55184
540.69456	0.54967
540.93562	0.54769
541.17668	0.54589
541.41774	0.54425
541.65880	0.54276
541.89986	0.54136
542.14091	0.54002
542.38197	0.53873
542.62303	0.53744
542.86409	0.53615
543.10515	0.53486
543.34621	0.53357
543.58727	0.53230
543.82833	0.53104
544.06938	0.52981
544.31044	0.52860
544.55150	0.52741
544.79256	0.52621
545.03362	0.52498
545.27468	0.52370
545.51574	0.52234
545.75679	0.52089
545.99785	0.51932
546.23891	0.51764
546.47997	0.51585
546.72103	0.51396
546.96209	0.51197
547.20315	0.50989
547.44421	0.50772
547.68526	0.50546
547.92632	0.50309
548.16738	0.50060
548.40844	0.49796
548.64950	0.49516
548.89056	0.49218
549.13162	0.48903
549.37267	0.48571
549.61373	0.48227
549.85479	0.47872
550.09585	0.47513
550.33691	0.47154
550.57797	0.46800
550.81903	0.46457
551.06008	0.46130
551.30114	0.45822
551.54220	0.45537
551.78326	0.45280
552.02432	0.45054
552.26538	0.44862
552.50644	0.44706
552.74750	0.44587
552.98855	0.44507
553.22961	0.44465
553.47067	0.44461
553.71173	0.44492
553.95279	0.44556
554.19385	0.44651
554.43491	0.44773
554.67596	0.44919
554.91702	0.45086
555.15808	0.45270
555.39914	0.45468
555.64020	0.45677
555.88126	0.45896
556.12232	0.46120
556.36338	0.46349
556.60443	0.46579
556.84549	0.46809
557.08655	0.47036
557.32761	0.47257
557.56867	0.47469
557.80973	0.47667
558.05079	0.47850
558.29184	0.48015
558.53290	0.48159
558.77396	0.48284
559.01502	0.48388
559.25608	0.48475
559.49714	0.48548
559.73820	0.48609
559.97926	0.48662
560.22031	0.48710
560.46137	0.48753
560.70243	0.48792
560.94349	0.48826
561.18455	0.48854
561.42561	0.48874
561.66667	0.48885
561.90772	0.48887
562.14878	0.48880
562.38984	0.48866
562.63090	0.48849
562.87196	0.48832
563.11302	0.48819
563.35408	0.48812
563.59513	0.48814
563.83619	0.48826
564.07725	0.48847
564.31831	0.48874
564.55937	0.48904
564.80043	0.48935
565.04149	0.48963
565.28255	0.48988
565.52360	0.49009
565.76466	0.49028
566.00572	0.49045
566.24678	0.49065
566.48784	0.49089
566.72890	0.49120
566.96996	0.49158
567.21101	0.49203
567.45207	0.49255
567.69313	0.49311
567.93419	0.49371
568.17525	0.49432
568.41631	0.49496
568.65737	0.49561
568.89843	0.49631
569.13948	0.49706
569.38054	0.49790
569.62160	0.49885
569.86266	0.49992
570.10372	0.50113
570.34478	0.50246
570.58584	0.50392
570.82689	0.50547
571.06795	0.50708
571.30901	0.50872
571.55007	0.51038
571.79113	0.51201
572.03219	0.51361
572.27325	0.51518
572.51431	0.51671
572.75536	0.51821
572.99642	0.51968
573.23748	0.52114
573.47854	0.52258
573.71960	0.52399
573.96066	0.52535
574.20172	0.52667
574.44277	0.52793
574.68383	0.52912
574.92489	0.53026
575.16595	0.53137
575.40701	0.53248
575.64807	0.53363
575.88913	0.53488
576.13018	0.53627
576.37124	0.53784
576.61230	0.53962
576.85336	0.54163
577.09442	0.54387
577.33548	0.54632
577.57654	0.54897
577.81760	0.55180
578.05865	0.55476
578.29971	0.55783
578.54077	0.56098
578.78183	0.56417
579.02289	0.56737
579.26395	0.57056
579.50501	0.57370
579.74606	0.57676
579.98712	0.57971
580.22818	0.58251
580.46924	0.58513
580.71030	0.58756
580.95136	0.58979
581.19242	0.59183
581.43348	0.59370
581.67453	0.59543
581.91559	0.59707
582.15665	0.59866
582.39771	0.60026
582.63877	0.60191
582.87983	0.60365
583.12089	0.60550
583.36194	0.60747
583.60300	0.60957
583.84406	0.61178
584.08512	0.61411
584.32618	0.61653
584.56724	0.61903
584.80830	0.62161
585.04936	0.62426
585.29041	0.62698
585.53147	0.62976
585.77253	0.63260
586.01359	0.63546
586.25465	0.63832
586.49571	0.64112
586.73677	0.64380
586.97782	0.64632
587.21888	0.64861
587.45994	0.65062
587.70100	0.65234
587.94206	0.65375
588.18312	0.65488
588.42418	0.65575
588.66523	0.65642
588.90629	0.65694
589.14735	0.65736
589.38841	0.65771
589.62947	0.65804
589.87053	0.65835
590.11159	0.65867
590.35265	0.65898
590.59370	0.65929
590.83476	0.65961
591.07582	0.65995
591.31688	0.66032
591.55794	0.66075
591.79900	0.66125
592.04006	0.66183
592.28111	0.66251
592.52217	0.66328
592.76323	0.66411
593.00429	0.66497
593.24535	0.66580
593.48641	0.66654
593.72747	0.66713
593.96853	0.66751
594.20958	0.66761
594.45064	0.66742
594.69170	0.66691
594.93276	0.66610
595.17382	0.66499
595.41488	0.66365
595.65594	0.66209
595.89699	0.66037
596.13805	0.65852
596.37911	0.65657
596.62017	0.65454
596.86123	0.65243
597.10229	0.65027
597.34335	0.64807
597.58441	0.64586
597.82546	0.64366
598.06652	0.64152
598.30758	0.63948
598.54864	0.63760
598.78970	0.63592
599.03076	0.63447
599.27182	0.63326
599.51287	0.63229
599.75393	0.63155
599.99499	0.63100
600.23605	0.63059
600.47711	0.63026
600.71817	0.62996
600.95923	0.62960
601.20029	0.62915
601.44134	0.62854
601.68240	0.62773
601.92346	0.62670
602.16452	0.62541
602.40558	0.62385
602.64664	0.62202
602.88770	0.61990
603.12875	0.61750
603.36981	0.61482
603.61087	0.61188
603.85193	0.60869
604.09299	0.60529
604.33405	0.60171
604.57511	0.59799
604.81616	0.59417
605.05722	0.59030
605.29828	0.58641
605.53934	0.58252
605.78040	0.57865
606.02146	0.57479
606.26252	0.57095
606.50358	0.56710
606.74463	0.56322
606.98569	0.55929
607.22675	0.55529
607.46781	0.55121
607.70887	0.54703
607.94993	0.54275
608.19099	0.53835
608.43204	0.53383
608.67310	0.52918
608.91416	0.52437
609.15522	0.51937
609.39628	0.51418
609.63734	0.50876
609.87840	0.50310
610.11946	0.49718
610.36051	0.49101
610.60157	0.48459
610.84263	0.47796
611.08369	0.47115
611.32475	0.46421
611.56581	0.45721
611.80687	0.45019
612.04792	0.44323
612.28898	0.43640
612.53004	0.42976
612.77110	0.42336
613.01216	0.41727
613.25322	0.41155
613.49428	0.40625
613.73534	0.40142
613.97639	0.39709
614.21745	0.39329
614.45851	0.39003
614.69957	0.38731
614.94063	0.38510
615.18169	0.38338
615.42275	0.38209
615.66380	0.38117
615.90486	0.38055
616.14592	0.38015
616.38698	0.37990
616.62804	0.37973
616.86910	0.37959
617.11016	0.37943
617.35121	0.37921
617.59227	0.37891
617.83333	0.37850
618.07439	0.37798
618.31545	0.37735
618.55651	0.37662
618.79757	0.37579
619.03863	0.37487
619.27968	0.37388
619.52074	0.37282
619.76180	0.37170
620.00286	0.37054
620.24392	0.36935
620.48498	0.36813
620.72604	0.36691
620.96709	0.36569
621.20815	0.36449
621.44921	0.36329
621.69027	0.36209
621.93133	0.36088
622.17239	0.35965
622.41345	0.35837
622.65451	0.35700
622.89556	0.35553
623.13662	0.35393
623.37768	0.35218
623.61874	0.35027
623.85980	0.34820
624.10086	0.34596
624.34192	0.34358
624.58297	0.34107
624.82403	0.33846
625.06509	0.33576
625.30615	0.33300
625.54721	0.33020
625.78827	0.32739
626.02933	0.32459
626.27039	0.32182
626.51144	0.31909
626.75250	0.31641
626.99356	0.31379
627.23462	0.31123
627.47568	0.30872
627.71674	0.30623
627.95780	0.30374
628.19885	0.30120
628.43991	0.29856
628.68097	0.29580
628.92203	0.29288
629.16309	0.28979
629.40415	0.28651
629.64521	0.28310
629.88626	0.27958
630.12732	0.27604
630.36838	0.27256
630.60944	0.26923
630.85050	0.26613
631.09156	0.26336
631.33262	0.26097
631.57368	0.25901
631.81473	0.25747
632.05579	0.25636
632.29685	0.25564
632.53791	0.25524
632.77897	0.25508
633.02003	0.25511
633.26109	0.25525
633.50214	0.25541
633.74320	0.25556
633.98426	0.25564
634.22532	0.25562
634.46638	0.25548
634.70744	0.25522
634.94850	0.25484
635.18956	0.25435
635.43061	0.25378
635.67167	0.25313
635.91273	0.25244
636.15379	0.25172
636.39485	0.25099
636.63591	0.25027
636.87697	0.24957
637.11802	0.24889
637.35908	0.24823
637.60014	0.24759
637.84120	0.24694
638.08226	0.24629
638.32332	0.24560
638.56438	0.24487
638.80544	0.24406
639.04649	0.24318
639.28755	0.24222
639.52861	0.24118
639.76967	0.24005
640.01073	0.23884
640.25179	0.23755
640.49285	0.23620
640.73390	0.23478
640.97496	0.23329
641.21602	0.23174
641.45708	0.23013
641.69814	0.22846
641.93920	0.22674
642.18026	0.22498
642.42132	0.22319
642.66237	0.22141
642.90343	0.21965
643.14449	0.21795
643.38555	0.21633
643.62661	0.21482
643.86767	0.21343
644.10873	0.21220
644.34978	0.21111
644.59084	0.21018
644.83190	0.20940
645.07296	0.20876
645.31402	0.20823
645.55508	0.20780
645.79614	0.20745
646.03719	0.20715
646.27825	0.20687
646.51931	0.20659
646.76037	0.20630
647.00143	0.20597
647.24249	0.20559
647.48355	0.20514
647.72461	0.20462
647.96566	0.20402
648.20672	0.20334
648.44778	0.20258
648.68884	0.20174
648.92990	0.20082
649.17096	0.19983
649.41202	0.19879
649.65307	0.19771
649.89413	0.19659
650.13519	0.19545
650.37625	0.19429
650.61731	0.19311
650.85837	0.19192
651.09943	0.19071
651.34049	0.18948
651.58154	0.18823
651.82260	0.18696
652.06366	0.18566
652.30472	0.18433
652.54578	0.18299
652.78684	0.18162
653.02790	0.18022
653.26895	0.17880
653.51001	0.17733
653.75107	0.17582
653.99213	0.17425
654.23319	0.17259
654.47425	0.17084
654.71531	0.16898
654.95637	0.16700
655.19742	0.16489
655.43848	0.16266
655.67954	0.16028
655.92060	0.15778
656.16166	0.15515
656.40272	0.15240
656.64378	0.14953
656.88483	0.14655
657.12589	0.14347
657.36695	0.14031
657.60801	0.13710
657.84907	0.13388
658.09013	0.13069
658.33119	0.12758
658.57224	0.12460
658.81330	0.12183
659.05436	0.11931
659.29542	0.11709
659.53648	0.11521
659.77754	0.11369
660.01860	0.11253
660.25966	0.11172
660.50071	0.11121
660.74177	0.11096
660.98283	0.11092
661.22389	0.11101
661.46495	0.11118
661.70601	0.11138
661.94707	0.11154
662.18812	0.11163
662.42918	0.11162
662.67024	0.11149
662.91130	0.11123
663.15236	0.11085
663.39342	0.11033
663.63448	0.10969
663.87554	0.10894
664.11659	0.10808
664.35765	0.10714
664.59871	0.10611
664.83977	0.10502
665.08083	0.10387
665.32189	0.10268
665.56295	0.10146
665.80400	0.10020
666.04506	0.09893
666.28612	0.09764
666.52718	0.09633
666.76824	0.09500
667.00930	0.09365
667.25036	0.09228
667.49142	0.09090
667.73247	0.08949
667.97353	0.08807
668.21459	0.08665
668.45565	0.08521
668.69671	0.08378
668.93777	0.08236
669.17883	0.08095
669.41988	0.07955
669.66094	0.07816
669.90200	0.07678
670.14306	0.07542
670.38412	0.07406
670.62518	0.07271
670.86624	0.07136
671.10729	0.07003
671.34835	0.06871
671.58941	0.06742
671.83047	0.06615
672.07153	0.06490
672.31259	0.06369
672.55365	0.06250
672.79471	0.06134
673.03576	0.06020
673.27682	0.05908
673.51788	0.05797
673.75894	0.05688
674.00000	0.05579
674.24106	0.05471
674.48212	0.05363
674.72317	0.05256
674.96423	0.05150
675.20529	0.05044
675.44635	0.04938
675.68741	0.04833
675.92847	0.04727
676.16953	0.04622
676.41059	0.04517
676.65164	0.04412
676.89270	0.04308
677.13376	0.04204
677.37482	0.04101
677.61588	0.04000
677.85694	0.03900
678.09800	0.03801
678.33905	0.03705
678.58011	0.03611
678.82117	0.03520
679.06223	0.03431
679.30329	0.03344
679.54435	0.03260
679.78541	0.03179
680.02647	0.03099
680.26752	0.03022
680.50858	0.02947
680.74964	0.02873
680.99070	0.02801
681.23176	0.02730
681.47282	0.02661
681.71388	0.02593
681.95493	0.02527
682.19599	0.02463
682.43705	0.02401
682.67811	0.02341
682.91917	0.02284
683.16023	0.02230
683.40129	0.02178
683.64234	0.02128
683.88340	0.02080
684.12446	0.02033
684.36552	0.01988
684.60658	0.01945
684.84764	0.01902
685.08870	0.01860
685.32976	0.01819
685.57081	0.01778
685.81187	0.01739
686.05293	0.01701
686.29399	0.01664
686.53505	0.01628
686.77611	0.01594
687.01717	0.01561
687.25822	0.01529
687.49928	0.01499
687.74034	0.01471
687.98140	0.01443
688.22246	0.01417
688.46352	0.01392
688.70458	0.01368
688.94564	0.01345
689.18669	0.01324
689.42775	0.01304
689.66881	0.01286
689.90987	0.01269
690.15093	0.01253
690.39199	0.01238
690.63305	0.01223
690.87410	0.01209
691.11516	0.01195
691.35622	0.01180
691.59728	0.01165
691.83834	0.01149
692.07940	0.01132
692.32046	0.01116
692.56152	0.01099
692.80257	0.01082
693.04363	0.01065
693.28469	0.01049
693.52575	0.01033
693.76681	0.01017
694.00787	0.01000
694.24893	0.00983
694.48998	0.00966
694.73104	0.00948
694.97210	0.00928
695.21316	0.00908
695.45422	0.00887
695.69528	0.00865
695.93634	0.00841
696.17740	0.00817
696.41845	0.00793
696.65951	0.00768
696.90057	0.00743
697.14163	0.00718
697.38269	0.00695
697.62375	0.00672
697.86481	0.00651
698.10586	0.00631
698.34692	0.00611
698.58798	0.00592
698.82904	0.00574
699.07010	0.00556
699.31116	0.00539
699.55222	0.00522
699.79327	0.00507
700.03433	0.00492
700.27539	0.00478
700.51645	0.00465
700.75751	0.00453
700.99857	0.00442
701.23963	0.00432
701.48069	0.00422
701.72174	0.00412
701.96280	0.00403
702.20386	0.00394
702.44492	0.00385
702.68598	0.00377
702.92704	0.00370
703.16810	0.00363
703.40915	0.00358
703.65021	0.00353
703.89127	0.00349
704.13233	0.00346
704.37339	0.00343
704.61445	0.00342
704.85551	0.00341
705.09657	0.00340
705.33762	0.00340
705.57868	0.00339
705.81974	0.00339
706.06080	0.00339
706.30186	0.00338
706.54292	0.00336
706.78398	0.00334
707.02503	0.00332
707.26609	0.00329
707.50715	0.00327
707.74821	0.00324
707.98927	0.00322
708.23033	0.00321
708.47139	0.00320
708.71245	0.00320
708.95350	0.00320
709.19456	0.00321
709.43562	0.00322
709.67668	0.00323
709.91774	0.00324
710.15880	0.00324
710.39986	0.00323
710.64091	0.00322
710.88197	0.00320
711.12303	0.00317
711.36409	0.00315
711.60515	0.00312
711.84621	0.00310
712.08727	0.00309
712.32832	0.00309
712.56938	0.00309
712.81044	0.00311
713.05150	0.00313
713.29256	0.00316
713.53362	0.00319
713.77468	0.00322
714.01574	0.00324
714.25679	0.00325
714.49785	0.00325
714.73891	0.00324
714.97997	0.00322
715.22103	0.00319
715.46209	0.00315
715.70315	0.00311
715.94420	0.00306
716.18526	0.00302
716.42632	0.00298
716.66738	0.00294
716.90844	0.00291
717.14950	0.00289
717.39056	0.00288
717.63162	0.00288
717.87267	0.00288
718.11373	0.00288
718.35479	0.00290
718.59585	0.00291
718.83691	0.00292
719.07797	0.00294
719.31903	0.00295
719.56008	0.00296
719.80114	0.00296
720.04220	0.00296
720.28326	0.00295
720.52432	0.00294
720.76538	0.00293
721.00644	0.00291
721.24750	0.00290
721.48855	0.00290
721.72961	0.00290
721.97067	0.00291
722.21173	0.00293
722.45279	0.00295
722.69385	0.00298
722.93491	0.00300
723.17596	0.00303
723.41702	0.00306
723.65808	0.00307
723.89914	0.00308
724.14020	0.00309
724.38126	0.00308
724.62232	0.00307
724.86337	0.00305
725.10443	0.00302
725.34549	0.00299
725.58655	0.00296
725.82761	0.00292
726.06867	0.00288
726.30973	0.00284
726.55079	0.00280
726.79184	0.00276
727.03290	0.00273
727.27396	0.00271
727.51502	0.00269
727.75608	0.00269
727.99714	0.00270
728.23820	0.00271
728.47925	0.00273
728.72031	0.00276
728.96137	0.00279
729.20243	0.00283
729.44349	0.00286
729.68455	0.00289
729.92561	0.00292
730.16667	0.00294
730.40772	0.00296
730.64878	0.00297
730.88984	0.00297
731.13090	0.00295
731.37196	0.00293
731.61302	0.00290
731.85408	0.00287
732.09513	0.00284
732.33619	0.00281
732.57725	0.00279
732.81831	0.00277
733.05937	0.00277
733.30043	0.00277
733.54149	0.00278
733.78255	0.00278
734.02360	0.00279
734.26466	0.00279
734.50572	0.00279
734.74678	0.00279
734.98784	0.00278
735.22890	0.00277
735.46996	0.00276
735.71101	0.00274
735.95207	0.00273
736.19313	0.00272
736.43419	0.00271
736.67525	0.00269
736.91631	0.00267
737.15737	0.00265
737.39842	0.00262
737.63948	0.00260
737.88054	0.00258
738.12160	0.00256
738.36266	0.00255
738.60372	0.00255
738.84478	0.00256
739.08584	0.00257
739.32689	0.00258
739.56795	0.00260
739.80901	0.00262
740.05007	0.00264
740.29113	0.00265
740.53219	0.00266
740.77325	0.00266
741.01430	0.00266
741.25536	0.00266
741.49642	0.00265
741.73748	0.00263
741.97854	0.00261
742.21960	0.00259
742.46066	0.00256
742.70172	0.00253
742.94277	0.00250
743.18383	0.00247
743.42489	0.00244
743.66595	0.00242
743.90701	0.00240
744.14807	0.00239
744.38913	0.00238
744.63018	0.00239
744.87124	0.00240
745.11230	0.00242
745.35336	0.00245
745.59442	0.00248
745.83548	0.00252
746.07654	0.00256
746.31760	0.00260
746.55865	0.00264
746.79971	0.00268
747.04077	0.00272
747.28183	0.00276
747.52289	0.00279
747.76395	0.00283
748.00501	0.00286
748.24606	0.00289
748.48712	0.00292
748.72818	0.00295
748.96924	0.00298
749.21030	0.00301
749.45136	0.00304
749.69242	0.00307
749.93348	0.00311
750.17453	0.00315
750.41559	0.00321
750.65665	0.00327
750.89771	0.00335
751.13877	0.00343
751.37983	0.00353
751.62089	0.00363
751.86194	0.00373
752.10300	0.00383
752.34406	0.00392
752.58512	0.00402
752.82618	0.00410
753.06724	0.00418
753.30830	0.00425
753.54935	0.00432
753.79041	0.00438
754.03147	0.00444
754.27253	0.00451
754.51359	0.00458
754.75465	0.00466
754.99571	0.00475
755.23677	0.00485
755.47782	0.00496
755.71888	0.00508
755.95994	0.00521
756.20100	0.00535
756.44206	0.00549
756.68312	0.00563
756.92418	0.00577
757.16523	0.00591
757.40629	0.00604
757.64735	0.00618
757.88841	0.00630
758.12947	0.00642
758.37053	0.00655
758.61159	0.00667
758.85265	0.00679
759.09370	0.00691
759.33476	0.00704
759.57582	0.00716
759.81688	0.00728
760.05794	0.00740
760.29900	0.00752
760.54006	0.00763
760.78111	0.00773
761.02217	0.00783
761.26323	0.00793
761.50429	0.00802
761.74535	0.00811
761.98641	0.00820
762.22747	0.00829
762.46853	0.00839
762.70958	0.00850
762.95064	0.00860
763.19170	0.00872
763.43276	0.00884
763.67382	0.00896
763.91488	0.00908
764.15594	0.00919
764.39699	0.00930
764.63805	0.00940
764.87911	0.00949
765.12017	0.00956
765.36123	0.00962
765.60229	0.00967
765.84335	0.00971
766.08440	0.00974
766.32546	0.00978
766.56652	0.00981
766.80758	0.00985
767.04864	0.00990
767.28970	0.00995
767.53076	0.01001
767.77182	0.01007
768.01287	0.01012
768.25393	0.01017
768.49499	0.01020
768.73605	0.01023
768.97711	0.01026
769.21817	0.01027
769.45923	0.01029
769.70028	0.01031
769.94134	0.01033
770.18240	0.01037
770.42346	0.01041
770.66452	0.01047
770.90558	0.01055
771.14664	0.01064
771.38770	0.01075
771.62875	0.01088
771.86981	0.01101
772.11087	0.01116
772.35193	0.01131
772.59299	0.01147
772.83405	0.01163
773.07511	0.01180
773.31616	0.01197
773.55722	0.01214
773.79828	0.01230
774.03934	0.01247
774.28040	0.01263
774.52146	0.01278
774.76252	0.01294
775.00358	0.01310
775.24463	0.01325
775.48569	0.01342
775.72675	0.01359
775.96781	0.01376
776.20887	0.01395
776.44993	0.01414
776.69099	0.01435
776.93204	0.01455
777.17310	0.01476
777.41416	0.01496
777.65522	0.01515
777.89628	0.01534
778.13734	0.01552
778.37840	0.01569
778.61945	0.01586
778.86051	0.01602
779.10157	0.01617
779.34263	0.01633
779.58369	0.01648
779.82475	0.01664
780.06581	0.01679
780.30687	0.01693
780.54792	0.01706
780.78898	0.01719
781.03004	0.01730
781.27110	0.01740
781.51216	0.01749
781.75322	0.01758
781.99428	0.01767
782.23533	0.01776
782.47639	0.01785
782.71745	0.01796
782.95851	0.01806
783.19957	0.01818
783.44063	0.01829
783.68169	0.01839
783.92275	0.01849
784.16380	0.01857
784.40486	0.01862
784.64592	0.01866
784.88698	0.01867
785.12804	0.01866
785.36910	0.01863
785.61016	0.01858
785.85121	0.01852
786.09227	0.01844
786.33333	0.01836
786.57439	0.01826
786.81545	0.01816
787.05651	0.01804
787.29757	0.01791
787.53863	0.01776
787.77968	0.01760
788.02074	0.01742
788.26180	0.01723
788.50286	0.01702
788.74392	0.01681
788.98498	0.01659
789.22604	0.01636
789.46709	0.01614
789.70815	0.01592
789.94921	0.01570
790.19027	0.01548
790.43133	0.01526
790.67239	0.01505
790.91345	0.01485
791.15451	0.01465
791.39556	0.01446
791.63662	0.01427
791.87768	0.01410
792.11874	0.01394
792.35980	0.01379
792.60086	0.01366
792.84192	0.01354
793.08297	0.01342
793.32403	0.01332
793.56509	0.01324
793.80615	0.01316
794.04721	0.01309
794.28827	0.01304
794.52933	0.01301
794.77038	0.01299
795.01144	0.01298
795.25250	0.01299
795.49356	0.01300
795.73462	0.01303
795.97568	0.01305
796.21674	0.01308
796.45780	0.01311
796.69885	0.01313
796.93991	0.01314
797.18097	0.01316
797.42203	0.01316
797.66309	0.01316
797.90415	0.01315
798.14521	0.01314
798.38626	0.01312
798.62732	0.01309
798.86838	0.01305
799.10944	0.01300
799.35050	0.01294
799.59156	0.01288
799.83262	0.01281
800.07368	0.01273
800.31473	0.01266
800.55579	0.01259
800.79685	0.01253
801.03791	0.01247
801.27897	0.01242
801.52003	0.01237
801.76109	0.01232
802.00214	0.01228
802.24320	0.01222
802.48426	0.01216
802.72532	0.01210
802.96638	0.01202
803.20744	0.01194
803.44850	0.01184
803.68956	0.01174
803.93061	0.01164
804.17167	0.01152
804.41273	0.01140
804.65379	0.01127
804.89485	0.01113
805.13591	0.01099
805.37697	0.01085
805.61802	0.01071
805.85908	0.01057
806.10014	0.01043
806.34120	0.01029
806.58226	0.01016
806.82332	0.01004
807.06438	0.00993
807.30543	0.00982
807.54649	0.00972
807.78755	0.00963
808.02861	0.00955
808.26967	0.00948
808.51073	0.00943
808.75179	0.00940
808.99285	0.00940
809.23390	0.00943
809.47496	0.00949
809.71602	0.00959
809.95708	0.00973
810.19814	0.00989
810.43920	0.01009
810.68026	0.01031
810.92131	0.01054
811.16237	0.01079
811.40343	0.01103
811.64449	0.01128
811.88555	0.01151
812.12661	0.01173
812.36767	0.01194
812.60873	0.01212
812.84978	0.01229
813.09084	0.01243
813.33190	0.01255
813.57296	0.01266
813.81402	0.01275
814.05508	0.01284
814.29614	0.01293
814.53719	0.01303
814.77825	0.01313
815.01931	0.01323
815.26037	0.01334
815.50143	0.01344
815.74249	0.01355
815.98355	0.01364
816.22461	0.01372
816.46566	0.01379
816.70672	0.01384
816.94778	0.01388
817.18884	0.01391
817.42990	0.01393
817.67096	0.01395
817.91202	0.01397
818.15307	0.01399
818.39413	0.01401
818.63519	0.01403
818.87625	0.01405
819.11731	0.01408
819.35837	0.01410
819.59943	0.01412
819.84048	0.01413
820.08154	0.01415
820.32260	0.01415
820.56366	0.01416
820.80472	0.01415
821.04578	0.01414
821.28684	0.01413
821.52790	0.01411
821.76895	0.01408
822.01001	0.01405
822.25107	0.01402
822.49213	0.01398
822.73319	0.01394
822.97425	0.01390
823.21531	0.01385
823.45636	0.01380
823.69742	0.01375
823.93848	0.01370
824.17954	0.01364
824.42060	0.01358
824.66166	0.01352
824.90272	0.01346
825.14378	0.01340
825.38483	0.01334
825.62589	0.01328
825.86695	0.01322
826.10801	0.01316
826.34907	0.01309
826.59013	0.01302
826.83119	0.01294
827.07224	0.01285
827.31330	0.01276
827.55436	0.01266
827.79542	0.01255
828.03648	0.01245
828.27754	0.01235
828.51860	0.01226
828.75966	0.01217
829.00071	0.01209
829.24177	0.01203
829.48283	0.01196
829.72389	0.01190
829.96495	0.01183
830.20601	0.01176
830.44707	0.01166
830.68812	0.01155
830.92918	0.01142
831.17024	0.01127
831.41130	0.01111
831.65236	0.01094
831.89342	0.01077
832.13448	0.01059
832.37553	0.01043
832.61659	0.01026
832.85765	0.01010
833.09871	0.00993
833.33977	0.00976
833.58083	0.00956
833.82189	0.00935
834.06295	0.00912
834.30400	0.00886
834.54506	0.00858
834.78612	0.00827
835.02718	0.00796
835.26824	0.00762
835.50930	0.00728
835.75036	0.00693
835.99141	0.00658
836.23247	0.00622
836.47353	0.00586
836.71459	0.00549
836.95565	0.00513
837.19671	0.00477
837.43777	0.00442
837.67883	0.00408
837.91988	0.00376
838.16094	0.00347
838.40200	0.00321
838.64306	0.00297
838.88412	0.00276
839.12518	0.00257
839.36624	0.00242
839.60729	0.00228
839.84835	0.00218
840.08941	0.00209
840.33047	0.00204
840.57153	0.00200
840.81259	0.00199
841.05365	0.00199
841.29471	0.00202
841.53576	0.00206
841.77682	0.00212
842.01788	0.00218
842.25894	0.00226
842.50000	0.00235
842.74106	0.00244
842.98212	0.00253
843.22317	0.00262
843.46423	0.00272
843.70529	0.00282
843.94635	0.00291
844.18741	0.00301
844.42847	0.00310
844.66953	0.00318
844.91059	0.00327
845.15164	0.00335
845.39270	0.00342
845.63376	0.00350
845.87482	0.00357
846.11588	0.00365
846.35694	0.00372
846.59800	0.00379
846.83905	0.00385
847.08011	0.00392
847.32117	0.00397
847.56223	0.00402
847.80329	0.00407
848.04435	0.00411
848.28541	0.00415
848.52646	0.00419
848.76752	0.00423
849.00858	0.00427
849.24964	0.00432
849.49070	0.00437
849.73176	0.00443
849.97282	0.00450
850.21388	0.00458
850.45493	0.00465
850.69599	0.00473
850.93705	0.00481
851.17811	0.00489
851.41917	0.00497
851.66023	0.00504
851.90129	0.00510
852.14234	0.00516
852.38340	0.00522
852.62446	0.00527
852.86552	0.00532
853.10658	0.00537
853.34764	0.00542
853.58870	0.00548
853.82976	0.00554
854.07081	0.00560
854.31187	0.00566
854.55293	0.00572
854.79399	0.00579
855.03505	0.00585
855.27611	0.00591
855.51717	0.00598
855.75822	0.00604
855.99928	0.00609
856.24034	0.00615
856.48140	0.00620
856.72246	0.00626
856.96352	0.00630
857.20458	0.00635
857.44564	0.00639
857.68669	0.00642
857.92775	0.00645
858.16881	0.00647
858.40987	0.00650
858.65093	0.00652
858.89199	0.00654
859.13305	0.00657
859.37410	0.00660
859.61516	0.00662
859.85622	0.00665
860.09728	0.00668
860.33834	0.00670
860.57940	0.00671
860.82046	0.00672
861.06151	0.00671
861.30257	0.00669
861.54363	0.00666
861.78469	0.00662
862.02575	0.00657
862.26681	0.00651
862.50787	0.00646
862.74893	0.00640
862.98998	0.00634
863.23104	0.00628
863.47210	0.00622
863.71316	0.00616
863.95422	0.00610
864.19528	0.00604
864.43634	0.00598
864.67739	0.00592
864.91845	0.00585
865.15951	0.00578
865.40057	0.00570
865.64163	0.00562
865.88269	0.00553
866.12375	0.00544
866.36481	0.00534
866.60586	0.00524
866.84692	0.00514
867.08798	0.00504
867.32904	0.00494
867.57010	0.00484
867.81116	0.00475
868.05222	0.00465
868.29327	0.00455
868.53433	0.00446
868.77539	0.00436
869.01645	0.00427
869.25751	0.00417
869.49857	0.00408
869.73963	0.00399
869.98069	0.00391
870.22174	0.00383
870.46280	0.00377
870.70386	0.00372
870.94492	0.00369
871.18598	0.00368
871.42704	0.00370
871.66810	0.00373
871.90915	0.00378
872.15021	0.00385
872.39127	0.00393
872.63233	0.00403
872.87339	0.00413
873.11445	0.00423
873.35551	0.00434
873.59656	0.00444
873.83762	0.00454
874.07868	0.00464
874.31974	0.00473
874.56080	0.00481
874.80186	0.00488
875.04292	0.00495
875.28398	0.00500
875.52503	0.00505
875.76609	0.00508
876.00715	0.00511
876.24821	0.00513
876.48927	0.00515
876.73033	0.00516
876.97139	0.00517
877.21244	0.00517
877.45350	0.00516
877.69456	0.00513
877.93562	0.00510
878.17668	0.00505
878.41774	0.00499
878.65880	0.00492
878.89986	0.00484
879.14091	0.00475
879.38197	0.00465
879.62303	0.00455
879.86409	0.00445
880.10515	0.00436
880.34621	0.00427
880.58727	0.00418
880.82832	0.00411
881.06938	0.00404
881.31044	0.00397
881.55150	0.00392
881.79256	0.00386
882.03362	0.00381
882.27468	0.00376
882.51574	0.00370
882.75679	0.00365
882.99785	0.00358
883.23891	0.00352
883.47997	0.00344
883.72103	0.00337
883.96209	0.00329
884.20315	0.00320
884.44420	0.00312
884.68526	0.00303
884.92632	0.00294
885.16738	0.00284
885.40844	0.00275
885.64950	0.00267
885.89056	0.00258
886.13161	0.00251
886.37267	0.00244
886.61373	0.00238
886.85479	0.00234
887.09585	0.00231
887.33691	0.00229
887.57797	0.00227
887.81903	0.00226
888.06008	0.00225
888.30114	0.00224
888.54220	0.00222
888.78326	0.00219
889.02432	0.00215
889.26538	0.00211
889.50644	0.00206
889.74749	0.00200
889.98855	0.00194
890.22961	0.00188
890.47067	0.00182
890.71173	0.00176
890.95279	0.00171
891.19385	0.00166
891.43491	0.00162
891.67596	0.00158
891.91702	0.00155
892.15808	0.00153
892.39914	0.00151
892.64020	0.00149
892.88126	0.00147
893.12232	0.00144
893.36337	0.00141
893.60443	0.00137
893.84549	0.00133
894.08655	0.00128
894.32761	0.00122
894.56867	0.00117
894.80973	0.00111
895.05079	0.00106
895.29184	0.00102
895.53290	0.00099
895.77396	0.00096
896.01502	0.00094
896.25608	0.00093
896.49714	0.00092
896.73820	0.00091
896.97925	0.00089
897.22031	0.00088
897.46137	0.00086
897.70243	0.00084
897.94349	0.00083
898.18455	0.00081
898.42561	0.00080
898.66667	0.00079
898.90772	0.00078
899.14878	0.00078
899.38984	0.00078
899.63090	0.00078
