0.00000	0.01148
0.24106	0.01183
0.48212	0.01284
0.72318	0.01433
0.96423	0.01607
1.20529	0.01780
1.44635	0.01930
1.68741	0.02041
1.92847	0.02107
2.16953	0.02123
2.41059	0.02108
2.65165	0.02075
2.89270	0.02034
3.13376	0.01994
3.37482	0.01961
3.61588	0.01937
3.85694	0.01922
4.09800	0.01915
4.33906	0.01912
4.58011	0.01914
4.82117	0.01918
5.06223	0.01925
5.30329	0.01933
5.54435	0.01941
5.78541	0.01947
6.02647	0.01949
6.26753	0.01945
6.50858	0.01937
6.74964	0.01923
6.99070	0.01906
7.23176	0.01889
7.47282	0.01874
7.71388	0.01863
7.95494	0.01858
8.19599	0.01857
8.43705	0.01859
8.67811	0.01864
8.91917	0.01868
9.16023	0.01872
9.40129	0.01875
9.64235	0.01878
9.88340	0.01883
10.12446	0.01892
10.36552	0.01908
10.60658	0.01932
10.84764	0.01965
11.08870	0.02005
11.32976	0.02050
11.57082	0.02096
11.81187	0.02136
12.05293	0.02163
12.29399	0.02173
12.53505	0.02159
12.77611	0.02121
13.01717	0.02059
13.25823	0.01979
13.49928	0.01888
13.74034	0.01794
13.98140	0.01712
14.22246	0.01654
14.46352	0.01625
14.70458	0.01629
14.94564	0.01664
15.18670	0.01722
15.42775	0.01792
15.66881	0.01862
15.90987	0.01920
16.15093	0.01956
16.39199	0.01963
16.63305	0.01939
16.87411	0.01885
17.11516	0.01806
17.35622	0.01709
17.59728	0.01600
17.83834	0.01487
18.07940	0.01373
18.32046	0.01265
18.56152	0.01163
18.80258	0.01069
19.04363	0.00984
19.28469	0.00907
19.52575	0.00736
19.76681	0.00524
20.00787	0.00315
20.24893	0.00146
20.48999	0.00043
20.73104	0.00018
20.97210	0.00066
21.21316	0.00166
21.45422	0.00345
21.69528	0.00556
21.93634	0.00793
22.17740	0.01047
22.41845	0.01308
22.65951	0.01568
22.90057	0.01815
23.14163	0.02042
23.38269	0.02249
23.62375	0.02432
23.86481	0.02595
24.10587	0.02743
24.34692	0.02881
24.58798	0.03015
24.82904	0.03148
25.07010	0.03283
25.31116	0.03420
25.55222	0.03561
25.79328	0.03702
26.03433	0.03842
26.27539	0.03979
26.51645	0.04112
26.75751	0.04242
26.99857	0.04373
27.23963	0.04510
27.48069	0.04661
27.72175	0.04836
27.96280	0.05043
28.20386	0.05292
28.44492	0.05585
28.68598	0.05924
28.92704	0.06305
29.16810	0.06719
29.40916	0.07157
29.65021	0.07609
29.89127	0.08066
30.13233	0.08522
30.37339	0.08976
30.61445	0.09427
30.85551	0.09877
31.09657	0.10326
31.33763	0.10771
31.57868	0.11203
31.81974	0.11613
32.06080	0.11989
32.30186	0.12318
32.54292	0.12592
32.78398	0.12809
33.02504	0.12976
33.26609	0.13109
33.50715	0.13230
33.74821	0.13367
33.98927	0.13548
34.23033	0.13799
34.47139	0.14136
34.71245	0.14569
34.95350	0.15097
35.19456	0.15713
35.43562	0.16403
35.67668	0.17157
35.91774	0.17968
36.15880	0.18837
36.39986	0.19777
36.64092	0.20810
36.88197	0.21960
37.12303	0.23250
37.36409	0.24691
37.60515	0.26278
37.84621	0.27980
38.08727	0.29744
38.32833	0.31496
38.56938	0.33149
38.81044	0.34617
39.05150	0.35825
39.29256	0.36724
39.53362	0.37297
39.77468	0.37563
40.01574	0.37578
40.25680	0.37421
40.49785	0.37184
40.73891	0.36961
40.97997	0.36833
41.22103	0.36859
41.46209	0.37072
41.70315	0.37475
41.94421	0.38052
42.18526	0.38773
42.42632	0.39602
42.66738	0.40508
42.90844	0.41470
43.14950	0.42479
43.39056	0.43534
43.63162	0.44639
43.87268	0.45796
44.11373	0.46994
44.35479	0.48211
44.59585	0.49404
44.83691	0.50519
45.07797	0.51494
45.31903	0.52269
45.56009	0.52798
45.80114	0.53059
46.04220	0.53061
46.28326	0.52844
46.52432	0.52482
46.76538	0.52069
47.00644	0.51711
47.24750	0.51513
47.48855	0.51566
47.72961	0.51933
47.97067	0.52650
48.21173	0.53722
48.45279	0.55128
48.69385	0.56832
48.93491	0.58794
49.17597	0.60980
49.41702	0.63375
49.65808	0.65983
49.89914	0.68826
50.14020	0.71938
50.38126	0.75347
50.62232	0.79066
50.86338	0.83074
51.10443	0.87314
51.34549	0.91680
51.58655	0.96038
51.82761	1.00227
52.06867	1.04091
52.30973	1.07496
52.55079	1.10352
52.79185	1.12628
53.03290	1.14354
53.27396	1.15612
53.51502	1.16523
53.75608	1.17221
53.99714	1.17830
54.23820	1.18443
54.47926	1.19114
54.72031	1.19855
54.96137	1.20647
55.20243	1.21463
55.44349	1.22283
55.68455	1.23120
55.92561	1.24030
56.16667	1.25110
56.40773	1.26490
56.64878	1.28305
56.88984	1.30668
57.13090	1.33645
57.37196	1.37226
57.61302	1.41320
57.85408	1.45759
58.09514	1.50319
58.33619	1.54752
58.57725	1.58818
58.81831	1.62328
59.05937	1.65162
59.30043	1.67286
59.54149	1.68747
59.78255	1.69656
60.02361	1.70157
60.26466	1.70396
60.50572	1.70490
60.74678	1.70510
60.98784	1.70467
61.22890	1.70324
61.46996	1.70015
61.71102	1.69471
61.95207	1.68649
62.19313	1.67554
62.43419	1.66259
62.67525	1.64893
62.91631	1.63640
63.15737	1.62701
63.39843	1.62270
63.63948	1.62495
63.88054	1.63455
64.12160	1.65141
64.36266	1.67456
64.60372	1.70233
64.84478	1.73253
65.08584	1.76286
65.32690	1.79120
65.56795	1.81591
65.80901	1.83600
66.05007	1.85117
66.29113	1.86165
66.53219	1.86803
66.77325	1.87096
67.01431	1.87092
67.25536	1.86803
67.49642	1.86195
67.73748	1.85201
67.97854	1.83734
68.21960	1.81711
68.46066	1.79085
68.70172	1.75862
68.94278	1.72112
69.18383	1.67972
69.42489	1.63631
69.66595	1.59304
69.90701	1.55208
70.14807	1.51531
70.38913	1.48410
70.63019	1.45917
70.87124	1.44059
71.11230	1.42788
71.35336	1.42022
71.59442	1.41666
71.83548	1.41637
72.07654	1.41879
72.31760	1.42373
72.55866	1.43129
72.79971	1.44181
73.04077	1.45557
73.28183	1.47263
73.52289	1.49262
73.76395	1.51460
74.00501	1.53713
74.24607	1.55830
74.48712	1.57600
74.72818	1.58823
74.96924	1.59338
75.21030	1.59054
75.45136	1.57964
75.69242	1.56152
75.93348	1.53787
76.17453	1.51102
76.41559	1.48361
76.65665	1.45835
76.89771	1.43765
77.13877	1.42338
77.37983	1.41674
77.62089	1.41822
77.86195	1.42765
78.10300	1.44441
78.34406	1.46757
78.58512	1.49618
78.82618	1.52935
79.06724	1.56643
79.30830	1.60695
79.54936	1.65055
79.79041	1.69683
80.03147	1.74515
80.27253	1.79451
80.51359	1.84343
80.75465	1.89003
80.99571	1.93218
81.23677	1.96771
81.47783	1.99478
81.71888	2.01217
81.95994	2.01950
82.20100	2.01739
82.44206	2.00736
82.68312	1.99168
82.92418	1.97302
83.16524	1.95408
83.40629	1.93723
83.64735	1.92419
83.88841	1.91588
84.12947	1.91244
84.37053	1.91336
84.61159	1.91780
84.85265	1.92487
85.09371	1.93400
85.33476	1.94509
85.57582	1.95863
85.81688	1.97558
86.05794	1.99715
86.29900	2.02443
86.54006	2.05803
86.78112	2.09779
87.02217	2.14254
87.26323	2.19015
87.50429	2.23772
87.74535	2.28194
87.98641	2.31961
88.22747	2.34808
88.46853	2.36572
88.70958	2.37216
88.95064	2.36830
89.19170	2.35611
89.43276	2.33825
89.67382	2.31759
89.91488	2.29670
90.15594	2.27747
90.39700	2.26089
90.63805	2.24704
90.87911	2.23528
91.12017	2.22465
91.36123	2.21423
91.60229	2.20356
91.84335	2.19289
92.08441	2.18323
92.32546	2.17631
92.56652	2.17420
92.80758	2.17892
93.04864	2.19200
93.28970	2.21411
93.53076	2.24476
93.77182	2.28232
94.01288	2.32414
94.25393	2.36692
94.49499	2.40722
94.73605	2.44189
94.97711	2.46860
95.21817	2.48609
95.45923	2.49429
95.70029	2.49420
95.94134	2.48760
96.18240	2.47661
96.42346	2.46325
96.66452	2.44909
96.90558	2.43493
97.14664	2.42083
97.38770	2.40619
97.62876	2.39009
97.86981	2.37162
98.11087	2.35030
98.35193	2.32636
98.59299	2.30082
98.83405	2.27551
99.07511	2.25277
99.31617	2.23513
99.55722	2.22484
99.79828	2.22352
100.03934	2.23184
100.28040	2.24940
100.52146	2.27482
100.76252	2.30593
101.00358	2.34017
101.24464	2.37499
101.48569	2.40826
101.72675	2.43850
101.96781	2.46507
102.20887	2.48806
102.44993	2.50812
102.69099	2.52612
102.93205	2.54280
103.17310	2.55851
103.41416	2.57295
103.65522	2.58524
103.89628	2.59404
104.13734	2.59781
104.37840	2.59523
104.61946	2.58553
104.86051	2.56878
105.10157	2.54601
105.34263	2.51917
105.58369	2.49089
105.82475	2.46409
106.06581	2.44162
106.30687	2.42579
106.54793	2.41807
106.78898	2.41895
107.03004	2.42796
107.27110	2.44386
107.51216	2.46500
107.75322	2.48967
107.99428	2.51654
108.23534	2.54483
108.47639	2.57448
108.71745	2.60600
108.95851	2.64026
109.19957	2.67809
109.44063	2.71990
109.68169	2.76533
109.92275	2.81311
110.16381	2.86104
110.40486	2.90625
110.64592	2.94563
110.88698	2.97629
111.12804	2.99611
111.36910	3.00409
111.61016	3.00055
111.85122	2.98710
112.09227	2.96638
112.33333	2.94161
112.57439	2.91608
112.81545	2.89267
113.05651	2.87344
113.29757	2.85948
113.53863	2.85091
113.77969	2.84710
114.02074	2.84703
114.26180	2.84972
114.50286	2.85454
114.74392	2.86152
114.98498	2.87140
115.22604	2.88548
115.46710	2.90538
115.70815	2.93260
115.94921	2.96808
116.19027	3.01186
116.43133	3.06282
116.67239	3.11871
116.91345	3.17629
117.15451	3.23180
117.39556	3.28142
117.63662	3.32187
117.87768	3.35089
118.11874	3.36752
118.35980	3.37224
118.60086	3.36674
118.84192	3.35361
119.08298	3.33580
119.32403	3.31611
119.56509	3.29669
119.80615	3.27885
120.04721	3.26292
120.28827	3.24847
120.52933	3.23462
120.77039	3.22053
121.01144	3.20578
121.25250	3.19070
121.49356	3.17653
121.73462	3.16529
121.97568	3.15952
122.21674	3.16184
122.45780	3.17443
122.69886	3.19857
122.93991	3.23437
123.18097	3.28060
123.42203	3.33488
123.66309	3.39395
123.90415	3.45419
124.14521	3.51215
124.38627	3.56502
124.62732	3.61097
124.86838	3.64931
125.10944	3.68033
125.35050	3.70509
125.59156	3.72492
125.83262	3.74104
126.07368	3.75415
126.31474	3.76421
126.55579	3.77046
126.79685	3.77163
127.03791	3.76625
127.27897	3.75317
127.52003	3.73197
127.76109	3.70323
128.00215	3.66872
128.24320	3.63127
128.48426	3.59444
128.72532	3.56202
128.96638	3.53752
129.20744	3.52357
129.44850	3.52154
129.68956	3.53133
129.93061	3.55141
130.17167	3.57913
130.41273	3.61114
130.65379	3.64397
130.89485	3.67461
131.13591	3.70094
131.37697	3.72192
131.61803	3.73767
131.85908	3.74913
132.10014	3.75771
132.34120	3.76477
132.58226	3.77113
132.82332	3.77677
133.06438	3.78072
133.30544	3.78117
133.54649	3.77586
133.78755	3.76258
134.02861	3.73967
134.26967	3.70651
134.51073	3.66375
134.75179	3.61338
134.99285	3.55844
135.23391	3.50265
135.47496	3.44973
135.71602	3.40297
135.95708	3.36469
136.19814	3.33598
136.43920	3.31668
136.68026	3.30558
136.92132	3.30075
137.16237	3.30008
137.40343	3.30168
137.64449	3.30428
137.88555	3.30741
138.12661	3.31137
138.36767	3.31701
138.60873	3.32538
138.84979	3.33727
139.09084	3.35288
139.33190	3.37151
139.57296	3.39154
139.81402	3.41054
140.05508	3.42560
140.29614	3.43383
140.53720	3.43282
140.77825	3.42108
141.01931	3.39834
141.26037	3.36560
141.50143	3.32500
141.74249	3.27948
141.98355	3.23233
142.22461	3.18666
142.46566	3.14501
142.70672	3.10901
142.94778	3.07932
143.18884	3.05567
143.42990	3.03716
143.67096	3.02260
143.91202	3.01088
144.15308	3.00128
144.39413	2.99367
144.63519	2.98850
144.87625	2.98664
145.11731	2.98912
145.35837	2.99676
145.59943	3.00984
145.84049	3.02784
146.08154	3.04941
146.32260	3.07244
146.56366	3.09430
146.80472	3.11228
147.04578	3.12400
147.28684	3.12776
147.52790	3.12287
147.76896	3.10966
148.01001	3.08943
148.25107	3.06416
148.49213	3.03609
148.73319	3.00733
148.97425	2.97948
149.21531	2.95343
149.45637	2.92927
149.69742	2.90641
149.93848	2.88387
150.17954	2.86061
150.42060	2.83591
150.66166	2.80958
150.90272	2.78219
151.14378	2.75497
151.38484	2.72966
151.62589	2.70814
151.86695	2.69214
152.10801	2.68279
152.34907	2.68041
152.59013	2.68437
152.83119	2.69318
153.07225	2.70467
153.31330	2.71639
153.55436	2.72597
153.79542	2.73152
154.03648	2.73189
154.27754	2.72678
154.51860	2.71673
154.75966	2.70285
155.00072	2.68656
155.24177	2.66922
155.48283	2.65186
155.72389	2.63493
155.96495	2.61835
156.20601	2.60151
156.44707	2.58354
156.68813	2.56361
156.92918	2.54117
157.17024	2.51617
157.41130	2.48921
157.65236	2.46143
157.89342	2.43439
158.13448	2.40981
158.37554	2.38929
158.61659	2.37398
158.85765	2.36446
159.09871	2.36061
159.33977	2.36163
159.58083	2.36627
159.82189	2.37297
160.06295	2.38021
160.30401	2.38673
160.54506	2.39173
160.78612	2.39493
161.02718	2.39658
161.26824	2.39726
161.50930	2.39776
161.75036	2.39872
161.99142	2.40055
162.23247	2.40317
162.47353	2.40607
162.71459	2.40834
162.95565	2.40887
163.19671	2.40661
163.43777	2.40078
163.67883	2.39115
163.91989	2.37804
164.16094	2.36242
164.40200	2.34568
164.64306	2.32947
164.88412	2.31535
165.12518	2.30459
165.36624	2.29788
165.60730	2.29531
165.84835	2.29635
166.08941	2.29998
166.33047	2.30500
166.57153	2.31019
166.81259	2.31468
167.05365	2.31805
167.29471	2.32041
167.53577	2.32236
167.77682	2.32481
168.01788	2.32872
168.25894	2.33486
168.50000	2.34357
168.74106	2.35464
168.98212	2.36725
169.22318	2.38013
169.46423	2.39176
169.70529	2.40063
169.94635	2.40555
170.18741	2.40590
170.42847	2.40171
170.66953	2.39371
170.91059	2.38317
171.15164	2.37173
171.39270	2.36105
171.63376	2.35258
171.87482	2.34728
172.11588	2.34552
172.35694	2.34705
172.59800	2.35111
172.83906	2.35663
173.08011	2.36247
173.32117	2.36771
173.56223	2.37177
173.80329	2.37459
174.04435	2.37659
174.28541	2.37856
174.52647	2.38144
174.76752	2.38613
175.00858	2.39319
175.24964	2.40272
175.49070	2.41425
175.73176	2.42683
175.97282	2.43914
176.21388	2.44978
176.45494	2.45750
176.69599	2.46145
176.93705	2.46141
177.17811	2.45776
177.41917	2.45148
177.66023	2.44393
177.90129	2.43661
178.14235	2.43085
178.38340	2.42759
178.62446	2.42724
178.86552	2.42961
179.10658	2.43406
179.34764	2.43964
179.58870	2.44542
179.82976	2.45065
180.07082	2.45507
180.31187	2.45887
180.55293	2.46277
180.79399	2.46779
181.03505	2.47504
181.27611	2.48546
181.51717	2.49954
181.75823	2.51721
181.99928	2.53774
182.24034	2.55988
182.48140	2.58202
182.72246	2.60251
182.96352	2.61991
183.20458	2.63328
183.44564	2.64233
183.68669	2.64744
183.92775	2.64960
184.16881	2.65017
184.40987	2.65065
184.65093	2.65234
184.89199	2.65613
185.13305	2.66233
185.37411	2.67067
185.61516	2.68040
185.85622	2.69046
186.09728	2.69979
186.33834	2.70762
186.57940	2.71362
186.82046	2.71808
187.06152	2.72187
187.30257	2.72630
187.54363	2.73286
187.78469	2.74290
188.02575	2.75737
188.26681	2.77655
188.50787	2.79995
188.74893	2.82638
188.98999	2.85414
189.23104	2.88127
189.47210	2.90596
189.71316	2.92682
189.95422	2.94317
190.19528	2.95508
190.43634	2.96335
190.67740	2.96928
190.91845	2.97437
191.15951	2.98001
191.40057	2.98712
191.64163	2.99603
191.88269	3.00639
192.12375	3.01728
192.36481	3.02745
192.60587	3.03560
192.84692	3.04074
193.08798	3.04241
193.32904	3.04082
193.57010	3.03686
193.81116	3.03197
194.05222	3.02783
194.29328	3.02614
194.53433	3.02823
194.77539	3.03482
195.01645	3.04593
195.25751	3.06083
195.49857	3.07823
195.73963	3.09647
195.98069	3.11387
196.22174	3.12903
196.46280	3.14104
196.70386	3.14965
196.94492	3.15525
197.18598	3.15875
197.42704	3.16135
197.66810	3.16422
197.90916	3.16827
198.15021	3.17393
198.39127	3.18102
198.63233	3.18883
198.87339	3.19626
199.11445	3.20209
199.35551	3.20527
199.59657	3.20518
199.83762	3.20181
200.07868	3.19582
200.31974	3.18838
200.56080	3.18104
200.80186	3.17534
201.04292	3.17255
201.28398	3.17339
201.52504	3.17790
201.76609	3.18541
202.00715	3.19470
202.24821	3.20424
202.48927	3.21255
202.73033	3.21845
202.97139	3.22133
203.21245	3.22126
203.45350	3.21893
203.69456	3.21547
203.93562	3.21220
204.17668	3.21031
204.41774	3.21055
204.65880	3.21310
204.89986	3.21747
205.14092	3.22259
205.38197	3.22705
205.62303	3.22936
205.86409	3.22826
206.10515	3.22297
206.34621	3.21337
206.58727	3.20003
206.82833	3.18408
207.06938	3.16705
207.31044	3.15052
207.55150	3.13589
207.79256	3.12411
208.03362	3.11549
208.27468	3.10970
208.51574	3.10588
208.75680	3.10275
208.99785	3.09898
209.23891	3.09339
209.47997	3.08521
209.72103	3.07425
209.96209	3.06090
210.20315	3.04602
210.44421	3.03078
210.68526	3.01637
210.92632	3.00371
211.16738	2.99328
211.40844	2.98498
211.64950	2.97810
211.89056	2.97154
212.13162	2.96397
212.37267	2.95414
212.61373	2.94116
212.85479	2.92467
213.09585	2.90494
213.33691	2.88281
213.57797	2.85955
213.81903	2.83656
214.06009	2.81514
214.30114	2.79624
214.54220	2.78028
214.78326	2.76713
215.02432	2.75617
215.26538	2.74644
215.50644	2.73693
215.74750	2.72675
215.98855	2.71536
216.22961	2.70268
216.47067	2.68911
216.71173	2.67537
216.95279	2.66243
217.19385	2.65117
217.43491	2.64228
217.67597	2.63601
217.91702	2.63212
218.15808	2.62991
218.39914	2.62830
218.64020	2.62605
218.88126	2.62196
219.12232	2.61510
219.36338	2.60497
219.60443	2.59161
219.84549	2.57553
220.08655	2.55763
220.32761	2.53900
220.56867	2.52071
220.80973	2.50362
221.05079	2.48819
221.29185	2.47444
221.53290	2.46201
221.77396	2.45024
222.01502	2.43840
222.25608	2.42584
222.49714	2.41225
222.73820	2.39767
222.97926	2.38261
223.22031	2.36789
223.46137	2.35453
223.70243	2.34351
223.94349	2.33560
224.18455	2.33114
224.42561	2.32999
224.66667	2.33152
224.90772	2.33468
225.14878	2.33823
225.38984	2.34093
225.63090	2.34170
225.87196	2.33987
226.11302	2.33519
226.35408	2.32787
226.59514	2.31846
226.83619	2.30772
227.07725	2.29644
227.31831	2.28524
227.55937	2.27450
227.80043	2.26430
228.04149	2.25441
228.28255	2.24443
228.52360	2.23390
228.76466	2.22248
229.00572	2.21003
229.24678	2.19676
229.48784	2.18316
229.72890	2.16998
229.96996	2.15809
230.21102	2.14832
230.45207	2.14130
230.69313	2.13735
230.93419	2.13636
231.17525	2.13784
231.41631	2.14096
231.65737	2.14471
231.89843	2.14807
232.13948	2.15015
232.38054	2.15038
232.62160	2.14854
232.86266	2.14477
233.10372	2.13951
233.34478	2.13336
233.58584	2.12693
233.82690	2.12070
234.06795	2.11490
234.30901	2.10948
234.55007	2.10413
234.79113	2.09838
235.03219	2.09172
235.27325	2.08373
235.51431	2.07425
235.75536	2.06339
235.99642	2.05158
236.23748	2.03953
236.47854	2.02808
236.71960	2.01809
236.96066	2.01027
237.20172	2.00510
237.44277	2.00270
237.68383	2.00287
237.92489	2.00509
238.16595	2.00868
238.40701	2.01286
238.64807	2.01697
238.88913	2.02052
239.13019	2.02329
239.37124	2.02535
239.61230	2.02699
239.85336	2.02865
240.09442	2.03074
240.33548	2.03358
240.57654	2.03722
240.81760	2.04145
241.05865	2.04579
241.29971	2.04957
241.54077	2.05205
241.78183	2.05260
242.02289	2.05083
242.26395	2.04667
242.50501	2.04043
242.74607	2.03276
242.98712	2.02454
243.22818	2.01677
243.46924	2.01033
243.71030	2.00590
243.95136	2.00383
244.19242	2.00413
244.43348	2.00647
244.67453	2.01032
244.91559	2.01501
245.15665	2.01997
245.39771	2.02479
245.63877	2.02930
245.87983	2.03361
246.12089	2.03806
246.36195	2.04308
246.60300	2.04913
246.84406	2.05651
247.08512	2.06527
247.32618	2.07518
247.56724	2.08571
247.80830	2.09609
248.04936	2.10549
248.29041	2.11311
248.53147	2.11837
248.77253	2.12097
249.01359	2.12101
249.25465	2.11895
249.49571	2.11552
249.73677	2.11162
249.97783	2.10813
250.21888	2.10582
250.45994	2.10516
250.70100	2.10633
250.94206	2.10918
251.18312	2.11333
251.42418	2.11826
251.66524	2.12345
251.90629	2.12853
252.14735	2.13333
252.38841	2.13793
252.62947	2.14267
252.87053	2.14802
253.11159	2.15448
253.35265	2.16247
253.59370	2.17221
253.83476	2.18359
254.07582	2.19625
254.31688	2.20953
254.55794	2.22262
254.79900	2.23470
255.04006	2.24506
255.28112	2.25322
255.52217	2.25902
255.76323	2.26259
256.00429	2.26437
256.24535	2.26493
256.48641	2.26488
256.72747	2.26472
256.96853	2.26478
257.20958	2.26510
257.45064	2.26553
257.69170	2.26575
257.93276	2.26538
258.17382	2.26416
258.41488	2.26198
258.65594	2.25899
258.89700	2.25562
259.13805	2.25250
259.37911	2.25039
259.62017	2.25001
259.86123	2.25194
260.10229	2.25649
260.34335	2.26365
260.58441	2.27306
260.82546	2.28407
261.06652	2.29582
261.30758	2.30742
261.54864	2.31802
261.78970	2.32701
262.03076	2.33401
262.27182	2.33897
262.51288	2.34209
262.75393	2.34376
262.99499	2.34441
263.23605	2.34442
263.47711	2.34401
263.71817	2.34318
263.95923	2.34172
264.20029	2.33926
264.44134	2.33536
264.68240	2.32968
264.92346	2.32206
265.16452	2.31261
265.40558	2.30175
265.64664	2.29016
265.88770	2.27870
266.12875	2.26826
266.36981	2.25961
266.61087	2.25328
266.85193	2.24948
267.09299	2.24805
267.33405	2.24853
267.57511	2.25024
267.81617	2.25243
268.05722	2.25437
268.29828	2.25554
268.53934	2.25564
268.78040	2.25462
269.02146	2.25267
269.26252	2.25011
269.50358	2.24729
269.74463	2.24452
269.98569	2.24189
270.22675	2.23934
270.46781	2.23657
270.70887	2.23314
270.94993	2.22853
271.19099	2.22225
271.43205	2.21397
271.67310	2.20354
271.91416	2.19110
272.15522	2.17700
272.39628	2.16183
272.63734	2.14624
272.87840	2.13091
273.11946	2.11642
273.36051	2.10315
273.60157	2.09127
273.84263	2.08075
274.08369	2.07135
274.32475	2.06276
274.56581	2.05467
274.80687	2.04684
275.04793	2.03917
275.28898	2.03170
275.53004	2.02463
275.77110	2.01824
276.01216	2.01278
276.25322	2.00843
276.49428	2.00520
276.73534	2.00289
276.97639	2.00107
277.21745	1.99917
277.45851	1.99653
277.69957	1.99249
277.94063	1.98654
278.18169	1.97837
278.42275	1.96792
278.66380	1.95544
278.90486	1.94137
279.14592	1.92631
279.38698	1.91094
279.62804	1.89584
279.86910	1.88148
280.11016	1.86812
280.35122	1.85584
280.59227	1.84455
280.83333	1.83406
281.07439	1.82418
281.31545	1.81474
281.55651	1.80570
281.79757	1.79716
282.03863	1.78930
282.27968	1.78236
282.52074	1.77658
282.76180	1.77208
283.00286	1.76887
283.24392	1.76674
283.48498	1.76532
283.72604	1.76408
283.96710	1.76247
284.20815	1.75992
284.44921	1.75599
284.69027	1.75039
284.93133	1.74308
285.17239	1.73420
285.41345	1.72406
285.65451	1.71309
285.89556	1.70172
286.13662	1.69034
286.37768	1.67921
286.61874	1.66843
286.85980	1.65794
287.10086	1.64761
287.34192	1.63722
287.58298	1.62661
287.82403	1.61570
288.06509	1.60455
288.30615	1.59338
288.54721	1.58256
288.78827	1.57252
289.02933	1.56368
289.27039	1.55640
289.51144	1.55088
289.75250	1.54712
289.99356	1.54490
290.23462	1.54383
290.47568	1.54340
290.71674	1.54303
290.95780	1.54221
291.19885	1.54051
291.43991	1.53768
291.68097	1.53363
291.92203	1.52844
292.16309	1.52228
292.40415	1.51539
292.64521	1.50801
292.88627	1.50032
293.12732	1.49240
293.36838	1.48425
293.60944	1.47579
293.85050	1.46693
294.09156	1.45759
294.33262	1.44778
294.57368	1.43761
294.81473	1.42730
295.05579	1.41720
295.29685	1.40770
295.53791	1.39919
295.77897	1.39204
296.02003	1.38648
296.26109	1.38261
296.50215	1.38033
296.74320	1.37944
296.98426	1.37961
297.22532	1.38044
297.46638	1.38157
297.70744	1.38269
297.94850	1.38360
298.18956	1.38422
298.43061	1.38459
298.67167	1.38481
298.91273	1.38500
299.15379	1.38527
299.39485	1.38565
299.63591	1.38605
299.87697	1.38631
300.11803	1.38616
300.35908	1.38534
300.60014	1.38358
300.84120	1.38074
301.08226	1.37678
301.32332	1.37184
301.56438	1.36619
301.80544	1.36024
302.04649	1.35444
302.28755	1.34924
302.52861	1.34502
302.76967	1.34203
303.01073	1.34038
303.25179	1.34003
303.49285	1.34081
303.73391	1.34248
303.97496	1.34478
304.21602	1.34750
304.45708	1.35046
304.69814	1.35362
304.93920	1.35699
305.18026	1.36065
305.42132	1.36469
305.66237	1.36917
305.90343	1.37407
306.14449	1.37930
306.38555	1.38465
306.62661	1.38985
306.86767	1.39457
307.10873	1.39853
307.34978	1.40151
307.59084	1.40339
307.83190	1.40420
308.07296	1.40412
308.31402	1.40344
308.55508	1.40249
308.79614	1.40163
309.03720	1.40117
309.27825	1.40130
309.51931	1.40213
309.76037	1.40360
310.00143	1.40561
310.24249	1.40798
310.48355	1.41056
310.72461	1.41323
310.96566	1.41599
311.20672	1.41891
311.44778	1.42216
311.68884	1.42595
311.92990	1.43048
312.17096	1.43589
312.41202	1.44223
312.65308	1.44943
312.89413	1.45729
313.13519	1.46551
313.37625	1.47374
313.61731	1.48161
313.85837	1.48882
314.09943	1.49516
314.34049	1.50055
314.58154	1.50503
314.82260	1.50875
315.06366	1.51195
315.30472	1.51486
315.54578	1.51769
315.78684	1.52059
316.02790	1.52361
316.26896	1.52670
316.51001	1.52974
316.75107	1.53260
316.99213	1.53517
317.23319	1.53740
317.47425	1.53935
317.71531	1.54121
317.95637	1.54324
318.19742	1.54577
318.43848	1.54914
318.67954	1.55360
318.92060	1.55931
319.16166	1.56626
319.40272	1.57428
319.64378	1.58308
319.88483	1.59226
320.12589	1.60141
320.36695	1.61016
320.60801	1.61821
320.84907	1.62542
321.09013	1.63178
321.33119	1.63739
321.57225	1.64245
321.81330	1.64715
322.05436	1.65169
322.29542	1.65618
322.53648	1.66061
322.77754	1.66492
323.01860	1.66895
323.25966	1.67254
323.50071	1.67553
323.74177	1.67785
323.98283	1.67956
324.22389	1.68079
324.46495	1.68182
324.70601	1.68296
324.94707	1.68457
325.18813	1.68693
325.42918	1.69025
325.67024	1.69459
325.91130	1.69989
326.15236	1.70596
326.39342	1.71251
326.63448	1.71924
326.87554	1.72585
327.11659	1.73213
327.35765	1.73796
327.59871	1.74336
327.83977	1.74841
328.08083	1.75327
328.32189	1.75811
328.56295	1.76305
328.80401	1.76812
329.04506	1.77323
329.28612	1.77820
329.52718	1.78274
329.76824	1.78654
330.00930	1.78933
330.25036	1.79092
330.49142	1.79124
330.73247	1.79041
330.97353	1.78868
331.21459	1.78645
331.45565	1.78415
331.69671	1.78222
331.93777	1.78100
332.17883	1.78070
332.41988	1.78137
332.66094	1.78291
332.90200	1.78509
333.14306	1.78760
333.38412	1.79016
333.62518	1.79253
333.86624	1.79457
334.10730	1.79627
334.34835	1.79771
334.58941	1.79902
334.83047	1.80035
335.07153	1.80178
335.31259	1.80331
335.55365	1.80479
335.79471	1.80599
336.03576	1.80659
336.27682	1.80623
336.51788	1.80460
336.75894	1.80151
337.00000	1.79689
337.24106	1.79085
337.48212	1.78363
337.72318	1.77560
337.96423	1.76717
338.20529	1.75873
338.44635	1.75058
338.68741	1.74292
338.92847	1.73577
339.16953	1.72907
339.41059	1.72264
339.65164	1.71629
339.89270	1.70985
340.13376	1.70323
340.37482	1.69647
340.61588	1.68970
340.85694	1.68312
341.09800	1.67700
341.33906	1.67153
341.58011	1.66686
341.82117	1.66300
342.06223	1.65981
342.30329	1.65705
342.54435	1.65438
342.78541	1.65143
343.02647	1.64786
343.26752	1.64341
343.50858	1.63794
343.74964	1.63145
343.99070	1.62402
344.23176	1.61586
344.47282	1.60720
344.71388	1.59827
344.95493	1.58926
345.19599	1.58028
345.43705	1.57134
345.67811	1.56240
345.91917	1.55333
346.16023	1.54403
346.40129	1.53440
346.64235	1.52440
346.88340	1.51409
347.12446	1.50361
347.36552	1.49317
347.60658	1.48303
347.84764	1.47345
348.08870	1.46462
348.32976	1.45667
348.57081	1.44959
348.81187	1.44327
349.05293	1.43750
349.29399	1.43201
349.53505	1.42650
349.77611	1.42073
350.01717	1.41453
350.25823	1.40782
350.49928	1.40064
350.74034	1.39307
350.98140	1.38528
351.22246	1.37744
351.46352	1.36966
351.70458	1.36202
351.94564	1.35451
352.18669	1.34707
352.42775	1.33957
352.66881	1.33188
352.90987	1.32389
353.15093	1.31554
353.39199	1.30681
353.63305	1.29781
353.87411	1.28866
354.11516	1.27956
354.35622	1.27072
354.59728	1.26231
354.83834	1.25447
355.07940	1.24724
355.32046	1.24060
355.56152	1.23445
355.80257	1.22862
356.04363	1.22292
356.28469	1.21717
356.52575	1.21122
356.76681	1.20500
357.00787	1.19850
357.24893	1.19177
357.48999	1.18492
357.73104	1.17806
357.97210	1.17129
358.21316	1.16469
358.45422	1.15824
358.69528	1.15190
358.93634	1.14556
359.17740	1.13908
359.41845	1.13232
359.65951	1.12520
359.90057	1.11766
360.14163	1.10973
360.38269	1.10149
360.62375	1.09309
360.86481	1.08469
361.10586	1.07645
361.34692	1.06849
361.58798	1.06089
361.82904	1.05366
362.07010	1.04678
362.31116	1.04016
362.55222	1.03371
362.79328	1.02733
363.03433	1.02097
363.27539	1.01461
363.51645	1.00825
363.75751	1.00197
363.99857	0.99584
364.23963	0.98991
364.48069	0.98423
364.72174	0.97880
364.96280	0.97357
365.20386	0.96846
365.44492	0.96334
365.68598	0.95810
365.92704	0.95262
366.16810	0.94683
366.40916	0.94071
366.65021	0.93430
366.89127	0.92767
367.13233	0.92092
367.37339	0.91419
367.61445	0.90755
367.85551	0.90109
368.09657	0.89482
368.33762	0.88872
368.57868	0.88271
368.81974	0.87671
369.06080	0.87062
369.30186	0.86434
369.54292	0.85781
369.78398	0.85103
370.02504	0.84401
370.26609	0.83681
370.50715	0.82950
370.74821	0.82218
370.98927	0.81489
371.23033	0.80768
371.47139	0.80052
371.71245	0.79336
371.95350	0.78612
372.19456	0.77867
372.43562	0.77089
372.67668	0.76268
372.91774	0.75398
373.15880	0.74477
373.39986	0.73507
373.64091	0.72495
373.88197	0.71452
374.12303	0.70388
374.36409	0.69312
374.60515	0.68235
374.84621	0.67161
375.08727	0.66092
375.32833	0.65028
375.56938	0.63966
375.81044	0.62903
376.05150	0.61840
376.29256	0.60773
376.53362	0.59711
376.77468	0.58662
377.01574	0.57637
377.25679	0.56647
377.49785	0.55702
377.73891	0.54809
377.97997	0.53975
378.22103	0.53197
378.46209	0.52480
378.70315	0.51825
378.94421	0.51231
379.18526	0.50695
379.42632	0.50221
379.66738	0.49811
379.90844	0.49471
380.14950	0.49205
380.39056	0.49024
380.63162	0.48933
380.87267	0.48938
381.11373	0.49042
381.35479	0.49244
381.59585	0.49541
381.83691	0.49928
382.07797	0.50401
382.31903	0.50952
382.56009	0.51578
382.80114	0.52274
383.04220	0.53039
383.28326	0.53872
383.52432	0.54773
383.76538	0.55743
384.00644	0.56778
384.24750	0.57879
384.48855	0.59042
384.72961	0.60259
384.97067	0.61522
385.21173	0.62818
385.45279	0.64138
385.69385	0.65471
385.93491	0.66807
386.17596	0.68142
386.41702	0.69477
386.65808	0.70809
386.89914	0.72142
387.14020	0.73474
387.38126	0.74806
387.62232	0.76135
387.86338	0.77453
388.10443	0.78753
388.34549	0.80028
388.58655	0.81268
388.82761	0.82468
389.06867	0.83625
389.30973	0.84741
389.55079	0.85822
389.79184	0.86876
390.03290	0.87917
390.27396	0.88954
390.51502	0.89998
390.75608	0.91054
390.99714	0.92125
391.23820	0.93207
391.47926	0.94294
391.72031	0.95377
391.96137	0.96444
392.20243	0.97487
392.44349	0.98498
392.68455	0.99473
392.92561	1.00410
393.16667	1.01312
393.40772	1.02182
393.64878	1.03025
393.88984	1.03844
394.13090	1.04642
394.37196	1.05415
394.61302	1.06160
394.85408	1.06871
395.09514	1.07539
395.33619	1.08160
395.57725	1.08730
395.81831	1.09252
396.05937	1.09734
396.30043	1.10187
396.54149	1.10628
396.78255	1.11077
397.02360	1.11549
397.26466	1.12060
397.50572	1.12618
397.74678	1.13225
397.98784	1.13880
398.22890	1.14575
398.46996	1.15301
398.71102	1.16049
398.95207	1.16814
399.19313	1.17593
399.43419	1.18387
399.67525	1.19200
399.91631	1.20036
400.15737	1.20899
400.39843	1.21789
400.63948	1.22701
400.88054	1.23623
401.12160	1.24541
401.36266	1.25435
401.60372	1.26285
401.84478	1.27074
402.08584	1.27789
402.32689	1.28421
402.56795	1.28973
402.80901	1.29449
403.05007	1.29862
403.29113	1.30225
403.53219	1.30555
403.77325	1.30863
404.01431	1.31157
404.25536	1.31440
404.49642	1.31710
404.73748	1.31962
404.97854	1.32186
405.21960	1.32377
405.46066	1.32528
405.70172	1.32639
405.94277	1.32716
406.18383	1.32767
406.42489	1.32804
406.66595	1.32839
406.90701	1.32880
407.14807	1.32932
407.38913	1.32994
407.63019	1.33059
407.87124	1.33114
408.11230	1.33145
408.35336	1.33137
408.59442	1.33079
408.83548	1.32963
409.07654	1.32790
409.31760	1.32562
409.55865	1.32291
409.79971	1.31988
410.04077	1.31665
410.28183	1.31331
410.52289	1.30993
410.76395	1.30650
411.00501	1.30300
411.24607	1.29938
411.48712	1.29556
411.72818	1.29147
411.96924	1.28709
412.21030	1.28240
412.45136	1.27744
412.69242	1.27230
412.93348	1.26705
413.17453	1.26180
413.41559	1.25663
413.65665	1.25157
413.89771	1.24663
414.13877	1.24177
414.37983	1.23690
414.62089	1.23192
414.86194	1.22672
415.10300	1.22121
415.34406	1.21533
415.58512	1.20905
415.82618	1.20241
416.06724	1.19545
416.30830	1.18827
416.54936	1.18094
416.79041	1.17353
417.03147	1.16607
417.27253	1.15857
417.51359	1.15099
417.75465	1.14327
417.99571	1.13535
418.23677	1.12719
418.47782	1.11876
418.71888	1.11006
418.95994	1.10117
419.20100	1.09215
419.44206	1.08311
419.68312	1.07416
419.92418	1.06539
420.16524	1.05686
420.40629	1.04860
420.64735	1.04058
420.88841	1.03274
421.12947	1.02502
421.37053	1.01732
421.61159	1.00957
421.85265	1.00171
422.09370	0.99374
422.33476	0.98566
422.57582	0.97752
422.81688	0.96937
423.05794	0.96129
423.29900	0.95330
423.54006	0.94543
423.78112	0.93764
424.02217	0.92986
424.26323	0.92201
424.50429	0.91397
424.74535	0.90563
424.98641	0.89689
425.22747	0.88771
425.46853	0.87809
425.70958	0.86805
425.95064	0.85771
426.19170	0.84717
426.43276	0.83658
426.67382	0.82606
426.91488	0.81572
427.15594	0.80564
427.39699	0.79586
427.63805	0.78639
427.87911	0.77719
428.12017	0.76825
428.36123	0.75953
428.60229	0.75101
428.84335	0.74270
429.08441	0.73462
429.32546	0.72678
429.56652	0.71923
429.80758	0.71197
430.04864	0.70502
430.28970	0.69833
430.53076	0.69185
430.77182	0.68550
431.01287	0.67919
431.25393	0.67282
431.49499	0.66630
431.73605	0.65957
431.97711	0.65261
432.21817	0.64540
432.45923	0.63797
432.70029	0.63038
432.94134	0.62268
433.18240	0.61494
433.42346	0.60720
433.66452	0.59952
433.90558	0.59193
434.14664	0.58443
434.38770	0.57706
434.62875	0.56983
434.86981	0.56278
435.11087	0.55594
435.35193	0.54938
435.59299	0.54316
435.83405	0.53738
436.07511	0.53209
436.31617	0.52740
436.55722	0.52338
436.79828	0.52004
437.03934	0.51742
437.28040	0.51551
437.52146	0.51426
437.76252	0.51366
438.00358	0.51366
438.24463	0.51425
438.48569	0.51542
438.72675	0.51717
438.96781	0.51953
439.20887	0.52252
439.44993	0.52613
439.69099	0.53038
439.93204	0.53520
440.17310	0.54054
440.41416	0.54633
440.65522	0.55246
440.89628	0.55882
441.13734	0.56530
441.37840	0.57180
441.61946	0.57827
441.86051	0.58462
442.10157	0.59088
442.34263	0.59703
442.58369	0.60309
442.82475	0.60908
443.06581	0.61498
443.30687	0.62080
443.54792	0.62650
443.78898	0.63202
444.03004	0.63731
444.27110	0.64233
444.51216	0.64702
444.75322	0.65134
444.99428	0.65529
445.23534	0.65887
445.47639	0.66211
445.71745	0.66504
445.95851	0.66771
446.19957	0.67014
446.44063	0.67233
446.68169	0.67427
446.92275	0.67590
447.16380	0.67719
447.40486	0.67806
447.64592	0.67845
447.88698	0.67834
448.12804	0.67772
448.36910	0.67660
448.61016	0.67505
448.85122	0.67315
449.09227	0.67096
449.33333	0.66859
449.57439	0.66610
449.81545	0.66353
450.05651	0.66093
450.29757	0.65830
450.53863	0.65566
450.77968	0.65302
451.02074	0.65039
451.26180	0.64783
451.50286	0.64537
451.74392	0.64308
451.98498	0.64104
452.22604	0.63930
452.46710	0.63791
452.70815	0.63688
452.94921	0.63620
453.19027	0.63584
453.43133	0.63571
453.67239	0.63575
453.91345	0.63584
454.15451	0.63590
454.39556	0.63584
454.63662	0.63561
454.87768	0.63515
455.11874	0.63446
455.35980	0.63353
455.60086	0.63237
455.84192	0.63103
456.08297	0.62953
456.32403	0.62790
456.56509	0.62618
456.80615	0.62438
457.04721	0.62254
457.28827	0.62066
457.52933	0.61878
457.77039	0.61694
458.01144	0.61520
458.25250	0.61362
458.49356	0.61229
458.73462	0.61130
458.97568	0.61071
459.21674	0.61061
459.45780	0.61103
459.69885	0.61201
459.93991	0.61354
460.18097	0.61557
460.42203	0.61807
460.66309	0.62097
460.90415	0.62420
461.14521	0.62771
461.38627	0.63147
461.62732	0.63545
461.86838	0.63963
462.10944	0.64400
462.35050	0.64855
462.59156	0.65326
462.83262	0.65810
463.07368	0.66302
463.31473	0.66794
463.55579	0.67278
463.79685	0.67748
464.03791	0.68196
464.27897	0.68617
464.52003	0.69007
464.76109	0.69366
465.00215	0.69696
465.24320	0.69999
465.48426	0.70280
465.72532	0.70543
465.96638	0.70789
466.20744	0.71020
466.44850	0.71236
466.68956	0.71435
466.93061	0.71614
467.17167	0.71771
467.41273	0.71905
467.65379	0.72014
467.89485	0.72102
468.13591	0.72170
468.37697	0.72224
468.61802	0.72268
468.85908	0.72306
469.10014	0.72338
469.34120	0.72366
469.58226	0.72387
469.82332	0.72395
470.06438	0.72386
470.30544	0.72353
470.54649	0.72294
470.78755	0.72204
471.02861	0.72085
471.26967	0.71939
471.51073	0.71773
471.75179	0.71592
471.99285	0.71404
472.23390	0.71216
472.47496	0.71030
472.71602	0.70851
472.95708	0.70677
473.19814	0.70506
473.43920	0.70336
473.68026	0.70162
473.92132	0.69984
474.16237	0.69800
474.40343	0.69613
474.64449	0.69426
474.88555	0.69242
475.12661	0.69068
475.36767	0.68908
475.60873	0.68764
475.84978	0.68636
476.09084	0.68524
476.33190	0.68422
476.57296	0.68327
476.81402	0.68232
477.05508	0.68131
477.29614	0.68020
477.53720	0.67896
477.77825	0.67757
478.01931	0.67604
478.26037	0.67440
478.50143	0.67266
478.74249	0.67086
478.98355	0.66901
479.22461	0.66712
479.46566	0.66521
479.70672	0.66326
479.94778	0.66125
480.18884	0.65918
480.42990	0.65704
480.67096	0.65482
480.91202	0.65254
481.15307	0.65022
481.39413	0.64790
481.63519	0.64562
481.87625	0.64341
482.11731	0.64130
482.35837	0.63929
482.59943	0.63737
482.84049	0.63552
483.08154	0.63371
483.32260	0.63189
483.56366	0.63002
483.80472	0.62807
484.04578	0.62604
484.28684	0.62391
484.52790	0.62170
484.76895	0.61943
485.01001	0.61713
485.25107	0.61480
485.49213	0.61245
485.73319	0.61009
485.97425	0.60769
486.21531	0.60525
486.45637	0.60273
486.69742	0.60013
486.93848	0.59744
487.17954	0.59467
487.42060	0.59184
487.66166	0.58899
487.90272	0.58617
488.14378	0.58341
488.38483	0.58077
488.62589	0.57826
488.86695	0.57591
489.10801	0.57372
489.34907	0.57168
489.59013	0.56976
489.83119	0.56794
490.07225	0.56619
490.31330	0.56448
490.55436	0.56279
490.79542	0.56113
491.03648	0.55949
491.27754	0.55789
491.51860	0.55635
491.75966	0.55488
492.00071	0.55349
492.24177	0.55219
492.48283	0.55096
492.72389	0.54979
492.96495	0.54866
493.20601	0.54755
493.44707	0.54642
493.68812	0.54527
493.92918	0.54410
494.17024	0.54291
494.41130	0.54172
494.65236	0.54056
494.89342	0.53945
495.13448	0.53843
495.37554	0.53750
495.61659	0.53667
495.85765	0.53594
496.09871	0.53528
496.33977	0.53468
496.58083	0.53412
496.82189	0.53356
497.06295	0.53300
497.30400	0.53244
497.54506	0.53186
497.78612	0.53130
498.02718	0.53076
498.26824	0.53026
498.50930	0.52980
498.75036	0.52940
498.99142	0.52902
499.23247	0.52865
499.47353	0.52825
499.71459	0.52778
499.95565	0.52719
500.19671	0.52645
500.43777	0.52553
500.67883	0.52444
500.91988	0.52319
501.16094	0.52179
501.40200	0.52027
501.64306	0.51868
501.88412	0.51702
502.12518	0.51530
502.36624	0.51351
502.60730	0.51163
502.84835	0.50959
503.08941	0.50736
503.33047	0.50488
503.57153	0.50211
503.81259	0.49904
504.05365	0.49566
504.29471	0.49202
504.53576	0.48818
504.77682	0.48423
505.01788	0.48029
505.25894	0.47650
505.50000	0.47299
505.74106	0.46993
505.98212	0.46749
506.22318	0.46581
506.46423	0.46504
506.70529	0.46527
506.94635	0.46658
507.18741	0.46902
507.42847	0.47256
507.66953	0.47715
507.91059	0.48270
508.15164	0.48906
508.39270	0.49606
508.63376	0.50351
508.87482	0.51121
509.11588	0.51897
509.35694	0.52658
509.59800	0.53394
509.83905	0.54093
510.08011	0.54749
510.32117	0.55359
510.56223	0.55923
510.80329	0.56446
511.04435	0.56933
511.28541	0.57391
511.52647	0.57827
511.76752	0.58245
512.00858	0.58649
512.24964	0.59040
512.49070	0.59419
512.73176	0.59783
512.97282	0.60131
513.21388	0.60461
513.45493	0.60774
513.69599	0.61070
513.93705	0.61352
514.17811	0.61621
514.41917	0.61883
514.66023	0.62139
514.90129	0.62392
515.14235	0.62643
515.38340	0.62891
515.62446	0.63133
515.86552	0.63366
516.10658	0.63588
516.34764	0.63795
516.58870	0.63987
516.82976	0.64164
517.07081	0.64327
517.31187	0.64480
517.55293	0.64626
517.79399	0.64771
518.03505	0.64916
518.27611	0.65063
518.51717	0.65215
518.75823	0.65368
518.99928	0.65522
519.24034	0.65673
519.48140	0.65820
519.72246	0.65959
519.96352	0.66090
520.20458	0.66212
520.44564	0.66327
520.68669	0.66437
520.92775	0.66544
521.16881	0.66650
521.40987	0.66756
521.65093	0.66861
521.89199	0.66965
522.13305	0.67065
522.37410	0.67157
522.61516	0.67238
522.85622	0.67304
523.09728	0.67354
523.33834	0.67388
523.57940	0.67405
523.82046	0.67409
524.06152	0.67402
524.30257	0.67390
524.54363	0.67374
524.78469	0.67357
525.02575	0.67342
525.26681	0.67328
525.50787	0.67316
525.74893	0.67307
525.98998	0.67300
526.23104	0.67300
526.47210	0.67307
526.71316	0.67327
526.95422	0.67365
527.19528	0.67426
527.43634	0.67512
527.67740	0.67627
527.91845	0.67770
528.15951	0.67940
528.40057	0.68135
528.64163	0.68349
528.88269	0.68579
529.12375	0.68819
529.36481	0.69067
529.60586	0.69321
529.84692	0.69579
530.08798	0.69843
530.32904	0.70113
530.57010	0.70391
530.81116	0.70677
531.05222	0.70971
531.29328	0.71272
531.53433	0.71575
531.77539	0.71876
532.01645	0.72171
532.25751	0.72454
532.49857	0.72722
532.73963	0.72971
532.98069	0.73199
533.22174	0.73408
533.46280	0.73599
533.70386	0.73773
533.94492	0.73933
534.18598	0.74081
534.42704	0.74216
534.66810	0.74338
534.90915	0.74444
535.15021	0.74531
535.39127	0.74595
535.63233	0.74634
535.87339	0.74645
536.11445	0.74629
536.35551	0.74585
536.59657	0.74516
536.83762	0.74426
537.07868	0.74319
537.31974	0.74199
537.56080	0.74068
537.80186	0.73929
538.04292	0.73784
538.28398	0.73632
538.52503	0.73472
538.76609	0.73304
539.00715	0.73128
539.24821	0.72944
539.48927	0.72753
539.73033	0.72559
539.97139	0.72365
540.21245	0.72174
540.45350	0.71990
540.69456	0.71816
540.93562	0.71654
541.17668	0.71504
541.41774	0.71365
541.65880	0.71235
541.89986	0.71112
542.14091	0.70993
542.38197	0.70876
542.62303	0.70761
542.86409	0.70648
543.10515	0.70540
543.34621	0.70438
543.58727	0.70346
543.82833	0.70264
544.06938	0.70194
544.31044	0.70133
544.55150	0.70081
544.79256	0.70031
545.03362	0.69981
545.27468	0.69923
545.51574	0.69854
545.75679	0.69768
545.99785	0.69664
546.23891	0.69541
546.47997	0.69399
546.72103	0.69240
546.96209	0.69065
547.20315	0.68875
547.44421	0.68671
547.68526	0.68452
547.92632	0.68214
548.16738	0.67955
548.40844	0.67669
548.64950	0.67354
548.89056	0.67006
549.13162	0.66625
549.37267	0.66214
549.61373	0.65775
549.85479	0.65316
550.09585	0.64844
550.33691	0.64371
550.57797	0.63904
550.81903	0.63453
551.06008	0.63028
551.30114	0.62635
551.54220	0.62281
551.78326	0.61970
552.02432	0.61707
552.26538	0.61493
552.50644	0.61331
552.74750	0.61221
552.98855	0.61164
553.22961	0.61158
553.47067	0.61201
553.71173	0.61292
553.95279	0.61425
554.19385	0.61598
554.43491	0.61806
554.67596	0.62043
554.91702	0.62305
555.15808	0.62586
555.39914	0.62882
555.64020	0.63188
555.88126	0.63500
556.12232	0.63814
556.36338	0.64127
556.60443	0.64436
556.84549	0.64738
557.08655	0.65030
557.32761	0.65308
557.56867	0.65570
557.80973	0.65812
558.05079	0.66032
558.29184	0.66228
558.53290	0.66400
558.77396	0.66547
559.01502	0.66672
559.25608	0.66776
559.49714	0.66863
559.73820	0.66936
559.97926	0.66998
560.22031	0.67052
560.46137	0.67099
560.70243	0.67139
560.94349	0.67172
561.18455	0.67195
561.42561	0.67208
561.66667	0.67208
561.90772	0.67195
562.14878	0.67168
562.38984	0.67129
562.63090	0.67080
562.87196	0.67024
563.11302	0.66966
563.35408	0.66909
563.59513	0.66854
563.83619	0.66804
564.07725	0.66757
564.31831	0.66713
564.55937	0.66669
564.80043	0.66624
565.04149	0.66576
565.28255	0.66526
565.52360	0.66474
565.76466	0.66423
566.00572	0.66377
566.24678	0.66340
566.48784	0.66314
566.72890	0.66302
566.96996	0.66304
567.21101	0.66319
567.45207	0.66344
567.69313	0.66375
567.93419	0.66411
568.17525	0.66448
568.41631	0.66485
568.65737	0.66524
568.89843	0.66566
569.13948	0.66615
569.38054	0.66673
569.62160	0.66745
569.86266	0.66831
570.10372	0.66933
570.34478	0.67048
570.58584	0.67174
570.82689	0.67306
571.06795	0.67439
571.30901	0.67570
571.55007	0.67694
571.79113	0.67810
572.03219	0.67917
572.27325	0.68017
572.51431	0.68113
572.75536	0.68208
572.99642	0.68304
573.23748	0.68404
573.47854	0.68508
573.71960	0.68617
573.96066	0.68730
574.20172	0.68844
574.44277	0.68958
574.68383	0.69071
574.92489	0.69184
575.16595	0.69298
575.40701	0.69416
575.64807	0.69543
575.88913	0.69685
576.13018	0.69846
576.37124	0.70030
576.61230	0.70240
576.85336	0.70475
577.09442	0.70735
577.33548	0.71017
577.57654	0.71316
577.81760	0.71627
578.05865	0.71947
578.29971	0.72270
578.54077	0.72594
578.78183	0.72917
579.02289	0.73238
579.26395	0.73554
579.50501	0.73865
579.74606	0.74168
579.98712	0.74463
580.22818	0.74745
580.46924	0.75013
580.71030	0.75265
580.95136	0.75499
581.19242	0.75716
581.43348	0.75918
581.67453	0.76110
581.91559	0.76297
582.15665	0.76484
582.39771	0.76679
582.63877	0.76888
582.87983	0.77114
583.12089	0.77360
583.36194	0.77628
583.60300	0.77914
583.84406	0.78218
584.08512	0.78536
584.32618	0.78863
584.56724	0.79197
584.80830	0.79534
585.04936	0.79874
585.29041	0.80214
585.53147	0.80554
585.77253	0.80892
586.01359	0.81224
586.25465	0.81549
586.49571	0.81860
586.73677	0.82152
586.97782	0.82420
587.21888	0.82657
587.45994	0.82862
587.70100	0.83033
587.94206	0.83171
588.18312	0.83281
588.42418	0.83370
588.66523	0.83445
588.90629	0.83515
589.14735	0.83587
589.38841	0.83666
589.62947	0.83756
589.87053	0.83859
590.11159	0.83973
590.35265	0.84096
590.59370	0.84225
590.83476	0.84359
591.07582	0.84497
591.31688	0.84637
591.55794	0.84783
591.79900	0.84935
592.04006	0.85096
592.28111	0.85266
592.52217	0.85443
592.76323	0.85625
593.00429	0.85804
593.24535	0.85973
593.48641	0.86122
593.72747	0.86243
593.96853	0.86328
594.20958	0.86372
594.45064	0.86372
594.69170	0.86330
594.93276	0.86248
595.17382	0.86134
595.41488	0.85994
595.65594	0.85836
595.89699	0.85665
596.13805	0.85488
596.37911	0.85307
596.62017	0.85126
596.86123	0.84946
597.10229	0.84766
597.34335	0.84589
597.58441	0.84415
597.82546	0.84247
598.06652	0.84088
598.30758	0.83942
598.54864	0.83814
598.78970	0.83708
599.03076	0.83628
599.27182	0.83574
599.51287	0.83548
599.75393	0.83546
599.99499	0.83562
600.23605	0.83592
600.47711	0.83625
600.71817	0.83653
600.95923	0.83668
601.20029	0.83663
601.44134	0.83631
601.68240	0.83568
601.92346	0.83472
602.16452	0.83343
602.40558	0.83180
602.64664	0.82984
602.88770	0.82755
603.12875	0.82494
603.36981	0.82200
603.61087	0.81876
603.85193	0.81520
604.09299	0.81137
604.33405	0.80728
604.57511	0.80298
604.81616	0.79851
605.05722	0.79394
605.29828	0.78931
605.53934	0.78466
605.78040	0.78003
606.02146	0.77542
606.26252	0.77083
606.50358	0.76625
606.74463	0.76162
606.98569	0.75692
607.22675	0.75210
607.46781	0.74712
607.70887	0.74196
607.94993	0.73657
608.19099	0.73096
608.43204	0.72509
608.67310	0.71895
608.91416	0.71254
609.15522	0.70583
609.39628	0.69882
609.63734	0.69150
609.87840	0.68385
610.11946	0.67588
610.36051	0.66761
610.60157	0.65906
610.84263	0.65027
611.08369	0.64131
611.32475	0.63223
611.56581	0.62310
611.80687	0.61401
612.04792	0.60503
612.28898	0.59624
612.53004	0.58770
612.77110	0.57949
613.01216	0.57167
613.25322	0.56430
613.49428	0.55744
613.73534	0.55113
613.97639	0.54544
614.21745	0.54038
614.45851	0.53597
614.69957	0.53221
614.94063	0.52909
615.18169	0.52654
615.42275	0.52452
615.66380	0.52294
615.90486	0.52172
616.14592	0.52076
616.38698	0.51997
616.62804	0.51928
616.86910	0.51861
617.11016	0.51793
617.35121	0.51718
617.59227	0.51635
617.83333	0.51544
618.07439	0.51442
618.31545	0.51330
618.55651	0.51208
618.79757	0.51077
619.03863	0.50936
619.27968	0.50786
619.52074	0.50627
619.76180	0.50461
620.00286	0.50287
620.24392	0.50107
620.48498	0.49923
620.72604	0.49736
620.96709	0.49546
621.20815	0.49353
621.44921	0.49159
621.69027	0.48961
621.93133	0.48758
622.17239	0.48549
622.41345	0.48329
622.65451	0.48096
622.89556	0.47846
623.13662	0.47576
623.37768	0.47284
623.61874	0.46969
623.85980	0.46630
624.10086	0.46269
624.34192	0.45889
624.58297	0.45493
624.82403	0.45086
625.06509	0.44673
625.30615	0.44257
625.54721	0.43842
625.78827	0.43432
626.02933	0.43028
626.27039	0.42631
626.51144	0.42243
626.75250	0.41862
626.99356	0.41489
627.23462	0.41121
627.47568	0.40758
627.71674	0.40397
627.95780	0.40033
628.19885	0.39662
628.43991	0.39280
628.68097	0.38882
628.92203	0.38463
629.16309	0.38023
629.40415	0.37561
629.64521	0.37080
629.88626	0.36587
630.12732	0.36091
630.36838	0.35603
630.60944	0.35134
630.85050	0.34697
631.09156	0.34301
631.33262	0.33955
631.57368	0.33663
631.81473	0.33428
632.05579	0.33247
632.29685	0.33115
632.53791	0.33025
632.77897	0.32967
633.02003	0.32934
633.26109	0.32915
633.50214	0.32903
633.74320	0.32890
633.98426	0.32871
634.22532	0.32842
634.46638	0.32800
634.70744	0.32743
634.94850	0.32673
635.18956	0.32590
635.43061	0.32496
635.67167	0.32393
635.91273	0.32283
636.15379	0.32168
636.39485	0.32050
636.63591	0.31930
636.87697	0.31810
637.11802	0.31689
637.35908	0.31569
637.60014	0.31449
637.84120	0.31327
638.08226	0.31203
638.32332	0.31076
638.56438	0.30944
638.80544	0.30806
639.04649	0.30660
639.28755	0.30507
639.52861	0.30345
639.76967	0.30176
640.01073	0.29998
640.25179	0.29813
640.49285	0.29621
640.73390	0.29423
640.97496	0.29217
641.21602	0.29004
641.45708	0.28784
641.69814	0.28556
641.93920	0.28321
642.18026	0.28081
642.42132	0.27837
642.66237	0.27593
642.90343	0.27352
643.14449	0.27117
643.38555	0.26893
643.62661	0.26684
643.86767	0.26492
644.10873	0.26319
644.34978	0.26167
644.59084	0.26034
644.83190	0.25921
645.07296	0.25824
645.31402	0.25743
645.55508	0.25675
645.79614	0.25617
646.03719	0.25566
646.27825	0.25521
646.51931	0.25477
646.76037	0.25435
647.00143	0.25390
647.24249	0.25341
647.48355	0.25287
647.72461	0.25225
647.96566	0.25154
648.20672	0.25074
648.44778	0.24984
648.68884	0.24884
648.92990	0.24775
649.17096	0.24657
649.41202	0.24532
649.65307	0.24402
649.89413	0.24266
650.13519	0.24127
650.37625	0.23985
650.61731	0.23840
650.85837	0.23692
651.09943	0.23542
651.34049	0.23389
651.58154	0.23234
651.82260	0.23076
652.06366	0.22915
652.30472	0.22752
652.54578	0.22587
652.78684	0.22421
653.02790	0.22252
653.26895	0.22079
653.51001	0.21903
653.75107	0.21721
653.99213	0.21530
654.23319	0.21330
654.47425	0.21117
654.71531	0.20890
654.95637	0.20648
655.19742	0.20390
655.43848	0.20116
655.67954	0.19826
655.92060	0.19521
656.16166	0.19202
656.40272	0.18869
656.64378	0.18525
656.88483	0.18169
657.12589	0.17803
657.36695	0.17429
657.60801	0.17050
657.84907	0.16669
658.09013	0.16291
658.33119	0.15922
658.57224	0.15568
658.81330	0.15236
659.05436	0.14934
659.29542	0.14669
659.53648	0.14445
659.77754	0.14266
660.01860	0.14133
660.25966	0.14043
660.50071	0.13994
660.74177	0.13978
660.98283	0.13989
661.22389	0.14017
661.46495	0.14056
661.70601	0.14098
661.94707	0.14136
662.18812	0.14165
662.42918	0.14182
662.67024	0.14184
662.91130	0.14169
663.15236	0.14138
663.39342	0.14092
663.63448	0.14030
663.87554	0.13953
664.11659	0.13864
664.35765	0.13764
664.59871	0.13655
664.83977	0.13537
665.08083	0.13412
665.32189	0.13282
665.56295	0.13147
665.80400	0.13009
666.04506	0.12868
666.28612	0.12723
666.52718	0.12576
666.76824	0.12425
667.00930	0.12272
667.25036	0.12116
667.49142	0.11957
667.73247	0.11795
667.97353	0.11631
668.21459	0.11465
668.45565	0.11297
668.69671	0.11128
668.93777	0.10958
669.17883	0.10787
669.41988	0.10615
669.66094	0.10443
669.90200	0.10271
670.14306	0.10100
670.38412	0.09930
670.62518	0.09761
670.86624	0.09594
671.10729	0.09429
671.34835	0.09266
671.58941	0.09106
671.83047	0.08949
672.07153	0.08794
672.31259	0.08642
672.55365	0.08492
672.79471	0.08345
673.03576	0.08201
673.27682	0.08058
673.51788	0.07917
673.75894	0.07777
674.00000	0.07638
674.24106	0.07500
674.48212	0.07363
674.72317	0.07227
674.96423	0.07090
675.20529	0.06954
675.44635	0.06818
675.68741	0.06682
675.92847	0.06546
676.16953	0.06409
676.41059	0.06271
676.65164	0.06133
676.89270	0.05994
677.13376	0.05855
677.37482	0.05715
677.61588	0.05577
677.85694	0.05439
678.09800	0.05304
678.33905	0.05171
678.58011	0.05042
678.82117	0.04915
679.06223	0.04793
679.30329	0.04673
679.54435	0.04557
679.78541	0.04444
680.02647	0.04334
680.26752	0.04226
680.50858	0.04121
680.74964	0.04019
680.99070	0.03919
681.23176	0.03822
681.47282	0.03728
681.71388	0.03636
681.95493	0.03548
682.19599	0.03463
682.43705	0.03381
682.67811	0.03302
682.91917	0.03226
683.16023	0.03152
683.40129	0.03081
683.64234	0.03011
683.88340	0.02942
684.12446	0.02875
684.36552	0.02809
684.60658	0.02744
684.84764	0.02679
685.08870	0.02617
685.32976	0.02556
685.57081	0.02497
685.81187	0.02441
686.05293	0.02387
686.29399	0.02337
686.53505	0.02289
686.77611	0.02243
687.01717	0.02199
687.25822	0.02157
687.49928	0.02116
687.74034	0.02076
687.98140	0.02037
688.22246	0.01999
688.46352	0.01962
688.70458	0.01927
688.94564	0.01893
689.18669	0.01861
689.42775	0.01831
689.66881	0.01803
689.90987	0.01776
690.15093	0.01751
690.39199	0.01727
690.63305	0.01703
690.87410	0.01680
691.11516	0.01657
691.35622	0.01635
691.59728	0.01612
691.83834	0.01589
692.07940	0.01567
692.32046	0.01544
692.56152	0.01520
692.80257	0.01497
693.04363	0.01474
693.28469	0.01451
693.52575	0.01427
693.76681	0.01404
694.00787	0.01380
694.24893	0.01355
694.48998	0.01330
694.73104	0.01304
694.97210	0.01276
695.21316	0.01247
695.45422	0.01217
695.69528	0.01185
695.93634	0.01152
696.17740	0.01118
696.41845	0.01083
696.65951	0.01048
696.90057	0.01013
697.14163	0.00979
697.38269	0.00946
697.62375	0.00913
697.86481	0.00881
698.10586	0.00851
698.34692	0.00821
698.58798	0.00792
698.82904	0.00764
699.07010	0.00738
699.31116	0.00712
699.55222	0.00687
699.79327	0.00663
700.03433	0.00640
700.27539	0.00618
700.51645	0.00597
700.75751	0.00577
700.99857	0.00559
701.23963	0.00542
701.48069	0.00526
701.72174	0.00513
701.96280	0.00502
702.20386	0.00492
702.44492	0.00484
702.68598	0.00478
702.92704	0.00473
703.16810	0.00469
703.40915	0.00465
703.65021	0.00462
703.89127	0.00459
704.13233	0.00456
704.37339	0.00454
704.61445	0.00452
704.85551	0.00450
705.09657	0.00449
705.33762	0.00448
705.57868	0.00448
705.81974	0.00447
706.06080	0.00447
706.30186	0.00446
706.54292	0.00444
706.78398	0.00442
707.02503	0.00440
707.26609	0.00437
707.50715	0.00433
707.74821	0.00429
707.98927	0.00425
708.23033	0.00421
708.47139	0.00418
708.71245	0.00415
708.95350	0.00413
709.19456	0.00411
709.43562	0.00410
709.67668	0.00409
709.91774	0.00408
710.15880	0.00406
710.39986	0.00405
710.64091	0.00404
710.88197	0.00403
711.12303	0.00402
711.36409	0.00402
711.60515	0.00402
711.84621	0.00403
712.08727	0.00405
712.32832	0.00408
712.56938	0.00411
712.81044	0.00414
713.05150	0.00417
713.29256	0.00420
713.53362	0.00421
713.77468	0.00423
714.01574	0.00423
714.25679	0.00423
714.49785	0.00421
714.73891	0.00420
714.97997	0.00417
715.22103	0.00415
715.46209	0.00412
715.70315	0.00409
715.94420	0.00406
716.18526	0.00403
716.42632	0.00401
716.66738	0.00399
716.90844	0.00397
717.14950	0.00396
717.39056	0.00395
717.63162	0.00394
717.87267	0.00394
718.11373	0.00394
718.35479	0.00395
718.59585	0.00397
718.83691	0.00398
719.07797	0.00400
719.31903	0.00401
719.56008	0.00402
719.80114	0.00402
720.04220	0.00402
720.28326	0.00401
720.52432	0.00399
720.76538	0.00397
721.00644	0.00396
721.24750	0.00395
721.48855	0.00394
721.72961	0.00394
721.97067	0.00395
722.21173	0.00396
722.45279	0.00397
722.69385	0.00397
722.93491	0.00397
723.17596	0.00396
723.41702	0.00395
723.65808	0.00394
723.89914	0.00392
724.14020	0.00390
724.38126	0.00389
724.62232	0.00389
724.86337	0.00389
725.10443	0.00390
725.34549	0.00391
725.58655	0.00393
725.82761	0.00395
726.06867	0.00397
726.30973	0.00399
726.55079	0.00401
726.79184	0.00402
727.03290	0.00403
727.27396	0.00404
727.51502	0.00405
727.75608	0.00405
727.99714	0.00406
728.23820	0.00406
728.47925	0.00406
728.72031	0.00406
728.96137	0.00406
729.20243	0.00405
729.44349	0.00404
729.68455	0.00402
729.92561	0.00400
730.16667	0.00399
730.40772	0.00397
730.64878	0.00395
730.88984	0.00394
731.13090	0.00393
731.37196	0.00392
731.61302	0.00391
731.85408	0.00389
732.09513	0.00387
732.33619	0.00384
732.57725	0.00381
732.81831	0.00378
733.05937	0.00375
733.30043	0.00372
733.54149	0.00370
733.78255	0.00368
734.02360	0.00367
734.26466	0.00367
734.50572	0.00368
734.74678	0.00369
734.98784	0.00370
735.22890	0.00370
735.46996	0.00371
735.71101	0.00372
735.95207	0.00372
736.19313	0.00372
736.43419	0.00372
736.67525	0.00371
736.91631	0.00371
737.15737	0.00371
737.39842	0.00372
737.63948	0.00372
737.88054	0.00373
738.12160	0.00374
738.36266	0.00375
738.60372	0.00375
738.84478	0.00375
739.08584	0.00375
739.32689	0.00373
739.56795	0.00371
739.80901	0.00369
740.05007	0.00366
740.29113	0.00363
740.53219	0.00360
740.77325	0.00358
741.01430	0.00357
741.25536	0.00356
741.49642	0.00356
741.73748	0.00357
741.97854	0.00358
742.21960	0.00358
742.46066	0.00359
742.70172	0.00359
742.94277	0.00358
743.18383	0.00357
743.42489	0.00355
743.66595	0.00354
743.90701	0.00354
744.14807	0.00354
744.38913	0.00355
744.63018	0.00358
744.87124	0.00361
745.11230	0.00366
745.35336	0.00371
745.59442	0.00376
745.83548	0.00381
746.07654	0.00385
746.31760	0.00388
746.55865	0.00390
746.79971	0.00392
747.04077	0.00392
747.28183	0.00393
747.52289	0.00393
747.76395	0.00394
748.00501	0.00396
748.24606	0.00398
748.48712	0.00402
748.72818	0.00407
748.96924	0.00413
749.21030	0.00420
749.45136	0.00427
749.69242	0.00434
749.93348	0.00441
750.17453	0.00448
750.41559	0.00456
750.65665	0.00464
750.89771	0.00472
751.13877	0.00481
751.37983	0.00492
751.62089	0.00503
751.86194	0.00515
752.10300	0.00527
752.34406	0.00541
752.58512	0.00555
752.82618	0.00569
753.06724	0.00584
753.30830	0.00599
753.54935	0.00614
753.79041	0.00629
754.03147	0.00644
754.27253	0.00660
754.51359	0.00675
754.75465	0.00690
754.99571	0.00706
755.23677	0.00722
755.47782	0.00738
755.71888	0.00755
755.95994	0.00772
756.20100	0.00790
756.44206	0.00809
756.68312	0.00828
756.92418	0.00848
757.16523	0.00868
757.40629	0.00887
757.64735	0.00906
757.88841	0.00925
758.12947	0.00943
758.37053	0.00961
758.61159	0.00979
758.85265	0.00997
759.09370	0.01016
759.33476	0.01035
759.57582	0.01055
759.81688	0.01076
760.05794	0.01098
760.29900	0.01120
760.54006	0.01142
760.78111	0.01163
761.02217	0.01184
761.26323	0.01203
761.50429	0.01221
761.74535	0.01238
761.98641	0.01254
762.22747	0.01269
762.46853	0.01283
762.70958	0.01296
762.95064	0.01309
763.19170	0.01321
763.43276	0.01333
763.67382	0.01345
763.91488	0.01357
764.15594	0.01369
764.39699	0.01380
764.63805	0.01391
764.87911	0.01403
765.12017	0.01413
765.36123	0.01424
765.60229	0.01434
765.84335	0.01444
766.08440	0.01454
766.32546	0.01463
766.56652	0.01472
766.80758	0.01481
767.04864	0.01490
767.28970	0.01498
767.53076	0.01505
767.77182	0.01511
768.01287	0.01516
768.25393	0.01520
768.49499	0.01523
768.73605	0.01525
768.97711	0.01526
769.21817	0.01528
769.45923	0.01529
769.70028	0.01531
769.94134	0.01535
770.18240	0.01540
770.42346	0.01546
770.66452	0.01555
770.90558	0.01566
771.14664	0.01578
771.38770	0.01592
771.62875	0.01607
771.86981	0.01624
772.11087	0.01642
772.35193	0.01660
772.59299	0.01680
772.83405	0.01701
773.07511	0.01723
773.31616	0.01746
773.55722	0.01770
773.79828	0.01796
774.03934	0.01821
774.28040	0.01848
774.52146	0.01875
774.76252	0.01902
775.00358	0.01929
775.24463	0.01957
775.48569	0.01985
775.72675	0.02014
775.96781	0.02043
776.20887	0.02073
776.44993	0.02102
776.69099	0.02131
776.93204	0.02159
777.17310	0.02186
777.41416	0.02211
777.65522	0.02234
777.89628	0.02255
778.13734	0.02275
778.37840	0.02294
778.61945	0.02313
778.86051	0.02333
779.10157	0.02354
779.34263	0.02376
779.58369	0.02399
779.82475	0.02424
780.06581	0.02450
780.30687	0.02476
780.54792	0.02501
780.78898	0.02524
781.03004	0.02546
781.27110	0.02565
781.51216	0.02582
781.75322	0.02597
781.99428	0.02609
782.23533	0.02620
782.47639	0.02630
782.71745	0.02639
782.95851	0.02649
783.19957	0.02658
783.44063	0.02667
783.68169	0.02677
783.92275	0.02686
784.16380	0.02695
784.40486	0.02703
784.64592	0.02710
784.88698	0.02716
785.12804	0.02719
785.36910	0.02720
785.61016	0.02719
785.85121	0.02716
786.09227	0.02709
786.33333	0.02700
786.57439	0.02689
786.81545	0.02675
787.05651	0.02659
787.29757	0.02641
787.53863	0.02621
787.77968	0.02600
788.02074	0.02577
788.26180	0.02553
788.50286	0.02528
788.74392	0.02503
788.98498	0.02476
789.22604	0.02449
789.46709	0.02422
789.70815	0.02394
789.94921	0.02366
790.19027	0.02337
790.43133	0.02309
790.67239	0.02279
790.91345	0.02251
791.15451	0.02222
791.39556	0.02194
791.63662	0.02167
791.87768	0.02142
792.11874	0.02118
792.35980	0.02096
792.60086	0.02076
792.84192	0.02058
793.08297	0.02041
793.32403	0.02026
793.56509	0.02013
793.80615	0.02002
794.04721	0.01993
794.28827	0.01986
794.52933	0.01981
794.77038	0.01979
795.01144	0.01980
795.25250	0.01982
795.49356	0.01987
795.73462	0.01993
795.97568	0.02001
796.21674	0.02009
796.45780	0.02017
796.69885	0.02025
796.93991	0.02032
797.18097	0.02037
797.42203	0.02042
797.66309	0.02045
797.90415	0.02046
798.14521	0.02046
798.38626	0.02045
798.62732	0.02043
798.86838	0.02039
799.10944	0.02036
799.35050	0.02032
799.59156	0.02028
799.83262	0.02024
800.07368	0.02021
800.31473	0.02018
800.55579	0.02015
800.79685	0.02012
801.03791	0.02009
801.27897	0.02005
801.52003	0.02001
801.76109	0.01996
802.00214	0.01990
802.24320	0.01983
802.48426	0.01975
802.72532	0.01966
802.96638	0.01956
803.20744	0.01945
803.44850	0.01934
803.68956	0.01921
803.93061	0.01908
804.17167	0.01895
804.41273	0.01880
804.65379	0.01865
804.89485	0.01848
805.13591	0.01830
805.37697	0.01810
805.61802	0.01788
805.85908	0.01765
806.10014	0.01740
806.34120	0.01714
806.58226	0.01687
806.82332	0.01661
807.06438	0.01635
807.30543	0.01612
807.54649	0.01591
807.78755	0.01574
808.02861	0.01561
808.26967	0.01552
808.51073	0.01548
808.75179	0.01549
808.99285	0.01555
809.23390	0.01566
809.47496	0.01581
809.71602	0.01601
809.95708	0.01623
810.19814	0.01649
810.43920	0.01678
810.68026	0.01708
810.92131	0.01740
811.16237	0.01772
811.40343	0.01806
811.64449	0.01840
811.88555	0.01875
812.12661	0.01910
812.36767	0.01945
812.60873	0.01981
812.84978	0.02016
813.09084	0.02051
813.33190	0.02085
813.57296	0.02119
813.81402	0.02150
814.05508	0.02179
814.29614	0.02205
814.53719	0.02229
814.77825	0.02249
815.01931	0.02266
815.26037	0.02281
815.50143	0.02294
815.74249	0.02304
815.98355	0.02313
816.22461	0.02320
816.46566	0.02327
816.70672	0.02332
816.94778	0.02338
817.18884	0.02342
817.42990	0.02347
817.67096	0.02352
817.91202	0.02356
818.15307	0.02360
818.39413	0.02364
818.63519	0.02367
818.87625	0.02370
819.11731	0.02372
819.35837	0.02372
819.59943	0.02371
819.84048	0.02369
820.08154	0.02366
820.32260	0.02361
820.56366	0.02357
820.80472	0.02351
821.04578	0.02346
821.28684	0.02341
821.52790	0.02336
821.76895	0.02332
822.01001	0.02327
822.25107	0.02321
822.49213	0.02316
822.73319	0.02309
822.97425	0.02303
823.21531	0.02296
823.45636	0.02290
823.69742	0.02283
823.93848	0.02278
824.17954	0.02272
824.42060	0.02267
824.66166	0.02261
824.90272	0.02255
825.14378	0.02248
825.38483	0.02239
825.62589	0.02228
825.86695	0.02215
826.10801	0.02200
826.34907	0.02184
826.59013	0.02167
826.83119	0.02148
827.07224	0.02129
827.31330	0.02110
827.55436	0.02090
827.79542	0.02070
828.03648	0.02049
828.27754	0.02029
828.51860	0.02009
828.75966	0.01989
829.00071	0.01970
829.24177	0.01951
829.48283	0.01932
829.72389	0.01915
829.96495	0.01897
830.20601	0.01880
830.44707	0.01862
830.68812	0.01844
830.92918	0.01826
831.17024	0.01807
831.41130	0.01786
831.65236	0.01765
831.89342	0.01742
832.13448	0.01718
832.37553	0.01693
832.61659	0.01667
832.85765	0.01639
833.09871	0.01610
833.33977	0.01579
833.58083	0.01546
833.82189	0.01512
834.06295	0.01475
834.30400	0.01436
834.54506	0.01393
834.78612	0.01348
835.02718	0.01299
835.26824	0.01247
835.50930	0.01191
835.75036	0.01132
835.99141	0.01070
836.23247	0.01006
836.47353	0.00940
836.71459	0.00874
836.95565	0.00808
837.19671	0.00744
837.43777	0.00682
837.67883	0.00624
837.91988	0.00570
838.16094	0.00521
838.40200	0.00477
838.64306	0.00439
838.88412	0.00406
839.12518	0.00378
839.36624	0.00355
839.60729	0.00336
839.84835	0.00321
840.08941	0.00310
840.33047	0.00303
840.57153	0.00298
840.81259	0.00297
841.05365	0.00297
841.29471	0.00300
841.53576	0.00305
841.77682	0.00312
842.01788	0.00321
842.25894	0.00332
842.50000	0.00345
842.74106	0.00359
842.98212	0.00374
843.22317	0.00391
843.46423	0.00408
843.70529	0.00426
843.94635	0.00444
844.18741	0.00462
844.42847	0.00479
844.66953	0.00496
844.91059	0.00512
845.15164	0.00528
845.39270	0.00543
845.63376	0.00557
845.87482	0.00572
846.11588	0.00585
846.35694	0.00598
846.59800	0.00610
846.83905	0.00621
847.08011	0.00631
847.32117	0.00640
847.56223	0.00647
847.80329	0.00654
848.04435	0.00661
848.28541	0.00667
848.52646	0.00673
848.76752	0.00679
849.00858	0.00685
849.24964	0.00691
849.49070	0.00697
849.73176	0.00704
849.97282	0.00712
850.21388	0.00719
850.45493	0.00728
850.69599	0.00737
850.93705	0.00746
851.17811	0.00756
851.41917	0.00766
851.66023	0.00776
851.90129	0.00786
852.14234	0.00797
852.38340	0.00806
852.62446	0.00816
852.86552	0.00827
853.10658	0.00837
853.34764	0.00848
853.58870	0.00859
853.82976	0.00870
854.07081	0.00881
854.31187	0.00892
854.55293	0.00903
854.79399	0.00913
855.03505	0.00923
855.27611	0.00932
855.51717	0.00941
855.75822	0.00950
855.99928	0.00958
856.24034	0.00966
856.48140	0.00974
856.72246	0.00981
856.96352	0.00989
857.20458	0.00996
857.44564	0.01003
857.68669	0.01010
857.92775	0.01017
858.16881	0.01024
858.40987	0.01031
858.65093	0.01037
858.89199	0.01043
859.13305	0.01048
859.37410	0.01052
859.61516	0.01055
859.85622	0.01057
860.09728	0.01057
860.33834	0.01056
860.57940	0.01053
860.82046	0.01050
861.06151	0.01046
861.30257	0.01041
861.54363	0.01037
861.78469	0.01032
862.02575	0.01028
862.26681	0.01024
862.50787	0.01019
862.74893	0.01015
862.98998	0.01011
863.23104	0.01005
863.47210	0.00999
863.71316	0.00992
863.95422	0.00983
864.19528	0.00973
864.43634	0.00962
864.67739	0.00950
864.91845	0.00937
865.15951	0.00924
865.40057	0.00910
865.64163	0.00897
865.88269	0.00883
866.12375	0.00870
866.36481	0.00858
866.60586	0.00845
866.84692	0.00833
867.08798	0.00820
867.32904	0.00806
867.57010	0.00791
867.81116	0.00775
868.05222	0.00758
868.29327	0.00740
868.53433	0.00721
868.77539	0.00701
869.01645	0.00681
869.25751	0.00661
869.49857	0.00642
869.73963	0.00625
869.98069	0.00609
870.22174	0.00595
870.46280	0.00585
870.70386	0.00578
870.94492	0.00574
871.18598	0.00574
871.42704	0.00579
871.66810	0.00587
871.90915	0.00599
872.15021	0.00614
872.39127	0.00632
872.63233	0.00652
872.87339	0.00673
873.11445	0.00696
873.35551	0.00718
873.59656	0.00741
873.83762	0.00762
874.07868	0.00782
874.31974	0.00801
874.56080	0.00820
874.80186	0.00836
875.04292	0.00851
875.28398	0.00864
875.52503	0.00874
875.76609	0.00882
876.00715	0.00887
876.24821	0.00890
876.48927	0.00890
876.73033	0.00888
876.97139	0.00884
877.21244	0.00879
877.45350	0.00873
877.69456	0.00865
877.93562	0.00857
878.17668	0.00848
878.41774	0.00838
878.65880	0.00828
878.89986	0.00817
879.14091	0.00805
879.38197	0.00793
879.62303	0.00779
879.86409	0.00766
880.10515	0.00752
880.34621	0.00737
880.58727	0.00723
880.82832	0.00709
881.06938	0.00695
881.31044	0.00682
881.55150	0.00668
881.79256	0.00655
882.03362	0.00643
882.27468	0.00631
882.51574	0.00619
882.75679	0.00608
882.99785	0.00597
883.23891	0.00587
883.47997	0.00577
883.72103	0.00567
883.96209	0.00558
884.20315	0.00548
884.44420	0.00538
884.68526	0.00528
884.92632	0.00517
885.16738	0.00505
885.40844	0.00493
885.64950	0.00479
885.89056	0.00465
886.13161	0.00450
886.37267	0.00435
886.61373	0.00419
886.85479	0.00404
887.09585	0.00390
887.33691	0.00376
887.57797	0.00363
887.81903	0.00352
888.06008	0.00342
888.30114	0.00334
888.54220	0.00326
888.78326	0.00320
889.02432	0.00316
889.26538	0.00311
889.50644	0.00308
889.74749	0.00305
889.98855	0.00302
890.22961	0.00299
890.47067	0.00295
890.71173	0.00292
890.95279	0.00288
891.19385	0.00284
891.43491	0.00279
891.67596	0.00274
891.91702	0.00269
892.15808	0.00264
892.39914	0.00258
892.64020	0.00252
892.88126	0.00247
893.12232	0.00241
893.36337	0.00236
893.60443	0.00231
893.84549	0.00227
894.08655	0.00223
894.32761	0.00218
894.56867	0.00214
894.80973	0.00210
895.05079	0.00205
895.29184	0.00200
895.53290	0.00195
895.77396	0.00189
896.01502	0.00184
896.25608	0.00178
896.49714	0.00172
896.73820	0.00167
896.97925	0.00162
897.22031	0.00157
897.46137	0.00152
897.70243	0.00148
897.94349	0.00144
898.18455	0.00140
898.42561	0.00136
898.66667	0.00132
898.90772	0.00129
899.14878	0.00126
899.38984	0.00124
899.63090	0.00122
