0.00000	0.10796
0.24106	0.11001
0.48212	0.11546
0.72318	0.12237
0.96423	0.12815
1.20529	0.13029
1.44635	0.12704
1.68741	0.11787
1.92847	0.10358
2.16953	0.08597
2.41059	0.06751
2.65165	0.05031
2.89270	0.03593
3.13376	0.02517
3.37482	0.01802
3.61588	0.01388
3.85694	0.01185
4.09800	0.01070
4.33906	0.01006
4.58011	0.00964
4.82117	0.00933
5.06223	0.00918
5.30329	0.00929
5.54435	0.00969
5.78541	0.01032
6.02647	0.01107
6.26753	0.01178
6.50858	0.01235
6.74964	0.01273
6.99070	0.01293
7.23176	0.01301
7.47282	0.01303
7.71388	0.01303
7.95494	0.01303
8.19599	0.01301
8.43705	0.01292
8.67811	0.01275
8.91917	0.01252
9.16023	0.01228
9.40129	0.01207
9.64235	0.01194
9.88340	0.01192
10.12446	0.01199
10.36552	0.01211
10.60658	0.01222
10.84764	0.01230
11.08870	0.01235
11.32976	0.01237
11.57082	0.01242
11.81187	0.01250
12.05293	0.01262
12.29399	0.01275
12.53505	0.01284
12.77611	0.01286
13.01717	0.01278
13.25823	0.01259
13.49928	0.01235
13.74034	0.01209
13.98140	0.01189
14.22246	0.01175
14.46352	0.01169
14.70458	0.01167
14.94564	0.01165
15.18670	0.01159
15.42775	0.01148
15.66881	0.01131
15.90987	0.01113
16.15093	0.01094
16.39199	0.01078
16.63305	0.01064
16.87411	0.01048
17.11516	0.01028
17.35622	0.00998
17.59728	0.00956
17.83834	0.00903
18.07940	0.00840
18.32046	0.00772
18.56152	0.00701
18.80258	0.00630
19.04363	0.00559
19.28469	0.00489
19.52575	0.00407
19.76681	0.00321
20.00787	0.00244
20.24893	0.00187
20.48999	0.00161
20.73104	0.00173
20.97210	0.00221
21.21316	0.00300
21.45422	0.00408
21.69528	0.00539
21.93634	0.00690
22.17740	0.00859
22.41845	0.01039
22.65951	0.01224
22.90057	0.01407
23.14163	0.01583
23.38269	0.01754
23.62375	0.01916
23.86481	0.02072
24.10587	0.02226
24.34692	0.02378
24.58798	0.02531
24.82904	0.02685
25.07010	0.02839
25.31116	0.02994
25.55222	0.03150
25.79328	0.03307
26.03433	0.03466
26.27539	0.03627
26.51645	0.03788
26.75751	0.03950
26.99857	0.04114
27.23963	0.04282
27.48069	0.04459
27.72175	0.04655
27.96280	0.04876
28.20386	0.05131
28.44492	0.05423
28.68598	0.05755
28.92704	0.06122
29.16810	0.06519
29.40916	0.06940
29.65021	0.07380
29.89127	0.07835
30.13233	0.08303
30.37339	0.08781
30.61445	0.09268
30.85551	0.09757
31.09657	0.10239
31.33763	0.10704
31.57868	0.11140
31.81974	0.11538
32.06080	0.11891
32.30186	0.12198
32.54292	0.12464
32.78398	0.12700
33.02504	0.12919
33.26609	0.13141
33.50715	0.13383
33.74821	0.13666
33.98927	0.14006
34.23033	0.14416
34.47139	0.14906
34.71245	0.15477
34.95350	0.16123
35.19456	0.16834
35.43562	0.17596
35.67668	0.18397
35.91774	0.19230
36.15880	0.20100
36.39986	0.21023
36.64092	0.22027
36.88197	0.23146
37.12303	0.24411
37.36409	0.25844
37.60515	0.27446
37.84621	0.29192
38.08727	0.31029
38.32833	0.32883
38.56938	0.34666
38.81044	0.36289
39.05150	0.37673
39.29256	0.38765
39.53362	0.39545
39.77468	0.40026
40.01574	0.40256
40.25680	0.40308
40.49785	0.40269
40.73891	0.40225
40.97997	0.40255
41.22103	0.40417
41.46209	0.40743
41.70315	0.41239
41.94421	0.41891
42.18526	0.42671
42.42632	0.43547
42.66738	0.44493
42.90844	0.45493
43.14950	0.46545
43.39056	0.47659
43.63162	0.48848
43.87268	0.50119
44.11373	0.51470
44.35479	0.52878
44.59585	0.54300
44.83691	0.55674
45.07797	0.56930
45.31903	0.57998
45.56009	0.58822
45.80114	0.59368
46.04220	0.59635
46.28326	0.59654
46.52432	0.59487
46.76538	0.59223
47.00644	0.58960
47.24750	0.58801
47.48855	0.58833
47.72961	0.59127
47.97067	0.59725
48.21173	0.60643
48.45279	0.61872
48.69385	0.63389
48.93491	0.65168
49.17597	0.67187
49.41702	0.69442
49.65808	0.71946
49.89914	0.74726
50.14020	0.77816
50.38126	0.81241
50.62232	0.85003
50.86338	0.89066
51.10443	0.93350
51.34549	0.97732
51.58655	1.02057
51.82761	1.06157
52.06867	1.09873
52.30973	1.13080
52.55079	1.15702
52.79185	1.17725
53.03290	1.19192
53.27396	1.20193
53.51502	1.20849
53.75608	1.21283
53.99714	1.21605
54.23820	1.21895
54.47926	1.22198
54.72031	1.22525
54.96137	1.22867
55.20243	1.23213
55.44349	1.23565
55.68455	1.23959
55.92561	1.24470
56.16667	1.25208
56.40773	1.26312
56.64878	1.27920
56.88984	1.30150
57.13090	1.33068
57.37196	1.36668
57.61302	1.40863
57.85408	1.45488
58.09514	1.50312
58.33619	1.55075
58.57725	1.59516
58.81831	1.63414
59.05937	1.66611
59.30043	1.69036
59.54149	1.70702
59.78255	1.71692
60.02361	1.72138
60.26466	1.72185
60.50572	1.71965
60.74678	1.71570
60.98784	1.71039
61.22890	1.70368
61.46996	1.69518
61.71102	1.68444
61.95207	1.67119
62.19313	1.65565
62.43419	1.63859
62.67525	1.62142
62.91631	1.60604
63.15737	1.59458
63.39843	1.58908
63.63948	1.59117
63.88054	1.60175
64.12160	1.62081
64.36266	1.64741
64.60372	1.67981
64.84478	1.71567
65.08584	1.75248
65.32690	1.78783
65.56795	1.81977
65.80901	1.84698
66.05007	1.86882
66.29113	1.88527
66.53219	1.89665
66.77325	1.90340
67.01431	1.90580
67.25536	1.90384
67.49642	1.89708
67.73748	1.88482
67.97854	1.86622
68.21960	1.84060
68.46066	1.80769
68.70172	1.76787
68.94278	1.72221
69.18383	1.67244
69.42489	1.62081
69.66595	1.56977
69.90701	1.52173
70.14807	1.47871
70.38913	1.44212
70.63019	1.41267
70.87124	1.39038
71.11230	1.37476
71.35336	1.36495
71.59442	1.36007
71.83548	1.35939
72.07654	1.36248
72.31760	1.36932
72.55866	1.38018
72.79971	1.39546
73.04077	1.41552
73.28183	1.44033
73.52289	1.46933
73.76395	1.50133
74.00501	1.53449
74.24607	1.56645
74.48712	1.59463
74.72818	1.61652
74.96924	1.63006
75.21030	1.63395
75.45136	1.62782
75.69242	1.61235
75.93348	1.58918
76.17453	1.56069
76.41559	1.52971
76.65665	1.49917
76.89771	1.47178
77.13877	1.44974
77.37983	1.43460
77.62089	1.42721
77.86195	1.42774
78.10300	1.43588
78.34406	1.45100
78.58512	1.47236
78.82618	1.49932
79.06724	1.53135
79.30830	1.56809
79.54936	1.60927
79.79041	1.65453
80.03147	1.70325
80.27253	1.75443
80.51359	1.80658
80.75465	1.85775
80.99571	1.90569
81.23677	1.94808
81.47783	1.98284
81.71888	2.00844
81.95994	2.02416
82.20100	2.03018
82.44206	2.02763
82.68312	2.01836
82.92418	2.00473
83.16524	1.98913
83.40629	1.97377
83.64735	1.96026
83.88841	1.94955
84.12947	1.94188
84.37053	1.93695
84.61159	1.93418
84.85265	1.93306
85.09371	1.93338
85.33476	1.93544
85.57582	1.94013
85.81688	1.94874
86.05794	1.96277
86.29900	1.98350
86.54006	2.01170
86.78112	2.04727
87.02217	2.08906
87.26323	2.13495
87.50429	2.18202
87.74535	2.22690
87.98641	2.26630
88.22747	2.29747
88.46853	2.31860
88.70958	2.32907
88.95064	2.32945
89.19170	2.32138
89.43276	2.30715
89.67382	2.28926
89.91488	2.26999
90.15594	2.25097
90.39700	2.23306
90.63805	2.21629
90.87911	2.20008
91.12017	2.18359
91.36123	2.16607
91.60229	2.14730
91.84335	2.12777
92.08441	2.10873
92.32546	2.09211
92.56652	2.08015
92.80758	2.07502
93.04864	2.07836
93.28970	2.09092
93.53076	2.11235
93.77182	2.14118
94.01288	2.17501
94.25393	2.21086
94.49499	2.24565
94.73605	2.27667
94.97711	2.30194
95.21817	2.32046
95.45923	2.33228
95.70029	2.33827
95.94134	2.33986
96.18240	2.33864
96.42346	2.33592
96.66452	2.33248
96.90558	2.32837
97.14664	2.32298
97.38770	2.31521
97.62876	2.30381
97.86981	2.28781
98.11087	2.26679
98.35193	2.24119
98.59299	2.21234
98.83405	2.18237
99.07511	2.15393
99.31617	2.12980
99.55722	2.11245
99.79828	2.10366
100.03934	2.10427
100.28040	2.11409
100.52146	2.13193
100.76252	2.15592
101.00358	2.18379
101.24464	2.21332
101.48569	2.24262
101.72675	2.27044
101.96781	2.29618
102.20887	2.31988
102.44993	2.34194
102.69099	2.36288
102.93205	2.38298
103.17310	2.40206
103.41416	2.41936
103.65522	2.43360
103.89628	2.44316
104.13734	2.44639
104.37840	2.44202
104.61946	2.42946
104.86051	2.40904
105.10157	2.38208
105.34263	2.35075
105.58369	2.31784
105.82475	2.28630
106.06581	2.25882
106.30687	2.23748
106.54793	2.22347
106.78898	2.21700
107.03004	2.21741
107.27110	2.22345
107.51216	2.23360
107.75322	2.24653
107.99428	2.26136
108.23534	2.27786
108.47639	2.29649
108.71745	2.31818
108.95851	2.34406
109.19957	2.37504
109.44063	2.41146
109.68169	2.45279
109.92275	2.49753
110.16381	2.54329
110.40486	2.58711
110.64592	2.62587
110.88698	2.65674
111.12804	2.67770
111.36910	2.68779
111.61016	2.68732
111.85122	2.67773
112.09227	2.66136
112.33333	2.64100
112.57439	2.61942
112.81545	2.59897
113.05651	2.58125
113.29757	2.56697
113.53863	2.55607
113.77969	2.54791
114.02074	2.54162
114.26180	2.53652
114.50286	2.53241
114.74392	2.52976
114.98498	2.52972
115.22604	2.53398
115.46710	2.54441
115.70815	2.56265
115.94921	2.58968
116.19027	2.62553
116.43133	2.66903
116.67239	2.71792
116.91345	2.76902
117.15451	2.81873
117.39556	2.86348
117.63662	2.90031
117.87768	2.92725
118.11874	2.94361
118.35980	2.94996
118.60086	2.94794
118.84192	2.93985
119.08298	2.92819
119.32403	2.91514
119.56509	2.90221
119.80615	2.89005
120.04721	2.87845
120.28827	2.86660
120.52933	2.85347
120.77039	2.83824
121.01144	2.82069
121.25250	2.80149
121.49356	2.78222
121.73462	2.76523
121.97568	2.75328
122.21674	2.74907
122.45780	2.75475
122.69886	2.77147
122.93991	2.79914
123.18097	2.83643
123.42203	2.88088
123.66309	2.92939
123.90415	2.97866
124.14521	3.02570
124.38627	3.06832
124.62732	3.10528
124.86838	3.13643
125.10944	3.16241
125.35050	3.18437
125.59156	3.20351
125.83262	3.22062
126.07368	3.23587
126.31474	3.24861
126.55579	3.25754
126.79685	3.26100
127.03791	3.25737
127.27897	3.24556
127.52003	3.22538
127.76109	3.19773
128.00215	3.16467
128.24320	3.12915
128.48426	3.09466
128.72532	3.06468
128.96638	3.04218
129.20744	3.02920
129.44850	3.02654
129.68956	3.03369
129.93061	3.04903
130.17167	3.07014
130.41273	3.09425
130.65379	3.11874
130.89485	3.14153
131.13591	3.16140
131.37697	3.17801
131.61803	3.19184
131.85908	3.20383
132.10014	3.21502
132.34120	3.22615
132.58226	3.23730
132.82332	3.24775
133.06438	3.25599
133.30544	3.25994
133.54649	3.25741
133.78755	3.24647
134.02861	3.22594
134.26967	3.19571
134.51073	3.15688
134.75179	3.11166
134.99285	3.06307
135.23391	3.01452
135.47496	2.96923
135.71602	2.92982
135.95708	2.89790
136.19814	2.87401
136.43920	2.85759
136.68026	2.84729
136.92132	2.84135
137.16237	2.83801
137.40343	2.83594
137.64449	2.83450
137.88555	2.83374
138.12661	2.83437
138.36767	2.83739
138.60873	2.84380
138.84979	2.85412
139.09084	2.86819
139.33190	2.88492
139.57296	2.90243
139.81402	2.91824
140.05508	2.92965
140.29614	2.93423
140.53720	2.93020
140.77825	2.91679
141.01931	2.89433
141.26037	2.86423
141.50143	2.82868
141.74249	2.79029
141.98355	2.75167
142.22461	2.71496
142.46566	2.68161
142.70672	2.65222
142.94778	2.62661
143.18884	2.60407
143.42990	2.58364
143.67096	2.56447
143.91202	2.54610
144.15308	2.52867
144.39413	2.51293
144.63519	2.50008
144.87625	2.49151
145.11731	2.48848
145.35837	2.49177
145.59943	2.50139
145.84049	2.51651
146.08154	2.53543
146.32260	2.55585
146.56366	2.57514
146.80472	2.59078
147.04578	2.60074
147.28684	2.60375
147.52790	2.59949
147.76896	2.58854
148.01001	2.57224
148.25107	2.55233
148.49213	2.53063
148.73319	2.50866
148.97425	2.48740
149.21531	2.46714
149.45637	2.44756
149.69742	2.42790
149.93848	2.40725
150.17954	2.38483
150.42060	2.36036
150.66166	2.33413
150.90272	2.30713
151.14378	2.28084
151.38484	2.25704
151.62589	2.23744
151.86695	2.22336
152.10801	2.21548
152.34907	2.21362
152.59013	2.21684
152.83119	2.22348
153.07225	2.23153
153.31330	2.23895
153.55436	2.24399
153.79542	2.24549
154.03648	2.24298
154.27754	2.23672
154.51860	2.22753
154.75966	2.21651
155.00072	2.20480
155.24177	2.19322
155.48283	2.18215
155.72389	2.17141
155.96495	2.16035
156.20601	2.14799
156.44707	2.13332
156.68813	2.11557
156.92918	2.09439
157.17024	2.07006
157.41130	2.04346
157.65236	2.01598
157.89342	1.98932
158.13448	1.96522
158.37554	1.94515
158.61659	1.93014
158.85765	1.92057
159.09871	1.91619
159.33977	1.91617
159.58083	1.91928
159.82189	1.92414
160.06295	1.92946
160.30401	1.93425
160.54506	1.93797
160.78612	1.94054
161.02718	1.94230
161.26824	1.94382
161.50930	1.94574
161.75036	1.94852
161.99142	1.95230
162.23247	1.95678
162.47353	1.96128
162.71459	1.96480
162.95565	1.96623
163.19671	1.96460
163.43777	1.95926
163.67883	1.95006
163.91989	1.93742
164.16094	1.92229
164.40200	1.90602
164.64306	1.89012
164.88412	1.87602
165.12518	1.86484
165.36624	1.85722
165.60730	1.85322
165.84835	1.85240
166.08941	1.85390
166.33047	1.85671
166.57153	1.85988
166.81259	1.86274
167.05365	1.86502
167.29471	1.86692
167.53577	1.86904
167.77682	1.87218
168.01788	1.87714
168.25894	1.88447
168.50000	1.89429
168.74106	1.90618
168.98212	1.91922
169.22318	1.93207
169.46423	1.94326
169.70529	1.95138
169.94635	1.95541
170.18741	1.95487
170.42847	1.94990
170.66953	1.94129
170.91059	1.93024
171.15164	1.91824
171.39270	1.90672
171.63376	1.89684
171.87482	1.88932
172.11588	1.88435
172.35694	1.88163
172.59800	1.88050
172.83906	1.88015
173.08011	1.87982
173.32117	1.87903
173.56223	1.87770
173.80329	1.87613
174.04435	1.87501
174.28541	1.87520
174.52647	1.87757
174.76752	1.88275
175.00858	1.89095
175.24964	1.90192
175.49070	1.91488
175.73176	1.92867
175.97282	1.94194
176.21388	1.95333
176.45494	1.96177
176.69599	1.96662
176.93705	1.96777
177.17811	1.96566
177.41917	1.96116
177.66023	1.95537
177.90129	1.94943
178.14235	1.94427
178.38340	1.94047
178.62446	1.93818
178.86552	1.93712
179.10658	1.93670
179.34764	1.93624
179.58870	1.93515
179.82976	1.93313
180.07082	1.93029
180.31187	1.92719
180.55293	1.92477
180.79399	1.92415
181.03505	1.92641
181.27611	1.93237
181.51717	1.94235
181.75823	1.95609
181.99928	1.97271
182.24034	1.99087
182.48140	2.00899
182.72246	2.02551
182.96352	2.03915
183.20458	2.04917
183.44564	2.05543
183.68669	2.05845
183.92775	2.05920
184.16881	2.05894
184.40987	2.05891
184.65093	2.06013
184.89199	2.06315
185.13305	2.06799
185.37411	2.07421
185.61516	2.08100
185.85622	2.08740
186.09728	2.09259
186.33834	2.09608
186.57940	2.09787
186.82046	2.09847
187.06152	2.09889
187.30257	2.10042
187.54363	2.10440
187.78469	2.11196
188.02575	2.12380
188.26681	2.13998
188.50787	2.15994
188.74893	2.18256
188.98999	2.20632
189.23104	2.22961
189.47210	2.25096
189.71316	2.26935
189.95422	2.28432
190.19528	2.29606
190.43634	2.30524
190.67740	2.31291
190.91845	2.32016
191.15951	2.32789
191.40057	2.33658
191.64163	2.34616
191.88269	2.35608
192.12375	2.36537
192.36481	2.37293
192.60587	2.37777
192.84692	2.37929
193.08798	2.37745
193.32904	2.37283
193.57010	2.36659
193.81116	2.36023
194.05222	2.35540
194.29328	2.35356
194.53433	2.35570
194.77539	2.36222
195.01645	2.37282
195.25751	2.38657
195.49857	2.40214
195.73963	2.41802
195.98069	2.43280
196.22174	2.44544
196.46280	2.45544
196.70386	2.46286
196.94492	2.46827
197.18598	2.47255
197.42704	2.47668
197.66810	2.48145
197.90916	2.48728
198.15021	2.49408
198.39127	2.50123
198.63233	2.50775
198.87339	2.51246
199.11445	2.51429
199.35551	2.51249
199.59657	2.50687
199.83762	2.49783
200.07868	2.48640
200.31974	2.47398
200.56080	2.46219
200.80186	2.45252
201.04292	2.44607
201.28398	2.44338
201.52504	2.44434
201.76609	2.44827
202.00715	2.45405
202.24821	2.46039
202.48927	2.46612
202.73033	2.47040
202.97139	2.47289
203.21245	2.47377
203.45350	2.47370
203.69456	2.47356
203.93562	2.47429
204.17668	2.47658
204.41774	2.48073
204.65880	2.48650
204.89986	2.49313
205.14092	2.49951
205.38197	2.50432
205.62303	2.50634
205.86409	2.50465
206.10515	2.49883
206.34621	2.48902
206.58727	2.47592
206.82833	2.46064
207.06938	2.44453
207.31044	2.42890
207.55150	2.41485
207.79256	2.40307
208.03362	2.39377
208.27468	2.38669
208.51574	2.38119
208.75680	2.37644
208.99785	2.37160
209.23891	2.36602
209.47997	2.35935
209.72103	2.35164
209.96209	2.34331
210.20315	2.33502
210.44421	2.32752
210.68526	2.32144
210.92632	2.31713
211.16738	2.31452
211.40844	2.31311
211.64950	2.31203
211.89056	2.31017
212.13162	2.30640
212.37267	2.29979
212.61373	2.28982
212.85479	2.27646
213.09585	2.26020
213.33691	2.24196
213.57797	2.22290
213.81903	2.20420
214.06009	2.18684
214.30114	2.17142
214.54220	2.15807
214.78326	2.14647
215.02432	2.13595
215.26538	2.12570
215.50644	2.11495
215.74750	2.10318
215.98855	2.09026
216.22961	2.07646
216.47067	2.06243
216.71173	2.04903
216.95279	2.03716
217.19385	2.02756
217.43491	2.02063
217.67597	2.01632
217.91702	2.01416
218.15808	2.01329
218.39914	2.01266
218.64020	2.01115
218.88126	2.00783
219.12232	2.00207
219.36338	1.99365
219.60443	1.98274
219.84549	1.96988
220.08655	1.95579
220.32761	1.94127
220.56867	1.92697
220.80973	1.91333
221.05079	1.90050
221.29185	1.88831
221.53290	1.87639
221.77396	1.86431
222.01502	1.85164
222.25608	1.83819
222.49714	1.82401
222.73820	1.80948
222.97926	1.79524
223.22031	1.78210
223.46137	1.77089
223.70243	1.76228
223.94349	1.75664
224.18455	1.75399
224.42561	1.75389
224.66667	1.75559
224.90772	1.75809
225.14878	1.76031
225.38984	1.76129
225.63090	1.76036
225.87196	1.75719
226.11302	1.75187
226.35408	1.74483
226.59514	1.73672
226.83619	1.72824
227.07725	1.72002
227.31831	1.71244
227.55937	1.70558
227.80043	1.69924
228.04149	1.69296
228.28255	1.68620
228.52360	1.67845
228.76466	1.66938
229.00572	1.65897
229.24678	1.64750
229.48784	1.63553
229.72890	1.62383
229.96996	1.61323
230.21102	1.60445
230.45207	1.59799
230.69313	1.59403
230.93419	1.59240
231.17525	1.59261
231.41631	1.59394
231.65737	1.59559
231.89843	1.59678
232.13948	1.59693
232.38054	1.59569
232.62160	1.59303
232.86266	1.58919
233.10372	1.58458
233.34478	1.57969
233.58584	1.57497
233.82690	1.57069
234.06795	1.56688
234.30901	1.56332
234.55007	1.55962
234.79113	1.55524
235.03219	1.54970
235.27325	1.54262
235.51431	1.53391
235.75536	1.52375
235.99642	1.51259
236.23748	1.50112
236.47854	1.49011
236.71960	1.48028
236.96066	1.47221
237.20172	1.46620
237.44277	1.46229
237.68383	1.46021
237.92489	1.45952
238.16595	1.45968
238.40701	1.46019
238.64807	1.46068
238.88913	1.46098
239.13019	1.46116
239.37124	1.46146
239.61230	1.46220
239.85336	1.46374
240.09442	1.46630
240.33548	1.46990
240.57654	1.47433
240.81760	1.47914
241.05865	1.48371
241.29971	1.48735
241.54077	1.48942
241.78183	1.48944
242.02289	1.48718
242.26395	1.48272
242.50501	1.47643
242.74607	1.46892
242.98712	1.46094
243.22818	1.45324
243.46924	1.44647
243.71030	1.44106
243.95136	1.43722
244.19242	1.43488
244.43348	1.43379
244.67453	1.43358
244.91559	1.43388
245.15665	1.43439
245.39771	1.43500
245.63877	1.43580
245.87983	1.43704
246.12089	1.43909
246.36195	1.44236
246.60300	1.44714
246.84406	1.45357
247.08512	1.46152
247.32618	1.47063
247.56724	1.48031
247.80830	1.48985
248.04936	1.49852
248.29041	1.50569
248.53147	1.51094
248.77253	1.51413
249.01359	1.51540
249.25465	1.51514
249.49571	1.51389
249.73677	1.51225
249.97783	1.51074
250.21888	1.50975
250.45994	1.50946
250.70100	1.50982
250.94206	1.51065
251.18312	1.51165
251.42418	1.51254
251.66524	1.51314
251.90629	1.51344
252.14735	1.51360
252.38841	1.51395
252.62947	1.51494
252.87053	1.51703
253.11159	1.52060
253.35265	1.52589
253.59370	1.53289
253.83476	1.54138
254.07582	1.55093
254.31688	1.56095
254.55794	1.57082
254.79900	1.57998
255.04006	1.58798
255.28112	1.59461
255.52217	1.59983
255.76323	1.60384
256.00429	1.60695
256.24535	1.60950
256.48641	1.61182
256.72747	1.61408
256.96853	1.61629
257.20958	1.61830
257.45064	1.61981
257.69170	1.62048
257.93276	1.62001
258.17382	1.61823
258.41488	1.61518
258.65594	1.61111
258.89700	1.60650
259.13805	1.60199
259.37911	1.59825
259.62017	1.59590
259.86123	1.59538
260.10229	1.59689
260.34335	1.60038
260.58441	1.60550
260.82546	1.61175
261.06652	1.61853
261.30758	1.62524
261.54864	1.63143
261.78970	1.63683
262.03076	1.64138
262.27182	1.64521
262.51288	1.64859
262.75393	1.65178
262.99499	1.65502
263.23605	1.65838
263.47711	1.66175
263.71817	1.66480
263.95923	1.66713
264.20029	1.66822
264.44134	1.66767
264.68240	1.66518
264.92346	1.66073
265.16452	1.65453
265.40558	1.64704
265.64664	1.63888
265.88770	1.63077
266.12875	1.62339
266.36981	1.61726
266.61087	1.61271
266.85193	1.60979
267.09299	1.60832
267.33405	1.60796
267.57511	1.60823
267.81617	1.60870
268.05722	1.60900
268.29828	1.60893
268.53934	1.60847
268.78040	1.60775
269.02146	1.60703
269.26252	1.60658
269.50358	1.60661
269.74463	1.60719
269.98569	1.60821
270.22675	1.60939
270.46781	1.61028
270.70887	1.61035
270.94993	1.60912
271.19099	1.60619
271.43205	1.60140
271.67310	1.59477
271.91416	1.58660
272.15522	1.57735
272.39628	1.56761
272.63734	1.55797
272.87840	1.54891
273.11946	1.54077
273.36051	1.53369
273.60157	1.52759
273.84263	1.52224
274.08369	1.51734
274.32475	1.51256
274.56581	1.50769
274.80687	1.50261
275.04793	1.49741
275.28898	1.49228
275.53004	1.48752
275.77110	1.48343
276.01216	1.48026
276.25322	1.47812
276.49428	1.47692
276.73534	1.47641
276.97639	1.47617
277.21745	1.47567
277.45851	1.47439
277.69957	1.47188
277.94063	1.46784
278.18169	1.46218
278.42275	1.45500
278.66380	1.44659
278.90486	1.43736
279.14592	1.42775
279.38698	1.41816
279.62804	1.40891
279.86910	1.40014
280.11016	1.39188
280.35122	1.38403
280.59227	1.37642
280.83333	1.36889
281.07439	1.36136
281.31545	1.35383
281.55651	1.34643
281.79757	1.33940
282.03863	1.33303
282.27968	1.32763
282.52074	1.32343
282.76180	1.32053
283.00286	1.31889
283.24392	1.31829
283.48498	1.31835
283.72604	1.31860
283.96710	1.31856
284.20815	1.31777
284.44921	1.31587
284.69027	1.31267
284.93133	1.30815
285.17239	1.30242
285.41345	1.29573
285.65451	1.28839
285.89556	1.28070
286.13662	1.27289
286.37768	1.26510
286.61874	1.25735
286.85980	1.24957
287.10086	1.24163
287.34192	1.23339
287.58298	1.22478
287.82403	1.21582
288.06509	1.20665
288.30615	1.19752
288.54721	1.18877
288.78827	1.18075
289.02933	1.17379
289.27039	1.16813
289.51144	1.16386
289.75250	1.16090
289.99356	1.15905
290.23462	1.15796
290.47568	1.15725
290.71674	1.15651
290.95780	1.15542
291.19885	1.15375
291.43991	1.15140
291.68097	1.14838
291.92203	1.14479
292.16309	1.14079
292.40415	1.13652
292.64521	1.13208
292.88627	1.12749
293.12732	1.12270
293.36838	1.11758
293.60944	1.11197
293.85050	1.10574
294.09156	1.09882
294.33262	1.09121
294.57368	1.08305
294.81473	1.07458
295.05579	1.06610
295.29685	1.05795
295.53791	1.05047
295.77897	1.04390
296.02003	1.03839
296.26109	1.03397
296.50215	1.03053
296.74320	1.02791
296.98426	1.02586
297.22532	1.02416
297.46638	1.02261
297.70744	1.02109
297.94850	1.01956
298.18956	1.01807
298.43061	1.01671
298.67167	1.01556
298.91273	1.01472
299.15379	1.01417
299.39485	1.01385
299.63591	1.01359
299.87697	1.01316
300.11803	1.01231
300.35908	1.01079
300.60014	1.00844
300.84120	1.00518
301.08226	1.00106
301.32332	0.99627
301.56438	0.99108
301.80544	0.98582
302.04649	0.98081
302.28755	0.97636
302.52861	0.97266
302.76967	0.96981
303.01073	0.96777
303.25179	0.96645
303.49285	0.96568
303.73391	0.96527
303.97496	0.96507
304.21602	0.96502
304.45708	0.96508
304.69814	0.96533
304.93920	0.96588
305.18026	0.96686
305.42132	0.96836
305.66237	0.97045
305.90343	0.97306
306.14449	0.97609
306.38555	0.97934
306.62661	0.98256
306.86767	0.98551
307.10873	0.98798
307.34978	0.98986
307.59084	0.99113
307.83190	0.99185
308.07296	0.99219
308.31402	0.99238
308.55508	0.99264
308.79614	0.99317
309.03720	0.99410
309.27825	0.99548
309.51931	0.99727
309.76037	0.99938
310.00143	1.00168
310.24249	1.00405
310.48355	1.00641
310.72461	1.00875
310.96566	1.01114
311.20672	1.01372
311.44778	1.01665
311.68884	1.02012
311.92990	1.02427
312.17096	1.02918
312.41202	1.03482
312.65308	1.04106
312.89413	1.04769
313.13519	1.05444
313.37625	1.06101
313.61731	1.06713
313.85837	1.07260
314.09943	1.07732
314.34049	1.08127
314.58154	1.08455
314.82260	1.08732
315.06366	1.08978
315.30472	1.09211
315.54578	1.09446
315.78684	1.09690
316.02790	1.09943
316.26896	1.10196
316.51001	1.10439
316.75107	1.10661
316.99213	1.10855
317.23319	1.11022
317.47425	1.11171
317.71531	1.11319
317.95637	1.11490
318.19742	1.11709
318.43848	1.11999
318.67954	1.12376
318.92060	1.12845
319.16166	1.13400
319.40272	1.14025
319.64378	1.14697
319.88483	1.15386
320.12589	1.16068
320.36695	1.16722
320.60801	1.17336
320.84907	1.17909
321.09013	1.18446
321.33119	1.18959
321.57225	1.19463
321.81330	1.19969
322.05436	1.20482
322.29542	1.21001
322.53648	1.21515
322.77754	1.22011
323.01860	1.22470
323.25966	1.22879
323.50071	1.23230
323.74177	1.23525
323.98283	1.23777
324.22389	1.24008
324.46495	1.24248
324.70601	1.24528
324.94707	1.24875
325.18813	1.25311
325.42918	1.25844
325.67024	1.26468
325.91130	1.27168
326.15236	1.27916
326.39342	1.28682
326.63448	1.29435
326.87554	1.30149
327.11659	1.30809
327.35765	1.31407
327.59871	1.31948
327.83977	1.32441
328.08083	1.32900
328.32189	1.33337
328.56295	1.33756
328.80401	1.34156
329.04506	1.34525
329.28612	1.34844
329.52718	1.35093
329.76824	1.35251
330.00930	1.35303
330.25036	1.35248
330.49142	1.35093
330.73247	1.34860
330.97353	1.34580
331.21459	1.34289
331.45565	1.34023
331.69671	1.33812
331.93777	1.33675
332.17883	1.33618
332.41988	1.33637
332.66094	1.33713
332.90200	1.33824
333.14306	1.33945
333.38412	1.34058
333.62518	1.34148
333.86624	1.34213
334.10730	1.34258
334.34835	1.34293
334.58941	1.34332
334.83047	1.34384
335.07153	1.34452
335.31259	1.34528
335.55365	1.34595
335.79471	1.34630
336.03576	1.34603
336.27682	1.34489
336.51788	1.34268
336.75894	1.33932
337.00000	1.33487
337.24106	1.32950
337.48212	1.32350
337.72318	1.31719
337.96423	1.31091
338.20529	1.30494
338.44635	1.29943
338.68741	1.29446
338.92847	1.28996
339.16953	1.28579
339.41059	1.28179
339.65164	1.27777
339.89270	1.27361
340.13376	1.26926
340.37482	1.26478
340.61588	1.26028
340.85694	1.25591
341.09800	1.25187
341.33906	1.24827
341.58011	1.24517
341.82117	1.24254
342.06223	1.24023
342.30329	1.23803
342.54435	1.23568
342.78541	1.23289
343.02647	1.22946
343.26752	1.22524
343.50858	1.22017
343.74964	1.21434
343.99070	1.20789
344.23176	1.20103
344.47282	1.19400
344.71388	1.18700
344.95493	1.18017
345.19599	1.17359
345.43705	1.16726
345.67811	1.16110
345.91917	1.15501
346.16023	1.14891
346.40129	1.14274
346.64235	1.13651
346.88340	1.13030
347.12446	1.12422
347.36552	1.11845
347.60658	1.11313
347.84764	1.10836
348.08870	1.10417
348.32976	1.10050
348.57081	1.09719
348.81187	1.09402
349.05293	1.09074
349.29399	1.08708
349.53505	1.08285
349.77611	1.07794
350.01717	1.07233
350.25823	1.06609
350.49928	1.05939
350.74034	1.05243
350.98140	1.04541
351.22246	1.03851
351.46352	1.03184
351.70458	1.02545
351.94564	1.01928
352.18669	1.01325
352.42775	1.00724
352.66881	1.00113
352.90987	0.99484
353.15093	0.98833
353.39199	0.98165
353.63305	0.97490
353.87411	0.96822
354.11516	0.96176
354.35622	0.95567
354.59728	0.95004
354.83834	0.94490
355.07940	0.94021
355.32046	0.93587
355.56152	0.93172
355.80257	0.92761
356.04363	0.92336
356.28469	0.91886
356.52575	0.91403
356.76681	0.90887
357.00787	0.90342
357.24893	0.89775
357.48999	0.89194
357.73104	0.88606
357.97210	0.88017
358.21316	0.87425
358.45422	0.86828
358.69528	0.86219
358.93634	0.85592
359.17740	0.84942
359.41845	0.84266
359.65951	0.83568
359.90057	0.82856
360.14163	0.82145
360.38269	0.81449
360.62375	0.80783
360.86481	0.80161
361.10586	0.79592
361.34692	0.79076
361.58798	0.78611
361.82904	0.78185
362.07010	0.77786
362.31116	0.77399
362.55222	0.77010
362.79328	0.76610
363.03433	0.76195
363.27539	0.75764
363.51645	0.75322
363.75751	0.74878
363.99857	0.74438
364.23963	0.74009
364.48069	0.73592
364.72174	0.73186
364.96280	0.72784
365.20386	0.72375
365.44492	0.71947
365.68598	0.71491
365.92704	0.70998
366.16810	0.70469
366.40916	0.69905
366.65021	0.69318
366.89127	0.68718
367.13233	0.68120
367.37339	0.67539
367.61445	0.66982
367.85551	0.66456
368.09657	0.65960
368.33762	0.65490
368.57868	0.65036
368.81974	0.64590
369.06080	0.64142
369.30186	0.63684
369.54292	0.63213
369.78398	0.62727
370.02504	0.62228
370.26609	0.61720
370.50715	0.61206
370.74821	0.60688
370.98927	0.60165
371.23033	0.59634
371.47139	0.59090
371.71245	0.58527
371.95350	0.57936
372.19456	0.57312
372.43562	0.56652
372.67668	0.55954
372.91774	0.55221
373.15880	0.54459
373.39986	0.53675
373.64091	0.52876
373.88197	0.52071
374.12303	0.51263
374.36409	0.50455
374.60515	0.49650
374.84621	0.48846
375.08727	0.48042
375.32833	0.47236
375.56938	0.46428
375.81044	0.45618
376.05150	0.44810
376.29256	0.44007
376.53362	0.43219
376.77468	0.42454
377.01574	0.41718
377.25679	0.41018
377.49785	0.40357
377.73891	0.39737
377.97997	0.39157
378.22103	0.38611
378.46209	0.38101
378.70315	0.37625
378.94421	0.37183
379.18526	0.36776
379.42632	0.36408
379.66738	0.36086
379.90844	0.35816
380.14950	0.35604
380.39056	0.35459
380.63162	0.35386
380.87267	0.35387
381.11373	0.35462
381.35479	0.35609
381.59585	0.35823
381.83691	0.36101
382.07797	0.36438
382.31903	0.36831
382.56009	0.37277
382.80114	0.37778
383.04220	0.38333
383.28326	0.38945
383.52432	0.39615
383.76538	0.40343
384.00644	0.41123
384.24750	0.41953
384.48855	0.42826
384.72961	0.43733
384.97067	0.44664
385.21173	0.45608
385.45279	0.46557
385.69385	0.47502
385.93491	0.48437
386.17596	0.49363
386.41702	0.50280
386.65808	0.51190
386.89914	0.52095
387.14020	0.52995
387.38126	0.53889
387.62232	0.54775
387.86338	0.55645
388.10443	0.56495
388.34549	0.57320
388.58655	0.58116
388.82761	0.58881
389.06867	0.59619
389.30973	0.60334
389.55079	0.61036
389.79184	0.61736
390.03290	0.62444
390.27396	0.63168
390.51502	0.63914
390.75608	0.64682
390.99714	0.65470
391.23820	0.66269
391.47926	0.67071
391.72031	0.67863
391.96137	0.68636
392.20243	0.69382
392.44349	0.70097
392.68455	0.70778
392.92561	0.71428
393.16667	0.72052
393.40772	0.72652
393.64878	0.73234
393.88984	0.73797
394.13090	0.74340
394.37196	0.74858
394.61302	0.75344
394.85408	0.75791
395.09514	0.76196
395.33619	0.76555
395.57725	0.76874
395.81831	0.77161
396.05937	0.77429
396.30043	0.77693
396.54149	0.77970
396.78255	0.78274
397.02360	0.78617
397.26466	0.79006
397.50572	0.79442
397.74678	0.79922
397.98784	0.80440
398.22890	0.80990
398.46996	0.81567
398.71102	0.82165
398.95207	0.82784
399.19313	0.83424
399.43419	0.84087
399.67525	0.84776
399.91631	0.85490
400.15737	0.86226
400.39843	0.86975
400.63948	0.87727
400.88054	0.88465
401.12160	0.89172
401.36266	0.89830
401.60372	0.90424
401.84478	0.90945
402.08584	0.91389
402.32689	0.91758
402.56795	0.92062
402.80901	0.92315
403.05007	0.92531
403.29113	0.92727
403.53219	0.92914
403.77325	0.93101
404.01431	0.93291
404.25536	0.93483
404.49642	0.93672
404.73748	0.93852
404.97854	0.94018
405.21960	0.94166
405.46066	0.94297
405.70172	0.94414
405.94277	0.94524
406.18383	0.94632
406.42489	0.94744
406.66595	0.94864
406.90701	0.94989
407.14807	0.95115
407.38913	0.95233
407.63019	0.95330
407.87124	0.95395
408.11230	0.95415
408.35336	0.95383
408.59442	0.95295
408.83548	0.95150
409.07654	0.94955
409.31760	0.94717
409.55865	0.94448
409.79971	0.94159
410.04077	0.93859
410.28183	0.93554
410.52289	0.93250
410.76395	0.92946
411.00501	0.92640
411.24607	0.92329
411.48712	0.92012
411.72818	0.91687
411.96924	0.91356
412.21030	0.91023
412.45136	0.90696
412.69242	0.90379
412.93348	0.90079
413.17453	0.89800
413.41559	0.89539
413.65665	0.89292
413.89771	0.89051
414.13877	0.88803
414.37983	0.88537
414.62089	0.88241
414.86194	0.87906
415.10300	0.87528
415.34406	0.87106
415.58512	0.86643
415.82618	0.86146
416.06724	0.85623
416.30830	0.85081
416.54936	0.84526
416.79041	0.83962
417.03147	0.83390
417.27253	0.82807
417.51359	0.82212
417.75465	0.81599
417.99571	0.80968
418.23677	0.80320
418.47782	0.79657
418.71888	0.78987
418.95994	0.78318
419.20100	0.77661
419.44206	0.77026
419.68312	0.76419
419.92418	0.75845
420.16524	0.75303
420.40629	0.74790
420.64735	0.74297
420.88841	0.73815
421.12947	0.73333
421.37053	0.72844
421.61159	0.72340
421.85265	0.71818
422.09370	0.71276
422.33476	0.70717
422.57582	0.70142
422.81688	0.69556
423.05794	0.68960
423.29900	0.68356
423.54006	0.67742
423.78112	0.67116
424.02217	0.66475
424.26323	0.65814
424.50429	0.65131
424.74535	0.64425
424.98641	0.63697
425.22747	0.62950
425.46853	0.62190
425.70958	0.61424
425.95064	0.60658
426.19170	0.59898
426.43276	0.59152
426.67382	0.58422
426.91488	0.57711
427.15594	0.57020
427.39699	0.56348
427.63805	0.55695
427.87911	0.55060
428.12017	0.54442
428.36123	0.53842
428.60229	0.53260
428.84335	0.52697
429.08441	0.52152
429.32546	0.51625
429.56652	0.51114
429.80758	0.50615
430.04864	0.50122
430.28970	0.49631
430.53076	0.49134
430.77182	0.48627
431.01287	0.48104
431.25393	0.47565
431.49499	0.47008
431.73605	0.46437
431.97711	0.45855
432.21817	0.45267
432.45923	0.44681
432.70029	0.44102
432.94134	0.43534
433.18240	0.42980
433.42346	0.42443
433.66452	0.41922
433.90558	0.41415
434.14664	0.40922
434.38770	0.40440
434.62875	0.39972
434.86981	0.39519
435.11087	0.39083
435.35193	0.38669
435.59299	0.38281
435.83405	0.37923
436.07511	0.37599
436.31617	0.37311
436.55722	0.37059
436.79828	0.36844
437.03934	0.36664
437.28040	0.36516
437.52146	0.36399
437.76252	0.36312
438.00358	0.36255
438.24463	0.36230
438.48569	0.36241
438.72675	0.36289
438.96781	0.36379
439.20887	0.36513
439.44993	0.36692
439.69099	0.36914
439.93204	0.37178
440.17310	0.37478
440.41416	0.37809
440.65522	0.38165
440.89628	0.38539
441.13734	0.38925
441.37840	0.39320
441.61946	0.39720
441.86051	0.40122
442.10157	0.40525
442.34263	0.40929
442.58369	0.41332
442.82475	0.41732
443.06581	0.42126
443.30687	0.42508
443.54792	0.42873
443.78898	0.43216
444.03004	0.43531
444.27110	0.43815
444.51216	0.44066
444.75322	0.44283
444.99428	0.44467
445.23534	0.44620
445.47639	0.44746
445.71745	0.44849
445.95851	0.44931
446.19957	0.44993
446.44063	0.45035
446.68169	0.45058
446.92275	0.45058
447.16380	0.45034
447.40486	0.44986
447.64592	0.44911
447.88698	0.44813
448.12804	0.44694
448.36910	0.44558
448.61016	0.44410
448.85122	0.44255
449.09227	0.44096
449.33333	0.43935
449.57439	0.43774
449.81545	0.43612
450.05651	0.43445
450.29757	0.43274
450.53863	0.43095
450.77968	0.42910
451.02074	0.42719
451.26180	0.42526
451.50286	0.42335
451.74392	0.42152
451.98498	0.41982
452.22604	0.41828
452.46710	0.41693
452.70815	0.41576
452.94921	0.41474
453.19027	0.41383
453.43133	0.41298
453.67239	0.41213
453.91345	0.41125
454.15451	0.41031
454.39556	0.40928
454.63662	0.40818
454.87768	0.40704
455.11874	0.40588
455.35980	0.40473
455.60086	0.40363
455.84192	0.40258
456.08297	0.40159
456.32403	0.40065
456.56509	0.39975
456.80615	0.39887
457.04721	0.39799
457.28827	0.39711
457.52933	0.39622
457.77039	0.39535
458.01144	0.39452
458.25250	0.39377
458.49356	0.39314
458.73462	0.39267
458.97568	0.39238
459.21674	0.39229
459.45780	0.39240
459.69885	0.39272
459.93991	0.39323
460.18097	0.39392
460.42203	0.39477
460.66309	0.39579
460.90415	0.39699
461.14521	0.39838
461.38627	0.39999
461.62732	0.40185
461.86838	0.40397
462.10944	0.40636
462.35050	0.40899
462.59156	0.41185
462.83262	0.41488
463.07368	0.41802
463.31473	0.42119
463.55579	0.42435
463.79685	0.42743
464.03791	0.43040
464.27897	0.43323
464.52003	0.43592
464.76109	0.43847
465.00215	0.44089
465.24320	0.44318
465.48426	0.44532
465.72532	0.44732
465.96638	0.44913
466.20744	0.45074
466.44850	0.45212
466.68956	0.45323
466.93061	0.45407
467.17167	0.45464
467.41273	0.45497
467.65379	0.45510
467.89485	0.45506
468.13591	0.45493
468.37697	0.45475
468.61802	0.45457
468.85908	0.45442
469.10014	0.45430
469.34120	0.45422
469.58226	0.45416
469.82332	0.45408
470.06438	0.45395
470.30544	0.45377
470.54649	0.45350
470.78755	0.45314
471.02861	0.45272
471.26967	0.45225
471.51073	0.45175
471.75179	0.45126
471.99285	0.45077
472.23390	0.45028
472.47496	0.44979
472.71602	0.44927
472.95708	0.44866
473.19814	0.44795
473.43920	0.44711
473.68026	0.44610
473.92132	0.44495
474.16237	0.44366
474.40343	0.44227
474.64449	0.44083
474.88555	0.43937
475.12661	0.43793
475.36767	0.43655
475.60873	0.43522
475.84978	0.43396
476.09084	0.43274
476.33190	0.43155
476.57296	0.43038
476.81402	0.42921
477.05508	0.42805
477.29614	0.42691
477.53720	0.42580
477.77825	0.42474
478.01931	0.42376
478.26037	0.42286
478.50143	0.42205
478.74249	0.42131
478.98355	0.42062
479.22461	0.41996
479.46566	0.41929
479.70672	0.41857
479.94778	0.41778
480.18884	0.41688
480.42990	0.41587
480.67096	0.41474
480.91202	0.41350
481.15307	0.41217
481.39413	0.41076
481.63519	0.40929
481.87625	0.40778
482.11731	0.40623
482.35837	0.40465
482.59943	0.40305
482.84049	0.40141
483.08154	0.39973
483.32260	0.39802
483.56366	0.39629
483.80472	0.39454
484.04578	0.39281
484.28684	0.39111
484.52790	0.38947
484.76895	0.38792
485.01001	0.38647
485.25107	0.38512
485.49213	0.38385
485.73319	0.38266
485.97425	0.38151
486.21531	0.38037
486.45637	0.37920
486.69742	0.37799
486.93848	0.37672
487.17954	0.37537
487.42060	0.37397
487.66166	0.37250
487.90272	0.37100
488.14378	0.36947
488.38483	0.36793
488.62589	0.36639
488.86695	0.36484
489.10801	0.36329
489.34907	0.36174
489.59013	0.36019
489.83119	0.35862
490.07225	0.35706
490.31330	0.35549
490.55436	0.35395
490.79542	0.35244
491.03648	0.35098
491.27754	0.34960
491.51860	0.34831
491.75966	0.34712
492.00071	0.34604
492.24177	0.34508
492.48283	0.34422
492.72389	0.34345
492.96495	0.34276
493.20601	0.34214
493.44707	0.34156
493.68812	0.34103
493.92918	0.34052
494.17024	0.34005
494.41130	0.33961
494.65236	0.33920
494.89342	0.33880
495.13448	0.33842
495.37554	0.33805
495.61659	0.33765
495.85765	0.33723
496.09871	0.33675
496.33977	0.33622
496.58083	0.33564
496.82189	0.33500
497.06295	0.33431
497.30400	0.33360
497.54506	0.33287
497.78612	0.33216
498.02718	0.33146
498.26824	0.33081
498.50930	0.33019
498.75036	0.32962
498.99142	0.32909
499.23247	0.32860
499.47353	0.32814
499.71459	0.32771
499.95565	0.32730
500.19671	0.32690
500.43777	0.32650
500.67883	0.32611
500.91988	0.32571
501.16094	0.32528
501.40200	0.32481
501.64306	0.32427
501.88412	0.32364
502.12518	0.32290
502.36624	0.32200
502.60730	0.32093
502.84835	0.31968
503.08941	0.31822
503.33047	0.31657
503.57153	0.31472
503.81259	0.31268
504.05365	0.31049
504.29471	0.30815
504.53576	0.30571
504.77682	0.30322
505.01788	0.30072
505.25894	0.29829
505.50000	0.29601
505.74106	0.29399
505.98212	0.29233
506.22318	0.29116
506.46423	0.29059
506.70529	0.29069
506.94635	0.29154
507.18741	0.29315
507.42847	0.29552
507.66953	0.29860
507.91059	0.30228
508.15164	0.30647
508.39270	0.31101
508.63376	0.31577
508.87482	0.32060
509.11588	0.32538
509.35694	0.33000
509.59800	0.33438
509.83905	0.33850
510.08011	0.34232
510.32117	0.34584
510.56223	0.34908
510.80329	0.35208
511.04435	0.35485
511.28541	0.35743
511.52647	0.35985
511.76752	0.36213
512.00858	0.36429
512.24964	0.36634
512.49070	0.36830
512.73176	0.37019
512.97282	0.37201
513.21388	0.37380
513.45493	0.37557
513.69599	0.37734
513.93705	0.37912
514.17811	0.38092
514.41917	0.38275
514.66023	0.38457
514.90129	0.38638
515.14235	0.38816
515.38340	0.38986
515.62446	0.39147
515.86552	0.39296
516.10658	0.39433
516.34764	0.39558
516.58870	0.39670
516.82976	0.39772
517.07081	0.39865
517.31187	0.39951
517.55293	0.40031
517.79399	0.40107
518.03505	0.40180
518.27611	0.40251
518.51717	0.40319
518.75823	0.40385
518.99928	0.40449
519.24034	0.40511
519.48140	0.40573
519.72246	0.40636
519.96352	0.40700
520.20458	0.40767
520.44564	0.40839
520.68669	0.40916
520.92775	0.40999
521.16881	0.41086
521.40987	0.41178
521.65093	0.41272
521.89199	0.41365
522.13305	0.41456
522.37410	0.41543
522.61516	0.41624
522.85622	0.41697
523.09728	0.41763
523.33834	0.41821
523.57940	0.41872
523.82046	0.41916
524.06152	0.41953
524.30257	0.41983
524.54363	0.42006
524.78469	0.42023
525.02575	0.42032
525.26681	0.42036
525.50787	0.42035
525.74893	0.42032
525.98998	0.42030
526.23104	0.42034
526.47210	0.42046
526.71316	0.42071
526.95422	0.42111
527.19528	0.42169
527.43634	0.42245
527.67740	0.42339
527.91845	0.42449
528.15951	0.42574
528.40057	0.42712
528.64163	0.42862
528.88269	0.43021
529.12375	0.43190
529.36481	0.43367
529.60586	0.43551
529.84692	0.43744
530.08798	0.43944
530.32904	0.44151
530.57010	0.44363
530.81116	0.44579
531.05222	0.44797
531.29328	0.45014
531.53433	0.45226
531.77539	0.45431
532.01645	0.45626
532.25751	0.45810
532.49857	0.45981
532.73963	0.46140
532.98069	0.46285
533.22174	0.46420
533.46280	0.46543
533.70386	0.46657
533.94492	0.46761
534.18598	0.46856
534.42704	0.46942
534.66810	0.47016
534.90915	0.47078
535.15021	0.47126
535.39127	0.47161
535.63233	0.47182
535.87339	0.47190
536.11445	0.47185
536.35551	0.47170
536.59657	0.47145
536.83762	0.47113
537.07868	0.47073
537.31974	0.47027
537.56080	0.46973
537.80186	0.46910
538.04292	0.46838
538.28398	0.46755
538.52503	0.46660
538.76609	0.46553
539.00715	0.46435
539.24821	0.46308
539.48927	0.46173
539.73033	0.46034
539.97139	0.45893
540.21245	0.45754
540.45350	0.45619
540.69456	0.45489
540.93562	0.45368
541.17668	0.45256
541.41774	0.45154
541.65880	0.45062
541.89986	0.44980
542.14091	0.44909
542.38197	0.44849
542.62303	0.44799
542.86409	0.44759
543.10515	0.44730
543.34621	0.44709
543.58727	0.44695
543.82833	0.44687
544.06938	0.44682
544.31044	0.44678
544.55150	0.44671
544.79256	0.44660
545.03362	0.44642
545.27468	0.44616
545.51574	0.44579
545.75679	0.44532
545.99785	0.44473
546.23891	0.44402
546.47997	0.44319
546.72103	0.44221
546.96209	0.44108
547.20315	0.43979
547.44421	0.43831
547.68526	0.43663
547.92632	0.43473
548.16738	0.43261
548.40844	0.43026
548.64950	0.42770
548.89056	0.42495
549.13162	0.42204
549.37267	0.41900
549.61373	0.41588
549.85479	0.41273
550.09585	0.40958
550.33691	0.40649
550.57797	0.40350
550.81903	0.40065
551.06008	0.39797
551.30114	0.39549
551.54220	0.39325
551.78326	0.39127
552.02432	0.38956
552.26538	0.38815
552.50644	0.38702
552.74750	0.38619
552.98855	0.38564
553.22961	0.38535
553.47067	0.38530
553.71173	0.38546
553.95279	0.38581
554.19385	0.38631
554.43491	0.38696
554.67596	0.38772
554.91702	0.38859
555.15808	0.38955
555.39914	0.39060
555.64020	0.39173
555.88126	0.39293
556.12232	0.39419
556.36338	0.39549
556.60443	0.39682
556.84549	0.39815
557.08655	0.39947
557.32761	0.40075
557.56867	0.40196
557.80973	0.40309
558.05079	0.40412
558.29184	0.40503
558.53290	0.40582
558.77396	0.40647
559.01502	0.40699
559.25608	0.40739
559.49714	0.40768
559.73820	0.40786
559.97926	0.40794
560.22031	0.40795
560.46137	0.40787
560.70243	0.40770
560.94349	0.40746
561.18455	0.40712
561.42561	0.40669
561.66667	0.40616
561.90772	0.40554
562.14878	0.40483
562.38984	0.40404
562.63090	0.40319
562.87196	0.40229
563.11302	0.40136
563.35408	0.40041
563.59513	0.39947
563.83619	0.39854
564.07725	0.39763
564.31831	0.39675
564.55937	0.39590
564.80043	0.39508
565.04149	0.39431
565.28255	0.39358
565.52360	0.39289
565.76466	0.39224
566.00572	0.39164
566.24678	0.39109
566.48784	0.39057
566.72890	0.39009
566.96996	0.38964
567.21101	0.38922
567.45207	0.38882
567.69313	0.38845
567.93419	0.38810
568.17525	0.38778
568.41631	0.38750
568.65737	0.38726
568.89843	0.38706
569.13948	0.38691
569.38054	0.38682
569.62160	0.38677
569.86266	0.38676
570.10372	0.38678
570.34478	0.38682
570.58584	0.38687
570.82689	0.38692
571.06795	0.38697
571.30901	0.38701
571.55007	0.38706
571.79113	0.38712
572.03219	0.38722
572.27325	0.38735
572.51431	0.38753
572.75536	0.38776
572.99642	0.38803
573.23748	0.38835
573.47854	0.38869
573.71960	0.38904
573.96066	0.38938
574.20172	0.38972
574.44277	0.39004
574.68383	0.39034
574.92489	0.39064
575.16595	0.39094
575.40701	0.39127
575.64807	0.39165
575.88913	0.39209
576.13018	0.39260
576.37124	0.39320
576.61230	0.39390
576.85336	0.39469
577.09442	0.39557
577.33548	0.39654
577.57654	0.39758
577.81760	0.39870
578.05865	0.39989
578.29971	0.40113
578.54077	0.40243
578.78183	0.40377
579.02289	0.40516
579.26395	0.40657
579.50501	0.40800
579.74606	0.40942
579.98712	0.41083
580.22818	0.41219
580.46924	0.41350
580.71030	0.41476
580.95136	0.41595
581.19242	0.41708
581.43348	0.41816
581.67453	0.41920
581.91559	0.42023
582.15665	0.42126
582.39771	0.42229
582.63877	0.42334
582.87983	0.42442
583.12089	0.42553
583.36194	0.42667
583.60300	0.42783
583.84406	0.42902
584.08512	0.43025
584.32618	0.43151
584.56724	0.43280
584.80830	0.43412
585.04936	0.43549
585.29041	0.43690
585.53147	0.43834
585.77253	0.43982
586.01359	0.44131
586.25465	0.44281
586.49571	0.44430
586.73677	0.44575
586.97782	0.44715
587.21888	0.44848
587.45994	0.44971
587.70100	0.45085
587.94206	0.45189
588.18312	0.45284
588.42418	0.45371
588.66523	0.45450
588.90629	0.45524
589.14735	0.45595
589.38841	0.45663
589.62947	0.45730
589.87053	0.45795
590.11159	0.45859
590.35265	0.45921
590.59370	0.45983
590.83476	0.46043
591.07582	0.46102
591.31688	0.46159
591.55794	0.46216
591.79900	0.46270
592.04006	0.46324
592.28111	0.46377
592.52217	0.46427
592.76323	0.46476
593.00429	0.46522
593.24535	0.46566
593.48641	0.46606
593.72747	0.46642
593.96853	0.46674
594.20958	0.46701
594.45064	0.46723
594.69170	0.46737
594.93276	0.46745
595.17382	0.46744
595.41488	0.46735
595.65594	0.46716
595.89699	0.46688
596.13805	0.46651
596.37911	0.46606
596.62017	0.46553
596.86123	0.46493
597.10229	0.46428
597.34335	0.46360
597.58441	0.46289
597.82546	0.46218
598.06652	0.46147
598.30758	0.46078
598.54864	0.46013
598.78970	0.45953
599.03076	0.45901
599.27182	0.45859
599.51287	0.45827
599.75393	0.45808
599.99499	0.45801
600.23605	0.45805
600.47711	0.45820
600.71817	0.45842
600.95923	0.45869
601.20029	0.45895
601.44134	0.45917
601.68240	0.45930
601.92346	0.45931
602.16452	0.45915
602.40558	0.45880
602.64664	0.45827
602.88770	0.45754
603.12875	0.45664
603.36981	0.45556
603.61087	0.45435
603.85193	0.45303
604.09299	0.45160
604.33405	0.45010
604.57511	0.44852
604.81616	0.44688
605.05722	0.44516
605.29828	0.44336
605.53934	0.44148
605.78040	0.43951
606.02146	0.43745
606.26252	0.43530
606.50358	0.43306
606.74463	0.43075
606.98569	0.42836
607.22675	0.42590
607.46781	0.42337
607.70887	0.42077
607.94993	0.41810
608.19099	0.41534
608.43204	0.41249
608.67310	0.40952
608.91416	0.40644
609.15522	0.40323
609.39628	0.39988
609.63734	0.39637
609.87840	0.39271
610.11946	0.38888
610.36051	0.38490
610.60157	0.38075
610.84263	0.37645
611.08369	0.37202
611.32475	0.36747
611.56581	0.36285
611.80687	0.35818
612.04792	0.35352
612.28898	0.34890
612.53004	0.34437
612.77110	0.33999
613.01216	0.33580
613.25322	0.33184
613.49428	0.32817
613.73534	0.32481
613.97639	0.32180
614.21745	0.31916
614.45851	0.31690
614.69957	0.31502
614.94063	0.31352
615.18169	0.31236
615.42275	0.31152
615.66380	0.31096
615.90486	0.31062
616.14592	0.31045
616.38698	0.31041
616.62804	0.31045
616.86910	0.31053
617.11016	0.31062
617.35121	0.31069
617.59227	0.31072
617.83333	0.31069
618.07439	0.31059
618.31545	0.31040
618.55651	0.31011
618.79757	0.30973
619.03863	0.30924
619.27968	0.30866
619.52074	0.30798
619.76180	0.30722
620.00286	0.30639
620.24392	0.30550
620.48498	0.30457
620.72604	0.30361
620.96709	0.30262
621.20815	0.30161
621.44921	0.30059
621.69027	0.29955
621.93133	0.29849
622.17239	0.29739
622.41345	0.29626
622.65451	0.29507
622.89556	0.29381
623.13662	0.29247
623.37768	0.29103
623.61874	0.28950
623.85980	0.28785
624.10086	0.28609
624.34192	0.28423
624.58297	0.28227
624.82403	0.28022
625.06509	0.27809
625.30615	0.27590
625.54721	0.27367
625.78827	0.27141
626.02933	0.26913
626.27039	0.26685
626.51144	0.26458
626.75250	0.26231
626.99356	0.26007
627.23462	0.25783
627.47568	0.25559
627.71674	0.25333
627.95780	0.25104
628.19885	0.24867
628.43991	0.24621
628.68097	0.24362
628.92203	0.24091
629.16309	0.23805
629.40415	0.23507
629.64521	0.23198
629.88626	0.22885
630.12732	0.22571
630.36838	0.22265
630.60944	0.21973
630.85050	0.21702
631.09156	0.21458
631.33262	0.21246
631.57368	0.21069
631.81473	0.20928
632.05579	0.20822
632.29685	0.20748
632.53791	0.20702
632.77897	0.20677
633.02003	0.20668
633.26109	0.20667
633.50214	0.20670
633.74320	0.20671
633.98426	0.20665
634.22532	0.20649
634.46638	0.20621
634.70744	0.20580
634.94850	0.20527
635.18956	0.20463
635.43061	0.20389
635.67167	0.20307
635.91273	0.20219
636.15379	0.20127
636.39485	0.20032
636.63591	0.19937
636.87697	0.19843
637.11802	0.19751
637.35908	0.19661
637.60014	0.19573
637.84120	0.19487
638.08226	0.19403
638.32332	0.19320
638.56438	0.19236
638.80544	0.19151
639.04649	0.19063
639.28755	0.18971
639.52861	0.18874
639.76967	0.18772
640.01073	0.18665
640.25179	0.18552
640.49285	0.18434
640.73390	0.18310
640.97496	0.18180
641.21602	0.18045
641.45708	0.17905
641.69814	0.17760
641.93920	0.17611
642.18026	0.17458
642.42132	0.17302
642.66237	0.17145
642.90343	0.16990
643.14449	0.16837
643.38555	0.16689
643.62661	0.16549
643.86767	0.16417
644.10873	0.16296
644.34978	0.16186
644.59084	0.16088
644.83190	0.16002
645.07296	0.15927
645.31402	0.15862
645.55508	0.15807
645.79614	0.15759
646.03719	0.15716
646.27825	0.15678
646.51931	0.15642
646.76037	0.15608
647.00143	0.15573
647.24249	0.15535
647.48355	0.15495
647.72461	0.15451
647.96566	0.15401
648.20672	0.15346
648.44778	0.15284
648.68884	0.15216
648.92990	0.15141
649.17096	0.15061
649.41202	0.14975
649.65307	0.14885
649.89413	0.14791
650.13519	0.14694
650.37625	0.14594
650.61731	0.14493
650.85837	0.14390
651.09943	0.14286
651.34049	0.14180
651.58154	0.14074
651.82260	0.13967
652.06366	0.13859
652.30472	0.13750
652.54578	0.13641
652.78684	0.13531
653.02790	0.13420
653.26895	0.13309
653.51001	0.13196
653.75107	0.13081
653.99213	0.12963
654.23319	0.12841
654.47425	0.12715
654.71531	0.12583
654.95637	0.12444
655.19742	0.12297
655.43848	0.12141
655.67954	0.11977
655.92060	0.11802
656.16166	0.11618
656.40272	0.11423
656.64378	0.11218
656.88483	0.11004
657.12589	0.10782
657.36695	0.10552
657.60801	0.10318
657.84907	0.10083
658.09013	0.09848
658.33119	0.09619
658.57224	0.09399
658.81330	0.09194
659.05436	0.09007
659.29542	0.08843
659.53648	0.08704
659.77754	0.08594
660.01860	0.08512
660.25966	0.08457
660.50071	0.08427
660.74177	0.08419
660.98283	0.08427
661.22389	0.08446
661.46495	0.08472
661.70601	0.08499
661.94707	0.08524
662.18812	0.08543
662.42918	0.08554
662.67024	0.08555
662.91130	0.08546
663.15236	0.08528
663.39342	0.08500
663.63448	0.08463
663.87554	0.08418
664.11659	0.08366
664.35765	0.08307
664.59871	0.08241
664.83977	0.08170
665.08083	0.08093
665.32189	0.08013
665.56295	0.07929
665.80400	0.07843
666.04506	0.07754
666.28612	0.07664
666.52718	0.07573
666.76824	0.07480
667.00930	0.07387
667.25036	0.07292
667.49142	0.07197
667.73247	0.07100
667.97353	0.07002
668.21459	0.06902
668.45565	0.06801
668.69671	0.06700
668.93777	0.06597
669.17883	0.06494
669.41988	0.06391
669.66094	0.06288
669.90200	0.06186
670.14306	0.06084
670.38412	0.05983
670.62518	0.05883
670.86624	0.05785
671.10729	0.05688
671.34835	0.05592
671.58941	0.05498
671.83047	0.05405
672.07153	0.05315
672.31259	0.05226
672.55365	0.05138
672.79471	0.05053
673.03576	0.04968
673.27682	0.04884
673.51788	0.04801
673.75894	0.04717
674.00000	0.04633
674.24106	0.04548
674.48212	0.04462
674.72317	0.04376
674.96423	0.04288
675.20529	0.04200
675.44635	0.04111
675.68741	0.04023
675.92847	0.03936
676.16953	0.03849
676.41059	0.03764
676.65164	0.03680
676.89270	0.03597
677.13376	0.03516
677.37482	0.03435
677.61588	0.03356
677.85694	0.03279
678.09800	0.03202
678.33905	0.03127
678.58011	0.03052
678.82117	0.02979
679.06223	0.02908
679.30329	0.02837
679.54435	0.02768
679.78541	0.02700
680.02647	0.02634
680.26752	0.02569
680.50858	0.02506
680.74964	0.02444
680.99070	0.02384
681.23176	0.02325
681.47282	0.02267
681.71388	0.02211
681.95493	0.02156
682.19599	0.02103
682.43705	0.02051
682.67811	0.02001
682.91917	0.01952
683.16023	0.01905
683.40129	0.01859
683.64234	0.01816
683.88340	0.01773
684.12446	0.01732
684.36552	0.01692
684.60658	0.01652
684.84764	0.01614
685.08870	0.01577
685.32976	0.01540
685.57081	0.01504
685.81187	0.01470
686.05293	0.01437
686.29399	0.01406
686.53505	0.01376
686.77611	0.01347
687.01717	0.01320
687.25822	0.01294
687.49928	0.01270
687.74034	0.01245
687.98140	0.01222
688.22246	0.01199
688.46352	0.01177
688.70458	0.01155
688.94564	0.01135
689.18669	0.01116
689.42775	0.01098
689.66881	0.01081
689.90987	0.01064
690.15093	0.01049
690.39199	0.01033
690.63305	0.01018
690.87410	0.01003
691.11516	0.00988
691.35622	0.00972
691.59728	0.00957
691.83834	0.00941
692.07940	0.00926
692.32046	0.00911
692.56152	0.00896
692.80257	0.00882
693.04363	0.00869
693.28469	0.00855
693.52575	0.00842
693.76681	0.00829
694.00787	0.00816
694.24893	0.00802
694.48998	0.00788
694.73104	0.00772
694.97210	0.00756
695.21316	0.00738
695.45422	0.00720
695.69528	0.00700
695.93634	0.00679
696.17740	0.00657
696.41845	0.00635
696.65951	0.00611
696.90057	0.00588
697.14163	0.00565
697.38269	0.00541
697.62375	0.00519
697.86481	0.00497
698.10586	0.00475
698.34692	0.00455
698.58798	0.00435
698.82904	0.00416
699.07010	0.00398
699.31116	0.00382
699.55222	0.00366
699.79327	0.00351
700.03433	0.00337
700.27539	0.00325
700.51645	0.00314
700.75751	0.00303
700.99857	0.00294
701.23963	0.00286
701.48069	0.00279
701.72174	0.00271
701.96280	0.00264
702.20386	0.00257
702.44492	0.00250
702.68598	0.00243
702.92704	0.00236
703.16810	0.00230
703.40915	0.00225
703.65021	0.00221
703.89127	0.00217
704.13233	0.00214
704.37339	0.00212
704.61445	0.00210
704.85551	0.00209
705.09657	0.00208
705.33762	0.00206
705.57868	0.00205
705.81974	0.00203
706.06080	0.00201
706.30186	0.00200
706.54292	0.00198
706.78398	0.00197
707.02503	0.00197
707.26609	0.00197
707.50715	0.00197
707.74821	0.00198
707.98927	0.00199
708.23033	0.00200
708.47139	0.00200
708.71245	0.00199
708.95350	0.00197
709.19456	0.00195
709.43562	0.00192
709.67668	0.00189
709.91774	0.00185
710.15880	0.00182
710.39986	0.00180
710.64091	0.00179
710.88197	0.00179
711.12303	0.00180
711.36409	0.00181
711.60515	0.00183
711.84621	0.00185
712.08727	0.00188
712.32832	0.00189
712.56938	0.00191
712.81044	0.00192
713.05150	0.00192
713.29256	0.00192
713.53362	0.00191
713.77468	0.00190
714.01574	0.00189
714.25679	0.00188
714.49785	0.00187
714.73891	0.00186
714.97997	0.00185
715.22103	0.00185
715.46209	0.00184
715.70315	0.00184
715.94420	0.00183
716.18526	0.00182
716.42632	0.00180
716.66738	0.00179
716.90844	0.00177
717.14950	0.00174
717.39056	0.00172
717.63162	0.00169
717.87267	0.00167
718.11373	0.00165
718.35479	0.00164
718.59585	0.00163
718.83691	0.00163
719.07797	0.00164
719.31903	0.00165
719.56008	0.00167
719.80114	0.00170
720.04220	0.00173
720.28326	0.00175
720.52432	0.00177
720.76538	0.00179
721.00644	0.00181
721.24750	0.00181
721.48855	0.00181
721.72961	0.00180
721.97067	0.00179
722.21173	0.00177
722.45279	0.00175
722.69385	0.00172
722.93491	0.00169
723.17596	0.00167
723.41702	0.00164
723.65808	0.00162
723.89914	0.00160
724.14020	0.00159
724.38126	0.00159
724.62232	0.00159
724.86337	0.00159
725.10443	0.00161
725.34549	0.00162
725.58655	0.00164
725.82761	0.00167
726.06867	0.00169
726.30973	0.00171
726.55079	0.00173
726.79184	0.00175
727.03290	0.00177
727.27396	0.00178
727.51502	0.00178
727.75608	0.00178
727.99714	0.00178
728.23820	0.00177
728.47925	0.00175
728.72031	0.00174
728.96137	0.00172
729.20243	0.00171
729.44349	0.00170
729.68455	0.00169
729.92561	0.00169
730.16667	0.00169
730.40772	0.00169
730.64878	0.00169
730.88984	0.00169
731.13090	0.00168
731.37196	0.00168
731.61302	0.00167
731.85408	0.00167
732.09513	0.00166
732.33619	0.00166
732.57725	0.00167
732.81831	0.00168
733.05937	0.00169
733.30043	0.00171
733.54149	0.00172
733.78255	0.00173
734.02360	0.00174
734.26466	0.00174
734.50572	0.00174
734.74678	0.00173
734.98784	0.00172
735.22890	0.00171
735.46996	0.00169
735.71101	0.00168
735.95207	0.00166
736.19313	0.00165
736.43419	0.00163
736.67525	0.00162
736.91631	0.00161
737.15737	0.00161
737.39842	0.00160
737.63948	0.00160
737.88054	0.00160
738.12160	0.00160
738.36266	0.00160
738.60372	0.00160
738.84478	0.00160
739.08584	0.00160
739.32689	0.00159
739.56795	0.00158
739.80901	0.00158
740.05007	0.00157
740.29113	0.00157
740.53219	0.00156
740.77325	0.00156
741.01430	0.00156
741.25536	0.00156
741.49642	0.00155
741.73748	0.00155
741.97854	0.00154
742.21960	0.00152
742.46066	0.00151
742.70172	0.00149
742.94277	0.00147
743.18383	0.00146
743.42489	0.00144
743.66595	0.00143
743.90701	0.00143
744.14807	0.00144
744.38913	0.00146
744.63018	0.00148
744.87124	0.00152
745.11230	0.00157
745.35336	0.00162
745.59442	0.00168
745.83548	0.00173
746.07654	0.00178
746.31760	0.00182
746.55865	0.00185
746.79971	0.00188
747.04077	0.00190
747.28183	0.00192
747.52289	0.00194
747.76395	0.00196
748.00501	0.00199
748.24606	0.00202
748.48712	0.00206
748.72818	0.00211
748.96924	0.00215
749.21030	0.00220
749.45136	0.00224
749.69242	0.00228
749.93348	0.00232
750.17453	0.00236
750.41559	0.00240
750.65665	0.00244
750.89771	0.00249
751.13877	0.00254
751.37983	0.00261
751.62089	0.00268
751.86194	0.00276
752.10300	0.00285
752.34406	0.00295
752.58512	0.00305
752.82618	0.00314
753.06724	0.00324
753.30830	0.00333
753.54935	0.00342
753.79041	0.00351
754.03147	0.00359
754.27253	0.00367
754.51359	0.00376
754.75465	0.00384
754.99571	0.00392
755.23677	0.00401
755.47782	0.00410
755.71888	0.00419
755.95994	0.00428
756.20100	0.00438
756.44206	0.00448
756.68312	0.00458
756.92418	0.00469
757.16523	0.00480
757.40629	0.00492
757.64735	0.00504
757.88841	0.00517
758.12947	0.00530
758.37053	0.00542
758.61159	0.00555
758.85265	0.00567
759.09370	0.00579
759.33476	0.00591
759.57582	0.00603
759.81688	0.00615
760.05794	0.00626
760.29900	0.00636
760.54006	0.00646
760.78111	0.00656
761.02217	0.00665
761.26323	0.00673
761.50429	0.00681
761.74535	0.00688
761.98641	0.00695
762.22747	0.00702
762.46853	0.00709
762.70958	0.00716
762.95064	0.00723
763.19170	0.00729
763.43276	0.00736
763.67382	0.00742
763.91488	0.00748
764.15594	0.00754
764.39699	0.00760
764.63805	0.00766
764.87911	0.00771
765.12017	0.00777
765.36123	0.00783
765.60229	0.00788
765.84335	0.00794
766.08440	0.00799
766.32546	0.00804
766.56652	0.00809
766.80758	0.00814
767.04864	0.00819
767.28970	0.00823
767.53076	0.00828
767.77182	0.00832
768.01287	0.00836
768.25393	0.00840
768.49499	0.00843
768.73605	0.00847
768.97711	0.00850
769.21817	0.00853
769.45923	0.00856
769.70028	0.00859
769.94134	0.00862
770.18240	0.00865
770.42346	0.00868
770.66452	0.00872
770.90558	0.00876
771.14664	0.00881
771.38770	0.00886
771.62875	0.00892
771.86981	0.00899
772.11087	0.00906
772.35193	0.00913
772.59299	0.00921
772.83405	0.00930
773.07511	0.00939
773.31616	0.00950
773.55722	0.00962
773.79828	0.00975
774.03934	0.00989
774.28040	0.01005
774.52146	0.01021
774.76252	0.01039
775.00358	0.01056
775.24463	0.01074
775.48569	0.01091
775.72675	0.01107
775.96781	0.01122
776.20887	0.01135
776.44993	0.01147
776.69099	0.01157
776.93204	0.01167
777.17310	0.01176
777.41416	0.01184
777.65522	0.01193
777.89628	0.01202
778.13734	0.01211
778.37840	0.01221
778.61945	0.01232
778.86051	0.01243
779.10157	0.01254
779.34263	0.01265
779.58369	0.01276
779.82475	0.01287
780.06581	0.01298
780.30687	0.01308
780.54792	0.01317
780.78898	0.01326
781.03004	0.01334
781.27110	0.01342
781.51216	0.01349
781.75322	0.01357
781.99428	0.01364
782.23533	0.01372
782.47639	0.01379
782.71745	0.01387
782.95851	0.01395
783.19957	0.01403
783.44063	0.01410
783.68169	0.01417
783.92275	0.01423
784.16380	0.01429
784.40486	0.01433
784.64592	0.01435
784.88698	0.01436
785.12804	0.01436
785.36910	0.01434
785.61016	0.01430
785.85121	0.01425
786.09227	0.01419
786.33333	0.01412
786.57439	0.01405
786.81545	0.01397
787.05651	0.01390
787.29757	0.01382
787.53863	0.01373
787.77968	0.01364
788.02074	0.01353
788.26180	0.01341
788.50286	0.01327
788.74392	0.01311
788.98498	0.01295
789.22604	0.01277
789.46709	0.01259
789.70815	0.01241
789.94921	0.01224
790.19027	0.01207
790.43133	0.01191
790.67239	0.01176
790.91345	0.01163
791.15451	0.01149
791.39556	0.01137
791.63662	0.01125
791.87768	0.01113
792.11874	0.01101
792.35980	0.01090
792.60086	0.01079
792.84192	0.01069
793.08297	0.01059
793.32403	0.01050
793.56509	0.01042
793.80615	0.01035
794.04721	0.01031
794.28827	0.01027
794.52933	0.01026
794.77038	0.01025
795.01144	0.01026
795.25250	0.01028
795.49356	0.01030
795.73462	0.01032
795.97568	0.01033
796.21674	0.01033
796.45780	0.01032
796.69885	0.01031
796.93991	0.01028
797.18097	0.01025
797.42203	0.01022
797.66309	0.01019
797.90415	0.01016
798.14521	0.01015
798.38626	0.01014
798.62732	0.01013
798.86838	0.01014
799.10944	0.01015
799.35050	0.01016
799.59156	0.01017
799.83262	0.01019
800.07368	0.01019
800.31473	0.01019
800.55579	0.01018
800.79685	0.01016
801.03791	0.01014
801.27897	0.01011
801.52003	0.01007
801.76109	0.01003
802.00214	0.00999
802.24320	0.00996
802.48426	0.00993
802.72532	0.00991
802.96638	0.00989
803.20744	0.00988
803.44850	0.00987
803.68956	0.00986
803.93061	0.00984
804.17167	0.00980
804.41273	0.00975
804.65379	0.00967
804.89485	0.00958
805.13591	0.00948
805.37697	0.00936
805.61802	0.00923
805.85908	0.00910
806.10014	0.00896
806.34120	0.00883
806.58226	0.00871
806.82332	0.00858
807.06438	0.00847
807.30543	0.00837
807.54649	0.00827
807.78755	0.00819
808.02861	0.00813
808.26967	0.00808
808.51073	0.00805
808.75179	0.00804
808.99285	0.00805
809.23390	0.00809
809.47496	0.00814
809.71602	0.00822
809.95708	0.00833
810.19814	0.00845
810.43920	0.00859
810.68026	0.00874
810.92131	0.00891
811.16237	0.00910
811.40343	0.00929
811.64449	0.00949
811.88555	0.00969
812.12661	0.00990
812.36767	0.01010
812.60873	0.01030
812.84978	0.01049
813.09084	0.01067
813.33190	0.01084
813.57296	0.01100
813.81402	0.01114
814.05508	0.01127
814.29614	0.01138
814.53719	0.01149
814.77825	0.01158
815.01931	0.01167
815.26037	0.01174
815.50143	0.01181
815.74249	0.01187
815.98355	0.01193
816.22461	0.01198
816.46566	0.01201
816.70672	0.01205
816.94778	0.01207
817.18884	0.01208
817.42990	0.01210
817.67096	0.01211
817.91202	0.01212
818.15307	0.01213
818.39413	0.01215
818.63519	0.01217
818.87625	0.01220
819.11731	0.01222
819.35837	0.01225
819.59943	0.01226
819.84048	0.01227
820.08154	0.01227
820.32260	0.01225
820.56366	0.01222
820.80472	0.01218
821.04578	0.01212
821.28684	0.01206
821.52790	0.01200
821.76895	0.01193
822.01001	0.01187
822.25107	0.01182
822.49213	0.01177
822.73319	0.01173
822.97425	0.01170
823.21531	0.01168
823.45636	0.01166
823.69742	0.01163
823.93848	0.01161
824.17954	0.01157
824.42060	0.01153
824.66166	0.01148
824.90272	0.01142
825.14378	0.01136
825.38483	0.01128
825.62589	0.01120
825.86695	0.01112
826.10801	0.01103
826.34907	0.01094
826.59013	0.01085
826.83119	0.01075
827.07224	0.01065
827.31330	0.01055
827.55436	0.01045
827.79542	0.01035
828.03648	0.01025
828.27754	0.01016
828.51860	0.01007
828.75966	0.00998
829.00071	0.00989
829.24177	0.00981
829.48283	0.00972
829.72389	0.00963
829.96495	0.00954
830.20601	0.00944
830.44707	0.00933
830.68812	0.00922
830.92918	0.00910
831.17024	0.00898
831.41130	0.00886
831.65236	0.00873
831.89342	0.00860
832.13448	0.00846
832.37553	0.00833
832.61659	0.00818
832.85765	0.00803
833.09871	0.00787
833.33977	0.00770
833.58083	0.00752
833.82189	0.00733
834.06295	0.00713
834.30400	0.00692
834.54506	0.00670
834.78612	0.00647
835.02718	0.00622
835.26824	0.00596
835.50930	0.00569
835.75036	0.00541
835.99141	0.00511
836.23247	0.00481
836.47353	0.00449
836.71459	0.00418
836.95565	0.00386
837.19671	0.00355
837.43777	0.00325
837.67883	0.00296
837.91988	0.00269
838.16094	0.00244
838.40200	0.00221
838.64306	0.00201
838.88412	0.00184
839.12518	0.00170
839.36624	0.00158
839.60729	0.00149
839.84835	0.00142
840.08941	0.00137
840.33047	0.00134
840.57153	0.00133
840.81259	0.00133
841.05365	0.00133
841.29471	0.00135
841.53576	0.00138
841.77682	0.00142
842.01788	0.00146
842.25894	0.00151
842.50000	0.00157
842.74106	0.00163
842.98212	0.00170
843.22317	0.00176
843.46423	0.00184
843.70529	0.00191
843.94635	0.00199
844.18741	0.00207
844.42847	0.00216
844.66953	0.00224
844.91059	0.00233
845.15164	0.00241
845.39270	0.00249
845.63376	0.00256
845.87482	0.00263
846.11588	0.00269
846.35694	0.00274
846.59800	0.00279
846.83905	0.00282
847.08011	0.00286
847.32117	0.00288
847.56223	0.00290
847.80329	0.00292
848.04435	0.00294
848.28541	0.00296
848.52646	0.00298
848.76752	0.00300
849.00858	0.00302
849.24964	0.00304
849.49070	0.00307
849.73176	0.00310
849.97282	0.00314
850.21388	0.00317
850.45493	0.00322
850.69599	0.00326
850.93705	0.00331
851.17811	0.00337
851.41917	0.00342
851.66023	0.00349
851.90129	0.00355
852.14234	0.00362
852.38340	0.00369
852.62446	0.00375
852.86552	0.00381
853.10658	0.00385
853.34764	0.00389
853.58870	0.00393
853.82976	0.00395
854.07081	0.00398
854.31187	0.00400
854.55293	0.00402
854.79399	0.00405
855.03505	0.00409
855.27611	0.00413
855.51717	0.00417
855.75822	0.00422
855.99928	0.00426
856.24034	0.00430
856.48140	0.00434
856.72246	0.00438
856.96352	0.00441
857.20458	0.00443
857.44564	0.00446
857.68669	0.00448
857.92775	0.00450
858.16881	0.00451
858.40987	0.00453
858.65093	0.00453
858.89199	0.00454
859.13305	0.00454
859.37410	0.00454
859.61516	0.00453
859.85622	0.00452
860.09728	0.00451
860.33834	0.00450
860.57940	0.00450
860.82046	0.00450
861.06151	0.00450
861.30257	0.00450
861.54363	0.00450
861.78469	0.00450
862.02575	0.00450
862.26681	0.00449
862.50787	0.00448
862.74893	0.00446
862.98998	0.00443
863.23104	0.00440
863.47210	0.00437
863.71316	0.00433
863.95422	0.00429
864.19528	0.00424
864.43634	0.00419
864.67739	0.00413
864.91845	0.00408
865.15951	0.00402
865.40057	0.00397
865.64163	0.00391
865.88269	0.00387
866.12375	0.00382
866.36481	0.00378
866.60586	0.00374
866.84692	0.00370
867.08798	0.00366
867.32904	0.00361
867.57010	0.00356
867.81116	0.00349
868.05222	0.00342
868.29327	0.00335
868.53433	0.00327
868.77539	0.00319
869.01645	0.00311
869.25751	0.00303
869.49857	0.00295
869.73963	0.00288
869.98069	0.00282
870.22174	0.00276
870.46280	0.00272
870.70386	0.00268
870.94492	0.00266
871.18598	0.00265
871.42704	0.00265
871.66810	0.00267
871.90915	0.00270
872.15021	0.00274
872.39127	0.00279
872.63233	0.00286
872.87339	0.00293
873.11445	0.00301
873.35551	0.00309
873.59656	0.00318
873.83762	0.00326
874.07868	0.00334
874.31974	0.00342
874.56080	0.00349
874.80186	0.00355
875.04292	0.00361
875.28398	0.00366
875.52503	0.00369
875.76609	0.00371
876.00715	0.00372
876.24821	0.00372
876.48927	0.00371
876.73033	0.00369
876.97139	0.00367
877.21244	0.00364
877.45350	0.00362
877.69456	0.00359
877.93562	0.00357
878.17668	0.00354
878.41774	0.00351
878.65880	0.00349
878.89986	0.00345
879.14091	0.00342
879.38197	0.00338
879.62303	0.00333
879.86409	0.00328
880.10515	0.00323
880.34621	0.00318
880.58727	0.00313
880.82832	0.00308
881.06938	0.00302
881.31044	0.00297
881.55150	0.00293
881.79256	0.00288
882.03362	0.00283
882.27468	0.00278
882.51574	0.00273
882.75679	0.00268
882.99785	0.00263
883.23891	0.00258
883.47997	0.00252
883.72103	0.00247
883.96209	0.00241
884.20315	0.00235
884.44420	0.00229
884.68526	0.00223
884.92632	0.00217
885.16738	0.00211
885.40844	0.00204
885.64950	0.00198
885.89056	0.00192
886.13161	0.00186
886.37267	0.00180
886.61373	0.00175
886.85479	0.00169
887.09585	0.00164
887.33691	0.00159
887.57797	0.00154
887.81903	0.00149
888.06008	0.00144
888.30114	0.00139
888.54220	0.00135
888.78326	0.00131
889.02432	0.00127
889.26538	0.00124
889.50644	0.00121
889.74749	0.00118
889.98855	0.00117
890.22961	0.00116
890.47067	0.00116
890.71173	0.00116
890.95279	0.00117
891.19385	0.00119
891.43491	0.00120
891.67596	0.00122
891.91702	0.00123
892.15808	0.00124
892.39914	0.00123
892.64020	0.00122
892.88126	0.00120
893.12232	0.00117
893.36337	0.00112
893.60443	0.00107
893.84549	0.00101
894.08655	0.00095
894.32761	0.00089
894.56867	0.00083
894.80973	0.00077
895.05079	0.00071
895.29184	0.00066
895.53290	0.00061
895.77396	0.00057
896.01502	0.00054
896.25608	0.00052
896.49714	0.00050
896.73820	0.00050
896.97925	0.00050
897.22031	0.00052
897.46137	0.00053
897.70243	0.00055
897.94349	0.00057
898.18455	0.00058
898.42561	0.00059
898.66667	0.00058
898.90772	0.00058
899.14878	0.00058
899.38984	0.00058
899.63090	0.00058
