0.00000	0.13245
0.24106	0.13507
0.48212	0.14204
0.72318	0.15089
0.96423	0.15836
1.20529	0.16125
1.44635	0.15736
1.68741	0.14600
1.92847	0.12817
2.16953	0.10617
2.41059	0.08308
2.65165	0.06152
2.89270	0.04347
3.13376	0.02993
3.37482	0.02089
3.61588	0.01562
3.85694	0.01300
4.09800	0.01145
4.33906	0.01058
4.58011	0.01003
4.82117	0.00967
5.06223	0.00957
5.30329	0.00980
5.54435	0.01040
5.78541	0.01128
6.02647	0.01227
6.26753	0.01320
6.50858	0.01390
6.74964	0.01433
6.99070	0.01451
7.23176	0.01450
7.47282	0.01439
7.71388	0.01426
7.95494	0.01413
8.19599	0.01396
8.43705	0.01374
8.67811	0.01343
8.91917	0.01305
9.16023	0.01264
9.40129	0.01227
9.64235	0.01201
9.88340	0.01187
10.12446	0.01184
10.36552	0.01189
10.60658	0.01197
10.84764	0.01204
11.08870	0.01210
11.32976	0.01219
11.57082	0.01233
11.81187	0.01256
12.05293	0.01285
12.29399	0.01317
12.53505	0.01346
12.77611	0.01363
13.01717	0.01366
13.25823	0.01355
13.49928	0.01334
13.74034	0.01311
13.98140	0.01293
14.22246	0.01285
14.46352	0.01288
14.70458	0.01298
14.94564	0.01309
15.18670	0.01316
15.42775	0.01315
15.66881	0.01306
15.90987	0.01290
16.15093	0.01271
16.39199	0.01251
16.63305	0.01231
16.87411	0.01207
17.11516	0.01176
17.35622	0.01135
17.59728	0.01083
17.83834	0.01021
18.07940	0.00953
18.32046	0.00884
18.56152	0.00817
18.80258	0.00754
19.04363	0.00694
19.28469	0.00636
19.52575	0.00548
19.76681	0.00445
20.00787	0.00340
20.24893	0.00248
20.48999	0.00180
20.73104	0.00149
20.97210	0.00160
21.21316	0.00211
21.45422	0.00313
21.69528	0.00439
21.93634	0.00586
22.17740	0.00749
22.41845	0.00923
22.65951	0.01099
22.90057	0.01272
23.14163	0.01438
23.38269	0.01596
23.62375	0.01746
23.86481	0.01894
24.10587	0.02043
24.34692	0.02196
24.58798	0.02353
24.82904	0.02513
25.07010	0.02675
25.31116	0.02838
25.55222	0.03001
25.79328	0.03164
26.03433	0.03328
26.27539	0.03491
26.51645	0.03656
26.75751	0.03822
26.99857	0.03991
27.23963	0.04164
27.48069	0.04347
27.72175	0.04548
27.96280	0.04773
28.20386	0.05031
28.44492	0.05326
28.68598	0.05659
28.92704	0.06027
29.16810	0.06425
29.40916	0.06849
29.65021	0.07294
29.89127	0.07755
30.13233	0.08230
30.37339	0.08715
30.61445	0.09204
30.85551	0.09688
31.09657	0.10157
31.33763	0.10597
31.57868	0.10997
31.81974	0.11348
32.06080	0.11647
32.30186	0.11899
32.54292	0.12115
32.78398	0.12308
33.02504	0.12499
33.26609	0.12705
33.50715	0.12945
33.74821	0.13234
33.98927	0.13587
34.23033	0.14013
34.47139	0.14516
34.71245	0.15096
34.95350	0.15749
35.19456	0.16463
35.43562	0.17225
35.67668	0.18024
35.91774	0.18855
36.15880	0.19720
36.39986	0.20638
36.64092	0.21634
36.88197	0.22741
37.12303	0.23991
37.36409	0.25405
37.60515	0.26983
37.84621	0.28701
38.08727	0.30507
38.32833	0.32329
38.56938	0.34078
38.81044	0.35669
39.05150	0.37024
39.29256	0.38092
39.53362	0.38851
39.77468	0.39317
40.01574	0.39534
40.25680	0.39574
40.49785	0.39520
40.73891	0.39458
40.97997	0.39464
41.22103	0.39595
41.46209	0.39884
41.70315	0.40341
41.94421	0.40952
42.18526	0.41693
42.42632	0.42535
42.66738	0.43452
42.90844	0.44430
43.14950	0.45467
43.39056	0.46570
43.63162	0.47752
43.87268	0.49017
44.11373	0.50361
44.35479	0.51758
44.59585	0.53163
44.83691	0.54515
45.07797	0.55743
45.31903	0.56779
45.56009	0.57569
45.80114	0.58080
46.04220	0.58314
46.28326	0.58302
46.52432	0.58107
46.76538	0.57814
47.00644	0.57522
47.24750	0.57330
47.48855	0.57330
47.72961	0.57590
47.97067	0.58157
48.21173	0.59049
48.45279	0.60261
48.69385	0.61771
48.93491	0.63551
49.17597	0.65579
49.41702	0.67846
49.65808	0.70357
49.89914	0.73137
50.14020	0.76214
50.38126	0.79612
50.62232	0.83331
50.86338	0.87339
51.10443	0.91558
51.34549	0.95869
51.58655	1.00123
51.82761	1.04155
52.06867	1.07809
52.30973	1.10962
52.55079	1.13538
52.79185	1.15522
53.03290	1.16958
53.27396	1.17933
53.51502	1.18568
53.75608	1.18986
53.99714	1.19297
54.23820	1.19582
54.47926	1.19889
54.72031	1.20230
54.96137	1.20597
55.20243	1.20980
55.44349	1.21380
55.68455	1.21831
55.92561	1.22401
56.16667	1.23198
56.40773	1.24351
56.64878	1.25996
56.88984	1.28244
57.13090	1.31159
57.37196	1.34738
57.61302	1.38894
57.85408	1.43466
58.09514	1.48229
58.33619	1.52927
58.57725	1.57306
58.81831	1.61147
59.05937	1.64298
59.30043	1.66687
59.54149	1.68327
59.78255	1.69300
60.02361	1.69736
60.26466	1.69778
60.50572	1.69557
60.74678	1.69162
60.98784	1.68637
61.22890	1.67979
61.46996	1.67150
61.71102	1.66110
61.95207	1.64831
62.19313	1.63333
62.43419	1.61692
62.67525	1.60043
62.91631	1.58569
63.15737	1.57480
63.39843	1.56976
63.63948	1.57218
63.88054	1.58300
64.12160	1.60225
64.36266	1.62904
64.60372	1.66166
64.84478	1.69780
65.08584	1.73493
65.32690	1.77061
65.56795	1.80281
65.80901	1.83012
66.05007	1.85185
66.29113	1.86791
66.53219	1.87863
66.77325	1.88447
67.01431	1.88583
67.25536	1.88277
67.49642	1.87503
67.73748	1.86202
67.97854	1.84300
68.21960	1.81737
68.46066	1.78486
68.70172	1.74579
68.94278	1.70115
69.18383	1.65255
69.42489	1.60212
69.66595	1.55221
69.90701	1.50515
70.14807	1.46292
70.38913	1.42696
70.63019	1.39799
70.87124	1.37612
71.11230	1.36089
71.35336	1.35150
71.59442	1.34709
71.83548	1.34690
72.07654	1.35047
72.31760	1.35771
72.55866	1.36881
72.79971	1.38414
73.04077	1.40399
73.28183	1.42833
73.52289	1.45663
73.76395	1.48775
74.00501	1.51993
74.24607	1.55092
74.48712	1.57822
74.72818	1.59941
74.96924	1.61249
75.21030	1.61618
75.45136	1.61014
75.69242	1.59500
75.93348	1.57235
76.17453	1.54453
76.41559	1.51430
76.65665	1.48458
76.89771	1.45805
77.13877	1.43692
77.37983	1.42273
77.62089	1.41635
77.86195	1.41796
78.10300	1.42724
78.34406	1.44354
78.58512	1.46610
78.82618	1.49419
79.06724	1.52726
79.30830	1.56489
79.54936	1.60677
79.79041	1.65250
80.03147	1.70148
80.27253	1.75269
80.51359	1.80470
80.75465	1.85558
80.99571	1.90314
81.23677	1.94509
81.47783	1.97940
81.71888	2.00457
81.95994	2.01986
82.20100	2.02549
82.44206	2.02257
82.68312	2.01296
82.92418	1.99900
83.16524	1.98314
83.40629	1.96758
83.64735	1.95399
83.88841	1.94334
84.12947	1.93591
84.37053	1.93141
84.61159	1.92927
84.85265	1.92892
85.09371	1.93012
85.33476	1.93312
85.57582	1.93875
85.81688	1.94827
86.05794	1.96314
86.29900	1.98467
86.54006	2.01363
86.78112	2.04994
87.02217	2.09250
87.26323	2.13918
87.50429	2.18705
87.74535	2.23270
87.98641	2.27279
88.22747	2.30451
88.46853	2.32600
88.70958	2.33658
88.95064	2.33685
89.19170	2.32845
89.43276	2.31375
89.67382	2.29533
89.91488	2.27556
90.15594	2.25620
90.39700	2.23817
90.63805	2.22154
90.87911	2.20573
91.12017	2.18987
91.36123	2.17316
91.60229	2.15526
91.84335	2.13656
92.08441	2.11826
92.32546	2.10224
92.56652	2.09072
92.80758	2.08591
93.04864	2.08951
93.28970	2.10235
93.53076	2.12415
93.77182	2.15349
94.01288	2.18798
94.25393	2.22463
94.49499	2.26027
94.73605	2.29211
94.97711	2.31804
95.21817	2.33700
95.45923	2.34892
95.70029	2.35466
95.94134	2.35568
96.18240	2.35360
96.42346	2.34988
96.66452	2.34539
96.90558	2.34032
97.14664	2.33418
97.38770	2.32592
97.62876	2.31434
97.86981	2.29842
98.11087	2.27771
98.35193	2.25253
98.59299	2.22414
98.83405	2.19459
99.07511	2.16650
99.31617	2.14263
99.55722	2.12549
99.79828	2.11693
100.03934	2.11786
100.28040	2.12812
100.52146	2.14656
100.76252	2.17127
101.00358	2.19994
101.24464	2.23024
101.48569	2.26020
101.72675	2.28847
101.96781	2.31440
102.20887	2.33803
102.44993	2.35979
102.69099	2.38028
102.93205	2.39988
103.17310	2.41853
103.41416	2.43557
103.65522	2.44976
103.89628	2.45950
104.13734	2.46311
104.37840	2.45926
104.61946	2.44726
104.86051	2.42734
105.10157	2.40075
105.34263	2.36962
105.58369	2.33671
105.82475	2.30501
106.06581	2.27727
106.30687	2.25568
106.54793	2.24149
106.78898	2.23502
107.03004	2.23565
107.27110	2.24215
107.51216	2.25301
107.75322	2.26682
107.99428	2.28266
108.23534	2.30023
108.47639	2.31993
108.71745	2.34266
108.95851	2.36955
109.19957	2.40153
109.44063	2.43898
109.68169	2.48141
109.92275	2.52734
110.16381	2.57437
110.40486	2.61951
110.64592	2.65954
110.88698	2.69152
111.12804	2.71332
111.36910	2.72388
111.61016	2.72342
111.85122	2.71338
112.09227	2.69614
112.33333	2.67458
112.57439	2.65163
112.81545	2.62982
113.05651	2.61092
113.29757	2.59582
113.53863	2.58456
113.77969	2.57655
114.02074	2.57094
114.26180	2.56697
114.50286	2.56435
114.74392	2.56340
114.98498	2.56518
115.22604	2.57122
115.46710	2.58334
115.70815	2.60312
115.94921	2.63156
116.19027	2.66868
116.43133	2.71339
116.67239	2.76343
116.91345	2.81569
117.15451	2.86654
117.39556	2.91237
117.63662	2.95015
117.87768	2.97784
118.11874	2.99465
118.35980	3.00107
118.60086	2.99872
118.84192	2.98991
119.08298	2.97717
119.32403	2.96279
119.56509	2.94839
119.80615	2.93476
120.04721	2.92179
120.28827	2.90877
120.52933	2.89470
120.77039	2.87879
121.01144	2.86079
121.25250	2.84132
121.49356	2.82192
121.73462	2.80490
121.97568	2.79299
122.21674	2.78892
122.45780	2.79485
122.69886	2.81198
122.93991	2.84029
123.18097	2.87845
123.42203	2.92405
123.66309	2.97395
123.90415	3.02481
124.14521	3.07357
124.38627	3.11792
124.62732	3.15653
124.86838	3.18914
125.10944	3.21632
125.35050	3.23920
125.59156	3.25895
125.83262	3.27642
126.07368	3.29184
126.31474	3.30464
126.55579	3.31359
126.79685	3.31707
127.03791	3.31351
127.27897	3.30179
127.52003	3.28168
127.76109	3.25402
128.00215	3.22081
128.24320	3.18496
128.48426	3.14991
128.72532	3.11919
128.96638	3.09583
129.20744	3.08195
129.44850	3.07844
129.68956	3.08493
129.93061	3.09987
130.17167	3.12089
130.41273	3.14522
130.65379	3.17020
130.89485	3.19369
131.13591	3.21436
131.37697	3.23177
131.61803	3.24630
131.85908	3.25886
132.10014	3.27048
132.34120	3.28191
132.58226	3.29329
132.82332	3.30397
133.06438	3.31247
133.30544	3.31674
133.54649	3.31454
133.78755	3.30388
134.02861	3.28348
134.26967	3.25312
134.51073	3.21379
134.75179	3.16766
134.99285	3.11775
135.23391	3.06753
135.47496	3.02035
135.71602	2.97896
135.95708	2.94517
136.19814	2.91964
136.43920	2.90193
136.68026	2.89072
136.92132	2.88423
137.16237	2.88065
137.40343	2.87854
137.64449	2.87712
137.88555	2.87634
138.12661	2.87682
138.36767	2.87955
138.60873	2.88553
138.84979	2.89536
139.09084	2.90895
139.33190	2.92533
139.57296	2.94268
139.81402	2.95854
140.05508	2.97023
140.29614	2.97522
140.53720	2.97163
140.77825	2.95855
141.01931	2.93618
141.26037	2.90579
141.50143	2.86953
141.74249	2.83001
141.98355	2.78990
142.22461	2.75147
142.46566	2.71632
142.70672	2.68524
142.94778	2.65818
143.18884	2.63452
143.42990	2.61337
143.67096	2.59385
143.91202	2.57548
144.15308	2.55831
144.39413	2.54301
144.63519	2.53071
144.87625	2.52277
145.11731	2.52043
145.35837	2.52449
145.59943	2.53500
145.84049	2.55114
146.08154	2.57125
146.32260	2.59301
146.56366	2.61374
146.80472	2.63087
147.04578	2.64223
147.28684	2.64647
147.52790	2.64315
147.76896	2.63277
148.01001	2.61663
148.25107	2.59647
148.49213	2.57417
148.73319	2.55135
148.97425	2.52909
149.21531	2.50785
149.45637	2.48741
149.69742	2.46709
149.93848	2.44603
150.17954	2.42346
150.42060	2.39901
150.66166	2.37293
150.90272	2.34608
151.14378	2.31988
151.38484	2.29605
151.62589	2.27630
151.86695	2.26200
152.10801	2.25389
152.34907	2.25190
152.59013	2.25515
152.83119	2.26207
153.07225	2.27067
153.31330	2.27886
153.55436	2.28483
153.79542	2.28731
154.03648	2.28570
154.27754	2.28015
154.51860	2.27139
154.75966	2.26050
155.00072	2.24861
155.24177	2.23663
155.48283	2.22500
155.72389	2.21364
155.96495	2.20199
156.20601	2.18912
156.44707	2.17405
156.68813	2.15595
156.92918	2.13446
157.17024	2.10978
157.41130	2.08273
157.65236	2.05468
157.89342	2.02733
158.13448	2.00246
158.37554	1.98162
158.61659	1.96592
158.85765	1.95583
159.09871	1.95117
159.33977	1.95113
159.58083	1.95449
159.82189	1.95984
160.06295	1.96582
160.30401	1.97139
160.54506	1.97590
160.78612	1.97924
161.02718	1.98168
161.26824	1.98380
161.50930	1.98623
161.75036	1.98946
161.99142	1.99367
162.23247	1.99859
162.47353	2.00357
162.71459	2.00764
162.95565	2.00966
163.19671	2.00864
163.43777	2.00385
163.67883	1.99508
163.91989	1.98266
164.16094	1.96750
164.40200	1.95089
164.64306	1.93435
164.88412	1.91935
165.12518	1.90711
165.36624	1.89837
165.60730	1.89334
165.84835	1.89169
166.08941	1.89267
166.33047	1.89531
166.57153	1.89868
166.81259	1.90205
167.05365	1.90511
167.29471	1.90796
167.53577	1.91110
167.77682	1.91528
168.01788	1.92126
168.25894	1.92958
168.50000	1.94037
168.74106	1.95325
168.98212	1.96731
169.22318	1.98123
169.46423	1.99351
169.70529	2.00271
169.94635	2.00772
170.18741	2.00799
170.42847	2.00359
170.66953	1.99523
170.91059	1.98409
171.15164	1.97167
171.39270	1.95946
171.63376	1.94873
171.87482	1.94030
172.11588	1.93451
172.35694	1.93115
172.59800	1.92964
172.83906	1.92920
173.08011	1.92906
173.32117	1.92867
173.56223	1.92783
173.80329	1.92678
174.04435	1.92608
174.28541	1.92656
174.52647	1.92904
174.76752	1.93416
175.00858	1.94219
175.24964	1.95294
175.49070	1.96568
175.73176	1.97932
175.97282	1.99251
176.21388	2.00390
176.45494	2.01240
176.69599	2.01730
176.93705	2.01845
177.17811	2.01624
177.41917	2.01152
177.66023	2.00538
177.90129	1.99898
178.14235	1.99332
178.38340	1.98902
178.62446	1.98629
178.86552	1.98492
179.10658	1.98437
179.34764	1.98396
179.58870	1.98310
179.82976	1.98145
180.07082	1.97907
180.31187	1.97648
180.55293	1.97455
180.79399	1.97439
181.03505	1.97709
181.27611	1.98346
181.51717	1.99388
181.75823	2.00813
181.99928	2.02540
182.24034	2.04439
182.48140	2.06353
182.72246	2.08123
182.96352	2.09621
183.20458	2.10763
183.44564	2.11531
183.68669	2.11968
183.92775	2.12167
184.16881	2.12251
184.40987	2.12343
184.65093	2.12548
184.89199	2.12924
185.13305	2.13480
185.37411	2.14175
185.61516	2.14930
185.85622	2.15652
186.09728	2.16256
186.33834	2.16689
186.57940	2.16944
186.82046	2.17069
187.06152	2.17160
187.30257	2.17344
187.54363	2.17759
187.78469	2.18523
188.02575	2.19713
188.26681	2.21347
188.50787	2.23374
188.74893	2.25688
188.98999	2.28137
189.23104	2.30553
189.47210	2.32782
189.71316	2.34707
189.95422	2.36272
190.19528	2.37481
190.43634	2.38401
190.67740	2.39135
190.91845	2.39802
191.15951	2.40506
191.40057	2.41312
191.64163	2.42231
191.88269	2.43219
192.12375	2.44187
192.36481	2.45023
192.60587	2.45620
192.84692	2.45904
193.08798	2.45853
193.32904	2.45510
193.57010	2.44976
193.81116	2.44398
194.05222	2.43939
194.29328	2.43753
194.53433	2.43950
194.77539	2.44584
195.01645	2.45635
195.25751	2.47022
195.49857	2.48615
195.73963	2.50262
195.98069	2.51817
196.22174	2.53167
196.46280	2.54252
196.70386	2.55069
196.94492	2.55670
197.18598	2.56141
197.42704	2.56581
197.66810	2.57078
197.90916	2.57680
198.15021	2.58387
198.39127	2.59147
198.63233	2.59866
198.87339	2.60426
199.11445	2.60715
199.35551	2.60649
199.59657	2.60197
199.83762	2.59388
200.07868	2.58312
200.31974	2.57105
200.56080	2.55928
200.80186	2.54934
201.04292	2.54245
201.28398	2.53929
201.52504	2.53989
201.76609	2.54368
202.00715	2.54960
202.24821	2.55637
202.48927	2.56275
202.73033	2.56780
202.97139	2.57104
203.21245	2.57254
203.45350	2.57286
203.69456	2.57288
203.93562	2.57356
204.17668	2.57572
204.41774	2.57976
204.65880	2.58558
204.89986	2.59253
205.14092	2.59955
205.38197	2.60530
205.62303	2.60848
205.86409	2.60805
206.10515	2.60343
206.34621	2.59463
206.58727	2.58223
206.82833	2.56731
207.06938	2.55121
207.31044	2.53532
207.55150	2.52085
207.79256	2.50862
208.03362	2.49895
208.27468	2.49166
208.51574	2.48616
208.75680	2.48160
208.99785	2.47705
209.23891	2.47177
209.47997	2.46531
209.72103	2.45763
209.96209	2.44907
210.20315	2.44029
210.44421	2.43206
210.68526	2.42510
210.92632	2.41988
211.16738	2.41644
211.40844	2.41439
211.64950	2.41293
211.89056	2.41096
212.13162	2.40734
212.37267	2.40107
212.61373	2.39153
212.85479	2.37857
213.09585	2.36260
213.33691	2.34447
213.57797	2.32532
213.81903	2.30636
214.06009	2.28863
214.30114	2.27280
214.54220	2.25909
214.78326	2.24725
215.02432	2.23663
215.26538	2.22642
215.50644	2.21580
215.74750	2.20420
215.98855	2.19139
216.22961	2.17759
216.47067	2.16340
216.71173	2.14968
216.95279	2.13735
217.19385	2.12722
217.43491	2.11976
217.67597	2.11502
217.91702	2.11257
218.15808	2.11160
218.39914	2.11105
218.64020	2.10978
218.88126	2.10677
219.12232	2.10133
219.36338	2.09315
219.60443	2.08235
219.84549	2.06941
220.08655	2.05507
220.32761	2.04016
220.56867	2.02539
220.80973	2.01129
221.05079	1.99807
221.29185	1.98564
221.53290	1.97367
221.77396	1.96170
222.01502	1.94929
222.25608	1.93615
222.49714	1.92227
222.73820	1.90795
222.97926	1.89375
223.22031	1.88045
223.46137	1.86889
223.70243	1.85978
223.94349	1.85360
224.18455	1.85042
224.42561	1.84992
224.66667	1.85140
224.90772	1.85389
225.14878	1.85629
225.38984	1.85761
225.63090	1.85706
225.87196	1.85424
226.11302	1.84914
226.35408	1.84213
226.59514	1.83385
226.83619	1.82503
227.07725	1.81636
227.31831	1.80833
227.55937	1.80111
227.80043	1.79456
228.04149	1.78829
228.28255	1.78175
228.52360	1.77440
228.76466	1.76583
229.00572	1.75594
229.24678	1.74492
229.48784	1.73328
229.72890	1.72177
229.96996	1.71124
230.21102	1.70246
230.45207	1.69601
230.69313	1.69216
230.93419	1.69081
231.17525	1.69152
231.41631	1.69356
231.65737	1.69611
231.89843	1.69831
232.13948	1.69948
232.38054	1.69921
232.62160	1.69736
232.86266	1.69412
233.10372	1.68986
233.34478	1.68511
233.58584	1.68035
233.82690	1.67591
234.06795	1.67192
234.30901	1.66825
234.55007	1.66456
234.79113	1.66035
235.03219	1.65513
235.27325	1.64853
235.51431	1.64037
235.75536	1.63078
235.99642	1.62018
236.23748	1.60920
236.47854	1.59862
236.71960	1.58919
236.96066	1.58154
237.20172	1.57605
237.44277	1.57279
237.68383	1.57156
237.92489	1.57191
238.16595	1.57326
238.40701	1.57503
238.64807	1.57676
238.88913	1.57817
239.13019	1.57924
239.37124	1.58015
239.61230	1.58122
239.85336	1.58283
240.09442	1.58527
240.33548	1.58866
240.57654	1.59289
240.81760	1.59760
241.05865	1.60221
241.29971	1.60605
241.54077	1.60845
241.78183	1.60888
242.02289	1.60703
242.26395	1.60293
242.50501	1.59690
242.74607	1.58953
242.98712	1.58158
243.22818	1.57387
243.46924	1.56712
243.71030	1.56185
243.95136	1.55832
244.19242	1.55653
244.43348	1.55621
244.67453	1.55698
244.91559	1.55837
245.15665	1.56002
245.39771	1.56171
245.63877	1.56345
245.87983	1.56545
246.12089	1.56806
246.36195	1.57173
246.60300	1.57680
246.84406	1.58349
247.08512	1.59176
247.32618	1.60129
247.56724	1.61151
247.80830	1.62168
248.04936	1.63101
248.29041	1.63880
248.53147	1.64455
248.77253	1.64804
249.01359	1.64938
249.25465	1.64896
249.49571	1.64741
249.73677	1.64539
249.97783	1.64358
250.21888	1.64247
250.45994	1.64232
250.70100	1.64315
250.94206	1.64478
251.18312	1.64685
251.42418	1.64901
251.66524	1.65097
251.90629	1.65258
252.14735	1.65395
252.38841	1.65535
252.62947	1.65722
252.87053	1.66008
253.11159	1.66438
253.35265	1.67042
253.59370	1.67830
253.83476	1.68783
254.07582	1.69858
254.31688	1.70993
254.55794	1.72117
254.79900	1.73163
255.04006	1.74076
255.28112	1.74825
255.52217	1.75401
255.76323	1.75822
256.00429	1.76122
256.24535	1.76345
256.48641	1.76532
256.72747	1.76714
256.96853	1.76904
257.20958	1.77092
257.45064	1.77254
257.69170	1.77354
257.93276	1.77355
258.17382	1.77232
258.41488	1.76979
258.65594	1.76614
258.89700	1.76179
259.13805	1.75736
259.37911	1.75355
259.62017	1.75106
259.86123	1.75042
260.10229	1.75196
260.34335	1.75568
260.58441	1.76130
260.82546	1.76831
261.06652	1.77605
261.30758	1.78385
261.54864	1.79115
261.78970	1.79754
262.03076	1.80289
262.27182	1.80724
262.51288	1.81084
262.75393	1.81399
262.99499	1.81695
263.23605	1.81987
263.47711	1.82269
263.71817	1.82517
263.95923	1.82688
264.20029	1.82735
264.44134	1.82610
264.68240	1.82282
264.92346	1.81740
265.16452	1.81004
265.40558	1.80117
265.64664	1.79145
265.88770	1.78167
266.12875	1.77258
266.36981	1.76484
266.61087	1.75888
266.85193	1.75486
267.09299	1.75267
267.33405	1.75196
267.57511	1.75226
267.81617	1.75304
268.05722	1.75384
268.29828	1.75435
268.53934	1.75442
268.78040	1.75411
269.02146	1.75359
269.26252	1.75311
269.50358	1.75291
269.74463	1.75309
269.98569	1.75361
270.22675	1.75422
270.46781	1.75453
270.70887	1.75404
270.94993	1.75223
271.19099	1.74868
271.43205	1.74317
271.67310	1.73569
271.91416	1.72647
272.15522	1.71600
272.39628	1.70486
272.63734	1.69371
272.87840	1.68313
273.11946	1.67355
273.36051	1.66519
273.60157	1.65803
273.84263	1.65190
274.08369	1.64644
274.32475	1.64131
274.56581	1.63618
274.80687	1.63088
275.04793	1.62539
275.28898	1.61985
275.53004	1.61453
275.77110	1.60976
276.01216	1.60579
276.25322	1.60281
276.49428	1.60078
276.73534	1.59947
276.97639	1.59849
277.21745	1.59730
277.45851	1.59533
277.69957	1.59206
277.94063	1.58713
278.18169	1.58039
278.42275	1.57189
278.66380	1.56191
278.90486	1.55090
279.14592	1.53936
279.38698	1.52779
279.62804	1.51659
279.86910	1.50602
280.11016	1.49618
280.35122	1.48702
280.59227	1.47840
280.83333	1.47013
281.07439	1.46207
281.31545	1.45416
281.55651	1.44646
281.79757	1.43916
282.03863	1.43249
282.27968	1.42677
282.52074	1.42222
282.76180	1.41899
283.00286	1.41707
283.24392	1.41627
283.48498	1.41624
283.72604	1.41649
283.96710	1.41650
284.20815	1.41575
284.44921	1.41380
284.69027	1.41039
284.93133	1.40543
285.17239	1.39901
285.41345	1.39139
285.65451	1.38291
285.89556	1.37393
286.13662	1.36478
286.37768	1.35568
286.61874	1.34673
286.85980	1.33793
287.10086	1.32916
287.34192	1.32030
287.58298	1.31122
287.82403	1.30191
288.06509	1.29244
288.30615	1.28302
288.54721	1.27397
288.78827	1.26563
289.02933	1.25835
289.27039	1.25239
289.51144	1.24787
289.75250	1.24475
289.99356	1.24282
290.23462	1.24172
290.47568	1.24103
290.71674	1.24029
290.95780	1.23911
291.19885	1.23719
291.43991	1.23438
291.68097	1.23067
291.92203	1.22618
292.16309	1.22109
292.40415	1.21561
292.64521	1.20992
292.88627	1.20411
293.12732	1.19819
293.36838	1.19209
293.60944	1.18569
293.85050	1.17883
294.09156	1.17143
294.33262	1.16348
294.57368	1.15508
294.81473	1.14645
295.05579	1.13790
295.29685	1.12981
295.53791	1.12254
295.77897	1.11637
296.02003	1.11151
296.26109	1.10801
296.50215	1.10578
296.74320	1.10464
296.98426	1.10431
297.22532	1.10448
297.46638	1.10491
297.70744	1.10538
297.94850	1.10581
298.18956	1.10618
298.43061	1.10656
298.67167	1.10704
298.91273	1.10772
299.15379	1.10862
299.39485	1.10970
299.63591	1.11081
299.87697	1.11174
300.11803	1.11223
300.35908	1.11201
300.60014	1.11087
300.84120	1.10870
301.08226	1.10553
301.32332	1.10152
301.56438	1.09692
301.80544	1.09210
302.04649	1.08745
302.28755	1.08330
302.52861	1.07995
302.76967	1.07756
303.01073	1.07616
303.25179	1.07569
303.49285	1.07598
303.73391	1.07683
303.97496	1.07805
304.21602	1.07949
304.45708	1.08106
304.69814	1.08277
304.93920	1.08468
305.18026	1.08689
305.42132	1.08951
305.66237	1.09259
305.90343	1.09612
306.14449	1.09999
306.38555	1.10401
306.62661	1.10792
306.86767	1.11144
307.10873	1.11434
307.34978	1.11643
307.59084	1.11765
307.83190	1.11806
308.07296	1.11783
308.31402	1.11723
308.55508	1.11655
308.79614	1.11608
309.03720	1.11604
309.27825	1.11658
309.51931	1.11772
309.76037	1.11939
310.00143	1.12146
310.24249	1.12377
310.48355	1.12618
310.72461	1.12862
310.96566	1.13110
311.20672	1.13370
311.44778	1.13659
311.68884	1.13996
311.92990	1.14399
312.17096	1.14878
312.41202	1.15436
312.65308	1.16063
312.89413	1.16736
313.13519	1.17426
313.37625	1.18099
313.61731	1.18721
313.85837	1.19264
314.09943	1.19711
314.34049	1.20059
314.58154	1.20316
314.82260	1.20499
315.06366	1.20636
315.30472	1.20752
315.54578	1.20870
315.78684	1.21007
316.02790	1.21169
316.26896	1.21352
316.51001	1.21549
316.75107	1.21745
316.99213	1.21929
317.23319	1.22095
317.47425	1.22244
317.71531	1.22389
317.95637	1.22547
318.19742	1.22742
318.43848	1.22997
318.67954	1.23330
318.92060	1.23752
319.16166	1.24261
319.40272	1.24844
319.64378	1.25478
319.88483	1.26132
320.12589	1.26778
320.36695	1.27387
320.60801	1.27940
320.84907	1.28430
321.09013	1.28858
321.33119	1.29234
321.57225	1.29575
321.81330	1.29897
322.05436	1.30212
322.29542	1.30524
322.53648	1.30831
322.77754	1.31121
323.01860	1.31378
323.25966	1.31586
323.50071	1.31734
323.74177	1.31819
323.98283	1.31852
324.22389	1.31852
324.46495	1.31851
324.70601	1.31883
324.94707	1.31982
325.18813	1.32177
325.42918	1.32484
325.67024	1.32904
325.91130	1.33427
326.15236	1.34028
326.39342	1.34674
326.63448	1.35331
326.87554	1.35968
327.11659	1.36562
327.35765	1.37101
327.59871	1.37583
327.83977	1.38017
328.08083	1.38416
328.32189	1.38793
328.56295	1.39158
328.80401	1.39514
329.04506	1.39853
329.28612	1.40159
329.52718	1.40411
329.76824	1.40587
330.00930	1.40670
330.25036	1.40649
330.49142	1.40529
330.73247	1.40327
330.97353	1.40070
331.21459	1.39797
331.45565	1.39544
331.69671	1.39347
331.93777	1.39232
332.17883	1.39211
332.41988	1.39282
332.66094	1.39431
332.90200	1.39635
333.14306	1.39866
333.38412	1.40100
333.62518	1.40317
333.86624	1.40509
334.10730	1.40678
334.34835	1.40833
334.58941	1.40986
334.83047	1.41150
335.07153	1.41330
335.31259	1.41522
335.55365	1.41709
335.79471	1.41867
336.03576	1.41963
336.27682	1.41964
336.51788	1.41846
336.75894	1.41594
337.00000	1.41206
337.24106	1.40699
337.48212	1.40101
337.72318	1.39448
337.96423	1.38778
338.20529	1.38127
338.44635	1.37518
338.68741	1.36966
338.92847	1.36469
339.16953	1.36018
339.41059	1.35596
339.65164	1.35184
339.89270	1.34769
340.13376	1.34343
340.37482	1.33908
340.61588	1.33475
340.85694	1.33059
341.09800	1.32677
341.33906	1.32344
341.58011	1.32068
341.82117	1.31845
342.06223	1.31662
342.30329	1.31495
342.54435	1.31315
342.78541	1.31090
343.02647	1.30790
343.26752	1.30395
343.50858	1.29894
343.74964	1.29288
343.99070	1.28592
344.23176	1.27826
344.47282	1.27018
344.71388	1.26195
344.95493	1.25378
345.19599	1.24582
345.43705	1.23813
345.67811	1.23070
345.91917	1.22345
346.16023	1.21627
346.40129	1.20909
346.64235	1.20189
346.88340	1.19469
347.12446	1.18760
347.36552	1.18076
347.60658	1.17433
347.84764	1.16845
348.08870	1.16318
348.32976	1.15851
348.57081	1.15432
348.81187	1.15041
349.05293	1.14653
349.29399	1.14241
349.53505	1.13782
349.77611	1.13257
350.01717	1.12659
350.25823	1.11992
350.49928	1.11266
350.74034	1.10501
350.98140	1.09717
351.22246	1.08934
351.46352	1.08167
351.70458	1.07423
351.94564	1.06703
352.18669	1.06001
352.42775	1.05305
352.66881	1.04604
352.90987	1.03891
353.15093	1.03161
353.39199	1.02420
353.63305	1.01677
353.87411	1.00947
354.11516	1.00248
354.35622	0.99595
354.59728	0.98999
354.83834	0.98465
355.07940	0.97987
355.32046	0.97555
355.56152	0.97151
355.80257	0.96755
356.04363	0.96347
356.28469	0.95911
356.52575	0.95437
356.76681	0.94923
357.00787	0.94372
357.24893	0.93795
357.48999	0.93202
357.73104	0.92605
357.97210	0.92011
358.21316	0.91425
358.45422	0.90845
358.69528	0.90264
358.93634	0.89675
359.17740	0.89068
359.41845	0.88438
359.65951	0.87784
359.90057	0.87109
360.14163	0.86424
360.38269	0.85742
360.62375	0.85079
360.86481	0.84451
361.10586	0.83868
361.34692	0.83336
361.58798	0.82856
361.82904	0.82419
362.07010	0.82015
362.31116	0.81629
362.55222	0.81246
362.79328	0.80856
363.03433	0.80450
363.27539	0.80025
363.51645	0.79585
363.75751	0.79134
363.99857	0.78681
364.23963	0.78232
364.48069	0.77792
364.72174	0.77361
364.96280	0.76934
365.20386	0.76503
365.44492	0.76057
365.68598	0.75586
365.92704	0.75083
366.16810	0.74543
366.40916	0.73968
366.65021	0.73364
366.89127	0.72745
367.13233	0.72123
367.37339	0.71512
367.61445	0.70923
367.85551	0.70364
368.09657	0.69836
368.33762	0.69336
368.57868	0.68856
368.81974	0.68387
369.06080	0.67918
369.30186	0.67440
369.54292	0.66947
369.78398	0.66435
370.02504	0.65907
370.26609	0.65365
370.50715	0.64813
370.74821	0.64254
370.98927	0.63689
371.23033	0.63119
371.47139	0.62537
371.71245	0.61939
371.95350	0.61315
372.19456	0.60659
372.43562	0.59964
372.67668	0.59228
372.91774	0.58450
373.15880	0.57635
373.39986	0.56791
373.64091	0.55926
373.88197	0.55049
374.12303	0.54170
374.36409	0.53294
374.60515	0.52427
374.84621	0.51568
375.08727	0.50719
375.32833	0.49876
375.56938	0.49038
375.81044	0.48204
376.05150	0.47374
376.29256	0.46548
376.53362	0.45735
376.77468	0.44941
377.01574	0.44174
377.25679	0.43439
377.49785	0.42742
377.73891	0.42085
377.97997	0.41471
378.22103	0.40895
378.46209	0.40358
378.70315	0.39861
378.94421	0.39402
379.18526	0.38982
379.42632	0.38605
379.66738	0.38274
379.90844	0.37998
380.14950	0.37779
380.39056	0.37628
380.63162	0.37549
380.87267	0.37547
381.11373	0.37622
381.35479	0.37775
381.59585	0.38001
381.83691	0.38299
382.07797	0.38663
382.31903	0.39090
382.56009	0.39578
382.80114	0.40127
383.04220	0.40736
383.28326	0.41407
383.52432	0.42140
383.76538	0.42934
384.00644	0.43786
384.24750	0.44692
384.48855	0.45647
384.72961	0.46642
384.97067	0.47665
385.21173	0.48707
385.45279	0.49755
385.69385	0.50801
385.93491	0.51836
386.17596	0.52859
386.41702	0.53869
386.65808	0.54867
386.89914	0.55855
387.14020	0.56833
387.38126	0.57802
387.62232	0.58759
387.86338	0.59699
388.10443	0.60620
388.34549	0.61515
388.58655	0.62382
388.82761	0.63219
389.06867	0.64030
389.30973	0.64818
389.55079	0.65594
389.79184	0.66367
390.03290	0.67146
390.27396	0.67941
390.51502	0.68757
390.75608	0.69595
390.99714	0.70454
391.23820	0.71325
391.47926	0.72200
391.72031	0.73068
391.96137	0.73918
392.20243	0.74743
392.44349	0.75537
392.68455	0.76298
392.92561	0.77026
393.16667	0.77725
393.40772	0.78398
393.64878	0.79048
393.88984	0.79677
394.13090	0.80282
394.37196	0.80859
394.61302	0.81401
394.85408	0.81901
395.09514	0.82353
395.33619	0.82756
395.57725	0.83112
395.81831	0.83430
396.05937	0.83723
396.30043	0.84008
396.54149	0.84303
396.78255	0.84626
397.02360	0.84990
397.26466	0.85404
397.50572	0.85872
397.74678	0.86393
397.98784	0.86961
398.22890	0.87569
398.46996	0.88209
398.71102	0.88876
398.95207	0.89567
399.19313	0.90281
399.43419	0.91018
399.67525	0.91780
399.91631	0.92567
400.15737	0.93373
400.39843	0.94193
400.63948	0.95013
400.88054	0.95818
401.12160	0.96590
401.36266	0.97311
401.60372	0.97965
401.84478	0.98541
402.08584	0.99035
402.32689	0.99449
402.56795	0.99790
402.80901	1.00074
403.05007	1.00315
403.29113	1.00530
403.53219	1.00734
403.77325	1.00938
404.01431	1.01146
404.25536	1.01360
404.49642	1.01575
404.73748	1.01786
404.97854	1.01987
405.21960	1.02173
405.46066	1.02343
405.70172	1.02498
405.94277	1.02642
406.18383	1.02781
406.42489	1.02920
406.66595	1.03062
406.90701	1.03208
407.14807	1.03352
407.38913	1.03488
407.63019	1.03602
407.87124	1.03682
408.11230	1.03715
408.35336	1.03691
408.59442	1.03605
408.83548	1.03455
409.07654	1.03246
409.31760	1.02989
409.55865	1.02694
409.79971	1.02376
410.04077	1.02046
410.28183	1.01713
410.52289	1.01385
410.76395	1.01062
411.00501	1.00743
411.24607	1.00426
411.48712	1.00105
411.72818	0.99780
411.96924	0.99450
412.21030	0.99117
412.45136	0.98787
412.69242	0.98466
412.93348	0.98160
413.17453	0.97872
413.41559	0.97601
413.65665	0.97344
413.89771	0.97092
414.13877	0.96834
414.37983	0.96555
414.62089	0.96244
414.86194	0.95888
415.10300	0.95483
415.34406	0.95026
415.58512	0.94520
415.82618	0.93971
416.06724	0.93389
416.30830	0.92782
416.54936	0.92160
416.79041	0.91529
417.03147	0.90890
417.27253	0.90244
417.51359	0.89590
417.75465	0.88924
417.99571	0.88244
418.23677	0.87552
418.47782	0.86849
418.71888	0.86141
418.95994	0.85438
419.20100	0.84748
419.44206	0.84080
419.68312	0.83442
419.92418	0.82836
420.16524	0.82264
420.40629	0.81720
420.64735	0.81198
420.88841	0.80688
421.12947	0.80179
421.37053	0.79661
421.61159	0.79127
421.85265	0.78572
422.09370	0.77994
422.33476	0.77393
422.57582	0.76773
422.81688	0.76136
423.05794	0.75486
423.29900	0.74827
423.54006	0.74158
423.78112	0.73479
424.02217	0.72787
424.26323	0.72080
424.50429	0.71353
424.74535	0.70605
424.98641	0.69835
425.22747	0.69045
425.46853	0.68236
425.70958	0.67417
425.95064	0.66593
426.19170	0.65774
426.43276	0.64967
426.67382	0.64180
426.91488	0.63417
427.15594	0.62681
427.39699	0.61973
427.63805	0.61293
427.87911	0.60636
428.12017	0.60000
428.36123	0.59383
428.60229	0.58780
428.84335	0.58192
429.08441	0.57617
429.32546	0.57053
429.56652	0.56502
429.80758	0.55961
430.04864	0.55427
430.28970	0.54896
430.53076	0.54365
430.77182	0.53827
431.01287	0.53277
431.25393	0.52711
431.49499	0.52128
431.73605	0.51529
431.97711	0.50915
432.21817	0.50291
432.45923	0.49663
432.70029	0.49039
432.94134	0.48423
433.18240	0.47820
433.42346	0.47234
433.66452	0.46665
433.90558	0.46114
434.14664	0.45578
434.38770	0.45058
434.62875	0.44553
434.86981	0.44066
435.11087	0.43599
435.35193	0.43155
435.59299	0.42739
435.83405	0.42357
436.07511	0.42011
436.31617	0.41706
436.55722	0.41442
436.79828	0.41221
437.03934	0.41040
437.28040	0.40897
437.52146	0.40790
437.76252	0.40717
438.00358	0.40678
438.24463	0.40673
438.48569	0.40704
438.72675	0.40773
438.96781	0.40885
439.20887	0.41042
439.44993	0.41247
439.69099	0.41501
439.93204	0.41800
440.17310	0.42143
440.41416	0.42524
440.65522	0.42936
440.89628	0.43373
441.13734	0.43828
441.37840	0.44294
441.61946	0.44767
441.86051	0.45242
442.10157	0.45719
442.34263	0.46196
442.58369	0.46673
442.82475	0.47147
443.06581	0.47615
443.30687	0.48073
443.54792	0.48515
443.78898	0.48933
444.03004	0.49322
444.27110	0.49677
444.51216	0.49994
444.75322	0.50270
444.99428	0.50507
445.23534	0.50707
445.47639	0.50874
445.71745	0.51014
445.95851	0.51131
446.19957	0.51229
446.44063	0.51309
446.68169	0.51370
446.92275	0.51410
447.16380	0.51426
447.40486	0.51414
447.64592	0.51373
447.88698	0.51303
448.12804	0.51205
448.36910	0.51084
448.61016	0.50947
448.85122	0.50799
449.09227	0.50645
449.33333	0.50490
449.57439	0.50336
449.81545	0.50182
450.05651	0.50027
450.29757	0.49868
450.53863	0.49701
450.77968	0.49526
451.02074	0.49343
451.26180	0.49154
451.50286	0.48965
451.74392	0.48780
451.98498	0.48608
452.22604	0.48454
452.46710	0.48322
452.70815	0.48213
452.94921	0.48127
453.19027	0.48059
453.43133	0.48003
453.67239	0.47954
453.91345	0.47905
454.15451	0.47850
454.39556	0.47788
454.63662	0.47718
454.87768	0.47640
455.11874	0.47557
455.35980	0.47474
455.60086	0.47391
455.84192	0.47313
456.08297	0.47239
456.32403	0.47168
456.56509	0.47100
456.80615	0.47032
457.04721	0.46962
457.28827	0.46888
457.52933	0.46812
457.77039	0.46736
458.01144	0.46664
458.25250	0.46600
458.49356	0.46550
458.73462	0.46520
458.97568	0.46514
459.21674	0.46534
459.45780	0.46581
459.69885	0.46654
459.93991	0.46751
460.18097	0.46869
460.42203	0.47005
460.66309	0.47157
460.90415	0.47325
461.14521	0.47511
461.38627	0.47718
461.62732	0.47949
461.86838	0.48207
462.10944	0.48495
462.35050	0.48814
462.59156	0.49161
462.83262	0.49531
463.07368	0.49917
463.31473	0.50311
463.55579	0.50705
463.79685	0.51089
464.03791	0.51458
464.27897	0.51809
464.52003	0.52140
464.76109	0.52451
465.00215	0.52744
465.24320	0.53020
465.48426	0.53282
465.72532	0.53528
465.96638	0.53756
466.20744	0.53964
466.44850	0.54148
466.68956	0.54305
466.93061	0.54433
467.17167	0.54530
467.41273	0.54598
467.65379	0.54642
467.89485	0.54668
468.13591	0.54680
468.37697	0.54687
468.61802	0.54694
468.85908	0.54704
469.10014	0.54719
469.34120	0.54738
469.58226	0.54759
469.82332	0.54778
470.06438	0.54790
470.30544	0.54792
470.54649	0.54781
470.78755	0.54756
471.02861	0.54718
471.26967	0.54671
471.51073	0.54618
471.75179	0.54563
471.99285	0.54508
472.23390	0.54454
472.47496	0.54400
472.71602	0.54344
472.95708	0.54281
473.19814	0.54208
473.43920	0.54120
473.68026	0.54015
473.92132	0.53892
474.16237	0.53752
474.40343	0.53600
474.64449	0.53441
474.88555	0.53281
475.12661	0.53125
475.36767	0.52978
475.60873	0.52842
475.84978	0.52718
476.09084	0.52605
476.33190	0.52499
476.57296	0.52398
476.81402	0.52298
477.05508	0.52197
477.29614	0.52095
477.53720	0.51992
477.77825	0.51889
478.01931	0.51788
478.26037	0.51692
478.50143	0.51602
478.74249	0.51519
478.98355	0.51442
479.22461	0.51368
479.46566	0.51295
479.70672	0.51218
479.94778	0.51133
480.18884	0.51038
480.42990	0.50929
480.67096	0.50807
480.91202	0.50671
481.15307	0.50524
481.39413	0.50368
481.63519	0.50206
481.87625	0.50039
482.11731	0.49869
482.35837	0.49697
482.59943	0.49522
482.84049	0.49343
483.08154	0.49159
483.32260	0.48970
483.56366	0.48776
483.80472	0.48578
484.04578	0.48379
484.28684	0.48183
484.52790	0.47994
484.76895	0.47814
485.01001	0.47645
485.25107	0.47490
485.49213	0.47346
485.73319	0.47211
485.97425	0.47080
486.21531	0.46949
486.45637	0.46813
486.69742	0.46668
486.93848	0.46511
487.17954	0.46341
487.42060	0.46159
487.66166	0.45968
487.90272	0.45770
488.14378	0.45570
488.38483	0.45372
488.62589	0.45178
488.86695	0.44990
489.10801	0.44807
489.34907	0.44630
489.59013	0.44456
489.83119	0.44283
490.07225	0.44109
490.31330	0.43934
490.55436	0.43758
490.79542	0.43582
491.03648	0.43408
491.27754	0.43239
491.51860	0.43079
491.75966	0.42928
492.00071	0.42790
492.24177	0.42663
492.48283	0.42549
492.72389	0.42445
492.96495	0.42351
493.20601	0.42264
493.44707	0.42183
493.68812	0.42106
493.92918	0.42034
494.17024	0.41965
494.41130	0.41900
494.65236	0.41838
494.89342	0.41780
495.13448	0.41725
495.37554	0.41672
495.61659	0.41620
495.85765	0.41566
496.09871	0.41509
496.33977	0.41447
496.58083	0.41380
496.82189	0.41306
497.06295	0.41226
497.30400	0.41141
497.54506	0.41052
497.78612	0.40963
498.02718	0.40874
498.26824	0.40789
498.50930	0.40708
498.75036	0.40632
498.99142	0.40561
499.23247	0.40493
499.47353	0.40427
499.71459	0.40361
499.95565	0.40294
500.19671	0.40224
500.43777	0.40150
500.67883	0.40071
500.91988	0.39990
501.16094	0.39904
501.40200	0.39815
501.64306	0.39722
501.88412	0.39624
502.12518	0.39516
502.36624	0.39397
502.60730	0.39261
502.84835	0.39106
503.08941	0.38928
503.33047	0.38724
503.57153	0.38494
503.81259	0.38238
504.05365	0.37959
504.29471	0.37660
504.53576	0.37348
504.77682	0.37029
505.01788	0.36711
505.25894	0.36404
505.50000	0.36117
505.74106	0.35864
505.98212	0.35656
506.22318	0.35506
506.46423	0.35425
506.70529	0.35424
506.94635	0.35509
507.18741	0.35685
507.42847	0.35949
507.66953	0.36297
507.91059	0.36720
508.15164	0.37205
508.39270	0.37736
508.63376	0.38295
508.87482	0.38866
509.11588	0.39433
509.35694	0.39980
509.59800	0.40500
509.83905	0.40986
510.08011	0.41435
510.32117	0.41848
510.56223	0.42227
510.80329	0.42577
511.04435	0.42903
511.28541	0.43209
511.52647	0.43499
511.76752	0.43776
512.00858	0.44041
512.24964	0.44293
512.49070	0.44534
512.73176	0.44762
512.97282	0.44979
513.21388	0.45185
513.45493	0.45383
513.69599	0.45574
513.93705	0.45763
514.17811	0.45951
514.41917	0.46140
514.66023	0.46330
514.90129	0.46520
515.14235	0.46710
515.38340	0.46897
515.62446	0.47077
515.86552	0.47248
516.10658	0.47409
516.34764	0.47558
516.58870	0.47694
516.82976	0.47819
517.07081	0.47932
517.31187	0.48037
517.55293	0.48133
517.79399	0.48223
518.03505	0.48308
518.27611	0.48388
518.51717	0.48465
518.75823	0.48537
518.99928	0.48607
519.24034	0.48674
519.48140	0.48739
519.72246	0.48804
519.96352	0.48871
520.20458	0.48940
520.44564	0.49015
520.68669	0.49094
520.92775	0.49180
521.16881	0.49271
521.40987	0.49365
521.65093	0.49461
521.89199	0.49554
522.13305	0.49644
522.37410	0.49725
522.61516	0.49797
522.85622	0.49858
523.09728	0.49908
523.33834	0.49947
523.57940	0.49977
523.82046	0.49998
524.06152	0.50013
524.30257	0.50022
524.54363	0.50026
524.78469	0.50026
525.02575	0.50022
525.26681	0.50014
525.50787	0.50003
525.74893	0.49991
525.98998	0.49980
526.23104	0.49975
526.47210	0.49978
526.71316	0.49993
526.95422	0.50025
527.19528	0.50076
527.43634	0.50147
527.67740	0.50240
527.91845	0.50354
528.15951	0.50486
528.40057	0.50635
528.64163	0.50798
528.88269	0.50972
529.12375	0.51156
529.36481	0.51349
529.60586	0.51550
529.84692	0.51760
530.08798	0.51979
530.32904	0.52207
530.57010	0.52442
530.81116	0.52684
531.05222	0.52930
531.29328	0.53178
531.53433	0.53422
531.77539	0.53661
532.01645	0.53889
532.25751	0.54105
532.49857	0.54307
532.73963	0.54494
532.98069	0.54665
533.22174	0.54821
533.46280	0.54964
533.70386	0.55095
533.94492	0.55213
534.18598	0.55320
534.42704	0.55414
534.66810	0.55495
534.90915	0.55562
535.15021	0.55613
535.39127	0.55647
535.63233	0.55664
535.87339	0.55666
536.11445	0.55654
536.35551	0.55629
536.59657	0.55594
536.83762	0.55553
537.07868	0.55505
537.31974	0.55454
537.56080	0.55398
537.80186	0.55337
538.04292	0.55269
538.28398	0.55193
538.52503	0.55105
538.76609	0.55006
539.00715	0.54893
539.24821	0.54769
539.48927	0.54634
539.73033	0.54493
539.97139	0.54349
540.21245	0.54206
540.45350	0.54069
540.69456	0.53941
540.93562	0.53826
541.17668	0.53724
541.41774	0.53637
541.65880	0.53564
541.89986	0.53505
542.14091	0.53458
542.38197	0.53422
542.62303	0.53397
542.86409	0.53382
543.10515	0.53376
543.34621	0.53378
543.58727	0.53388
543.82833	0.53404
544.06938	0.53423
544.31044	0.53444
544.55150	0.53463
544.79256	0.53478
545.03362	0.53485
545.27468	0.53481
545.51574	0.53466
545.75679	0.53436
545.99785	0.53391
546.23891	0.53331
546.47997	0.53255
546.72103	0.53163
546.96209	0.53055
547.20315	0.52928
547.44421	0.52783
547.68526	0.52617
547.92632	0.52428
548.16738	0.52214
548.40844	0.51975
548.64950	0.51711
548.89056	0.51424
549.13162	0.51117
549.37267	0.50793
549.61373	0.50459
549.85479	0.50120
550.09585	0.49782
550.33691	0.49451
550.57797	0.49131
550.81903	0.48829
551.06008	0.48547
551.30114	0.48291
551.54220	0.48062
551.78326	0.47864
552.02432	0.47698
552.26538	0.47567
552.50644	0.47471
552.74750	0.47411
552.98855	0.47384
553.22961	0.47391
553.47067	0.47428
553.71173	0.47492
553.95279	0.47582
554.19385	0.47693
554.43491	0.47824
554.67596	0.47972
554.91702	0.48133
555.15808	0.48308
555.39914	0.48493
555.64020	0.48688
555.88126	0.48892
556.12232	0.49102
556.36338	0.49318
556.60443	0.49539
556.84549	0.49761
557.08655	0.49983
557.32761	0.50200
557.56867	0.50411
557.80973	0.50611
558.05079	0.50797
558.29184	0.50967
558.53290	0.51120
558.77396	0.51254
559.01502	0.51370
559.25608	0.51471
559.49714	0.51556
559.73820	0.51630
559.97926	0.51693
560.22031	0.51746
560.46137	0.51791
560.70243	0.51826
560.94349	0.51851
561.18455	0.51865
561.42561	0.51868
561.66667	0.51859
561.90772	0.51837
562.14878	0.51804
562.38984	0.51762
562.63090	0.51711
562.87196	0.51655
563.11302	0.51595
563.35408	0.51534
563.59513	0.51474
563.83619	0.51415
564.07725	0.51360
564.31831	0.51310
564.55937	0.51265
564.80043	0.51225
565.04149	0.51192
565.28255	0.51166
565.52360	0.51147
565.76466	0.51136
566.00572	0.51133
566.24678	0.51137
566.48784	0.51149
566.72890	0.51166
566.96996	0.51187
567.21101	0.51210
567.45207	0.51233
567.69313	0.51255
567.93419	0.51274
568.17525	0.51289
568.41631	0.51300
568.65737	0.51308
568.89843	0.51314
569.13948	0.51320
569.38054	0.51328
569.62160	0.51340
569.86266	0.51356
570.10372	0.51379
570.34478	0.51407
570.58584	0.51441
570.82689	0.51481
571.06795	0.51524
571.30901	0.51571
571.55007	0.51621
571.79113	0.51674
572.03219	0.51732
572.27325	0.51794
572.51431	0.51861
572.75536	0.51934
572.99642	0.52012
573.23748	0.52093
573.47854	0.52177
573.71960	0.52262
573.96066	0.52346
574.20172	0.52428
574.44277	0.52508
574.68383	0.52585
574.92489	0.52660
575.16595	0.52735
575.40701	0.52812
575.64807	0.52894
575.88913	0.52985
576.13018	0.53085
576.37124	0.53197
576.61230	0.53323
576.85336	0.53463
577.09442	0.53616
577.33548	0.53782
577.57654	0.53959
577.81760	0.54145
578.05865	0.54339
578.29971	0.54539
578.54077	0.54744
578.78183	0.54954
579.02289	0.55168
579.26395	0.55385
579.50501	0.55604
579.74606	0.55825
579.98712	0.56044
580.22818	0.56261
580.46924	0.56471
580.71030	0.56674
580.95136	0.56867
581.19242	0.57052
581.43348	0.57227
581.67453	0.57396
581.91559	0.57560
582.15665	0.57723
582.39771	0.57887
582.63877	0.58055
582.87983	0.58227
583.12089	0.58404
583.36194	0.58586
583.60300	0.58774
583.84406	0.58965
584.08512	0.59160
584.32618	0.59359
584.56724	0.59562
584.80830	0.59769
585.04936	0.59981
585.29041	0.60198
585.53147	0.60420
585.77253	0.60645
586.01359	0.60872
586.25465	0.61100
586.49571	0.61324
586.73677	0.61543
586.97782	0.61754
587.21888	0.61955
587.45994	0.62143
587.70100	0.62318
587.94206	0.62480
588.18312	0.62629
588.42418	0.62769
588.66523	0.62900
588.90629	0.63024
589.14735	0.63144
589.38841	0.63260
589.62947	0.63373
589.87053	0.63484
590.11159	0.63590
590.35265	0.63693
590.59370	0.63792
590.83476	0.63886
591.07582	0.63977
591.31688	0.64064
591.55794	0.64150
591.79900	0.64234
592.04006	0.64319
592.28111	0.64405
592.52217	0.64492
592.76323	0.64579
593.00429	0.64664
593.24535	0.64745
593.48641	0.64821
593.72747	0.64888
593.96853	0.64944
594.20958	0.64989
594.45064	0.65021
594.69170	0.65040
594.93276	0.65047
595.17382	0.65042
595.41488	0.65027
595.65594	0.65002
595.89699	0.64968
596.13805	0.64926
596.37911	0.64874
596.62017	0.64812
596.86123	0.64741
597.10229	0.64660
597.34335	0.64570
597.58441	0.64472
597.82546	0.64368
598.06652	0.64261
598.30758	0.64156
598.54864	0.64055
598.78970	0.63963
599.03076	0.63883
599.27182	0.63819
599.51287	0.63773
599.75393	0.63746
599.99499	0.63736
600.23605	0.63742
600.47711	0.63759
600.71817	0.63782
600.95923	0.63806
601.20029	0.63823
601.44134	0.63828
601.68240	0.63815
601.92346	0.63781
602.16452	0.63722
602.40558	0.63637
602.64664	0.63526
602.88770	0.63392
603.12875	0.63235
603.36981	0.63057
603.61087	0.62862
603.85193	0.62650
604.09299	0.62423
604.33405	0.62182
604.57511	0.61928
604.81616	0.61659
605.05722	0.61377
605.29828	0.61082
605.53934	0.60774
605.78040	0.60454
606.02146	0.60122
606.26252	0.59779
606.50358	0.59425
606.74463	0.59061
606.98569	0.58688
607.22675	0.58306
607.46781	0.57914
607.70887	0.57512
607.94993	0.57100
608.19099	0.56677
608.43204	0.56242
608.67310	0.55794
608.91416	0.55331
609.15522	0.54852
609.39628	0.54354
609.63734	0.53836
609.87840	0.53297
610.11946	0.52736
610.36051	0.52152
610.60157	0.51546
610.84263	0.50920
611.08369	0.50276
611.32475	0.49618
611.56581	0.48950
611.80687	0.48278
612.04792	0.47607
612.28898	0.46942
612.53004	0.46291
612.77110	0.45660
613.01216	0.45054
613.25322	0.44480
613.49428	0.43942
613.73534	0.43446
613.97639	0.42995
614.21745	0.42593
614.45851	0.42241
614.69957	0.41941
614.94063	0.41690
615.18169	0.41488
615.42275	0.41330
615.66380	0.41212
615.90486	0.41127
616.14592	0.41068
616.38698	0.41029
616.62804	0.41003
616.86910	0.40981
617.11016	0.40960
617.35121	0.40933
617.59227	0.40898
617.83333	0.40851
618.07439	0.40791
618.31545	0.40719
618.55651	0.40634
618.79757	0.40537
619.03863	0.40429
619.27968	0.40312
619.52074	0.40186
619.76180	0.40053
620.00286	0.39914
620.24392	0.39771
620.48498	0.39623
620.72604	0.39473
620.96709	0.39320
621.20815	0.39166
621.44921	0.39011
621.69027	0.38854
621.93133	0.38693
622.17239	0.38528
622.41345	0.38357
622.65451	0.38177
622.89556	0.37985
623.13662	0.37780
623.37768	0.37560
623.61874	0.37325
623.85980	0.37074
624.10086	0.36809
624.34192	0.36531
624.58297	0.36243
624.82403	0.35947
625.06509	0.35645
625.30615	0.35339
625.54721	0.35031
625.78827	0.34721
626.02933	0.34410
626.27039	0.34098
626.51144	0.33785
626.75250	0.33471
626.99356	0.33156
627.23462	0.32841
627.47568	0.32524
627.71674	0.32206
627.95780	0.31885
628.19885	0.31559
628.43991	0.31226
628.68097	0.30884
628.92203	0.30529
629.16309	0.30160
629.40415	0.29778
629.64521	0.29384
629.88626	0.28982
630.12732	0.28578
630.36838	0.28181
630.60944	0.27801
630.85050	0.27445
631.09156	0.27123
631.33262	0.26842
631.57368	0.26606
631.81473	0.26417
632.05579	0.26273
632.29685	0.26171
632.53791	0.26103
632.77897	0.26063
633.02003	0.26042
633.26109	0.26032
633.50214	0.26026
633.74320	0.26017
633.98426	0.26001
634.22532	0.25973
634.46638	0.25933
634.70744	0.25877
634.94850	0.25808
635.18956	0.25725
635.43061	0.25631
635.67167	0.25528
635.91273	0.25419
636.15379	0.25304
636.39485	0.25187
636.63591	0.25069
636.87697	0.24952
637.11802	0.24837
637.35908	0.24724
637.60014	0.24613
637.84120	0.24504
638.08226	0.24397
638.32332	0.24290
638.56438	0.24182
638.80544	0.24071
639.04649	0.23957
639.28755	0.23837
639.52861	0.23713
639.76967	0.23582
640.01073	0.23444
640.25179	0.23300
640.49285	0.23150
640.73390	0.22993
640.97496	0.22830
641.21602	0.22660
641.45708	0.22485
641.69814	0.22303
641.93920	0.22116
642.18026	0.21924
642.42132	0.21729
642.66237	0.21532
642.90343	0.21336
643.14449	0.21143
643.38555	0.20957
643.62661	0.20780
643.86767	0.20615
644.10873	0.20463
644.34978	0.20326
644.59084	0.20205
644.83190	0.20099
645.07296	0.20007
645.31402	0.19929
645.55508	0.19862
645.79614	0.19805
646.03719	0.19755
646.27825	0.19710
646.51931	0.19669
646.76037	0.19628
647.00143	0.19586
647.24249	0.19542
647.48355	0.19493
647.72461	0.19439
647.96566	0.19378
648.20672	0.19309
648.44778	0.19233
648.68884	0.19149
648.92990	0.19058
649.17096	0.18960
649.41202	0.18855
649.65307	0.18746
649.89413	0.18632
650.13519	0.18515
650.37625	0.18395
650.61731	0.18272
650.85837	0.18147
651.09943	0.18021
651.34049	0.17893
651.58154	0.17763
651.82260	0.17632
652.06366	0.17501
652.30472	0.17368
652.54578	0.17235
652.78684	0.17101
653.02790	0.16966
653.26895	0.16830
653.51001	0.16693
653.75107	0.16554
653.99213	0.16410
654.23319	0.16262
654.47425	0.16107
654.71531	0.15944
654.95637	0.15771
655.19742	0.15587
655.43848	0.15390
655.67954	0.15181
655.92060	0.14959
656.16166	0.14724
656.40272	0.14477
656.64378	0.14217
656.88483	0.13946
657.12589	0.13666
657.36695	0.13377
657.60801	0.13084
657.84907	0.12789
658.09013	0.12497
658.33119	0.12212
658.57224	0.11940
658.81330	0.11686
659.05436	0.11456
659.29542	0.11255
659.53648	0.11086
659.77754	0.10951
660.01860	0.10852
660.25966	0.10786
660.50071	0.10751
660.74177	0.10741
660.98283	0.10752
661.22389	0.10778
661.46495	0.10811
661.70601	0.10847
661.94707	0.10879
662.18812	0.10904
662.42918	0.10919
662.67024	0.10922
662.91130	0.10912
663.15236	0.10890
663.39342	0.10854
663.63448	0.10807
663.87554	0.10750
664.11659	0.10683
664.35765	0.10607
664.59871	0.10523
664.83977	0.10433
665.08083	0.10336
665.32189	0.10233
665.56295	0.10126
665.80400	0.10015
666.04506	0.09900
666.28612	0.09784
666.52718	0.09665
666.76824	0.09545
667.00930	0.09423
667.25036	0.09301
667.49142	0.09178
667.73247	0.09055
667.97353	0.08930
668.21459	0.08805
668.45565	0.08679
668.69671	0.08552
668.93777	0.08424
669.17883	0.08296
669.41988	0.08167
669.66094	0.08038
669.90200	0.07909
670.14306	0.07780
670.38412	0.07652
670.62518	0.07525
670.86624	0.07399
671.10729	0.07274
671.34835	0.07152
671.58941	0.07031
671.83047	0.06913
672.07153	0.06797
672.31259	0.06683
672.55365	0.06571
672.79471	0.06460
673.03576	0.06350
673.27682	0.06242
673.51788	0.06133
673.75894	0.06025
674.00000	0.05917
674.24106	0.05809
674.48212	0.05701
674.72317	0.05593
674.96423	0.05485
675.20529	0.05378
675.44635	0.05271
675.68741	0.05164
675.92847	0.05058
676.16953	0.04953
676.41059	0.04848
676.65164	0.04742
676.89270	0.04637
677.13376	0.04532
677.37482	0.04427
677.61588	0.04322
677.85694	0.04217
678.09800	0.04114
678.33905	0.04012
678.58011	0.03912
678.82117	0.03814
679.06223	0.03719
679.30329	0.03626
679.54435	0.03536
679.78541	0.03449
680.02647	0.03365
680.26752	0.03282
680.50858	0.03202
680.74964	0.03124
680.99070	0.03047
681.23176	0.02972
681.47282	0.02900
681.71388	0.02829
681.95493	0.02760
682.19599	0.02694
682.43705	0.02629
682.67811	0.02566
682.91917	0.02504
683.16023	0.02443
683.40129	0.02384
683.64234	0.02325
683.88340	0.02267
684.12446	0.02210
684.36552	0.02155
684.60658	0.02102
684.84764	0.02050
685.08870	0.02001
685.32976	0.01954
685.57081	0.01909
685.81187	0.01866
686.05293	0.01825
686.29399	0.01786
686.53505	0.01748
686.77611	0.01711
687.01717	0.01675
687.25822	0.01640
687.49928	0.01607
687.74034	0.01574
687.98140	0.01543
688.22246	0.01513
688.46352	0.01483
688.70458	0.01454
688.94564	0.01426
689.18669	0.01399
689.42775	0.01374
689.66881	0.01349
689.90987	0.01327
690.15093	0.01306
690.39199	0.01288
690.63305	0.01271
690.87410	0.01255
691.11516	0.01241
691.35622	0.01227
691.59728	0.01214
691.83834	0.01200
692.07940	0.01186
692.32046	0.01171
692.56152	0.01156
692.80257	0.01139
693.04363	0.01121
693.28469	0.01102
693.52575	0.01082
693.76681	0.01061
694.00787	0.01038
694.24893	0.01014
694.48998	0.00990
694.73104	0.00965
694.97210	0.00939
695.21316	0.00914
695.45422	0.00889
695.69528	0.00864
695.93634	0.00839
696.17740	0.00814
696.41845	0.00790
696.65951	0.00765
696.90057	0.00739
697.14163	0.00714
697.38269	0.00688
697.62375	0.00662
697.86481	0.00636
698.10586	0.00610
698.34692	0.00585
698.58798	0.00561
698.82904	0.00538
699.07010	0.00515
699.31116	0.00493
699.55222	0.00472
699.79327	0.00452
700.03433	0.00434
700.27539	0.00416
700.51645	0.00400
700.75751	0.00385
700.99857	0.00372
701.23963	0.00361
701.48069	0.00352
701.72174	0.00344
701.96280	0.00336
702.20386	0.00329
702.44492	0.00323
702.68598	0.00316
702.92704	0.00309
703.16810	0.00302
703.40915	0.00295
703.65021	0.00288
703.89127	0.00283
704.13233	0.00278
704.37339	0.00274
704.61445	0.00271
704.85551	0.00269
705.09657	0.00267
705.33762	0.00266
705.57868	0.00265
705.81974	0.00264
706.06080	0.00263
706.30186	0.00262
706.54292	0.00260
706.78398	0.00258
707.02503	0.00257
707.26609	0.00255
707.50715	0.00253
707.74821	0.00252
707.98927	0.00252
708.23033	0.00252
708.47139	0.00252
708.71245	0.00252
708.95350	0.00252
709.19456	0.00253
709.43562	0.00253
709.67668	0.00253
709.91774	0.00253
710.15880	0.00254
710.39986	0.00255
710.64091	0.00256
710.88197	0.00257
711.12303	0.00259
711.36409	0.00261
711.60515	0.00262
711.84621	0.00264
712.08727	0.00264
712.32832	0.00265
712.56938	0.00264
712.81044	0.00263
713.05150	0.00262
713.29256	0.00260
713.53362	0.00257
713.77468	0.00255
714.01574	0.00253
714.25679	0.00251
714.49785	0.00249
714.73891	0.00247
714.97997	0.00245
715.22103	0.00244
715.46209	0.00243
715.70315	0.00242
715.94420	0.00242
716.18526	0.00242
716.42632	0.00242
716.66738	0.00243
716.90844	0.00244
717.14950	0.00244
717.39056	0.00245
717.63162	0.00244
717.87267	0.00244
718.11373	0.00242
718.35479	0.00241
718.59585	0.00238
718.83691	0.00236
719.07797	0.00234
719.31903	0.00233
719.56008	0.00232
719.80114	0.00232
720.04220	0.00232
720.28326	0.00234
720.52432	0.00235
720.76538	0.00236
721.00644	0.00237
721.24750	0.00238
721.48855	0.00238
721.72961	0.00238
721.97067	0.00238
722.21173	0.00237
722.45279	0.00237
722.69385	0.00238
722.93491	0.00239
723.17596	0.00241
723.41702	0.00242
723.65808	0.00244
723.89914	0.00246
724.14020	0.00247
724.38126	0.00247
724.62232	0.00246
724.86337	0.00245
725.10443	0.00244
725.34549	0.00242
725.58655	0.00241
725.82761	0.00239
726.06867	0.00238
726.30973	0.00237
726.55079	0.00237
726.79184	0.00236
727.03290	0.00236
727.27396	0.00236
727.51502	0.00236
727.75608	0.00236
727.99714	0.00236
728.23820	0.00236
728.47925	0.00235
728.72031	0.00235
728.96137	0.00234
729.20243	0.00233
729.44349	0.00232
729.68455	0.00231
729.92561	0.00229
730.16667	0.00228
730.40772	0.00226
730.64878	0.00224
730.88984	0.00222
731.13090	0.00221
731.37196	0.00219
731.61302	0.00217
731.85408	0.00216
732.09513	0.00215
732.33619	0.00214
732.57725	0.00212
732.81831	0.00211
733.05937	0.00210
733.30043	0.00209
733.54149	0.00209
733.78255	0.00208
734.02360	0.00208
734.26466	0.00209
734.50572	0.00209
734.74678	0.00211
734.98784	0.00212
735.22890	0.00214
735.46996	0.00216
735.71101	0.00218
735.95207	0.00219
736.19313	0.00221
736.43419	0.00221
736.67525	0.00222
736.91631	0.00222
737.15737	0.00221
737.39842	0.00221
737.63948	0.00220
737.88054	0.00219
738.12160	0.00218
738.36266	0.00217
738.60372	0.00216
738.84478	0.00216
739.08584	0.00215
739.32689	0.00214
739.56795	0.00213
739.80901	0.00212
740.05007	0.00211
740.29113	0.00209
740.53219	0.00208
740.77325	0.00207
741.01430	0.00206
741.25536	0.00206
741.49642	0.00206
741.73748	0.00207
741.97854	0.00208
742.21960	0.00209
742.46066	0.00210
742.70172	0.00210
742.94277	0.00210
743.18383	0.00209
743.42489	0.00208
743.66595	0.00206
743.90701	0.00205
744.14807	0.00204
744.38913	0.00205
744.63018	0.00206
744.87124	0.00209
745.11230	0.00212
745.35336	0.00216
745.59442	0.00221
745.83548	0.00226
746.07654	0.00231
746.31760	0.00235
746.55865	0.00239
746.79971	0.00243
747.04077	0.00247
747.28183	0.00251
747.52289	0.00254
747.76395	0.00258
748.00501	0.00262
748.24606	0.00266
748.48712	0.00270
748.72818	0.00274
748.96924	0.00280
749.21030	0.00285
749.45136	0.00292
749.69242	0.00299
749.93348	0.00307
750.17453	0.00316
750.41559	0.00325
750.65665	0.00335
750.89771	0.00344
751.13877	0.00353
751.37983	0.00361
751.62089	0.00370
751.86194	0.00378
752.10300	0.00385
752.34406	0.00393
752.58512	0.00401
752.82618	0.00410
753.06724	0.00418
753.30830	0.00428
753.54935	0.00438
753.79041	0.00449
754.03147	0.00460
754.27253	0.00472
754.51359	0.00484
754.75465	0.00498
754.99571	0.00512
755.23677	0.00526
755.47782	0.00541
755.71888	0.00557
755.95994	0.00573
756.20100	0.00589
756.44206	0.00606
756.68312	0.00622
756.92418	0.00639
757.16523	0.00656
757.40629	0.00672
757.64735	0.00688
757.88841	0.00704
758.12947	0.00719
758.37053	0.00734
758.61159	0.00749
758.85265	0.00765
759.09370	0.00780
759.33476	0.00796
759.57582	0.00812
759.81688	0.00828
760.05794	0.00845
760.29900	0.00862
760.54006	0.00878
760.78111	0.00894
761.02217	0.00908
761.26323	0.00922
761.50429	0.00935
761.74535	0.00947
761.98641	0.00958
762.22747	0.00969
762.46853	0.00979
762.70958	0.00989
762.95064	0.00998
763.19170	0.01008
763.43276	0.01017
763.67382	0.01026
763.91488	0.01034
764.15594	0.01041
764.39699	0.01048
764.63805	0.01055
764.87911	0.01061
765.12017	0.01068
765.36123	0.01074
765.60229	0.01080
765.84335	0.01087
766.08440	0.01094
766.32546	0.01102
766.56652	0.01109
766.80758	0.01116
767.04864	0.01123
767.28970	0.01130
767.53076	0.01135
767.77182	0.01140
768.01287	0.01144
768.25393	0.01148
768.49499	0.01150
768.73605	0.01153
768.97711	0.01155
769.21817	0.01158
769.45923	0.01162
769.70028	0.01166
769.94134	0.01171
770.18240	0.01177
770.42346	0.01184
770.66452	0.01192
770.90558	0.01200
771.14664	0.01209
771.38770	0.01218
771.62875	0.01228
771.86981	0.01238
772.11087	0.01249
772.35193	0.01262
772.59299	0.01276
772.83405	0.01292
773.07511	0.01309
773.31616	0.01329
773.55722	0.01349
773.79828	0.01372
774.03934	0.01395
774.28040	0.01418
774.52146	0.01442
774.76252	0.01466
775.00358	0.01490
775.24463	0.01514
775.48569	0.01536
775.72675	0.01558
775.96781	0.01580
776.20887	0.01600
776.44993	0.01620
776.69099	0.01640
776.93204	0.01658
777.17310	0.01676
777.41416	0.01693
777.65522	0.01710
777.89628	0.01726
778.13734	0.01741
778.37840	0.01756
778.61945	0.01771
778.86051	0.01786
779.10157	0.01801
779.34263	0.01816
779.58369	0.01831
779.82475	0.01847
780.06581	0.01862
780.30687	0.01876
780.54792	0.01890
780.78898	0.01904
781.03004	0.01916
781.27110	0.01928
781.51216	0.01939
781.75322	0.01951
781.99428	0.01962
782.23533	0.01973
782.47639	0.01984
782.71745	0.01995
782.95851	0.02006
783.19957	0.02017
783.44063	0.02027
783.68169	0.02036
783.92275	0.02044
784.16380	0.02050
784.40486	0.02054
784.64592	0.02056
784.88698	0.02057
785.12804	0.02056
785.36910	0.02053
785.61016	0.02049
785.85121	0.02044
786.09227	0.02039
786.33333	0.02032
786.57439	0.02024
786.81545	0.02015
787.05651	0.02004
787.29757	0.01992
787.53863	0.01979
787.77968	0.01963
788.02074	0.01946
788.26180	0.01927
788.50286	0.01907
788.74392	0.01885
788.98498	0.01863
789.22604	0.01839
789.46709	0.01816
789.70815	0.01793
789.94921	0.01770
790.19027	0.01749
790.43133	0.01729
790.67239	0.01710
790.91345	0.01692
791.15451	0.01675
791.39556	0.01659
791.63662	0.01642
791.87768	0.01625
792.11874	0.01607
792.35980	0.01590
792.60086	0.01572
792.84192	0.01555
793.08297	0.01538
793.32403	0.01524
793.56509	0.01511
793.80615	0.01502
794.04721	0.01495
794.28827	0.01491
794.52933	0.01490
794.77038	0.01492
795.01144	0.01495
795.25250	0.01499
795.49356	0.01505
795.73462	0.01510
795.97568	0.01514
796.21674	0.01518
796.45780	0.01521
796.69885	0.01523
796.93991	0.01524
797.18097	0.01525
797.42203	0.01525
797.66309	0.01525
797.90415	0.01525
798.14521	0.01524
798.38626	0.01523
798.62732	0.01522
798.86838	0.01520
799.10944	0.01517
799.35050	0.01515
799.59156	0.01512
799.83262	0.01510
800.07368	0.01509
800.31473	0.01508
800.55579	0.01509
800.79685	0.01510
801.03791	0.01511
801.27897	0.01513
801.52003	0.01514
801.76109	0.01514
802.00214	0.01513
802.24320	0.01511
802.48426	0.01507
802.72532	0.01502
802.96638	0.01495
803.20744	0.01487
803.44850	0.01479
803.68956	0.01470
803.93061	0.01461
804.17167	0.01451
804.41273	0.01441
804.65379	0.01431
804.89485	0.01420
805.13591	0.01409
805.37697	0.01397
805.61802	0.01384
805.85908	0.01370
806.10014	0.01356
806.34120	0.01340
806.58226	0.01324
806.82332	0.01308
807.06438	0.01292
807.30543	0.01275
807.54649	0.01260
807.78755	0.01246
808.02861	0.01234
808.26967	0.01225
808.51073	0.01219
808.75179	0.01217
808.99285	0.01219
809.23390	0.01225
809.47496	0.01236
809.71602	0.01252
809.95708	0.01273
810.19814	0.01297
810.43920	0.01324
810.68026	0.01355
810.92131	0.01387
811.16237	0.01419
811.40343	0.01452
811.64449	0.01485
811.88555	0.01516
812.12661	0.01546
812.36767	0.01574
812.60873	0.01601
812.84978	0.01626
813.09084	0.01649
813.33190	0.01672
813.57296	0.01693
813.81402	0.01713
814.05508	0.01732
814.29614	0.01750
814.53719	0.01767
814.77825	0.01783
815.01931	0.01798
815.26037	0.01812
815.50143	0.01825
815.74249	0.01837
815.98355	0.01848
816.22461	0.01858
816.46566	0.01867
816.70672	0.01876
816.94778	0.01883
817.18884	0.01889
817.42990	0.01893
817.67096	0.01897
817.91202	0.01900
818.15307	0.01902
818.39413	0.01902
818.63519	0.01903
818.87625	0.01902
819.11731	0.01901
819.35837	0.01900
819.59943	0.01899
819.84048	0.01898
820.08154	0.01896
820.32260	0.01894
820.56366	0.01892
820.80472	0.01889
821.04578	0.01886
821.28684	0.01882
821.52790	0.01878
821.76895	0.01874
822.01001	0.01870
822.25107	0.01865
822.49213	0.01860
822.73319	0.01855
822.97425	0.01849
823.21531	0.01844
823.45636	0.01838
823.69742	0.01833
823.93848	0.01826
824.17954	0.01820
824.42060	0.01813
824.66166	0.01806
824.90272	0.01798
825.14378	0.01789
825.38483	0.01780
825.62589	0.01769
825.86695	0.01758
826.10801	0.01747
826.34907	0.01734
826.59013	0.01722
826.83119	0.01709
827.07224	0.01697
827.31330	0.01684
827.55436	0.01672
827.79542	0.01660
828.03648	0.01647
828.27754	0.01633
828.51860	0.01619
828.75966	0.01604
829.00071	0.01588
829.24177	0.01571
829.48283	0.01553
829.72389	0.01534
829.96495	0.01516
830.20601	0.01497
830.44707	0.01479
830.68812	0.01460
830.92918	0.01443
831.17024	0.01425
831.41130	0.01406
831.65236	0.01388
831.89342	0.01368
832.13448	0.01347
832.37553	0.01324
832.61659	0.01300
832.85765	0.01275
833.09871	0.01248
833.33977	0.01220
833.58083	0.01191
833.82189	0.01162
834.06295	0.01131
834.30400	0.01100
834.54506	0.01068
834.78612	0.01034
835.02718	0.00998
835.26824	0.00959
835.50930	0.00918
835.75036	0.00874
835.99141	0.00827
836.23247	0.00777
836.47353	0.00726
836.71459	0.00674
836.95565	0.00621
837.19671	0.00568
837.43777	0.00517
837.67883	0.00468
837.91988	0.00421
838.16094	0.00378
838.40200	0.00339
838.64306	0.00303
838.88412	0.00273
839.12518	0.00246
839.36624	0.00224
839.60729	0.00207
839.84835	0.00194
840.08941	0.00185
840.33047	0.00180
840.57153	0.00178
840.81259	0.00179
841.05365	0.00182
841.29471	0.00187
841.53576	0.00194
841.77682	0.00202
842.01788	0.00212
842.25894	0.00223
842.50000	0.00234
842.74106	0.00246
842.98212	0.00259
843.22317	0.00272
843.46423	0.00285
843.70529	0.00299
843.94635	0.00313
844.18741	0.00327
844.42847	0.00341
844.66953	0.00355
844.91059	0.00368
845.15164	0.00381
845.39270	0.00393
845.63376	0.00405
845.87482	0.00416
846.11588	0.00427
846.35694	0.00437
846.59800	0.00446
846.83905	0.00455
847.08011	0.00464
847.32117	0.00473
847.56223	0.00481
847.80329	0.00489
848.04435	0.00496
848.28541	0.00504
848.52646	0.00511
848.76752	0.00518
849.00858	0.00525
849.24964	0.00532
849.49070	0.00539
849.73176	0.00546
849.97282	0.00553
850.21388	0.00560
850.45493	0.00567
850.69599	0.00575
850.93705	0.00582
851.17811	0.00590
851.41917	0.00599
851.66023	0.00607
851.90129	0.00616
852.14234	0.00624
852.38340	0.00632
852.62446	0.00639
852.86552	0.00646
853.10658	0.00652
853.34764	0.00658
853.58870	0.00663
853.82976	0.00669
854.07081	0.00674
854.31187	0.00680
854.55293	0.00687
854.79399	0.00694
855.03505	0.00701
855.27611	0.00709
855.51717	0.00717
855.75822	0.00725
855.99928	0.00733
856.24034	0.00741
856.48140	0.00748
856.72246	0.00756
856.96352	0.00763
857.20458	0.00770
857.44564	0.00777
857.68669	0.00784
857.92775	0.00790
858.16881	0.00796
858.40987	0.00801
858.65093	0.00805
858.89199	0.00809
859.13305	0.00811
859.37410	0.00813
859.61516	0.00814
859.85622	0.00815
860.09728	0.00815
860.33834	0.00815
860.57940	0.00814
860.82046	0.00813
861.06151	0.00812
861.30257	0.00810
861.54363	0.00808
861.78469	0.00806
862.02575	0.00803
862.26681	0.00799
862.50787	0.00794
862.74893	0.00789
862.98998	0.00783
863.23104	0.00777
863.47210	0.00771
863.71316	0.00765
863.95422	0.00759
864.19528	0.00753
864.43634	0.00747
864.67739	0.00741
864.91845	0.00735
865.15951	0.00728
865.40057	0.00721
865.64163	0.00712
865.88269	0.00703
866.12375	0.00693
866.36481	0.00682
866.60586	0.00671
866.84692	0.00660
867.08798	0.00648
867.32904	0.00637
867.57010	0.00626
867.81116	0.00615
868.05222	0.00603
868.29327	0.00591
868.53433	0.00578
868.77539	0.00564
869.01645	0.00549
869.25751	0.00533
869.49857	0.00516
869.73963	0.00500
869.98069	0.00483
870.22174	0.00469
870.46280	0.00456
870.70386	0.00446
870.94492	0.00439
871.18598	0.00437
871.42704	0.00438
871.66810	0.00443
871.90915	0.00451
872.15021	0.00463
872.39127	0.00478
872.63233	0.00495
872.87339	0.00513
873.11445	0.00533
873.35551	0.00552
873.59656	0.00571
873.83762	0.00588
874.07868	0.00603
874.31974	0.00617
874.56080	0.00629
874.80186	0.00639
875.04292	0.00647
875.28398	0.00654
875.52503	0.00660
875.76609	0.00665
876.00715	0.00669
876.24821	0.00673
876.48927	0.00676
876.73033	0.00678
876.97139	0.00679
877.21244	0.00680
877.45350	0.00679
877.69456	0.00676
877.93562	0.00673
878.17668	0.00667
878.41774	0.00661
878.65880	0.00653
878.89986	0.00644
879.14091	0.00634
879.38197	0.00624
879.62303	0.00613
879.86409	0.00603
880.10515	0.00592
880.34621	0.00582
880.58727	0.00572
880.82832	0.00563
881.06938	0.00554
881.31044	0.00546
881.55150	0.00538
881.79256	0.00531
882.03362	0.00523
882.27468	0.00516
882.51574	0.00509
882.75679	0.00502
882.99785	0.00495
883.23891	0.00488
883.47997	0.00481
883.72103	0.00474
883.96209	0.00467
884.20315	0.00459
884.44420	0.00450
884.68526	0.00440
884.92632	0.00429
885.16738	0.00417
885.40844	0.00404
885.64950	0.00391
885.89056	0.00378
886.13161	0.00365
886.37267	0.00353
886.61373	0.00342
886.85479	0.00332
887.09585	0.00322
887.33691	0.00314
887.57797	0.00307
887.81903	0.00300
888.06008	0.00295
888.30114	0.00290
888.54220	0.00285
888.78326	0.00281
889.02432	0.00277
889.26538	0.00273
889.50644	0.00270
889.74749	0.00267
889.98855	0.00264
890.22961	0.00261
890.47067	0.00258
890.71173	0.00255
890.95279	0.00252
891.19385	0.00249
891.43491	0.00247
891.67596	0.00245
891.91702	0.00243
892.15808	0.00241
892.39914	0.00239
892.64020	0.00237
892.88126	0.00235
893.12232	0.00232
893.36337	0.00228
893.60443	0.00224
893.84549	0.00220
894.08655	0.00215
894.32761	0.00210
894.56867	0.00204
894.80973	0.00199
895.05079	0.00195
895.29184	0.00191
895.53290	0.00187
895.77396	0.00183
896.01502	0.00179
896.25608	0.00175
896.49714	0.00171
896.73820	0.00167
896.97925	0.00161
897.22031	0.00155
897.46137	0.00148
897.70243	0.00141
897.94349	0.00135
898.18455	0.00128
898.42561	0.00122
898.66667	0.00117
898.90772	0.00113
899.14878	0.00109
899.38984	0.00107
899.63090	0.00104
