0.00000	0.11161
0.24106	0.11373
0.48212	0.11938
0.72318	0.12652
0.96423	0.13247
1.20529	0.13460
1.44635	0.13109
1.68741	0.12142
1.92847	0.10641
2.16953	0.08798
2.41059	0.06869
2.65165	0.05074
2.89270	0.03577
3.13376	0.02460
3.37482	0.01723
3.61588	0.01303
3.85694	0.01103
4.09800	0.00994
4.33906	0.00938
4.58011	0.00903
4.82117	0.00878
5.06223	0.00868
5.30329	0.00881
5.54435	0.00922
5.78541	0.00985
6.02647	0.01058
6.26753	0.01128
6.50858	0.01181
6.74964	0.01216
6.99070	0.01233
7.23176	0.01239
7.47282	0.01240
7.71388	0.01242
7.95494	0.01244
8.19599	0.01244
8.43705	0.01238
8.67811	0.01223
8.91917	0.01201
9.16023	0.01177
9.40129	0.01156
9.64235	0.01143
9.88340	0.01140
10.12446	0.01145
10.36552	0.01155
10.60658	0.01164
10.84764	0.01168
11.08870	0.01168
11.32976	0.01166
11.57082	0.01164
11.81187	0.01167
12.05293	0.01173
12.29399	0.01183
12.53505	0.01190
12.77611	0.01191
13.01717	0.01184
13.25823	0.01170
13.49928	0.01153
13.74034	0.01137
13.98140	0.01129
14.22246	0.01130
14.46352	0.01139
14.70458	0.01153
14.94564	0.01165
15.18670	0.01170
15.42775	0.01166
15.66881	0.01152
15.90987	0.01130
16.15093	0.01104
16.39199	0.01074
16.63305	0.01043
16.87411	0.01008
17.11516	0.00968
17.35622	0.00921
17.59728	0.00866
17.83834	0.00804
18.07940	0.00739
18.32046	0.00674
18.56152	0.00611
18.80258	0.00551
19.04363	0.00495
19.28469	0.00439
19.52575	0.00351
19.76681	0.00261
20.00787	0.00188
20.24893	0.00144
20.48999	0.00141
20.73104	0.00179
20.97210	0.00255
21.21316	0.00353
21.45422	0.00479
21.69528	0.00622
21.93634	0.00781
22.17740	0.00953
22.41845	0.01132
22.65951	0.01312
22.90057	0.01487
23.14163	0.01655
23.38269	0.01815
23.62375	0.01967
23.86481	0.02114
24.10587	0.02259
24.34692	0.02404
24.58798	0.02552
24.82904	0.02701
25.07010	0.02850
25.31116	0.03000
25.55222	0.03149
25.79328	0.03298
26.03433	0.03446
26.27539	0.03595
26.51645	0.03744
26.75751	0.03896
26.99857	0.04051
27.23963	0.04215
27.48069	0.04393
27.72175	0.04594
27.96280	0.04826
28.20386	0.05096
28.44492	0.05405
28.68598	0.05754
28.92704	0.06137
29.16810	0.06547
29.40916	0.06979
29.65021	0.07426
29.89127	0.07886
30.13233	0.08357
30.37339	0.08837
30.61445	0.09323
30.85551	0.09810
31.09657	0.10287
31.33763	0.10743
31.57868	0.11167
31.81974	0.11549
32.06080	0.11884
32.30186	0.12173
32.54292	0.12422
32.78398	0.12645
33.02504	0.12858
33.26609	0.13078
33.50715	0.13325
33.74821	0.13615
33.98927	0.13963
34.23033	0.14381
34.47139	0.14873
34.71245	0.15441
34.95350	0.16078
35.19456	0.16775
35.43562	0.17519
35.67668	0.18300
35.91774	0.19113
36.15880	0.19965
36.39986	0.20871
36.64092	0.21861
36.88197	0.22966
37.12303	0.24219
37.36409	0.25638
37.60515	0.27223
37.84621	0.28951
38.08727	0.30769
38.32833	0.32604
38.56938	0.34369
38.81044	0.35976
39.05150	0.37348
39.29256	0.38431
39.53362	0.39205
39.77468	0.39682
40.01574	0.39910
40.25680	0.39959
40.49785	0.39915
40.73891	0.39866
40.97997	0.39889
41.22103	0.40041
41.46209	0.40356
41.70315	0.40841
41.94421	0.41481
42.18526	0.42248
42.42632	0.43111
42.66738	0.44043
42.90844	0.45028
43.14950	0.46065
43.39056	0.47163
43.63162	0.48336
43.87268	0.49592
44.11373	0.50928
44.35479	0.52322
44.59585	0.53730
44.83691	0.55092
45.07797	0.56336
45.31903	0.57393
45.56009	0.58206
45.80114	0.58741
46.04220	0.58996
46.28326	0.59003
46.52432	0.58824
46.76538	0.58544
47.00644	0.58264
47.24750	0.58084
47.48855	0.58095
47.72961	0.58367
47.97067	0.58943
48.21173	0.59840
48.45279	0.61050
48.69385	0.62551
48.93491	0.64315
49.17597	0.66321
49.41702	0.68562
49.65808	0.71049
49.89914	0.73809
50.14020	0.76874
50.38126	0.80267
50.62232	0.83991
50.86338	0.88011
51.10443	0.92247
51.34549	0.96579
51.58655	1.00853
51.82761	1.04902
52.06867	1.08571
52.30973	1.11733
52.55079	1.14316
52.79185	1.16304
53.03290	1.17740
53.27396	1.18715
53.51502	1.19348
53.75608	1.19762
53.99714	1.20068
54.23820	1.20344
54.47926	1.20636
54.72031	1.20956
54.96137	1.21294
55.20243	1.21638
55.44349	1.21992
55.68455	1.22389
55.92561	1.22901
56.16667	1.23636
56.40773	1.24730
56.64878	1.26319
56.88984	1.28519
57.13090	1.31394
57.37196	1.34942
57.61302	1.39076
57.85408	1.43633
58.09514	1.48388
58.33619	1.53085
58.57725	1.57466
58.81831	1.61312
59.05937	1.64470
59.30043	1.66867
59.54149	1.68513
59.78255	1.69493
60.02361	1.69933
60.26466	1.69978
60.50572	1.69755
60.74678	1.69355
60.98784	1.68818
61.22890	1.68140
61.46996	1.67284
61.71102	1.66206
61.95207	1.64881
62.19313	1.63331
62.43419	1.61633
62.67525	1.59928
62.91631	1.58401
63.15737	1.57264
63.39843	1.56719
63.63948	1.56925
63.88054	1.57973
64.12160	1.59861
64.36266	1.62498
64.60372	1.65708
64.84478	1.69262
65.08584	1.72908
65.32690	1.76407
65.56795	1.79564
65.80901	1.82246
66.05007	1.84391
66.29113	1.85993
66.53219	1.87086
66.77325	1.87715
67.01431	1.87911
67.25536	1.87676
67.49642	1.86971
67.73748	1.85730
67.97854	1.83873
68.21960	1.81335
68.46066	1.78089
68.70172	1.74171
68.94278	1.69682
69.18383	1.64794
69.42489	1.59722
69.66595	1.54708
69.90701	1.49985
70.14807	1.45753
70.38913	1.42150
70.63019	1.39247
70.87124	1.37047
71.11230	1.35502
71.35336	1.34531
71.59442	1.34045
71.83548	1.33973
72.07654	1.34274
72.31760	1.34942
72.55866	1.36004
72.79971	1.37501
73.04077	1.39465
73.28183	1.41895
73.52289	1.44735
73.76395	1.47870
74.00501	1.51120
74.24607	1.54253
74.48712	1.57015
74.72818	1.59162
74.96924	1.60491
75.21030	1.60871
75.45136	1.60268
75.69242	1.58748
75.93348	1.56470
76.17453	1.53668
76.41559	1.50620
76.65665	1.47616
76.89771	1.44923
77.13877	1.42758
77.37983	1.41274
77.62089	1.40556
77.86195	1.40623
78.10300	1.41441
78.34406	1.42949
78.58512	1.45073
78.82618	1.47745
79.06724	1.50915
79.30830	1.54543
79.54936	1.58603
79.79041	1.63057
80.03147	1.67846
80.27253	1.72872
80.51359	1.77989
80.75465	1.83007
80.99571	1.87707
81.23677	1.91859
81.47783	1.95263
81.71888	1.97766
81.95994	1.99297
82.20100	1.99875
82.44206	1.99609
82.68312	1.98684
82.92418	1.97328
83.16524	1.95782
83.40629	1.94261
83.64735	1.92927
83.88841	1.91871
84.12947	1.91119
84.37053	1.90640
84.61159	1.90379
84.85265	1.90280
85.09371	1.90323
85.33476	1.90536
85.57582	1.91004
85.81688	1.91856
86.05794	1.93236
86.29900	1.95275
86.54006	1.98047
86.78112	2.01544
87.02217	2.05655
87.26323	2.10170
87.50429	2.14801
87.74535	2.19216
87.98641	2.23090
88.22747	2.26150
88.46853	2.28216
88.70958	2.29226
88.95064	2.29239
89.19170	2.28416
89.43276	2.26986
89.67382	2.25198
89.91488	2.23279
90.15594	2.21395
90.39700	2.19629
90.63805	2.17987
90.87911	2.16408
91.12017	2.14808
91.36123	2.13111
91.60229	2.11288
91.84335	2.09384
92.08441	2.07520
92.32546	2.05884
92.56652	2.04697
92.80758	2.04174
93.04864	2.04478
93.28970	2.05689
93.53076	2.07773
93.77182	2.10590
94.01288	2.13905
94.25393	2.17426
94.49499	2.20847
94.73605	2.23899
94.97711	2.26384
95.21817	2.28202
95.45923	2.29352
95.70029	2.29920
95.94134	2.30048
96.18240	2.29893
96.42346	2.29588
96.66452	2.29211
96.90558	2.28774
97.14664	2.28218
97.38770	2.27437
97.62876	2.26309
97.86981	2.24734
98.11087	2.22672
98.35193	2.20159
98.59299	2.17325
98.83405	2.14376
99.07511	2.11571
99.31617	2.09183
99.55722	2.07457
99.79828	2.06571
100.03934	2.06611
100.28040	2.07559
100.52146	2.09303
100.76252	2.11656
101.00358	2.14396
101.24464	2.17300
101.48569	2.20182
101.72675	2.22913
101.96781	2.25435
102.20887	2.27749
102.44993	2.29895
102.69099	2.31926
102.93205	2.33873
103.17310	2.35722
103.41416	2.37401
103.65522	2.38785
103.89628	2.39717
104.13734	2.40035
104.37840	2.39611
104.61946	2.38384
104.86051	2.36384
105.10157	2.33738
105.34263	2.30656
105.58369	2.27411
105.82475	2.24292
106.06581	2.21568
106.30687	2.19443
106.54793	2.18038
106.78898	2.17377
107.03004	2.17398
107.27110	2.17977
107.51216	2.18968
107.75322	2.20237
107.99428	2.21696
108.23534	2.23319
108.47639	2.25150
108.71745	2.27277
108.95851	2.29812
109.19957	2.32843
109.44063	2.36405
109.68169	2.40448
109.92275	2.44826
110.16381	2.49306
110.40486	2.53598
110.64592	2.57395
110.88698	2.60418
111.12804	2.62466
111.36910	2.63445
111.61016	2.63381
111.85122	2.62416
112.09227	2.60779
112.33333	2.58745
112.57439	2.56590
112.81545	2.54547
113.05651	2.52775
113.29757	2.51350
113.53863	2.50267
113.77969	2.49463
114.02074	2.48854
114.26180	2.48372
114.50286	2.47993
114.74392	2.47759
114.98498	2.47781
115.22604	2.48218
115.46710	2.49253
115.70815	2.51043
115.94921	2.53688
116.19027	2.57187
116.43133	2.61432
116.67239	2.66202
116.91345	2.71189
117.15451	2.76041
117.39556	2.80410
117.63662	2.84006
117.87768	2.86633
118.11874	2.88222
118.35980	2.88828
118.60086	2.88607
118.84192	2.87787
119.08298	2.86610
119.32403	2.85293
119.56509	2.83984
119.80615	2.82749
120.04721	2.81571
120.28827	2.80372
120.52933	2.79053
120.77039	2.77533
121.01144	2.75791
121.25250	2.73889
121.49356	2.71982
121.73462	2.70297
121.97568	2.69103
122.21674	2.68664
122.45780	2.69190
122.69886	2.70793
122.93991	2.73469
123.18097	2.77087
123.42203	2.81410
123.66309	2.86135
123.90415	2.90940
124.14521	2.95534
124.38627	2.99700
124.62732	3.03316
124.86838	3.06363
125.10944	3.08903
125.35050	3.11047
125.59156	3.12908
125.83262	3.14567
126.07368	3.16038
126.31474	3.17260
126.55579	3.18110
126.79685	3.18426
127.03791	3.18052
127.27897	3.16882
127.52003	3.14896
127.76109	3.12182
128.00215	3.08938
128.24320	3.05450
128.48426	3.02055
128.72532	2.99094
128.96638	2.96855
129.20744	2.95539
129.44850	2.95225
129.68956	2.95867
129.93061	2.97311
130.17167	2.99321
130.41273	3.01631
130.65379	3.03985
130.89485	3.06180
131.13591	3.08096
131.37697	3.09698
131.61803	3.11030
131.85908	3.12183
132.10014	3.13258
132.34120	3.14326
132.58226	3.15397
132.82332	3.16402
133.06438	3.17193
133.30544	3.17570
133.54649	3.17317
133.78755	3.16245
134.02861	3.14236
134.26967	3.11278
134.51073	3.07473
134.75179	3.03037
134.99285	2.98261
135.23391	2.93480
135.47496	2.89010
135.71602	2.85108
135.95708	2.81939
136.19814	2.79554
136.43920	2.77905
136.68026	2.76861
136.92132	2.76250
137.16237	2.75901
137.40343	2.75682
137.64449	2.75524
137.88555	2.75433
138.12661	2.75471
138.36767	2.75737
138.60873	2.76326
138.84979	2.77291
139.09084	2.78616
139.33190	2.80201
139.57296	2.81865
139.81402	2.83368
140.05508	2.84451
140.29614	2.84876
140.53720	2.84471
140.77825	2.83156
141.01931	2.80963
141.26037	2.78023
141.50143	2.74547
141.74249	2.70789
141.98355	2.67000
142.22461	2.63391
142.46566	2.60104
142.70672	2.57202
142.94778	2.54669
143.18884	2.52440
143.42990	2.50420
143.67096	2.48528
143.91202	2.46719
144.15308	2.45006
144.39413	2.43458
144.63519	2.42191
144.87625	2.41340
145.11731	2.41028
145.35837	2.41330
145.59943	2.42251
145.84049	2.43708
146.08154	2.45540
146.32260	2.47522
146.56366	2.49399
146.80472	2.50926
147.04578	2.51902
147.28684	2.52203
147.52790	2.51795
147.76896	2.50734
148.01001	2.49146
148.25107	2.47202
148.49213	2.45077
148.73319	2.42922
148.97425	2.40832
149.21531	2.38840
149.45637	2.36918
149.69742	2.34992
149.93848	2.32976
150.17954	2.30796
150.42060	2.28420
150.66166	2.25877
150.90272	2.23258
151.14378	2.20704
151.38484	2.18386
151.62589	2.16469
151.86695	2.15083
152.10801	2.14295
152.34907	2.14091
152.59013	2.14382
152.83119	2.15011
153.07225	2.15786
153.31330	2.16507
153.55436	2.17005
153.79542	2.17162
154.03648	2.16932
154.27754	2.16335
154.51860	2.15447
154.75966	2.14373
155.00072	2.13222
155.24177	2.12076
155.48283	2.10974
155.72389	2.09901
155.96495	2.08797
156.20601	2.07571
156.44707	2.06126
156.68813	2.04387
156.92918	2.02321
157.17024	1.99952
157.41130	1.97364
157.65236	1.94692
157.89342	1.92097
158.13448	1.89749
158.37554	1.87790
158.61659	1.86321
158.85765	1.85381
159.09871	1.84946
159.33977	1.84937
159.58083	1.85234
159.82189	1.85705
160.06295	1.86223
160.30401	1.86692
160.54506	1.87057
160.78612	1.87310
161.02718	1.87482
161.26824	1.87629
161.50930	1.87813
161.75036	1.88078
161.99142	1.88438
162.23247	1.88867
162.47353	1.89298
162.71459	1.89637
162.95565	1.89776
163.19671	1.89622
163.43777	1.89109
163.67883	1.88221
163.91989	1.86998
164.16094	1.85529
164.40200	1.83942
164.64306	1.82381
164.88412	1.80987
165.12518	1.79868
165.36624	1.79088
165.60730	1.78658
165.84835	1.78537
166.08941	1.78648
166.33047	1.78893
166.57153	1.79183
166.81259	1.79452
167.05365	1.79673
167.29471	1.79863
167.53577	1.80077
167.77682	1.80391
168.01788	1.80879
168.25894	1.81594
168.50000	1.82547
168.74106	1.83700
168.98212	1.84963
169.22318	1.86210
169.46423	1.87297
169.70529	1.88090
169.94635	1.88488
170.18741	1.88443
170.42847	1.87969
170.66953	1.87138
170.91059	1.86065
171.15164	1.84892
171.39270	1.83757
171.63376	1.82774
171.87482	1.82014
172.11588	1.81500
172.35694	1.81205
172.59800	1.81068
172.83906	1.81013
173.08011	1.80968
173.32117	1.80886
173.56223	1.80757
173.80329	1.80607
174.04435	1.80501
174.28541	1.80519
174.52647	1.80742
174.76752	1.81230
175.00858	1.82006
175.24964	1.83043
175.49070	1.84271
175.73176	1.85579
175.97282	1.86836
176.21388	1.87915
176.45494	1.88712
176.69599	1.89164
176.93705	1.89262
177.17811	1.89044
177.41917	1.88595
177.66023	1.88021
177.90129	1.87430
178.14235	1.86915
178.38340	1.86531
178.62446	1.86294
178.86552	1.86178
179.10658	1.86129
179.34764	1.86081
179.58870	1.85975
179.82976	1.85782
180.07082	1.85512
180.31187	1.85217
180.55293	1.84986
180.79399	1.84925
181.03505	1.85139
181.27611	1.85707
181.51717	1.86662
181.75823	1.87978
181.99928	1.89574
182.24034	1.91322
182.48140	1.93071
182.72246	1.94669
182.96352	1.95995
183.20458	1.96976
183.44564	1.97598
183.68669	1.97909
183.92775	1.98003
184.16881	1.97999
184.40987	1.98020
184.65093	1.98162
184.89199	1.98481
185.13305	1.98979
185.37411	1.99615
185.61516	2.00311
185.85622	2.00974
186.09728	2.01525
186.33834	2.01912
186.57940	2.02134
186.82046	2.02236
187.06152	2.02314
187.30257	2.02488
187.54363	2.02888
187.78469	2.03622
188.02575	2.04759
188.26681	2.06308
188.50787	2.08218
188.74893	2.10380
188.98999	2.12652
189.23104	2.14877
189.47210	2.16912
189.71316	2.18657
189.95422	2.20065
190.19528	2.21149
190.43634	2.21976
190.67740	2.22647
190.91845	2.23268
191.15951	2.23931
191.40057	2.24687
191.64163	2.25537
191.88269	2.26429
192.12375	2.27276
192.36481	2.27971
192.60587	2.28418
192.84692	2.28556
193.08798	2.28377
193.32904	2.27931
193.57010	2.27325
193.81116	2.26702
194.05222	2.26219
194.29328	2.26015
194.53433	2.26189
194.77539	2.26782
195.01645	2.27767
195.25751	2.29060
195.49857	2.30534
195.73963	2.32045
195.98069	2.33458
196.22174	2.34672
196.46280	2.35637
196.70386	2.36355
196.94492	2.36878
197.18598	2.37289
197.42704	2.37682
197.66810	2.38131
197.90916	2.38678
198.15021	2.39315
198.39127	2.39987
198.63233	2.40601
198.87339	2.41047
199.11445	2.41222
199.35551	2.41055
199.59657	2.40524
199.83762	2.39667
200.07868	2.38578
200.31974	2.37391
200.56080	2.36259
200.80186	2.35323
201.04292	2.34692
201.28398	2.34420
201.52504	2.34499
201.76609	2.34867
202.00715	2.35418
202.24821	2.36032
202.48927	2.36594
202.73033	2.37022
202.97139	2.37281
203.21245	2.37385
203.45350	2.37394
203.69456	2.37391
203.93562	2.37466
204.17668	2.37687
204.41774	2.38083
204.65880	2.38633
204.89986	2.39269
205.14092	2.39885
205.38197	2.40358
205.62303	2.40569
205.86409	2.40429
206.10515	2.39896
206.34621	2.38982
206.58727	2.37750
206.82833	2.36307
207.06938	2.34779
207.31044	2.33293
207.55150	2.31955
207.79256	2.30831
208.03362	2.29944
208.27468	2.29269
208.51574	2.28747
208.75680	2.28298
208.99785	2.27842
209.23891	2.27314
209.47997	2.26682
209.72103	2.25949
209.96209	2.25154
210.20315	2.24360
210.44421	2.23640
210.68526	2.23055
210.92632	2.22640
211.16738	2.22391
211.40844	2.22262
211.64950	2.22169
211.89056	2.22007
212.13162	2.21666
212.37267	2.21057
212.61373	2.20128
212.85479	2.18872
213.09585	2.17336
213.33691	2.15606
213.57797	2.13793
213.81903	2.12011
214.06009	2.10354
214.30114	2.08884
214.54220	2.07613
214.78326	2.06513
215.02432	2.05521
215.26538	2.04559
215.50644	2.03552
215.74750	2.02450
215.98855	2.01237
216.22961	1.99937
216.47067	1.98611
216.71173	1.97341
216.95279	1.96214
217.19385	1.95300
217.43491	1.94640
217.67597	1.94232
217.91702	1.94032
218.15808	1.93961
218.39914	1.93916
218.64020	1.93793
218.88126	1.93500
219.12232	1.92976
219.36338	1.92196
219.60443	1.91177
219.84549	1.89968
220.08655	1.88638
220.32761	1.87262
220.56867	1.85905
220.80973	1.84611
221.05079	1.83393
221.29185	1.82240
221.53290	1.81116
221.77396	1.79979
222.01502	1.78789
222.25608	1.77524
222.49714	1.76189
222.73820	1.74818
222.97926	1.73471
223.22031	1.72226
223.46137	1.71160
223.70243	1.70341
223.94349	1.69806
224.18455	1.69558
224.42561	1.69559
224.66667	1.69736
224.90772	1.69994
225.14878	1.70231
225.38984	1.70353
225.63090	1.70294
225.87196	1.70021
226.11302	1.69541
226.35408	1.68893
226.59514	1.68140
226.83619	1.67349
227.07725	1.66582
227.31831	1.65876
227.55937	1.65241
227.80043	1.64656
228.04149	1.64080
228.28255	1.63460
228.52360	1.62745
228.76466	1.61905
229.00572	1.60934
229.24678	1.59860
229.48784	1.58735
229.72890	1.57635
229.96996	1.56638
230.21102	1.55817
230.45207	1.55221
230.69313	1.54869
230.93419	1.54746
231.17525	1.54806
231.41631	1.54980
231.65737	1.55188
231.89843	1.55355
232.13948	1.55421
232.38054	1.55351
232.62160	1.55142
232.86266	1.54812
233.10372	1.54402
233.34478	1.53960
233.58584	1.53530
233.82690	1.53138
234.06795	1.52792
234.30901	1.52472
234.55007	1.52141
234.79113	1.51749
235.03219	1.51249
235.27325	1.50605
235.51431	1.49805
235.75536	1.48864
235.99642	1.47827
236.23748	1.46757
236.47854	1.45728
236.71960	1.44811
236.96066	1.44064
237.20172	1.43517
237.44277	1.43176
237.68383	1.43017
237.92489	1.42997
238.16595	1.43064
238.40701	1.43168
238.64807	1.43271
238.88913	1.43356
239.13019	1.43425
239.37124	1.43499
239.61230	1.43612
239.85336	1.43796
240.09442	1.44074
240.33548	1.44450
240.57654	1.44906
240.81760	1.45400
241.05865	1.45873
241.29971	1.46258
241.54077	1.46494
241.78183	1.46533
242.02289	1.46351
242.26395	1.45957
242.50501	1.45386
242.74607	1.44695
242.98712	1.43958
243.22818	1.43249
243.46924	1.42630
243.71030	1.42146
243.95136	1.41816
244.19242	1.41635
244.43348	1.41577
244.67453	1.41606
244.91559	1.41683
245.15665	1.41780
245.39771	1.41884
245.63877	1.42003
245.87983	1.42162
246.12089	1.42398
246.36195	1.42751
246.60300	1.43252
246.84406	1.43915
247.08512	1.44729
247.32618	1.45660
247.56724	1.46649
247.80830	1.47626
248.04936	1.48519
248.29041	1.49263
248.53147	1.49816
248.77253	1.50163
249.01359	1.50316
249.25465	1.50314
249.49571	1.50211
249.73677	1.50068
249.97783	1.49938
250.21888	1.49863
250.45994	1.49861
250.70100	1.49930
250.94206	1.50052
251.18312	1.50196
251.42418	1.50334
251.66524	1.50446
251.90629	1.50527
252.14735	1.50591
252.38841	1.50670
252.62947	1.50807
252.87053	1.51048
253.11159	1.51432
253.35265	1.51984
253.59370	1.52705
253.83476	1.53575
254.07582	1.54552
254.31688	1.55577
254.55794	1.56589
254.79900	1.57529
255.04006	1.58352
255.28112	1.59033
255.52217	1.59570
255.76323	1.59980
256.00429	1.60295
256.24535	1.60551
256.48641	1.60780
256.72747	1.61005
256.96853	1.61227
257.20958	1.61434
257.45064	1.61597
257.69170	1.61682
257.93276	1.61659
258.17382	1.61508
258.41488	1.61230
258.65594	1.60850
258.89700	1.60412
259.13805	1.59978
259.37911	1.59614
259.62017	1.59383
259.86123	1.59331
260.10229	1.59479
260.34335	1.59823
260.58441	1.60331
260.82546	1.60954
261.06652	1.61631
261.30758	1.62304
261.54864	1.62925
261.78970	1.63468
262.03076	1.63924
262.27182	1.64307
262.51288	1.64640
262.75393	1.64953
262.99499	1.65267
263.23605	1.65590
263.47711	1.65912
263.71817	1.66202
263.95923	1.66418
264.20029	1.66510
264.44134	1.66437
264.68240	1.66169
264.92346	1.65701
265.16452	1.65056
265.40558	1.64276
265.64664	1.63427
265.88770	1.62580
266.12875	1.61803
266.36981	1.61150
266.61087	1.60656
266.85193	1.60328
267.09299	1.60151
267.33405	1.60089
267.57511	1.60098
267.81617	1.60133
268.05722	1.60156
268.29828	1.60145
268.53934	1.60096
268.78040	1.60021
269.02146	1.59942
269.26252	1.59884
269.50358	1.59870
269.74463	1.59905
269.98569	1.59980
270.22675	1.60068
270.46781	1.60126
270.70887	1.60104
270.94993	1.59954
271.19099	1.59638
271.43205	1.59138
271.67310	1.58457
271.91416	1.57623
272.15522	1.56680
272.39628	1.55686
272.63734	1.54698
272.87840	1.53766
273.11946	1.52924
273.36051	1.52187
273.60157	1.51550
273.84263	1.50990
274.08369	1.50478
274.32475	1.49982
274.56581	1.49477
274.80687	1.48954
275.04793	1.48417
275.28898	1.47885
275.53004	1.47385
275.77110	1.46950
276.01216	1.46602
276.25322	1.46354
276.49428	1.46199
276.73534	1.46113
276.97639	1.46053
277.21745	1.45968
277.45851	1.45807
277.69957	1.45522
277.94063	1.45083
278.18169	1.44478
278.42275	1.43718
278.66380	1.42830
278.90486	1.41855
279.14592	1.40838
279.38698	1.39821
279.62804	1.38836
279.86910	1.37901
280.11016	1.37021
280.35122	1.36187
280.59227	1.35384
280.83333	1.34595
281.07439	1.33811
281.31545	1.33031
281.55651	1.32266
281.79757	1.31538
282.03863	1.30874
282.27968	1.30303
282.52074	1.29849
282.76180	1.29524
283.00286	1.29323
283.24392	1.29227
283.48498	1.29201
283.72604	1.29201
283.96710	1.29177
284.20815	1.29084
284.44921	1.28888
284.69027	1.28566
284.93133	1.28116
285.17239	1.27547
285.41345	1.26884
285.65451	1.26156
285.89556	1.25393
286.13662	1.24619
286.37768	1.23850
286.61874	1.23089
286.85980	1.22331
287.10086	1.21564
287.34192	1.20776
287.58298	1.19957
287.82403	1.19107
288.06509	1.18240
288.30615	1.17377
288.54721	1.16550
288.78827	1.15791
289.02933	1.15134
289.27039	1.14600
289.51144	1.14200
289.75250	1.13927
289.99356	1.13760
290.23462	1.13667
290.47568	1.13609
290.71674	1.13548
290.95780	1.13448
291.19885	1.13287
291.43991	1.13053
291.68097	1.12746
291.92203	1.12378
292.16309	1.11963
292.40415	1.11518
292.64521	1.11053
292.88627	1.10574
293.12732	1.10077
293.36838	1.09550
293.60944	1.08980
293.85050	1.08353
294.09156	1.07662
294.33262	1.06907
294.57368	1.06102
294.81473	1.05267
295.05579	1.04435
295.29685	1.03638
295.53791	1.02909
295.77897	1.02273
296.02003	1.01746
296.26109	1.01332
296.50215	1.01021
296.74320	1.00797
296.98426	1.00636
297.22532	1.00516
297.46638	1.00417
297.70744	1.00325
297.94850	1.00236
298.18956	1.00153
298.43061	1.00083
298.67167	1.00036
298.91273	1.00018
299.15379	1.00030
299.39485	1.00064
299.63591	1.00105
299.87697	1.00130
300.11803	1.00114
300.35908	1.00033
300.60014	0.99871
300.84120	0.99619
301.08226	0.99282
301.32332	0.98878
301.56438	0.98433
301.80544	0.97981
302.04649	0.97553
302.28755	0.97181
302.52861	0.96884
302.76967	0.96674
303.01073	0.96549
303.25179	0.96498
303.49285	0.96506
303.73391	0.96554
303.97496	0.96625
304.21602	0.96710
304.45708	0.96806
304.69814	0.96917
304.93920	0.97054
305.18026	0.97228
305.42132	0.97449
305.66237	0.97721
305.90343	0.98042
306.14449	0.98399
306.38555	0.98772
306.62661	0.99139
306.86767	0.99474
307.10873	0.99758
307.34978	0.99977
307.59084	1.00128
307.83190	1.00220
308.07296	1.00269
308.31402	1.00296
308.55508	1.00327
308.79614	1.00380
309.03720	1.00472
309.27825	1.00608
309.51931	1.00786
309.76037	1.00997
310.00143	1.01228
310.24249	1.01467
310.48355	1.01704
310.72461	1.01939
310.96566	1.02176
311.20672	1.02429
311.44778	1.02714
311.68884	1.03049
311.92990	1.03448
312.17096	1.03919
312.41202	1.04460
312.65308	1.05059
312.89413	1.05695
313.13519	1.06341
313.37625	1.06966
313.61731	1.07544
313.85837	1.08053
314.09943	1.08481
314.34049	1.08828
314.58154	1.09102
314.82260	1.09321
315.06366	1.09503
315.30472	1.09671
315.54578	1.09840
315.78684	1.10018
316.02790	1.10209
316.26896	1.10406
316.51001	1.10599
316.75107	1.10777
316.99213	1.10934
317.23319	1.11069
317.47425	1.11189
317.71531	1.11309
317.95637	1.11452
318.19742	1.11642
318.43848	1.11901
318.67954	1.12245
318.92060	1.12682
319.16166	1.13206
319.40272	1.13802
319.64378	1.14447
319.88483	1.15114
320.12589	1.15775
320.36695	1.16410
320.60801	1.17005
320.84907	1.17555
321.09013	1.18065
321.33119	1.18546
321.57225	1.19010
321.81330	1.19469
322.05436	1.19928
322.29542	1.20386
322.53648	1.20833
322.77754	1.21255
323.01860	1.21635
323.25966	1.21958
323.50071	1.22216
323.74177	1.22409
323.98283	1.22551
324.22389	1.22663
324.46495	1.22776
324.70601	1.22922
324.94707	1.23130
325.18813	1.23424
325.42918	1.23815
325.67024	1.24299
325.91130	1.24862
326.15236	1.25479
326.39342	1.26118
326.63448	1.26751
326.87554	1.27349
327.11659	1.27895
327.35765	1.28384
327.59871	1.28816
327.83977	1.29204
328.08083	1.29561
328.32189	1.29900
328.56295	1.30229
328.80401	1.30548
329.04506	1.30848
329.28612	1.31111
329.52718	1.31316
329.76824	1.31444
330.00930	1.31478
330.25036	1.31413
330.49142	1.31255
330.73247	1.31022
330.97353	1.30743
331.21459	1.30452
331.45565	1.30183
331.69671	1.29968
331.93777	1.29825
332.17883	1.29764
332.41988	1.29780
332.66094	1.29857
332.90200	1.29973
333.14306	1.30105
333.38412	1.30232
333.62518	1.30339
333.86624	1.30423
334.10730	1.30487
334.34835	1.30542
334.58941	1.30600
334.83047	1.30671
335.07153	1.30759
335.31259	1.30856
335.55365	1.30947
335.79471	1.31008
336.03576	1.31011
336.27682	1.30930
336.51788	1.30743
336.75894	1.30441
337.00000	1.30029
337.24106	1.29522
337.48212	1.28948
337.72318	1.28339
337.96423	1.27729
338.20529	1.27146
338.44635	1.26608
338.68741	1.26123
338.92847	1.25688
339.16953	1.25291
339.41059	1.24914
339.65164	1.24542
339.89270	1.24161
340.13376	1.23765
340.37482	1.23359
340.61588	1.22951
340.85694	1.22558
341.09800	1.22194
341.33906	1.21874
341.58011	1.21602
341.82117	1.21376
342.06223	1.21182
342.30329	1.21001
342.54435	1.20806
342.78541	1.20571
343.02647	1.20273
343.26752	1.19896
343.50858	1.19436
343.74964	1.18895
343.99070	1.18289
344.23176	1.17639
344.47282	1.16965
344.71388	1.16291
344.95493	1.15631
345.19599	1.14994
345.43705	1.14382
345.67811	1.13788
345.91917	1.13205
346.16023	1.12622
346.40129	1.12035
346.64235	1.11442
346.88340	1.10850
347.12446	1.10270
347.36552	1.09717
347.60658	1.09204
347.84764	1.08743
348.08870	1.08337
348.32976	1.07979
348.57081	1.07655
348.81187	1.07345
349.05293	1.07022
349.29399	1.06662
349.53505	1.06244
349.77611	1.05757
350.01717	1.05196
350.25823	1.04570
350.49928	1.03893
350.74034	1.03185
350.98140	1.02466
351.22246	1.01756
351.46352	1.01066
351.70458	1.00401
351.94564	0.99759
352.18669	0.99132
352.42775	0.98509
352.66881	0.97877
352.90987	0.97230
353.15093	0.96564
353.39199	0.95883
353.63305	0.95195
353.87411	0.94516
354.11516	0.93859
354.35622	0.93240
354.59728	0.92667
354.83834	0.92144
355.07940	0.91667
355.32046	0.91226
355.56152	0.90807
355.80257	0.90391
356.04363	0.89963
356.28469	0.89510
356.52575	0.89026
356.76681	0.88507
357.00787	0.87959
357.24893	0.87390
357.48999	0.86807
357.73104	0.86221
357.97210	0.85636
358.21316	0.85053
358.45422	0.84469
358.69528	0.83878
358.93634	0.83272
359.17740	0.82645
359.41845	0.81995
359.65951	0.81322
359.90057	0.80634
360.14163	0.79943
360.38269	0.79264
360.62375	0.78612
360.86481	0.78000
361.10586	0.77437
361.34692	0.76927
361.58798	0.76467
361.82904	0.76047
362.07010	0.75654
362.31116	0.75274
362.55222	0.74894
362.79328	0.74503
363.03433	0.74096
363.27539	0.73672
363.51645	0.73238
363.75751	0.72798
363.99857	0.72363
364.23963	0.71937
364.48069	0.71524
364.72174	0.71121
364.96280	0.70722
365.20386	0.70318
365.44492	0.69897
365.68598	0.69449
365.92704	0.68968
366.16810	0.68452
366.40916	0.67904
366.65021	0.67332
366.89127	0.66750
367.13233	0.66170
367.37339	0.65605
367.61445	0.65065
367.85551	0.64554
368.09657	0.64073
368.33762	0.63615
368.57868	0.63173
368.81974	0.62738
369.06080	0.62299
369.30186	0.61851
369.54292	0.61388
369.78398	0.60911
370.02504	0.60421
370.26609	0.59921
370.50715	0.59416
370.74821	0.58907
370.98927	0.58395
371.23033	0.57878
371.47139	0.57349
371.71245	0.56802
371.95350	0.56229
372.19456	0.55623
372.43562	0.54980
372.67668	0.54299
372.91774	0.53582
373.15880	0.52833
373.39986	0.52061
373.64091	0.51273
373.88197	0.50479
374.12303	0.49684
374.36409	0.48892
374.60515	0.48106
374.84621	0.47325
375.08727	0.46547
375.32833	0.45769
375.56938	0.44992
375.81044	0.44214
376.05150	0.43439
376.29256	0.42667
376.53362	0.41909
376.77468	0.41171
377.01574	0.40461
377.25679	0.39785
377.49785	0.39148
377.73891	0.38550
377.97997	0.37991
378.22103	0.37467
378.46209	0.36978
378.70315	0.36522
378.94421	0.36098
379.18526	0.35709
379.42632	0.35357
379.66738	0.35047
379.90844	0.34788
380.14950	0.34583
380.39056	0.34442
380.63162	0.34369
380.87267	0.34368
381.11373	0.34438
381.35479	0.34578
381.59585	0.34784
381.83691	0.35052
382.07797	0.35379
382.31903	0.35762
382.56009	0.36199
382.80114	0.36691
383.04220	0.37239
383.28326	0.37844
383.52432	0.38507
383.76538	0.39228
384.00644	0.40000
384.24750	0.40822
384.48855	0.41686
384.72961	0.42582
384.97067	0.43502
385.21173	0.44434
385.45279	0.45371
385.69385	0.46304
385.93491	0.47226
386.17596	0.48139
386.41702	0.49042
386.65808	0.49937
386.89914	0.50825
387.14020	0.51705
387.38126	0.52579
387.62232	0.53442
387.86338	0.54290
388.10443	0.55118
388.34549	0.55923
388.58655	0.56701
388.82761	0.57450
389.06867	0.58175
389.30973	0.58880
389.55079	0.59573
389.79184	0.60264
390.03290	0.60963
390.27396	0.61676
390.51502	0.62410
390.75608	0.63165
390.99714	0.63939
391.23820	0.64724
391.47926	0.65512
391.72031	0.66291
391.96137	0.67053
392.20243	0.67789
392.44349	0.68495
392.68455	0.69170
392.92561	0.69814
393.16667	0.70432
393.40772	0.71027
393.64878	0.71602
393.88984	0.72159
394.13090	0.72694
394.37196	0.73205
394.61302	0.73683
394.85408	0.74122
395.09514	0.74519
395.33619	0.74870
395.57725	0.75179
395.81831	0.75456
396.05937	0.75712
396.30043	0.75964
396.54149	0.76228
396.78255	0.76518
397.02360	0.76846
397.26466	0.77219
397.50572	0.77639
397.74678	0.78102
397.98784	0.78603
398.22890	0.79136
398.46996	0.79695
398.71102	0.80275
398.95207	0.80876
399.19313	0.81498
399.43419	0.82143
399.67525	0.82814
399.91631	0.83509
400.15737	0.84226
400.39843	0.84957
400.63948	0.85689
400.88054	0.86406
401.12160	0.87092
401.36266	0.87729
401.60372	0.88303
401.84478	0.88803
402.08584	0.89226
402.32689	0.89575
402.56795	0.89858
402.80901	0.90089
403.05007	0.90283
403.29113	0.90454
403.53219	0.90617
403.77325	0.90780
404.01431	0.90947
404.25536	0.91117
404.49642	0.91287
404.73748	0.91452
404.97854	0.91605
405.21960	0.91744
405.46066	0.91866
405.70172	0.91975
405.94277	0.92075
406.18383	0.92172
406.42489	0.92270
406.66595	0.92372
406.90701	0.92478
407.14807	0.92584
407.38913	0.92681
407.63019	0.92758
407.87124	0.92803
408.11230	0.92806
408.35336	0.92759
408.59442	0.92656
408.83548	0.92499
409.07654	0.92290
409.31760	0.92040
409.55865	0.91758
409.79971	0.91456
410.04077	0.91142
410.28183	0.90824
410.52289	0.90507
410.76395	0.90191
411.00501	0.89876
411.24607	0.89558
411.48712	0.89236
411.72818	0.88909
411.96924	0.88578
412.21030	0.88247
412.45136	0.87922
412.69242	0.87607
412.93348	0.87309
413.17453	0.87030
413.41559	0.86768
413.65665	0.86519
413.89771	0.86273
414.13877	0.86020
414.37983	0.85748
414.62089	0.85444
414.86194	0.85101
415.10300	0.84713
415.34406	0.84280
415.58512	0.83805
415.82618	0.83296
416.06724	0.82760
416.30830	0.82206
416.54936	0.81642
416.79041	0.81073
417.03147	0.80498
417.27253	0.79918
417.51359	0.79329
417.75465	0.78728
417.99571	0.78111
418.23677	0.77479
418.47782	0.76833
418.71888	0.76178
418.95994	0.75524
419.20100	0.74879
419.44206	0.74252
419.68312	0.73651
419.92418	0.73080
420.16524	0.72539
420.40629	0.72026
420.64735	0.71534
420.88841	0.71055
421.12947	0.70579
421.37053	0.70097
421.61159	0.69604
421.85265	0.69095
422.09370	0.68568
422.33476	0.68024
422.57582	0.67465
422.81688	0.66895
423.05794	0.66315
423.29900	0.65727
423.54006	0.65128
423.78112	0.64517
424.02217	0.63891
424.26323	0.63245
424.50429	0.62578
424.74535	0.61889
424.98641	0.61177
425.22747	0.60446
425.46853	0.59702
425.70958	0.58951
425.95064	0.58201
426.19170	0.57458
426.43276	0.56728
426.67382	0.56016
426.91488	0.55326
427.15594	0.54656
427.39699	0.54008
427.63805	0.53381
427.87911	0.52771
428.12017	0.52180
428.36123	0.51605
428.60229	0.51046
428.84335	0.50505
429.08441	0.49980
429.32546	0.49471
429.56652	0.48977
429.80758	0.48494
430.04864	0.48019
430.28970	0.47546
430.53076	0.47071
430.77182	0.46586
431.01287	0.46088
431.25393	0.45574
431.49499	0.45044
431.73605	0.44498
431.97711	0.43941
432.21817	0.43377
432.45923	0.42812
432.70029	0.42252
432.94134	0.41703
433.18240	0.41166
433.42346	0.40645
433.66452	0.40140
433.90558	0.39649
434.14664	0.39172
434.38770	0.38706
434.62875	0.38254
434.86981	0.37816
435.11087	0.37394
435.35193	0.36993
435.59299	0.36617
435.83405	0.36270
436.07511	0.35954
436.31617	0.35673
436.55722	0.35428
436.79828	0.35218
437.03934	0.35043
437.28040	0.34900
437.52146	0.34787
437.76252	0.34705
438.00358	0.34652
438.24463	0.34629
438.48569	0.34640
438.72675	0.34687
438.96781	0.34772
439.20887	0.34898
439.44993	0.35067
439.69099	0.35277
439.93204	0.35525
440.17310	0.35808
440.41416	0.36121
440.65522	0.36457
440.89628	0.36810
441.13734	0.37175
441.37840	0.37548
441.61946	0.37926
441.86051	0.38305
442.10157	0.38686
442.34263	0.39069
442.58369	0.39452
442.82475	0.39833
443.06581	0.40209
443.30687	0.40575
443.54792	0.40925
443.78898	0.41254
444.03004	0.41557
444.27110	0.41830
444.51216	0.42071
444.75322	0.42279
444.99428	0.42455
445.23534	0.42602
445.47639	0.42723
445.71745	0.42822
445.95851	0.42901
446.19957	0.42963
446.44063	0.43006
446.68169	0.43031
446.92275	0.43035
447.16380	0.43017
447.40486	0.42974
447.64592	0.42908
447.88698	0.42818
448.12804	0.42708
448.36910	0.42583
448.61016	0.42446
448.85122	0.42303
449.09227	0.42158
449.33333	0.42012
449.57439	0.41867
449.81545	0.41721
450.05651	0.41572
450.29757	0.41419
450.53863	0.41259
450.77968	0.41092
451.02074	0.40919
451.26180	0.40744
451.50286	0.40570
451.74392	0.40404
451.98498	0.40249
452.22604	0.40110
452.46710	0.39990
452.70815	0.39887
452.94921	0.39801
453.19027	0.39728
453.43133	0.39662
453.67239	0.39599
453.91345	0.39534
454.15451	0.39464
454.39556	0.39389
454.63662	0.39308
454.87768	0.39223
455.11874	0.39137
455.35980	0.39052
455.60086	0.38971
455.84192	0.38895
456.08297	0.38823
456.32403	0.38754
456.56509	0.38688
456.80615	0.38621
457.04721	0.38552
457.28827	0.38482
457.52933	0.38410
457.77039	0.38339
458.01144	0.38274
458.25250	0.38217
458.49356	0.38175
458.73462	0.38150
458.97568	0.38147
459.21674	0.38165
459.45780	0.38206
459.69885	0.38267
459.93991	0.38347
460.18097	0.38442
460.42203	0.38552
460.66309	0.38675
460.90415	0.38810
461.14521	0.38961
461.38627	0.39129
461.62732	0.39319
461.86838	0.39531
462.10944	0.39769
462.35050	0.40033
462.59156	0.40319
462.83262	0.40624
463.07368	0.40942
463.31473	0.41266
463.55579	0.41590
463.79685	0.41908
464.03791	0.42215
464.27897	0.42509
464.52003	0.42788
464.76109	0.43053
465.00215	0.43303
465.24320	0.43540
465.48426	0.43763
465.72532	0.43971
465.96638	0.44163
466.20744	0.44334
466.44850	0.44482
466.68956	0.44605
466.93061	0.44702
467.17167	0.44772
467.41273	0.44818
467.65379	0.44843
467.89485	0.44852
468.13591	0.44850
468.37697	0.44844
468.61802	0.44837
468.85908	0.44833
469.10014	0.44832
469.34120	0.44835
469.58226	0.44839
469.82332	0.44841
470.06438	0.44841
470.30544	0.44834
470.54649	0.44820
470.78755	0.44799
471.02861	0.44773
471.26967	0.44742
471.51073	0.44710
471.75179	0.44678
471.99285	0.44646
472.23390	0.44615
472.47496	0.44583
472.71602	0.44545
472.95708	0.44500
473.19814	0.44443
473.43920	0.44372
473.68026	0.44285
473.92132	0.44184
474.16237	0.44070
474.40343	0.43948
474.64449	0.43821
474.88555	0.43694
475.12661	0.43570
475.36767	0.43451
475.60873	0.43340
475.84978	0.43234
476.09084	0.43133
476.33190	0.43036
476.57296	0.42940
476.81402	0.42844
477.05508	0.42750
477.29614	0.42657
477.53720	0.42568
477.77825	0.42484
478.01931	0.42407
478.26037	0.42339
478.50143	0.42280
478.74249	0.42228
478.98355	0.42181
479.22461	0.42136
479.46566	0.42090
479.70672	0.42039
479.94778	0.41980
480.18884	0.41911
480.42990	0.41830
480.67096	0.41739
480.91202	0.41637
481.15307	0.41525
481.39413	0.41406
481.63519	0.41281
481.87625	0.41152
482.11731	0.41017
482.35837	0.40879
482.59943	0.40736
482.84049	0.40588
483.08154	0.40436
483.32260	0.40278
483.56366	0.40117
483.80472	0.39955
484.04578	0.39793
484.28684	0.39635
484.52790	0.39483
484.76895	0.39341
485.01001	0.39210
485.25107	0.39089
485.49213	0.38979
485.73319	0.38876
485.97425	0.38778
486.21531	0.38681
486.45637	0.38581
486.69742	0.38476
486.93848	0.38362
487.17954	0.38240
487.42060	0.38109
487.66166	0.37971
487.90272	0.37828
488.14378	0.37681
488.38483	0.37532
488.62589	0.37384
488.86695	0.37237
489.10801	0.37091
489.34907	0.36945
489.59013	0.36800
489.83119	0.36654
490.07225	0.36507
490.31330	0.36359
490.55436	0.36211
490.79542	0.36064
491.03648	0.35920
491.27754	0.35781
491.51860	0.35649
491.75966	0.35525
492.00071	0.35412
492.24177	0.35309
492.48283	0.35217
492.72389	0.35136
492.96495	0.35064
493.20601	0.35001
493.44707	0.34945
493.68812	0.34894
493.92918	0.34848
494.17024	0.34805
494.41130	0.34764
494.65236	0.34725
494.89342	0.34685
495.13448	0.34645
495.37554	0.34603
495.61659	0.34558
495.85765	0.34508
496.09871	0.34452
496.33977	0.34391
496.58083	0.34323
496.82189	0.34251
497.06295	0.34175
497.30400	0.34096
497.54506	0.34017
497.78612	0.33940
498.02718	0.33864
498.26824	0.33793
498.50930	0.33727
498.75036	0.33665
498.99142	0.33608
499.23247	0.33554
499.47353	0.33504
499.71459	0.33455
499.95565	0.33407
500.19671	0.33360
500.43777	0.33312
500.67883	0.33263
500.91988	0.33212
501.16094	0.33157
501.40200	0.33098
501.64306	0.33032
501.88412	0.32957
502.12518	0.32870
502.36624	0.32769
502.60730	0.32651
502.84835	0.32514
503.08941	0.32356
503.33047	0.32178
503.57153	0.31980
503.81259	0.31762
504.05365	0.31528
504.29471	0.31280
504.53576	0.31023
504.77682	0.30760
505.01788	0.30498
505.25894	0.30244
505.50000	0.30006
505.74106	0.29794
505.98212	0.29619
506.22318	0.29492
506.46423	0.29423
506.70529	0.29421
506.94635	0.29491
507.18741	0.29638
507.42847	0.29859
507.66953	0.30151
507.91059	0.30504
508.15164	0.30907
508.39270	0.31348
508.63376	0.31811
508.87482	0.32284
509.11588	0.32751
509.35694	0.33202
509.59800	0.33630
509.83905	0.34030
510.08011	0.34400
510.32117	0.34739
510.56223	0.35050
510.80329	0.35337
511.04435	0.35603
511.28541	0.35852
511.52647	0.36086
511.76752	0.36309
512.00858	0.36521
512.24964	0.36724
512.49070	0.36918
512.73176	0.37103
512.97282	0.37280
513.21388	0.37450
513.45493	0.37614
513.69599	0.37775
513.93705	0.37934
514.17811	0.38093
514.41917	0.38252
514.66023	0.38411
514.90129	0.38570
515.14235	0.38727
515.38340	0.38881
515.62446	0.39028
515.86552	0.39167
516.10658	0.39297
516.34764	0.39417
516.58870	0.39526
516.82976	0.39626
517.07081	0.39717
517.31187	0.39801
517.55293	0.39879
517.79399	0.39953
518.03505	0.40023
518.27611	0.40090
518.51717	0.40153
518.75823	0.40215
518.99928	0.40273
519.24034	0.40330
519.48140	0.40384
519.72246	0.40439
519.96352	0.40495
520.20458	0.40552
520.44564	0.40614
520.68669	0.40679
520.92775	0.40749
521.16881	0.40823
521.40987	0.40899
521.65093	0.40977
521.89199	0.41054
522.13305	0.41127
522.37410	0.41196
522.61516	0.41258
522.85622	0.41313
523.09728	0.41361
523.33834	0.41402
523.57940	0.41436
523.82046	0.41465
524.06152	0.41487
524.30257	0.41503
524.54363	0.41513
524.78469	0.41516
525.02575	0.41513
525.26681	0.41504
525.50787	0.41490
525.74893	0.41474
525.98998	0.41459
526.23104	0.41448
526.47210	0.41446
526.71316	0.41455
526.95422	0.41480
527.19528	0.41521
527.43634	0.41580
527.67740	0.41658
527.91845	0.41752
528.15951	0.41861
528.40057	0.41985
528.64163	0.42119
528.88269	0.42264
529.12375	0.42417
529.36481	0.42579
529.60586	0.42748
529.84692	0.42923
530.08798	0.43106
530.32904	0.43294
530.57010	0.43487
530.81116	0.43683
531.05222	0.43880
531.29328	0.44076
531.53433	0.44266
531.77539	0.44450
532.01645	0.44623
532.25751	0.44784
532.49857	0.44933
532.73963	0.45069
532.98069	0.45192
533.22174	0.45304
533.46280	0.45406
533.70386	0.45498
533.94492	0.45581
534.18598	0.45656
534.42704	0.45720
534.66810	0.45774
534.90915	0.45816
535.15021	0.45846
535.39127	0.45862
535.63233	0.45865
535.87339	0.45856
536.11445	0.45835
536.35551	0.45806
536.59657	0.45768
536.83762	0.45724
537.07868	0.45673
537.31974	0.45616
537.56080	0.45551
537.80186	0.45478
538.04292	0.45395
538.28398	0.45302
538.52503	0.45197
538.76609	0.45080
539.00715	0.44953
539.24821	0.44817
539.48927	0.44674
539.73033	0.44528
539.97139	0.44382
540.21245	0.44239
540.45350	0.44101
540.69456	0.43971
540.93562	0.43851
541.17668	0.43741
541.41774	0.43643
541.65880	0.43555
541.89986	0.43478
542.14091	0.43412
542.38197	0.43355
542.62303	0.43308
542.86409	0.43270
543.10515	0.43241
543.34621	0.43220
543.58727	0.43205
543.82833	0.43195
544.06938	0.43187
544.31044	0.43181
544.55150	0.43171
544.79256	0.43158
545.03362	0.43138
545.27468	0.43109
545.51574	0.43071
545.75679	0.43023
545.99785	0.42965
546.23891	0.42897
546.47997	0.42817
546.72103	0.42725
546.96209	0.42620
547.20315	0.42499
547.44421	0.42361
547.68526	0.42205
547.92632	0.42027
548.16738	0.41829
548.40844	0.41609
548.64950	0.41369
548.89056	0.41111
549.13162	0.40839
549.37267	0.40555
549.61373	0.40265
549.85479	0.39972
550.09585	0.39681
550.33691	0.39396
550.57797	0.39121
550.81903	0.38860
551.06008	0.38616
551.30114	0.38392
551.54220	0.38192
551.78326	0.38016
552.02432	0.37867
552.26538	0.37745
552.50644	0.37652
552.74750	0.37586
552.98855	0.37548
553.22961	0.37534
553.47067	0.37544
553.71173	0.37574
553.95279	0.37623
554.19385	0.37689
554.43491	0.37768
554.67596	0.37861
554.91702	0.37964
555.15808	0.38078
555.39914	0.38202
555.64020	0.38334
555.88126	0.38474
556.12232	0.38621
556.36338	0.38774
556.60443	0.38930
556.84549	0.39088
557.08655	0.39245
557.32761	0.39400
557.56867	0.39549
557.80973	0.39690
558.05079	0.39822
558.29184	0.39943
558.53290	0.40052
558.77396	0.40149
559.01502	0.40234
559.25608	0.40307
559.49714	0.40370
559.73820	0.40423
559.97926	0.40467
560.22031	0.40503
560.46137	0.40531
560.70243	0.40551
560.94349	0.40562
561.18455	0.40564
561.42561	0.40557
561.66667	0.40540
561.90772	0.40514
562.14878	0.40479
562.38984	0.40437
562.63090	0.40389
562.87196	0.40337
563.11302	0.40283
563.35408	0.40227
563.59513	0.40172
563.83619	0.40119
564.07725	0.40069
564.31831	0.40022
564.55937	0.39979
564.80043	0.39941
565.04149	0.39907
565.28255	0.39879
565.52360	0.39857
565.76466	0.39840
566.00572	0.39828
566.24678	0.39821
566.48784	0.39818
566.72890	0.39819
566.96996	0.39823
567.21101	0.39829
567.45207	0.39837
567.69313	0.39847
567.93419	0.39858
568.17525	0.39870
568.41631	0.39884
568.65737	0.39900
568.89843	0.39918
569.13948	0.39939
569.38054	0.39963
569.62160	0.39991
569.86266	0.40022
570.10372	0.40055
570.34478	0.40091
570.58584	0.40128
570.82689	0.40166
571.06795	0.40205
571.30901	0.40245
571.55007	0.40285
571.79113	0.40328
572.03219	0.40373
572.27325	0.40422
572.51431	0.40475
572.75536	0.40533
572.99642	0.40594
573.23748	0.40660
573.47854	0.40728
573.71960	0.40797
573.96066	0.40866
574.20172	0.40934
574.44277	0.41000
574.68383	0.41063
574.92489	0.41126
575.16595	0.41188
575.40701	0.41252
575.64807	0.41319
575.88913	0.41391
576.13018	0.41470
576.37124	0.41557
576.61230	0.41654
576.85336	0.41761
577.09442	0.41878
577.33548	0.42004
577.57654	0.42138
577.81760	0.42279
578.05865	0.42427
578.29971	0.42581
578.54077	0.42739
578.78183	0.42901
579.02289	0.43067
579.26395	0.43235
579.50501	0.43405
579.74606	0.43576
579.98712	0.43745
580.22818	0.43911
580.46924	0.44072
580.71030	0.44227
580.95136	0.44375
581.19242	0.44516
581.43348	0.44652
581.67453	0.44782
581.91559	0.44911
582.15665	0.45039
582.39771	0.45168
582.63877	0.45299
582.87983	0.45433
583.12089	0.45571
583.36194	0.45711
583.60300	0.45854
583.84406	0.46000
584.08512	0.46149
584.32618	0.46301
584.56724	0.46456
584.80830	0.46614
585.04936	0.46777
585.29041	0.46944
585.53147	0.47116
585.77253	0.47291
586.01359	0.47468
586.25465	0.47645
586.49571	0.47821
586.73677	0.47993
586.97782	0.48160
587.21888	0.48320
587.45994	0.48471
587.70100	0.48612
587.94206	0.48744
588.18312	0.48866
588.42418	0.48979
588.66523	0.49085
588.90629	0.49186
589.14735	0.49281
589.38841	0.49373
589.62947	0.49462
589.87053	0.49549
590.11159	0.49634
590.35265	0.49718
590.59370	0.49800
590.83476	0.49881
591.07582	0.49961
591.31688	0.50039
591.55794	0.50117
591.79900	0.50193
592.04006	0.50268
592.28111	0.50342
592.52217	0.50413
592.76323	0.50482
593.00429	0.50547
593.24535	0.50609
593.48641	0.50666
593.72747	0.50717
593.96853	0.50763
594.20958	0.50802
594.45064	0.50835
594.69170	0.50859
594.93276	0.50876
595.17382	0.50884
595.41488	0.50884
595.65594	0.50875
595.89699	0.50859
596.13805	0.50834
596.37911	0.50801
596.62017	0.50762
596.86123	0.50715
597.10229	0.50663
597.34335	0.50606
597.58441	0.50545
597.82546	0.50480
598.06652	0.50415
598.30758	0.50351
598.54864	0.50289
598.78970	0.50233
599.03076	0.50184
599.27182	0.50145
599.51287	0.50118
599.75393	0.50104
599.99499	0.50103
600.23605	0.50114
600.47711	0.50136
600.71817	0.50166
600.95923	0.50199
601.20029	0.50232
601.44134	0.50258
601.68240	0.50273
601.92346	0.50272
602.16452	0.50253
602.40558	0.50213
602.64664	0.50152
602.88770	0.50070
603.12875	0.49969
603.36981	0.49852
603.61087	0.49720
603.85193	0.49576
604.09299	0.49423
604.33405	0.49261
604.57511	0.49091
604.81616	0.48912
605.05722	0.48724
605.29828	0.48526
605.53934	0.48317
605.78040	0.48097
606.02146	0.47865
606.26252	0.47623
606.50358	0.47370
606.74463	0.47108
606.98569	0.46839
607.22675	0.46561
607.46781	0.46277
607.70887	0.45985
607.94993	0.45684
608.19099	0.45375
608.43204	0.45055
608.67310	0.44723
608.91416	0.44377
609.15522	0.44017
609.39628	0.43641
609.63734	0.43249
609.87840	0.42839
610.11946	0.42412
610.36051	0.41967
610.60157	0.41505
610.84263	0.41027
611.08369	0.40535
611.32475	0.40030
611.56581	0.39517
611.80687	0.38999
612.04792	0.38480
612.28898	0.37965
612.53004	0.37461
612.77110	0.36971
613.01216	0.36502
613.25322	0.36057
613.49428	0.35642
613.73534	0.35261
613.97639	0.34918
614.21745	0.34613
614.45851	0.34351
614.69957	0.34129
614.94063	0.33949
615.18169	0.33808
615.42275	0.33702
615.66380	0.33627
615.90486	0.33579
616.14592	0.33551
616.38698	0.33539
616.62804	0.33536
616.86910	0.33539
617.11016	0.33541
617.35121	0.33541
617.59227	0.33535
617.83333	0.33521
618.07439	0.33496
618.31545	0.33462
618.55651	0.33415
618.79757	0.33357
619.03863	0.33288
619.27968	0.33209
619.52074	0.33121
619.76180	0.33025
620.00286	0.32923
620.24392	0.32816
620.48498	0.32706
620.72604	0.32594
620.96709	0.32480
621.20815	0.32365
621.44921	0.32249
621.69027	0.32130
621.93133	0.32008
622.17239	0.31882
622.41345	0.31750
622.65451	0.31611
622.89556	0.31464
623.13662	0.31308
623.37768	0.31140
623.61874	0.30962
623.85980	0.30772
624.10086	0.30571
624.34192	0.30360
624.58297	0.30139
624.82403	0.29909
625.06509	0.29673
625.30615	0.29431
625.54721	0.29185
625.78827	0.28935
626.02933	0.28684
626.27039	0.28432
626.51144	0.28180
626.75250	0.27929
626.99356	0.27679
627.23462	0.27430
627.47568	0.27182
627.71674	0.26933
627.95780	0.26681
628.19885	0.26424
628.43991	0.26159
628.68097	0.25882
628.92203	0.25593
629.16309	0.25288
629.40415	0.24970
629.64521	0.24640
629.88626	0.24302
630.12732	0.23962
630.36838	0.23628
630.60944	0.23307
630.85050	0.23008
631.09156	0.22738
631.33262	0.22502
631.57368	0.22305
631.81473	0.22148
632.05579	0.22030
632.29685	0.21947
632.53791	0.21894
632.77897	0.21865
633.02003	0.21852
633.26109	0.21848
633.50214	0.21846
633.74320	0.21841
633.98426	0.21828
634.22532	0.21804
634.46638	0.21767
634.70744	0.21716
634.94850	0.21652
635.18956	0.21576
635.43061	0.21491
635.67167	0.21398
635.91273	0.21300
636.15379	0.21198
636.39485	0.21094
636.63591	0.20990
636.87697	0.20886
637.11802	0.20784
637.35908	0.20684
637.60014	0.20587
637.84120	0.20491
638.08226	0.20397
638.32332	0.20304
638.56438	0.20211
638.80544	0.20117
639.04649	0.20021
639.28755	0.19921
639.52861	0.19817
639.76967	0.19708
640.01073	0.19593
640.25179	0.19472
640.49285	0.19345
640.73390	0.19213
640.97496	0.19074
641.21602	0.18929
641.45708	0.18779
641.69814	0.18624
641.93920	0.18465
642.18026	0.18302
642.42132	0.18136
642.66237	0.17970
642.90343	0.17804
643.14449	0.17641
643.38555	0.17484
643.62661	0.17333
643.86767	0.17192
644.10873	0.17063
644.34978	0.16945
644.59084	0.16840
644.83190	0.16748
645.07296	0.16669
645.31402	0.16600
645.55508	0.16542
645.79614	0.16490
646.03719	0.16444
646.27825	0.16402
646.51931	0.16360
646.76037	0.16319
647.00143	0.16275
647.24249	0.16229
647.48355	0.16178
647.72461	0.16123
647.96566	0.16063
648.20672	0.15996
648.44778	0.15924
648.68884	0.15846
648.92990	0.15761
649.17096	0.15671
649.41202	0.15575
649.65307	0.15475
649.89413	0.15371
650.13519	0.15263
650.37625	0.15154
650.61731	0.15043
650.85837	0.14931
651.09943	0.14819
651.34049	0.14706
651.58154	0.14594
651.82260	0.14482
652.06366	0.14370
652.30472	0.14258
652.54578	0.14145
652.78684	0.14031
653.02790	0.13917
653.26895	0.13802
653.51001	0.13686
653.75107	0.13567
653.99213	0.13446
654.23319	0.13322
654.47425	0.13192
654.71531	0.13057
654.95637	0.12913
655.19742	0.12762
655.43848	0.12600
655.67954	0.12427
655.92060	0.12244
656.16166	0.12048
656.40272	0.11842
656.64378	0.11625
656.88483	0.11398
657.12589	0.11163
657.36695	0.10921
657.60801	0.10676
657.84907	0.10430
658.09013	0.10187
658.33119	0.09950
658.57224	0.09724
658.81330	0.09514
659.05436	0.09323
659.29542	0.09156
659.53648	0.09015
659.77754	0.08903
660.01860	0.08818
660.25966	0.08761
660.50071	0.08729
660.74177	0.08719
660.98283	0.08725
661.22389	0.08744
661.46495	0.08769
661.70601	0.08796
661.94707	0.08821
662.18812	0.08841
662.42918	0.08853
662.67024	0.08855
662.91130	0.08845
663.15236	0.08825
663.39342	0.08793
663.63448	0.08751
663.87554	0.08700
664.11659	0.08640
664.35765	0.08574
664.59871	0.08501
664.83977	0.08424
665.08083	0.08342
665.32189	0.08258
665.56295	0.08170
665.80400	0.08081
666.04506	0.07990
666.28612	0.07897
666.52718	0.07803
666.76824	0.07706
667.00930	0.07608
667.25036	0.07508
667.49142	0.07406
667.73247	0.07303
667.97353	0.07198
668.21459	0.07091
668.45565	0.06983
668.69671	0.06874
668.93777	0.06764
669.17883	0.06655
669.41988	0.06546
669.66094	0.06439
669.90200	0.06332
670.14306	0.06228
670.38412	0.06125
670.62518	0.06024
670.86624	0.05925
671.10729	0.05828
671.34835	0.05732
671.58941	0.05638
671.83047	0.05545
672.07153	0.05454
672.31259	0.05363
672.55365	0.05273
672.79471	0.05183
673.03576	0.05094
673.27682	0.05005
673.51788	0.04916
673.75894	0.04826
674.00000	0.04736
674.24106	0.04646
674.48212	0.04556
674.72317	0.04466
674.96423	0.04376
675.20529	0.04286
675.44635	0.04197
675.68741	0.04108
675.92847	0.04020
676.16953	0.03933
676.41059	0.03847
676.65164	0.03761
676.89270	0.03676
677.13376	0.03592
677.37482	0.03508
677.61588	0.03425
677.85694	0.03342
678.09800	0.03260
678.33905	0.03179
678.58011	0.03099
678.82117	0.03019
679.06223	0.02941
679.30329	0.02864
679.54435	0.02790
679.78541	0.02717
680.02647	0.02646
680.26752	0.02578
680.50858	0.02513
680.74964	0.02450
680.99070	0.02389
681.23176	0.02331
681.47282	0.02275
681.71388	0.02220
681.95493	0.02168
682.19599	0.02117
682.43705	0.02067
682.67811	0.02020
682.91917	0.01973
683.16023	0.01928
683.40129	0.01885
683.64234	0.01842
683.88340	0.01801
684.12446	0.01761
684.36552	0.01721
684.60658	0.01682
684.84764	0.01644
685.08870	0.01606
685.32976	0.01569
685.57081	0.01533
685.81187	0.01498
686.05293	0.01463
686.29399	0.01430
686.53505	0.01397
686.77611	0.01365
687.01717	0.01333
687.25822	0.01302
687.49928	0.01272
687.74034	0.01242
687.98140	0.01213
688.22246	0.01185
688.46352	0.01158
688.70458	0.01133
688.94564	0.01109
689.18669	0.01086
689.42775	0.01066
689.66881	0.01047
689.90987	0.01029
690.15093	0.01014
690.39199	0.00999
690.63305	0.00986
690.87410	0.00974
691.11516	0.00962
691.35622	0.00950
691.59728	0.00939
691.83834	0.00927
692.07940	0.00916
692.32046	0.00904
692.56152	0.00891
692.80257	0.00878
693.04363	0.00864
693.28469	0.00850
693.52575	0.00835
693.76681	0.00819
694.00787	0.00803
694.24893	0.00786
694.48998	0.00770
694.73104	0.00753
694.97210	0.00736
695.21316	0.00719
695.45422	0.00702
695.69528	0.00685
695.93634	0.00668
696.17740	0.00651
696.41845	0.00634
696.65951	0.00615
696.90057	0.00597
697.14163	0.00577
697.38269	0.00556
697.62375	0.00535
697.86481	0.00513
698.10586	0.00491
698.34692	0.00469
698.58798	0.00448
698.82904	0.00428
699.07010	0.00408
699.31116	0.00390
699.55222	0.00374
699.79327	0.00359
700.03433	0.00345
700.27539	0.00332
700.51645	0.00320
700.75751	0.00309
700.99857	0.00298
701.23963	0.00288
701.48069	0.00278
701.72174	0.00268
701.96280	0.00259
702.20386	0.00249
702.44492	0.00240
702.68598	0.00230
702.92704	0.00221
703.16810	0.00213
703.40915	0.00205
703.65021	0.00199
703.89127	0.00194
704.13233	0.00191
704.37339	0.00190
704.61445	0.00192
704.85551	0.00195
705.09657	0.00199
705.33762	0.00203
705.57868	0.00208
705.81974	0.00212
706.06080	0.00214
706.30186	0.00216
706.54292	0.00216
706.78398	0.00215
707.02503	0.00214
707.26609	0.00212
707.50715	0.00210
707.74821	0.00208
707.98927	0.00207
708.23033	0.00206
708.47139	0.00205
708.71245	0.00205
708.95350	0.00205
709.19456	0.00205
709.43562	0.00205
709.67668	0.00205
709.91774	0.00205
710.15880	0.00205
710.39986	0.00204
710.64091	0.00204
710.88197	0.00202
711.12303	0.00201
711.36409	0.00198
711.60515	0.00196
711.84621	0.00193
712.08727	0.00189
712.32832	0.00185
712.56938	0.00180
712.81044	0.00176
713.05150	0.00172
713.29256	0.00168
713.53362	0.00165
713.77468	0.00164
714.01574	0.00164
714.25679	0.00165
714.49785	0.00167
714.73891	0.00170
714.97997	0.00174
715.22103	0.00179
715.46209	0.00183
715.70315	0.00188
715.94420	0.00192
716.18526	0.00195
716.42632	0.00198
716.66738	0.00199
716.90844	0.00199
717.14950	0.00198
717.39056	0.00197
717.63162	0.00194
717.87267	0.00191
718.11373	0.00189
718.35479	0.00187
718.59585	0.00186
718.83691	0.00186
719.07797	0.00187
719.31903	0.00189
719.56008	0.00192
719.80114	0.00194
720.04220	0.00196
720.28326	0.00198
720.52432	0.00199
720.76538	0.00199
721.00644	0.00199
721.24750	0.00198
721.48855	0.00197
721.72961	0.00195
721.97067	0.00194
722.21173	0.00192
722.45279	0.00190
722.69385	0.00187
722.93491	0.00185
723.17596	0.00183
723.41702	0.00180
723.65808	0.00178
723.89914	0.00177
724.14020	0.00176
724.38126	0.00177
724.62232	0.00177
724.86337	0.00179
725.10443	0.00180
725.34549	0.00181
725.58655	0.00181
725.82761	0.00181
726.06867	0.00179
726.30973	0.00178
726.55079	0.00176
726.79184	0.00174
727.03290	0.00172
727.27396	0.00171
727.51502	0.00170
727.75608	0.00171
727.99714	0.00172
728.23820	0.00173
728.47925	0.00174
728.72031	0.00176
728.96137	0.00177
729.20243	0.00177
729.44349	0.00177
729.68455	0.00177
729.92561	0.00177
730.16667	0.00176
730.40772	0.00176
730.64878	0.00176
730.88984	0.00176
731.13090	0.00176
731.37196	0.00177
731.61302	0.00177
731.85408	0.00177
732.09513	0.00176
732.33619	0.00175
732.57725	0.00174
732.81831	0.00172
733.05937	0.00170
733.30043	0.00168
733.54149	0.00166
733.78255	0.00164
734.02360	0.00163
734.26466	0.00162
734.50572	0.00161
734.74678	0.00160
734.98784	0.00160
735.22890	0.00160
735.46996	0.00160
735.71101	0.00160
735.95207	0.00160
736.19313	0.00160
736.43419	0.00161
736.67525	0.00162
736.91631	0.00163
737.15737	0.00165
737.39842	0.00165
737.63948	0.00165
737.88054	0.00165
738.12160	0.00162
738.36266	0.00159
738.60372	0.00155
738.84478	0.00149
739.08584	0.00144
739.32689	0.00139
739.56795	0.00136
739.80901	0.00133
740.05007	0.00132
740.29113	0.00133
740.53219	0.00135
740.77325	0.00139
741.01430	0.00144
741.25536	0.00149
741.49642	0.00155
741.73748	0.00160
741.97854	0.00165
742.21960	0.00168
742.46066	0.00171
742.70172	0.00173
742.94277	0.00173
743.18383	0.00173
743.42489	0.00171
743.66595	0.00169
743.90701	0.00167
744.14807	0.00164
744.38913	0.00161
744.63018	0.00158
744.87124	0.00156
745.11230	0.00154
745.35336	0.00153
745.59442	0.00152
745.83548	0.00152
746.07654	0.00153
746.31760	0.00154
746.55865	0.00156
746.79971	0.00159
747.04077	0.00162
747.28183	0.00166
747.52289	0.00171
747.76395	0.00176
748.00501	0.00182
748.24606	0.00188
748.48712	0.00194
748.72818	0.00199
748.96924	0.00205
749.21030	0.00210
749.45136	0.00215
749.69242	0.00220
749.93348	0.00226
750.17453	0.00231
750.41559	0.00237
750.65665	0.00243
750.89771	0.00250
751.13877	0.00257
751.37983	0.00265
751.62089	0.00273
751.86194	0.00281
752.10300	0.00289
752.34406	0.00296
752.58512	0.00303
752.82618	0.00310
753.06724	0.00316
753.30830	0.00321
753.54935	0.00327
753.79041	0.00332
754.03147	0.00338
754.27253	0.00345
754.51359	0.00352
754.75465	0.00361
754.99571	0.00371
755.23677	0.00383
755.47782	0.00395
755.71888	0.00408
755.95994	0.00422
756.20100	0.00436
756.44206	0.00450
756.68312	0.00464
756.92418	0.00478
757.16523	0.00491
757.40629	0.00504
757.64735	0.00516
757.88841	0.00527
758.12947	0.00537
758.37053	0.00547
758.61159	0.00556
758.85265	0.00565
759.09370	0.00573
759.33476	0.00582
759.57582	0.00590
759.81688	0.00600
760.05794	0.00609
760.29900	0.00619
760.54006	0.00630
760.78111	0.00641
761.02217	0.00652
761.26323	0.00663
761.50429	0.00674
761.74535	0.00684
761.98641	0.00693
762.22747	0.00702
762.46853	0.00710
762.70958	0.00718
762.95064	0.00725
763.19170	0.00732
763.43276	0.00739
763.67382	0.00745
763.91488	0.00752
764.15594	0.00759
764.39699	0.00765
764.63805	0.00771
764.87911	0.00776
765.12017	0.00781
765.36123	0.00786
765.60229	0.00790
765.84335	0.00795
766.08440	0.00800
766.32546	0.00805
766.56652	0.00810
766.80758	0.00816
767.04864	0.00821
767.28970	0.00826
767.53076	0.00830
767.77182	0.00833
768.01287	0.00835
768.25393	0.00836
768.49499	0.00835
768.73605	0.00835
768.97711	0.00834
769.21817	0.00834
769.45923	0.00834
769.70028	0.00836
769.94134	0.00840
770.18240	0.00844
770.42346	0.00851
770.66452	0.00858
770.90558	0.00867
771.14664	0.00876
771.38770	0.00886
771.62875	0.00896
771.86981	0.00906
772.11087	0.00917
772.35193	0.00927
772.59299	0.00938
772.83405	0.00949
773.07511	0.00960
773.31616	0.00971
773.55722	0.00982
773.79828	0.00993
774.03934	0.01005
774.28040	0.01017
774.52146	0.01030
774.76252	0.01042
775.00358	0.01055
775.24463	0.01068
775.48569	0.01082
775.72675	0.01095
775.96781	0.01109
776.20887	0.01123
776.44993	0.01137
776.69099	0.01150
776.93204	0.01164
777.17310	0.01177
777.41416	0.01189
777.65522	0.01201
777.89628	0.01212
778.13734	0.01223
778.37840	0.01233
778.61945	0.01243
778.86051	0.01252
779.10157	0.01261
779.34263	0.01269
779.58369	0.01277
779.82475	0.01284
780.06581	0.01292
780.30687	0.01299
780.54792	0.01306
780.78898	0.01314
781.03004	0.01322
781.27110	0.01331
781.51216	0.01341
781.75322	0.01351
781.99428	0.01363
782.23533	0.01374
782.47639	0.01387
782.71745	0.01399
782.95851	0.01410
783.19957	0.01421
783.44063	0.01430
783.68169	0.01438
783.92275	0.01444
784.16380	0.01449
784.40486	0.01452
784.64592	0.01454
784.88698	0.01454
785.12804	0.01453
785.36910	0.01450
785.61016	0.01447
785.85121	0.01442
786.09227	0.01436
786.33333	0.01429
786.57439	0.01421
786.81545	0.01411
787.05651	0.01401
787.29757	0.01389
787.53863	0.01377
787.77968	0.01365
788.02074	0.01353
788.26180	0.01340
788.50286	0.01327
788.74392	0.01313
788.98498	0.01299
789.22604	0.01285
789.46709	0.01269
789.70815	0.01254
789.94921	0.01238
790.19027	0.01222
790.43133	0.01206
790.67239	0.01189
790.91345	0.01173
791.15451	0.01157
791.39556	0.01141
791.63662	0.01125
791.87768	0.01110
792.11874	0.01096
792.35980	0.01082
792.60086	0.01071
792.84192	0.01061
793.08297	0.01053
793.32403	0.01046
793.56509	0.01041
793.80615	0.01037
794.04721	0.01034
794.28827	0.01031
794.52933	0.01029
794.77038	0.01026
795.01144	0.01024
795.25250	0.01023
795.49356	0.01022
795.73462	0.01022
795.97568	0.01024
796.21674	0.01026
796.45780	0.01029
796.69885	0.01032
796.93991	0.01036
797.18097	0.01040
797.42203	0.01043
797.66309	0.01046
797.90415	0.01048
798.14521	0.01049
798.38626	0.01050
798.62732	0.01051
798.86838	0.01051
799.10944	0.01051
799.35050	0.01050
799.59156	0.01049
799.83262	0.01047
800.07368	0.01045
800.31473	0.01042
800.55579	0.01039
800.79685	0.01036
801.03791	0.01033
801.27897	0.01030
801.52003	0.01027
801.76109	0.01024
802.00214	0.01021
802.24320	0.01018
802.48426	0.01014
802.72532	0.01010
802.96638	0.01006
803.20744	0.01000
803.44850	0.00994
803.68956	0.00987
803.93061	0.00980
804.17167	0.00972
804.41273	0.00964
804.65379	0.00955
804.89485	0.00947
805.13591	0.00938
805.37697	0.00929
805.61802	0.00919
805.85908	0.00910
806.10014	0.00900
806.34120	0.00890
806.58226	0.00880
806.82332	0.00871
807.06438	0.00861
807.30543	0.00852
807.54649	0.00843
807.78755	0.00836
808.02861	0.00830
808.26967	0.00826
808.51073	0.00823
808.75179	0.00824
808.99285	0.00826
809.23390	0.00832
809.47496	0.00840
809.71602	0.00850
809.95708	0.00863
810.19814	0.00877
810.43920	0.00893
810.68026	0.00910
810.92131	0.00929
811.16237	0.00947
811.40343	0.00966
811.64449	0.00985
811.88555	0.01005
812.12661	0.01024
812.36767	0.01044
812.60873	0.01063
812.84978	0.01082
813.09084	0.01100
813.33190	0.01117
813.57296	0.01132
813.81402	0.01146
814.05508	0.01158
814.29614	0.01169
814.53719	0.01179
814.77825	0.01188
815.01931	0.01196
815.26037	0.01204
815.50143	0.01212
815.74249	0.01219
815.98355	0.01227
816.22461	0.01234
816.46566	0.01240
816.70672	0.01246
816.94778	0.01252
817.18884	0.01256
817.42990	0.01261
817.67096	0.01264
817.91202	0.01267
818.15307	0.01269
818.39413	0.01271
818.63519	0.01272
818.87625	0.01272
819.11731	0.01271
819.35837	0.01270
819.59943	0.01267
819.84048	0.01265
820.08154	0.01262
820.32260	0.01259
820.56366	0.01257
820.80472	0.01255
821.04578	0.01253
821.28684	0.01252
821.52790	0.01250
821.76895	0.01249
822.01001	0.01247
822.25107	0.01245
822.49213	0.01242
822.73319	0.01238
822.97425	0.01234
823.21531	0.01229
823.45636	0.01224
823.69742	0.01218
823.93848	0.01213
824.17954	0.01208
824.42060	0.01203
824.66166	0.01199
824.90272	0.01194
825.14378	0.01189
825.38483	0.01184
825.62589	0.01179
825.86695	0.01173
826.10801	0.01167
826.34907	0.01160
826.59013	0.01153
826.83119	0.01145
827.07224	0.01137
827.31330	0.01128
827.55436	0.01119
827.79542	0.01109
828.03648	0.01098
828.27754	0.01087
828.51860	0.01076
828.75966	0.01064
829.00071	0.01051
829.24177	0.01038
829.48283	0.01026
829.72389	0.01013
829.96495	0.01001
830.20601	0.00989
830.44707	0.00978
830.68812	0.00967
830.92918	0.00957
831.17024	0.00946
831.41130	0.00936
831.65236	0.00924
831.89342	0.00912
832.13448	0.00898
832.37553	0.00883
832.61659	0.00866
832.85765	0.00849
833.09871	0.00830
833.33977	0.00811
833.58083	0.00792
833.82189	0.00771
834.06295	0.00751
834.30400	0.00729
834.54506	0.00707
834.78612	0.00683
835.02718	0.00658
835.26824	0.00632
835.50930	0.00604
835.75036	0.00575
835.99141	0.00544
836.23247	0.00512
836.47353	0.00480
836.71459	0.00446
836.95565	0.00413
837.19671	0.00378
837.43777	0.00345
837.67883	0.00312
837.91988	0.00281
838.16094	0.00252
838.40200	0.00225
838.64306	0.00202
838.88412	0.00182
839.12518	0.00166
839.36624	0.00152
839.60729	0.00142
839.84835	0.00135
840.08941	0.00130
840.33047	0.00127
840.57153	0.00126
840.81259	0.00127
841.05365	0.00129
841.29471	0.00132
841.53576	0.00136
841.77682	0.00141
842.01788	0.00148
842.25894	0.00155
842.50000	0.00163
842.74106	0.00171
842.98212	0.00179
843.22317	0.00188
843.46423	0.00197
843.70529	0.00206
843.94635	0.00215
844.18741	0.00224
844.42847	0.00233
844.66953	0.00241
844.91059	0.00250
845.15164	0.00257
845.39270	0.00265
845.63376	0.00273
845.87482	0.00280
846.11588	0.00287
846.35694	0.00294
846.59800	0.00301
846.83905	0.00308
847.08011	0.00315
847.32117	0.00321
847.56223	0.00327
847.80329	0.00332
848.04435	0.00336
848.28541	0.00340
848.52646	0.00343
848.76752	0.00347
849.00858	0.00350
849.24964	0.00354
849.49070	0.00358
849.73176	0.00363
849.97282	0.00368
850.21388	0.00374
850.45493	0.00379
850.69599	0.00385
850.93705	0.00390
851.17811	0.00395
851.41917	0.00400
851.66023	0.00404
851.90129	0.00408
852.14234	0.00411
852.38340	0.00413
852.62446	0.00416
852.86552	0.00419
853.10658	0.00421
853.34764	0.00425
853.58870	0.00428
853.82976	0.00432
854.07081	0.00436
854.31187	0.00441
854.55293	0.00445
854.79399	0.00451
855.03505	0.00456
855.27611	0.00462
855.51717	0.00467
855.75822	0.00473
855.99928	0.00479
856.24034	0.00485
856.48140	0.00492
856.72246	0.00498
856.96352	0.00503
857.20458	0.00509
857.44564	0.00514
857.68669	0.00519
857.92775	0.00523
858.16881	0.00527
858.40987	0.00531
858.65093	0.00534
858.89199	0.00537
859.13305	0.00539
859.37410	0.00541
859.61516	0.00542
859.85622	0.00542
860.09728	0.00542
860.33834	0.00540
860.57940	0.00538
860.82046	0.00536
861.06151	0.00534
861.30257	0.00531
861.54363	0.00528
861.78469	0.00525
862.02575	0.00523
862.26681	0.00520
862.50787	0.00518
862.74893	0.00515
862.98998	0.00513
863.23104	0.00510
863.47210	0.00507
863.71316	0.00504
863.95422	0.00500
864.19528	0.00496
864.43634	0.00491
864.67739	0.00486
864.91845	0.00481
865.15951	0.00475
865.40057	0.00470
865.64163	0.00464
865.88269	0.00459
866.12375	0.00453
866.36481	0.00446
866.60586	0.00440
866.84692	0.00433
867.08798	0.00426
867.32904	0.00418
867.57010	0.00409
867.81116	0.00400
868.05222	0.00391
868.29327	0.00381
868.53433	0.00371
868.77539	0.00362
869.01645	0.00353
869.25751	0.00344
869.49857	0.00337
869.73963	0.00329
869.98069	0.00323
870.22174	0.00317
870.46280	0.00312
870.70386	0.00309
870.94492	0.00306
871.18598	0.00304
871.42704	0.00304
871.66810	0.00306
871.90915	0.00309
872.15021	0.00314
872.39127	0.00320
872.63233	0.00329
872.87339	0.00339
873.11445	0.00350
873.35551	0.00362
873.59656	0.00374
873.83762	0.00385
874.07868	0.00397
874.31974	0.00407
874.56080	0.00416
874.80186	0.00424
875.04292	0.00430
875.28398	0.00435
875.52503	0.00439
875.76609	0.00441
876.00715	0.00443
876.24821	0.00443
876.48927	0.00444
876.73033	0.00443
876.97139	0.00443
877.21244	0.00441
877.45350	0.00440
877.69456	0.00438
877.93562	0.00435
878.17668	0.00432
878.41774	0.00428
878.65880	0.00423
878.89986	0.00418
879.14091	0.00412
879.38197	0.00405
879.62303	0.00399
879.86409	0.00392
880.10515	0.00386
880.34621	0.00379
880.58727	0.00373
880.82832	0.00366
881.06938	0.00360
881.31044	0.00354
881.55150	0.00348
881.79256	0.00342
882.03362	0.00335
882.27468	0.00329
882.51574	0.00322
882.75679	0.00316
882.99785	0.00309
883.23891	0.00303
883.47997	0.00297
883.72103	0.00291
883.96209	0.00286
884.20315	0.00280
884.44420	0.00275
884.68526	0.00270
884.92632	0.00264
885.16738	0.00259
885.40844	0.00253
885.64950	0.00247
885.89056	0.00241
886.13161	0.00235
886.37267	0.00228
886.61373	0.00221
886.85479	0.00214
887.09585	0.00207
887.33691	0.00200
887.57797	0.00194
887.81903	0.00188
888.06008	0.00183
888.30114	0.00178
888.54220	0.00175
888.78326	0.00171
889.02432	0.00169
889.26538	0.00167
889.50644	0.00165
889.74749	0.00163
889.98855	0.00161
890.22961	0.00159
890.47067	0.00157
890.71173	0.00155
890.95279	0.00154
891.19385	0.00152
891.43491	0.00151
891.67596	0.00150
891.91702	0.00149
892.15808	0.00147
892.39914	0.00146
892.64020	0.00145
892.88126	0.00144
893.12232	0.00143
893.36337	0.00142
893.60443	0.00140
893.84549	0.00139
894.08655	0.00137
894.32761	0.00135
894.56867	0.00133
894.80973	0.00130
895.05079	0.00127
895.29184	0.00123
895.53290	0.00119
895.77396	0.00114
896.01502	0.00110
896.25608	0.00105
896.49714	0.00100
896.73820	0.00096
896.97925	0.00092
897.22031	0.00089
897.46137	0.00086
897.70243	0.00083
897.94349	0.00080
898.18455	0.00077
898.42561	0.00074
898.66667	0.00071
898.90772	0.00068
899.14878	0.00064
899.38984	0.00061
899.63090	0.00058
