0.00000	0.11785
0.24106	0.12013
0.48212	0.12618
0.72318	0.13384
0.96423	0.14026
1.20529	0.14263
1.44635	0.13903
1.68741	0.12889
1.92847	0.11307
2.16953	0.09363
2.41059	0.07325
2.65165	0.05426
2.89270	0.03841
3.13376	0.02654
3.37482	0.01866
3.61588	0.01410
3.85694	0.01185
4.09800	0.01055
4.33906	0.00983
4.58011	0.00934
4.82117	0.00899
5.06223	0.00883
5.30329	0.00896
5.54435	0.00940
5.78541	0.01010
6.02647	0.01093
6.26753	0.01171
6.50858	0.01234
6.74964	0.01275
6.99070	0.01296
7.23176	0.01303
7.47282	0.01304
7.71388	0.01303
7.95494	0.01301
8.19599	0.01296
8.43705	0.01284
8.67811	0.01263
8.91917	0.01234
9.16023	0.01205
9.40129	0.01179
9.64235	0.01164
9.88340	0.01161
10.12446	0.01168
10.36552	0.01181
10.60658	0.01193
10.84764	0.01202
11.08870	0.01206
11.32976	0.01207
11.57082	0.01210
11.81187	0.01217
12.05293	0.01228
12.29399	0.01242
12.53505	0.01253
12.77611	0.01257
13.01717	0.01250
13.25823	0.01233
13.49928	0.01211
13.74034	0.01188
13.98140	0.01169
14.22246	0.01159
14.46352	0.01157
14.70458	0.01160
14.94564	0.01163
15.18670	0.01162
15.42775	0.01154
15.66881	0.01139
15.90987	0.01120
16.15093	0.01098
16.39199	0.01077
16.63305	0.01057
16.87411	0.01034
17.11516	0.01007
17.35622	0.00972
17.59728	0.00926
17.83834	0.00872
18.07940	0.00813
18.32046	0.00752
18.56152	0.00692
18.80258	0.00633
19.04363	0.00575
19.28469	0.00517
19.52575	0.00436
19.76681	0.00352
20.00787	0.00278
20.24893	0.00226
20.48999	0.00206
20.73104	0.00223
20.97210	0.00277
21.21316	0.00359
21.45422	0.00469
21.69528	0.00599
21.93634	0.00748
22.17740	0.00911
22.41845	0.01085
22.65951	0.01261
22.90057	0.01435
23.14163	0.01602
23.38269	0.01762
23.62375	0.01915
23.86481	0.02065
24.10587	0.02214
24.34692	0.02366
24.58798	0.02520
24.82904	0.02677
25.07010	0.02835
25.31116	0.02994
25.55222	0.03154
25.79328	0.03315
26.03433	0.03475
26.27539	0.03636
26.51645	0.03795
26.75751	0.03954
26.99857	0.04114
27.23963	0.04276
27.48069	0.04447
27.72175	0.04634
27.96280	0.04848
28.20386	0.05096
28.44492	0.05383
28.68598	0.05710
28.92704	0.06075
29.16810	0.06473
29.40916	0.06897
29.65021	0.07343
29.89127	0.07806
30.13233	0.08281
30.37339	0.08766
30.61445	0.09254
30.85551	0.09738
31.09657	0.10208
31.33763	0.10652
31.57868	0.11059
31.81974	0.11423
32.06080	0.11740
32.30186	0.12015
32.54292	0.12254
32.78398	0.12473
33.02504	0.12687
33.26609	0.12914
33.50715	0.13171
33.74821	0.13473
33.98927	0.13833
34.23033	0.14261
34.47139	0.14763
34.71245	0.15338
34.95350	0.15981
35.19456	0.16683
35.43562	0.17432
35.67668	0.18217
35.91774	0.19034
36.15880	0.19888
36.39986	0.20796
36.64092	0.21785
36.88197	0.22888
37.12303	0.24136
37.36409	0.25550
37.60515	0.27130
37.84621	0.28853
38.08727	0.30666
38.32833	0.32498
38.56938	0.34262
38.81044	0.35869
39.05150	0.37243
39.29256	0.38330
39.53362	0.39107
39.77468	0.39588
40.01574	0.39817
40.25680	0.39865
40.49785	0.39816
40.73891	0.39757
40.97997	0.39767
41.22103	0.39904
41.46209	0.40202
41.70315	0.40669
41.94421	0.41293
42.18526	0.42047
42.42632	0.42901
42.66738	0.43829
42.90844	0.44815
43.14950	0.45856
43.39056	0.46962
43.63162	0.48143
43.87268	0.49408
44.11373	0.50751
44.35479	0.52150
44.59585	0.53559
44.83691	0.54918
45.07797	0.56154
45.31903	0.57200
45.56009	0.58000
45.80114	0.58521
46.04220	0.58764
46.28326	0.58761
46.52432	0.58574
46.76538	0.58290
47.00644	0.58009
47.24750	0.57830
47.48855	0.57843
47.72961	0.58117
47.97067	0.58695
48.21173	0.59594
48.45279	0.60806
48.69385	0.62308
48.93491	0.64074
49.17597	0.66083
49.41702	0.68326
49.65808	0.70815
49.89914	0.73576
50.14020	0.76639
50.38126	0.80029
50.62232	0.83746
50.86338	0.87756
51.10443	0.91980
51.34549	0.96298
51.58655	1.00557
51.82761	1.04592
52.06867	1.08248
52.30973	1.11399
52.55079	1.13972
52.79185	1.15953
53.03290	1.17385
53.27396	1.18358
53.51502	1.18991
53.75608	1.19406
53.99714	1.19715
54.23820	1.19995
54.47926	1.20292
54.72031	1.20617
54.96137	1.20963
55.20243	1.21315
55.44349	1.21677
55.68455	1.22082
55.92561	1.22602
56.16667	1.23345
56.40773	1.24444
56.64878	1.26037
56.88984	1.28239
57.13090	1.31115
57.37196	1.34661
57.61302	1.38792
57.85408	1.43346
58.09514	1.48096
58.33619	1.52786
58.57725	1.57161
58.81831	1.60999
59.05937	1.64149
59.30043	1.66536
59.54149	1.68173
59.78255	1.69143
60.02361	1.69575
60.26466	1.69613
60.50572	1.69386
60.74678	1.68985
60.98784	1.68453
61.22890	1.67784
61.46996	1.66941
61.71102	1.65880
61.95207	1.64575
62.19313	1.63046
62.43419	1.61368
62.67525	1.59679
62.91631	1.58165
63.15737	1.57034
63.39843	1.56490
63.63948	1.56693
63.88054	1.57733
64.12160	1.59612
64.36266	1.62240
64.60372	1.65443
64.84478	1.68994
65.08584	1.72640
65.32690	1.76141
65.56795	1.79301
65.80901	1.81985
66.05007	1.84129
66.29113	1.85726
66.53219	1.86810
66.77325	1.87426
67.01431	1.87607
67.25536	1.87355
67.49642	1.86635
67.73748	1.85383
67.97854	1.83519
68.21960	1.80979
68.46066	1.77737
68.70172	1.73825
68.94278	1.69347
69.18383	1.64470
69.42489	1.59410
69.66595	1.54405
69.90701	1.49691
70.14807	1.45467
70.38913	1.41871
70.63019	1.38975
70.87124	1.36784
71.11230	1.35249
71.35336	1.34289
71.59442	1.33815
71.83548	1.33755
72.07654	1.34066
72.31760	1.34744
72.55866	1.35812
72.79971	1.37311
73.04077	1.39273
73.28183	1.41695
73.52289	1.44524
73.76395	1.47644
74.00501	1.50876
74.24607	1.53991
74.48712	1.56737
74.72818	1.58871
74.96924	1.60190
75.21030	1.60567
75.45136	1.59965
75.69242	1.58450
75.93348	1.56182
76.17453	1.53392
76.41559	1.50358
76.65665	1.47368
76.89771	1.44689
77.13877	1.42538
77.37983	1.41069
77.62089	1.40365
77.86195	1.40447
78.10300	1.41282
78.34406	1.42808
78.58512	1.44952
78.82618	1.47646
79.06724	1.50836
79.30830	1.54484
79.54936	1.58559
79.79041	1.63026
80.03147	1.67824
80.27253	1.72853
80.51359	1.77968
80.75465	1.82982
80.99571	1.87674
81.23677	1.91818
81.47783	1.95212
81.71888	1.97707
81.95994	1.99231
82.20100	1.99804
82.44206	1.99534
82.68312	1.98606
82.92418	1.97249
83.16524	1.95702
83.40629	1.94180
83.64735	1.92845
83.88841	1.91791
84.12947	1.91041
84.37053	1.90568
84.61159	1.90313
84.85265	1.90223
85.09371	1.90277
85.33476	1.90502
85.57582	1.90983
85.81688	1.91848
86.05794	1.93242
86.29900	1.95295
86.54006	1.98081
86.78112	2.01592
87.02217	2.05718
87.26323	2.10248
87.50429	2.14896
87.74535	2.19328
87.98641	2.23218
88.22747	2.26294
88.46853	2.28373
88.70958	2.29393
88.95064	2.29412
89.19170	2.28590
89.43276	2.27156
89.67382	2.25361
89.91488	2.23432
90.15594	2.21536
90.39700	2.19759
90.63805	2.18107
90.87911	2.16522
91.12017	2.14919
91.36123	2.13222
91.60229	2.11403
91.84335	2.09505
92.08441	2.07650
92.32546	2.06023
92.56652	2.04846
92.80758	2.04334
93.04864	2.04650
93.28970	2.05873
93.53076	2.07972
93.77182	2.10805
94.01288	2.14136
94.25393	2.17673
94.49499	2.21109
94.73605	2.24172
94.97711	2.26665
95.21817	2.28486
95.45923	2.29634
95.70029	2.30196
95.94134	2.30313
96.18240	2.30144
96.42346	2.29825
96.66452	2.29437
96.90558	2.28991
97.14664	2.28429
97.38770	2.27648
97.62876	2.26524
97.86981	2.24959
98.11087	2.22907
98.35193	2.20408
98.59299	2.17586
98.83405	2.14648
99.07511	2.11853
99.31617	2.09473
99.55722	2.07753
99.79828	2.06873
100.03934	2.06920
100.28040	2.07875
100.52146	2.09626
100.76252	2.11986
101.00358	2.14732
101.24464	2.17641
101.48569	2.20523
101.72675	2.23252
101.96781	2.25768
102.20887	2.28073
102.44993	2.30208
102.69099	2.32227
102.93205	2.34163
103.17310	2.36003
103.41416	2.37677
103.65522	2.39062
103.89628	2.39997
104.13734	2.40321
104.37840	2.39905
104.61946	2.38687
104.86051	2.36694
105.10157	2.34053
105.34263	2.30975
105.58369	2.27731
105.82475	2.24614
106.06581	2.21892
106.30687	2.19772
106.54793	2.18377
106.78898	2.17730
107.03004	2.17770
107.27110	2.18374
107.51216	2.19394
107.75322	2.20694
107.99428	2.22185
108.23534	2.23839
108.47639	2.25696
108.71745	2.27848
108.95851	2.30403
109.19957	2.33452
109.44063	2.37030
109.68169	2.41088
109.92275	2.45482
110.16381	2.49979
110.40486	2.54288
110.64592	2.58102
110.88698	2.61140
111.12804	2.63199
111.36910	2.64184
111.61016	2.64121
111.85122	2.63151
112.09227	2.61504
112.33333	2.59457
112.57439	2.57288
112.81545	2.55233
113.05651	2.53454
113.29757	2.52028
113.53863	2.50949
113.77969	2.50157
114.02074	2.49567
114.26180	2.49108
114.50286	2.48755
114.74392	2.48550
114.98498	2.48601
115.22604	2.49069
115.46710	2.50135
115.70815	2.51957
115.94921	2.54634
116.19027	2.58169
116.43133	2.62452
116.67239	2.67260
116.91345	2.72288
117.15451	2.77179
117.39556	2.81585
117.63662	2.85211
117.87768	2.87862
118.11874	2.89465
118.35980	2.90075
118.60086	2.89849
118.84192	2.89013
119.08298	2.87814
119.32403	2.86470
119.56509	2.85133
119.80615	2.83872
120.04721	2.82670
120.28827	2.81452
120.52933	2.80117
120.77039	2.78586
121.01144	2.76837
121.25250	2.74930
121.49356	2.73020
121.73462	2.71334
121.97568	2.70141
122.21674	2.69707
122.45780	2.70242
122.69886	2.71861
122.93991	2.74559
123.18097	2.78205
123.42203	2.82562
123.66309	2.87326
123.90415	2.92170
124.14521	2.96803
124.38627	3.01003
124.62732	3.04649
124.86838	3.07719
125.10944	3.10276
125.35050	3.12430
125.59156	3.14299
125.83262	3.15963
126.07368	3.17441
126.31474	3.18672
126.55579	3.19533
126.79685	3.19862
127.03791	3.19502
127.27897	3.18344
127.52003	3.16368
127.76109	3.13659
128.00215	3.10414
128.24320	3.06920
128.48426	3.03515
128.72532	3.00541
128.96638	2.98291
129.20744	2.96966
129.44850	2.96650
129.68956	2.97299
129.93061	2.98757
130.17167	3.00790
130.41273	3.03128
130.65379	3.05513
130.89485	3.07740
131.13591	3.09685
131.37697	3.11311
131.61803	3.12661
131.85908	3.13825
132.10014	3.14907
132.34120	3.15981
132.58226	3.17056
132.82332	3.18066
133.06438	3.18867
133.30544	3.19255
133.54649	3.19015
133.78755	3.17955
134.02861	3.15955
134.26967	3.13000
134.51073	3.09190
134.75179	3.04739
134.99285	2.99943
135.23391	2.95135
135.47496	2.90635
135.71602	2.86705
135.95708	2.83510
136.19814	2.81106
136.43920	2.79445
136.68026	2.78396
136.92132	2.77785
137.16237	2.77441
137.40343	2.77228
137.64449	2.77078
137.88555	2.76992
138.12661	2.77035
138.36767	2.77305
138.60873	2.77897
138.84979	2.78866
139.09084	2.80196
139.33190	2.81789
139.57296	2.83461
139.81402	2.84975
140.05508	2.86068
140.29614	2.86502
140.53720	2.86102
140.77825	2.84789
141.01931	2.82590
141.26037	2.79637
141.50143	2.76144
141.74249	2.72362
141.98355	2.68546
142.22461	2.64907
142.46566	2.61592
142.70672	2.58663
142.94778	2.56109
143.18884	2.53862
143.42990	2.51830
143.67096	2.49932
143.91202	2.48123
144.15308	2.46415
144.39413	2.44877
144.63519	2.43625
144.87625	2.42794
145.11731	2.42506
145.35837	2.42836
145.59943	2.43789
145.84049	2.45281
146.08154	2.47150
146.32260	2.49168
146.56366	2.51081
146.80472	2.52639
147.04578	2.53642
147.28684	2.53964
147.52790	2.53569
147.76896	2.52512
148.01001	2.50922
148.25107	2.48969
148.49213	2.46831
148.73319	2.44660
148.97425	2.42554
149.21531	2.40546
149.45637	2.38610
149.69742	2.36674
149.93848	2.34649
150.17954	2.32463
150.42060	2.30083
150.66166	2.27536
150.90272	2.24913
151.14378	2.22355
151.38484	2.20033
151.62589	2.18114
151.86695	2.16728
152.10801	2.15943
152.34907	2.15748
152.59013	2.16053
152.83119	2.16701
153.07225	2.17498
153.31330	2.18244
153.55436	2.18766
153.79542	2.18947
154.03648	2.18736
154.27754	2.18153
154.51860	2.17275
154.75966	2.16208
155.00072	2.15062
155.24177	2.13919
155.48283	2.12820
155.72389	2.11752
155.96495	2.10652
156.20601	2.09430
156.44707	2.07989
156.68813	2.06249
156.92918	2.04178
157.17024	2.01799
157.41130	1.99196
157.65236	1.96502
157.89342	1.93884
158.13448	1.91510
158.37554	1.89527
158.61659	1.88038
158.85765	1.87084
159.09871	1.86642
159.33977	1.86633
159.58083	1.86939
159.82189	1.87424
160.06295	1.87961
160.30401	1.88451
160.54506	1.88838
160.78612	1.89114
161.02718	1.89308
161.26824	1.89475
161.50930	1.89678
161.75036	1.89961
161.99142	1.90340
162.23247	1.90787
162.47353	1.91237
162.71459	1.91594
162.95565	1.91751
163.19671	1.91611
163.43777	1.91111
163.67883	1.90231
163.91989	1.89011
164.16094	1.87540
164.40200	1.85946
164.64306	1.84376
164.88412	1.82970
165.12518	1.81840
165.36624	1.81053
165.60730	1.80620
165.84835	1.80503
166.08941	1.80622
166.33047	1.80881
166.57153	1.81189
166.81259	1.81478
167.05365	1.81720
167.29471	1.81932
167.53577	1.82167
167.77682	1.82502
168.01788	1.83013
168.25894	1.83753
168.50000	1.84735
168.74106	1.85920
168.98212	1.87218
169.22318	1.88501
169.46423	1.89623
169.70529	1.90448
169.94635	1.90874
170.18741	1.90850
170.42847	1.90388
170.66953	1.89562
170.91059	1.88489
171.15164	1.87311
171.39270	1.86170
171.63376	1.85182
171.87482	1.84422
172.11588	1.83912
172.35694	1.83626
172.59800	1.83504
172.83906	1.83469
173.08011	1.83446
173.32117	1.83387
173.56223	1.83279
173.80329	1.83150
174.04435	1.83060
174.28541	1.83093
174.52647	1.83330
174.76752	1.83831
175.00858	1.84621
175.24964	1.85673
175.49070	1.86917
175.73176	1.88242
175.97282	1.89517
176.21388	1.90612
176.45494	1.91422
176.69599	1.91885
176.93705	1.91989
177.17811	1.91775
177.41917	1.91327
177.66023	1.90753
177.90129	1.90162
178.14235	1.89649
178.38340	1.89269
178.62446	1.89040
178.86552	1.88934
179.10658	1.88898
179.34764	1.88864
179.58870	1.88774
179.82976	1.88598
180.07082	1.88346
180.31187	1.88070
180.55293	1.87861
180.79399	1.87826
181.03505	1.88072
181.27611	1.88678
181.51717	1.89677
181.75823	1.91044
181.99928	1.92696
182.24034	1.94503
182.48140	1.96310
182.72246	1.97966
182.96352	1.99344
183.20458	2.00372
183.44564	2.01035
183.68669	2.01380
183.92775	2.01504
184.16881	2.01528
184.40987	2.01576
184.65093	2.01745
184.89199	2.02091
185.13305	2.02620
185.37411	2.03287
185.61516	2.04013
185.85622	2.04705
186.09728	2.05281
186.33834	2.05689
186.57940	2.05925
186.82046	2.06038
187.06152	2.06122
187.30257	2.06300
187.54363	2.06704
187.78469	2.07446
188.02575	2.08595
188.26681	2.10163
188.50787	2.12099
188.74893	2.14294
188.98999	2.16603
189.23104	2.18866
189.47210	2.20939
189.71316	2.22717
189.95422	2.24153
190.19528	2.25259
190.43634	2.26102
190.67740	2.26783
190.91845	2.27413
191.15951	2.28088
191.40057	2.28859
191.64163	2.29731
191.88269	2.30654
192.12375	2.31537
192.36481	2.32275
192.60587	2.32767
192.84692	2.32951
193.08798	2.32815
193.32904	2.32409
193.57010	2.31838
193.81116	2.31248
194.05222	2.30795
194.29328	2.30622
194.53433	2.30830
194.77539	2.31461
195.01645	2.32490
195.25751	2.33833
195.49857	2.35360
195.73963	2.36926
195.98069	2.38394
196.22174	2.39659
196.46280	2.40669
196.70386	2.41428
196.94492	2.41986
197.18598	2.42430
197.42704	2.42853
197.66810	2.43334
197.90916	2.43916
198.15021	2.44592
198.39127	2.45306
198.63233	2.45965
198.87339	2.46454
199.11445	2.46669
199.35551	2.46535
199.59657	2.46029
199.83762	2.45188
200.07868	2.44106
200.31974	2.42919
200.56080	2.41783
200.80186	2.40845
201.04292	2.40215
201.28398	2.39952
201.52504	2.40049
201.76609	2.40444
202.00715	2.41031
202.24821	2.41685
202.48927	2.42290
202.73033	2.42761
202.97139	2.43058
203.21245	2.43197
203.45350	2.43236
203.69456	2.43260
203.93562	2.43362
204.17668	2.43611
204.41774	2.44039
204.65880	2.44627
204.89986	2.45305
205.14092	2.45967
205.38197	2.46483
205.62303	2.46734
205.86409	2.46627
206.10515	2.46115
206.34621	2.45209
206.58727	2.43975
206.82833	2.42520
207.06938	2.40974
207.31044	2.39469
207.55150	2.38114
207.79256	2.36980
208.03362	2.36090
208.27468	2.35422
208.51574	2.34914
208.75680	2.34484
208.99785	2.34048
209.23891	2.33539
209.47997	2.32921
209.72103	2.32197
209.96209	2.31404
210.20315	2.30607
210.44421	2.29881
210.68526	2.29289
210.92632	2.28870
211.16738	2.28621
211.40844	2.28496
211.64950	2.28412
211.89056	2.28260
212.13162	2.27929
212.37267	2.27326
212.61373	2.26396
212.85479	2.25132
213.09585	2.23577
213.33691	2.21821
213.57797	2.19976
213.81903	2.18161
214.06009	2.16472
214.30114	2.14974
214.54220	2.13682
214.78326	2.12567
215.02432	2.11566
215.26538	2.10598
215.50644	2.09586
215.74750	2.08476
215.98855	2.07251
216.22961	2.05935
216.47067	2.04589
216.71173	2.03297
216.95279	2.02148
217.19385	2.01216
217.43491	2.00543
217.67597	2.00131
217.91702	1.99934
218.15808	1.99871
218.39914	1.99840
218.64020	1.99730
218.88126	1.99448
219.12232	1.98930
219.36338	1.98149
219.60443	1.97122
219.84549	1.95896
220.08655	1.94542
220.32761	1.93139
220.56867	1.91751
220.80973	1.90425
221.05079	1.89177
221.29185	1.87995
221.53290	1.86845
221.77396	1.85684
222.01502	1.84471
222.25608	1.83185
222.49714	1.81829
222.73820	1.80438
222.97926	1.79072
223.22031	1.77810
223.46137	1.76730
223.70243	1.75902
223.94349	1.75365
224.18455	1.75122
224.42561	1.75134
224.66667	1.75330
224.90772	1.75610
225.14878	1.75870
225.38984	1.76013
225.63090	1.75970
225.87196	1.75707
226.11302	1.75228
226.35408	1.74573
226.59514	1.73806
226.83619	1.72998
227.07725	1.72212
227.31831	1.71488
227.55937	1.70838
227.80043	1.70243
228.04149	1.69660
228.28255	1.69033
228.52360	1.68313
228.76466	1.67465
229.00572	1.66483
229.24678	1.65392
229.48784	1.64248
229.72890	1.63127
229.96996	1.62110
230.21102	1.61272
230.45207	1.60664
230.69313	1.60309
230.93419	1.60189
231.17525	1.60259
231.41631	1.60448
231.65737	1.60674
231.89843	1.60857
232.13948	1.60937
232.38054	1.60877
232.62160	1.60670
232.86266	1.60337
233.10372	1.59920
233.34478	1.59468
233.58584	1.59027
233.82690	1.58626
234.06795	1.58272
234.30901	1.57947
234.55007	1.57612
234.79113	1.57218
235.03219	1.56713
235.27325	1.56062
235.51431	1.55250
235.75536	1.54294
235.99642	1.53237
236.23748	1.52145
236.47854	1.51094
236.71960	1.50158
236.96066	1.49396
237.20172	1.48842
237.44277	1.48500
237.68383	1.48348
237.92489	1.48340
238.16595	1.48422
238.40701	1.48541
238.64807	1.48659
238.88913	1.48754
239.13019	1.48831
239.37124	1.48911
239.61230	1.49027
239.85336	1.49216
240.09442	1.49501
240.33548	1.49889
240.57654	1.50359
240.81760	1.50871
241.05865	1.51364
241.29971	1.51767
241.54077	1.52017
241.78183	1.52062
242.02289	1.51879
242.26395	1.51473
242.50501	1.50880
242.74607	1.50162
242.98712	1.49393
243.22818	1.48651
243.46924	1.48004
243.71030	1.47498
243.95136	1.47155
244.19242	1.46970
244.43348	1.46918
244.67453	1.46959
244.91559	1.47054
245.15665	1.47171
245.39771	1.47295
245.63877	1.47432
245.87983	1.47606
246.12089	1.47855
246.36195	1.48220
246.60300	1.48735
246.84406	1.49414
247.08512	1.50250
247.32618	1.51206
247.56724	1.52225
247.80830	1.53232
248.04936	1.54152
248.29041	1.54919
248.53147	1.55488
248.77253	1.55841
249.01359	1.55991
249.25465	1.55978
249.49571	1.55858
249.73677	1.55697
249.97783	1.55551
250.21888	1.55464
250.45994	1.55457
250.70100	1.55528
250.94206	1.55657
251.18312	1.55814
251.42418	1.55967
251.66524	1.56094
251.90629	1.56188
252.14735	1.56263
252.38841	1.56350
252.62947	1.56494
252.87053	1.56742
253.11159	1.57137
253.35265	1.57705
253.59370	1.58449
253.83476	1.59348
254.07582	1.60359
254.31688	1.61423
254.55794	1.62474
254.79900	1.63451
255.04006	1.64304
255.28112	1.65008
255.52217	1.65559
255.76323	1.65973
256.00429	1.66284
256.24535	1.66529
256.48641	1.66745
256.72747	1.66954
256.96853	1.67161
257.20958	1.67356
257.45064	1.67510
257.69170	1.67588
257.93276	1.67558
258.17382	1.67401
258.41488	1.67116
258.65594	1.66726
258.89700	1.66276
259.13805	1.65829
259.37911	1.65454
259.62017	1.65214
259.86123	1.65157
260.10229	1.65308
260.34335	1.65661
260.58441	1.66188
260.82546	1.66835
261.06652	1.67541
261.30758	1.68244
261.54864	1.68896
261.78970	1.69466
262.03076	1.69944
262.27182	1.70342
262.51288	1.70686
262.75393	1.71003
262.99499	1.71318
263.23605	1.71640
263.47711	1.71957
263.71817	1.72240
263.95923	1.72446
264.20029	1.72525
264.44134	1.72431
264.68240	1.72137
264.92346	1.71636
265.16452	1.70950
265.40558	1.70125
265.64664	1.69228
265.88770	1.68332
266.12875	1.67510
266.36981	1.66818
266.61087	1.66293
266.85193	1.65944
267.09299	1.65755
267.33405	1.65690
267.57511	1.65702
267.81617	1.65744
268.05722	1.65776
268.29828	1.65773
268.53934	1.65730
268.78040	1.65658
269.02146	1.65579
269.26252	1.65519
269.50358	1.65499
269.74463	1.65528
269.98569	1.65597
270.22675	1.65677
270.46781	1.65728
270.70887	1.65697
270.94993	1.65535
271.19099	1.65204
271.43205	1.64684
271.67310	1.63977
271.91416	1.63110
272.15522	1.62130
272.39628	1.61095
272.63734	1.60066
272.87840	1.59094
273.11946	1.58216
273.36051	1.57449
273.60157	1.56787
273.84263	1.56209
274.08369	1.55682
274.32475	1.55174
274.56581	1.54658
274.80687	1.54121
275.04793	1.53565
275.28898	1.53009
275.53004	1.52482
275.77110	1.52014
276.01216	1.51634
276.25322	1.51353
276.49428	1.51168
276.73534	1.51053
276.97639	1.50969
277.21745	1.50862
277.45851	1.50678
277.69957	1.50370
277.94063	1.49904
278.18169	1.49268
278.42275	1.48471
278.66380	1.47540
278.90486	1.46518
279.14592	1.45452
279.38698	1.44386
279.62804	1.43354
279.86910	1.42376
280.11016	1.41458
280.35122	1.40592
280.59227	1.39763
280.83333	1.38955
281.07439	1.38155
281.31545	1.37364
281.55651	1.36590
281.79757	1.35856
282.03863	1.35189
282.27968	1.34619
282.52074	1.34169
282.76180	1.33850
283.00286	1.33660
283.24392	1.33578
283.48498	1.33567
283.72604	1.33582
283.96710	1.33572
284.20815	1.33491
284.44921	1.33300
284.69027	1.32979
284.93133	1.32522
285.17239	1.31942
285.41345	1.31262
285.65451	1.30514
285.89556	1.29730
286.13662	1.28937
286.37768	1.28149
286.61874	1.27373
286.85980	1.26602
287.10086	1.25824
287.34192	1.25025
287.58298	1.24195
287.82403	1.23334
288.06509	1.22453
288.30615	1.21574
288.54721	1.20728
288.78827	1.19952
289.02933	1.19277
289.27039	1.18729
289.51144	1.18318
289.75250	1.18038
289.99356	1.17867
290.23462	1.17773
290.47568	1.17715
290.71674	1.17651
290.95780	1.17546
291.19885	1.17374
291.43991	1.17123
291.68097	1.16793
291.92203	1.16397
292.16309	1.15950
292.40415	1.15470
292.64521	1.14971
292.88627	1.14459
293.12732	1.13931
293.36838	1.13377
293.60944	1.12783
293.85050	1.12135
294.09156	1.11424
294.33262	1.10651
294.57368	1.09828
294.81473	1.08977
295.05579	1.08130
295.29685	1.07321
295.53791	1.06585
295.77897	1.05950
296.02003	1.05431
296.26109	1.05033
296.50215	1.04749
296.74320	1.04558
296.98426	1.04437
297.22532	1.04361
297.46638	1.04307
297.70744	1.04260
297.94850	1.04215
298.18956	1.04173
298.43061	1.04142
298.67167	1.04133
298.91273	1.04152
299.15379	1.04201
299.39485	1.04273
299.63591	1.04352
299.87697	1.04414
300.11803	1.04434
300.35908	1.04386
300.60014	1.04251
300.84120	1.04021
301.08226	1.03700
301.32332	1.03305
301.56438	1.02864
301.80544	1.02411
302.04649	1.01982
302.28755	1.01607
302.52861	1.01309
302.76967	1.01101
303.01073	1.00981
303.25179	1.00939
303.49285	1.00958
303.73391	1.01019
303.97496	1.01104
304.21602	1.01204
304.45708	1.01314
304.69814	1.01439
304.93920	1.01588
305.18026	1.01773
305.42132	1.02007
305.66237	1.02292
305.90343	1.02627
306.14449	1.02999
306.38555	1.03388
306.62661	1.03770
306.86767	1.04118
307.10873	1.04409
307.34978	1.04630
307.59084	1.04776
307.83190	1.04854
308.07296	1.04880
308.31402	1.04879
308.55508	1.04876
308.79614	1.04894
309.03720	1.04951
309.27825	1.05055
309.51931	1.05207
309.76037	1.05397
310.00143	1.05615
310.24249	1.05845
310.48355	1.06079
310.72461	1.06313
310.96566	1.06550
311.20672	1.06802
311.44778	1.07085
311.68884	1.07417
311.92990	1.07813
312.17096	1.08283
312.41202	1.08825
312.65308	1.09427
312.89413	1.10070
313.13519	1.10724
313.37625	1.11359
313.61731	1.11945
313.85837	1.12459
314.09943	1.12889
314.34049	1.13231
314.58154	1.13494
314.82260	1.13696
315.06366	1.13858
315.30472	1.14003
315.54578	1.14149
315.78684	1.14307
316.02790	1.14480
316.26896	1.14664
316.51001	1.14848
316.75107	1.15021
316.99213	1.15176
317.23319	1.15309
317.47425	1.15428
317.71531	1.15545
317.95637	1.15684
318.19742	1.15868
318.43848	1.16120
318.67954	1.16457
318.92060	1.16885
319.16166	1.17401
319.40272	1.17989
319.64378	1.18626
319.88483	1.19283
320.12589	1.19931
320.36695	1.20548
320.60801	1.21118
320.84907	1.21636
321.09013	1.22106
321.33119	1.22538
321.57225	1.22946
321.81330	1.23342
322.05436	1.23733
322.29542	1.24119
322.53648	1.24493
322.77754	1.24840
323.01860	1.25145
323.25966	1.25393
323.50071	1.25575
323.74177	1.25693
323.98283	1.25760
324.22389	1.25799
324.46495	1.25839
324.70601	1.25916
324.94707	1.26059
325.18813	1.26293
325.42918	1.26629
325.67024	1.27066
325.91130	1.27589
326.15236	1.28173
326.39342	1.28788
326.63448	1.29403
326.87554	1.29990
327.11659	1.30532
327.35765	1.31021
327.59871	1.31459
327.83977	1.31856
328.08083	1.32225
328.32189	1.32581
328.56295	1.32928
328.80401	1.33269
329.04506	1.33591
329.28612	1.33879
329.52718	1.34111
329.76824	1.34265
330.00930	1.34324
330.25036	1.34283
330.49142	1.34147
330.73247	1.33935
330.97353	1.33674
331.21459	1.33401
331.45565	1.33151
331.69671	1.32955
331.93777	1.32835
332.17883	1.32800
332.41988	1.32847
332.66094	1.32958
332.90200	1.33113
333.14306	1.33287
333.38412	1.33458
333.62518	1.33611
333.86624	1.33742
334.10730	1.33853
334.34835	1.33956
334.58941	1.34062
334.83047	1.34182
335.07153	1.34318
335.31259	1.34463
335.55365	1.34601
335.79471	1.34705
336.03576	1.34748
336.27682	1.34699
336.51788	1.34538
336.75894	1.34254
337.00000	1.33851
337.24106	1.33347
337.48212	1.32771
337.72318	1.32156
337.96423	1.31539
338.20529	1.30951
338.44635	1.30410
338.68741	1.29927
338.92847	1.29497
339.16953	1.29108
339.41059	1.28742
339.65164	1.28380
339.89270	1.28008
340.13376	1.27621
340.37482	1.27221
340.61588	1.26818
340.85694	1.26429
341.09800	1.26070
341.33906	1.25755
341.58011	1.25491
341.82117	1.25274
342.06223	1.25091
342.30329	1.24920
342.54435	1.24734
342.78541	1.24503
343.02647	1.24204
343.26752	1.23819
343.50858	1.23343
343.74964	1.22779
343.99070	1.22143
344.23176	1.21456
344.47282	1.20743
344.71388	1.20026
344.95493	1.19323
345.19599	1.18645
345.43705	1.17991
345.67811	1.17358
345.91917	1.16736
346.16023	1.16116
346.40129	1.15489
346.64235	1.14856
346.88340	1.14222
347.12446	1.13598
347.36552	1.12998
347.60658	1.12438
347.84764	1.11929
348.08870	1.11475
348.32976	1.11072
348.57081	1.10705
348.81187	1.10353
349.05293	1.09990
349.29399	1.09592
349.53505	1.09137
349.77611	1.08613
350.01717	1.08015
350.25823	1.07350
350.49928	1.06632
350.74034	1.05883
350.98140	1.05124
351.22246	1.04372
351.46352	1.03641
351.70458	1.02936
351.94564	1.02255
352.18669	1.01590
352.42775	1.00930
352.66881	1.00263
352.90987	0.99581
353.15093	0.98882
353.39199	0.98170
353.63305	0.97455
353.87411	0.96751
354.11516	0.96074
354.35622	0.95439
354.59728	0.94855
354.83834	0.94325
355.07940	0.93844
355.32046	0.93402
355.56152	0.92982
355.80257	0.92566
356.04363	0.92137
356.28469	0.91682
356.52575	0.91194
356.76681	0.90672
357.00787	0.90119
357.24893	0.89545
357.48999	0.88958
357.73104	0.88367
357.97210	0.87778
358.21316	0.87191
358.45422	0.86604
358.69528	0.86010
358.93634	0.85400
359.17740	0.84769
359.41845	0.84114
359.65951	0.83436
359.90057	0.82742
360.14163	0.82045
360.38269	0.81361
360.62375	0.80704
360.86481	0.80088
361.10586	0.79523
361.34692	0.79013
361.58798	0.78553
361.82904	0.78135
362.07010	0.77744
362.31116	0.77367
362.55222	0.76990
362.79328	0.76600
363.03433	0.76193
363.27539	0.75768
363.51645	0.75328
363.75751	0.74882
363.99857	0.74436
364.23963	0.73998
364.48069	0.73572
364.72174	0.73155
364.96280	0.72742
365.20386	0.72324
365.44492	0.71891
365.68598	0.71431
365.92704	0.70938
366.16810	0.70409
366.40916	0.69847
366.65021	0.69259
366.89127	0.68658
367.13233	0.68057
367.37339	0.67468
367.61445	0.66903
367.85551	0.66368
368.09657	0.65863
368.33762	0.65384
368.57868	0.64923
368.81974	0.64472
369.06080	0.64019
369.30186	0.63558
369.54292	0.63082
369.78398	0.62591
370.02504	0.62085
370.26609	0.61567
370.50715	0.61041
370.74821	0.60509
370.98927	0.59972
371.23033	0.59427
371.47139	0.58870
371.71245	0.58295
371.95350	0.57695
372.19456	0.57063
372.43562	0.56395
372.67668	0.55690
372.91774	0.54950
373.15880	0.54179
373.39986	0.53386
373.64091	0.52577
373.88197	0.51762
374.12303	0.50947
374.36409	0.50135
374.60515	0.49329
374.84621	0.48529
375.08727	0.47732
375.32833	0.46936
375.56938	0.46140
375.81044	0.45343
376.05150	0.44547
376.29256	0.43753
376.53362	0.42971
376.77468	0.42209
377.01574	0.41473
377.25679	0.40771
377.49785	0.40107
377.73891	0.39484
377.97997	0.38902
378.22103	0.38357
378.46209	0.37849
378.70315	0.37377
378.94421	0.36941
379.18526	0.36541
379.42632	0.36180
379.66738	0.35864
379.90844	0.35599
380.14950	0.35390
380.39056	0.35246
380.63162	0.35172
380.87267	0.35171
381.11373	0.35244
381.35479	0.35388
381.59585	0.35601
381.83691	0.35880
382.07797	0.36219
382.31903	0.36617
382.56009	0.37071
382.80114	0.37580
383.04220	0.38145
383.28326	0.38767
383.52432	0.39446
383.76538	0.40182
384.00644	0.40969
384.24750	0.41805
384.48855	0.42684
384.72961	0.43598
384.97067	0.44536
385.21173	0.45490
385.45279	0.46450
385.69385	0.47409
385.93491	0.48359
386.17596	0.49302
386.41702	0.50236
386.65808	0.51164
386.89914	0.52085
387.14020	0.52999
387.38126	0.53906
387.62232	0.54802
387.86338	0.55681
388.10443	0.56539
388.34549	0.57370
388.58655	0.58171
388.82761	0.58942
389.06867	0.59684
389.30973	0.60403
389.55079	0.61110
389.79184	0.61814
390.03290	0.62525
390.27396	0.63252
390.51502	0.64001
390.75608	0.64774
390.99714	0.65567
391.23820	0.66373
391.47926	0.67185
391.72031	0.67990
391.96137	0.68778
392.20243	0.69543
392.44349	0.70278
392.68455	0.70982
392.92561	0.71655
393.16667	0.72300
393.40772	0.72922
393.64878	0.73521
393.88984	0.74098
394.13090	0.74652
394.37196	0.75178
394.61302	0.75669
394.85408	0.76119
395.09514	0.76525
395.33619	0.76884
395.57725	0.77202
395.81831	0.77486
396.05937	0.77751
396.30043	0.78011
396.54149	0.78284
396.78255	0.78585
397.02360	0.78924
397.26466	0.79309
397.50572	0.79743
397.74678	0.80222
397.98784	0.80741
398.22890	0.81293
398.46996	0.81874
398.71102	0.82478
398.95207	0.83103
399.19313	0.83750
399.43419	0.84421
399.67525	0.85116
399.91631	0.85836
400.15737	0.86576
400.39843	0.87329
400.63948	0.88082
400.88054	0.88821
401.12160	0.89527
401.36266	0.90183
401.60372	0.90776
401.84478	0.91296
402.08584	0.91737
402.32689	0.92104
402.56795	0.92404
402.80901	0.92652
403.05007	0.92861
403.29113	0.93049
403.53219	0.93227
403.77325	0.93405
404.01431	0.93586
404.25536	0.93770
404.49642	0.93952
404.73748	0.94127
404.97854	0.94289
405.21960	0.94435
405.46066	0.94564
405.70172	0.94679
405.94277	0.94785
406.18383	0.94889
406.42489	0.94996
406.66595	0.95109
406.90701	0.95228
407.14807	0.95347
407.38913	0.95458
407.63019	0.95550
407.87124	0.95608
408.11230	0.95623
408.35336	0.95585
408.59442	0.95489
408.83548	0.95336
409.07654	0.95129
409.31760	0.94879
409.55865	0.94596
409.79971	0.94292
410.04077	0.93976
410.28183	0.93657
410.52289	0.93338
410.76395	0.93022
411.00501	0.92706
411.24607	0.92389
411.48712	0.92067
411.72818	0.91741
411.96924	0.91412
412.21030	0.91084
412.45136	0.90761
412.69242	0.90450
412.93348	0.90156
413.17453	0.89881
413.41559	0.89624
413.65665	0.89379
413.89771	0.89137
414.13877	0.88887
414.37983	0.88616
414.62089	0.88312
414.86194	0.87966
415.10300	0.87574
415.34406	0.87136
415.58512	0.86655
415.82618	0.86138
416.06724	0.85594
416.30830	0.85031
416.54936	0.84457
416.79041	0.83876
417.03147	0.83289
417.27253	0.82694
417.51359	0.82089
417.75465	0.81470
417.99571	0.80835
418.23677	0.80183
418.47782	0.79518
418.71888	0.78846
418.95994	0.78175
419.20100	0.77515
419.44206	0.76875
419.68312	0.76264
419.92418	0.75685
420.16524	0.75139
420.40629	0.74622
420.64735	0.74127
420.88841	0.73645
421.12947	0.73165
421.37053	0.72679
421.61159	0.72179
421.85265	0.71660
422.09370	0.71122
422.33476	0.70564
422.57582	0.69989
422.81688	0.69401
423.05794	0.68802
423.29900	0.68193
423.54006	0.67574
423.78112	0.66943
424.02217	0.66298
424.26323	0.65636
424.50429	0.64953
424.74535	0.64249
424.98641	0.63524
425.22747	0.62779
425.46853	0.62021
425.70958	0.61254
425.95064	0.60487
426.19170	0.59726
426.43276	0.58978
426.67382	0.58247
426.91488	0.57538
427.15594	0.56853
427.39699	0.56190
427.63805	0.55550
427.87911	0.54930
428.12017	0.54329
428.36123	0.53746
428.60229	0.53179
428.84335	0.52629
429.08441	0.52094
429.32546	0.51575
429.56652	0.51068
429.80758	0.50572
430.04864	0.50083
430.28970	0.49595
430.53076	0.49104
430.77182	0.48603
431.01287	0.48089
431.25393	0.47559
431.49499	0.47012
431.73605	0.46449
431.97711	0.45875
432.21817	0.45293
432.45923	0.44712
432.70029	0.44136
432.94134	0.43571
433.18240	0.43021
433.42346	0.42487
433.66452	0.41970
433.90558	0.41470
434.14664	0.40983
434.38770	0.40510
434.62875	0.40050
434.86981	0.39604
435.11087	0.39175
435.35193	0.38767
435.59299	0.38383
435.83405	0.38028
436.07511	0.37706
436.31617	0.37419
436.55722	0.37169
436.79828	0.36956
437.03934	0.36778
437.28040	0.36635
437.52146	0.36523
437.76252	0.36442
438.00358	0.36393
438.24463	0.36377
438.48569	0.36397
438.72675	0.36455
438.96781	0.36555
439.20887	0.36700
439.44993	0.36890
439.69099	0.37124
439.93204	0.37398
440.17310	0.37710
440.41416	0.38052
440.65522	0.38420
440.89628	0.38805
441.13734	0.39204
441.37840	0.39611
441.61946	0.40023
441.86051	0.40437
442.10157	0.40853
442.34263	0.41270
442.58369	0.41687
442.82475	0.42101
443.06581	0.42507
443.30687	0.42903
443.54792	0.43280
443.78898	0.43634
444.03004	0.43961
444.27110	0.44256
444.51216	0.44517
444.75322	0.44745
444.99428	0.44940
445.23534	0.45106
445.47639	0.45247
445.71745	0.45366
445.95851	0.45466
446.19957	0.45548
446.44063	0.45613
446.68169	0.45659
446.92275	0.45684
447.16380	0.45685
447.40486	0.45661
447.64592	0.45610
447.88698	0.45534
448.12804	0.45436
448.36910	0.45320
448.61016	0.45191
448.85122	0.45054
449.09227	0.44915
449.33333	0.44775
449.57439	0.44635
449.81545	0.44496
450.05651	0.44354
450.29757	0.44208
450.53863	0.44053
450.77968	0.43891
451.02074	0.43721
451.26180	0.43545
451.50286	0.43370
451.74392	0.43200
451.98498	0.43041
452.22604	0.42899
452.46710	0.42776
452.70815	0.42674
452.94921	0.42590
453.19027	0.42522
453.43133	0.42463
453.67239	0.42409
453.91345	0.42354
454.15451	0.42295
454.39556	0.42230
454.63662	0.42158
454.87768	0.42082
455.11874	0.42004
455.35980	0.41927
455.60086	0.41853
455.84192	0.41784
456.08297	0.41719
456.32403	0.41659
456.56509	0.41600
456.80615	0.41540
457.04721	0.41479
457.28827	0.41415
457.52933	0.41350
457.77039	0.41284
458.01144	0.41223
458.25250	0.41170
458.49356	0.41130
458.73462	0.41108
458.97568	0.41106
459.21674	0.41128
459.45780	0.41172
459.69885	0.41240
459.93991	0.41327
460.18097	0.41433
460.42203	0.41556
460.66309	0.41693
460.90415	0.41845
461.14521	0.42013
461.38627	0.42201
461.62732	0.42411
461.86838	0.42645
462.10944	0.42908
462.35050	0.43197
462.59156	0.43512
462.83262	0.43848
463.07368	0.44199
463.31473	0.44558
463.55579	0.44917
463.79685	0.45269
464.03791	0.45610
464.27897	0.45935
464.52003	0.46242
464.76109	0.46533
465.00215	0.46806
465.24320	0.47064
465.48426	0.47306
465.72532	0.47531
465.96638	0.47737
466.20744	0.47922
466.44850	0.48083
466.68956	0.48217
466.93061	0.48322
467.17167	0.48400
467.41273	0.48452
467.65379	0.48483
467.89485	0.48498
468.13591	0.48503
468.37697	0.48504
468.61802	0.48505
468.85908	0.48510
469.10014	0.48519
469.34120	0.48531
469.58226	0.48546
469.82332	0.48559
470.06438	0.48567
470.30544	0.48569
470.54649	0.48561
470.78755	0.48545
471.02861	0.48520
471.26967	0.48489
471.51073	0.48455
471.75179	0.48419
471.99285	0.48384
472.23390	0.48349
472.47496	0.48312
472.71602	0.48272
472.95708	0.48225
473.19814	0.48167
473.43920	0.48094
473.68026	0.48005
473.92132	0.47900
474.16237	0.47780
474.40343	0.47648
474.64449	0.47509
474.88555	0.47368
475.12661	0.47229
475.36767	0.47096
475.60873	0.46971
475.84978	0.46854
476.09084	0.46745
476.33190	0.46643
476.57296	0.46546
476.81402	0.46452
477.05508	0.46360
477.29614	0.46271
477.53720	0.46185
477.77825	0.46102
478.01931	0.46026
478.26037	0.45955
478.50143	0.45891
478.74249	0.45833
478.98355	0.45779
479.22461	0.45727
479.46566	0.45673
479.70672	0.45613
479.94778	0.45546
480.18884	0.45468
480.42990	0.45379
480.67096	0.45277
480.91202	0.45165
481.15307	0.45044
481.39413	0.44915
481.63519	0.44781
481.87625	0.44642
482.11731	0.44500
482.35837	0.44354
482.59943	0.44203
482.84049	0.44047
483.08154	0.43885
483.32260	0.43717
483.56366	0.43543
483.80472	0.43367
484.04578	0.43190
484.28684	0.43017
484.52790	0.42849
484.76895	0.42692
485.01001	0.42545
485.25107	0.42410
485.49213	0.42285
485.73319	0.42169
485.97425	0.42057
486.21531	0.41946
486.45637	0.41831
486.69742	0.41710
486.93848	0.41580
487.17954	0.41440
487.42060	0.41291
487.66166	0.41134
487.90272	0.40971
488.14378	0.40805
488.38483	0.40637
488.62589	0.40470
488.86695	0.40304
489.10801	0.40141
489.34907	0.39979
489.59013	0.39818
489.83119	0.39658
490.07225	0.39497
490.31330	0.39337
490.55436	0.39176
490.79542	0.39017
491.03648	0.38860
491.27754	0.38708
491.51860	0.38563
491.75966	0.38426
492.00071	0.38299
492.24177	0.38182
492.48283	0.38075
492.72389	0.37978
492.96495	0.37890
493.20601	0.37808
493.44707	0.37733
493.68812	0.37663
493.92918	0.37597
494.17024	0.37536
494.41130	0.37478
494.65236	0.37424
494.89342	0.37373
495.13448	0.37325
495.37554	0.37278
495.61659	0.37230
495.85765	0.37179
496.09871	0.37125
496.33977	0.37065
496.58083	0.36998
496.82189	0.36926
497.06295	0.36847
497.30400	0.36765
497.54506	0.36681
497.78612	0.36597
498.02718	0.36514
498.26824	0.36435
498.50930	0.36360
498.75036	0.36289
498.99142	0.36222
499.23247	0.36158
499.47353	0.36095
499.71459	0.36034
499.95565	0.35973
500.19671	0.35912
500.43777	0.35850
500.67883	0.35787
500.91988	0.35723
501.16094	0.35657
501.40200	0.35588
501.64306	0.35514
501.88412	0.35432
502.12518	0.35339
502.36624	0.35232
502.60730	0.35108
502.84835	0.34964
503.08941	0.34797
503.33047	0.34608
503.57153	0.34395
503.81259	0.34161
504.05365	0.33907
504.29471	0.33638
504.53576	0.33356
504.77682	0.33069
505.01788	0.32783
505.25894	0.32505
505.50000	0.32245
505.74106	0.32013
505.98212	0.31821
506.22318	0.31681
506.46423	0.31603
506.70529	0.31597
506.94635	0.31668
507.18741	0.31821
507.42847	0.32055
507.66953	0.32364
507.91059	0.32741
508.15164	0.33172
508.39270	0.33646
508.63376	0.34145
508.87482	0.34654
509.11588	0.35160
509.35694	0.35648
509.59800	0.36111
509.83905	0.36544
510.08011	0.36943
510.32117	0.37309
510.56223	0.37644
510.80329	0.37952
511.04435	0.38236
511.28541	0.38502
511.52647	0.38751
511.76752	0.38987
512.00858	0.39212
512.24964	0.39425
512.49070	0.39629
512.73176	0.39823
512.97282	0.40009
513.21388	0.40187
513.45493	0.40361
513.69599	0.40531
513.93705	0.40700
514.17811	0.40870
514.41917	0.41041
514.66023	0.41213
514.90129	0.41385
515.14235	0.41555
515.38340	0.41721
515.62446	0.41880
515.86552	0.42030
516.10658	0.42169
516.34764	0.42296
516.58870	0.42411
516.82976	0.42515
517.07081	0.42610
517.31187	0.42697
517.55293	0.42778
517.79399	0.42855
518.03505	0.42927
518.27611	0.42997
518.51717	0.43064
518.75823	0.43128
518.99928	0.43189
519.24034	0.43249
519.48140	0.43306
519.72246	0.43364
519.96352	0.43422
520.20458	0.43483
520.44564	0.43548
520.68669	0.43617
520.92775	0.43691
521.16881	0.43769
521.40987	0.43849
521.65093	0.43931
521.89199	0.44010
522.13305	0.44086
522.37410	0.44156
522.61516	0.44218
522.85622	0.44272
523.09728	0.44317
523.33834	0.44355
523.57940	0.44385
523.82046	0.44408
524.06152	0.44424
524.30257	0.44435
524.54363	0.44441
524.78469	0.44439
525.02575	0.44432
525.26681	0.44420
525.50787	0.44403
525.74893	0.44383
525.98998	0.44365
526.23104	0.44351
526.47210	0.44346
526.71316	0.44353
526.95422	0.44375
527.19528	0.44417
527.43634	0.44478
527.67740	0.44558
527.91845	0.44658
528.15951	0.44775
528.40057	0.44907
528.64163	0.45051
528.88269	0.45206
529.12375	0.45370
529.36481	0.45542
529.60586	0.45720
529.84692	0.45906
530.08798	0.46099
530.32904	0.46298
530.57010	0.46503
530.81116	0.46713
531.05222	0.46925
531.29328	0.47138
531.53433	0.47347
531.77539	0.47549
532.01645	0.47743
532.25751	0.47925
532.49857	0.48095
532.73963	0.48251
532.98069	0.48395
533.22174	0.48526
533.46280	0.48645
533.70386	0.48754
533.94492	0.48853
534.18598	0.48941
534.42704	0.49019
534.66810	0.49084
534.90915	0.49137
535.15021	0.49176
535.39127	0.49200
535.63233	0.49210
535.87339	0.49207
536.11445	0.49192
536.35551	0.49166
536.59657	0.49133
536.83762	0.49092
537.07868	0.49045
537.31974	0.48993
537.56080	0.48934
537.80186	0.48868
538.04292	0.48793
538.28398	0.48708
538.52503	0.48611
538.76609	0.48503
539.00715	0.48383
539.24821	0.48254
539.48927	0.48118
539.73033	0.47977
539.97139	0.47835
540.21245	0.47696
540.45350	0.47562
540.69456	0.47437
540.93562	0.47322
541.17668	0.47220
541.41774	0.47130
541.65880	0.47053
541.89986	0.46989
542.14091	0.46937
542.38197	0.46896
542.62303	0.46866
542.86409	0.46846
543.10515	0.46834
543.34621	0.46830
543.58727	0.46832
543.82833	0.46838
544.06938	0.46846
544.31044	0.46855
544.55150	0.46861
544.79256	0.46862
545.03362	0.46857
545.27468	0.46843
545.51574	0.46820
545.75679	0.46786
545.99785	0.46740
546.23891	0.46683
546.47997	0.46614
546.72103	0.46532
546.96209	0.46436
547.20315	0.46323
547.44421	0.46193
547.68526	0.46042
547.92632	0.45868
548.16738	0.45671
548.40844	0.45451
548.64950	0.45207
548.89056	0.44943
549.13162	0.44662
549.37267	0.44367
549.61373	0.44064
549.85479	0.43758
550.09585	0.43454
550.33691	0.43158
550.57797	0.42873
550.81903	0.42603
551.06008	0.42354
551.30114	0.42127
551.54220	0.41926
551.78326	0.41752
552.02432	0.41608
552.26538	0.41494
552.50644	0.41411
552.74750	0.41357
552.98855	0.41333
553.22961	0.41335
553.47067	0.41363
553.71173	0.41414
553.95279	0.41485
554.19385	0.41576
554.43491	0.41683
554.67596	0.41806
554.91702	0.41942
555.15808	0.42091
555.39914	0.42250
555.64020	0.42419
555.88126	0.42596
556.12232	0.42780
556.36338	0.42969
556.60443	0.43161
556.84549	0.43354
557.08655	0.43545
557.32761	0.43733
557.56867	0.43914
557.80973	0.44085
558.05079	0.44246
558.29184	0.44394
558.53290	0.44529
558.77396	0.44649
559.01502	0.44755
559.25608	0.44849
559.49714	0.44930
559.73820	0.45001
559.97926	0.45061
560.22031	0.45113
560.46137	0.45155
560.70243	0.45187
560.94349	0.45210
561.18455	0.45222
561.42561	0.45222
561.66667	0.45212
561.90772	0.45192
562.14878	0.45161
562.38984	0.45123
562.63090	0.45078
562.87196	0.45029
563.11302	0.44977
563.35408	0.44925
563.59513	0.44874
563.83619	0.44825
564.07725	0.44780
564.31831	0.44738
564.55937	0.44701
564.80043	0.44670
565.04149	0.44643
565.28255	0.44622
565.52360	0.44607
565.76466	0.44598
566.00572	0.44593
566.24678	0.44594
566.48784	0.44599
566.72890	0.44608
566.96996	0.44620
567.21101	0.44634
567.45207	0.44649
567.69313	0.44664
567.93419	0.44680
568.17525	0.44696
568.41631	0.44713
568.65737	0.44731
568.89843	0.44751
569.13948	0.44773
569.38054	0.44799
569.62160	0.44829
569.86266	0.44863
570.10372	0.44900
570.34478	0.44940
570.58584	0.44982
570.82689	0.45025
571.06795	0.45069
571.30901	0.45114
571.55007	0.45160
571.79113	0.45209
572.03219	0.45260
572.27325	0.45316
572.51431	0.45377
572.75536	0.45444
572.99642	0.45515
573.23748	0.45589
573.47854	0.45666
573.71960	0.45743
573.96066	0.45819
574.20172	0.45892
574.44277	0.45962
574.68383	0.46029
574.92489	0.46095
575.16595	0.46161
575.40701	0.46228
575.64807	0.46300
575.88913	0.46378
576.13018	0.46464
576.37124	0.46560
576.61230	0.46667
576.85336	0.46784
577.09442	0.46913
577.33548	0.47052
577.57654	0.47200
577.81760	0.47357
578.05865	0.47522
578.29971	0.47693
578.54077	0.47870
578.78183	0.48053
579.02289	0.48240
579.26395	0.48431
579.50501	0.48623
579.74606	0.48815
579.98712	0.49006
580.22818	0.49192
580.46924	0.49372
580.71030	0.49544
580.95136	0.49708
581.19242	0.49864
581.43348	0.50014
581.67453	0.50159
581.91559	0.50303
582.15665	0.50446
582.39771	0.50592
582.63877	0.50742
582.87983	0.50895
583.12089	0.51053
583.36194	0.51214
583.60300	0.51379
583.84406	0.51547
584.08512	0.51718
584.32618	0.51892
584.56724	0.52069
584.80830	0.52250
585.04936	0.52436
585.29041	0.52627
585.53147	0.52823
585.77253	0.53021
586.01359	0.53223
586.25465	0.53424
586.49571	0.53623
586.73677	0.53818
586.97782	0.54006
587.21888	0.54186
587.45994	0.54355
587.70100	0.54513
587.94206	0.54659
588.18312	0.54794
588.42418	0.54920
588.66523	0.55037
588.90629	0.55147
589.14735	0.55252
589.38841	0.55353
589.62947	0.55452
589.87053	0.55548
590.11159	0.55643
590.35265	0.55735
590.59370	0.55826
590.83476	0.55914
591.07582	0.56000
591.31688	0.56083
591.55794	0.56164
591.79900	0.56244
592.04006	0.56321
592.28111	0.56397
592.52217	0.56471
592.76323	0.56542
593.00429	0.56611
593.24535	0.56676
593.48641	0.56736
593.72747	0.56790
593.96853	0.56838
594.20958	0.56879
594.45064	0.56911
594.69170	0.56934
594.93276	0.56948
595.17382	0.56953
595.41488	0.56949
595.65594	0.56935
595.89699	0.56912
596.13805	0.56879
596.37911	0.56839
596.62017	0.56790
596.86123	0.56733
597.10229	0.56669
597.34335	0.56600
597.58441	0.56525
597.82546	0.56446
598.06652	0.56365
598.30758	0.56285
598.54864	0.56207
598.78970	0.56135
599.03076	0.56071
599.27182	0.56018
599.51287	0.55978
599.75393	0.55952
599.99499	0.55941
600.23605	0.55943
600.47711	0.55956
600.71817	0.55977
600.95923	0.56000
601.20029	0.56022
601.44134	0.56036
601.68240	0.56038
601.92346	0.56024
602.16452	0.55990
602.40558	0.55933
602.64664	0.55854
602.88770	0.55753
603.12875	0.55631
603.36981	0.55490
603.61087	0.55333
603.85193	0.55162
604.09299	0.54978
604.33405	0.54784
604.57511	0.54579
604.81616	0.54363
605.05722	0.54138
605.29828	0.53900
605.53934	0.53651
605.78040	0.53389
606.02146	0.53115
606.26252	0.52828
606.50358	0.52530
606.74463	0.52221
606.98569	0.51903
607.22675	0.51576
607.46781	0.51240
607.70887	0.50895
607.94993	0.50542
608.19099	0.50180
608.43204	0.49806
608.67310	0.49421
608.91416	0.49022
609.15522	0.48608
609.39628	0.48178
609.63734	0.47730
609.87840	0.47264
610.11946	0.46778
610.36051	0.46272
610.60157	0.45747
610.84263	0.45204
611.08369	0.44645
611.32475	0.44072
611.56581	0.43491
611.80687	0.42904
612.04792	0.42318
612.28898	0.41737
612.53004	0.41168
612.77110	0.40616
613.01216	0.40086
613.25322	0.39585
613.49428	0.39118
613.73534	0.38688
613.97639	0.38300
614.21745	0.37956
614.45851	0.37657
614.69957	0.37404
614.94063	0.37196
615.18169	0.37029
615.42275	0.36901
615.66380	0.36807
615.90486	0.36742
616.14592	0.36699
616.38698	0.36674
616.62804	0.36660
616.86910	0.36653
617.11016	0.36647
617.35121	0.36639
617.59227	0.36625
617.83333	0.36602
618.07439	0.36568
618.31545	0.36521
618.55651	0.36461
618.79757	0.36387
619.03863	0.36301
619.27968	0.36201
619.52074	0.36092
619.76180	0.35973
620.00286	0.35848
620.24392	0.35718
620.48498	0.35585
620.72604	0.35452
620.96709	0.35318
621.20815	0.35185
621.44921	0.35051
621.69027	0.34917
621.93133	0.34781
622.17239	0.34640
622.41345	0.34494
622.65451	0.34340
622.89556	0.34177
623.13662	0.34003
623.37768	0.33816
623.61874	0.33617
623.85980	0.33405
624.10086	0.33181
624.34192	0.32946
624.58297	0.32701
624.82403	0.32448
625.06509	0.32188
625.30615	0.31922
625.54721	0.31653
625.78827	0.31380
626.02933	0.31106
626.27039	0.30830
626.51144	0.30553
626.75250	0.30276
626.99356	0.29999
627.23462	0.29721
627.47568	0.29443
627.71674	0.29163
627.95780	0.28880
628.19885	0.28591
628.43991	0.28293
628.68097	0.27984
628.92203	0.27662
629.16309	0.27326
629.40415	0.26977
629.64521	0.26618
629.88626	0.26252
630.12732	0.25887
630.36838	0.25530
630.60944	0.25189
630.85050	0.24871
631.09156	0.24585
631.33262	0.24336
631.57368	0.24127
631.81473	0.23960
632.05579	0.23832
632.29685	0.23741
632.53791	0.23681
632.77897	0.23644
633.02003	0.23624
633.26109	0.23614
633.50214	0.23608
633.74320	0.23599
633.98426	0.23583
634.22532	0.23557
634.46638	0.23518
634.70744	0.23466
634.94850	0.23401
635.18956	0.23324
635.43061	0.23236
635.67167	0.23140
635.91273	0.23036
636.15379	0.22928
636.39485	0.22817
636.63591	0.22704
636.87697	0.22592
637.11802	0.22481
637.35908	0.22373
637.60014	0.22266
637.84120	0.22162
638.08226	0.22059
638.32332	0.21957
638.56438	0.21856
638.80544	0.21753
639.04649	0.21649
639.28755	0.21542
639.52861	0.21431
639.76967	0.21314
640.01073	0.21192
640.25179	0.21064
640.49285	0.20928
640.73390	0.20786
640.97496	0.20636
641.21602	0.20479
641.45708	0.20316
641.69814	0.20147
641.93920	0.19972
642.18026	0.19794
642.42132	0.19613
642.66237	0.19432
642.90343	0.19253
643.14449	0.19077
643.38555	0.18909
643.62661	0.18749
643.86767	0.18601
644.10873	0.18464
644.34978	0.18341
644.59084	0.18231
644.83190	0.18135
645.07296	0.18051
645.31402	0.17977
645.55508	0.17913
645.79614	0.17857
646.03719	0.17807
646.27825	0.17760
646.51931	0.17715
646.76037	0.17671
647.00143	0.17625
647.24249	0.17577
647.48355	0.17526
647.72461	0.17469
647.96566	0.17408
648.20672	0.17340
648.44778	0.17267
648.68884	0.17188
648.92990	0.17103
649.17096	0.17013
649.41202	0.16917
649.65307	0.16817
649.89413	0.16712
650.13519	0.16603
650.37625	0.16491
650.61731	0.16375
650.85837	0.16257
651.09943	0.16138
651.34049	0.16017
651.58154	0.15895
651.82260	0.15772
652.06366	0.15650
652.30472	0.15527
652.54578	0.15404
652.78684	0.15281
653.02790	0.15158
653.26895	0.15034
653.51001	0.14908
653.75107	0.14781
653.99213	0.14650
654.23319	0.14515
654.47425	0.14375
654.71531	0.14227
654.95637	0.14072
655.19742	0.13908
655.43848	0.13732
655.67954	0.13546
655.92060	0.13347
656.16166	0.13136
656.40272	0.12913
656.64378	0.12678
656.88483	0.12432
657.12589	0.12177
657.36695	0.11914
657.60801	0.11646
657.84907	0.11377
658.09013	0.11110
658.33119	0.10849
658.57224	0.10600
658.81330	0.10368
659.05436	0.10157
659.29542	0.09972
659.53648	0.09816
659.77754	0.09691
660.01860	0.09598
660.25966	0.09536
660.50071	0.09503
660.74177	0.09493
660.98283	0.09503
661.22389	0.09527
661.46495	0.09559
661.70601	0.09593
661.94707	0.09625
662.18812	0.09652
662.42918	0.09670
662.67024	0.09677
662.91130	0.09673
663.15236	0.09657
663.39342	0.09629
663.63448	0.09591
663.87554	0.09542
664.11659	0.09484
664.35765	0.09416
664.59871	0.09341
664.83977	0.09259
665.08083	0.09172
665.32189	0.09079
665.56295	0.08983
665.80400	0.08884
666.04506	0.08782
666.28612	0.08679
666.52718	0.08574
666.76824	0.08467
667.00930	0.08360
667.25036	0.08250
667.49142	0.08139
667.73247	0.08026
667.97353	0.07911
668.21459	0.07795
668.45565	0.07677
668.69671	0.07558
668.93777	0.07439
669.17883	0.07319
669.41988	0.07200
669.66094	0.07082
669.90200	0.06965
670.14306	0.06849
670.38412	0.06735
670.62518	0.06622
670.86624	0.06512
671.10729	0.06403
671.34835	0.06295
671.58941	0.06189
671.83047	0.06084
672.07153	0.05980
672.31259	0.05877
672.55365	0.05775
672.79471	0.05674
673.03576	0.05574
673.27682	0.05475
673.51788	0.05378
673.75894	0.05282
674.00000	0.05187
674.24106	0.05093
674.48212	0.05000
674.72317	0.04908
674.96423	0.04815
675.20529	0.04723
675.44635	0.04630
675.68741	0.04537
675.92847	0.04443
676.16953	0.04347
676.41059	0.04251
676.65164	0.04155
676.89270	0.04057
677.13376	0.03960
677.37482	0.03863
677.61588	0.03766
677.85694	0.03671
678.09800	0.03578
678.33905	0.03487
678.58011	0.03399
678.82117	0.03315
679.06223	0.03233
679.30329	0.03153
679.54435	0.03077
679.78541	0.03004
680.02647	0.02932
680.26752	0.02862
680.50858	0.02794
680.74964	0.02727
680.99070	0.02661
681.23176	0.02597
681.47282	0.02534
681.71388	0.02472
681.95493	0.02411
682.19599	0.02352
682.43705	0.02295
682.67811	0.02239
682.91917	0.02186
683.16023	0.02133
683.40129	0.02083
683.64234	0.02034
683.88340	0.01986
684.12446	0.01939
684.36552	0.01894
684.60658	0.01849
684.84764	0.01806
685.08870	0.01764
685.32976	0.01723
685.57081	0.01682
685.81187	0.01643
686.05293	0.01605
686.29399	0.01567
686.53505	0.01531
686.77611	0.01495
687.01717	0.01460
687.25822	0.01427
687.49928	0.01395
687.74034	0.01364
687.98140	0.01335
688.22246	0.01307
688.46352	0.01281
688.70458	0.01257
688.94564	0.01235
689.18669	0.01213
689.42775	0.01193
689.66881	0.01174
689.90987	0.01155
690.15093	0.01137
690.39199	0.01119
690.63305	0.01101
690.87410	0.01084
691.11516	0.01067
691.35622	0.01051
691.59728	0.01035
691.83834	0.01019
692.07940	0.01004
692.32046	0.00989
692.56152	0.00975
692.80257	0.00960
693.04363	0.00946
693.28469	0.00932
693.52575	0.00918
693.76681	0.00903
694.00787	0.00889
694.24893	0.00874
694.48998	0.00858
694.73104	0.00842
694.97210	0.00825
695.21316	0.00807
695.45422	0.00787
695.69528	0.00765
695.93634	0.00743
696.17740	0.00718
696.41845	0.00693
696.65951	0.00667
696.90057	0.00641
697.14163	0.00616
697.38269	0.00591
697.62375	0.00566
697.86481	0.00543
698.10586	0.00520
698.34692	0.00499
698.58798	0.00478
698.82904	0.00458
699.07010	0.00439
699.31116	0.00421
699.55222	0.00403
699.79327	0.00385
700.03433	0.00368
700.27539	0.00352
700.51645	0.00336
700.75751	0.00321
700.99857	0.00308
701.23963	0.00297
701.48069	0.00287
701.72174	0.00279
701.96280	0.00273
702.20386	0.00268
702.44492	0.00265
702.68598	0.00262
702.92704	0.00260
703.16810	0.00258
703.40915	0.00255
703.65021	0.00251
703.89127	0.00246
704.13233	0.00240
704.37339	0.00234
704.61445	0.00228
704.85551	0.00222
705.09657	0.00217
705.33762	0.00213
705.57868	0.00210
705.81974	0.00208
706.06080	0.00208
706.30186	0.00209
706.54292	0.00210
706.78398	0.00212
707.02503	0.00214
707.26609	0.00215
707.50715	0.00216
707.74821	0.00216
707.98927	0.00216
708.23033	0.00216
708.47139	0.00216
708.71245	0.00216
708.95350	0.00215
709.19456	0.00216
709.43562	0.00216
709.67668	0.00216
709.91774	0.00216
710.15880	0.00216
710.39986	0.00216
710.64091	0.00216
710.88197	0.00216
711.12303	0.00216
711.36409	0.00216
711.60515	0.00217
711.84621	0.00218
712.08727	0.00219
712.32832	0.00221
712.56938	0.00222
712.81044	0.00224
713.05150	0.00226
713.29256	0.00227
713.53362	0.00228
713.77468	0.00229
714.01574	0.00230
714.25679	0.00229
714.49785	0.00229
714.73891	0.00228
714.97997	0.00226
715.22103	0.00223
715.46209	0.00220
715.70315	0.00217
715.94420	0.00214
716.18526	0.00210
716.42632	0.00208
716.66738	0.00206
716.90844	0.00204
717.14950	0.00204
717.39056	0.00204
717.63162	0.00205
717.87267	0.00207
718.11373	0.00208
718.35479	0.00210
718.59585	0.00211
718.83691	0.00212
719.07797	0.00213
719.31903	0.00213
719.56008	0.00212
719.80114	0.00212
720.04220	0.00211
720.28326	0.00210
720.52432	0.00209
720.76538	0.00208
721.00644	0.00208
721.24750	0.00207
721.48855	0.00206
721.72961	0.00205
721.97067	0.00204
722.21173	0.00203
722.45279	0.00202
722.69385	0.00201
722.93491	0.00199
723.17596	0.00199
723.41702	0.00198
723.65808	0.00197
723.89914	0.00197
724.14020	0.00197
724.38126	0.00197
724.62232	0.00197
724.86337	0.00197
725.10443	0.00197
725.34549	0.00198
725.58655	0.00199
725.82761	0.00200
726.06867	0.00201
726.30973	0.00202
726.55079	0.00204
726.79184	0.00205
727.03290	0.00206
727.27396	0.00207
727.51502	0.00208
727.75608	0.00208
727.99714	0.00208
728.23820	0.00208
728.47925	0.00207
728.72031	0.00206
728.96137	0.00206
729.20243	0.00205
729.44349	0.00204
729.68455	0.00203
729.92561	0.00202
730.16667	0.00202
730.40772	0.00201
730.64878	0.00201
730.88984	0.00200
731.13090	0.00200
731.37196	0.00199
731.61302	0.00198
731.85408	0.00197
732.09513	0.00195
732.33619	0.00194
732.57725	0.00192
732.81831	0.00191
733.05937	0.00190
733.30043	0.00190
733.54149	0.00190
733.78255	0.00190
734.02360	0.00190
734.26466	0.00190
734.50572	0.00190
734.74678	0.00190
734.98784	0.00189
735.22890	0.00188
735.46996	0.00187
735.71101	0.00186
735.95207	0.00185
736.19313	0.00183
736.43419	0.00182
736.67525	0.00181
736.91631	0.00180
737.15737	0.00179
737.39842	0.00178
737.63948	0.00177
737.88054	0.00176
738.12160	0.00175
738.36266	0.00174
738.60372	0.00174
738.84478	0.00174
739.08584	0.00174
739.32689	0.00174
739.56795	0.00174
739.80901	0.00175
740.05007	0.00176
740.29113	0.00177
740.53219	0.00178
740.77325	0.00179
741.01430	0.00181
741.25536	0.00182
741.49642	0.00184
741.73748	0.00185
741.97854	0.00187
742.21960	0.00187
742.46066	0.00188
742.70172	0.00188
742.94277	0.00188
743.18383	0.00188
743.42489	0.00188
743.66595	0.00188
743.90701	0.00188
744.14807	0.00189
744.38913	0.00189
744.63018	0.00189
744.87124	0.00190
745.11230	0.00190
745.35336	0.00190
745.59442	0.00189
745.83548	0.00190
746.07654	0.00190
746.31760	0.00191
746.55865	0.00193
746.79971	0.00196
747.04077	0.00199
747.28183	0.00203
747.52289	0.00206
747.76395	0.00209
748.00501	0.00213
748.24606	0.00215
748.48712	0.00218
748.72818	0.00221
748.96924	0.00224
749.21030	0.00228
749.45136	0.00232
749.69242	0.00239
749.93348	0.00246
750.17453	0.00255
750.41559	0.00264
750.65665	0.00274
750.89771	0.00283
751.13877	0.00293
751.37983	0.00301
751.62089	0.00309
751.86194	0.00315
752.10300	0.00321
752.34406	0.00326
752.58512	0.00331
752.82618	0.00337
753.06724	0.00343
753.30830	0.00350
753.54935	0.00359
753.79041	0.00369
754.03147	0.00380
754.27253	0.00392
754.51359	0.00405
754.75465	0.00418
754.99571	0.00431
755.23677	0.00444
755.47782	0.00457
755.71888	0.00469
755.95994	0.00482
756.20100	0.00494
756.44206	0.00506
756.68312	0.00518
756.92418	0.00530
757.16523	0.00543
757.40629	0.00556
757.64735	0.00569
757.88841	0.00584
758.12947	0.00599
758.37053	0.00614
758.61159	0.00629
758.85265	0.00644
759.09370	0.00659
759.33476	0.00672
759.57582	0.00685
759.81688	0.00697
760.05794	0.00709
760.29900	0.00720
760.54006	0.00731
760.78111	0.00743
761.02217	0.00755
761.26323	0.00768
761.50429	0.00781
761.74535	0.00794
761.98641	0.00806
762.22747	0.00819
762.46853	0.00830
762.70958	0.00841
762.95064	0.00850
763.19170	0.00859
763.43276	0.00868
763.67382	0.00876
763.91488	0.00884
764.15594	0.00892
764.39699	0.00900
764.63805	0.00908
764.87911	0.00917
765.12017	0.00926
765.36123	0.00934
765.60229	0.00942
765.84335	0.00950
766.08440	0.00958
766.32546	0.00965
766.56652	0.00971
766.80758	0.00976
767.04864	0.00979
767.28970	0.00982
767.53076	0.00983
767.77182	0.00983
768.01287	0.00982
768.25393	0.00981
768.49499	0.00979
768.73605	0.00977
768.97711	0.00976
769.21817	0.00976
769.45923	0.00976
769.70028	0.00977
769.94134	0.00978
770.18240	0.00981
770.42346	0.00984
770.66452	0.00988
770.90558	0.00994
771.14664	0.01001
771.38770	0.01009
771.62875	0.01019
771.86981	0.01031
772.11087	0.01044
772.35193	0.01059
772.59299	0.01075
772.83405	0.01092
773.07511	0.01110
773.31616	0.01127
773.55722	0.01144
773.79828	0.01161
774.03934	0.01178
774.28040	0.01194
774.52146	0.01210
774.76252	0.01225
775.00358	0.01241
775.24463	0.01257
775.48569	0.01273
775.72675	0.01290
775.96781	0.01307
776.20887	0.01325
776.44993	0.01343
776.69099	0.01362
776.93204	0.01381
777.17310	0.01400
777.41416	0.01418
777.65522	0.01436
777.89628	0.01454
778.13734	0.01470
778.37840	0.01485
778.61945	0.01498
778.86051	0.01511
779.10157	0.01522
779.34263	0.01532
779.58369	0.01541
779.82475	0.01549
780.06581	0.01557
780.30687	0.01565
780.54792	0.01573
780.78898	0.01582
781.03004	0.01591
781.27110	0.01601
781.51216	0.01611
781.75322	0.01621
781.99428	0.01631
782.23533	0.01641
782.47639	0.01651
782.71745	0.01660
782.95851	0.01668
783.19957	0.01677
783.44063	0.01684
783.68169	0.01692
783.92275	0.01699
784.16380	0.01706
784.40486	0.01712
784.64592	0.01717
784.88698	0.01721
785.12804	0.01724
785.36910	0.01726
785.61016	0.01726
785.85121	0.01724
786.09227	0.01720
786.33333	0.01715
786.57439	0.01708
786.81545	0.01699
787.05651	0.01689
787.29757	0.01677
787.53863	0.01662
787.77968	0.01646
788.02074	0.01629
788.26180	0.01610
788.50286	0.01589
788.74392	0.01568
788.98498	0.01546
789.22604	0.01525
789.46709	0.01503
789.70815	0.01481
789.94921	0.01461
790.19027	0.01441
790.43133	0.01422
790.67239	0.01404
790.91345	0.01387
791.15451	0.01371
791.39556	0.01356
791.63662	0.01342
791.87768	0.01329
792.11874	0.01316
792.35980	0.01303
792.60086	0.01291
792.84192	0.01280
793.08297	0.01269
793.32403	0.01259
793.56509	0.01249
793.80615	0.01242
794.04721	0.01235
794.28827	0.01230
794.52933	0.01227
794.77038	0.01224
795.01144	0.01223
795.25250	0.01224
795.49356	0.01225
795.73462	0.01227
795.97568	0.01229
796.21674	0.01232
796.45780	0.01236
796.69885	0.01240
796.93991	0.01243
797.18097	0.01247
797.42203	0.01250
797.66309	0.01252
797.90415	0.01253
798.14521	0.01253
798.38626	0.01253
798.62732	0.01252
798.86838	0.01250
799.10944	0.01248
799.35050	0.01247
799.59156	0.01246
799.83262	0.01245
800.07368	0.01246
800.31473	0.01247
800.55579	0.01248
800.79685	0.01249
801.03791	0.01250
801.27897	0.01250
801.52003	0.01249
801.76109	0.01248
802.00214	0.01245
802.24320	0.01241
802.48426	0.01237
802.72532	0.01232
802.96638	0.01227
803.20744	0.01222
803.44850	0.01217
803.68956	0.01213
803.93061	0.01208
804.17167	0.01203
804.41273	0.01198
804.65379	0.01191
804.89485	0.01182
805.13591	0.01172
805.37697	0.01160
805.61802	0.01146
805.85908	0.01130
806.10014	0.01114
806.34120	0.01096
806.58226	0.01079
806.82332	0.01062
807.06438	0.01047
807.30543	0.01033
807.54649	0.01021
807.78755	0.01012
808.02861	0.01005
808.26967	0.01002
808.51073	0.01001
808.75179	0.01004
808.99285	0.01009
809.23390	0.01017
809.47496	0.01028
809.71602	0.01042
809.95708	0.01059
810.19814	0.01078
810.43920	0.01100
810.68026	0.01124
810.92131	0.01149
811.16237	0.01177
811.40343	0.01204
811.64449	0.01232
811.88555	0.01258
812.12661	0.01283
812.36767	0.01306
812.60873	0.01327
812.84978	0.01346
813.09084	0.01363
813.33190	0.01379
813.57296	0.01394
813.81402	0.01409
814.05508	0.01423
814.29614	0.01437
814.53719	0.01452
814.77825	0.01467
815.01931	0.01481
815.26037	0.01495
815.50143	0.01508
815.74249	0.01520
815.98355	0.01531
816.22461	0.01540
816.46566	0.01549
816.70672	0.01555
816.94778	0.01561
817.18884	0.01565
817.42990	0.01569
817.67096	0.01571
817.91202	0.01573
818.15307	0.01575
818.39413	0.01577
818.63519	0.01578
818.87625	0.01579
819.11731	0.01580
819.35837	0.01581
819.59943	0.01582
819.84048	0.01582
820.08154	0.01582
820.32260	0.01582
820.56366	0.01581
820.80472	0.01579
821.04578	0.01576
821.28684	0.01573
821.52790	0.01569
821.76895	0.01564
822.01001	0.01558
822.25107	0.01552
822.49213	0.01546
822.73319	0.01539
822.97425	0.01532
823.21531	0.01526
823.45636	0.01519
823.69742	0.01512
823.93848	0.01506
824.17954	0.01499
824.42060	0.01492
824.66166	0.01486
824.90272	0.01480
825.14378	0.01474
825.38483	0.01468
825.62589	0.01462
825.86695	0.01457
826.10801	0.01451
826.34907	0.01445
826.59013	0.01438
826.83119	0.01431
827.07224	0.01421
827.31330	0.01411
827.55436	0.01400
827.79542	0.01387
828.03648	0.01374
828.27754	0.01360
828.51860	0.01345
828.75966	0.01330
829.00071	0.01314
829.24177	0.01298
829.48283	0.01282
829.72389	0.01265
829.96495	0.01249
830.20601	0.01233
830.44707	0.01218
830.68812	0.01203
830.92918	0.01188
831.17024	0.01174
831.41130	0.01160
831.65236	0.01145
831.89342	0.01130
832.13448	0.01115
832.37553	0.01099
832.61659	0.01081
832.85765	0.01063
833.09871	0.01044
833.33977	0.01023
833.58083	0.01002
833.82189	0.00979
834.06295	0.00955
834.30400	0.00929
834.54506	0.00902
834.78612	0.00873
835.02718	0.00841
835.26824	0.00808
835.50930	0.00773
835.75036	0.00735
835.99141	0.00696
836.23247	0.00655
836.47353	0.00612
836.71459	0.00569
836.95565	0.00525
837.19671	0.00482
837.43777	0.00440
837.67883	0.00399
837.91988	0.00361
838.16094	0.00326
838.40200	0.00294
838.64306	0.00266
838.88412	0.00241
839.12518	0.00220
839.36624	0.00201
839.60729	0.00186
839.84835	0.00173
840.08941	0.00163
840.33047	0.00156
840.57153	0.00151
840.81259	0.00148
841.05365	0.00148
841.29471	0.00149
841.53576	0.00153
841.77682	0.00159
842.01788	0.00166
842.25894	0.00175
842.50000	0.00184
842.74106	0.00195
842.98212	0.00205
843.22317	0.00217
843.46423	0.00228
843.70529	0.00240
843.94635	0.00252
844.18741	0.00264
844.42847	0.00276
844.66953	0.00288
844.91059	0.00300
845.15164	0.00312
845.39270	0.00323
845.63376	0.00334
845.87482	0.00344
846.11588	0.00354
846.35694	0.00363
846.59800	0.00371
846.83905	0.00378
847.08011	0.00385
847.32117	0.00391
847.56223	0.00397
847.80329	0.00402
848.04435	0.00408
848.28541	0.00413
848.52646	0.00419
848.76752	0.00425
849.00858	0.00432
849.24964	0.00439
849.49070	0.00446
849.73176	0.00453
849.97282	0.00461
850.21388	0.00468
850.45493	0.00475
850.69599	0.00481
850.93705	0.00487
851.17811	0.00492
851.41917	0.00497
851.66023	0.00501
851.90129	0.00505
852.14234	0.00509
852.38340	0.00512
852.62446	0.00517
852.86552	0.00521
853.10658	0.00525
853.34764	0.00530
853.58870	0.00535
853.82976	0.00541
854.07081	0.00546
854.31187	0.00551
854.55293	0.00557
854.79399	0.00562
855.03505	0.00568
855.27611	0.00575
855.51717	0.00582
855.75822	0.00589
855.99928	0.00597
856.24034	0.00605
856.48140	0.00613
856.72246	0.00621
856.96352	0.00628
857.20458	0.00635
857.44564	0.00641
857.68669	0.00646
857.92775	0.00651
858.16881	0.00655
858.40987	0.00658
858.65093	0.00661
858.89199	0.00664
859.13305	0.00667
859.37410	0.00669
859.61516	0.00671
859.85622	0.00672
860.09728	0.00673
860.33834	0.00673
860.57940	0.00673
860.82046	0.00671
861.06151	0.00669
861.30257	0.00667
861.54363	0.00664
861.78469	0.00661
862.02575	0.00657
862.26681	0.00654
862.50787	0.00650
862.74893	0.00646
862.98998	0.00642
863.23104	0.00637
863.47210	0.00633
863.71316	0.00627
863.95422	0.00621
864.19528	0.00614
864.43634	0.00607
864.67739	0.00600
864.91845	0.00592
865.15951	0.00584
865.40057	0.00577
865.64163	0.00569
865.88269	0.00562
866.12375	0.00555
866.36481	0.00548
866.60586	0.00540
866.84692	0.00532
867.08798	0.00524
867.32904	0.00515
867.57010	0.00506
867.81116	0.00496
868.05222	0.00487
868.29327	0.00477
868.53433	0.00467
868.77539	0.00458
869.01645	0.00448
869.25751	0.00438
869.49857	0.00428
869.73963	0.00418
869.98069	0.00408
870.22174	0.00398
870.46280	0.00389
870.70386	0.00381
870.94492	0.00375
871.18598	0.00370
871.42704	0.00369
871.66810	0.00371
871.90915	0.00375
872.15021	0.00382
872.39127	0.00392
872.63233	0.00405
872.87339	0.00419
873.11445	0.00434
873.35551	0.00450
873.59656	0.00466
873.83762	0.00481
874.07868	0.00495
874.31974	0.00509
874.56080	0.00521
874.80186	0.00532
875.04292	0.00542
875.28398	0.00551
875.52503	0.00558
875.76609	0.00564
876.00715	0.00570
876.24821	0.00574
876.48927	0.00577
876.73033	0.00578
876.97139	0.00579
877.21244	0.00578
877.45350	0.00576
877.69456	0.00572
877.93562	0.00568
878.17668	0.00563
878.41774	0.00556
878.65880	0.00549
878.89986	0.00541
879.14091	0.00532
879.38197	0.00522
879.62303	0.00512
879.86409	0.00501
880.10515	0.00491
880.34621	0.00480
880.58727	0.00470
880.82832	0.00461
881.06938	0.00453
881.31044	0.00447
881.55150	0.00441
881.79256	0.00436
882.03362	0.00432
882.27468	0.00428
882.51574	0.00423
882.75679	0.00418
882.99785	0.00412
883.23891	0.00405
883.47997	0.00398
883.72103	0.00389
883.96209	0.00380
884.20315	0.00371
884.44420	0.00361
884.68526	0.00352
884.92632	0.00343
885.16738	0.00333
885.40844	0.00324
885.64950	0.00315
885.89056	0.00305
886.13161	0.00296
886.37267	0.00286
886.61373	0.00277
886.85479	0.00267
887.09585	0.00258
887.33691	0.00249
887.57797	0.00241
887.81903	0.00233
888.06008	0.00226
888.30114	0.00220
888.54220	0.00216
888.78326	0.00212
889.02432	0.00209
889.26538	0.00207
889.50644	0.00206
889.74749	0.00205
889.98855	0.00205
890.22961	0.00205
890.47067	0.00205
890.71173	0.00204
890.95279	0.00204
891.19385	0.00203
891.43491	0.00203
891.67596	0.00202
891.91702	0.00201
892.15808	0.00200
892.39914	0.00198
892.64020	0.00196
892.88126	0.00194
893.12232	0.00192
893.36337	0.00189
893.60443	0.00185
893.84549	0.00181
894.08655	0.00177
894.32761	0.00173
894.56867	0.00168
894.80973	0.00164
895.05079	0.00160
895.29184	0.00157
895.53290	0.00153
895.77396	0.00150
896.01502	0.00146
896.25608	0.00142
896.49714	0.00138
896.73820	0.00134
896.97925	0.00129
897.22031	0.00125
897.46137	0.00120
897.70243	0.00116
897.94349	0.00111
898.18455	0.00107
898.42561	0.00103
898.66667	0.00099
898.90772	0.00095
899.14878	0.00091
899.38984	0.00087
899.63090	0.00083
