0.00000	0.01390
0.24106	0.01454
0.48212	0.01634
0.72318	0.01898
0.96423	0.02199
1.20529	0.02488
1.44635	0.02723
1.68741	0.02876
1.92847	0.02939
2.16953	0.02910
2.41059	0.02826
2.65165	0.02707
2.89270	0.02573
3.13376	0.02436
3.37482	0.02306
3.61588	0.02187
3.85694	0.02081
4.09800	0.01989
4.33906	0.01913
4.58011	0.01856
4.82117	0.01822
5.06223	0.01813
5.30329	0.01830
5.54435	0.01869
5.78541	0.01924
6.02647	0.01988
6.26753	0.02051
6.50858	0.02105
6.74964	0.02145
6.99070	0.02166
7.23176	0.02170
7.47282	0.02155
7.71388	0.02125
7.95494	0.02080
8.19599	0.02021
8.43705	0.01951
8.67811	0.01868
8.91917	0.01775
9.16023	0.01674
9.40129	0.01568
9.64235	0.01465
9.88340	0.01372
10.12446	0.01294
10.36552	0.01242
10.60658	0.01222
10.84764	0.01242
11.08870	0.01305
11.32976	0.01409
11.57082	0.01547
11.81187	0.01711
12.05293	0.01878
12.29399	0.02026
12.53505	0.02139
12.77611	0.02200
13.01717	0.02203
13.25823	0.02152
13.49928	0.02055
13.74034	0.01915
13.98140	0.01767
14.22246	0.01632
14.46352	0.01528
14.70458	0.01465
14.94564	0.01443
15.18670	0.01458
15.42775	0.01499
15.66881	0.01555
15.90987	0.01616
16.15093	0.01673
16.39199	0.01721
16.63305	0.01754
16.87411	0.01770
17.11516	0.01766
17.35622	0.01743
17.59728	0.01695
17.83834	0.01629
18.07940	0.01547
18.32046	0.01452
18.56152	0.01347
18.80258	0.01238
19.04363	0.01128
19.28469	0.01024
19.52575	0.00915
19.76681	0.00809
20.00787	0.00715
20.24893	0.00636
20.48999	0.00575
20.73104	0.00534
20.97210	0.00511
21.21316	0.00506
21.45422	0.00505
21.69528	0.00525
21.93634	0.00571
22.17740	0.00645
22.41845	0.00748
22.65951	0.00874
22.90057	0.01016
23.14163	0.01162
23.38269	0.01295
23.62375	0.01421
23.86481	0.01545
24.10587	0.01671
24.34692	0.01803
24.58798	0.01944
24.82904	0.02096
25.07010	0.02258
25.31116	0.02430
25.55222	0.02611
25.79328	0.02800
26.03433	0.02995
26.27539	0.03193
26.51645	0.03395
26.75751	0.03599
26.99857	0.03806
27.23963	0.04020
27.48069	0.04245
27.72175	0.04487
27.96280	0.04752
28.20386	0.05045
28.44492	0.05372
28.68598	0.05733
28.92704	0.06130
29.16810	0.06558
29.40916	0.07014
29.65021	0.07493
29.89127	0.07988
30.13233	0.08495
30.37339	0.09010
30.61445	0.09530
30.85551	0.10050
31.09657	0.10567
31.33763	0.11072
31.57868	0.11561
31.81974	0.12026
32.06080	0.12460
32.30186	0.12860
32.54292	0.13224
32.78398	0.13558
33.02504	0.13868
33.26609	0.14169
33.50715	0.14480
33.74821	0.14819
33.98927	0.15206
34.23033	0.15657
34.47139	0.16184
34.71245	0.16790
34.95350	0.17472
35.19456	0.18222
35.43562	0.19027
35.67668	0.19879
35.91774	0.20773
36.15880	0.21717
36.39986	0.22730
36.64092	0.23839
36.88197	0.25078
37.12303	0.26477
37.36409	0.28056
37.60515	0.29813
37.84621	0.31720
38.08727	0.33721
38.32833	0.35740
38.56938	0.37684
38.81044	0.39460
39.05150	0.40987
39.29256	0.42209
39.53362	0.43108
39.77468	0.43701
40.01574	0.44040
40.25680	0.44206
40.49785	0.44291
40.73891	0.44386
40.97997	0.44572
41.22103	0.44905
41.46209	0.45414
41.70315	0.46098
41.94421	0.46941
42.18526	0.47908
42.42632	0.48967
42.66738	0.50090
42.90844	0.51263
43.14950	0.52484
43.39056	0.53763
43.63162	0.55115
43.87268	0.56548
44.11373	0.58060
44.35479	0.59629
44.59585	0.61212
44.83691	0.62748
45.07797	0.64166
45.31903	0.65394
45.56009	0.66372
45.80114	0.67064
46.04220	0.67463
46.28326	0.67601
46.52432	0.67540
46.76538	0.67370
47.00644	0.67197
47.24750	0.67125
47.48855	0.67246
47.72961	0.67629
47.97067	0.68312
48.21173	0.69307
48.45279	0.70601
48.69385	0.72173
48.93491	0.74003
49.17597	0.76085
49.41702	0.78436
49.65808	0.81093
49.89914	0.84108
50.14020	0.87532
50.38126	0.91396
50.62232	0.95694
50.86338	1.00372
51.10443	1.05317
51.34549	1.10372
51.58655	1.15344
51.82761	1.20037
52.06867	1.24272
52.30973	1.27916
52.55079	1.30900
52.79185	1.33222
53.03290	1.34946
53.27396	1.36179
53.51502	1.37052
53.75608	1.37694
53.99714	1.38208
54.23820	1.38658
54.47926	1.39072
54.72031	1.39446
54.96137	1.39758
55.20243	1.39997
55.44349	1.40178
55.68455	1.40360
55.92561	1.40649
56.16667	1.41197
56.40773	1.42175
56.64878	1.43756
56.88984	1.46075
57.13090	1.49202
57.37196	1.53124
57.61302	1.57732
57.85408	1.62826
58.09514	1.68142
58.33619	1.73388
58.57725	1.78279
58.81831	1.82580
59.05937	1.86135
59.30043	1.88886
59.54149	1.90864
59.78255	1.92179
60.02361	1.92977
60.26466	1.93412
60.50572	1.93607
60.74678	1.93632
60.98784	1.93496
61.22890	1.93156
61.46996	1.92539
61.71102	1.91581
61.95207	1.90252
62.19313	1.88591
62.43419	1.86711
62.67525	1.84798
62.91631	1.83089
63.15737	1.81832
63.39843	1.81253
63.63948	1.81511
63.88054	1.82672
64.12160	1.84697
64.36266	1.87449
64.60372	1.90715
64.84478	1.94244
65.08584	1.97786
65.32690	2.01129
65.56795	2.04125
65.80901	2.06700
66.05007	2.08847
66.29113	2.10601
66.53219	2.12010
66.77325	2.13101
67.01431	2.13857
67.25536	2.14205
67.49642	2.14022
67.73748	2.13160
67.97854	2.11473
68.21960	2.08861
68.46066	2.05295
68.70172	2.00841
68.94278	1.95661
69.18383	1.89998
69.42489	1.84148
69.66595	1.78417
69.90701	1.73088
70.14807	1.68382
70.38913	1.64434
70.63019	1.61292
70.87124	1.58924
71.11230	1.57244
71.35336	1.56140
71.59442	1.55509
71.83548	1.55281
72.07654	1.55433
72.31760	1.55991
72.55866	1.57016
72.79971	1.58575
73.04077	1.60714
73.28183	1.63428
73.52289	1.66630
73.76395	1.70161
74.00501	1.73780
74.24607	1.77196
74.48712	1.80105
74.72818	1.82226
74.96924	1.83348
75.21030	1.83359
75.45136	1.82262
75.69242	1.80176
75.93348	1.77319
76.17453	1.73975
76.41559	1.70460
76.65665	1.67081
76.89771	1.64106
77.13877	1.61738
77.37983	1.60105
77.62089	1.59271
77.86195	1.59235
78.10300	1.59964
78.34406	1.61405
78.58512	1.63507
78.82618	1.66232
79.06724	1.69559
79.30830	1.73475
79.54936	1.77966
79.79041	1.82989
80.03147	1.88462
80.27253	1.94245
80.51359	2.00141
80.75465	2.05899
80.99571	2.11245
81.23677	2.15904
81.47783	2.19647
81.71888	2.22320
81.95994	2.23865
82.20100	2.24337
82.44206	2.23888
82.68312	2.22749
82.92418	2.21185
83.16524	2.19459
83.40629	2.17794
83.64735	2.16344
83.88841	2.15185
84.12947	2.14326
84.37053	2.13730
84.61159	2.13346
84.85265	2.13142
85.09371	2.13131
85.33476	2.13384
85.57582	2.14019
85.81688	2.15187
86.05794	2.17035
86.29900	2.19667
86.54006	2.23114
86.78112	2.27302
87.02217	2.32054
87.26323	2.37101
87.50429	2.42110
87.74535	2.46732
87.98641	2.50648
88.22747	2.53614
88.46853	2.55496
88.70958	2.56280
88.95064	2.56068
89.19170	2.55049
89.43276	2.53459
89.67382	2.51536
89.91488	2.49480
90.15594	2.47422
90.39700	2.45420
90.63805	2.43460
90.87911	2.41489
91.12017	2.39448
91.36123	2.37311
91.60229	2.35107
91.84335	2.32943
92.08441	2.30992
92.32546	2.29471
92.56652	2.28608
92.80758	2.28593
93.04864	2.29540
93.28970	2.31460
93.53076	2.34247
93.77182	2.37691
94.01288	2.41505
94.25393	2.45368
94.49499	2.48975
94.73605	2.52084
94.97711	2.54542
95.21817	2.56304
95.45923	2.57423
95.70029	2.58021
95.94134	2.58253
96.18240	2.58263
96.42346	2.58146
96.66452	2.57928
96.90558	2.57560
97.14664	2.56936
97.38770	2.55925
97.62876	2.54410
97.86981	2.52330
98.11087	2.49711
98.35193	2.46671
98.59299	2.43421
98.83405	2.40234
99.07511	2.37403
99.31617	2.35204
99.55722	2.33844
99.79828	2.33441
100.03934	2.34006
100.28040	2.35449
100.52146	2.37606
100.76252	2.40270
101.00358	2.43229
101.24464	2.46303
101.48569	2.49365
101.72675	2.52352
101.96781	2.55255
102.20887	2.58104
102.44993	2.60933
102.69099	2.63755
102.93205	2.66536
103.17310	2.69181
103.41416	2.71539
103.65522	2.73421
103.89628	2.74634
104.13734	2.75014
104.37840	2.74467
104.61946	2.72994
104.86051	2.70701
105.10157	2.67796
105.34263	2.64557
105.58369	2.61297
105.82475	2.58321
106.06581	2.55875
106.30687	2.54122
106.54793	2.53124
106.78898	2.52845
107.03004	2.53175
107.27110	2.53969
107.51216	2.55083
107.75322	2.56410
107.99428	2.57912
108.23534	2.59620
108.47639	2.61622
108.71745	2.64039
108.95851	2.66982
109.19957	2.70512
109.44063	2.74606
109.68169	2.79143
109.92275	2.83901
110.16381	2.88587
110.40486	2.92876
110.64592	2.96464
110.88698	2.99111
111.12804	3.00687
111.36910	3.01190
111.61016	3.00743
111.85122	2.99568
112.09227	2.97945
112.33333	2.96162
112.57439	2.94464
112.81545	2.93019
113.05651	2.91896
113.29757	2.91075
113.53863	2.90465
113.77969	2.89947
114.02074	2.89420
114.26180	2.88838
114.50286	2.88239
114.74392	2.87753
114.98498	2.87582
115.22604	2.87973
115.46710	2.89163
115.70815	2.91329
115.94921	2.94547
116.19027	2.98758
116.43133	3.03768
116.67239	3.09264
116.91345	3.14858
117.15451	3.20141
117.39556	3.24749
117.63662	3.28410
117.87768	3.30988
118.11874	3.32488
118.35980	3.33043
118.60086	3.32881
118.84192	3.32268
119.08298	3.31454
119.32403	3.30628
119.56509	3.29887
119.80615	3.29230
120.04721	3.28578
120.28827	3.27810
120.52933	3.26811
120.77039	3.25517
121.01144	3.23954
121.25250	3.22248
121.49356	3.20621
121.73462	3.19357
121.97568	3.18757
122.21674	3.19083
122.45780	3.20507
122.69886	3.23081
122.93991	3.26719
123.18097	3.31208
123.42203	3.36251
123.66309	3.41505
123.90415	3.46647
124.14521	3.51418
124.38627	3.55658
124.62732	3.59317
124.86838	3.62443
125.10944	3.65146
125.35050	3.67554
125.59156	3.69767
125.83262	3.71816
126.07368	3.73647
126.31474	3.75123
126.55579	3.76053
126.79685	3.76236
127.03791	3.75511
127.27897	3.73804
127.52003	3.71165
127.76109	3.67773
128.00215	3.63926
128.24320	3.60002
128.48426	3.56408
128.72532	3.53515
128.96638	3.51610
129.20744	3.50848
129.44850	3.51239
129.68956	3.52652
129.93061	3.54848
130.17167	3.57523
130.41273	3.60367
130.65379	3.63115
130.89485	3.65585
131.13591	3.67698
131.37697	3.69473
131.61803	3.71000
131.85908	3.72401
132.10014	3.73780
132.34120	3.75180
132.58226	3.76560
132.82332	3.77789
133.06438	3.78660
133.30544	3.78934
133.54649	3.78390
133.78755	3.76870
134.02861	3.74324
134.26967	3.70829
134.51073	3.66584
134.75179	3.61884
134.99285	3.57079
135.23391	3.52511
135.47496	3.48469
135.71602	3.45146
135.95708	3.42620
136.19814	3.40861
136.43920	3.39749
136.68026	3.39115
136.92132	3.38790
137.16237	3.38637
137.40343	3.38591
137.64449	3.38662
137.88555	3.38926
138.12661	3.39503
138.36767	3.40510
138.60873	3.42025
138.84979	3.44047
139.09084	3.46478
139.33190	3.49117
139.57296	3.51685
139.81402	3.53862
140.05508	3.55337
140.29614	3.55859
140.53720	3.55279
140.77825	3.53578
141.01931	3.50862
141.26037	3.47350
141.50143	3.43327
141.74249	3.39102
141.98355	3.34952
142.22461	3.31088
142.46566	3.27627
142.70672	3.24596
142.94778	3.21941
143.18884	3.19569
143.42990	3.17377
143.67096	3.15294
143.91202	3.13302
144.15308	3.11451
144.39413	3.09846
144.63519	3.08630
144.87625	3.07945
145.11731	3.07898
145.35837	3.08530
145.59943	3.09792
145.84049	3.11545
146.08154	3.13570
146.32260	3.15596
146.56366	3.17344
146.80472	3.18565
147.04578	3.19082
147.28684	3.18811
147.52790	3.17772
147.76896	3.16076
148.01001	3.13902
148.25107	3.11451
148.49213	3.08910
148.73319	3.06414
148.97425	3.04027
149.21531	3.01730
149.45637	2.99445
149.69742	2.97060
149.93848	2.94465
150.17954	2.91597
150.42060	2.88458
150.66166	2.85140
150.90272	2.81806
151.14378	2.78675
151.38484	2.75979
151.62589	2.73918
151.86695	2.72628
152.10801	2.72144
152.34907	2.72396
152.59013	2.73218
152.83119	2.74374
153.07225	2.75597
153.31330	2.76639
153.55436	2.77302
153.79542	2.77472
154.03648	2.77128
154.27754	2.76332
154.51860	2.75204
154.75966	2.73890
155.00072	2.72524
155.24177	2.71195
155.48283	2.69931
155.72389	2.68691
155.96495	2.67384
156.20601	2.65890
156.44707	2.64095
156.68813	2.61926
156.92918	2.59370
157.17024	2.56490
157.41130	2.53420
157.65236	2.50345
157.89342	2.47470
158.13448	2.44991
158.37554	2.43053
158.61659	2.41734
158.85765	2.41030
159.09871	2.40861
159.33977	2.41087
159.58083	2.41537
159.82189	2.42046
160.06295	2.42477
160.30401	2.42752
160.54506	2.42854
160.78612	2.42828
161.02718	2.42759
161.26824	2.42748
161.50930	2.42877
161.75036	2.43191
161.99142	2.43673
162.23247	2.44245
162.47353	2.44783
162.71459	2.45133
162.95565	2.45152
163.19671	2.44729
163.43777	2.43821
163.67883	2.42460
163.91989	2.40755
164.16094	2.38873
164.40200	2.37012
164.64306	2.35367
164.88412	2.34094
165.12518	2.33291
165.36624	2.32977
165.60730	2.33101
165.84835	2.33553
166.08941	2.34193
166.33047	2.34881
166.57153	2.35508
166.81259	2.36013
167.05365	2.36395
167.29471	2.36706
167.53577	2.37037
167.77682	2.37489
168.01788	2.38148
168.25894	2.39054
168.50000	2.40194
168.74106	2.41489
168.98212	2.42811
169.22318	2.43998
169.46423	2.44891
169.70529	2.45358
169.94635	2.45323
170.18741	2.44782
170.42847	2.43802
170.66953	2.42513
170.91059	2.41085
171.15164	2.39694
171.39270	2.38494
171.63376	2.37591
171.87482	2.37030
172.11588	2.36788
172.35694	2.36792
172.59800	2.36938
172.83906	2.37116
173.08011	2.37243
173.32117	2.37277
173.56223	2.37232
173.80329	2.37172
174.04435	2.37198
174.28541	2.37422
174.52647	2.37943
174.76752	2.38816
175.00858	2.40039
175.24964	2.41547
175.49070	2.43216
175.73176	2.44886
175.97282	2.46391
176.21388	2.47581
176.45494	2.48360
176.69599	2.48695
176.93705	2.48625
177.17811	2.48249
177.41917	2.47707
177.66023	2.47153
177.90129	2.46720
178.14235	2.46496
178.38340	2.46514
178.62446	2.46743
178.86552	2.47106
179.10658	2.47497
179.34764	2.47815
179.58870	2.47986
179.82976	2.47988
180.07082	2.47857
180.31187	2.47686
180.55293	2.47608
180.79399	2.47764
181.03505	2.48280
181.27611	2.49233
181.51717	2.50634
181.75823	2.52421
181.99928	2.54468
182.24034	2.56604
182.48140	2.58644
182.72246	2.60424
182.96352	2.61828
183.20458	2.62807
183.44564	2.63386
183.68669	2.63655
183.92775	2.63745
184.16881	2.63804
184.40987	2.63960
184.65093	2.64301
184.89199	2.64852
185.13305	2.65582
185.37411	2.66408
185.61516	2.67222
185.85622	2.67919
186.09728	2.68423
186.33834	2.68711
186.57940	2.68821
186.82046	2.68850
187.06152	2.68938
187.30257	2.69239
187.54363	2.69892
187.78469	2.70992
188.02575	2.72567
188.26681	2.74574
188.50787	2.76902
188.74893	2.79390
188.98999	2.81859
189.23104	2.84144
189.47210	2.86122
189.71316	2.87736
189.95422	2.88996
190.19528	2.89978
190.43634	2.90800
190.67740	2.91594
190.91845	2.92472
191.15951	2.93504
191.40057	2.94697
191.64163	2.95998
191.88269	2.97301
192.12375	2.98474
192.36481	2.99390
192.60587	2.99957
192.84692	3.00143
193.08798	2.99985
193.32904	2.99591
193.57010	2.99117
193.81116	2.98745
194.05222	2.98648
194.29328	2.98957
194.53433	2.99736
194.77539	3.00974
195.01645	3.02585
195.25751	3.04429
195.49857	3.06335
195.73963	3.08139
195.98069	3.09710
196.22174	3.10977
196.46280	3.11935
196.70386	3.12642
196.94492	3.13198
197.18598	3.13720
197.42704	3.14309
197.66810	3.15026
197.90916	3.15871
198.15021	3.16783
198.39127	3.17651
198.63233	3.18338
198.87339	3.18712
199.11445	3.18677
199.35551	3.18198
199.59657	3.17311
199.83762	3.16121
200.07868	3.14787
200.31974	3.13489
200.56080	3.12399
200.80186	3.11650
201.04292	3.11313
201.28398	3.11389
201.52504	3.11810
201.76609	3.12463
202.00715	3.13210
202.24821	3.13920
202.48927	3.14494
202.73033	3.14888
202.97139	3.15109
203.21245	3.15217
203.45350	3.15304
203.69456	3.15468
203.93562	3.15788
204.17668	3.16300
204.41774	3.16985
204.65880	3.17766
204.89986	3.18519
205.14092	3.19097
205.38197	3.19355
205.62303	3.19179
205.86409	3.18515
206.10515	3.17374
206.34621	3.15837
206.58727	3.14041
206.82833	3.12153
207.06938	3.10340
207.31044	3.08740
207.55150	3.07437
207.79256	3.06450
208.03362	3.05734
208.27468	3.05193
208.51574	3.04705
208.75680	3.04150
208.99785	3.03441
209.23891	3.02535
209.47997	3.01448
209.72103	3.00249
209.96209	2.99038
210.20315	2.97927
210.44421	2.97010
210.68526	2.96341
210.92632	2.95917
211.16738	2.95678
211.40844	2.95513
211.64950	2.95283
211.89056	2.94848
212.13162	2.94089
212.37267	2.92940
212.61373	2.91392
212.85479	2.89500
213.09585	2.87369
213.33691	2.85135
213.57797	2.82940
213.81903	2.80904
214.06009	2.79104
214.30114	2.77566
214.54220	2.76261
214.78326	2.75121
215.02432	2.74052
215.26538	2.72961
215.50644	2.71779
215.74750	2.70473
215.98855	2.69053
216.22961	2.67575
216.47067	2.66120
216.71173	2.64780
216.95279	2.63634
217.19385	2.62730
217.43491	2.62071
217.67597	2.61613
217.91702	2.61269
218.15808	2.60926
218.39914	2.60466
218.64020	2.59788
218.88126	2.58826
219.12232	2.57563
219.36338	2.56034
219.60443	2.54315
219.84549	2.52509
220.08655	2.50726
220.32761	2.49057
220.56867	2.47559
220.80973	2.46244
221.05079	2.45078
221.29185	2.43992
221.53290	2.42898
221.77396	2.41714
222.01502	2.40381
222.25608	2.38878
222.49714	2.37234
222.73820	2.35519
222.97926	2.33833
223.22031	2.32287
223.46137	2.30980
223.70243	2.29979
223.94349	2.29305
224.18455	2.28930
224.42561	2.28778
224.66667	2.28743
224.90772	2.28707
225.14878	2.28560
225.38984	2.28224
225.63090	2.27656
225.87196	2.26864
226.11302	2.25892
226.35408	2.24812
226.59514	2.23704
226.83619	2.22643
227.07725	2.21674
227.31831	2.20813
227.55937	2.20040
227.80043	2.19307
228.04149	2.18550
228.28255	2.17709
228.52360	2.16737
228.76466	2.15621
229.00572	2.14380
229.24678	2.13068
229.48784	2.11760
229.72890	2.10545
229.96996	2.09499
230.21102	2.08680
230.45207	2.08111
230.69313	2.07779
230.93419	2.07635
231.17525	2.07608
231.41631	2.07616
231.65737	2.07585
231.89843	2.07460
232.13948	2.07216
232.38054	2.06858
232.62160	2.06419
232.86266	2.05949
233.10372	2.05501
233.34478	2.05117
233.58584	2.04815
233.82690	2.04584
234.06795	2.04384
234.30901	2.04153
234.55007	2.03822
234.79113	2.03326
235.03219	2.02619
235.27325	2.01690
235.51431	2.00562
235.75536	1.99295
235.99642	1.97970
236.23748	1.96686
236.47854	1.95531
236.71960	1.94580
236.96066	1.93873
237.20172	1.93417
237.44277	1.93183
237.68383	1.93120
237.92489	1.93159
238.16595	1.93237
238.40701	1.93300
238.64807	1.93320
238.88913	1.93296
239.13019	1.93249
239.37124	1.93216
239.61230	1.93240
239.85336	1.93352
240.09442	1.93567
240.33548	1.93874
240.57654	1.94237
240.81760	1.94595
241.05865	1.94882
241.29971	1.95030
241.54077	1.94988
241.78183	1.94732
242.02289	1.94270
242.26395	1.93639
242.50501	1.92905
242.74607	1.92145
242.98712	1.91436
243.22818	1.90844
243.46924	1.90410
243.71030	1.90144
243.95136	1.90032
244.19242	1.90035
244.43348	1.90107
244.67453	1.90201
244.91559	1.90286
245.15665	1.90352
245.39771	1.90414
245.63877	1.90508
245.87983	1.90685
246.12089	1.90997
246.36195	1.91484
246.60300	1.92166
246.84406	1.93034
247.08512	1.94049
247.32618	1.95147
247.56724	1.96250
247.80830	1.97277
248.04936	1.98158
248.29041	1.98848
248.53147	1.99330
248.77253	1.99617
249.01359	1.99751
249.25465	1.99787
249.49571	1.99786
249.73677	1.99800
249.97783	1.99863
250.21888	1.99986
250.45994	2.00156
250.70100	2.00345
250.94206	2.00519
251.18312	2.00647
251.42418	2.00713
251.66524	2.00724
251.90629	2.00711
252.14735	2.00723
252.38841	2.00823
252.62947	2.01072
252.87053	2.01516
253.11159	2.02181
253.35265	2.03058
253.59370	2.04112
253.83476	2.05276
254.07582	2.06471
254.31688	2.07614
254.55794	2.08629
254.79900	2.09466
255.04006	2.10101
255.28112	2.10543
255.52217	2.10823
255.76323	2.10994
256.00429	2.11111
256.24535	2.11219
256.48641	2.11350
256.72747	2.11505
256.96853	2.11666
257.20958	2.11794
257.45064	2.11840
257.69170	2.11764
257.93276	2.11538
258.17382	2.11165
258.41488	2.10675
258.65594	2.10129
258.89700	2.09603
259.13805	2.09182
259.37911	2.08941
259.62017	2.08935
259.86123	2.09183
260.10229	2.09672
260.34335	2.10356
260.58441	2.11166
260.82546	2.12024
261.06652	2.12857
261.30758	2.13606
261.54864	2.14241
261.78970	2.14755
262.03076	2.15167
262.27182	2.15508
262.51288	2.15814
262.75393	2.16109
262.99499	2.16403
263.23605	2.16683
263.47711	2.16914
263.71817	2.17048
263.95923	2.17034
264.20029	2.16828
264.44134	2.16404
264.68240	2.15766
264.92346	2.14945
265.16452	2.13999
265.40558	2.13003
265.64664	2.12040
265.88770	2.11186
266.12875	2.10498
266.36981	2.10006
266.61087	2.09711
266.85193	2.09585
267.09299	2.09580
267.33405	2.09639
267.57511	2.09708
267.81617	2.09744
268.05722	2.09727
268.29828	2.09656
268.53934	2.09549
268.78040	2.09437
269.02146	2.09350
269.26252	2.09309
269.50358	2.09318
269.74463	2.09358
269.98569	2.09389
270.22675	2.09358
270.46781	2.09204
270.70887	2.08873
270.94993	2.08328
271.19099	2.07554
271.43205	2.06568
271.67310	2.05408
271.91416	2.04136
272.15522	2.02819
272.39628	2.01524
272.63734	2.00302
272.87840	1.99187
273.11946	1.98186
273.36051	1.97284
273.60157	1.96451
273.84263	1.95648
274.08369	1.94840
274.32475	1.94005
274.56581	1.93138
274.80687	1.92254
275.04793	1.91387
275.28898	1.90578
275.53004	1.89871
275.77110	1.89298
276.01216	1.88874
276.25322	1.88590
276.49428	1.88410
276.73534	1.88281
276.97639	1.88136
277.21745	1.87906
277.45851	1.87533
277.69957	1.86977
277.94063	1.86224
278.18169	1.85283
278.42275	1.84188
278.66380	1.82986
278.90486	1.81728
279.14592	1.80463
279.38698	1.79227
279.62804	1.78039
279.86910	1.76902
280.11016	1.75805
280.35122	1.74730
280.59227	1.73660
280.83333	1.72585
281.07439	1.71509
281.31545	1.70450
281.55651	1.69438
281.79757	1.68510
282.03863	1.67705
282.27968	1.67054
282.52074	1.66571
282.76180	1.66253
283.00286	1.66077
283.24392	1.66002
283.48498	1.65973
283.72604	1.65934
283.96710	1.65834
284.20815	1.65632
284.44921	1.65305
284.69027	1.64850
284.93133	1.64280
285.17239	1.63620
285.41345	1.62901
285.65451	1.62149
285.89556	1.61382
286.13662	1.60609
286.37768	1.59822
286.61874	1.59006
286.85980	1.58141
287.10086	1.57211
287.34192	1.56206
287.58298	1.55133
287.82403	1.54013
288.06509	1.52880
288.30615	1.51778
288.54721	1.50754
288.78827	1.49847
289.02933	1.49086
289.27039	1.48482
289.51144	1.48028
289.75250	1.47701
289.99356	1.47464
290.23462	1.47275
290.47568	1.47094
290.71674	1.46890
290.95780	1.46641
291.19885	1.46341
291.43991	1.45996
291.68097	1.45620
291.92203	1.45228
292.16309	1.44834
292.40415	1.44441
292.64521	1.44045
292.88627	1.43628
293.12732	1.43166
293.36838	1.42634
293.60944	1.42007
293.85050	1.41272
294.09156	1.40428
294.33262	1.39490
294.57368	1.38488
294.81473	1.37460
295.05579	1.36451
295.29685	1.35504
295.53791	1.34653
295.77897	1.33919
296.02003	1.33310
296.26109	1.32817
296.50215	1.32424
296.74320	1.32106
296.98426	1.31837
297.22532	1.31599
297.46638	1.31379
297.70744	1.31176
297.94850	1.30998
298.18956	1.30857
298.43061	1.30767
298.67167	1.30737
298.91273	1.30767
299.15379	1.30849
299.39485	1.30960
299.63591	1.31071
299.87697	1.31149
300.11803	1.31161
300.35908	1.31082
300.60014	1.30897
300.84120	1.30607
301.08226	1.30224
301.32332	1.29775
301.56438	1.29290
301.80544	1.28804
302.04649	1.28348
302.28755	1.27944
302.52861	1.27604
302.76967	1.27331
303.01073	1.27119
303.25179	1.26956
303.49285	1.26833
303.73391	1.26740
303.97496	1.26676
304.21602	1.26649
304.45708	1.26669
304.69814	1.26755
304.93920	1.26921
305.18026	1.27179
305.42132	1.27533
305.66237	1.27975
305.90343	1.28486
306.14449	1.29038
306.38555	1.29598
306.62661	1.30130
306.86767	1.30604
307.10873	1.31000
307.34978	1.31306
307.59084	1.31525
307.83190	1.31670
308.07296	1.31761
308.31402	1.31821
308.55508	1.31873
308.79614	1.31930
309.03720	1.32002
309.27825	1.32088
309.51931	1.32182
309.76037	1.32273
310.00143	1.32355
310.24249	1.32424
310.48355	1.32486
310.72461	1.32553
310.96566	1.32648
311.20672	1.32795
311.44778	1.33020
311.68884	1.33342
311.92990	1.33772
312.17096	1.34306
312.41202	1.34933
312.65308	1.35625
312.89413	1.36351
313.13519	1.37076
313.37625	1.37769
313.61731	1.38404
313.85837	1.38968
314.09943	1.39456
314.34049	1.39876
314.58154	1.40239
314.82260	1.40560
315.06366	1.40852
315.30472	1.41124
315.54578	1.41375
315.78684	1.41601
316.02790	1.41790
316.26896	1.41932
316.51001	1.42018
316.75107	1.42047
316.99213	1.42027
317.23319	1.41978
317.47425	1.41927
317.71531	1.41907
317.95637	1.41953
318.19742	1.42093
318.43848	1.42347
318.67954	1.42722
318.92060	1.43213
319.16166	1.43800
319.40272	1.44456
319.64378	1.45149
319.88483	1.45848
320.12589	1.46530
320.36695	1.47179
320.60801	1.47788
320.84907	1.48360
321.09013	1.48903
321.33119	1.49427
321.57225	1.49939
321.81330	1.50440
322.05436	1.50925
322.29542	1.51381
322.53648	1.51791
322.77754	1.52138
323.01860	1.52406
323.25966	1.52589
323.50071	1.52690
323.74177	1.52723
323.98283	1.52714
324.22389	1.52690
324.46495	1.52687
324.70601	1.52734
324.94707	1.52855
325.18813	1.53061
325.42918	1.53356
325.67024	1.53730
325.91130	1.54165
326.15236	1.54640
326.39342	1.55134
326.63448	1.55630
326.87554	1.56119
327.11659	1.56599
327.35765	1.57076
327.59871	1.57560
327.83977	1.58062
328.08083	1.58588
328.32189	1.59138
328.56295	1.59701
328.80401	1.60259
329.04506	1.60783
329.28612	1.61244
329.52718	1.61613
329.76824	1.61867
330.00930	1.61995
330.25036	1.61998
330.49142	1.61890
330.73247	1.61697
330.97353	1.61450
331.21459	1.61184
331.45565	1.60931
331.69671	1.60712
331.93777	1.60542
332.17883	1.60420
332.41988	1.60341
332.66094	1.60291
332.90200	1.60255
333.14306	1.60220
333.38412	1.60183
333.62518	1.60144
333.86624	1.60115
334.10730	1.60111
334.34835	1.60149
334.58941	1.60241
334.83047	1.60393
335.07153	1.60600
335.31259	1.60843
335.55365	1.61095
335.79471	1.61320
336.03576	1.61484
336.27682	1.61553
336.51788	1.61505
336.75894	1.61329
337.00000	1.61030
337.24106	1.60622
337.48212	1.60129
337.72318	1.59579
337.96423	1.58997
338.20529	1.58403
338.44635	1.57809
338.68741	1.57216
338.92847	1.56620
339.16953	1.56010
339.41059	1.55379
339.65164	1.54720
339.89270	1.54037
340.13376	1.53338
340.37482	1.52642
340.61588	1.51971
340.85694	1.51348
341.09800	1.50792
341.33906	1.50314
341.58011	1.49915
341.82117	1.49583
342.06223	1.49297
342.30329	1.49029
342.54435	1.48748
342.78541	1.48426
343.02647	1.48040
343.26752	1.47578
343.50858	1.47038
343.74964	1.46426
343.99070	1.45755
344.23176	1.45040
344.47282	1.44296
344.71388	1.43533
344.95493	1.42755
345.19599	1.41961
345.43705	1.41144
345.67811	1.40298
345.91917	1.39416
346.16023	1.38499
346.40129	1.37550
346.64235	1.36582
346.88340	1.35613
347.12446	1.34663
347.36552	1.33751
347.60658	1.32894
347.84764	1.32101
348.08870	1.31373
348.32976	1.30703
348.57081	1.30076
348.81187	1.29475
349.05293	1.28880
349.29399	1.28274
349.53505	1.27645
349.77611	1.26985
350.01717	1.26296
350.25823	1.25583
350.49928	1.24854
350.74034	1.24118
350.98140	1.23383
351.22246	1.22651
351.46352	1.21918
351.70458	1.21178
351.94564	1.20420
352.18669	1.19633
352.42775	1.18808
352.66881	1.17941
352.90987	1.17033
353.15093	1.16096
353.39199	1.15145
353.63305	1.14199
353.87411	1.13281
354.11516	1.12410
354.35622	1.11600
354.59728	1.10859
354.83834	1.10186
355.07940	1.09575
355.32046	1.09010
355.56152	1.08476
355.80257	1.07957
356.04363	1.07437
356.28469	1.06910
356.52575	1.06371
356.76681	1.05822
357.00787	1.05270
357.24893	1.04722
357.48999	1.04185
357.73104	1.03661
357.97210	1.03149
358.21316	1.02643
358.45422	1.02133
358.69528	1.01604
358.93634	1.01044
359.17740	1.00442
359.41845	0.99793
359.65951	0.99099
359.90057	0.98367
360.14163	0.97608
360.38269	0.96838
360.62375	0.96074
360.86481	0.95329
361.10586	0.94611
361.34692	0.93926
361.58798	0.93272
361.82904	0.92643
362.07010	0.92032
362.31116	0.91431
362.55222	0.90835
362.79328	0.90242
363.03433	0.89655
363.27539	0.89079
363.51645	0.88523
363.75751	0.87993
363.99857	0.87497
364.23963	0.87035
364.48069	0.86604
364.72174	0.86195
364.96280	0.85795
365.20386	0.85387
365.44492	0.84957
365.68598	0.84492
365.92704	0.83982
366.16810	0.83426
366.40916	0.82827
366.65021	0.82194
366.89127	0.81538
367.13233	0.80872
367.37339	0.80205
367.61445	0.79545
367.85551	0.78894
368.09657	0.78251
368.33762	0.77611
368.57868	0.76966
368.81974	0.76312
369.06080	0.75645
369.30186	0.74964
369.54292	0.74272
369.78398	0.73576
370.02504	0.72883
370.26609	0.72199
370.50715	0.71529
370.74821	0.70875
370.98927	0.70233
371.23033	0.69598
371.47139	0.68960
371.71245	0.68309
371.95350	0.67634
372.19456	0.66929
372.43562	0.66186
372.67668	0.65405
372.91774	0.64588
373.15880	0.63739
373.39986	0.62863
373.64091	0.61968
373.88197	0.61058
374.12303	0.60137
374.36409	0.59205
374.60515	0.58263
374.84621	0.57310
375.08727	0.56344
375.32833	0.55365
375.56938	0.54375
375.81044	0.53379
376.05150	0.52385
376.29256	0.51397
376.53362	0.50429
376.77468	0.49493
377.01574	0.48596
377.25679	0.47745
377.49785	0.46943
377.73891	0.46191
377.97997	0.45488
378.22103	0.44827
378.46209	0.44211
378.70315	0.43638
378.94421	0.43111
379.18526	0.42633
379.42632	0.42210
379.66738	0.41848
379.90844	0.41556
380.14950	0.41338
380.39056	0.41202
380.63162	0.41150
380.87267	0.41181
381.11373	0.41292
381.35479	0.41479
381.59585	0.41735
381.83691	0.42057
382.07797	0.42438
382.31903	0.42878
382.56009	0.43376
382.80114	0.43934
383.04220	0.44556
383.28326	0.45242
383.52432	0.45996
383.76538	0.46814
384.00644	0.47690
384.24750	0.48619
384.48855	0.49592
384.72961	0.50599
384.97067	0.51629
385.21173	0.52673
385.45279	0.53724
385.69385	0.54778
385.93491	0.55830
386.17596	0.56884
386.41702	0.57941
386.65808	0.59005
386.89914	0.60074
387.14020	0.61147
387.38126	0.62220
387.62232	0.63285
387.86338	0.64334
388.10443	0.65359
388.34549	0.66355
388.58655	0.67317
388.82761	0.68245
389.06867	0.69145
389.30973	0.70023
389.55079	0.70889
389.79184	0.71754
390.03290	0.72625
390.27396	0.73509
390.51502	0.74405
390.75608	0.75310
390.99714	0.76217
391.23820	0.77117
391.47926	0.78001
391.72031	0.78862
391.96137	0.79695
392.20243	0.80501
392.44349	0.81282
392.68455	0.82044
392.92561	0.82795
393.16667	0.83539
393.40772	0.84279
393.64878	0.85015
393.88984	0.85742
394.13090	0.86453
394.37196	0.87138
394.61302	0.87788
394.85408	0.88396
395.09514	0.88959
395.33619	0.89479
395.57725	0.89960
395.81831	0.90415
396.05937	0.90856
396.30043	0.91297
396.54149	0.91752
396.78255	0.92229
397.02360	0.92736
397.26466	0.93275
397.50572	0.93842
397.74678	0.94434
397.98784	0.95046
398.22890	0.95672
398.46996	0.96312
398.71102	0.96965
398.95207	0.97634
399.19313	0.98327
399.43419	0.99047
399.67525	0.99800
399.91631	1.00586
400.15737	1.01403
400.39843	1.02240
400.63948	1.03085
400.88054	1.03922
401.12160	1.04732
401.36266	1.05499
401.60372	1.06211
401.84478	1.06858
402.08584	1.07439
402.32689	1.07957
402.56795	1.08418
402.80901	1.08832
403.05007	1.09208
403.29113	1.09554
403.53219	1.09874
403.77325	1.10167
404.01431	1.10431
404.25536	1.10660
404.49642	1.10848
404.73748	1.10994
404.97854	1.11096
405.21960	1.11161
405.46066	1.11195
405.70172	1.11213
405.94277	1.11225
406.18383	1.11244
406.42489	1.11277
406.66595	1.11328
406.90701	1.11395
407.14807	1.11471
407.38913	1.11547
407.63019	1.11611
407.87124	1.11652
408.11230	1.11661
408.35336	1.11634
408.59442	1.11570
408.83548	1.11473
409.07654	1.11350
409.31760	1.11207
409.55865	1.11052
409.79971	1.10890
410.04077	1.10721
410.28183	1.10544
410.52289	1.10353
410.76395	1.10140
411.00501	1.09899
411.24607	1.09621
411.48712	1.09305
411.72818	1.08950
411.96924	1.08563
412.21030	1.08151
412.45136	1.07727
412.69242	1.07303
412.93348	1.06889
413.17453	1.06492
413.41559	1.06115
413.65665	1.05755
413.89771	1.05408
414.13877	1.05062
414.37983	1.04710
414.62089	1.04343
414.86194	1.03954
415.10300	1.03539
415.34406	1.03099
415.58512	1.02633
415.82618	1.02146
416.06724	1.01639
416.30830	1.01114
416.54936	1.00568
416.79041	1.00001
417.03147	0.99407
417.27253	0.98785
417.51359	0.98132
417.75465	0.97447
417.99571	0.96734
418.23677	0.96000
418.47782	0.95254
418.71888	0.94505
418.95994	0.93765
419.20100	0.93043
419.44206	0.92345
419.68312	0.91673
419.92418	0.91026
420.16524	0.90397
420.40629	0.89780
420.64735	0.89165
420.88841	0.88543
421.12947	0.87909
421.37053	0.87260
421.61159	0.86597
421.85265	0.85921
422.09370	0.85239
422.33476	0.84556
422.57582	0.83876
422.81688	0.83200
423.05794	0.82526
423.29900	0.81849
423.54006	0.81162
423.78112	0.80457
424.02217	0.79725
424.26323	0.78960
424.50429	0.78160
424.74535	0.77323
424.98641	0.76455
425.22747	0.75562
425.46853	0.74651
425.70958	0.73732
425.95064	0.72813
426.19170	0.71899
426.43276	0.70996
426.67382	0.70105
426.91488	0.69229
427.15594	0.68367
427.39699	0.67520
427.63805	0.66691
427.87911	0.65880
428.12017	0.65093
428.36123	0.64332
428.60229	0.63600
428.84335	0.62900
429.08441	0.62232
429.32546	0.61594
429.56652	0.60982
429.80758	0.60390
430.04864	0.59810
430.28970	0.59235
430.53076	0.58658
430.77182	0.58073
431.01287	0.57477
431.25393	0.56867
431.49499	0.56245
431.73605	0.55613
431.97711	0.54974
432.21817	0.54330
432.45923	0.53684
432.70029	0.53040
432.94134	0.52397
433.18240	0.51757
433.42346	0.51118
433.66452	0.50482
433.90558	0.49847
434.14664	0.49216
434.38770	0.48593
434.62875	0.47983
434.86981	0.47393
435.11087	0.46828
435.35193	0.46296
435.59299	0.45803
435.83405	0.45353
436.07511	0.44948
436.31617	0.44590
436.55722	0.44277
436.79828	0.44010
437.03934	0.43785
437.28040	0.43601
437.52146	0.43459
437.76252	0.43360
438.00358	0.43305
438.24463	0.43298
438.48569	0.43344
438.72675	0.43445
438.96781	0.43603
439.20887	0.43817
439.44993	0.44087
439.69099	0.44408
439.93204	0.44771
440.17310	0.45173
440.41416	0.45604
440.65522	0.46059
440.89628	0.46532
441.13734	0.47018
441.37840	0.47515
441.61946	0.48020
441.86051	0.48531
442.10157	0.49047
442.34263	0.49566
442.58369	0.50086
442.82475	0.50601
443.06581	0.51106
443.30687	0.51596
443.54792	0.52064
443.78898	0.52505
444.03004	0.52917
444.27110	0.53296
444.51216	0.53644
444.75322	0.53960
444.99428	0.54245
445.23534	0.54501
445.47639	0.54729
445.71745	0.54929
445.95851	0.55102
446.19957	0.55245
446.44063	0.55359
446.68169	0.55441
446.92275	0.55490
447.16380	0.55509
447.40486	0.55497
447.64592	0.55458
447.88698	0.55396
448.12804	0.55314
448.36910	0.55218
448.61016	0.55108
448.85122	0.54988
449.09227	0.54859
449.33333	0.54718
449.57439	0.54567
449.81545	0.54402
450.05651	0.54225
450.29757	0.54035
450.53863	0.53837
450.77968	0.53634
451.02074	0.53432
451.26180	0.53237
451.50286	0.53054
451.74392	0.52889
451.98498	0.52744
452.22604	0.52620
452.46710	0.52516
452.70815	0.52429
452.94921	0.52354
453.19027	0.52288
453.43133	0.52225
453.67239	0.52161
453.91345	0.52093
454.15451	0.52020
454.39556	0.51941
454.63662	0.51858
454.87768	0.51769
455.11874	0.51678
455.35980	0.51584
455.60086	0.51487
455.84192	0.51387
456.08297	0.51284
456.32403	0.51175
456.56509	0.51062
456.80615	0.50943
457.04721	0.50821
457.28827	0.50697
457.52933	0.50576
457.77039	0.50462
458.01144	0.50359
458.25250	0.50270
458.49356	0.50200
458.73462	0.50152
458.97568	0.50127
459.21674	0.50126
459.45780	0.50152
459.69885	0.50205
459.93991	0.50287
460.18097	0.50400
460.42203	0.50544
460.66309	0.50720
460.90415	0.50931
461.14521	0.51174
461.38627	0.51450
461.62732	0.51755
461.86838	0.52087
462.10944	0.52439
462.35050	0.52808
462.59156	0.53188
462.83262	0.53574
463.07368	0.53960
463.31473	0.54344
463.55579	0.54721
463.79685	0.55090
464.03791	0.55450
464.27897	0.55799
464.52003	0.56137
464.76109	0.56463
465.00215	0.56776
465.24320	0.57074
465.48426	0.57354
465.72532	0.57615
465.96638	0.57853
466.20744	0.58067
466.44850	0.58256
466.68956	0.58420
466.93061	0.58558
467.17167	0.58672
467.41273	0.58763
467.65379	0.58835
467.89485	0.58888
468.13591	0.58925
468.37697	0.58947
468.61802	0.58956
468.85908	0.58953
469.10014	0.58939
469.34120	0.58914
469.58226	0.58880
469.82332	0.58838
470.06438	0.58789
470.30544	0.58735
470.54649	0.58677
470.78755	0.58617
471.02861	0.58558
471.26967	0.58498
471.51073	0.58440
471.75179	0.58382
471.99285	0.58323
472.23390	0.58262
472.47496	0.58195
472.71602	0.58120
472.95708	0.58037
473.19814	0.57942
473.43920	0.57838
473.68026	0.57723
473.92132	0.57601
474.16237	0.57473
474.40343	0.57341
474.64449	0.57206
474.88555	0.57071
475.12661	0.56934
475.36767	0.56796
475.60873	0.56655
475.84978	0.56511
476.09084	0.56363
476.33190	0.56210
476.57296	0.56054
476.81402	0.55897
477.05508	0.55742
477.29614	0.55592
477.53720	0.55449
477.77825	0.55316
478.01931	0.55195
478.26037	0.55084
478.50143	0.54983
478.74249	0.54888
478.98355	0.54796
479.22461	0.54702
479.46566	0.54603
479.70672	0.54496
479.94778	0.54379
480.18884	0.54251
480.42990	0.54114
480.67096	0.53968
480.91202	0.53817
481.15307	0.53661
481.39413	0.53503
481.63519	0.53343
481.87625	0.53182
482.11731	0.53018
482.35837	0.52851
482.59943	0.52679
482.84049	0.52501
483.08154	0.52317
483.32260	0.52127
483.56366	0.51932
483.80472	0.51735
484.04578	0.51537
484.28684	0.51340
484.52790	0.51146
484.76895	0.50956
485.01001	0.50768
485.25107	0.50583
485.49213	0.50398
485.73319	0.50212
485.97425	0.50024
486.21531	0.49832
486.45637	0.49638
486.69742	0.49442
486.93848	0.49245
487.17954	0.49050
487.42060	0.48858
487.66166	0.48670
487.90272	0.48486
488.14378	0.48305
488.38483	0.48127
488.62589	0.47949
488.86695	0.47770
489.10801	0.47590
489.34907	0.47407
489.59013	0.47221
489.83119	0.47035
490.07225	0.46850
490.31330	0.46667
490.55436	0.46490
490.79542	0.46319
491.03648	0.46155
491.27754	0.46000
491.51860	0.45854
491.75966	0.45716
492.00071	0.45584
492.24177	0.45459
492.48283	0.45338
492.72389	0.45222
492.96495	0.45111
493.20601	0.45003
493.44707	0.44901
493.68812	0.44803
493.92918	0.44712
494.17024	0.44625
494.41130	0.44542
494.65236	0.44461
494.89342	0.44381
495.13448	0.44300
495.37554	0.44215
495.61659	0.44126
495.85765	0.44031
496.09871	0.43933
496.33977	0.43833
496.58083	0.43731
496.82189	0.43630
497.06295	0.43532
497.30400	0.43437
497.54506	0.43344
497.78612	0.43254
498.02718	0.43164
498.26824	0.43072
498.50930	0.42978
498.75036	0.42881
498.99142	0.42780
499.23247	0.42677
499.47353	0.42573
499.71459	0.42471
499.95565	0.42373
500.19671	0.42279
500.43777	0.42191
500.67883	0.42109
500.91988	0.42030
501.16094	0.41951
501.40200	0.41868
501.64306	0.41777
501.88412	0.41674
502.12518	0.41555
502.36624	0.41418
502.60730	0.41260
502.84835	0.41081
503.08941	0.40879
503.33047	0.40657
503.57153	0.40414
503.81259	0.40150
504.05365	0.39868
504.29471	0.39569
504.53576	0.39257
504.77682	0.38935
505.01788	0.38610
505.25894	0.38291
505.50000	0.37987
505.74106	0.37714
505.98212	0.37487
506.22318	0.37319
506.46423	0.37226
506.70529	0.37219
506.94635	0.37306
507.18741	0.37491
507.42847	0.37773
507.66953	0.38143
507.91059	0.38592
508.15164	0.39104
508.39270	0.39664
508.63376	0.40254
508.87482	0.40858
509.11588	0.41460
509.35694	0.42047
509.59800	0.42613
509.83905	0.43150
510.08011	0.43656
510.32117	0.44128
510.56223	0.44568
510.80329	0.44975
511.04435	0.45353
511.28541	0.45702
511.52647	0.46027
511.76752	0.46329
512.00858	0.46612
512.24964	0.46878
512.49070	0.47129
512.73176	0.47369
512.97282	0.47600
513.21388	0.47823
513.45493	0.48039
513.69599	0.48249
513.93705	0.48453
514.17811	0.48652
514.41917	0.48844
514.66023	0.49029
514.90129	0.49207
515.14235	0.49377
515.38340	0.49539
515.62446	0.49694
515.86552	0.49840
516.10658	0.49979
516.34764	0.50112
516.58870	0.50238
516.82976	0.50359
517.07081	0.50473
517.31187	0.50582
517.55293	0.50684
517.79399	0.50780
518.03505	0.50869
518.27611	0.50951
518.51717	0.51028
518.75823	0.51101
518.99928	0.51169
519.24034	0.51237
519.48140	0.51305
519.72246	0.51375
519.96352	0.51448
520.20458	0.51525
520.44564	0.51605
520.68669	0.51688
520.92775	0.51771
521.16881	0.51852
521.40987	0.51931
521.65093	0.52004
521.89199	0.52073
522.13305	0.52135
522.37410	0.52193
522.61516	0.52246
522.85622	0.52295
523.09728	0.52341
523.33834	0.52382
523.57940	0.52418
523.82046	0.52448
524.06152	0.52470
524.30257	0.52482
524.54363	0.52484
524.78469	0.52476
525.02575	0.52460
525.26681	0.52438
525.50787	0.52414
525.74893	0.52391
525.98998	0.52375
526.23104	0.52369
526.47210	0.52377
526.71316	0.52402
526.95422	0.52446
527.19528	0.52509
527.43634	0.52592
527.67740	0.52693
527.91845	0.52813
528.15951	0.52948
528.40057	0.53099
528.64163	0.53264
528.88269	0.53442
529.12375	0.53632
529.36481	0.53834
529.60586	0.54046
529.84692	0.54267
530.08798	0.54498
530.32904	0.54735
530.57010	0.54978
530.81116	0.55223
531.05222	0.55469
531.29328	0.55715
531.53433	0.55957
531.77539	0.56196
532.01645	0.56429
532.25751	0.56656
532.49857	0.56877
532.73963	0.57091
532.98069	0.57296
533.22174	0.57492
533.46280	0.57677
533.70386	0.57849
533.94492	0.58007
534.18598	0.58149
534.42704	0.58274
534.66810	0.58382
534.90915	0.58472
535.15021	0.58545
535.39127	0.58602
535.63233	0.58643
535.87339	0.58668
536.11445	0.58680
536.35551	0.58677
536.59657	0.58660
536.83762	0.58630
537.07868	0.58586
537.31974	0.58528
537.56080	0.58456
537.80186	0.58370
538.04292	0.58271
538.28398	0.58159
538.52503	0.58034
538.76609	0.57898
539.00715	0.57751
539.24821	0.57597
539.48927	0.57436
539.73033	0.57271
539.97139	0.57107
540.21245	0.56944
540.45350	0.56787
540.69456	0.56639
540.93562	0.56501
541.17668	0.56376
541.41774	0.56267
541.65880	0.56173
541.89986	0.56096
542.14091	0.56036
542.38197	0.55993
542.62303	0.55965
542.86409	0.55951
543.10515	0.55949
543.34621	0.55956
543.58727	0.55968
543.82833	0.55981
544.06938	0.55992
544.31044	0.55999
544.55150	0.55998
544.79256	0.55988
545.03362	0.55968
545.27468	0.55938
545.51574	0.55896
545.75679	0.55842
545.99785	0.55776
546.23891	0.55696
546.47997	0.55601
546.72103	0.55488
546.96209	0.55356
547.20315	0.55202
547.44421	0.55024
547.68526	0.54823
547.92632	0.54597
548.16738	0.54347
548.40844	0.54074
548.64950	0.53780
548.89056	0.53469
549.13162	0.53142
549.37267	0.52805
549.61373	0.52461
549.85479	0.52115
550.09585	0.51770
550.33691	0.51432
550.57797	0.51104
550.81903	0.50791
551.06008	0.50497
551.30114	0.50228
551.54220	0.49986
551.78326	0.49775
552.02432	0.49599
552.26538	0.49457
552.50644	0.49350
552.74750	0.49278
552.98855	0.49238
553.22961	0.49227
553.47067	0.49243
553.71173	0.49284
553.95279	0.49348
554.19385	0.49433
554.43491	0.49540
554.67596	0.49668
554.91702	0.49819
555.15808	0.49992
555.39914	0.50188
555.64020	0.50402
555.88126	0.50634
556.12232	0.50879
556.36338	0.51132
556.60443	0.51388
556.84549	0.51642
557.08655	0.51890
557.32761	0.52128
557.56867	0.52354
557.80973	0.52566
558.05079	0.52763
558.29184	0.52945
558.53290	0.53113
558.77396	0.53265
559.01502	0.53402
559.25608	0.53523
559.49714	0.53627
559.73820	0.53712
559.97926	0.53779
560.22031	0.53826
560.46137	0.53853
560.70243	0.53861
560.94349	0.53851
561.18455	0.53825
561.42561	0.53785
561.66667	0.53735
561.90772	0.53676
562.14878	0.53611
562.38984	0.53543
562.63090	0.53474
562.87196	0.53405
563.11302	0.53337
563.35408	0.53270
563.59513	0.53204
563.83619	0.53140
564.07725	0.53076
564.31831	0.53014
564.55937	0.52953
564.80043	0.52896
565.04149	0.52842
565.28255	0.52793
565.52360	0.52751
565.76466	0.52715
566.00572	0.52685
566.24678	0.52660
566.48784	0.52640
566.72890	0.52622
566.96996	0.52604
567.21101	0.52587
567.45207	0.52569
567.69313	0.52551
567.93419	0.52533
568.17525	0.52516
568.41631	0.52502
568.65737	0.52492
568.89843	0.52487
569.13948	0.52486
569.38054	0.52489
569.62160	0.52496
569.86266	0.52506
570.10372	0.52519
570.34478	0.52534
570.58584	0.52552
570.82689	0.52575
571.06795	0.52603
571.30901	0.52639
571.55007	0.52685
571.79113	0.52741
572.03219	0.52807
572.27325	0.52884
572.51431	0.52969
572.75536	0.53060
572.99642	0.53155
573.23748	0.53249
573.47854	0.53341
573.71960	0.53427
573.96066	0.53508
574.20172	0.53581
574.44277	0.53648
574.68383	0.53709
574.92489	0.53767
575.16595	0.53824
575.40701	0.53881
575.64807	0.53941
575.88913	0.54005
576.13018	0.54076
576.37124	0.54155
576.61230	0.54244
576.85336	0.54343
577.09442	0.54456
577.33548	0.54582
577.57654	0.54724
577.81760	0.54882
578.05865	0.55056
578.29971	0.55246
578.54077	0.55451
578.78183	0.55668
579.02289	0.55895
579.26395	0.56126
579.50501	0.56358
579.74606	0.56588
579.98712	0.56811
580.22818	0.57025
580.46924	0.57228
580.71030	0.57421
580.95136	0.57603
581.19242	0.57776
581.43348	0.57940
581.67453	0.58097
581.91559	0.58247
582.15665	0.58391
582.39771	0.58531
582.63877	0.58665
582.87983	0.58795
583.12089	0.58923
583.36194	0.59051
583.60300	0.59183
583.84406	0.59320
584.08512	0.59467
584.32618	0.59626
584.56724	0.59798
584.80830	0.59983
585.04936	0.60180
585.29041	0.60388
585.53147	0.60602
585.77253	0.60820
586.01359	0.61039
586.25465	0.61256
586.49571	0.61470
586.73677	0.61679
586.97782	0.61883
587.21888	0.62081
587.45994	0.62274
587.70100	0.62461
587.94206	0.62640
588.18312	0.62811
588.42418	0.62972
588.66523	0.63120
588.90629	0.63255
589.14735	0.63376
589.38841	0.63482
589.62947	0.63577
589.87053	0.63661
590.11159	0.63737
590.35265	0.63810
590.59370	0.63881
590.83476	0.63953
591.07582	0.64027
591.31688	0.64105
591.55794	0.64184
591.79900	0.64264
592.04006	0.64344
592.28111	0.64421
592.52217	0.64494
592.76323	0.64563
593.00429	0.64625
593.24535	0.64682
593.48641	0.64733
593.72747	0.64778
593.96853	0.64818
594.20958	0.64851
594.45064	0.64877
594.69170	0.64895
594.93276	0.64903
595.17382	0.64901
595.41488	0.64887
595.65594	0.64861
595.89699	0.64823
596.13805	0.64772
596.37911	0.64710
596.62017	0.64637
596.86123	0.64553
597.10229	0.64460
597.34335	0.64359
597.58441	0.64250
597.82546	0.64137
598.06652	0.64020
598.30758	0.63902
598.54864	0.63786
598.78970	0.63675
599.03076	0.63572
599.27182	0.63481
599.51287	0.63404
599.75393	0.63344
599.99499	0.63302
600.23605	0.63276
600.47711	0.63265
600.71817	0.63265
600.95923	0.63272
601.20029	0.63279
601.44134	0.63280
601.68240	0.63269
601.92346	0.63240
602.16452	0.63190
602.40558	0.63115
602.64664	0.63013
602.88770	0.62886
603.12875	0.62733
603.36981	0.62555
603.61087	0.62356
603.85193	0.62137
604.09299	0.61899
604.33405	0.61643
604.57511	0.61369
604.81616	0.61078
605.05722	0.60770
605.29828	0.60445
605.53934	0.60104
605.78040	0.59751
606.02146	0.59386
606.26252	0.59014
606.50358	0.58638
606.74463	0.58259
606.98569	0.57880
607.22675	0.57501
607.46781	0.57121
607.70887	0.56737
607.94993	0.56347
608.19099	0.55945
608.43204	0.55530
608.67310	0.55096
608.91416	0.54643
609.15522	0.54169
609.39628	0.53672
609.63734	0.53153
609.87840	0.52614
610.11946	0.52053
610.36051	0.51473
610.60157	0.50873
610.84263	0.50256
611.08369	0.49622
611.32475	0.48974
611.56581	0.48314
611.80687	0.47647
612.04792	0.46977
612.28898	0.46311
612.53004	0.45654
612.77110	0.45015
613.01216	0.44400
613.25322	0.43817
613.49428	0.43271
613.73534	0.42768
613.97639	0.42313
614.21745	0.41908
614.45851	0.41556
614.69957	0.41256
614.94063	0.41007
615.18169	0.40806
615.42275	0.40649
615.66380	0.40532
615.90486	0.40447
616.14592	0.40390
616.38698	0.40353
616.62804	0.40330
616.86910	0.40314
617.11016	0.40301
617.35121	0.40285
617.59227	0.40261
617.83333	0.40227
618.07439	0.40179
618.31545	0.40115
618.55651	0.40036
618.79757	0.39940
619.03863	0.39830
619.27968	0.39706
619.52074	0.39572
619.76180	0.39429
620.00286	0.39280
620.24392	0.39127
620.48498	0.38971
620.72604	0.38812
620.96709	0.38651
621.20815	0.38488
621.44921	0.38320
621.69027	0.38146
621.93133	0.37966
622.17239	0.37779
622.41345	0.37583
622.65451	0.37378
622.89556	0.37164
623.13662	0.36941
623.37768	0.36709
623.61874	0.36467
623.85980	0.36214
624.10086	0.35952
624.34192	0.35679
624.58297	0.35397
624.82403	0.35106
625.06509	0.34807
625.30615	0.34503
625.54721	0.34195
625.78827	0.33886
626.02933	0.33578
626.27039	0.33271
626.51144	0.32969
626.75250	0.32671
626.99356	0.32376
627.23462	0.32084
627.47568	0.31791
627.71674	0.31495
627.95780	0.31192
628.19885	0.30878
628.43991	0.30550
628.68097	0.30206
628.92203	0.29844
629.16309	0.29465
629.40415	0.29069
629.64521	0.28662
629.88626	0.28249
630.12732	0.27838
630.36838	0.27438
630.60944	0.27055
630.85050	0.26700
631.09156	0.26380
631.33262	0.26100
631.57368	0.25865
631.81473	0.25676
632.05579	0.25532
632.29685	0.25429
632.53791	0.25363
632.77897	0.25325
633.02003	0.25309
633.26109	0.25306
633.50214	0.25309
633.74320	0.25310
633.98426	0.25303
634.22532	0.25284
634.46638	0.25250
634.70744	0.25198
634.94850	0.25131
635.18956	0.25048
635.43061	0.24953
635.67167	0.24847
635.91273	0.24733
636.15379	0.24614
636.39485	0.24492
636.63591	0.24369
636.87697	0.24246
637.11802	0.24124
637.35908	0.24003
637.60014	0.23883
637.84120	0.23764
638.08226	0.23646
638.32332	0.23528
638.56438	0.23410
638.80544	0.23292
639.04649	0.23174
639.28755	0.23053
639.52861	0.22931
639.76967	0.22805
640.01073	0.22674
640.25179	0.22537
640.49285	0.22393
640.73390	0.22241
640.97496	0.22079
641.21602	0.21908
641.45708	0.21728
641.69814	0.21540
641.93920	0.21345
642.18026	0.21145
642.42132	0.20943
642.66237	0.20742
642.90343	0.20543
643.14449	0.20350
643.38555	0.20164
643.62661	0.19987
643.86767	0.19821
644.10873	0.19668
644.34978	0.19527
644.59084	0.19399
644.83190	0.19286
645.07296	0.19185
645.31402	0.19097
645.55508	0.19021
645.79614	0.18955
646.03719	0.18898
646.27825	0.18847
646.51931	0.18800
646.76037	0.18755
647.00143	0.18710
647.24249	0.18662
647.48355	0.18610
647.72461	0.18551
647.96566	0.18486
648.20672	0.18413
648.44778	0.18332
648.68884	0.18242
648.92990	0.18145
649.17096	0.18040
649.41202	0.17929
649.65307	0.17812
649.89413	0.17691
650.13519	0.17566
650.37625	0.17438
650.61731	0.17308
650.85837	0.17176
651.09943	0.17043
651.34049	0.16910
651.58154	0.16777
651.82260	0.16644
652.06366	0.16513
652.30472	0.16383
652.54578	0.16255
652.78684	0.16129
653.02790	0.16004
653.26895	0.15881
653.51001	0.15757
653.75107	0.15633
653.99213	0.15506
654.23319	0.15375
654.47425	0.15240
654.71531	0.15098
654.95637	0.14947
655.19742	0.14787
655.43848	0.14616
655.67954	0.14433
655.92060	0.14236
656.16166	0.14025
656.40272	0.13800
656.64378	0.13560
656.88483	0.13306
657.12589	0.13040
657.36695	0.12764
657.60801	0.12481
657.84907	0.12196
658.09013	0.11913
658.33119	0.11636
658.57224	0.11371
658.81330	0.11125
659.05436	0.10902
659.29542	0.10707
659.53648	0.10544
659.77754	0.10414
660.01860	0.10319
660.25966	0.10256
660.50071	0.10222
660.74177	0.10214
660.98283	0.10226
661.22389	0.10251
661.46495	0.10284
661.70601	0.10319
661.94707	0.10350
662.18812	0.10374
662.42918	0.10388
662.67024	0.10390
662.91130	0.10380
663.15236	0.10357
663.39342	0.10324
663.63448	0.10280
663.87554	0.10227
664.11659	0.10167
664.35765	0.10100
664.59871	0.10026
664.83977	0.09947
665.08083	0.09862
665.32189	0.09771
665.56295	0.09676
665.80400	0.09577
666.04506	0.09473
666.28612	0.09366
666.52718	0.09257
666.76824	0.09145
667.00930	0.09032
667.25036	0.08917
667.49142	0.08801
667.73247	0.08683
667.97353	0.08565
668.21459	0.08446
668.45565	0.08326
668.69671	0.08206
668.93777	0.08086
669.17883	0.07967
669.41988	0.07848
669.66094	0.07731
669.90200	0.07615
670.14306	0.07501
670.38412	0.07388
670.62518	0.07276
670.86624	0.07165
671.10729	0.07055
671.34835	0.06944
671.58941	0.06833
671.83047	0.06723
672.07153	0.06612
672.31259	0.06501
672.55365	0.06390
672.79471	0.06281
673.03576	0.06173
673.27682	0.06066
673.51788	0.05961
673.75894	0.05857
674.00000	0.05755
674.24106	0.05654
674.48212	0.05554
674.72317	0.05453
674.96423	0.05353
675.20529	0.05253
675.44635	0.05152
675.68741	0.05050
675.92847	0.04947
676.16953	0.04844
676.41059	0.04740
676.65164	0.04635
676.89270	0.04530
677.13376	0.04424
677.37482	0.04320
677.61588	0.04215
677.85694	0.04113
678.09800	0.04011
678.33905	0.03912
678.58011	0.03816
678.82117	0.03722
679.06223	0.03631
679.30329	0.03544
679.54435	0.03460
679.78541	0.03379
680.02647	0.03301
680.26752	0.03226
680.50858	0.03154
680.74964	0.03083
680.99070	0.03014
681.23176	0.02947
681.47282	0.02881
681.71388	0.02815
681.95493	0.02751
682.19599	0.02689
682.43705	0.02627
682.67811	0.02567
682.91917	0.02509
683.16023	0.02452
683.40129	0.02397
683.64234	0.02343
683.88340	0.02289
684.12446	0.02237
684.36552	0.02185
684.60658	0.02134
684.84764	0.02084
685.08870	0.02034
685.32976	0.01986
685.57081	0.01939
685.81187	0.01894
686.05293	0.01850
686.29399	0.01808
686.53505	0.01769
686.77611	0.01731
687.01717	0.01695
687.25822	0.01662
687.49928	0.01630
687.74034	0.01601
687.98140	0.01573
688.22246	0.01547
688.46352	0.01523
688.70458	0.01501
688.94564	0.01479
689.18669	0.01459
689.42775	0.01440
689.66881	0.01421
689.90987	0.01403
690.15093	0.01384
690.39199	0.01364
690.63305	0.01343
690.87410	0.01322
691.11516	0.01299
691.35622	0.01276
691.59728	0.01252
691.83834	0.01228
692.07940	0.01203
692.32046	0.01180
692.56152	0.01157
692.80257	0.01136
693.04363	0.01116
693.28469	0.01097
693.52575	0.01080
693.76681	0.01063
694.00787	0.01047
694.24893	0.01031
694.48998	0.01015
694.73104	0.00998
694.97210	0.00980
695.21316	0.00960
695.45422	0.00938
695.69528	0.00915
695.93634	0.00891
696.17740	0.00866
696.41845	0.00841
696.65951	0.00816
696.90057	0.00791
697.14163	0.00767
697.38269	0.00743
697.62375	0.00720
697.86481	0.00697
698.10586	0.00675
698.34692	0.00653
698.58798	0.00632
698.82904	0.00611
699.07010	0.00591
699.31116	0.00572
699.55222	0.00554
699.79327	0.00537
700.03433	0.00521
700.27539	0.00506
700.51645	0.00492
700.75751	0.00478
700.99857	0.00464
701.23963	0.00450
701.48069	0.00436
701.72174	0.00421
701.96280	0.00408
702.20386	0.00395
702.44492	0.00383
702.68598	0.00372
702.92704	0.00363
703.16810	0.00355
703.40915	0.00348
703.65021	0.00342
703.89127	0.00337
704.13233	0.00334
704.37339	0.00331
704.61445	0.00330
704.85551	0.00330
705.09657	0.00331
705.33762	0.00333
705.57868	0.00335
705.81974	0.00339
706.06080	0.00341
706.30186	0.00343
706.54292	0.00345
706.78398	0.00345
707.02503	0.00343
707.26609	0.00341
707.50715	0.00338
707.74821	0.00335
707.98927	0.00332
708.23033	0.00329
708.47139	0.00327
708.71245	0.00325
708.95350	0.00324
709.19456	0.00323
709.43562	0.00322
709.67668	0.00321
709.91774	0.00320
710.15880	0.00320
710.39986	0.00319
710.64091	0.00319
710.88197	0.00320
711.12303	0.00320
711.36409	0.00321
711.60515	0.00323
711.84621	0.00324
712.08727	0.00324
712.32832	0.00325
712.56938	0.00324
712.81044	0.00324
713.05150	0.00323
713.29256	0.00322
713.53362	0.00321
713.77468	0.00320
714.01574	0.00319
714.25679	0.00318
714.49785	0.00317
714.73891	0.00316
714.97997	0.00314
715.22103	0.00312
715.46209	0.00310
715.70315	0.00308
715.94420	0.00306
716.18526	0.00303
716.42632	0.00301
716.66738	0.00299
716.90844	0.00298
717.14950	0.00297
717.39056	0.00297
717.63162	0.00298
717.87267	0.00299
718.11373	0.00301
718.35479	0.00304
718.59585	0.00307
718.83691	0.00310
719.07797	0.00313
719.31903	0.00317
719.56008	0.00319
719.80114	0.00321
720.04220	0.00322
720.28326	0.00323
720.52432	0.00322
720.76538	0.00320
721.00644	0.00318
721.24750	0.00315
721.48855	0.00313
721.72961	0.00311
721.97067	0.00309
722.21173	0.00308
722.45279	0.00307
722.69385	0.00307
722.93491	0.00308
723.17596	0.00308
723.41702	0.00309
723.65808	0.00309
723.89914	0.00309
724.14020	0.00309
724.38126	0.00308
724.62232	0.00307
724.86337	0.00306
725.10443	0.00304
725.34549	0.00303
725.58655	0.00301
725.82761	0.00299
726.06867	0.00297
726.30973	0.00295
726.55079	0.00293
726.79184	0.00292
727.03290	0.00291
727.27396	0.00291
727.51502	0.00292
727.75608	0.00294
727.99714	0.00295
728.23820	0.00297
728.47925	0.00298
728.72031	0.00299
728.96137	0.00299
729.20243	0.00299
729.44349	0.00298
729.68455	0.00298
729.92561	0.00298
730.16667	0.00298
730.40772	0.00299
730.64878	0.00302
730.88984	0.00304
731.13090	0.00307
731.37196	0.00310
731.61302	0.00312
731.85408	0.00313
732.09513	0.00313
732.33619	0.00311
732.57725	0.00309
732.81831	0.00305
733.05937	0.00301
733.30043	0.00296
733.54149	0.00292
733.78255	0.00288
734.02360	0.00284
734.26466	0.00281
734.50572	0.00278
734.74678	0.00276
734.98784	0.00274
735.22890	0.00273
735.46996	0.00272
735.71101	0.00272
735.95207	0.00272
736.19313	0.00272
736.43419	0.00273
736.67525	0.00272
736.91631	0.00271
737.15737	0.00270
737.39842	0.00267
737.63948	0.00264
737.88054	0.00261
738.12160	0.00257
738.36266	0.00255
738.60372	0.00253
738.84478	0.00252
739.08584	0.00253
739.32689	0.00254
739.56795	0.00257
739.80901	0.00260
740.05007	0.00264
740.29113	0.00269
740.53219	0.00273
740.77325	0.00276
741.01430	0.00279
741.25536	0.00281
741.49642	0.00282
741.73748	0.00281
741.97854	0.00280
742.21960	0.00279
742.46066	0.00277
742.70172	0.00275
742.94277	0.00273
743.18383	0.00272
743.42489	0.00271
743.66595	0.00271
743.90701	0.00271
744.14807	0.00271
744.38913	0.00270
744.63018	0.00270
744.87124	0.00270
745.11230	0.00271
745.35336	0.00272
745.59442	0.00273
745.83548	0.00276
746.07654	0.00280
746.31760	0.00284
746.55865	0.00289
746.79971	0.00295
747.04077	0.00301
747.28183	0.00306
747.52289	0.00311
747.76395	0.00315
748.00501	0.00319
748.24606	0.00322
748.48712	0.00325
748.72818	0.00327
748.96924	0.00330
749.21030	0.00332
749.45136	0.00335
749.69242	0.00338
749.93348	0.00341
750.17453	0.00345
750.41559	0.00348
750.65665	0.00352
750.89771	0.00357
751.13877	0.00362
751.37983	0.00368
751.62089	0.00376
751.86194	0.00384
752.10300	0.00394
752.34406	0.00405
752.58512	0.00418
752.82618	0.00431
753.06724	0.00446
753.30830	0.00461
753.54935	0.00477
753.79041	0.00492
754.03147	0.00507
754.27253	0.00521
754.51359	0.00533
754.75465	0.00545
754.99571	0.00555
755.23677	0.00564
755.47782	0.00573
755.71888	0.00580
755.95994	0.00588
756.20100	0.00597
756.44206	0.00606
756.68312	0.00617
756.92418	0.00629
757.16523	0.00642
757.40629	0.00657
757.64735	0.00672
757.88841	0.00689
758.12947	0.00705
758.37053	0.00721
758.61159	0.00737
758.85265	0.00753
759.09370	0.00769
759.33476	0.00784
759.57582	0.00799
759.81688	0.00813
760.05794	0.00828
760.29900	0.00842
760.54006	0.00855
760.78111	0.00869
761.02217	0.00882
761.26323	0.00894
761.50429	0.00907
761.74535	0.00918
761.98641	0.00929
762.22747	0.00940
762.46853	0.00950
762.70958	0.00959
762.95064	0.00967
763.19170	0.00976
763.43276	0.00984
763.67382	0.00992
763.91488	0.01000
764.15594	0.01007
764.39699	0.01015
764.63805	0.01022
764.87911	0.01029
765.12017	0.01036
765.36123	0.01042
765.60229	0.01047
765.84335	0.01053
766.08440	0.01058
766.32546	0.01063
766.56652	0.01068
766.80758	0.01073
767.04864	0.01077
767.28970	0.01082
767.53076	0.01086
767.77182	0.01090
768.01287	0.01093
768.25393	0.01096
768.49499	0.01098
768.73605	0.01101
768.97711	0.01103
769.21817	0.01106
769.45923	0.01109
769.70028	0.01113
769.94134	0.01117
770.18240	0.01122
770.42346	0.01128
770.66452	0.01135
770.90558	0.01143
771.14664	0.01151
771.38770	0.01159
771.62875	0.01167
771.86981	0.01175
772.11087	0.01183
772.35193	0.01191
772.59299	0.01199
772.83405	0.01208
773.07511	0.01218
773.31616	0.01229
773.55722	0.01242
773.79828	0.01256
774.03934	0.01273
774.28040	0.01291
774.52146	0.01310
774.76252	0.01331
775.00358	0.01352
775.24463	0.01373
775.48569	0.01395
775.72675	0.01416
775.96781	0.01436
776.20887	0.01456
776.44993	0.01474
776.69099	0.01492
776.93204	0.01509
777.17310	0.01525
777.41416	0.01540
777.65522	0.01555
777.89628	0.01569
778.13734	0.01584
778.37840	0.01598
778.61945	0.01613
778.86051	0.01627
779.10157	0.01642
779.34263	0.01656
779.58369	0.01669
779.82475	0.01682
780.06581	0.01693
780.30687	0.01703
780.54792	0.01712
780.78898	0.01721
781.03004	0.01729
781.27110	0.01737
781.51216	0.01746
781.75322	0.01755
781.99428	0.01764
782.23533	0.01775
782.47639	0.01785
782.71745	0.01795
782.95851	0.01805
783.19957	0.01813
783.44063	0.01820
783.68169	0.01826
783.92275	0.01830
784.16380	0.01832
784.40486	0.01832
784.64592	0.01830
784.88698	0.01828
785.12804	0.01824
785.36910	0.01819
785.61016	0.01813
785.85121	0.01807
786.09227	0.01801
786.33333	0.01794
786.57439	0.01786
786.81545	0.01777
787.05651	0.01768
787.29757	0.01757
787.53863	0.01745
787.77968	0.01732
788.02074	0.01717
788.26180	0.01700
788.50286	0.01683
788.74392	0.01664
788.98498	0.01644
789.22604	0.01624
789.46709	0.01604
789.70815	0.01583
789.94921	0.01563
790.19027	0.01543
790.43133	0.01525
790.67239	0.01507
790.91345	0.01489
791.15451	0.01473
791.39556	0.01456
791.63662	0.01441
791.87768	0.01425
792.11874	0.01410
792.35980	0.01396
792.60086	0.01382
792.84192	0.01370
793.08297	0.01359
793.32403	0.01349
793.56509	0.01342
793.80615	0.01336
794.04721	0.01332
794.28827	0.01330
794.52933	0.01328
794.77038	0.01328
795.01144	0.01328
795.25250	0.01329
795.49356	0.01329
795.73462	0.01329
795.97568	0.01329
796.21674	0.01329
796.45780	0.01329
796.69885	0.01330
796.93991	0.01331
797.18097	0.01332
797.42203	0.01335
797.66309	0.01337
797.90415	0.01340
798.14521	0.01342
798.38626	0.01344
798.62732	0.01346
798.86838	0.01346
799.10944	0.01345
799.35050	0.01344
799.59156	0.01342
799.83262	0.01339
800.07368	0.01337
800.31473	0.01334
800.55579	0.01331
800.79685	0.01329
801.03791	0.01327
801.27897	0.01324
801.52003	0.01322
801.76109	0.01319
802.00214	0.01316
802.24320	0.01312
802.48426	0.01308
802.72532	0.01304
802.96638	0.01299
803.20744	0.01294
803.44850	0.01288
803.68956	0.01282
803.93061	0.01275
804.17167	0.01267
804.41273	0.01257
804.65379	0.01246
804.89485	0.01234
805.13591	0.01220
805.37697	0.01205
805.61802	0.01189
805.85908	0.01172
806.10014	0.01156
806.34120	0.01139
806.58226	0.01123
806.82332	0.01108
807.06438	0.01093
807.30543	0.01081
807.54649	0.01070
807.78755	0.01061
808.02861	0.01054
808.26967	0.01050
808.51073	0.01049
808.75179	0.01051
808.99285	0.01056
809.23390	0.01064
809.47496	0.01075
809.71602	0.01089
809.95708	0.01105
810.19814	0.01124
810.43920	0.01144
810.68026	0.01166
810.92131	0.01190
811.16237	0.01215
811.40343	0.01242
811.64449	0.01268
811.88555	0.01296
812.12661	0.01323
812.36767	0.01350
812.60873	0.01376
812.84978	0.01401
813.09084	0.01425
813.33190	0.01447
813.57296	0.01468
813.81402	0.01487
814.05508	0.01505
814.29614	0.01521
814.53719	0.01537
814.77825	0.01551
815.01931	0.01564
815.26037	0.01577
815.50143	0.01588
815.74249	0.01599
815.98355	0.01608
816.22461	0.01617
816.46566	0.01624
816.70672	0.01630
816.94778	0.01634
817.18884	0.01638
817.42990	0.01641
817.67096	0.01643
817.91202	0.01645
818.15307	0.01646
818.39413	0.01647
818.63519	0.01648
818.87625	0.01648
819.11731	0.01649
819.35837	0.01649
819.59943	0.01648
819.84048	0.01647
820.08154	0.01645
820.32260	0.01643
820.56366	0.01640
820.80472	0.01636
821.04578	0.01632
821.28684	0.01627
821.52790	0.01621
821.76895	0.01615
822.01001	0.01609
822.25107	0.01603
822.49213	0.01597
822.73319	0.01591
822.97425	0.01586
823.21531	0.01581
823.45636	0.01577
823.69742	0.01573
823.93848	0.01569
824.17954	0.01565
824.42060	0.01561
824.66166	0.01555
824.90272	0.01549
825.14378	0.01542
825.38483	0.01534
825.62589	0.01524
825.86695	0.01514
826.10801	0.01503
826.34907	0.01492
826.59013	0.01481
826.83119	0.01470
827.07224	0.01459
827.31330	0.01448
827.55436	0.01437
827.79542	0.01425
828.03648	0.01414
828.27754	0.01402
828.51860	0.01391
828.75966	0.01379
829.00071	0.01367
829.24177	0.01355
829.48283	0.01344
829.72389	0.01332
829.96495	0.01321
830.20601	0.01310
830.44707	0.01298
830.68812	0.01287
830.92918	0.01274
831.17024	0.01261
831.41130	0.01246
831.65236	0.01230
831.89342	0.01212
832.13448	0.01193
832.37553	0.01172
832.61659	0.01150
832.85765	0.01127
833.09871	0.01103
833.33977	0.01078
833.58083	0.01053
833.82189	0.01027
834.06295	0.01002
834.30400	0.00975
834.54506	0.00947
834.78612	0.00919
835.02718	0.00888
835.26824	0.00856
835.50930	0.00821
835.75036	0.00785
835.99141	0.00747
836.23247	0.00707
836.47353	0.00667
836.71459	0.00625
836.95565	0.00583
837.19671	0.00542
837.43777	0.00502
837.67883	0.00464
837.91988	0.00429
838.16094	0.00396
838.40200	0.00366
838.64306	0.00339
838.88412	0.00316
839.12518	0.00295
839.36624	0.00277
839.60729	0.00262
839.84835	0.00249
840.08941	0.00238
840.33047	0.00230
840.57153	0.00224
840.81259	0.00220
841.05365	0.00218
841.29471	0.00218
841.53576	0.00220
841.77682	0.00224
842.01788	0.00230
842.25894	0.00238
842.50000	0.00247
842.74106	0.00258
842.98212	0.00269
843.22317	0.00281
843.46423	0.00293
843.70529	0.00306
843.94635	0.00318
844.18741	0.00331
844.42847	0.00342
844.66953	0.00354
844.91059	0.00364
845.15164	0.00374
845.39270	0.00383
845.63376	0.00391
845.87482	0.00398
846.11588	0.00404
846.35694	0.00409
846.59800	0.00413
846.83905	0.00416
847.08011	0.00420
847.32117	0.00424
847.56223	0.00428
847.80329	0.00432
848.04435	0.00438
848.28541	0.00444
848.52646	0.00451
848.76752	0.00458
849.00858	0.00466
849.24964	0.00473
849.49070	0.00481
849.73176	0.00489
849.97282	0.00496
850.21388	0.00503
850.45493	0.00510
850.69599	0.00517
850.93705	0.00524
851.17811	0.00530
851.41917	0.00535
851.66023	0.00540
851.90129	0.00545
852.14234	0.00550
852.38340	0.00555
852.62446	0.00560
852.86552	0.00565
853.10658	0.00570
853.34764	0.00575
853.58870	0.00580
853.82976	0.00585
854.07081	0.00589
854.31187	0.00593
854.55293	0.00597
854.79399	0.00601
855.03505	0.00604
855.27611	0.00608
855.51717	0.00612
855.75822	0.00617
855.99928	0.00622
856.24034	0.00627
856.48140	0.00632
856.72246	0.00637
856.96352	0.00642
857.20458	0.00646
857.44564	0.00650
857.68669	0.00654
857.92775	0.00657
858.16881	0.00660
858.40987	0.00663
858.65093	0.00666
858.89199	0.00669
859.13305	0.00671
859.37410	0.00672
859.61516	0.00673
859.85622	0.00673
860.09728	0.00672
860.33834	0.00670
860.57940	0.00668
860.82046	0.00666
861.06151	0.00663
861.30257	0.00661
861.54363	0.00658
861.78469	0.00656
862.02575	0.00653
862.26681	0.00650
862.50787	0.00646
862.74893	0.00642
862.98998	0.00637
863.23104	0.00631
863.47210	0.00624
863.71316	0.00617
863.95422	0.00609
864.19528	0.00602
864.43634	0.00594
864.67739	0.00586
864.91845	0.00579
865.15951	0.00571
865.40057	0.00564
865.64163	0.00558
865.88269	0.00551
866.12375	0.00544
866.36481	0.00537
866.60586	0.00530
866.84692	0.00522
867.08798	0.00514
867.32904	0.00506
867.57010	0.00498
867.81116	0.00489
868.05222	0.00481
868.29327	0.00472
868.53433	0.00462
868.77539	0.00453
869.01645	0.00443
869.25751	0.00432
869.49857	0.00422
869.73963	0.00411
869.98069	0.00401
870.22174	0.00393
870.46280	0.00386
870.70386	0.00381
870.94492	0.00379
871.18598	0.00379
871.42704	0.00382
871.66810	0.00387
871.90915	0.00395
872.15021	0.00404
872.39127	0.00414
872.63233	0.00425
872.87339	0.00437
873.11445	0.00448
873.35551	0.00460
873.59656	0.00471
873.83762	0.00482
874.07868	0.00492
874.31974	0.00501
874.56080	0.00510
874.80186	0.00518
875.04292	0.00526
875.28398	0.00533
875.52503	0.00539
875.76609	0.00544
876.00715	0.00549
876.24821	0.00552
876.48927	0.00555
876.73033	0.00557
876.97139	0.00558
877.21244	0.00558
877.45350	0.00557
877.69456	0.00555
877.93562	0.00552
878.17668	0.00548
878.41774	0.00542
878.65880	0.00536
878.89986	0.00529
879.14091	0.00520
879.38197	0.00511
879.62303	0.00502
879.86409	0.00492
880.10515	0.00482
880.34621	0.00472
880.58727	0.00463
880.82832	0.00455
881.06938	0.00447
881.31044	0.00440
881.55150	0.00433
881.79256	0.00427
882.03362	0.00421
882.27468	0.00415
882.51574	0.00409
882.75679	0.00402
882.99785	0.00396
883.23891	0.00389
883.47997	0.00383
883.72103	0.00376
883.96209	0.00370
884.20315	0.00364
884.44420	0.00358
884.68526	0.00351
884.92632	0.00345
885.16738	0.00337
885.40844	0.00329
885.64950	0.00320
885.89056	0.00311
886.13161	0.00300
886.37267	0.00289
886.61373	0.00278
886.85479	0.00267
887.09585	0.00256
887.33691	0.00245
887.57797	0.00236
887.81903	0.00227
888.06008	0.00219
888.30114	0.00211
888.54220	0.00204
888.78326	0.00198
889.02432	0.00192
889.26538	0.00187
889.50644	0.00183
889.74749	0.00179
889.98855	0.00175
890.22961	0.00173
890.47067	0.00170
890.71173	0.00169
890.95279	0.00167
891.19385	0.00166
891.43491	0.00165
891.67596	0.00165
891.91702	0.00164
892.15808	0.00162
892.39914	0.00161
892.64020	0.00159
892.88126	0.00156
893.12232	0.00153
893.36337	0.00149
893.60443	0.00145
893.84549	0.00141
894.08655	0.00137
894.32761	0.00132
894.56867	0.00128
894.80973	0.00123
895.05079	0.00118
895.29184	0.00114
895.53290	0.00109
895.77396	0.00104
896.01502	0.00099
896.25608	0.00093
896.49714	0.00087
896.73820	0.00081
896.97925	0.00073
897.22031	0.00065
897.46137	0.00059
897.70243	0.00058
897.94349	0.00059
898.18455	0.00062
898.42561	0.00066
898.66667	0.00068
898.90772	0.00069
899.14878	0.00070
899.38984	0.00071
899.63090	0.00072
