0.00000	0.02476
0.24106	0.02551
0.48212	0.02761
0.72318	0.03057
0.96423	0.03374
1.20529	0.03643
1.44635	0.03809
1.68741	0.03842
1.92847	0.03740
2.16953	0.03519
2.41059	0.03237
2.65165	0.02934
2.89270	0.02646
3.13376	0.02395
3.37482	0.02194
3.61588	0.02041
3.85694	0.01932
4.09800	0.01859
4.33906	0.01812
4.58011	0.01788
4.82117	0.01784
5.06223	0.01799
5.30329	0.01831
5.54435	0.01877
5.78541	0.01931
6.02647	0.01985
6.26753	0.02032
6.50858	0.02066
6.74964	0.02084
6.99070	0.02085
7.23176	0.02073
7.47282	0.02049
7.71388	0.02017
7.95494	0.01976
8.19599	0.01927
8.43705	0.01869
8.67811	0.01801
8.91917	0.01721
9.16023	0.01631
9.40129	0.01532
9.64235	0.01432
9.88340	0.01339
10.12446	0.01261
10.36552	0.01208
10.60658	0.01191
10.84764	0.01218
11.08870	0.01294
11.32976	0.01419
11.57082	0.01585
11.81187	0.01784
12.05293	0.01990
12.29399	0.02176
12.53505	0.02320
12.77611	0.02402
13.01717	0.02414
13.25823	0.02357
13.49928	0.02243
13.74034	0.02078
13.98140	0.01901
14.22246	0.01739
14.46352	0.01612
14.70458	0.01534
14.94564	0.01506
15.18670	0.01522
15.42775	0.01570
15.66881	0.01635
15.90987	0.01705
16.15093	0.01768
16.39199	0.01816
16.63305	0.01844
16.87411	0.01849
17.11516	0.01830
17.35622	0.01789
17.59728	0.01723
17.83834	0.01642
18.07940	0.01551
18.32046	0.01452
18.56152	0.01349
18.80258	0.01245
19.04363	0.01144
19.28469	0.01048
19.52575	0.00947
19.76681	0.00849
20.00787	0.00757
20.24893	0.00677
20.48999	0.00610
20.73104	0.00559
20.97210	0.00525
21.21316	0.00506
21.45422	0.00496
21.69528	0.00507
21.93634	0.00541
22.17740	0.00600
22.41845	0.00684
22.65951	0.00787
22.90057	0.00905
23.14163	0.01030
23.38269	0.01156
23.62375	0.01286
23.86481	0.01421
24.10587	0.01565
24.34692	0.01720
24.58798	0.01886
24.82904	0.02062
25.07010	0.02245
25.31116	0.02433
25.55222	0.02623
25.79328	0.02812
26.03433	0.03001
26.27539	0.03188
26.51645	0.03373
26.75751	0.03560
26.99857	0.03752
27.23963	0.03951
27.48069	0.04165
27.72175	0.04399
27.96280	0.04660
28.20386	0.04952
28.44492	0.05278
28.68598	0.05639
28.92704	0.06035
29.16810	0.06461
29.40916	0.06915
29.65021	0.07391
29.89127	0.07885
30.13233	0.08394
30.37339	0.08913
30.61445	0.09438
30.85551	0.09963
31.09657	0.10484
31.33763	0.10991
31.57868	0.11477
31.81974	0.11936
32.06080	0.12360
32.30186	0.12749
32.54292	0.13104
32.78398	0.13429
33.02504	0.13736
33.26609	0.14037
33.50715	0.14351
33.74821	0.14694
33.98927	0.15086
34.23033	0.15540
34.47139	0.16068
34.71245	0.16673
34.95350	0.17354
35.19456	0.18104
35.43562	0.18913
35.67668	0.19773
35.91774	0.20681
36.15880	0.21644
36.39986	0.22679
36.64092	0.23813
36.88197	0.25077
37.12303	0.26501
37.36409	0.28100
37.60515	0.29873
37.84621	0.31790
38.08727	0.33797
38.32833	0.35816
38.56938	0.37755
38.81044	0.39524
39.05150	0.41041
39.29256	0.42254
39.53362	0.43144
39.77468	0.43730
40.01574	0.44066
40.25680	0.44231
40.49785	0.44318
40.73891	0.44418
40.97997	0.44610
41.22103	0.44948
41.46209	0.45461
41.70315	0.46148
41.94421	0.46990
42.18526	0.47956
42.42632	0.49013
42.66738	0.50134
42.90844	0.51305
43.14950	0.52527
43.39056	0.53810
43.63162	0.55168
43.87268	0.56609
44.11373	0.58131
44.35479	0.59708
44.59585	0.61298
44.83691	0.62837
45.07797	0.64254
45.31903	0.65477
45.56009	0.66445
45.80114	0.67125
46.04220	0.67514
46.28326	0.67642
46.52432	0.67577
46.76538	0.67408
47.00644	0.67242
47.24750	0.67184
47.48855	0.67324
47.72961	0.67729
47.97067	0.68436
48.21173	0.69454
48.45279	0.70770
48.69385	0.72359
48.93491	0.74202
49.17597	0.76292
49.41702	0.78646
49.65808	0.81302
49.89914	0.84313
50.14020	0.87732
50.38126	0.91589
50.62232	0.95882
50.86338	1.00555
51.10443	1.05498
51.34549	1.10552
51.58655	1.15527
51.82761	1.20225
52.06867	1.24468
52.30973	1.28123
52.55079	1.31120
52.79185	1.33459
53.03290	1.35201
53.27396	1.36454
53.51502	1.37346
53.75608	1.38005
53.99714	1.38532
54.23820	1.38993
54.47926	1.39413
54.72031	1.39788
54.96137	1.40097
55.20243	1.40330
55.44349	1.40504
55.68455	1.40678
55.92561	1.40961
56.16667	1.41502
56.40773	1.42476
56.64878	1.44052
56.88984	1.46366
57.13090	1.49486
57.37196	1.53400
57.61302	1.57996
57.85408	1.63077
58.09514	1.68378
58.33619	1.73609
58.57725	1.78487
58.81831	1.82778
59.05937	1.86328
59.30043	1.89081
59.54149	1.91069
59.78255	1.92400
60.02361	1.93223
60.26466	1.93690
60.50572	1.93922
60.74678	1.93987
60.98784	1.93892
61.22890	1.93591
61.46996	1.93011
61.71102	1.92083
61.95207	1.90778
62.19313	1.89132
62.43419	1.87260
62.67525	1.85349
62.91631	1.83634
63.15737	1.82369
63.39843	1.81777
63.63948	1.82022
63.88054	1.83168
64.12160	1.85179
64.36266	1.87917
64.60372	1.91170
64.84478	1.94687
65.08584	1.98219
65.32690	2.01556
65.56795	2.04552
65.80901	2.07134
66.05007	2.09296
66.29113	2.11074
66.53219	2.12515
66.77325	2.13642
67.01431	2.14436
67.25536	2.14819
67.49642	2.14667
67.73748	2.13825
67.97854	2.12149
68.21960	2.09535
68.46066	2.05957
68.70172	2.01483
68.94278	1.96277
69.18383	1.90587
69.42489	1.84711
69.66595	1.78959
69.90701	1.73616
70.14807	1.68902
70.38913	1.64954
70.63019	1.61818
70.87124	1.59460
71.11230	1.57789
71.35336	1.56693
71.59442	1.56067
71.83548	1.55838
72.07654	1.55984
72.31760	1.56532
72.55866	1.57543
72.79971	1.59088
73.04077	1.61214
73.28183	1.63915
73.52289	1.67108
73.76395	1.70632
74.00501	1.74246
74.24607	1.77658
74.48712	1.80563
74.72818	1.82680
74.96924	1.83799
75.21030	1.83806
75.45136	1.82706
75.69242	1.80617
75.93348	1.77758
76.17453	1.74414
76.41559	1.70899
76.65665	1.67521
76.89771	1.64545
77.13877	1.62174
77.37983	1.60537
77.62089	1.59695
77.86195	1.59651
78.10300	1.60369
78.34406	1.61800
78.58512	1.63892
78.82618	1.66613
79.06724	1.69941
79.30830	1.73865
79.54936	1.78371
79.79041	1.83418
80.03147	1.88920
80.27253	1.94737
80.51359	2.00666
80.75465	2.06457
80.99571	2.11829
81.23677	2.16507
81.47783	2.20260
81.71888	2.22933
81.95994	2.24469
82.20100	2.24924
82.44206	2.24453
82.68312	2.23288
82.92418	2.21699
83.16524	2.19949
83.40629	2.18263
83.64735	2.16798
83.88841	2.15630
84.12947	2.14768
84.37053	2.14176
84.61159	2.13802
84.85265	2.13615
85.09371	2.13626
85.33476	2.13905
85.57582	2.14570
85.81688	2.15771
86.05794	2.17652
86.29900	2.20316
86.54006	2.23789
86.78112	2.27999
87.02217	2.32766
87.26323	2.37820
87.50429	2.42828
87.74535	2.47441
87.98641	2.51344
88.22747	2.54295
88.46853	2.56163
88.70958	2.56937
88.95064	2.56719
89.19170	2.55701
89.43276	2.54117
89.67382	2.52203
89.91488	2.50158
90.15594	2.48110
90.39700	2.46113
90.63805	2.44154
90.87911	2.42179
91.12017	2.40129
91.36123	2.37979
91.60229	2.35763
91.84335	2.33587
92.08441	2.31628
92.32546	2.30105
92.56652	2.29245
92.80758	2.29237
93.04864	2.30195
93.28970	2.32126
93.53076	2.34922
93.77182	2.38372
94.01288	2.42187
94.25393	2.46047
94.49499	2.49649
94.73605	2.52751
94.97711	2.55203
95.21817	2.56964
95.45923	2.58086
95.70029	2.58694
95.94134	2.58941
96.18240	2.58970
96.42346	2.58873
96.66452	2.58673
96.90558	2.58319
97.14664	2.57703
97.38770	2.56692
97.62876	2.55172
97.86981	2.53083
98.11087	2.50452
98.35193	2.47403
98.59299	2.44145
98.83405	2.40954
99.07511	2.38125
99.31617	2.35929
99.55722	2.34572
99.79828	2.34170
100.03934	2.34729
100.28040	2.36161
100.52146	2.38299
100.76252	2.40938
101.00358	2.43872
101.24464	2.46922
101.48569	2.49966
101.72675	2.52945
101.96781	2.55852
102.20887	2.58718
102.44993	2.61575
102.69099	2.64433
102.93205	2.67254
103.17310	2.69938
103.41416	2.72331
103.65522	2.74242
103.89628	2.75474
104.13734	2.75864
104.37840	2.75321
104.61946	2.73846
104.86051	2.71549
105.10157	2.68640
105.34263	2.65399
105.58369	2.62141
105.82475	2.59169
106.06581	2.56730
106.30687	2.54984
106.54793	2.53990
106.78898	2.53712
107.03004	2.54038
107.27110	2.54822
107.51216	2.55919
107.75322	2.57228
107.99428	2.58711
108.23534	2.60402
108.47639	2.62394
108.71745	2.64811
108.95851	2.67763
109.19957	2.71311
109.44063	2.75430
109.68169	2.79993
109.92275	2.84777
110.16381	2.89482
110.40486	2.93783
110.64592	2.97373
110.88698	3.00015
111.12804	3.01582
111.36910	3.02077
111.61016	3.01626
111.85122	3.00454
112.09227	2.98845
112.33333	2.97086
112.57439	2.95419
112.81545	2.94008
113.05651	2.92919
113.29757	2.92125
113.53863	2.91534
113.77969	2.91026
114.02074	2.90499
114.26180	2.89909
114.50286	2.89298
114.74392	2.88798
114.98498	2.88617
115.22604	2.89002
115.46710	2.90191
115.70815	2.92361
115.94921	2.95585
116.19027	2.99803
116.43133	3.04816
116.67239	3.10310
116.91345	3.15894
117.15451	3.21163
117.39556	3.25753
117.63662	3.29397
117.87768	3.31962
118.11874	3.33457
118.35980	3.34020
118.60086	3.33877
118.84192	3.33294
119.08298	3.32517
119.32403	3.31731
119.56509	3.31026
119.80615	3.30398
120.04721	3.29764
120.28827	3.29001
120.52933	3.27995
120.77039	3.26688
121.01144	3.25108
121.25250	3.23388
121.49356	3.21753
121.73462	3.20492
121.97568	3.19903
122.21674	3.20249
122.45780	3.21697
122.69886	3.24295
122.93991	3.27951
123.18097	3.32452
123.42203	3.37494
123.66309	3.42738
123.90415	3.47863
124.14521	3.52613
124.38627	3.56833
124.62732	3.60479
124.86838	3.63602
125.10944	3.66315
125.35050	3.68747
125.59156	3.70993
125.83262	3.73082
126.07368	3.74954
126.31474	3.76468
126.55579	3.77427
126.79685	3.77627
127.03791	3.76905
127.27897	3.75189
127.52003	3.72530
127.76109	3.69113
128.00215	3.65240
128.24320	3.61293
128.48426	3.57680
128.72532	3.54776
128.96638	3.52865
129.20744	3.52099
129.44850	3.52486
129.68956	3.53892
129.93061	3.56073
130.17167	3.58726
130.41273	3.61542
130.65379	3.64257
130.89485	3.66695
131.13591	3.68781
131.37697	3.70538
131.61803	3.72062
131.85908	3.73472
132.10014	3.74872
132.34120	3.76302
132.58226	3.77714
132.82332	3.78971
133.06438	3.79861
133.30544	3.80143
133.54649	3.79593
133.78755	3.78057
134.02861	3.75488
134.26967	3.71969
134.51073	3.67704
134.75179	3.62994
134.99285	3.58188
135.23391	3.53631
135.47496	3.49605
135.71602	3.46299
135.95708	3.43788
136.19814	3.42036
136.43920	3.40921
136.68026	3.40275
136.92132	3.39928
137.16237	3.39753
137.40343	3.39685
137.64449	3.39741
137.88555	3.40001
138.12661	3.40586
138.36767	3.41613
138.60873	3.43157
138.84979	3.45214
139.09084	3.47681
139.33190	3.50354
139.57296	3.52952
139.81402	3.55151
140.05508	3.56642
140.29614	3.57174
140.53720	3.56602
140.77825	3.54907
141.01931	3.52198
141.26037	3.48695
141.50143	3.44685
141.74249	3.40473
141.98355	3.36338
142.22461	3.32485
142.46566	3.29031
142.70672	3.25997
142.94778	3.23332
143.18884	3.20939
143.42990	3.18718
143.67096	3.16601
143.91202	3.14575
144.15308	3.12693
144.39413	3.11066
144.63519	3.09838
144.87625	3.09153
145.11731	3.09118
145.35837	3.09771
145.59943	3.11060
145.84049	3.12841
146.08154	3.14890
146.32260	3.16936
146.56366	3.18697
146.80472	3.19924
147.04578	3.20442
147.28684	3.20168
147.52790	3.19126
147.76896	3.17429
148.01001	3.15256
148.25107	3.12809
148.49213	3.10273
148.73319	3.07781
148.97425	3.05392
149.21531	3.03087
149.45637	3.00783
149.69742	2.98369
149.93848	2.95736
150.17954	2.92820
150.42060	2.89631
150.66166	2.86259
150.90272	2.82876
151.14378	2.79701
151.38484	2.76969
151.62589	2.74882
151.86695	2.73574
152.10801	2.73079
152.34907	2.73326
152.59013	2.74145
152.83119	2.75300
153.07225	2.76524
153.31330	2.77565
153.55436	2.78229
153.79542	2.78402
154.03648	2.78064
154.27754	2.77277
154.51860	2.76162
154.75966	2.74864
155.00072	2.73515
155.24177	2.72203
155.48283	2.70952
155.72389	2.69721
155.96495	2.68416
156.20601	2.66917
156.44707	2.65110
156.68813	2.62921
156.92918	2.60340
157.17024	2.57431
157.41130	2.54329
157.65236	2.51222
157.89342	2.48316
158.13448	2.45806
158.37554	2.43840
158.61659	2.42496
158.85765	2.41769
159.09871	2.41578
159.33977	2.41784
159.58083	2.42218
159.82189	2.42712
160.06295	2.43133
160.30401	2.43404
160.54506	2.43508
160.78612	2.43492
161.02718	2.43439
161.26824	2.43448
161.50930	2.43601
161.75036	2.43936
161.99142	2.44434
162.23247	2.45015
162.47353	2.45552
162.71459	2.45891
162.95565	2.45889
163.19671	2.45441
163.43777	2.44506
163.67883	2.43120
163.91989	2.41396
164.16094	2.39502
164.40200	2.37637
164.64306	2.35994
164.88412	2.34728
165.12518	2.33930
165.36624	2.33619
165.60730	2.33740
165.84835	2.34181
166.08941	2.34804
166.33047	2.35470
166.57153	2.36073
166.81259	2.36555
167.05365	2.36918
167.29471	2.37217
167.53577	2.37544
167.77682	2.38001
168.01788	2.38670
168.25894	2.39592
168.50000	2.40747
168.74106	2.42056
168.98212	2.43387
169.22318	2.44580
169.46423	2.45472
169.70529	2.45934
169.94635	2.45890
170.18741	2.45339
170.42847	2.44350
170.66953	2.43055
170.91059	2.41624
171.15164	2.40232
171.39270	2.39033
171.63376	2.38134
171.87482	2.37576
172.11588	2.37337
172.35694	2.37342
172.59800	2.37486
172.83906	2.37660
173.08011	2.37780
173.32117	2.37805
173.56223	2.37749
173.80329	2.37676
174.04435	2.37687
174.28541	2.37896
174.52647	2.38400
174.76752	2.39255
175.00858	2.40461
175.24964	2.41951
175.49070	2.43603
175.73176	2.45258
175.97282	2.46750
176.21388	2.47931
176.45494	2.48706
176.69599	2.49043
176.93705	2.48981
177.17811	2.48622
177.41917	2.48104
177.66023	2.47578
177.90129	2.47177
178.14235	2.46987
178.38340	2.47037
178.62446	2.47293
178.86552	2.47677
179.10658	2.48082
179.34764	2.48406
179.58870	2.48578
179.82976	2.48576
180.07082	2.48441
180.31187	2.48268
180.55293	2.48189
180.79399	2.48349
181.03505	2.48871
181.27611	2.49831
181.51717	2.51238
181.75823	2.53027
181.99928	2.55071
182.24034	2.57197
182.48140	2.59223
182.72246	2.60985
182.96352	2.62371
183.20458	2.63336
183.44564	2.63906
183.68669	2.64176
183.92775	2.64278
184.16881	2.64359
184.40987	2.64546
184.65093	2.64922
184.89199	2.65510
185.13305	2.66274
185.37411	2.67128
185.61516	2.67963
185.85622	2.68671
186.09728	2.69178
186.33834	2.69461
186.57940	2.69563
186.82046	2.69581
187.06152	2.69657
187.30257	2.69946
187.54363	2.70590
187.78469	2.71681
188.02575	2.73250
188.26681	2.75251
188.50787	2.77572
188.74893	2.80052
188.98999	2.82511
189.23104	2.84785
189.47210	2.86751
189.71316	2.88351
189.95422	2.89597
190.19528	2.90566
190.43634	2.91375
190.67740	2.92156
190.91845	2.93023
191.15951	2.94044
191.40057	2.95227
191.64163	2.96518
191.88269	2.97811
192.12375	2.98976
192.36481	2.99885
192.60587	3.00447
192.84692	3.00630
193.08798	3.00471
193.32904	3.00077
193.57010	2.99606
193.81116	2.99237
194.05222	2.99142
194.29328	2.99449
194.53433	3.00225
194.77539	3.01456
195.01645	3.03058
195.25751	3.04890
195.49857	3.06783
195.73963	3.08576
195.98069	3.10139
196.22174	3.11402
196.46280	3.12361
196.70386	3.13074
196.94492	3.13639
197.18598	3.14173
197.42704	3.14773
197.66810	3.15498
197.90916	3.16345
198.15021	3.17253
198.39127	3.18110
198.63233	3.18781
198.87339	3.19135
199.11445	3.19081
199.35551	3.18586
199.59657	3.17689
199.83762	3.16499
200.07868	3.15173
200.31974	3.13891
200.56080	3.12823
200.80186	3.12098
201.04292	3.11783
201.28398	3.11874
201.52504	3.12303
201.76609	3.12952
202.00715	3.13685
202.24821	3.14373
202.48927	3.14920
202.73033	3.15285
202.97139	3.15480
203.21245	3.15569
203.45350	3.15645
203.69456	3.15809
203.93562	3.16137
204.17668	3.16665
204.41774	3.17371
204.65880	3.18173
204.89986	3.18946
205.14092	3.19539
205.38197	3.19807
205.62303	3.19638
205.86409	3.18976
206.10515	3.17836
206.34621	3.16302
206.58727	3.14511
206.82833	3.12632
207.06938	3.10832
207.31044	3.09246
207.55150	3.07956
207.79256	3.06979
208.03362	3.06267
208.27468	3.05723
208.51574	3.05225
208.75680	3.04654
208.99785	3.03923
209.23891	3.02995
209.47997	3.01888
209.72103	3.00670
209.96209	2.99444
210.20315	2.98322
210.44421	2.97397
210.68526	2.96720
210.92632	2.96288
211.16738	2.96038
211.40844	2.95858
211.64950	2.95612
211.89056	2.95158
212.13162	2.94383
212.37267	2.93220
212.61373	2.91664
212.85479	2.89769
213.09585	2.87641
213.33691	2.85415
213.57797	2.83230
213.81903	2.81204
214.06009	2.79412
214.30114	2.77877
214.54220	2.76571
214.78326	2.75426
215.02432	2.74349
215.26538	2.73250
215.50644	2.72062
215.74750	2.70753
215.98855	2.69337
216.22961	2.67867
216.47067	2.66424
216.71173	2.65099
216.95279	2.63967
217.19385	2.63075
217.43491	2.62423
217.67597	2.61964
217.91702	2.61613
218.15808	2.61255
218.39914	2.60776
218.64020	2.60076
218.88126	2.59093
219.12232	2.57813
219.36338	2.56272
219.60443	2.54548
219.84549	2.52745
220.08655	2.50970
220.32761	2.49313
220.56867	2.47828
220.80973	2.46524
221.05079	2.45364
221.29185	2.44278
221.53290	2.43179
221.77396	2.41984
222.01502	2.40636
222.25608	2.39119
222.49714	2.37463
222.73820	2.35739
222.97926	2.34051
223.22031	2.32510
223.46137	2.31213
223.70243	2.30228
223.94349	2.29573
224.18455	2.29218
224.42561	2.29085
224.66667	2.29067
224.90772	2.29045
225.14878	2.28910
225.38984	2.28580
225.63090	2.28018
225.87196	2.27227
226.11302	2.26254
226.35408	2.25171
226.59514	2.24058
226.83619	2.22988
227.07725	2.22009
227.31831	2.21136
227.55937	2.20349
227.80043	2.19600
228.04149	2.18828
228.28255	2.17973
228.52360	2.16989
228.76466	2.15865
229.00572	2.14620
229.24678	2.13310
229.48784	2.12009
229.72890	2.10804
229.96996	2.09771
230.21102	2.08967
230.45207	2.08410
230.69313	2.08085
230.93419	2.07943
231.17525	2.07911
231.41631	2.07906
231.65737	2.07855
231.89843	2.07706
232.13948	2.07433
232.38054	2.07046
232.62160	2.06580
232.86266	2.06086
233.10372	2.05618
233.34478	2.05218
233.58584	2.04904
233.82690	2.04665
234.06795	2.04459
234.30901	2.04225
234.55007	2.03891
234.79113	2.03391
235.03219	2.02683
235.27325	2.01753
235.51431	2.00626
235.75536	1.99359
235.99642	1.98038
236.23748	1.96757
236.47854	1.95606
236.71960	1.94656
236.96066	1.93948
237.20172	1.93486
237.44277	1.93243
237.68383	1.93164
237.92489	1.93183
238.16595	1.93237
238.40701	1.93276
238.64807	1.93272
238.88913	1.93226
239.13019	1.93160
239.37124	1.93112
239.61230	1.93125
239.85336	1.93232
240.09442	1.93444
240.33548	1.93752
240.57654	1.94115
240.81760	1.94476
241.05865	1.94765
241.29971	1.94915
241.54077	1.94876
241.78183	1.94624
242.02289	1.94165
242.26395	1.93539
242.50501	1.92810
242.74607	1.92056
242.98712	1.91354
243.22818	1.90769
243.46924	1.90340
243.71030	1.90079
243.95136	1.89970
244.19242	1.89976
244.43348	1.90048
244.67453	1.90143
244.91559	1.90228
245.15665	1.90296
245.39771	1.90362
245.63877	1.90464
245.87983	1.90651
246.12089	1.90974
246.36195	1.91475
246.60300	1.92171
246.84406	1.93051
247.08512	1.94074
247.32618	1.95177
247.56724	1.96278
247.80830	1.97299
248.04936	1.98170
248.29041	1.98848
248.53147	1.99317
248.77253	1.99594
249.01359	1.99721
249.25465	1.99754
249.49571	1.99754
249.73677	1.99773
249.97783	1.99843
250.21888	1.99973
250.45994	2.00151
250.70100	2.00345
250.94206	2.00520
251.18312	2.00645
251.42418	2.00707
251.66524	2.00712
251.90629	2.00693
252.14735	2.00702
252.38841	2.00803
252.62947	2.01057
252.87053	2.01512
253.11159	2.02192
253.35265	2.03087
253.59370	2.04159
253.83476	2.05341
254.07582	2.06552
254.31688	2.07706
254.55794	2.08731
254.79900	2.09574
255.04006	2.10213
255.28112	2.10658
255.52217	2.10942
255.76323	2.11118
256.00429	2.11239
256.24535	2.11352
256.48641	2.11485
256.72747	2.11640
256.96853	2.11797
257.20958	2.11915
257.45064	2.11949
257.69170	2.11856
257.93276	2.11614
258.17382	2.11226
258.41488	2.10724
258.65594	2.10172
258.89700	2.09646
259.13805	2.09231
259.37911	2.09002
259.62017	2.09011
259.86123	2.09278
260.10229	2.09787
260.34335	2.10490
260.58441	2.11320
260.82546	2.12196
261.06652	2.13046
261.30758	2.13811
261.54864	2.14459
261.78970	2.14983
262.03076	2.15401
262.27182	2.15743
262.51288	2.16042
262.75393	2.16325
262.99499	2.16599
263.23605	2.16852
263.47711	2.17053
263.71817	2.17156
263.95923	2.17112
264.20029	2.16879
264.44134	2.16437
264.68240	2.15788
264.92346	2.14965
265.16452	2.14026
265.40558	2.13045
265.64664	2.12102
265.88770	2.11272
266.12875	2.10608
266.36981	2.10138
266.61087	2.09862
266.85193	2.09751
267.09299	2.09756
267.33405	2.09823
267.57511	2.09897
267.81617	2.09938
268.05722	2.09926
268.29828	2.09861
268.53934	2.09763
268.78040	2.09660
269.02146	2.09581
269.26252	2.09545
269.50358	2.09556
269.74463	2.09593
269.98569	2.09617
270.22675	2.09574
270.46781	2.09405
270.70887	2.09056
270.94993	2.08493
271.19099	2.07703
271.43205	2.06702
271.67310	2.05531
271.91416	2.04248
272.15522	2.02923
272.39628	2.01620
272.63734	2.00392
272.87840	1.99270
273.11946	1.98262
273.36051	1.97355
273.60157	1.96518
273.84263	1.95715
274.08369	1.94910
274.32475	1.94081
274.56581	1.93224
274.80687	1.92353
275.04793	1.91500
275.28898	1.90707
275.53004	1.90015
275.77110	1.89457
276.01216	1.89045
276.25322	1.88770
276.49428	1.88598
276.73534	1.88474
276.97639	1.88332
277.21745	1.88104
277.45851	1.87732
277.69957	1.87177
277.94063	1.86424
278.18169	1.85483
278.42275	1.84386
278.66380	1.83181
278.90486	1.81918
279.14592	1.80646
279.38698	1.79399
279.62804	1.78197
279.86910	1.77042
280.11016	1.75926
280.35122	1.74831
280.59227	1.73741
280.83333	1.72651
281.07439	1.71563
281.31545	1.70498
281.55651	1.69487
281.79757	1.68565
282.03863	1.67772
282.27968	1.67135
282.52074	1.66667
282.76180	1.66363
283.00286	1.66197
283.24392	1.66126
283.48498	1.66095
283.72604	1.66048
283.96710	1.65934
284.20815	1.65714
284.44921	1.65368
284.69027	1.64895
284.93133	1.64310
285.17239	1.63639
285.41345	1.62913
285.65451	1.62159
285.89556	1.61394
286.13662	1.60623
286.37768	1.59839
286.61874	1.59025
286.85980	1.58160
287.10086	1.57226
287.34192	1.56218
287.58298	1.55140
287.82403	1.54016
288.06509	1.52882
288.30615	1.51782
288.54721	1.50763
288.78827	1.49866
289.02933	1.49118
289.27039	1.48529
289.51144	1.48091
289.75250	1.47780
289.99356	1.47558
290.23462	1.47383
290.47568	1.47215
290.71674	1.47022
290.95780	1.46785
291.19885	1.46496
291.43991	1.46162
291.68097	1.45795
291.92203	1.45411
292.16309	1.45021
292.40415	1.44631
292.64521	1.44234
292.88627	1.43815
293.12732	1.43350
293.36838	1.42814
293.60944	1.42186
293.85050	1.41452
294.09156	1.40613
294.33262	1.39683
294.57368	1.38692
294.81473	1.37678
295.05579	1.36685
295.29685	1.35752
295.53791	1.34913
295.77897	1.34189
296.02003	1.33587
296.26109	1.33098
296.50215	1.32706
296.74320	1.32387
296.98426	1.32118
297.22532	1.31879
297.46638	1.31661
297.70744	1.31462
297.94850	1.31290
298.18956	1.31157
298.43061	1.31075
298.67167	1.31052
298.91273	1.31088
299.15379	1.31172
299.39485	1.31283
299.63591	1.31391
299.87697	1.31463
300.11803	1.31467
300.35908	1.31378
300.60014	1.31184
300.84120	1.30885
301.08226	1.30494
301.32332	1.30037
301.56438	1.29546
301.80544	1.29055
302.04649	1.28594
302.28755	1.28186
302.52861	1.27843
302.76967	1.27567
303.01073	1.27353
303.25179	1.27190
303.49285	1.27067
303.73391	1.26975
303.97496	1.26914
304.21602	1.26889
304.45708	1.26914
304.69814	1.27003
304.93920	1.27173
305.18026	1.27436
305.42132	1.27793
305.66237	1.28238
305.90343	1.28750
306.14449	1.29302
306.38555	1.29859
306.62661	1.30387
306.86767	1.30855
307.10873	1.31242
307.34978	1.31539
307.59084	1.31747
307.83190	1.31880
308.07296	1.31958
308.31402	1.32007
308.55508	1.32047
308.79614	1.32095
309.03720	1.32158
309.27825	1.32237
309.51931	1.32326
309.76037	1.32414
310.00143	1.32494
310.24249	1.32562
310.48355	1.32624
310.72461	1.32692
310.96566	1.32788
311.20672	1.32938
311.44778	1.33166
311.68884	1.33494
311.92990	1.33931
312.17096	1.34475
312.41202	1.35112
312.65308	1.35816
312.89413	1.36553
313.13519	1.37288
313.37625	1.37988
313.61731	1.38628
313.85837	1.39193
314.09943	1.39680
314.34049	1.40095
314.58154	1.40451
314.82260	1.40765
315.06366	1.41049
315.30472	1.41313
315.54578	1.41557
315.78684	1.41775
316.02790	1.41959
316.26896	1.42096
316.51001	1.42177
316.75107	1.42202
316.99213	1.42180
317.23319	1.42129
317.47425	1.42077
317.71531	1.42057
317.95637	1.42104
318.19742	1.42245
318.43848	1.42500
318.67954	1.42875
318.92060	1.43364
319.16166	1.43947
319.40272	1.44597
319.64378	1.45283
319.88483	1.45974
320.12589	1.46646
320.36695	1.47286
320.60801	1.47887
320.84907	1.48453
321.09013	1.48992
321.33119	1.49515
321.57225	1.50027
321.81330	1.50530
322.05436	1.51018
322.29542	1.51476
322.53648	1.51887
322.77754	1.52233
323.01860	1.52497
323.25966	1.52674
323.50071	1.52765
323.74177	1.52786
323.98283	1.52760
324.22389	1.52720
324.46495	1.52699
324.70601	1.52728
324.94707	1.52832
325.18813	1.53024
325.42918	1.53306
325.67024	1.53670
325.91130	1.54099
326.15236	1.54570
326.39342	1.55062
326.63448	1.55559
326.87554	1.56051
327.11659	1.56535
327.35765	1.57019
327.59871	1.57511
327.83977	1.58023
328.08083	1.58562
328.32189	1.59126
328.56295	1.59705
328.80401	1.60279
329.04506	1.60820
329.28612	1.61298
329.52718	1.61683
329.76824	1.61951
330.00930	1.62090
330.25036	1.62101
330.49142	1.61998
330.73247	1.61806
330.97353	1.61556
331.21459	1.61284
331.45565	1.61021
331.69671	1.60790
331.93777	1.60605
332.17883	1.60468
332.41988	1.60374
332.66094	1.60310
332.90200	1.60262
333.14306	1.60220
333.38412	1.60177
333.62518	1.60137
333.86624	1.60110
334.10730	1.60112
334.34835	1.60158
334.58941	1.60261
334.83047	1.60424
335.07153	1.60643
335.31259	1.60898
335.55365	1.61162
335.79471	1.61398
336.03576	1.61573
336.27682	1.61653
336.51788	1.61615
336.75894	1.61451
337.00000	1.61162
337.24106	1.60764
337.48212	1.60280
337.72318	1.59737
337.96423	1.59161
338.20529	1.58570
338.44635	1.57977
338.68741	1.57384
338.92847	1.56785
339.16953	1.56173
339.41059	1.55538
339.65164	1.54875
339.89270	1.54188
340.13376	1.53486
340.37482	1.52786
340.61588	1.52112
340.85694	1.51485
341.09800	1.50923
341.33906	1.50439
341.58011	1.50031
341.82117	1.49689
342.06223	1.49392
342.30329	1.49112
342.54435	1.48819
342.78541	1.48484
343.02647	1.48088
343.26752	1.47619
343.50858	1.47073
343.74964	1.46459
343.99070	1.45788
344.23176	1.45076
344.47282	1.44335
344.71388	1.43575
344.95493	1.42798
345.19599	1.42002
345.43705	1.41179
345.67811	1.40323
345.91917	1.39429
346.16023	1.38496
346.40129	1.37532
346.64235	1.36549
346.88340	1.35567
347.12446	1.34606
347.36552	1.33688
347.60658	1.32827
347.84764	1.32033
348.08870	1.31306
348.32976	1.30638
348.57081	1.30014
348.81187	1.29415
349.05293	1.28823
349.29399	1.28219
349.53505	1.27591
349.77611	1.26934
350.01717	1.26247
350.25823	1.25536
350.49928	1.24810
350.74034	1.24077
350.98140	1.23344
351.22246	1.22614
351.46352	1.21882
351.70458	1.21141
351.94564	1.20381
352.18669	1.19590
352.42775	1.18761
352.66881	1.17889
352.90987	1.16977
353.15093	1.16037
353.39199	1.15084
353.63305	1.14138
353.87411	1.13223
354.11516	1.12356
354.35622	1.11553
354.59728	1.10819
354.83834	1.10155
355.07940	1.09551
355.32046	1.08994
355.56152	1.08466
355.80257	1.07951
356.04363	1.07435
356.28469	1.06910
356.52575	1.06372
356.76681	1.05825
357.00787	1.05274
357.24893	1.04728
357.48999	1.04193
357.73104	1.03671
357.97210	1.03162
358.21316	1.02659
358.45422	1.02150
358.69528	1.01623
358.93634	1.01064
359.17740	1.00462
359.41845	0.99813
359.65951	0.99118
359.90057	0.98382
360.14163	0.97618
360.38269	0.96842
360.62375	0.96067
360.86481	0.95308
361.10586	0.94575
361.34692	0.93870
361.58798	0.93195
361.82904	0.92546
362.07010	0.91915
362.31116	0.91298
362.55222	0.90690
362.79328	0.90091
363.03433	0.89503
363.27539	0.88932
363.51645	0.88384
363.75751	0.87866
363.99857	0.87382
364.23963	0.86931
364.48069	0.86509
364.72174	0.86104
364.96280	0.85704
365.20386	0.85294
365.44492	0.84857
365.68598	0.84384
365.92704	0.83866
366.16810	0.83302
366.40916	0.82695
366.65021	0.82055
366.89127	0.81393
367.13233	0.80719
367.37339	0.80045
367.61445	0.79375
367.85551	0.78712
368.09657	0.78056
368.33762	0.77401
368.57868	0.76742
368.81974	0.76074
369.06080	0.75394
369.30186	0.74703
369.54292	0.74004
369.78398	0.73302
370.02504	0.72606
370.26609	0.71921
370.50715	0.71253
370.74821	0.70601
370.98927	0.69963
371.23033	0.69333
371.47139	0.68701
371.71245	0.68057
371.95350	0.67392
372.19456	0.66695
372.43562	0.65964
372.67668	0.65194
372.91774	0.64389
373.15880	0.63552
373.39986	0.62689
373.64091	0.61806
373.88197	0.60909
374.12303	0.59999
374.36409	0.59078
374.60515	0.58145
374.84621	0.57199
375.08727	0.56237
375.32833	0.55260
375.56938	0.54270
375.81044	0.53271
376.05150	0.52272
376.29256	0.51278
376.53362	0.50305
376.77468	0.49362
377.01574	0.48459
377.25679	0.47603
377.49785	0.46797
377.73891	0.46042
377.97997	0.45337
378.22103	0.44675
378.46209	0.44059
378.70315	0.43488
378.94421	0.42965
379.18526	0.42492
379.42632	0.42076
379.66738	0.41722
379.90844	0.41438
380.14950	0.41227
380.39056	0.41097
380.63162	0.41048
380.87267	0.41081
381.11373	0.41191
381.35479	0.41373
381.59585	0.41623
381.83691	0.41936
382.07797	0.42307
382.31903	0.42734
382.56009	0.43220
382.80114	0.43764
383.04220	0.44371
383.28326	0.45042
383.52432	0.45779
383.76538	0.46581
384.00644	0.47440
384.24750	0.48353
384.48855	0.49310
384.72961	0.50302
384.97067	0.51319
385.21173	0.52350
385.45279	0.53391
385.69385	0.54435
385.93491	0.55480
386.17596	0.56527
386.41702	0.57580
386.65808	0.58638
386.89914	0.59703
387.14020	0.60771
387.38126	0.61839
387.62232	0.62898
387.86338	0.63940
388.10443	0.64958
388.34549	0.65945
388.58655	0.66899
388.82761	0.67820
389.06867	0.68712
389.30973	0.69584
389.55079	0.70444
389.79184	0.71303
390.03290	0.72167
390.27396	0.73042
390.51502	0.73927
390.75608	0.74819
390.99714	0.75711
391.23820	0.76595
391.47926	0.77462
391.72031	0.78308
391.96137	0.79128
392.20243	0.79925
392.44349	0.80701
392.68455	0.81462
392.92561	0.82215
393.16667	0.82963
393.40772	0.83709
393.64878	0.84448
393.88984	0.85177
394.13090	0.85886
394.37196	0.86565
394.61302	0.87207
394.85408	0.87804
395.09514	0.88354
395.33619	0.88860
395.57725	0.89330
395.81831	0.89776
396.05937	0.90209
396.30043	0.90646
396.54149	0.91098
396.78255	0.91575
397.02360	0.92081
397.26466	0.92617
397.50572	0.93181
397.74678	0.93768
397.98784	0.94373
398.22890	0.94991
398.46996	0.95623
398.71102	0.96268
398.95207	0.96932
399.19313	0.97619
399.43419	0.98335
399.67525	0.99084
399.91631	0.99865
400.15737	1.00673
400.39843	1.01499
400.63948	1.02330
400.88054	1.03150
401.12160	1.03941
401.36266	1.04690
401.60372	1.05385
401.84478	1.06019
402.08584	1.06591
402.32689	1.07103
402.56795	1.07562
402.80901	1.07976
403.05007	1.08352
403.29113	1.08696
403.53219	1.09012
403.77325	1.09298
404.01431	1.09552
404.25536	1.09769
404.49642	1.09946
404.73748	1.10081
404.97854	1.10176
405.21960	1.10235
405.46066	1.10268
405.70172	1.10286
405.94277	1.10299
406.18383	1.10319
406.42489	1.10352
406.66595	1.10400
406.90701	1.10461
407.14807	1.10529
407.38913	1.10595
407.63019	1.10649
407.87124	1.10680
408.11230	1.10682
408.35336	1.10652
408.59442	1.10588
408.83548	1.10495
409.07654	1.10378
409.31760	1.10243
409.55865	1.10095
409.79971	1.09939
410.04077	1.09774
410.28183	1.09598
410.52289	1.09406
410.76395	1.09191
411.00501	1.08947
411.24607	1.08669
411.48712	1.08354
411.72818	1.08005
411.96924	1.07627
412.21030	1.07229
412.45136	1.06821
412.69242	1.06414
412.93348	1.06017
413.17453	1.05635
413.41559	1.05270
413.65665	1.04919
413.89771	1.04576
414.13877	1.04234
414.37983	1.03882
414.62089	1.03515
414.86194	1.03128
415.10300	1.02717
415.34406	1.02283
415.58512	1.01827
415.82618	1.01353
416.06724	1.00862
416.30830	1.00354
416.54936	0.99827
416.79041	0.99279
417.03147	0.98704
417.27253	0.98100
417.51359	0.97463
417.75465	0.96792
417.99571	0.96092
418.23677	0.95369
418.47782	0.94630
418.71888	0.93888
418.95994	0.93152
419.20100	0.92431
419.44206	0.91733
419.68312	0.91059
419.92418	0.90408
420.16524	0.89776
420.40629	0.89155
420.64735	0.88536
420.88841	0.87913
421.12947	0.87280
421.37053	0.86633
421.61159	0.85973
421.85265	0.85303
422.09370	0.84627
422.33476	0.83951
422.57582	0.83276
422.81688	0.82604
423.05794	0.81934
423.29900	0.81259
423.54006	0.80573
423.78112	0.79867
424.02217	0.79136
424.26323	0.78372
424.50429	0.77573
424.74535	0.76740
424.98641	0.75876
425.22747	0.74987
425.46853	0.74081
425.70958	0.73166
425.95064	0.72248
426.19170	0.71334
426.43276	0.70428
426.67382	0.69534
426.91488	0.68653
427.15594	0.67786
427.39699	0.66936
427.63805	0.66105
427.87911	0.65295
428.12017	0.64511
428.36123	0.63754
428.60229	0.63028
428.84335	0.62335
429.08441	0.61673
429.32546	0.61040
429.56652	0.60432
429.80758	0.59842
430.04864	0.59264
430.28970	0.58691
430.53076	0.58115
430.77182	0.57533
431.01287	0.56942
431.25393	0.56338
431.49499	0.55724
431.73605	0.55100
431.97711	0.54469
432.21817	0.53833
432.45923	0.53194
432.70029	0.52554
432.94134	0.51914
433.18240	0.51274
433.42346	0.50636
433.66452	0.49999
433.90558	0.49364
434.14664	0.48734
434.38770	0.48113
434.62875	0.47506
434.86981	0.46920
435.11087	0.46361
435.35193	0.45835
435.59299	0.45347
435.83405	0.44902
436.07511	0.44501
436.31617	0.44146
436.55722	0.43836
436.79828	0.43570
437.03934	0.43347
437.28040	0.43165
437.52146	0.43026
437.76252	0.42930
438.00358	0.42881
438.24463	0.42880
438.48569	0.42932
438.72675	0.43038
438.96781	0.43200
439.20887	0.43416
439.44993	0.43685
439.69099	0.44000
439.93204	0.44356
440.17310	0.44746
440.41416	0.45165
440.65522	0.45606
440.89628	0.46065
441.13734	0.46538
441.37840	0.47023
441.61946	0.47518
441.86051	0.48019
442.10157	0.48527
442.34263	0.49039
442.58369	0.49552
442.82475	0.50061
443.06581	0.50561
443.30687	0.51046
443.54792	0.51511
443.78898	0.51950
444.03004	0.52360
444.27110	0.52741
444.51216	0.53091
444.75322	0.53410
444.99428	0.53699
445.23534	0.53959
445.47639	0.54190
445.71745	0.54392
445.95851	0.54565
446.19957	0.54707
446.44063	0.54818
446.68169	0.54896
446.92275	0.54941
447.16380	0.54954
447.40486	0.54937
447.64592	0.54893
447.88698	0.54825
448.12804	0.54738
448.36910	0.54635
448.61016	0.54519
448.85122	0.54392
449.09227	0.54255
449.33333	0.54108
449.57439	0.53951
449.81545	0.53782
450.05651	0.53603
450.29757	0.53414
450.53863	0.53219
450.77968	0.53021
451.02074	0.52826
451.26180	0.52639
451.50286	0.52465
451.74392	0.52308
451.98498	0.52171
452.22604	0.52054
452.46710	0.51957
452.70815	0.51876
452.94921	0.51806
453.19027	0.51743
453.43133	0.51682
453.67239	0.51620
453.91345	0.51552
454.15451	0.51479
454.39556	0.51399
454.63662	0.51313
454.87768	0.51221
455.11874	0.51125
455.35980	0.51026
455.60086	0.50923
455.84192	0.50817
456.08297	0.50707
456.32403	0.50592
456.56509	0.50473
456.80615	0.50351
457.04721	0.50227
457.28827	0.50104
457.52933	0.49985
457.77039	0.49874
458.01144	0.49776
458.25250	0.49693
458.49356	0.49630
458.73462	0.49587
458.97568	0.49568
459.21674	0.49574
459.45780	0.49605
459.69885	0.49663
459.93991	0.49749
460.18097	0.49864
460.42203	0.50010
460.66309	0.50188
460.90415	0.50400
461.14521	0.50644
461.38627	0.50921
461.62732	0.51228
461.86838	0.51561
462.10944	0.51915
462.35050	0.52285
462.59156	0.52665
462.83262	0.53049
463.07368	0.53431
463.31473	0.53808
463.55579	0.54175
463.79685	0.54532
464.03791	0.54878
464.27897	0.55213
464.52003	0.55539
464.76109	0.55854
465.00215	0.56159
465.24320	0.56452
465.48426	0.56731
465.72532	0.56993
465.96638	0.57235
466.20744	0.57454
466.44850	0.57648
466.68956	0.57816
466.93061	0.57959
467.17167	0.58076
467.41273	0.58172
467.65379	0.58247
467.89485	0.58304
468.13591	0.58346
468.37697	0.58373
468.61802	0.58388
468.85908	0.58390
469.10014	0.58381
469.34120	0.58360
469.58226	0.58328
469.82332	0.58286
470.06438	0.58235
470.30544	0.58178
470.54649	0.58116
470.78755	0.58051
471.02861	0.57986
471.26967	0.57921
471.51073	0.57858
471.75179	0.57797
471.99285	0.57736
472.23390	0.57673
472.47496	0.57607
472.71602	0.57535
472.95708	0.57456
473.19814	0.57367
473.43920	0.57269
473.68026	0.57163
473.92132	0.57049
474.16237	0.56930
474.40343	0.56807
474.64449	0.56683
474.88555	0.56557
475.12661	0.56429
475.36767	0.56299
475.60873	0.56165
475.84978	0.56025
476.09084	0.55880
476.33190	0.55728
476.57296	0.55572
476.81402	0.55413
477.05508	0.55256
477.29614	0.55103
477.53720	0.54959
477.77825	0.54826
478.01931	0.54705
478.26037	0.54596
478.50143	0.54497
478.74249	0.54405
478.98355	0.54316
479.22461	0.54225
479.46566	0.54129
479.70672	0.54025
479.94778	0.53911
480.18884	0.53788
480.42990	0.53656
480.67096	0.53517
480.91202	0.53372
481.15307	0.53224
481.39413	0.53072
481.63519	0.52919
481.87625	0.52762
482.11731	0.52603
482.35837	0.52439
482.59943	0.52270
482.84049	0.52095
483.08154	0.51914
483.32260	0.51727
483.56366	0.51536
483.80472	0.51342
484.04578	0.51147
484.28684	0.50952
484.52790	0.50758
484.76895	0.50566
485.01001	0.50376
485.25107	0.50187
485.49213	0.49998
485.73319	0.49808
485.97425	0.49617
486.21531	0.49424
486.45637	0.49229
486.69742	0.49034
486.93848	0.48841
487.17954	0.48650
487.42060	0.48465
487.66166	0.48284
487.90272	0.48109
488.14378	0.47938
488.38483	0.47770
488.62589	0.47603
488.86695	0.47434
489.10801	0.47262
489.34907	0.47085
489.59013	0.46904
489.83119	0.46719
490.07225	0.46533
490.31330	0.46346
490.55436	0.46163
490.79542	0.45985
491.03648	0.45816
491.27754	0.45655
491.51860	0.45504
491.75966	0.45362
492.00071	0.45229
492.24177	0.45102
492.48283	0.44981
492.72389	0.44864
492.96495	0.44752
493.20601	0.44643
493.44707	0.44539
493.68812	0.44439
493.92918	0.44346
494.17024	0.44258
494.41130	0.44175
494.65236	0.44097
494.89342	0.44020
495.13448	0.43943
495.37554	0.43864
495.61659	0.43781
495.85765	0.43693
496.09871	0.43602
496.33977	0.43508
496.58083	0.43412
496.82189	0.43317
497.06295	0.43223
497.30400	0.43132
497.54506	0.43044
497.78612	0.42956
498.02718	0.42868
498.26824	0.42777
498.50930	0.42683
498.75036	0.42583
498.99142	0.42479
499.23247	0.42372
499.47353	0.42263
499.71459	0.42154
499.95565	0.42049
500.19671	0.41949
500.43777	0.41855
500.67883	0.41766
500.91988	0.41680
501.16094	0.41595
501.40200	0.41508
501.64306	0.41413
501.88412	0.41308
502.12518	0.41189
502.36624	0.41053
502.60730	0.40899
502.84835	0.40724
503.08941	0.40529
503.33047	0.40313
503.57153	0.40075
503.81259	0.39816
504.05365	0.39538
504.29471	0.39242
504.53576	0.38930
504.77682	0.38608
505.01788	0.38282
505.25894	0.37963
505.50000	0.37659
505.74106	0.37387
505.98212	0.37160
506.22318	0.36994
506.46423	0.36902
506.70529	0.36895
506.94635	0.36981
507.18741	0.37162
507.42847	0.37437
507.66953	0.37798
507.91059	0.38235
508.15164	0.38735
508.39270	0.39281
508.63376	0.39858
508.87482	0.40450
509.11588	0.41043
509.35694	0.41624
509.59800	0.42186
509.83905	0.42722
510.08011	0.43228
510.32117	0.43701
510.56223	0.44141
510.80329	0.44548
511.04435	0.44923
511.28541	0.45268
511.52647	0.45585
511.76752	0.45878
512.00858	0.46150
512.24964	0.46405
512.49070	0.46647
512.73176	0.46879
512.97282	0.47103
513.21388	0.47323
513.45493	0.47540
513.69599	0.47752
513.93705	0.47960
514.17811	0.48163
514.41917	0.48359
514.66023	0.48546
514.90129	0.48725
515.14235	0.48893
515.38340	0.49051
515.62446	0.49199
515.86552	0.49340
516.10658	0.49472
516.34764	0.49599
516.58870	0.49720
516.82976	0.49836
517.07081	0.49947
517.31187	0.50053
517.55293	0.50153
517.79399	0.50246
518.03505	0.50332
518.27611	0.50412
518.51717	0.50485
518.75823	0.50554
518.99928	0.50621
519.24034	0.50687
519.48140	0.50756
519.72246	0.50828
519.96352	0.50904
520.20458	0.50986
520.44564	0.51071
520.68669	0.51158
520.92775	0.51244
521.16881	0.51328
521.40987	0.51407
521.65093	0.51480
521.89199	0.51546
522.13305	0.51606
522.37410	0.51661
522.61516	0.51711
522.85622	0.51757
523.09728	0.51800
523.33834	0.51839
523.57940	0.51873
523.82046	0.51900
524.06152	0.51918
524.30257	0.51927
524.54363	0.51924
524.78469	0.51912
525.02575	0.51890
525.26681	0.51863
525.50787	0.51834
525.74893	0.51807
525.98998	0.51787
526.23104	0.51779
526.47210	0.51787
526.71316	0.51812
526.95422	0.51857
527.19528	0.51922
527.43634	0.52008
527.67740	0.52112
527.91845	0.52234
528.15951	0.52372
528.40057	0.52524
528.64163	0.52690
528.88269	0.52867
529.12375	0.53055
529.36481	0.53255
529.60586	0.53465
529.84692	0.53686
530.08798	0.53916
530.32904	0.54153
530.57010	0.54397
530.81116	0.54644
531.05222	0.54891
531.29328	0.55138
531.53433	0.55381
531.77539	0.55619
532.01645	0.55850
532.25751	0.56075
532.49857	0.56292
532.73963	0.56502
532.98069	0.56703
533.22174	0.56895
533.46280	0.57076
533.70386	0.57244
533.94492	0.57399
534.18598	0.57538
534.42704	0.57661
534.66810	0.57768
534.90915	0.57858
535.15021	0.57932
535.39127	0.57993
535.63233	0.58040
535.87339	0.58075
536.11445	0.58099
536.35551	0.58110
536.59657	0.58109
536.83762	0.58095
537.07868	0.58066
537.31974	0.58021
537.56080	0.57960
537.80186	0.57881
538.04292	0.57785
538.28398	0.57673
538.52503	0.57546
538.76609	0.57405
539.00715	0.57254
539.24821	0.57094
539.48927	0.56930
539.73033	0.56763
539.97139	0.56598
540.21245	0.56437
540.45350	0.56283
540.69456	0.56140
540.93562	0.56008
541.17668	0.55889
541.41774	0.55786
541.65880	0.55698
541.89986	0.55626
542.14091	0.55570
542.38197	0.55530
542.62303	0.55504
542.86409	0.55490
543.10515	0.55487
543.34621	0.55490
543.58727	0.55498
543.82833	0.55508
544.06938	0.55515
544.31044	0.55519
544.55150	0.55517
544.79256	0.55507
545.03362	0.55490
545.27468	0.55462
545.51574	0.55426
545.75679	0.55378
545.99785	0.55317
546.23891	0.55243
546.47997	0.55152
546.72103	0.55043
546.96209	0.54912
547.20315	0.54758
547.44421	0.54580
547.68526	0.54375
547.92632	0.54146
548.16738	0.53893
548.40844	0.53618
548.64950	0.53323
548.89056	0.53012
549.13162	0.52689
549.37267	0.52356
549.61373	0.52018
549.85479	0.51677
550.09585	0.51338
550.33691	0.51004
550.57797	0.50679
550.81903	0.50367
551.06008	0.50073
551.30114	0.49801
551.54220	0.49556
551.78326	0.49343
552.02432	0.49163
552.26538	0.49020
552.50644	0.48913
552.74750	0.48842
552.98855	0.48804
553.22961	0.48798
553.47067	0.48820
553.71173	0.48867
553.95279	0.48937
554.19385	0.49028
554.43491	0.49141
554.67596	0.49275
554.91702	0.49430
555.15808	0.49605
555.39914	0.49800
555.64020	0.50012
555.88126	0.50239
556.12232	0.50476
556.36338	0.50720
556.60443	0.50964
556.84549	0.51206
557.08655	0.51441
557.32761	0.51667
557.56867	0.51882
557.80973	0.52085
558.05079	0.52277
558.29184	0.52456
558.53290	0.52623
558.77396	0.52777
559.01502	0.52918
559.25608	0.53043
559.49714	0.53151
559.73820	0.53239
559.97926	0.53307
560.22031	0.53352
560.46137	0.53376
560.70243	0.53378
560.94349	0.53361
561.18455	0.53328
561.42561	0.53282
561.66667	0.53226
561.90772	0.53164
562.14878	0.53099
562.38984	0.53032
562.63090	0.52964
562.87196	0.52896
563.11302	0.52828
563.35408	0.52759
563.59513	0.52688
563.83619	0.52616
564.07725	0.52542
564.31831	0.52467
564.55937	0.52394
564.80043	0.52324
565.04149	0.52260
565.28255	0.52204
565.52360	0.52157
565.76466	0.52120
566.00572	0.52093
566.24678	0.52074
566.48784	0.52060
566.72890	0.52049
566.96996	0.52040
567.21101	0.52029
567.45207	0.52017
567.69313	0.52003
567.93419	0.51988
568.17525	0.51973
568.41631	0.51961
568.65737	0.51951
568.89843	0.51946
569.13948	0.51945
569.38054	0.51947
569.62160	0.51951
569.86266	0.51957
570.10372	0.51963
570.34478	0.51970
570.58584	0.51979
570.82689	0.51990
571.06795	0.52007
571.30901	0.52031
571.55007	0.52065
571.79113	0.52110
572.03219	0.52167
572.27325	0.52235
572.51431	0.52312
572.75536	0.52396
572.99642	0.52483
573.23748	0.52570
573.47854	0.52654
573.71960	0.52734
573.96066	0.52809
574.20172	0.52878
574.44277	0.52943
574.68383	0.53006
574.92489	0.53067
575.16595	0.53130
575.40701	0.53196
575.64807	0.53265
575.88913	0.53338
576.13018	0.53417
576.37124	0.53502
576.61230	0.53593
576.85336	0.53692
577.09442	0.53800
577.33548	0.53918
577.57654	0.54049
577.81760	0.54194
578.05865	0.54354
578.29971	0.54529
578.54077	0.54720
578.78183	0.54922
579.02289	0.55134
579.26395	0.55352
579.50501	0.55572
579.74606	0.55790
579.98712	0.56001
580.22818	0.56205
580.46924	0.56400
580.71030	0.56586
580.95136	0.56763
581.19242	0.56933
581.43348	0.57096
581.67453	0.57254
581.91559	0.57407
582.15665	0.57554
582.39771	0.57695
582.63877	0.57831
582.87983	0.57959
583.12089	0.58084
583.36194	0.58205
583.60300	0.58326
583.84406	0.58450
584.08512	0.58582
584.32618	0.58725
584.56724	0.58879
584.80830	0.59047
585.04936	0.59228
585.29041	0.59419
585.53147	0.59618
585.77253	0.59822
586.01359	0.60028
586.25465	0.60232
586.49571	0.60434
586.73677	0.60632
586.97782	0.60825
587.21888	0.61015
587.45994	0.61199
587.70100	0.61378
587.94206	0.61552
588.18312	0.61718
588.42418	0.61874
588.66523	0.62020
588.90629	0.62153
589.14735	0.62274
589.38841	0.62381
589.62947	0.62477
589.87053	0.62563
590.11159	0.62642
590.35265	0.62716
590.59370	0.62787
590.83476	0.62858
591.07582	0.62929
591.31688	0.63000
591.55794	0.63071
591.79900	0.63141
592.04006	0.63208
592.28111	0.63271
592.52217	0.63331
592.76323	0.63387
593.00429	0.63439
593.24535	0.63487
593.48641	0.63531
593.72747	0.63572
593.96853	0.63610
594.20958	0.63642
594.45064	0.63668
594.69170	0.63687
594.93276	0.63697
595.17382	0.63697
595.41488	0.63685
595.65594	0.63661
595.89699	0.63625
596.13805	0.63577
596.37911	0.63519
596.62017	0.63450
596.86123	0.63373
597.10229	0.63289
597.34335	0.63197
597.58441	0.63100
597.82546	0.62998
598.06652	0.62892
598.30758	0.62782
598.54864	0.62672
598.78970	0.62564
599.03076	0.62462
599.27182	0.62368
599.51287	0.62286
599.75393	0.62219
599.99499	0.62170
600.23605	0.62138
600.47711	0.62122
600.71817	0.62120
600.95923	0.62125
601.20029	0.62132
601.44134	0.62134
601.68240	0.62125
601.92346	0.62097
602.16452	0.62048
602.40558	0.61973
602.64664	0.61871
602.88770	0.61743
603.12875	0.61590
603.36981	0.61414
603.61087	0.61219
603.85193	0.61006
604.09299	0.60777
604.33405	0.60532
604.57511	0.60272
604.81616	0.59997
605.05722	0.59705
605.29828	0.59396
605.53934	0.59072
605.78040	0.58733
606.02146	0.58381
606.26252	0.58020
606.50358	0.57653
606.74463	0.57283
606.98569	0.56910
607.22675	0.56535
607.46781	0.56158
607.70887	0.55777
607.94993	0.55387
608.19099	0.54986
608.43204	0.54571
608.67310	0.54139
608.91416	0.53688
609.15522	0.53217
609.39628	0.52726
609.63734	0.52216
609.87840	0.51687
610.11946	0.51140
610.36051	0.50575
610.60157	0.49992
610.84263	0.49393
611.08369	0.48778
611.32475	0.48147
611.56581	0.47504
611.80687	0.46852
612.04792	0.46196
612.28898	0.45541
612.53004	0.44895
612.77110	0.44264
613.01216	0.43658
613.25322	0.43084
613.49428	0.42548
613.73534	0.42055
613.97639	0.41611
614.21745	0.41218
614.45851	0.40877
614.69957	0.40588
614.94063	0.40349
615.18169	0.40156
615.42275	0.40007
615.66380	0.39895
615.90486	0.39816
616.14592	0.39764
616.38698	0.39733
616.62804	0.39716
616.86910	0.39708
617.11016	0.39702
617.35121	0.39693
617.59227	0.39676
617.83333	0.39647
618.07439	0.39604
618.31545	0.39545
618.55651	0.39469
618.79757	0.39377
619.03863	0.39269
619.27968	0.39149
619.52074	0.39018
619.76180	0.38879
620.00286	0.38734
620.24392	0.38585
620.48498	0.38433
620.72604	0.38279
620.96709	0.38121
621.20815	0.37960
621.44921	0.37794
621.69027	0.37623
621.93133	0.37445
622.17239	0.37260
622.41345	0.37068
622.65451	0.36868
622.89556	0.36660
623.13662	0.36443
623.37768	0.36218
623.61874	0.35983
623.85980	0.35739
624.10086	0.35484
624.34192	0.35219
624.58297	0.34943
624.82403	0.34658
625.06509	0.34364
625.30615	0.34065
625.54721	0.33761
625.78827	0.33455
626.02933	0.33150
626.27039	0.32847
626.51144	0.32547
626.75250	0.32251
626.99356	0.31958
627.23462	0.31668
627.47568	0.31376
627.71674	0.31080
627.95780	0.30777
628.19885	0.30463
628.43991	0.30135
628.68097	0.29790
628.92203	0.29428
629.16309	0.29049
629.40415	0.28655
629.64521	0.28251
629.88626	0.27842
630.12732	0.27437
630.36838	0.27044
630.60944	0.26671
630.85050	0.26325
631.09156	0.26014
631.33262	0.25744
631.57368	0.25517
631.81473	0.25335
632.05579	0.25197
632.29685	0.25099
632.53791	0.25036
632.77897	0.25001
633.02003	0.24987
633.26109	0.24986
633.50214	0.24991
633.74320	0.24994
633.98426	0.24990
634.22532	0.24974
634.46638	0.24942
634.70744	0.24893
634.94850	0.24827
635.18956	0.24744
635.43061	0.24648
635.67167	0.24539
635.91273	0.24422
636.15379	0.24299
636.39485	0.24173
636.63591	0.24046
636.87697	0.23921
637.11802	0.23797
637.35908	0.23676
637.60014	0.23558
637.84120	0.23442
638.08226	0.23327
638.32332	0.23213
638.56438	0.23099
638.80544	0.22984
639.04649	0.22868
639.28755	0.22748
639.52861	0.22625
639.76967	0.22499
640.01073	0.22367
640.25179	0.22230
640.49285	0.22085
640.73390	0.21933
640.97496	0.21772
641.21602	0.21602
641.45708	0.21423
641.69814	0.21234
641.93920	0.21039
642.18026	0.20837
642.42132	0.20633
642.66237	0.20427
642.90343	0.20224
643.14449	0.20025
643.38555	0.19834
643.62661	0.19653
643.86767	0.19483
644.10873	0.19326
644.34978	0.19184
644.59084	0.19056
644.83190	0.18944
645.07296	0.18847
645.31402	0.18764
645.55508	0.18693
645.79614	0.18633
646.03719	0.18582
646.27825	0.18535
646.51931	0.18491
646.76037	0.18447
647.00143	0.18401
647.24249	0.18351
647.48355	0.18294
647.72461	0.18232
647.96566	0.18162
648.20672	0.18085
648.44778	0.18001
648.68884	0.17910
648.92990	0.17812
649.17096	0.17707
649.41202	0.17597
649.65307	0.17481
649.89413	0.17360
650.13519	0.17235
650.37625	0.17107
650.61731	0.16978
650.85837	0.16848
651.09943	0.16718
651.34049	0.16589
651.58154	0.16461
651.82260	0.16336
652.06366	0.16212
652.30472	0.16091
652.54578	0.15972
652.78684	0.15855
653.02790	0.15738
653.26895	0.15623
653.51001	0.15506
653.75107	0.15387
653.99213	0.15265
654.23319	0.15139
654.47425	0.15006
654.71531	0.14866
654.95637	0.14716
655.19742	0.14556
655.43848	0.14385
655.67954	0.14202
655.92060	0.14006
656.16166	0.13796
656.40272	0.13573
656.64378	0.13338
656.88483	0.13090
657.12589	0.12831
657.36695	0.12563
657.60801	0.12288
657.84907	0.12012
658.09013	0.11736
658.33119	0.11466
658.57224	0.11207
658.81330	0.10964
659.05436	0.10742
659.29542	0.10547
659.53648	0.10380
659.77754	0.10246
660.01860	0.10145
660.25966	0.10076
660.50071	0.10037
660.74177	0.10025
660.98283	0.10033
661.22389	0.10056
661.46495	0.10089
661.70601	0.10126
661.94707	0.10161
662.18812	0.10190
662.42918	0.10211
662.67024	0.10220
662.91130	0.10216
663.15236	0.10201
663.39342	0.10172
663.63448	0.10133
663.87554	0.10083
664.11659	0.10023
664.35765	0.09955
664.59871	0.09879
664.83977	0.09796
665.08083	0.09708
665.32189	0.09615
665.56295	0.09517
665.80400	0.09416
666.04506	0.09312
666.28612	0.09205
666.52718	0.09096
666.76824	0.08987
667.00930	0.08877
667.25036	0.08767
667.49142	0.08657
667.73247	0.08547
667.97353	0.08436
668.21459	0.08326
668.45565	0.08214
668.69671	0.08101
668.93777	0.07986
669.17883	0.07870
669.41988	0.07753
669.66094	0.07635
669.90200	0.07517
670.14306	0.07399
670.38412	0.07282
670.62518	0.07167
670.86624	0.07053
671.10729	0.06941
671.34835	0.06831
671.58941	0.06722
671.83047	0.06613
672.07153	0.06506
672.31259	0.06399
672.55365	0.06293
672.79471	0.06187
673.03576	0.06082
673.27682	0.05978
673.51788	0.05874
673.75894	0.05771
674.00000	0.05670
674.24106	0.05569
674.48212	0.05469
674.72317	0.05370
674.96423	0.05272
675.20529	0.05174
675.44635	0.05077
675.68741	0.04979
675.92847	0.04881
676.16953	0.04782
676.41059	0.04682
676.65164	0.04581
676.89270	0.04479
677.13376	0.04375
677.37482	0.04272
677.61588	0.04169
677.85694	0.04067
678.09800	0.03967
678.33905	0.03870
678.58011	0.03776
678.82117	0.03685
679.06223	0.03598
679.30329	0.03514
679.54435	0.03434
679.78541	0.03357
680.02647	0.03282
680.26752	0.03209
680.50858	0.03138
680.74964	0.03068
680.99070	0.02999
681.23176	0.02932
681.47282	0.02865
681.71388	0.02801
681.95493	0.02737
682.19599	0.02675
682.43705	0.02615
682.67811	0.02556
682.91917	0.02499
683.16023	0.02443
683.40129	0.02388
683.64234	0.02334
683.88340	0.02280
684.12446	0.02228
684.36552	0.02175
684.60658	0.02124
684.84764	0.02073
685.08870	0.02023
685.32976	0.01974
685.57081	0.01927
685.81187	0.01882
686.05293	0.01839
686.29399	0.01798
686.53505	0.01759
686.77611	0.01723
687.01717	0.01688
687.25822	0.01656
687.49928	0.01625
687.74034	0.01595
687.98140	0.01567
688.22246	0.01539
688.46352	0.01513
688.70458	0.01486
688.94564	0.01460
689.18669	0.01434
689.42775	0.01408
689.66881	0.01383
689.90987	0.01358
690.15093	0.01335
690.39199	0.01312
690.63305	0.01291
690.87410	0.01271
691.11516	0.01253
691.35622	0.01237
691.59728	0.01223
691.83834	0.01209
692.07940	0.01195
692.32046	0.01182
692.56152	0.01169
692.80257	0.01155
693.04363	0.01140
693.28469	0.01124
693.52575	0.01107
693.76681	0.01090
694.00787	0.01071
694.24893	0.01051
694.48998	0.01031
694.73104	0.01010
694.97210	0.00988
695.21316	0.00965
695.45422	0.00942
695.69528	0.00919
695.93634	0.00895
696.17740	0.00871
696.41845	0.00848
696.65951	0.00825
696.90057	0.00802
697.14163	0.00779
697.38269	0.00756
697.62375	0.00734
697.86481	0.00710
698.10586	0.00687
698.34692	0.00663
698.58798	0.00639
698.82904	0.00615
699.07010	0.00592
699.31116	0.00569
699.55222	0.00547
699.79327	0.00526
700.03433	0.00507
700.27539	0.00488
700.51645	0.00470
700.75751	0.00453
700.99857	0.00438
701.23963	0.00423
701.48069	0.00409
701.72174	0.00397
701.96280	0.00386
702.20386	0.00376
702.44492	0.00368
702.68598	0.00362
702.92704	0.00357
703.16810	0.00354
703.40915	0.00352
703.65021	0.00351
703.89127	0.00352
704.13233	0.00353
704.37339	0.00355
704.61445	0.00357
704.85551	0.00358
705.09657	0.00359
705.33762	0.00360
705.57868	0.00359
705.81974	0.00357
706.06080	0.00354
706.30186	0.00352
706.54292	0.00349
706.78398	0.00346
707.02503	0.00345
707.26609	0.00344
707.50715	0.00344
707.74821	0.00346
707.98927	0.00347
708.23033	0.00350
708.47139	0.00352
708.71245	0.00353
708.95350	0.00354
709.19456	0.00354
709.43562	0.00353
709.67668	0.00351
709.91774	0.00348
710.15880	0.00344
710.39986	0.00340
710.64091	0.00336
710.88197	0.00332
711.12303	0.00329
711.36409	0.00327
711.60515	0.00325
711.84621	0.00325
712.08727	0.00326
712.32832	0.00327
712.56938	0.00329
712.81044	0.00331
713.05150	0.00332
713.29256	0.00334
713.53362	0.00335
713.77468	0.00335
714.01574	0.00335
714.25679	0.00335
714.49785	0.00334
714.73891	0.00333
714.97997	0.00332
715.22103	0.00330
715.46209	0.00329
715.70315	0.00327
715.94420	0.00325
716.18526	0.00324
716.42632	0.00322
716.66738	0.00320
716.90844	0.00318
717.14950	0.00316
717.39056	0.00315
717.63162	0.00313
717.87267	0.00312
718.11373	0.00312
718.35479	0.00311
718.59585	0.00311
718.83691	0.00311
719.07797	0.00310
719.31903	0.00310
719.56008	0.00310
719.80114	0.00310
720.04220	0.00309
720.28326	0.00309
720.52432	0.00309
720.76538	0.00308
721.00644	0.00308
721.24750	0.00307
721.48855	0.00306
721.72961	0.00304
721.97067	0.00303
722.21173	0.00301
722.45279	0.00300
722.69385	0.00298
722.93491	0.00297
723.17596	0.00295
723.41702	0.00294
723.65808	0.00292
723.89914	0.00291
724.14020	0.00290
724.38126	0.00288
724.62232	0.00288
724.86337	0.00287
725.10443	0.00287
725.34549	0.00288
725.58655	0.00289
725.82761	0.00290
726.06867	0.00292
726.30973	0.00293
726.55079	0.00294
726.79184	0.00295
727.03290	0.00295
727.27396	0.00294
727.51502	0.00292
727.75608	0.00291
727.99714	0.00289
728.23820	0.00287
728.47925	0.00285
728.72031	0.00283
728.96137	0.00281
729.20243	0.00279
729.44349	0.00277
729.68455	0.00276
729.92561	0.00275
730.16667	0.00274
730.40772	0.00275
730.64878	0.00276
730.88984	0.00278
731.13090	0.00281
731.37196	0.00284
731.61302	0.00287
731.85408	0.00289
732.09513	0.00290
732.33619	0.00289
732.57725	0.00287
732.81831	0.00284
733.05937	0.00279
733.30043	0.00273
733.54149	0.00268
733.78255	0.00263
734.02360	0.00259
734.26466	0.00257
734.50572	0.00256
734.74678	0.00256
734.98784	0.00257
735.22890	0.00260
735.46996	0.00262
735.71101	0.00265
735.95207	0.00267
736.19313	0.00270
736.43419	0.00271
736.67525	0.00273
736.91631	0.00274
737.15737	0.00276
737.39842	0.00277
737.63948	0.00278
737.88054	0.00279
738.12160	0.00279
738.36266	0.00279
738.60372	0.00278
738.84478	0.00277
739.08584	0.00276
739.32689	0.00274
739.56795	0.00273
739.80901	0.00272
740.05007	0.00272
740.29113	0.00272
740.53219	0.00272
740.77325	0.00273
741.01430	0.00274
741.25536	0.00274
741.49642	0.00274
741.73748	0.00274
741.97854	0.00273
742.21960	0.00273
742.46066	0.00273
742.70172	0.00273
742.94277	0.00273
743.18383	0.00273
743.42489	0.00273
743.66595	0.00272
743.90701	0.00271
744.14807	0.00269
744.38913	0.00268
744.63018	0.00266
744.87124	0.00264
745.11230	0.00262
745.35336	0.00262
745.59442	0.00261
745.83548	0.00261
746.07654	0.00262
746.31760	0.00263
746.55865	0.00265
746.79971	0.00268
747.04077	0.00271
747.28183	0.00275
747.52289	0.00280
747.76395	0.00286
748.00501	0.00293
748.24606	0.00301
748.48712	0.00309
748.72818	0.00318
748.96924	0.00326
749.21030	0.00334
749.45136	0.00341
749.69242	0.00347
749.93348	0.00352
750.17453	0.00356
750.41559	0.00360
750.65665	0.00363
750.89771	0.00367
751.13877	0.00371
751.37983	0.00377
751.62089	0.00383
751.86194	0.00391
752.10300	0.00400
752.34406	0.00409
752.58512	0.00418
752.82618	0.00428
753.06724	0.00438
753.30830	0.00448
753.54935	0.00458
753.79041	0.00467
754.03147	0.00478
754.27253	0.00489
754.51359	0.00500
754.75465	0.00513
754.99571	0.00527
755.23677	0.00541
755.47782	0.00556
755.71888	0.00572
755.95994	0.00588
756.20100	0.00604
756.44206	0.00620
756.68312	0.00635
756.92418	0.00651
757.16523	0.00666
757.40629	0.00680
757.64735	0.00694
757.88841	0.00708
758.12947	0.00722
758.37053	0.00736
758.61159	0.00751
758.85265	0.00765
759.09370	0.00780
759.33476	0.00796
759.57582	0.00811
759.81688	0.00825
760.05794	0.00839
760.29900	0.00852
760.54006	0.00864
760.78111	0.00875
761.02217	0.00885
761.26323	0.00894
761.50429	0.00903
761.74535	0.00911
761.98641	0.00919
762.22747	0.00927
762.46853	0.00936
762.70958	0.00944
762.95064	0.00952
763.19170	0.00960
763.43276	0.00968
763.67382	0.00975
763.91488	0.00982
764.15594	0.00988
764.39699	0.00994
764.63805	0.01000
764.87911	0.01006
765.12017	0.01011
765.36123	0.01017
765.60229	0.01022
765.84335	0.01028
766.08440	0.01033
766.32546	0.01039
766.56652	0.01044
766.80758	0.01050
767.04864	0.01055
767.28970	0.01060
767.53076	0.01065
767.77182	0.01069
768.01287	0.01072
768.25393	0.01075
768.49499	0.01077
768.73605	0.01079
768.97711	0.01081
769.21817	0.01082
769.45923	0.01084
769.70028	0.01087
769.94134	0.01091
770.18240	0.01096
770.42346	0.01103
770.66452	0.01110
770.90558	0.01119
771.14664	0.01129
771.38770	0.01140
771.62875	0.01151
771.86981	0.01162
772.11087	0.01173
772.35193	0.01185
772.59299	0.01196
772.83405	0.01208
773.07511	0.01220
773.31616	0.01233
773.55722	0.01247
773.79828	0.01262
774.03934	0.01277
774.28040	0.01294
774.52146	0.01311
774.76252	0.01328
775.00358	0.01345
775.24463	0.01362
775.48569	0.01379
775.72675	0.01395
775.96781	0.01411
776.20887	0.01427
776.44993	0.01442
776.69099	0.01457
776.93204	0.01472
777.17310	0.01488
777.41416	0.01504
777.65522	0.01520
777.89628	0.01536
778.13734	0.01552
778.37840	0.01569
778.61945	0.01585
778.86051	0.01600
779.10157	0.01615
779.34263	0.01629
779.58369	0.01642
779.82475	0.01654
780.06581	0.01665
780.30687	0.01675
780.54792	0.01684
780.78898	0.01692
781.03004	0.01699
781.27110	0.01707
781.51216	0.01714
781.75322	0.01722
781.99428	0.01730
782.23533	0.01738
782.47639	0.01747
782.71745	0.01756
782.95851	0.01766
783.19957	0.01776
783.44063	0.01785
783.68169	0.01793
783.92275	0.01801
784.16380	0.01806
784.40486	0.01810
784.64592	0.01811
784.88698	0.01810
785.12804	0.01807
785.36910	0.01802
785.61016	0.01795
785.85121	0.01787
786.09227	0.01778
786.33333	0.01769
786.57439	0.01759
786.81545	0.01750
787.05651	0.01742
787.29757	0.01733
787.53863	0.01725
787.77968	0.01715
788.02074	0.01706
788.26180	0.01694
788.50286	0.01681
788.74392	0.01665
788.98498	0.01647
789.22604	0.01626
789.46709	0.01603
789.70815	0.01579
789.94921	0.01553
790.19027	0.01526
790.43133	0.01500
790.67239	0.01476
790.91345	0.01453
791.15451	0.01433
791.39556	0.01415
791.63662	0.01400
791.87768	0.01387
792.11874	0.01376
792.35980	0.01367
792.60086	0.01358
792.84192	0.01351
793.08297	0.01343
793.32403	0.01336
793.56509	0.01329
793.80615	0.01323
794.04721	0.01317
794.28827	0.01312
794.52933	0.01309
794.77038	0.01306
795.01144	0.01305
795.25250	0.01304
795.49356	0.01304
795.73462	0.01305
795.97568	0.01307
796.21674	0.01309
796.45780	0.01311
796.69885	0.01313
796.93991	0.01316
797.18097	0.01318
797.42203	0.01321
797.66309	0.01324
797.90415	0.01326
798.14521	0.01328
798.38626	0.01329
798.62732	0.01329
798.86838	0.01328
799.10944	0.01327
799.35050	0.01324
799.59156	0.01321
799.83262	0.01318
800.07368	0.01315
800.31473	0.01313
800.55579	0.01311
800.79685	0.01311
801.03791	0.01311
801.27897	0.01313
801.52003	0.01314
801.76109	0.01316
802.00214	0.01317
802.24320	0.01316
802.48426	0.01315
802.72532	0.01311
802.96638	0.01305
803.20744	0.01298
803.44850	0.01290
803.68956	0.01281
803.93061	0.01271
804.17167	0.01261
804.41273	0.01251
804.65379	0.01241
804.89485	0.01231
805.13591	0.01219
805.37697	0.01207
805.61802	0.01193
805.85908	0.01177
806.10014	0.01160
806.34120	0.01141
806.58226	0.01122
806.82332	0.01103
807.06438	0.01084
807.30543	0.01066
807.54649	0.01050
807.78755	0.01037
808.02861	0.01027
808.26967	0.01020
808.51073	0.01018
808.75179	0.01020
808.99285	0.01026
809.23390	0.01036
809.47496	0.01050
809.71602	0.01067
809.95708	0.01087
810.19814	0.01109
810.43920	0.01133
810.68026	0.01159
810.92131	0.01186
811.16237	0.01213
811.40343	0.01242
811.64449	0.01270
811.88555	0.01298
812.12661	0.01326
812.36767	0.01353
812.60873	0.01379
812.84978	0.01403
813.09084	0.01425
813.33190	0.01446
813.57296	0.01464
813.81402	0.01480
814.05508	0.01495
814.29614	0.01508
814.53719	0.01521
814.77825	0.01533
815.01931	0.01544
815.26037	0.01556
815.50143	0.01567
815.74249	0.01579
815.98355	0.01591
816.22461	0.01602
816.46566	0.01613
816.70672	0.01622
816.94778	0.01631
817.18884	0.01638
817.42990	0.01644
817.67096	0.01648
817.91202	0.01651
818.15307	0.01653
818.39413	0.01653
818.63519	0.01653
818.87625	0.01653
819.11731	0.01652
819.35837	0.01650
819.59943	0.01648
819.84048	0.01645
820.08154	0.01642
820.32260	0.01639
820.56366	0.01635
820.80472	0.01631
821.04578	0.01627
821.28684	0.01623
821.52790	0.01619
821.76895	0.01614
822.01001	0.01610
822.25107	0.01605
822.49213	0.01600
822.73319	0.01595
822.97425	0.01590
823.21531	0.01584
823.45636	0.01578
823.69742	0.01572
823.93848	0.01567
824.17954	0.01561
824.42060	0.01556
824.66166	0.01551
824.90272	0.01546
825.14378	0.01541
825.38483	0.01536
825.62589	0.01530
825.86695	0.01523
826.10801	0.01515
826.34907	0.01506
826.59013	0.01496
826.83119	0.01485
827.07224	0.01472
827.31330	0.01458
827.55436	0.01444
827.79542	0.01429
828.03648	0.01414
828.27754	0.01399
828.51860	0.01384
828.75966	0.01370
829.00071	0.01357
829.24177	0.01344
829.48283	0.01333
829.72389	0.01321
829.96495	0.01311
830.20601	0.01300
830.44707	0.01289
830.68812	0.01277
830.92918	0.01265
831.17024	0.01252
831.41130	0.01239
831.65236	0.01225
831.89342	0.01210
832.13448	0.01195
832.37553	0.01179
832.61659	0.01162
832.85765	0.01144
833.09871	0.01124
833.33977	0.01103
833.58083	0.01080
833.82189	0.01055
834.06295	0.01028
834.30400	0.00999
834.54506	0.00968
834.78612	0.00936
835.02718	0.00902
835.26824	0.00866
835.50930	0.00830
835.75036	0.00792
835.99141	0.00752
836.23247	0.00712
836.47353	0.00671
836.71459	0.00629
836.95565	0.00586
837.19671	0.00544
837.43777	0.00502
837.67883	0.00461
837.91988	0.00422
838.16094	0.00386
838.40200	0.00353
838.64306	0.00324
838.88412	0.00298
839.12518	0.00276
839.36624	0.00257
839.60729	0.00243
839.84835	0.00231
840.08941	0.00223
840.33047	0.00217
840.57153	0.00214
840.81259	0.00213
841.05365	0.00213
841.29471	0.00216
841.53576	0.00221
841.77682	0.00227
842.01788	0.00234
842.25894	0.00242
842.50000	0.00252
842.74106	0.00261
842.98212	0.00271
843.22317	0.00281
843.46423	0.00291
843.70529	0.00301
843.94635	0.00310
844.18741	0.00320
844.42847	0.00330
844.66953	0.00339
844.91059	0.00349
845.15164	0.00359
845.39270	0.00369
845.63376	0.00379
845.87482	0.00389
846.11588	0.00398
846.35694	0.00408
846.59800	0.00416
846.83905	0.00425
847.08011	0.00432
847.32117	0.00439
847.56223	0.00446
847.80329	0.00452
848.04435	0.00458
848.28541	0.00463
848.52646	0.00468
848.76752	0.00472
849.00858	0.00476
849.24964	0.00480
849.49070	0.00483
849.73176	0.00487
849.97282	0.00490
850.21388	0.00492
850.45493	0.00495
850.69599	0.00498
850.93705	0.00501
851.17811	0.00505
851.41917	0.00509
851.66023	0.00513
851.90129	0.00519
852.14234	0.00525
852.38340	0.00532
852.62446	0.00539
852.86552	0.00546
853.10658	0.00554
853.34764	0.00562
853.58870	0.00569
853.82976	0.00576
854.07081	0.00583
854.31187	0.00590
854.55293	0.00596
854.79399	0.00602
855.03505	0.00608
855.27611	0.00614
855.51717	0.00620
855.75822	0.00626
855.99928	0.00632
856.24034	0.00637
856.48140	0.00642
856.72246	0.00647
856.96352	0.00651
857.20458	0.00654
857.44564	0.00656
857.68669	0.00658
857.92775	0.00659
858.16881	0.00659
858.40987	0.00659
858.65093	0.00660
858.89199	0.00660
859.13305	0.00661
859.37410	0.00663
859.61516	0.00666
859.85622	0.00669
860.09728	0.00672
860.33834	0.00675
860.57940	0.00678
860.82046	0.00679
861.06151	0.00679
861.30257	0.00677
861.54363	0.00674
861.78469	0.00670
862.02575	0.00665
862.26681	0.00658
862.50787	0.00652
862.74893	0.00645
862.98998	0.00638
863.23104	0.00631
863.47210	0.00624
863.71316	0.00617
863.95422	0.00609
864.19528	0.00601
864.43634	0.00593
864.67739	0.00585
864.91845	0.00576
865.15951	0.00568
865.40057	0.00560
865.64163	0.00552
865.88269	0.00545
866.12375	0.00538
866.36481	0.00532
866.60586	0.00525
866.84692	0.00519
867.08798	0.00512
867.32904	0.00506
867.57010	0.00498
867.81116	0.00491
868.05222	0.00482
868.29327	0.00472
868.53433	0.00462
868.77539	0.00451
869.01645	0.00440
869.25751	0.00428
869.49857	0.00417
869.73963	0.00406
869.98069	0.00397
870.22174	0.00388
870.46280	0.00382
870.70386	0.00377
870.94492	0.00375
871.18598	0.00376
871.42704	0.00378
871.66810	0.00384
871.90915	0.00391
872.15021	0.00400
872.39127	0.00411
872.63233	0.00423
872.87339	0.00435
873.11445	0.00449
873.35551	0.00463
873.59656	0.00477
873.83762	0.00489
874.07868	0.00502
874.31974	0.00513
874.56080	0.00523
874.80186	0.00532
875.04292	0.00539
875.28398	0.00545
875.52503	0.00549
875.76609	0.00553
876.00715	0.00555
876.24821	0.00556
876.48927	0.00555
876.73033	0.00554
876.97139	0.00552
877.21244	0.00550
877.45350	0.00546
877.69456	0.00543
877.93562	0.00539
878.17668	0.00534
878.41774	0.00530
878.65880	0.00526
878.89986	0.00521
879.14091	0.00516
879.38197	0.00510
879.62303	0.00504
879.86409	0.00497
880.10515	0.00490
880.34621	0.00482
880.58727	0.00474
880.82832	0.00465
881.06938	0.00457
881.31044	0.00449
881.55150	0.00441
881.79256	0.00433
882.03362	0.00425
882.27468	0.00418
882.51574	0.00411
882.75679	0.00404
882.99785	0.00398
883.23891	0.00391
883.47997	0.00385
883.72103	0.00379
883.96209	0.00373
884.20315	0.00367
884.44420	0.00360
884.68526	0.00353
884.92632	0.00346
885.16738	0.00338
885.40844	0.00330
885.64950	0.00321
885.89056	0.00312
886.13161	0.00302
886.37267	0.00293
886.61373	0.00284
886.85479	0.00275
887.09585	0.00267
887.33691	0.00259
887.57797	0.00253
887.81903	0.00247
888.06008	0.00241
888.30114	0.00237
888.54220	0.00233
888.78326	0.00228
889.02432	0.00224
889.26538	0.00220
889.50644	0.00215
889.74749	0.00210
889.98855	0.00205
890.22961	0.00200
890.47067	0.00194
890.71173	0.00189
890.95279	0.00183
891.19385	0.00179
891.43491	0.00175
891.67596	0.00171
891.91702	0.00168
892.15808	0.00166
892.39914	0.00164
892.64020	0.00162
892.88126	0.00161
893.12232	0.00159
893.36337	0.00157
893.60443	0.00155
893.84549	0.00152
894.08655	0.00148
894.32761	0.00143
894.56867	0.00138
894.80973	0.00132
895.05079	0.00125
895.29184	0.00118
895.53290	0.00112
895.77396	0.00105
896.01502	0.00099
896.25608	0.00094
896.49714	0.00088
896.73820	0.00083
896.97925	0.00076
897.22031	0.00069
897.46137	0.00064
897.70243	0.00063
897.94349	0.00064
898.18455	0.00068
898.42561	0.00073
898.66667	0.00076
898.90772	0.00076
899.14878	0.00076
899.38984	0.00076
899.63090	0.00076
