0.00000	-0.00239
0.24106	-0.00223
0.48212	-0.00172
0.72318	-0.00084
0.96423	0.00043
1.20529	0.00210
1.44635	0.00413
1.68741	0.00644
1.92847	0.00887
2.16953	0.01134
2.41059	0.01359
2.65165	0.01549
2.89270	0.01693
3.13376	0.01791
3.37482	0.01848
3.61588	0.01873
3.85694	0.01878
4.09800	0.01874
4.33906	0.01870
4.58011	0.01872
4.82117	0.01880
5.06223	0.01892
5.30329	0.01906
5.54435	0.01917
5.78541	0.01922
6.02647	0.01919
6.26753	0.01909
6.50858	0.01893
6.74964	0.01871
6.99070	0.01846
7.23176	0.01821
7.47282	0.01797
7.71388	0.01777
7.95494	0.01761
8.19599	0.01750
8.43705	0.01743
8.67811	0.01738
8.91917	0.01734
9.16023	0.01729
9.40129	0.01724
9.64235	0.01717
9.88340	0.01710
10.12446	0.01707
10.36552	0.01710
10.60658	0.01724
10.84764	0.01750
11.08870	0.01788
11.32976	0.01837
11.57082	0.01891
11.81187	0.01946
12.05293	0.01992
12.29399	0.02023
12.53505	0.02030
12.77611	0.02009
13.01717	0.01960
13.25823	0.01885
13.49928	0.01789
13.74034	0.01673
13.98140	0.01555
14.22246	0.01448
14.46352	0.01362
14.70458	0.01302
14.94564	0.01271
15.18670	0.01268
15.42775	0.01288
15.66881	0.01322
15.90987	0.01363
16.15093	0.01402
16.39199	0.01432
16.63305	0.01448
16.87411	0.01447
17.11516	0.01427
17.35622	0.01389
17.59728	0.01327
17.83834	0.01251
18.07940	0.01162
18.32046	0.01062
18.56152	0.00954
18.80258	0.00840
19.04363	0.00725
19.28469	0.00612
19.52575	0.00474
19.76681	0.00342
20.00787	0.00237
20.24893	0.00174
20.48999	0.00164
20.73104	0.00208
20.97210	0.00299
21.21316	0.00422
21.45422	0.00600
21.69528	0.00802
21.93634	0.01022
22.17740	0.01254
22.41845	0.01491
22.65951	0.01723
22.90057	0.01946
23.14163	0.02154
23.38269	0.02344
23.62375	0.02516
23.86481	0.02672
24.10587	0.02817
24.34692	0.02957
24.58798	0.03099
24.82904	0.03245
25.07010	0.03398
25.31116	0.03559
25.55222	0.03726
25.79328	0.03898
26.03433	0.04069
26.27539	0.04237
26.51645	0.04399
26.75751	0.04553
26.99857	0.04701
27.23963	0.04846
27.48069	0.04995
27.72175	0.05157
27.96280	0.05343
28.20386	0.05562
28.44492	0.05824
28.68598	0.06134
28.92704	0.06492
29.16810	0.06896
29.40916	0.07338
29.65021	0.07806
29.89127	0.08291
30.13233	0.08782
30.37339	0.09271
30.61445	0.09754
30.85551	0.10228
31.09657	0.10691
31.33763	0.11141
31.57868	0.11571
31.81974	0.11976
32.06080	0.12344
32.30186	0.12667
32.54292	0.12937
32.78398	0.13155
33.02504	0.13324
33.26609	0.13460
33.50715	0.13584
33.74821	0.13724
33.98927	0.13905
34.23033	0.14155
34.47139	0.14492
34.71245	0.14926
34.95350	0.15457
35.19456	0.16078
35.43562	0.16778
35.67668	0.17543
35.91774	0.18368
36.15880	0.19253
36.39986	0.20210
36.64092	0.21259
36.88197	0.22425
37.12303	0.23730
37.36409	0.25188
37.60515	0.26792
37.84621	0.28514
38.08727	0.30300
38.32833	0.32078
38.56938	0.33760
38.81044	0.35259
39.05150	0.36498
39.29256	0.37427
39.53362	0.38027
39.77468	0.38317
40.01574	0.38350
40.25680	0.38205
40.49785	0.37977
40.73891	0.37757
40.97997	0.37630
41.22103	0.37653
41.46209	0.37859
41.70315	0.38254
41.94421	0.38823
42.18526	0.39535
42.42632	0.40359
42.66738	0.41264
42.90844	0.42230
43.14950	0.43248
43.39056	0.44318
43.63162	0.45443
43.87268	0.46624
44.11373	0.47848
44.35479	0.49091
44.59585	0.50311
44.83691	0.51452
45.07797	0.52451
45.31903	0.53249
45.56009	0.53800
45.80114	0.54081
46.04220	0.54099
46.28326	0.53896
46.52432	0.53542
46.76538	0.53133
47.00644	0.52775
47.24750	0.52574
47.48855	0.52620
47.72961	0.52981
47.97067	0.53691
48.21173	0.54758
48.45279	0.56161
48.69385	0.57864
48.93491	0.59826
49.17597	0.62017
49.41702	0.64421
49.65808	0.67043
49.89914	0.69908
50.14020	0.73050
50.38126	0.76498
50.62232	0.80266
50.86338	0.84333
51.10443	0.88637
51.34549	0.93072
51.58655	0.97497
51.82761	1.01750
52.06867	1.05672
52.30973	1.09128
52.55079	1.12026
52.79185	1.14336
53.03290	1.16089
53.27396	1.17369
53.51502	1.18297
53.75608	1.19009
53.99714	1.19629
54.23820	1.20248
54.47926	1.20921
54.72031	1.21658
54.96137	1.22442
55.20243	1.23246
55.44349	1.24053
55.68455	1.24879
55.92561	1.25785
56.16667	1.26871
56.40773	1.28270
56.64878	1.30119
56.88984	1.32532
57.13090	1.35570
57.37196	1.39223
57.61302	1.43395
57.85408	1.47912
58.09514	1.52546
58.33619	1.57042
58.57725	1.61161
58.81831	1.64711
59.05937	1.67573
59.30043	1.69717
59.54149	1.71193
59.78255	1.72118
60.02361	1.72638
60.26466	1.72902
60.50572	1.73028
60.74678	1.73082
60.98784	1.73075
61.22890	1.72963
61.46996	1.72676
61.71102	1.72140
61.95207	1.71312
62.19313	1.70199
62.43419	1.68874
62.67525	1.67475
62.91631	1.66188
63.15737	1.65222
63.39843	1.64773
63.63948	1.64991
63.88054	1.65953
64.12160	1.67649
64.36266	1.69978
64.60372	1.72767
64.84478	1.75797
65.08584	1.78835
65.32690	1.81670
65.56795	1.84142
65.80901	1.86154
66.05007	1.87679
66.29113	1.88742
66.53219	1.89403
66.77325	1.89727
67.01431	1.89756
67.25536	1.89498
67.49642	1.88915
67.73748	1.87933
67.97854	1.86461
68.21960	1.84414
68.46066	1.81746
68.70172	1.78465
68.94278	1.74647
69.18383	1.70434
69.42489	1.66021
69.66595	1.61630
69.90701	1.57482
70.14807	1.53767
70.38913	1.50620
70.63019	1.48112
70.87124	1.46245
71.11230	1.44967
71.35336	1.44192
71.59442	1.43823
71.83548	1.43775
72.07654	1.43993
72.31760	1.44462
72.55866	1.45196
72.79971	1.46231
73.04077	1.47601
73.28183	1.49313
73.52289	1.51331
73.76395	1.53560
74.00501	1.55850
74.24607	1.58008
74.48712	1.59817
74.72818	1.61071
74.96924	1.61608
75.21030	1.61331
75.45136	1.60235
75.69242	1.58405
75.93348	1.56013
76.17453	1.53292
76.41559	1.50514
76.65665	1.47949
76.89771	1.45841
77.13877	1.44378
77.37983	1.43680
77.62089	1.43796
77.86195	1.44709
78.10300	1.46355
78.34406	1.48646
78.58512	1.51484
78.82618	1.54786
79.06724	1.58488
79.30830	1.62546
79.54936	1.66926
79.79041	1.71587
80.03147	1.76465
80.27253	1.81456
80.51359	1.86409
80.75465	1.91129
80.99571	1.95396
81.23677	1.98990
81.47783	2.01724
81.71888	2.03474
81.95994	2.04204
82.20100	2.03978
82.44206	2.02954
82.68312	2.01362
82.92418	1.99475
83.16524	1.97566
83.40629	1.95873
83.64735	1.94566
83.88841	1.93735
84.12947	1.93392
84.37053	1.93483
84.61159	1.93921
84.85265	1.94619
85.09371	1.95519
85.33476	1.96615
85.57582	1.97958
85.81688	1.99649
86.05794	2.01809
86.29900	2.04550
86.54006	2.07931
86.78112	2.11933
87.02217	2.16436
87.26323	2.21223
87.50429	2.26000
87.74535	2.30432
87.98641	2.34198
88.22747	2.37033
88.46853	2.38777
88.70958	2.39395
88.95064	2.38979
89.19170	2.37730
89.43276	2.35915
89.67382	2.33822
89.91488	2.31706
90.15594	2.29754
90.39700	2.28062
90.63805	2.26637
90.87911	2.25415
91.12017	2.24300
91.36123	2.23203
91.60229	2.22080
91.84335	2.20962
92.08441	2.19954
92.32546	2.19232
92.56652	2.19004
92.80758	2.19471
93.04864	2.20783
93.28970	2.23003
93.53076	2.26077
93.77182	2.29837
94.01288	2.34015
94.25393	2.38282
94.49499	2.42292
94.73605	2.45734
94.97711	2.48378
95.21817	2.50101
95.45923	2.50900
95.70029	2.50877
95.94134	2.50211
96.18240	2.49112
96.42346	2.47782
96.66452	2.46372
96.90558	2.44961
97.14664	2.43548
97.38770	2.42074
97.62876	2.40443
97.86981	2.38566
98.11087	2.36399
98.35193	2.33966
98.59299	2.31375
98.83405	2.28813
99.07511	2.26516
99.31617	2.24738
99.55722	2.23702
99.79828	2.23568
100.03934	2.24397
100.28040	2.26147
100.52146	2.28672
100.76252	2.31755
101.00358	2.35140
101.24464	2.38573
101.48569	2.41843
101.72675	2.44811
101.96781	2.47415
102.20887	2.49670
102.44993	2.51642
102.69099	2.53419
102.93205	2.55073
103.17310	2.56634
103.41416	2.58070
103.65522	2.59288
103.89628	2.60149
104.13734	2.60500
104.37840	2.60208
104.61946	2.59202
104.86051	2.57490
105.10157	2.55182
105.34263	2.52475
105.58369	2.49635
105.82475	2.46954
106.06581	2.44713
106.30687	2.43140
106.54793	2.42375
106.78898	2.42462
107.03004	2.43349
107.27110	2.44907
107.51216	2.46973
107.75322	2.49379
107.99428	2.51993
108.23534	2.54745
108.47639	2.57634
108.71745	2.60715
108.95851	2.64078
109.19957	2.67807
109.44063	2.71941
109.68169	2.76443
109.92275	2.81183
110.16381	2.85940
110.40486	2.90428
110.64592	2.94336
110.88698	2.97381
111.12804	2.99352
111.36910	3.00153
111.61016	2.99820
111.85122	2.98513
112.09227	2.96495
112.33333	2.94084
112.57439	2.91603
112.81545	2.89332
113.05651	2.87471
113.29757	2.86121
113.53863	2.85290
113.77969	2.84912
114.02074	2.84884
114.26180	2.85109
114.50286	2.85527
114.74392	2.86146
114.98498	2.87043
115.22604	2.88354
115.46710	2.90242
115.70815	2.92859
115.94921	2.96300
116.19027	3.00568
116.43133	3.05552
116.67239	3.11026
116.91345	3.16668
117.15451	3.22105
117.39556	3.26961
117.63662	3.30915
117.87768	3.33745
118.11874	3.35363
118.35980	3.35819
118.60086	3.35283
118.84192	3.34009
119.08298	3.32286
119.32403	3.30383
119.56509	3.28510
119.80615	3.26788
120.04721	3.25243
120.28827	3.23831
120.52933	3.22467
120.77039	3.21068
121.01144	3.19597
121.25250	3.18095
121.49356	3.16686
121.73462	3.15573
121.97568	3.15010
122.21674	3.15252
122.45780	3.16509
122.69886	3.18906
122.93991	3.22445
123.18097	3.27005
123.42203	3.32344
123.66309	3.38142
123.90415	3.44045
124.14521	3.49715
124.38627	3.54879
124.62732	3.59366
124.86838	3.63108
125.10944	3.66143
125.35050	3.68574
125.59156	3.70535
125.83262	3.72143
126.07368	3.73463
126.31474	3.74489
126.55579	3.75139
126.79685	3.75281
127.03791	3.74770
127.27897	3.73489
127.52003	3.71397
127.76109	3.68555
128.00215	3.65141
128.24320	3.61439
128.48426	3.57805
128.72532	3.54616
128.96638	3.52217
129.20744	3.50867
129.44850	3.50698
129.68956	3.51695
129.93061	3.53701
130.17167	3.56451
130.41273	3.59609
130.65379	3.62835
130.89485	3.65834
131.13591	3.68397
131.37697	3.70429
131.61803	3.71942
131.85908	3.73035
132.10014	3.73845
132.34120	3.74504
132.58226	3.75092
132.82332	3.75601
133.06438	3.75931
133.30544	3.75901
133.54649	3.75290
133.78755	3.73881
134.02861	3.71518
134.26967	3.68145
134.51073	3.63837
134.75179	3.58796
134.99285	3.53326
135.23391	3.47798
135.47496	3.42577
135.71602	3.37982
135.95708	3.34233
136.19814	3.31431
136.43920	3.29550
136.68026	3.28463
136.92132	3.27976
137.16237	3.27879
137.40343	3.27987
137.64449	3.28180
137.88555	3.28416
138.12661	3.28732
138.36767	3.29216
138.60873	3.29973
138.84979	3.31083
139.09084	3.32565
139.33190	3.34348
139.57296	3.36267
139.81402	3.38083
140.05508	3.39508
140.29614	3.40258
140.53720	3.40100
140.77825	3.38891
141.01931	3.36609
141.26037	3.33359
141.50143	3.29356
141.74249	3.24889
141.98355	3.20282
142.22461	3.15836
142.46566	3.11795
142.70672	3.08313
142.94778	3.05445
143.18884	3.03159
143.42990	3.01361
143.67096	2.99932
143.91202	2.98762
144.15308	2.97782
144.39413	2.96985
144.63519	2.96418
144.87625	2.96173
145.11731	2.96352
145.35837	2.97037
145.59943	2.98254
145.84049	2.99954
146.08154	3.01999
146.32260	3.04180
146.56366	3.06239
146.80472	3.07911
147.04578	3.08964
147.28684	3.09237
147.52790	3.08664
147.76896	3.07287
148.01001	3.05236
148.25107	3.02708
148.49213	2.99924
148.73319	2.97092
148.97425	2.94366
149.21531	2.91827
149.45637	2.89480
149.69742	2.87261
149.93848	2.85071
150.17954	2.82804
150.42060	2.80386
150.66166	2.77800
150.90272	2.75102
151.14378	2.72415
151.38484	2.69909
151.62589	2.67773
151.86695	2.66174
152.10801	2.65224
152.34907	2.64951
152.59013	2.65293
152.83119	2.66101
153.07225	2.67162
153.31330	2.68236
153.55436	2.69093
153.79542	2.69550
154.03648	2.69500
154.27754	2.68919
154.51860	2.67863
154.75966	2.66443
155.00072	2.64801
155.24177	2.63070
155.48283	2.61345
155.72389	2.59672
155.96495	2.58034
156.20601	2.56370
156.44707	2.54592
156.68813	2.52618
156.92918	2.50393
157.17024	2.47917
157.41130	2.45249
157.65236	2.42502
157.89342	2.39833
158.13448	2.37410
158.37554	2.35387
158.61659	2.33877
158.85765	2.32934
159.09871	2.32542
159.33977	2.32623
159.58083	2.33049
159.82189	2.33670
160.06295	2.34336
160.30401	2.34926
160.54506	2.35363
160.78612	2.35623
161.02718	2.35733
161.26824	2.35752
161.50930	2.35758
161.75036	2.35818
161.99142	2.35969
162.23247	2.36203
162.47353	2.36469
162.71459	2.36674
162.95565	2.36709
163.19671	2.36468
163.43777	2.35876
163.67883	2.34907
163.91989	2.33598
164.16094	2.32043
164.40200	2.30382
164.64306	2.28777
164.88412	2.27384
165.12518	2.26325
165.36624	2.25669
165.60730	2.25422
165.84835	2.25528
166.08941	2.25887
166.33047	2.26376
166.57153	2.26877
166.81259	2.27304
167.05365	2.27613
167.29471	2.27820
167.53577	2.27982
167.77682	2.28189
168.01788	2.28537
168.25894	2.29099
168.50000	2.29909
168.74106	2.30943
168.98212	2.32120
169.22318	2.33314
169.46423	2.34377
169.70529	2.35163
169.94635	2.35558
170.18741	2.35504
170.42847	2.35008
170.66953	2.34146
170.91059	2.33048
171.15164	2.31876
171.39270	2.30793
171.63376	2.29941
171.87482	2.29410
172.11588	2.29233
172.35694	2.29379
172.59800	2.29769
172.83906	2.30294
173.08011	2.30840
173.32117	2.31314
173.56223	2.31662
173.80329	2.31882
174.04435	2.32016
174.28541	2.32147
174.52647	2.32371
174.76752	2.32775
175.00858	2.33415
175.24964	2.34299
175.49070	2.35380
175.73176	2.36561
175.97282	2.37713
176.21388	2.38697
176.45494	2.39392
176.69599	2.39719
176.93705	2.39658
177.17811	2.39249
177.41917	2.38589
177.66023	2.37812
177.90129	2.37062
178.14235	2.36466
178.38340	2.36112
178.62446	2.36035
178.86552	2.36214
179.10658	2.36585
179.34764	2.37056
179.58870	2.37539
179.82976	2.37965
180.07082	2.38311
180.31187	2.38603
180.55293	2.38911
180.79399	2.39338
181.03505	2.39990
181.27611	2.40957
181.51717	2.42285
181.75823	2.43963
181.99928	2.45919
182.24034	2.48029
182.48140	2.50136
182.72246	2.52079
182.96352	2.53721
183.20458	2.54971
183.44564	2.55803
183.68669	2.56254
183.92775	2.56423
184.16881	2.56440
184.40987	2.56451
184.65093	2.56579
184.89199	2.56911
185.13305	2.57476
185.37411	2.58247
185.61516	2.59150
185.85622	2.60085
186.09728	2.60949
186.33834	2.61668
186.57940	2.62215
186.82046	2.62619
187.06152	2.62965
187.30257	2.63382
187.54363	2.64014
187.78469	2.64991
188.02575	2.66403
188.26681	2.68275
188.50787	2.70558
188.74893	2.73135
188.98999	2.75839
189.23104	2.78482
189.47210	2.80888
189.71316	2.82927
189.95422	2.84533
190.19528	2.85714
190.43634	2.86550
190.67740	2.87166
190.91845	2.87704
191.15951	2.88295
191.40057	2.89024
191.64163	2.89918
191.88269	2.90936
192.12375	2.91988
192.36481	2.92951
192.60587	2.93700
192.84692	2.94141
193.08798	2.94235
193.32904	2.94008
193.57010	2.93551
193.81116	2.93006
194.05222	2.92540
194.29328	2.92313
194.53433	2.92451
194.77539	2.93019
195.01645	2.94013
195.25751	2.95358
195.49857	2.96926
195.73963	2.98559
195.98069	3.00099
196.22174	3.01418
196.46280	3.02438
196.70386	3.03145
196.94492	3.03583
197.18598	3.03848
197.42704	3.04054
197.66810	3.04314
197.90916	3.04709
198.15021	3.05271
198.39127	3.05974
198.63233	3.06741
198.87339	3.07459
199.11445	3.08009
199.35551	3.08287
199.59657	3.08239
199.83762	3.07866
200.07868	3.07235
200.31974	3.06463
200.56080	3.05699
200.80186	3.05090
201.04292	3.04755
201.28398	3.04759
201.52504	3.05100
201.76609	3.05713
202.00715	3.06482
202.24821	3.07263
202.48927	3.07922
202.73033	3.08352
202.97139	3.08504
203.21245	3.08392
203.45350	3.08083
203.69456	3.07690
203.93562	3.07334
204.17668	3.07126
204.41774	3.07133
204.65880	3.07367
204.89986	3.07780
205.14092	3.08270
205.38197	3.08704
205.62303	3.08941
205.86409	3.08865
206.10515	3.08404
206.34621	3.07543
206.58727	3.06335
206.82833	3.04883
207.06938	3.03322
207.31044	3.01799
207.55150	3.00439
207.79256	2.99327
208.03362	2.98489
208.27468	2.97895
208.51574	2.97462
208.75680	2.97073
208.99785	2.96604
209.23891	2.95948
209.47997	2.95038
209.72103	2.93861
209.96209	2.92455
210.20315	2.90907
210.44421	2.89331
210.68526	2.87840
210.92632	2.86522
211.16738	2.85423
211.40844	2.84532
211.64950	2.83783
211.89056	2.83070
212.13162	2.82269
212.37267	2.81262
212.61373	2.79966
212.85479	2.78347
213.09585	2.76432
213.33691	2.74299
213.57797	2.72066
213.81903	2.69864
214.06009	2.67812
214.30114	2.65995
214.54220	2.64449
214.78326	2.63159
215.02432	2.62061
215.26538	2.61067
215.50644	2.60078
215.74750	2.59011
215.98855	2.57819
216.22961	2.56497
216.47067	2.55084
216.71173	2.53653
216.95279	2.52297
217.19385	2.51104
217.43491	2.50137
217.67597	2.49422
217.91702	2.48939
218.15808	2.48622
218.39914	2.48370
218.64020	2.48070
218.88126	2.47611
219.12232	2.46909
219.36338	2.45920
219.60443	2.44649
219.84549	2.43144
220.08655	2.41489
220.32761	2.39781
220.56867	2.38115
220.80973	2.36563
221.05079	2.35161
221.29185	2.33902
221.53290	2.32747
221.77396	2.31630
222.01502	2.30481
222.25608	2.29243
222.49714	2.27889
222.73820	2.26432
222.97926	2.24924
223.22031	2.23448
223.46137	2.22104
223.70243	2.20985
223.94349	2.20164
224.18455	2.19672
224.42561	2.19491
224.66667	2.19559
224.90772	2.19779
225.14878	2.20034
225.38984	2.20208
225.63090	2.20205
225.87196	2.19965
226.11302	2.19470
226.35408	2.18741
226.59514	2.17831
226.83619	2.16811
227.07725	2.15750
227.31831	2.14705
227.55937	2.13704
227.80043	2.12750
228.04149	2.11817
228.28255	2.10864
228.52360	2.09849
228.76466	2.08738
229.00572	2.07521
229.24678	2.06218
229.48784	2.04876
229.72890	2.03568
229.96996	2.02376
230.21102	2.01377
230.45207	2.00629
230.69313	2.00160
230.93419	1.99960
231.17525	1.99981
231.41631	2.00146
231.65737	2.00362
231.89843	2.00536
232.13948	2.00589
232.38054	2.00471
232.62160	2.00166
232.86266	1.99691
233.10372	1.99088
233.34478	1.98416
233.58584	1.97732
233.82690	1.97078
234.06795	1.96475
234.30901	1.95916
234.55007	1.95369
234.79113	1.94788
235.03219	1.94125
235.27325	1.93340
235.51431	1.92418
235.75536	1.91368
235.99642	1.90232
236.23748	1.89074
236.47854	1.87972
236.71960	1.87004
236.96066	1.86234
237.20172	1.85702
237.44277	1.85418
237.68383	1.85360
237.92489	1.85479
238.16595	1.85709
238.40701	1.85982
238.64807	1.86236
238.88913	1.86430
239.13019	1.86548
239.37124	1.86601
239.61230	1.86620
239.85336	1.86648
240.09442	1.86725
240.33548	1.86880
240.57654	1.87119
240.81760	1.87421
241.05865	1.87739
241.29971	1.88012
241.54077	1.88173
241.78183	1.88163
242.02289	1.87949
242.26395	1.87524
242.50501	1.86919
242.74607	1.86191
242.98712	1.85422
243.22818	1.84698
243.46924	1.84097
243.71030	1.83676
243.95136	1.83463
244.19242	1.83454
244.43348	1.83617
244.67453	1.83901
244.91559	1.84248
245.15665	1.84606
245.39771	1.84941
245.63877	1.85242
245.87983	1.85524
246.12089	1.85820
246.36195	1.86171
246.60300	1.86621
246.84406	1.87195
247.08512	1.87898
247.32618	1.88705
247.56724	1.89569
247.80830	1.90419
248.04936	1.91180
248.29041	1.91782
248.53147	1.92173
248.77253	1.92331
249.01359	1.92264
249.25465	1.92016
249.49571	1.91651
249.73677	1.91248
249.97783	1.90885
250.21888	1.90626
250.45994	1.90512
250.70100	1.90556
250.94206	1.90745
251.18312	1.91044
251.42418	1.91409
251.66524	1.91794
251.90629	1.92170
252.14735	1.92522
252.38841	1.92862
252.62947	1.93219
252.87053	1.93636
253.11159	1.94158
253.35265	1.94819
253.59370	1.95636
253.83476	1.96598
254.07582	1.97669
254.31688	1.98787
254.55794	1.99883
254.79900	2.00881
255.04006	2.01722
255.28112	2.02367
255.52217	2.02804
255.76323	2.03051
256.00429	2.03148
256.24535	2.03148
256.48641	2.03105
256.72747	2.03064
256.96853	2.03051
257.20958	2.03069
257.45064	2.03103
257.69170	2.03123
257.93276	2.03096
258.17382	2.02997
258.41488	2.02817
258.65594	2.02570
258.89700	2.02293
259.13805	2.02039
259.37911	2.01873
259.62017	2.01857
259.86123	2.02038
260.10229	2.02441
260.34335	2.03063
260.58441	2.03872
260.82546	2.04810
261.06652	2.05805
261.30758	2.06783
261.54864	2.07674
261.78970	2.08428
262.03076	2.09020
262.27182	2.09448
262.51288	2.09733
262.75393	2.09907
262.99499	2.10007
263.23605	2.10063
263.47711	2.10087
263.71817	2.10074
263.95923	2.09999
264.20029	2.09824
264.44134	2.09510
264.68240	2.09027
264.92346	2.08363
265.16452	2.07531
265.40558	2.06573
265.64664	2.05553
265.88770	2.04551
266.12875	2.03646
266.36981	2.02907
266.61087	2.02377
266.85193	2.02072
267.09299	2.01974
267.33405	2.02040
267.57511	2.02208
267.81617	2.02409
268.05722	2.02580
268.29828	2.02677
268.53934	2.02675
268.78040	2.02573
269.02146	2.02390
269.26252	2.02157
269.50358	2.01905
269.74463	2.01660
269.98569	2.01432
270.22675	2.01213
270.46781	2.00975
270.70887	2.00679
270.94993	2.00279
271.19099	1.99734
271.43205	1.99013
271.67310	1.98106
271.91416	1.97027
272.15522	1.95809
272.39628	1.94502
272.63734	1.93166
272.87840	1.91859
273.11946	1.90629
273.36051	1.89509
273.60157	1.88512
273.84263	1.87633
274.08369	1.86850
274.32475	1.86137
274.56581	1.85466
274.80687	1.84817
275.04793	1.84184
275.28898	1.83573
275.53004	1.83004
275.77110	1.82502
276.01216	1.82091
276.25322	1.81785
276.49428	1.81581
276.73534	1.81460
276.97639	1.81381
277.21745	1.81290
277.45851	1.81126
277.69957	1.80831
277.94063	1.80359
278.18169	1.79685
278.42275	1.78808
278.66380	1.77751
278.90486	1.76557
279.14592	1.75280
279.38698	1.73978
279.62804	1.72704
279.86910	1.71496
280.11016	1.70375
280.35122	1.69346
280.59227	1.68397
280.83333	1.67514
281.07439	1.66676
281.31545	1.65873
281.55651	1.65101
281.79757	1.64371
282.03863	1.63699
282.27968	1.63108
282.52074	1.62617
282.76180	1.62238
283.00286	1.61968
283.24392	1.61786
283.48498	1.61659
283.72604	1.61539
283.96710	1.61375
284.20815	1.61118
284.44921	1.60730
284.69027	1.60186
284.93133	1.59484
285.17239	1.58638
285.41345	1.57677
285.65451	1.56637
285.89556	1.55558
286.13662	1.54471
286.37768	1.53400
286.61874	1.52353
286.85980	1.51327
287.10086	1.50308
287.34192	1.49282
287.58298	1.48237
287.82403	1.47171
288.06509	1.46093
288.30615	1.45027
288.54721	1.44005
288.78827	1.43069
289.02933	1.42254
289.27039	1.41592
289.51144	1.41096
289.75250	1.40765
289.99356	1.40576
290.23462	1.40493
290.47568	1.40469
290.71674	1.40451
290.95780	1.40394
291.19885	1.40261
291.43991	1.40029
291.68097	1.39690
291.92203	1.39250
292.16309	1.38725
292.40415	1.38133
292.64521	1.37495
292.88627	1.36821
293.12732	1.36119
293.36838	1.35384
293.60944	1.34610
293.85050	1.33786
294.09156	1.32906
294.33262	1.31969
294.57368	1.30988
294.81473	1.29983
295.05579	1.28986
295.29685	1.28032
295.53791	1.27159
295.77897	1.26396
296.02003	1.25766
296.26109	1.25275
296.50215	1.24918
296.74320	1.24673
296.98426	1.24514
297.22532	1.24407
297.46638	1.24321
297.70744	1.24232
297.94850	1.24125
298.18956	1.23993
298.43061	1.23842
298.67167	1.23680
298.91273	1.23520
299.15379	1.23368
299.39485	1.23225
299.63591	1.23084
299.87697	1.22927
300.11803	1.22732
300.35908	1.22474
300.60014	1.22133
300.84120	1.21697
301.08226	1.21165
301.32332	1.20552
301.56438	1.19882
301.80544	1.19190
302.04649	1.18517
302.28755	1.17901
302.52861	1.17372
302.76967	1.16951
303.01073	1.16647
303.25179	1.16454
303.49285	1.16361
303.73391	1.16346
303.97496	1.16389
304.21602	1.16473
304.45708	1.16585
304.69814	1.16723
304.93920	1.16888
305.18026	1.17087
305.42132	1.17328
305.66237	1.17614
305.90343	1.17945
306.14449	1.18311
306.38555	1.18693
306.62661	1.19070
306.86767	1.19415
307.10873	1.19704
307.34978	1.19919
307.59084	1.20052
307.83190	1.20105
308.07296	1.20092
308.31402	1.20037
308.55508	1.19967
308.79614	1.19911
309.03720	1.19892
309.27825	1.19927
309.51931	1.20023
309.76037	1.20177
310.00143	1.20381
310.24249	1.20622
310.48355	1.20889
310.72461	1.21175
310.96566	1.21481
311.20672	1.21813
311.44778	1.22185
311.68884	1.22614
311.92990	1.23115
312.17096	1.23698
312.41202	1.24365
312.65308	1.25107
312.89413	1.25906
313.13519	1.26735
313.37625	1.27563
313.61731	1.28361
313.85837	1.29102
314.09943	1.29769
314.34049	1.30356
314.58154	1.30867
314.82260	1.31313
315.06366	1.31714
315.30472	1.32088
315.54578	1.32454
315.78684	1.32820
316.02790	1.33192
316.26896	1.33565
316.51001	1.33930
316.75107	1.34277
316.99213	1.34597
317.23319	1.34889
317.47425	1.35160
317.71531	1.35424
317.95637	1.35705
318.19742	1.36030
318.43848	1.36428
318.67954	1.36918
318.92060	1.37515
319.16166	1.38217
319.40272	1.39013
319.64378	1.39879
319.88483	1.40784
320.12589	1.41698
320.36695	1.42591
320.60801	1.43441
320.84907	1.44237
321.09013	1.44978
321.33119	1.45672
321.57225	1.46333
321.81330	1.46976
322.05436	1.47613
322.29542	1.48253
322.53648	1.48893
322.77754	1.49527
323.01860	1.50141
323.25966	1.50723
323.50071	1.51261
323.74177	1.51752
323.98283	1.52199
324.22389	1.52617
324.46495	1.53027
324.70601	1.53456
324.94707	1.53928
325.18813	1.54467
325.42918	1.55082
325.67024	1.55777
325.91130	1.56540
326.15236	1.57351
326.39342	1.58183
326.63448	1.59008
326.87554	1.59800
327.11659	1.60541
327.35765	1.61225
327.59871	1.61852
327.83977	1.62432
328.08083	1.62981
328.32189	1.63512
328.56295	1.64036
328.80401	1.64555
329.04506	1.65061
329.28612	1.65537
329.52718	1.65960
329.76824	1.66302
330.00930	1.66543
330.25036	1.66667
330.49142	1.66672
330.73247	1.66570
330.97353	1.66385
331.21459	1.66152
331.45565	1.65908
331.69671	1.65690
331.93777	1.65528
332.17883	1.65437
332.41988	1.65421
332.66094	1.65472
332.90200	1.65570
333.14306	1.65693
333.38412	1.65818
333.62518	1.65927
333.86624	1.66012
334.10730	1.66072
334.34835	1.66116
334.58941	1.66154
334.83047	1.66197
335.07153	1.66249
335.31259	1.66308
335.55365	1.66360
335.79471	1.66384
336.03576	1.66352
336.27682	1.66237
336.51788	1.66014
336.75894	1.65668
337.00000	1.65195
337.24106	1.64606
337.48212	1.63921
337.72318	1.63170
337.96423	1.62385
338.20529	1.61597
338.44635	1.60830
338.68741	1.60098
338.92847	1.59404
339.16953	1.58740
339.41059	1.58096
339.65164	1.57455
339.89270	1.56807
340.13376	1.56147
340.37482	1.55479
340.61588	1.54818
340.85694	1.54181
341.09800	1.53590
341.33906	1.53063
341.58011	1.52609
341.82117	1.52228
342.06223	1.51908
342.30329	1.51628
342.54435	1.51357
342.78541	1.51064
343.02647	1.50722
343.26752	1.50309
343.50858	1.49814
343.74964	1.49236
343.99070	1.48584
344.23176	1.47874
344.47282	1.47126
344.71388	1.46357
344.95493	1.45581
345.19599	1.44807
345.43705	1.44035
345.67811	1.43260
345.91917	1.42474
346.16023	1.41668
346.40129	1.40836
346.64235	1.39977
346.88340	1.39097
347.12446	1.38208
347.36552	1.37330
347.60658	1.36482
347.84764	1.35685
348.08870	1.34953
348.32976	1.34296
348.57081	1.33711
348.81187	1.33187
349.05293	1.32705
349.29399	1.32244
349.53505	1.31779
349.77611	1.31292
350.01717	1.30770
350.25823	1.30207
350.49928	1.29606
350.74034	1.28978
350.98140	1.28334
351.22246	1.27686
351.46352	1.27043
351.70458	1.26410
351.94564	1.25784
352.18669	1.25157
352.42775	1.24519
352.66881	1.23859
352.90987	1.23168
353.15093	1.22441
353.39199	1.21679
353.63305	1.20891
353.87411	1.20089
354.11516	1.19288
354.35622	1.18505
354.59728	1.17754
354.83834	1.17043
355.07940	1.16375
355.32046	1.15747
355.56152	1.15149
355.80257	1.14569
356.04363	1.13992
356.28469	1.13405
356.52575	1.12798
356.76681	1.12167
357.00787	1.11513
357.24893	1.10842
357.48999	1.10164
357.73104	1.09489
357.97210	1.08825
358.21316	1.08177
358.45422	1.07544
358.69528	1.06922
358.93634	1.06301
359.17740	1.05669
359.41845	1.05015
359.65951	1.04331
359.90057	1.03612
360.14163	1.02862
360.38269	1.02086
360.62375	1.01295
360.86481	1.00502
361.10586	0.99720
361.34692	0.98959
361.58798	0.98226
361.82904	0.97521
362.07010	0.96844
362.31116	0.96188
362.55222	0.95548
362.79328	0.94917
363.03433	0.94292
363.27539	0.93671
363.51645	0.93056
363.75751	0.92452
363.99857	0.91862
364.23963	0.91292
364.48069	0.90743
364.72174	0.90212
364.96280	0.89697
365.20386	0.89188
365.44492	0.88676
365.68598	0.88151
365.92704	0.87607
366.16810	0.87038
366.40916	0.86444
366.65021	0.85829
366.89127	0.85199
367.13233	0.84564
367.37339	0.83934
367.61445	0.83316
367.85551	0.82715
368.09657	0.82133
368.33762	0.81566
368.57868	0.81010
368.81974	0.80455
369.06080	0.79893
369.30186	0.79317
369.54292	0.78722
369.78398	0.78105
370.02504	0.77468
370.26609	0.76817
370.50715	0.76157
370.74821	0.75494
370.98927	0.74834
371.23033	0.74177
371.47139	0.73523
371.71245	0.72867
371.95350	0.72199
372.19456	0.71510
372.43562	0.70790
372.67668	0.70032
372.91774	0.69230
373.15880	0.68384
373.39986	0.67498
373.64091	0.66578
373.88197	0.65633
374.12303	0.64671
374.36409	0.63701
374.60515	0.62729
374.84621	0.61759
375.08727	0.60792
375.32833	0.59826
375.56938	0.58859
375.81044	0.57890
376.05150	0.56919
376.29256	0.55945
376.53362	0.54975
376.77468	0.54019
377.01574	0.53084
377.25679	0.52182
377.49785	0.51321
377.73891	0.50509
377.97997	0.49749
378.22103	0.49040
378.46209	0.48387
378.70315	0.47790
378.94421	0.47248
379.18526	0.46762
379.42632	0.46331
379.66738	0.45960
379.90844	0.45652
380.14950	0.45412
380.39056	0.45248
380.63162	0.45166
380.87267	0.45171
381.11373	0.45264
381.35479	0.45446
381.59585	0.45714
381.83691	0.46065
382.07797	0.46493
382.31903	0.46994
382.56009	0.47562
382.80114	0.48195
383.04220	0.48890
383.28326	0.49647
383.52432	0.50464
383.76538	0.51343
384.00644	0.52280
384.24750	0.53275
384.48855	0.54324
384.72961	0.55422
384.97067	0.56560
385.21173	0.57729
385.45279	0.58920
385.69385	0.60124
385.93491	0.61331
386.17596	0.62540
386.41702	0.63747
386.65808	0.64952
386.89914	0.66156
387.14020	0.67356
387.38126	0.68553
387.62232	0.69743
387.86338	0.70921
388.10443	0.72080
388.34549	0.73216
388.58655	0.74321
388.82761	0.75392
389.06867	0.76426
389.30973	0.77425
389.55079	0.78393
389.79184	0.79339
390.03290	0.80270
390.27396	0.81196
390.51502	0.82124
390.75608	0.83059
390.99714	0.84004
391.23820	0.84957
391.47926	0.85913
391.72031	0.86865
391.96137	0.87807
392.20243	0.88730
392.44349	0.89629
392.68455	0.90500
392.92561	0.91340
393.16667	0.92150
393.40772	0.92930
393.64878	0.93684
393.88984	0.94411
394.13090	0.95112
394.37196	0.95786
394.61302	0.96429
394.85408	0.97037
395.09514	0.97607
395.33619	0.98135
395.57725	0.98623
395.81831	0.99074
396.05937	0.99497
396.30043	0.99904
396.54149	1.00308
396.78255	1.00725
397.02360	1.01167
397.26466	1.01645
397.50572	1.02165
397.74678	1.02727
397.98784	1.03328
398.22890	1.03961
398.46996	1.04619
398.71102	1.05294
398.95207	1.05983
399.19313	1.06683
399.43419	1.07396
399.67525	1.08126
399.91631	1.08877
400.15737	1.09650
400.39843	1.10446
400.63948	1.11259
400.88054	1.12080
401.12160	1.12894
401.36266	1.13685
401.60372	1.14435
401.84478	1.15131
402.08584	1.15761
402.32689	1.16319
402.56795	1.16805
402.80901	1.17226
403.05007	1.17590
403.29113	1.17912
403.53219	1.18202
403.77325	1.18471
404.01431	1.18726
404.25536	1.18970
404.49642	1.19200
404.73748	1.19412
404.97854	1.19599
405.21960	1.19756
405.46066	1.19879
405.70172	1.19969
405.94277	1.20028
406.18383	1.20065
406.42489	1.20088
406.66595	1.20109
406.90701	1.20134
407.14807	1.20167
407.38913	1.20207
407.63019	1.20248
407.87124	1.20281
408.11230	1.20293
408.35336	1.20272
408.59442	1.20209
408.83548	1.20095
409.07654	1.19931
409.31760	1.19718
409.55865	1.19463
409.79971	1.19176
410.04077	1.18865
410.28183	1.18539
410.52289	1.18203
410.76395	1.17859
411.00501	1.17505
411.24607	1.17140
411.48712	1.16758
411.72818	1.16354
411.96924	1.15928
412.21030	1.15479
412.45136	1.15011
412.69242	1.14529
412.93348	1.14041
413.17453	1.13554
413.41559	1.13073
413.65665	1.12603
413.89771	1.12141
414.13877	1.11685
414.37983	1.11227
414.62089	1.10759
414.86194	1.10270
415.10300	1.09753
415.34406	1.09204
415.58512	1.08621
415.82618	1.08005
416.06724	1.07363
416.30830	1.06701
416.54936	1.06025
416.79041	1.05341
417.03147	1.04652
417.27253	1.03958
417.51359	1.03256
417.75465	1.02541
417.99571	1.01810
418.23677	1.01057
418.47782	1.00282
418.71888	0.99486
418.95994	0.98673
419.20100	0.97850
419.44206	0.97027
419.68312	0.96213
419.92418	0.95414
420.16524	0.94637
420.40629	0.93883
420.64735	0.93151
420.88841	0.92435
421.12947	0.91728
421.37053	0.91024
421.61159	0.90315
421.85265	0.89597
422.09370	0.88868
422.33476	0.88128
422.57582	0.87381
422.81688	0.86633
423.05794	0.85887
423.29900	0.85149
423.54006	0.84419
423.78112	0.83696
424.02217	0.82973
424.26323	0.82244
424.50429	0.81499
424.74535	0.80728
424.98641	0.79924
425.22747	0.79081
425.46853	0.78200
425.70958	0.77284
425.95064	0.76341
426.19170	0.75382
426.43276	0.74418
426.67382	0.73462
426.91488	0.72522
427.15594	0.71606
427.39699	0.70718
427.63805	0.69858
427.87911	0.69024
428.12017	0.68213
428.36123	0.67424
428.60229	0.66653
428.84335	0.65901
429.08441	0.65169
429.32546	0.64458
429.56652	0.63772
429.80758	0.63110
430.04864	0.62473
430.28970	0.61858
430.53076	0.61260
430.77182	0.60671
431.01287	0.60085
431.25393	0.59493
431.49499	0.58890
431.73605	0.58271
431.97711	0.57634
432.21817	0.56979
432.45923	0.56310
432.70029	0.55630
432.94134	0.54944
433.18240	0.54257
433.42346	0.53573
433.66452	0.52893
433.90558	0.52221
434.14664	0.51556
434.38770	0.50901
434.62875	0.50257
434.86981	0.49626
435.11087	0.49013
435.35193	0.48423
435.59299	0.47864
435.83405	0.47343
436.07511	0.46865
436.31617	0.46440
436.55722	0.46073
436.79828	0.45765
437.03934	0.45519
437.28040	0.45333
437.52146	0.45204
437.76252	0.45129
438.00358	0.45106
438.24463	0.45133
438.48569	0.45209
438.72675	0.45334
438.96781	0.45512
439.20887	0.45742
439.44993	0.46027
439.69099	0.46366
439.93204	0.46754
440.17310	0.47188
440.41416	0.47660
440.65522	0.48163
440.89628	0.48686
441.13734	0.49221
441.37840	0.49760
441.61946	0.50296
441.86051	0.50822
442.10157	0.51339
442.34263	0.51846
442.58369	0.52344
442.82475	0.52833
443.06581	0.53313
443.30687	0.53782
443.54792	0.54239
443.78898	0.54677
444.03004	0.55094
444.27110	0.55485
444.51216	0.55845
444.75322	0.56171
444.99428	0.56463
445.23534	0.56722
445.47639	0.56949
445.71745	0.57149
445.95851	0.57325
446.19957	0.57480
446.44063	0.57615
446.68169	0.57728
446.92275	0.57818
447.16380	0.57879
447.40486	0.57906
447.64592	0.57896
447.88698	0.57845
448.12804	0.57753
448.36910	0.57622
448.61016	0.57456
448.85122	0.57262
449.09227	0.57046
449.33333	0.56816
449.57439	0.56576
449.81545	0.56330
450.05651	0.56082
450.29757	0.55831
450.53863	0.55578
450.77968	0.55324
451.02074	0.55069
451.26180	0.54817
451.50286	0.54571
451.74392	0.54339
451.98498	0.54125
452.22604	0.53936
452.46710	0.53776
452.70815	0.53647
452.94921	0.53548
453.19027	0.53476
453.43133	0.53424
453.67239	0.53385
453.91345	0.53351
454.15451	0.53312
454.39556	0.53263
454.63662	0.53198
454.87768	0.53114
455.11874	0.53011
455.35980	0.52889
455.60086	0.52751
455.84192	0.52601
456.08297	0.52440
456.32403	0.52272
456.56509	0.52099
456.80615	0.51920
457.04721	0.51737
457.28827	0.51550
457.52933	0.51362
457.77039	0.51175
458.01144	0.50993
458.25250	0.50824
458.49356	0.50673
458.73462	0.50550
458.97568	0.50461
459.21674	0.50412
459.45780	0.50408
459.69885	0.50451
459.93991	0.50540
460.18097	0.50672
460.42203	0.50842
460.66309	0.51047
460.90415	0.51282
461.14521	0.51541
461.38627	0.51823
461.62732	0.52125
461.86838	0.52447
462.10944	0.52786
462.35050	0.53143
462.59156	0.53515
462.83262	0.53899
463.07368	0.54290
463.31473	0.54681
463.55579	0.55067
463.79685	0.55439
464.03791	0.55792
464.27897	0.56121
464.52003	0.56421
464.76109	0.56694
465.00215	0.56940
465.24320	0.57163
465.48426	0.57366
465.72532	0.57554
465.96638	0.57730
466.20744	0.57897
466.44850	0.58054
466.68956	0.58200
466.93061	0.58332
467.17167	0.58449
467.41273	0.58547
467.65379	0.58626
467.89485	0.58685
468.13591	0.58727
468.37697	0.58754
468.61802	0.58770
468.85908	0.58780
469.10014	0.58784
469.34120	0.58784
469.58226	0.58778
469.82332	0.58764
470.06438	0.58737
470.30544	0.58693
470.54649	0.58628
470.78755	0.58541
471.02861	0.58432
471.26967	0.58302
471.51073	0.58157
471.75179	0.58001
471.99285	0.57840
472.23390	0.57679
472.47496	0.57519
472.71602	0.57363
472.95708	0.57209
473.19814	0.57054
473.43920	0.56896
473.68026	0.56732
473.92132	0.56560
474.16237	0.56381
474.40343	0.56196
474.64449	0.56010
474.88555	0.55828
475.12661	0.55653
475.36767	0.55491
475.60873	0.55344
475.84978	0.55211
476.09084	0.55092
476.33190	0.54983
476.57296	0.54879
476.81402	0.54773
477.05508	0.54662
477.29614	0.54541
477.53720	0.54408
477.77825	0.54262
478.01931	0.54104
478.26037	0.53938
478.50143	0.53764
478.74249	0.53588
478.98355	0.53409
479.22461	0.53229
479.46566	0.53049
479.70672	0.52865
479.94778	0.52678
480.18884	0.52484
480.42990	0.52283
480.67096	0.52076
480.91202	0.51864
481.15307	0.51649
481.39413	0.51435
481.63519	0.51226
481.87625	0.51025
482.11731	0.50833
482.35837	0.50651
482.59943	0.50477
482.84049	0.50309
483.08154	0.50143
483.32260	0.49975
483.56366	0.49801
483.80472	0.49620
484.04578	0.49431
484.28684	0.49234
484.52790	0.49031
484.76895	0.48827
485.01001	0.48623
485.25107	0.48422
485.49213	0.48225
485.73319	0.48032
485.97425	0.47840
486.21531	0.47647
486.45637	0.47450
486.69742	0.47246
486.93848	0.47032
487.17954	0.46808
487.42060	0.46575
487.66166	0.46336
487.90272	0.46096
488.14378	0.45857
488.38483	0.45626
488.62589	0.45405
488.86695	0.45197
489.10801	0.45003
489.34907	0.44822
489.59013	0.44653
489.83119	0.44493
490.07225	0.44340
490.31330	0.44192
490.55436	0.44047
490.79542	0.43905
491.03648	0.43767
491.27754	0.43632
491.51860	0.43503
491.75966	0.43381
492.00071	0.43266
492.24177	0.43159
492.48283	0.43059
492.72389	0.42963
492.96495	0.42871
493.20601	0.42780
493.44707	0.42688
493.68812	0.42594
493.92918	0.42499
494.17024	0.42403
494.41130	0.42307
494.65236	0.42214
494.89342	0.42125
495.13448	0.42043
495.37554	0.41968
495.61659	0.41900
495.85765	0.41838
496.09871	0.41780
496.33977	0.41724
496.58083	0.41669
496.82189	0.41613
497.06295	0.41556
497.30400	0.41498
497.54506	0.41440
497.78612	0.41385
498.02718	0.41332
498.26824	0.41285
498.50930	0.41244
498.75036	0.41209
498.99142	0.41179
499.23247	0.41150
499.47353	0.41121
499.71459	0.41088
499.95565	0.41048
500.19671	0.40998
500.43777	0.40936
500.67883	0.40862
500.91988	0.40777
501.16094	0.40681
501.40200	0.40578
501.64306	0.40470
501.88412	0.40356
502.12518	0.40238
502.36624	0.40115
502.60730	0.39984
502.84835	0.39841
503.08941	0.39681
503.33047	0.39503
503.57153	0.39300
503.81259	0.39072
504.05365	0.38819
504.29471	0.38543
504.53576	0.38250
504.77682	0.37946
505.01788	0.37641
505.25894	0.37346
505.50000	0.37072
505.74106	0.36832
505.98212	0.36642
506.22318	0.36512
506.46423	0.36455
506.70529	0.36480
506.94635	0.36593
507.18741	0.36797
507.42847	0.37092
507.66953	0.37471
507.91059	0.37926
508.15164	0.38446
508.39270	0.39014
508.63376	0.39616
508.87482	0.40234
509.11588	0.40852
509.35694	0.41456
509.59800	0.42037
509.83905	0.42588
510.08011	0.43103
510.32117	0.43583
510.56223	0.44029
510.80329	0.44445
511.04435	0.44835
511.28541	0.45204
511.52647	0.45556
511.76752	0.45895
512.00858	0.46223
512.24964	0.46541
512.49070	0.46848
512.73176	0.47143
512.97282	0.47426
513.21388	0.47696
513.45493	0.47954
513.69599	0.48200
513.93705	0.48437
514.17811	0.48666
514.41917	0.48890
514.66023	0.49110
514.90129	0.49326
515.14235	0.49539
515.38340	0.49747
515.62446	0.49948
515.86552	0.50141
516.10658	0.50323
516.34764	0.50494
516.58870	0.50654
516.82976	0.50804
517.07081	0.50945
517.31187	0.51081
517.55293	0.51212
517.79399	0.51343
518.03505	0.51473
518.27611	0.51605
518.51717	0.51737
518.75823	0.51869
518.99928	0.52000
519.24034	0.52130
519.48140	0.52257
519.72246	0.52382
519.96352	0.52505
520.20458	0.52627
520.44564	0.52748
520.68669	0.52869
520.92775	0.52992
521.16881	0.53117
521.40987	0.53243
521.65093	0.53370
521.89199	0.53496
522.13305	0.53618
522.37410	0.53734
522.61516	0.53840
522.85622	0.53935
523.09728	0.54017
523.33834	0.54086
523.57940	0.54142
523.82046	0.54187
524.06152	0.54223
524.30257	0.54253
524.54363	0.54280
524.78469	0.54305
525.02575	0.54330
525.26681	0.54354
525.50787	0.54380
525.74893	0.54406
525.98998	0.54435
526.23104	0.54468
526.47210	0.54507
526.71316	0.54558
526.95422	0.54622
527.19528	0.54705
527.43634	0.54809
527.67740	0.54936
527.91845	0.55085
528.15951	0.55255
528.40057	0.55444
528.64163	0.55648
528.88269	0.55862
529.12375	0.56085
529.36481	0.56312
529.60586	0.56543
529.84692	0.56777
530.08798	0.57015
530.32904	0.57258
530.57010	0.57507
530.81116	0.57763
531.05222	0.58026
531.29328	0.58292
531.53433	0.58561
531.77539	0.58826
532.01645	0.59085
532.25751	0.59333
532.49857	0.59566
532.73963	0.59783
532.98069	0.59982
533.22174	0.60164
533.46280	0.60330
533.70386	0.60482
533.94492	0.60621
534.18598	0.60748
534.42704	0.60864
534.66810	0.60965
534.90915	0.61052
535.15021	0.61120
535.39127	0.61168
535.63233	0.61194
535.87339	0.61198
536.11445	0.61179
536.35551	0.61138
536.59657	0.61080
536.83762	0.61005
537.07868	0.60918
537.31974	0.60820
537.56080	0.60713
537.80186	0.60597
538.04292	0.60474
538.28398	0.60342
538.52503	0.60201
538.76609	0.60050
539.00715	0.59890
539.24821	0.59722
539.48927	0.59547
539.73033	0.59368
539.97139	0.59188
540.21245	0.59012
540.45350	0.58841
540.69456	0.58678
540.93562	0.58525
541.17668	0.58382
541.41774	0.58249
541.65880	0.58124
541.89986	0.58005
542.14091	0.57890
542.38197	0.57777
542.62303	0.57666
542.86409	0.57555
543.10515	0.57447
543.34621	0.57342
543.58727	0.57242
543.82833	0.57148
544.06938	0.57061
544.31044	0.56980
544.55150	0.56904
544.79256	0.56830
545.03362	0.56755
545.27468	0.56675
545.51574	0.56586
545.75679	0.56484
545.99785	0.56368
546.23891	0.56237
546.47997	0.56089
546.72103	0.55926
546.96209	0.55748
547.20315	0.55557
547.44421	0.55351
547.68526	0.55130
547.92632	0.54893
548.16738	0.54636
548.40844	0.54357
548.64950	0.54055
548.89056	0.53727
549.13162	0.53374
549.37267	0.52998
549.61373	0.52603
549.85479	0.52194
550.09585	0.51777
550.33691	0.51360
550.57797	0.50950
550.81903	0.50553
551.06008	0.50177
551.30114	0.49825
551.54220	0.49504
551.78326	0.49216
552.02432	0.48964
552.26538	0.48751
552.50644	0.48578
552.74750	0.48446
552.98855	0.48354
553.22961	0.48301
553.47067	0.48286
553.71173	0.48306
553.95279	0.48360
554.19385	0.48443
554.43491	0.48553
554.67596	0.48685
554.91702	0.48835
555.15808	0.48998
555.39914	0.49171
555.64020	0.49350
555.88126	0.49532
556.12232	0.49714
556.36338	0.49893
556.60443	0.50068
556.84549	0.50238
557.08655	0.50400
557.32761	0.50552
557.56867	0.50694
557.80973	0.50822
558.05079	0.50935
558.29184	0.51030
558.53290	0.51106
558.77396	0.51162
559.01502	0.51200
559.25608	0.51221
559.49714	0.51227
559.73820	0.51221
559.97926	0.51206
560.22031	0.51184
560.46137	0.51158
560.70243	0.51127
560.94349	0.51091
561.18455	0.51049
561.42561	0.50999
561.66667	0.50939
561.90772	0.50868
562.14878	0.50785
562.38984	0.50691
562.63090	0.50588
562.87196	0.50478
563.11302	0.50366
563.35408	0.50254
563.59513	0.50145
563.83619	0.50041
564.07725	0.49940
564.31831	0.49843
564.55937	0.49748
564.80043	0.49653
565.04149	0.49556
565.28255	0.49458
565.52360	0.49358
565.76466	0.49258
566.00572	0.49162
566.24678	0.49071
566.48784	0.48990
566.72890	0.48920
566.96996	0.48861
567.21101	0.48814
567.45207	0.48776
567.69313	0.48745
567.93419	0.48719
568.17525	0.48696
568.41631	0.48674
568.65737	0.48653
568.89843	0.48633
569.13948	0.48617
569.38054	0.48606
569.62160	0.48603
569.86266	0.48609
570.10372	0.48625
570.34478	0.48651
570.58584	0.48686
570.82689	0.48728
571.06795	0.48774
571.30901	0.48821
571.55007	0.48867
571.79113	0.48909
572.03219	0.48948
572.27325	0.48982
572.51431	0.49013
572.75536	0.49044
572.99642	0.49074
573.23748	0.49107
573.47854	0.49144
573.71960	0.49183
573.96066	0.49225
574.20172	0.49269
574.44277	0.49312
574.68383	0.49355
574.92489	0.49397
575.16595	0.49439
575.40701	0.49483
575.64807	0.49532
575.88913	0.49589
576.13018	0.49660
576.37124	0.49746
576.61230	0.49852
576.85336	0.49977
577.09442	0.50122
577.33548	0.50286
577.57654	0.50466
577.81760	0.50658
578.05865	0.50861
578.29971	0.51069
578.54077	0.51280
578.78183	0.51491
579.02289	0.51701
579.26395	0.51906
579.50501	0.52105
579.74606	0.52297
579.98712	0.52479
580.22818	0.52651
580.46924	0.52810
580.71030	0.52956
580.95136	0.53089
581.19242	0.53209
581.43348	0.53319
581.67453	0.53422
581.91559	0.53521
582.15665	0.53621
582.39771	0.53726
582.63877	0.53839
582.87983	0.53965
583.12089	0.54103
583.36194	0.54256
583.60300	0.54422
583.84406	0.54600
584.08512	0.54788
584.32618	0.54982
584.56724	0.55181
584.80830	0.55384
585.04936	0.55589
585.29041	0.55795
585.53147	0.56002
585.77253	0.56210
586.01359	0.56418
586.25465	0.56622
586.49571	0.56821
586.73677	0.57010
586.97782	0.57185
587.21888	0.57343
587.45994	0.57480
587.70100	0.57594
587.94206	0.57685
588.18312	0.57756
588.42418	0.57810
588.66523	0.57851
588.90629	0.57884
589.14735	0.57915
589.38841	0.57947
589.62947	0.57984
589.87053	0.58026
590.11159	0.58075
590.35265	0.58129
590.59370	0.58189
590.83476	0.58251
591.07582	0.58317
591.31688	0.58385
591.55794	0.58456
591.79900	0.58532
592.04006	0.58613
592.28111	0.58699
592.52217	0.58791
592.76323	0.58888
593.00429	0.58984
593.24535	0.59078
593.48641	0.59161
593.72747	0.59230
593.96853	0.59277
594.20958	0.59300
594.45064	0.59295
594.69170	0.59262
594.93276	0.59202
595.17382	0.59119
595.41488	0.59017
595.65594	0.58901
595.89699	0.58775
596.13805	0.58645
596.37911	0.58511
596.62017	0.58378
596.86123	0.58244
597.10229	0.58111
597.34335	0.57980
597.58441	0.57851
597.82546	0.57726
598.06652	0.57608
598.30758	0.57500
598.54864	0.57405
598.78970	0.57327
599.03076	0.57269
599.27182	0.57232
599.51287	0.57215
599.75393	0.57218
599.99499	0.57236
600.23605	0.57265
600.47711	0.57299
600.71817	0.57332
600.95923	0.57358
601.20029	0.57371
601.44134	0.57367
601.68240	0.57344
601.92346	0.57298
602.16452	0.57230
602.40558	0.57140
602.64664	0.57027
602.88770	0.56893
603.12875	0.56738
603.36981	0.56561
603.61087	0.56365
603.85193	0.56149
604.09299	0.55915
604.33405	0.55665
604.57511	0.55401
604.81616	0.55126
605.05722	0.54843
605.29828	0.54555
605.53934	0.54265
605.78040	0.53974
606.02146	0.53684
606.26252	0.53395
606.50358	0.53106
606.74463	0.52815
606.98569	0.52521
607.22675	0.52219
607.46781	0.51909
607.70887	0.51588
607.94993	0.51255
608.19099	0.50906
608.43204	0.50542
608.67310	0.50160
608.91416	0.49760
609.15522	0.49339
609.39628	0.48896
609.63734	0.48432
609.87840	0.47944
610.11946	0.47433
610.36051	0.46899
610.60157	0.46344
610.84263	0.45771
611.08369	0.45183
611.32475	0.44584
611.56581	0.43980
611.80687	0.43375
612.04792	0.42776
612.28898	0.42188
612.53004	0.41616
612.77110	0.41066
613.01216	0.40543
613.25322	0.40052
613.49428	0.39598
613.73534	0.39184
613.97639	0.38815
614.21745	0.38493
614.45851	0.38220
614.69957	0.37994
614.94063	0.37815
615.18169	0.37680
615.42275	0.37582
615.66380	0.37518
615.90486	0.37479
616.14592	0.37459
616.38698	0.37452
616.62804	0.37451
616.86910	0.37451
617.11016	0.37448
617.35121	0.37439
617.59227	0.37423
617.83333	0.37398
618.07439	0.37364
618.31545	0.37320
618.55651	0.37268
618.79757	0.37207
619.03863	0.37138
619.27968	0.37061
619.52074	0.36977
619.76180	0.36886
620.00286	0.36789
620.24392	0.36687
620.48498	0.36581
620.72604	0.36473
620.96709	0.36364
621.20815	0.36254
621.44921	0.36143
621.69027	0.36032
621.93133	0.35917
622.17239	0.35798
622.41345	0.35672
622.65451	0.35536
622.89556	0.35385
623.13662	0.35219
623.37768	0.35035
623.61874	0.34832
623.85980	0.34610
624.10086	0.34371
624.34192	0.34116
624.58297	0.33848
624.82403	0.33571
625.06509	0.33287
625.30615	0.33000
625.54721	0.32713
625.78827	0.32427
626.02933	0.32145
626.27039	0.31867
626.51144	0.31593
626.75250	0.31325
626.99356	0.31061
627.23462	0.30800
627.47568	0.30541
627.71674	0.30281
627.95780	0.30019
628.19885	0.29751
628.43991	0.29474
628.68097	0.29184
628.92203	0.28880
629.16309	0.28559
629.40415	0.28223
629.64521	0.27874
629.88626	0.27516
630.12732	0.27155
630.36838	0.26801
630.60944	0.26460
630.85050	0.26143
631.09156	0.25857
631.33262	0.25607
631.57368	0.25398
631.81473	0.25231
632.05579	0.25104
632.29685	0.25014
632.53791	0.24954
632.77897	0.24917
633.02003	0.24898
633.26109	0.24889
633.50214	0.24885
633.74320	0.24880
633.98426	0.24870
634.22532	0.24852
634.46638	0.24825
634.70744	0.24787
634.94850	0.24738
635.18956	0.24679
635.43061	0.24610
635.67167	0.24533
635.91273	0.24450
636.15379	0.24362
636.39485	0.24271
636.63591	0.24179
636.87697	0.24088
637.11802	0.23998
637.35908	0.23910
637.60014	0.23824
637.84120	0.23739
638.08226	0.23654
638.32332	0.23565
638.56438	0.23473
638.80544	0.23374
639.04649	0.23267
639.28755	0.23152
639.52861	0.23027
639.76967	0.22894
640.01073	0.22752
640.25179	0.22603
640.49285	0.22447
640.73390	0.22287
640.97496	0.22121
641.21602	0.21952
641.45708	0.21779
641.69814	0.21603
641.93920	0.21424
642.18026	0.21243
642.42132	0.21061
642.66237	0.20879
642.90343	0.20700
643.14449	0.20525
643.38555	0.20358
643.62661	0.20200
643.86767	0.20055
644.10873	0.19923
644.34978	0.19807
644.59084	0.19707
644.83190	0.19623
645.07296	0.19553
645.31402	0.19496
645.55508	0.19450
645.79614	0.19411
646.03719	0.19378
646.27825	0.19348
646.51931	0.19319
646.76037	0.19288
647.00143	0.19253
647.24249	0.19214
647.48355	0.19169
647.72461	0.19116
647.96566	0.19056
648.20672	0.18987
648.44778	0.18911
648.68884	0.18827
648.92990	0.18736
649.17096	0.18639
649.41202	0.18538
649.65307	0.18433
649.89413	0.18326
650.13519	0.18217
650.37625	0.18108
650.61731	0.17997
650.85837	0.17886
651.09943	0.17773
651.34049	0.17659
651.58154	0.17543
651.82260	0.17424
652.06366	0.17302
652.30472	0.17178
652.54578	0.17051
652.78684	0.16922
653.02790	0.16789
653.26895	0.16652
653.51001	0.16511
653.75107	0.16365
653.99213	0.16214
654.23319	0.16055
654.47425	0.15888
654.71531	0.15712
654.95637	0.15527
655.19742	0.15333
655.43848	0.15128
655.67954	0.14913
655.92060	0.14688
656.16166	0.14453
656.40272	0.14208
656.64378	0.13952
656.88483	0.13688
657.12589	0.13414
657.36695	0.13133
657.60801	0.12847
657.84907	0.12558
658.09013	0.12271
658.33119	0.11990
658.57224	0.11721
658.81330	0.11469
659.05436	0.11240
659.29542	0.11038
659.53648	0.10868
659.77754	0.10732
660.01860	0.10630
660.25966	0.10561
660.50071	0.10522
660.74177	0.10509
660.98283	0.10516
661.22389	0.10537
661.46495	0.10566
661.70601	0.10599
661.94707	0.10629
662.18812	0.10653
662.42918	0.10668
662.67024	0.10671
662.91130	0.10662
663.15236	0.10641
663.39342	0.10606
663.63448	0.10560
663.87554	0.10502
664.11659	0.10433
664.35765	0.10356
664.59871	0.10271
664.83977	0.10180
665.08083	0.10085
665.32189	0.09985
665.56295	0.09883
665.80400	0.09779
666.04506	0.09674
666.28612	0.09567
666.52718	0.09458
666.76824	0.09348
667.00930	0.09235
667.25036	0.09119
667.49142	0.09001
667.73247	0.08880
667.97353	0.08757
668.21459	0.08631
668.45565	0.08503
668.69671	0.08374
668.93777	0.08244
669.17883	0.08114
669.41988	0.07984
669.66094	0.07854
669.90200	0.07725
670.14306	0.07596
670.38412	0.07468
670.62518	0.07342
670.86624	0.07217
671.10729	0.07093
671.34835	0.06971
671.58941	0.06851
671.83047	0.06734
672.07153	0.06618
672.31259	0.06504
672.55365	0.06393
672.79471	0.06282
673.03576	0.06173
673.27682	0.06066
673.51788	0.05959
673.75894	0.05853
674.00000	0.05748
674.24106	0.05643
674.48212	0.05540
674.72317	0.05436
674.96423	0.05333
675.20529	0.05230
675.44635	0.05127
675.68741	0.05023
675.92847	0.04918
676.16953	0.04812
676.41059	0.04705
676.65164	0.04598
676.89270	0.04490
677.13376	0.04384
677.37482	0.04279
677.61588	0.04176
677.85694	0.04076
678.09800	0.03979
678.33905	0.03884
678.58011	0.03793
678.82117	0.03704
679.06223	0.03618
679.30329	0.03533
679.54435	0.03450
679.78541	0.03369
680.02647	0.03288
680.26752	0.03210
680.50858	0.03132
680.74964	0.03056
680.99070	0.02981
681.23176	0.02907
681.47282	0.02835
681.71388	0.02764
681.95493	0.02694
682.19599	0.02625
682.43705	0.02559
682.67811	0.02494
682.91917	0.02431
683.16023	0.02371
683.40129	0.02314
683.64234	0.02258
683.88340	0.02206
684.12446	0.02155
684.36552	0.02107
684.60658	0.02060
684.84764	0.02014
685.08870	0.01971
685.32976	0.01928
685.57081	0.01888
685.81187	0.01848
686.05293	0.01811
686.29399	0.01775
686.53505	0.01740
686.77611	0.01706
687.01717	0.01674
687.25822	0.01642
687.49928	0.01611
687.74034	0.01581
687.98140	0.01552
688.22246	0.01523
688.46352	0.01496
688.70458	0.01470
688.94564	0.01445
689.18669	0.01422
689.42775	0.01400
689.66881	0.01379
689.90987	0.01359
690.15093	0.01340
690.39199	0.01321
690.63305	0.01302
690.87410	0.01283
691.11516	0.01263
691.35622	0.01244
691.59728	0.01225
691.83834	0.01206
692.07940	0.01188
692.32046	0.01171
692.56152	0.01154
692.80257	0.01138
693.04363	0.01122
693.28469	0.01105
693.52575	0.01088
693.76681	0.01071
694.00787	0.01052
694.24893	0.01033
694.48998	0.01013
694.73104	0.00993
694.97210	0.00972
695.21316	0.00951
695.45422	0.00930
695.69528	0.00909
695.93634	0.00888
696.17740	0.00866
696.41845	0.00845
696.65951	0.00822
696.90057	0.00799
697.14163	0.00775
697.38269	0.00749
697.62375	0.00723
697.86481	0.00696
698.10586	0.00668
698.34692	0.00641
698.58798	0.00614
698.82904	0.00588
699.07010	0.00564
699.31116	0.00542
699.55222	0.00521
699.79327	0.00503
700.03433	0.00487
700.27539	0.00472
700.51645	0.00458
700.75751	0.00445
700.99857	0.00433
701.23963	0.00420
701.48069	0.00408
701.72174	0.00395
701.96280	0.00383
702.20386	0.00371
702.44492	0.00359
702.68598	0.00349
702.92704	0.00340
703.16810	0.00332
703.40915	0.00327
703.65021	0.00323
703.89127	0.00321
704.13233	0.00319
704.37339	0.00319
704.61445	0.00318
704.85551	0.00319
705.09657	0.00319
705.33762	0.00319
705.57868	0.00319
705.81974	0.00318
706.06080	0.00318
706.30186	0.00317
706.54292	0.00316
706.78398	0.00315
707.02503	0.00313
707.26609	0.00311
707.50715	0.00309
707.74821	0.00307
707.98927	0.00306
708.23033	0.00304
708.47139	0.00303
708.71245	0.00301
708.95350	0.00300
709.19456	0.00299
709.43562	0.00297
709.67668	0.00295
709.91774	0.00293
710.15880	0.00291
710.39986	0.00289
710.64091	0.00287
710.88197	0.00287
711.12303	0.00287
711.36409	0.00288
711.60515	0.00290
711.84621	0.00292
712.08727	0.00295
712.32832	0.00297
712.56938	0.00299
712.81044	0.00300
713.05150	0.00300
713.29256	0.00300
713.53362	0.00299
713.77468	0.00298
714.01574	0.00295
714.25679	0.00293
714.49785	0.00290
714.73891	0.00287
714.97997	0.00284
715.22103	0.00282
715.46209	0.00282
715.70315	0.00282
715.94420	0.00284
716.18526	0.00287
716.42632	0.00291
716.66738	0.00295
716.90844	0.00300
717.14950	0.00304
717.39056	0.00308
717.63162	0.00310
717.87267	0.00311
718.11373	0.00311
718.35479	0.00310
718.59585	0.00308
718.83691	0.00305
719.07797	0.00302
719.31903	0.00299
719.56008	0.00296
719.80114	0.00293
720.04220	0.00291
720.28326	0.00290
720.52432	0.00289
720.76538	0.00289
721.00644	0.00290
721.24750	0.00291
721.48855	0.00293
721.72961	0.00295
721.97067	0.00297
722.21173	0.00298
722.45279	0.00299
722.69385	0.00299
722.93491	0.00298
723.17596	0.00297
723.41702	0.00295
723.65808	0.00293
723.89914	0.00291
724.14020	0.00290
724.38126	0.00289
724.62232	0.00288
724.86337	0.00288
725.10443	0.00288
725.34549	0.00287
725.58655	0.00287
725.82761	0.00287
726.06867	0.00286
726.30973	0.00284
726.55079	0.00282
726.79184	0.00279
727.03290	0.00275
727.27396	0.00272
727.51502	0.00268
727.75608	0.00265
727.99714	0.00262
728.23820	0.00259
728.47925	0.00258
728.72031	0.00257
728.96137	0.00257
729.20243	0.00258
729.44349	0.00259
729.68455	0.00261
729.92561	0.00263
730.16667	0.00265
730.40772	0.00267
730.64878	0.00270
730.88984	0.00272
731.13090	0.00275
731.37196	0.00278
731.61302	0.00280
731.85408	0.00282
732.09513	0.00284
732.33619	0.00284
732.57725	0.00284
732.81831	0.00282
733.05937	0.00280
733.30043	0.00277
733.54149	0.00273
733.78255	0.00269
734.02360	0.00266
734.26466	0.00263
734.50572	0.00262
734.74678	0.00261
734.98784	0.00260
735.22890	0.00260
735.46996	0.00260
735.71101	0.00260
735.95207	0.00260
736.19313	0.00259
736.43419	0.00258
736.67525	0.00257
736.91631	0.00255
737.15737	0.00253
737.39842	0.00252
737.63948	0.00250
737.88054	0.00249
738.12160	0.00248
738.36266	0.00248
738.60372	0.00249
738.84478	0.00250
739.08584	0.00252
739.32689	0.00254
739.56795	0.00256
739.80901	0.00258
740.05007	0.00259
740.29113	0.00260
740.53219	0.00261
740.77325	0.00262
741.01430	0.00262
741.25536	0.00262
741.49642	0.00262
741.73748	0.00262
741.97854	0.00262
742.21960	0.00262
742.46066	0.00262
742.70172	0.00262
742.94277	0.00262
743.18383	0.00262
743.42489	0.00261
743.66595	0.00260
743.90701	0.00258
744.14807	0.00255
744.38913	0.00252
744.63018	0.00248
744.87124	0.00244
745.11230	0.00240
745.35336	0.00238
745.59442	0.00236
745.83548	0.00236
746.07654	0.00237
746.31760	0.00241
746.55865	0.00247
746.79971	0.00254
747.04077	0.00263
747.28183	0.00272
747.52289	0.00281
747.76395	0.00290
748.00501	0.00297
748.24606	0.00303
748.48712	0.00308
748.72818	0.00311
748.96924	0.00313
749.21030	0.00315
749.45136	0.00316
749.69242	0.00318
749.93348	0.00321
750.17453	0.00325
750.41559	0.00331
750.65665	0.00338
750.89771	0.00347
751.13877	0.00357
751.37983	0.00368
751.62089	0.00380
751.86194	0.00393
752.10300	0.00406
752.34406	0.00418
752.58512	0.00430
752.82618	0.00441
753.06724	0.00452
753.30830	0.00461
753.54935	0.00469
753.79041	0.00477
754.03147	0.00484
754.27253	0.00491
754.51359	0.00498
754.75465	0.00505
754.99571	0.00512
755.23677	0.00520
755.47782	0.00529
755.71888	0.00538
755.95994	0.00548
756.20100	0.00559
756.44206	0.00572
756.68312	0.00585
756.92418	0.00600
757.16523	0.00615
757.40629	0.00631
757.64735	0.00648
757.88841	0.00664
758.12947	0.00680
758.37053	0.00696
758.61159	0.00711
758.85265	0.00726
759.09370	0.00739
759.33476	0.00752
759.57582	0.00765
759.81688	0.00776
760.05794	0.00788
760.29900	0.00798
760.54006	0.00809
760.78111	0.00819
761.02217	0.00829
761.26323	0.00839
761.50429	0.00849
761.74535	0.00859
761.98641	0.00869
762.22747	0.00880
762.46853	0.00891
762.70958	0.00902
762.95064	0.00913
763.19170	0.00924
763.43276	0.00936
763.67382	0.00947
763.91488	0.00957
764.15594	0.00967
764.39699	0.00975
764.63805	0.00983
764.87911	0.00989
765.12017	0.00994
765.36123	0.00997
765.60229	0.01000
765.84335	0.01001
766.08440	0.01003
766.32546	0.01005
766.56652	0.01007
766.80758	0.01010
767.04864	0.01015
767.28970	0.01020
767.53076	0.01026
767.77182	0.01032
768.01287	0.01038
768.25393	0.01043
768.49499	0.01047
768.73605	0.01051
768.97711	0.01054
769.21817	0.01057
769.45923	0.01059
769.70028	0.01062
769.94134	0.01065
770.18240	0.01069
770.42346	0.01073
770.66452	0.01079
770.90558	0.01085
771.14664	0.01092
771.38770	0.01099
771.62875	0.01107
771.86981	0.01114
772.11087	0.01122
772.35193	0.01131
772.59299	0.01139
772.83405	0.01149
773.07511	0.01159
773.31616	0.01170
773.55722	0.01183
773.79828	0.01197
774.03934	0.01213
774.28040	0.01230
774.52146	0.01250
774.76252	0.01270
775.00358	0.01292
775.24463	0.01316
775.48569	0.01339
775.72675	0.01364
775.96781	0.01388
776.20887	0.01411
776.44993	0.01433
776.69099	0.01454
776.93204	0.01474
777.17310	0.01491
777.41416	0.01507
777.65522	0.01522
777.89628	0.01535
778.13734	0.01547
778.37840	0.01560
778.61945	0.01572
778.86051	0.01584
779.10157	0.01597
779.34263	0.01610
779.58369	0.01624
779.82475	0.01637
780.06581	0.01649
780.30687	0.01661
780.54792	0.01672
780.78898	0.01682
781.03004	0.01691
781.27110	0.01698
781.51216	0.01706
781.75322	0.01713
781.99428	0.01720
782.23533	0.01727
782.47639	0.01734
782.71745	0.01742
782.95851	0.01750
783.19957	0.01758
783.44063	0.01766
783.68169	0.01774
783.92275	0.01782
784.16380	0.01788
784.40486	0.01793
784.64592	0.01796
784.88698	0.01797
785.12804	0.01796
785.36910	0.01793
785.61016	0.01789
785.85121	0.01783
786.09227	0.01776
786.33333	0.01769
786.57439	0.01761
786.81545	0.01753
787.05651	0.01745
787.29757	0.01737
787.53863	0.01727
787.77968	0.01717
788.02074	0.01706
788.26180	0.01693
788.50286	0.01679
788.74392	0.01663
788.98498	0.01644
789.22604	0.01625
789.46709	0.01603
789.70815	0.01581
789.94921	0.01557
790.19027	0.01534
790.43133	0.01510
790.67239	0.01487
790.91345	0.01464
791.15451	0.01443
791.39556	0.01424
791.63662	0.01406
791.87768	0.01390
792.11874	0.01376
792.35980	0.01362
792.60086	0.01350
792.84192	0.01339
793.08297	0.01328
793.32403	0.01318
793.56509	0.01308
793.80615	0.01300
794.04721	0.01293
794.28827	0.01287
794.52933	0.01283
794.77038	0.01280
795.01144	0.01280
795.25250	0.01281
795.49356	0.01283
795.73462	0.01287
795.97568	0.01292
796.21674	0.01299
796.45780	0.01305
796.69885	0.01312
796.93991	0.01319
797.18097	0.01324
797.42203	0.01329
797.66309	0.01332
797.90415	0.01333
798.14521	0.01333
798.38626	0.01331
798.62732	0.01327
798.86838	0.01322
799.10944	0.01317
799.35050	0.01311
799.59156	0.01306
799.83262	0.01301
800.07368	0.01296
800.31473	0.01292
800.55579	0.01289
800.79685	0.01286
801.03791	0.01283
801.27897	0.01280
801.52003	0.01277
801.76109	0.01273
802.00214	0.01268
802.24320	0.01263
802.48426	0.01257
802.72532	0.01250
802.96638	0.01242
803.20744	0.01233
803.44850	0.01224
803.68956	0.01214
803.93061	0.01203
804.17167	0.01190
804.41273	0.01177
804.65379	0.01163
804.89485	0.01148
805.13591	0.01133
805.37697	0.01117
805.61802	0.01102
805.85908	0.01086
806.10014	0.01072
806.34120	0.01058
806.58226	0.01044
806.82332	0.01031
807.06438	0.01020
807.30543	0.01009
807.54649	0.00999
807.78755	0.00991
808.02861	0.00985
808.26967	0.00981
808.51073	0.00980
808.75179	0.00981
808.99285	0.00985
809.23390	0.00991
809.47496	0.01000
809.71602	0.01012
809.95708	0.01025
810.19814	0.01041
810.43920	0.01058
810.68026	0.01076
810.92131	0.01095
811.16237	0.01115
811.40343	0.01134
811.64449	0.01154
811.88555	0.01173
812.12661	0.01192
812.36767	0.01209
812.60873	0.01226
812.84978	0.01243
813.09084	0.01259
813.33190	0.01275
813.57296	0.01291
813.81402	0.01306
814.05508	0.01320
814.29614	0.01333
814.53719	0.01346
814.77825	0.01356
815.01931	0.01365
815.26037	0.01373
815.50143	0.01379
815.74249	0.01384
815.98355	0.01389
816.22461	0.01393
816.46566	0.01398
816.70672	0.01404
816.94778	0.01409
817.18884	0.01415
817.42990	0.01422
817.67096	0.01428
817.91202	0.01433
818.15307	0.01437
818.39413	0.01440
818.63519	0.01441
818.87625	0.01442
819.11731	0.01441
819.35837	0.01439
819.59943	0.01436
819.84048	0.01433
820.08154	0.01429
820.32260	0.01426
820.56366	0.01421
820.80472	0.01417
821.04578	0.01412
821.28684	0.01407
821.52790	0.01403
821.76895	0.01398
822.01001	0.01393
822.25107	0.01388
822.49213	0.01384
822.73319	0.01380
822.97425	0.01376
823.21531	0.01372
823.45636	0.01367
823.69742	0.01362
823.93848	0.01356
824.17954	0.01350
824.42060	0.01343
824.66166	0.01335
824.90272	0.01327
825.14378	0.01318
825.38483	0.01310
825.62589	0.01301
825.86695	0.01293
826.10801	0.01285
826.34907	0.01276
826.59013	0.01268
826.83119	0.01259
827.07224	0.01249
827.31330	0.01239
827.55436	0.01228
827.79542	0.01217
828.03648	0.01205
828.27754	0.01193
828.51860	0.01181
828.75966	0.01169
829.00071	0.01156
829.24177	0.01144
829.48283	0.01132
829.72389	0.01120
829.96495	0.01108
830.20601	0.01096
830.44707	0.01084
830.68812	0.01072
830.92918	0.01061
831.17024	0.01049
831.41130	0.01037
831.65236	0.01025
831.89342	0.01013
832.13448	0.00999
832.37553	0.00985
832.61659	0.00969
832.85765	0.00953
833.09871	0.00935
833.33977	0.00916
833.58083	0.00897
833.82189	0.00876
834.06295	0.00855
834.30400	0.00832
834.54506	0.00809
834.78612	0.00784
835.02718	0.00757
835.26824	0.00728
835.50930	0.00698
835.75036	0.00666
835.99141	0.00632
836.23247	0.00597
836.47353	0.00562
836.71459	0.00526
836.95565	0.00492
837.19671	0.00458
837.43777	0.00425
837.67883	0.00394
837.91988	0.00365
838.16094	0.00337
838.40200	0.00312
838.64306	0.00289
838.88412	0.00269
839.12518	0.00251
839.36624	0.00237
839.60729	0.00225
839.84835	0.00215
840.08941	0.00209
840.33047	0.00205
840.57153	0.00204
840.81259	0.00205
841.05365	0.00206
841.29471	0.00210
841.53576	0.00213
841.77682	0.00218
842.01788	0.00223
842.25894	0.00228
842.50000	0.00233
842.74106	0.00238
842.98212	0.00243
843.22317	0.00248
843.46423	0.00254
843.70529	0.00261
843.94635	0.00268
844.18741	0.00275
844.42847	0.00284
844.66953	0.00293
844.91059	0.00302
845.15164	0.00312
845.39270	0.00321
845.63376	0.00330
845.87482	0.00338
846.11588	0.00346
846.35694	0.00353
846.59800	0.00358
846.83905	0.00363
847.08011	0.00367
847.32117	0.00370
847.56223	0.00372
847.80329	0.00375
848.04435	0.00377
848.28541	0.00379
848.52646	0.00382
848.76752	0.00385
849.00858	0.00387
849.24964	0.00391
849.49070	0.00394
849.73176	0.00397
849.97282	0.00400
850.21388	0.00403
850.45493	0.00406
850.69599	0.00409
850.93705	0.00412
851.17811	0.00416
851.41917	0.00419
851.66023	0.00423
851.90129	0.00427
852.14234	0.00431
852.38340	0.00435
852.62446	0.00440
852.86552	0.00445
853.10658	0.00450
853.34764	0.00455
853.58870	0.00460
853.82976	0.00465
854.07081	0.00471
854.31187	0.00476
854.55293	0.00482
854.79399	0.00488
855.03505	0.00494
855.27611	0.00500
855.51717	0.00506
855.75822	0.00512
855.99928	0.00518
856.24034	0.00523
856.48140	0.00528
856.72246	0.00532
856.96352	0.00536
857.20458	0.00540
857.44564	0.00542
857.68669	0.00544
857.92775	0.00546
858.16881	0.00548
858.40987	0.00549
858.65093	0.00550
858.89199	0.00550
859.13305	0.00551
859.37410	0.00551
859.61516	0.00552
859.85622	0.00552
860.09728	0.00552
860.33834	0.00551
860.57940	0.00551
860.82046	0.00550
861.06151	0.00549
861.30257	0.00548
861.54363	0.00546
861.78469	0.00545
862.02575	0.00543
862.26681	0.00541
862.50787	0.00538
862.74893	0.00536
862.98998	0.00533
863.23104	0.00529
863.47210	0.00525
863.71316	0.00521
863.95422	0.00516
864.19528	0.00510
864.43634	0.00504
864.67739	0.00496
864.91845	0.00489
865.15951	0.00480
865.40057	0.00472
865.64163	0.00463
865.88269	0.00454
866.12375	0.00445
866.36481	0.00436
866.60586	0.00428
866.84692	0.00420
867.08798	0.00412
867.32904	0.00405
867.57010	0.00398
867.81116	0.00392
868.05222	0.00385
868.29327	0.00380
868.53433	0.00374
868.77539	0.00369
869.01645	0.00364
869.25751	0.00359
869.49857	0.00354
869.73963	0.00350
869.98069	0.00345
870.22174	0.00341
870.46280	0.00337
870.70386	0.00334
870.94492	0.00332
871.18598	0.00331
871.42704	0.00332
871.66810	0.00334
871.90915	0.00339
872.15021	0.00345
872.39127	0.00354
872.63233	0.00364
872.87339	0.00375
873.11445	0.00387
873.35551	0.00398
873.59656	0.00409
873.83762	0.00418
874.07868	0.00425
874.31974	0.00431
874.56080	0.00436
874.80186	0.00438
875.04292	0.00440
875.28398	0.00441
875.52503	0.00441
875.76609	0.00441
876.00715	0.00441
876.24821	0.00440
876.48927	0.00440
876.73033	0.00439
876.97139	0.00437
877.21244	0.00435
877.45350	0.00432
877.69456	0.00428
877.93562	0.00424
878.17668	0.00419
878.41774	0.00414
878.65880	0.00410
878.89986	0.00405
879.14091	0.00400
879.38197	0.00395
879.62303	0.00389
879.86409	0.00384
880.10515	0.00379
880.34621	0.00373
880.58727	0.00367
880.82832	0.00362
881.06938	0.00356
881.31044	0.00351
881.55150	0.00346
881.79256	0.00341
882.03362	0.00336
882.27468	0.00332
882.51574	0.00327
882.75679	0.00323
882.99785	0.00318
883.23891	0.00314
883.47997	0.00309
883.72103	0.00305
883.96209	0.00300
884.20315	0.00296
884.44420	0.00290
884.68526	0.00285
884.92632	0.00278
885.16738	0.00272
885.40844	0.00264
885.64950	0.00257
885.89056	0.00250
886.13161	0.00243
886.37267	0.00236
886.61373	0.00231
886.85479	0.00225
887.09585	0.00221
887.33691	0.00217
887.57797	0.00213
887.81903	0.00209
888.06008	0.00205
888.30114	0.00200
888.54220	0.00195
888.78326	0.00189
889.02432	0.00182
889.26538	0.00175
889.50644	0.00167
889.74749	0.00159
889.98855	0.00152
890.22961	0.00144
890.47067	0.00138
890.71173	0.00132
890.95279	0.00127
891.19385	0.00124
891.43491	0.00121
891.67596	0.00119
891.91702	0.00117
892.15808	0.00116
892.39914	0.00116
892.64020	0.00115
892.88126	0.00115
893.12232	0.00113
893.36337	0.00112
893.60443	0.00110
893.84549	0.00107
894.08655	0.00104
894.32761	0.00101
894.56867	0.00098
894.80973	0.00094
895.05079	0.00091
895.29184	0.00089
895.53290	0.00087
895.77396	0.00086
896.01502	0.00086
896.25608	0.00085
896.49714	0.00085
896.73820	0.00084
896.97925	0.00082
897.22031	0.00081
897.46137	0.00079
897.70243	0.00078
897.94349	0.00076
898.18455	0.00075
898.42561	0.00074
898.66667	0.00073
898.90772	0.00072
899.14878	0.00072
899.38984	0.00073
899.63090	0.00074
