0.00000	0.00272
0.24106	0.00294
0.48212	0.00360
0.72318	0.00465
0.96423	0.00603
1.20529	0.00765
1.44635	0.00941
1.68741	0.01119
1.92847	0.01288
2.16953	0.01438
2.41059	0.01562
2.65165	0.01656
2.89270	0.01722
3.13376	0.01762
3.37482	0.01782
3.61588	0.01787
3.85694	0.01786
4.09800	0.01783
4.33906	0.01784
4.58011	0.01790
4.82117	0.01803
5.06223	0.01821
5.30329	0.01841
5.54435	0.01861
5.78541	0.01877
6.02647	0.01889
6.26753	0.01893
6.50858	0.01889
6.74964	0.01877
6.99070	0.01859
7.23176	0.01836
7.47282	0.01810
7.71388	0.01783
7.95494	0.01758
8.19599	0.01736
8.43705	0.01716
8.67811	0.01700
8.91917	0.01687
9.16023	0.01676
9.40129	0.01667
9.64235	0.01661
9.88340	0.01658
10.12446	0.01662
10.36552	0.01673
10.60658	0.01696
10.84764	0.01730
11.08870	0.01775
11.32976	0.01829
11.57082	0.01887
11.81187	0.01943
12.05293	0.01989
12.29399	0.02018
12.53505	0.02022
12.77611	0.01998
13.01717	0.01946
13.25823	0.01868
13.49928	0.01770
13.74034	0.01655
13.98140	0.01540
14.22246	0.01436
14.46352	0.01353
14.70458	0.01296
14.94564	0.01266
15.18670	0.01261
15.42775	0.01273
15.66881	0.01295
15.90987	0.01320
16.15093	0.01342
16.39199	0.01354
16.63305	0.01356
16.87411	0.01346
17.11516	0.01323
17.35622	0.01290
17.59728	0.01232
17.83834	0.01167
18.07940	0.01097
18.32046	0.01023
18.56152	0.00947
18.80258	0.00869
19.04363	0.00790
19.28469	0.00712
19.52575	0.00605
19.76681	0.00502
20.00787	0.00419
20.24893	0.00366
20.48999	0.00351
20.73104	0.00379
20.97210	0.00446
21.21316	0.00546
21.45422	0.00692
21.69528	0.00866
21.93634	0.01062
22.17740	0.01276
22.41845	0.01498
22.65951	0.01722
22.90057	0.01938
23.14163	0.02142
23.38269	0.02329
23.62375	0.02497
23.86481	0.02652
24.10587	0.02797
24.34692	0.02938
24.58798	0.03081
24.82904	0.03230
25.07010	0.03387
25.31116	0.03551
25.55222	0.03722
25.79328	0.03896
26.03433	0.04069
26.27539	0.04237
26.51645	0.04397
26.75751	0.04547
26.99857	0.04691
27.23963	0.04831
27.48069	0.04977
27.72175	0.05137
27.96280	0.05322
28.20386	0.05544
28.44492	0.05809
28.68598	0.06121
28.92704	0.06482
29.16810	0.06885
29.40916	0.07322
29.65021	0.07782
29.89127	0.08255
30.13233	0.08731
30.37339	0.09204
30.61445	0.09671
30.85551	0.10130
31.09657	0.10580
31.33763	0.11018
31.57868	0.11438
31.81974	0.11833
32.06080	0.12191
32.30186	0.12504
32.54292	0.12765
32.78398	0.12972
33.02504	0.13133
33.26609	0.13262
33.50715	0.13383
33.74821	0.13522
33.98927	0.13707
34.23033	0.13963
34.47139	0.14307
34.71245	0.14750
34.95350	0.15290
35.19456	0.15918
35.43562	0.16623
35.67668	0.17391
35.91774	0.18215
36.15880	0.19097
36.39986	0.20049
36.64092	0.21091
36.88197	0.22248
37.12303	0.23542
37.36409	0.24986
37.60515	0.26574
37.84621	0.28276
38.08727	0.30039
38.32833	0.31790
38.56938	0.33441
38.81044	0.34906
39.05150	0.36112
39.29256	0.37007
39.53362	0.37576
39.77468	0.37840
40.01574	0.37852
40.25680	0.37692
40.49785	0.37454
40.73891	0.37231
40.97997	0.37104
41.22103	0.37131
41.46209	0.37343
41.70315	0.37743
41.94421	0.38315
42.18526	0.39027
42.42632	0.39846
42.66738	0.40742
42.90844	0.41695
43.14950	0.42698
43.39056	0.43751
43.63162	0.44860
43.87268	0.46023
44.11373	0.47233
44.35479	0.48462
44.59585	0.49669
44.83691	0.50797
45.07797	0.51783
45.31903	0.52566
45.56009	0.53102
45.80114	0.53366
46.04220	0.53367
46.28326	0.53148
46.52432	0.52779
46.76538	0.52356
47.00644	0.51986
47.24750	0.51773
47.48855	0.51809
47.72961	0.52157
47.97067	0.52855
48.21173	0.53906
48.45279	0.55292
48.69385	0.56975
48.93491	0.58917
49.17597	0.61085
49.41702	0.63465
49.65808	0.66061
49.89914	0.68897
50.14020	0.72006
50.38126	0.75416
50.62232	0.79139
50.86338	0.83154
51.10443	0.87399
51.34549	0.91771
51.58655	0.96129
51.82761	1.00315
52.06867	1.04171
52.30973	1.07564
52.55079	1.10407
52.79185	1.12670
53.03290	1.14383
53.27396	1.15632
53.51502	1.16537
53.75608	1.17232
53.99714	1.17839
54.23820	1.18449
54.47926	1.19114
54.72031	1.19846
54.96137	1.20626
55.20243	1.21425
55.44349	1.22225
55.68455	1.23043
55.92561	1.23935
56.16667	1.25002
56.40773	1.26371
56.64878	1.28181
56.88984	1.30544
57.13090	1.33521
57.37196	1.37102
57.61302	1.41194
57.85408	1.45628
58.09514	1.50177
58.33619	1.54592
58.57725	1.58636
58.81831	1.62118
59.05937	1.64923
59.30043	1.67017
59.54149	1.68451
59.78255	1.69337
60.02361	1.69821
60.26466	1.70050
60.50572	1.70142
60.74678	1.70164
60.98784	1.70128
61.22890	1.69995
61.46996	1.69697
61.71102	1.69163
61.95207	1.68348
62.19313	1.67258
62.43419	1.65961
62.67525	1.64591
62.91631	1.63329
63.15737	1.62376
63.39843	1.61926
63.63948	1.62128
63.88054	1.63058
64.12160	1.64708
64.36266	1.66984
64.60372	1.69717
64.84478	1.72690
65.08584	1.75677
65.32690	1.78466
65.56795	1.80898
65.80901	1.82875
66.05007	1.84366
66.29113	1.85397
66.53219	1.86023
66.77325	1.86310
67.01431	1.86303
67.25536	1.86011
67.49642	1.85401
67.73748	1.84402
67.97854	1.82928
68.21960	1.80897
68.46066	1.78263
68.70172	1.75033
68.94278	1.71281
69.18383	1.67143
69.42489	1.62808
69.66595	1.58493
69.90701	1.54414
70.14807	1.50756
70.38913	1.47654
70.63019	1.45178
70.87124	1.43331
71.11230	1.42065
71.35336	1.41296
71.59442	1.40930
71.83548	1.40883
72.07654	1.41102
72.31760	1.41569
72.55866	1.42298
72.79971	1.43322
73.04077	1.44672
73.28183	1.46356
73.52289	1.48335
73.76395	1.50518
74.00501	1.52757
74.24607	1.54861
74.48712	1.56620
74.72818	1.57834
74.96924	1.58342
75.21030	1.58052
75.45136	1.56959
75.69242	1.55148
75.93348	1.52787
76.17453	1.50106
76.41559	1.47371
76.65665	1.44849
76.89771	1.42777
77.13877	1.41340
77.37983	1.40657
77.62089	1.40775
77.86195	1.41677
78.10300	1.43300
78.34406	1.45557
78.58512	1.48350
78.82618	1.51597
79.06724	1.55233
79.30830	1.59212
79.54936	1.63502
79.79041	1.68061
80.03147	1.72827
80.27253	1.77699
80.51359	1.82530
80.75465	1.87134
80.99571	1.91295
81.23677	1.94801
81.47783	1.97468
81.71888	1.99176
81.95994	1.99889
82.20100	1.99666
82.44206	1.98661
82.68312	1.97097
82.92418	1.95240
83.16524	1.93356
83.40629	1.91678
83.64735	1.90377
83.88841	1.89541
84.12947	1.89183
84.37053	1.89254
84.61159	1.89670
84.85265	1.90346
85.09371	1.91224
85.33476	1.92297
85.57582	1.93614
85.81688	1.95272
86.05794	1.97388
86.29900	2.00070
86.54006	2.03377
86.78112	2.07290
87.02217	2.11693
87.26323	2.16374
87.50429	2.21046
87.74535	2.25382
87.98641	2.29066
88.22747	2.31841
88.46853	2.33546
88.70958	2.34146
88.95064	2.33732
89.19170	2.32499
89.43276	2.30710
89.67382	2.28647
89.91488	2.26562
90.15594	2.24641
90.39700	2.22978
90.63805	2.21582
90.87911	2.20391
91.12017	2.19308
91.36123	2.18245
91.60229	2.17158
91.84335	2.16073
92.08441	2.15092
92.32546	2.14384
92.56652	2.14153
92.80758	2.14597
93.04864	2.15866
93.28970	2.18021
93.53076	2.21014
93.77182	2.24683
94.01288	2.28767
94.25393	2.32942
94.49499	2.36870
94.73605	2.40243
94.97711	2.42835
95.21817	2.44522
95.45923	2.45299
95.70029	2.45265
95.94134	2.44595
96.18240	2.43496
96.42346	2.42167
96.66452	2.40759
96.90558	2.39352
97.14664	2.37948
97.38770	2.36489
97.62876	2.34883
97.86981	2.33042
98.11087	2.30920
98.35193	2.28539
98.59299	2.26002
98.83405	2.23489
99.07511	2.21232
99.31617	2.19477
99.55722	2.18446
99.79828	2.18295
100.03934	2.19088
100.28040	2.20786
100.52146	2.23248
100.76252	2.26262
101.00358	2.29576
101.24464	2.32943
101.48569	2.36154
101.72675	2.39069
101.96781	2.41625
102.20887	2.43835
102.44993	2.45762
102.69099	2.47494
102.93205	2.49101
103.17310	2.50615
103.41416	2.52006
103.65522	2.53186
103.89628	2.54022
104.13734	2.54363
104.37840	2.54081
104.61946	2.53103
104.86051	2.51437
105.10157	2.49186
105.34263	2.46541
105.58369	2.43759
105.82475	2.41128
106.06581	2.38923
106.30687	2.37367
106.54793	2.36602
106.78898	2.36673
107.03004	2.37532
107.27110	2.39056
107.51216	2.41083
107.75322	2.43448
107.99428	2.46022
108.23534	2.48732
108.47639	2.51572
108.71745	2.54596
108.95851	2.57888
109.19957	2.61532
109.44063	2.65567
109.68169	2.69958
109.92275	2.74579
110.16381	2.79216
110.40486	2.83591
110.64592	2.87399
110.88698	2.90361
111.12804	2.92272
111.36910	2.93034
111.61016	2.92680
111.85122	2.91367
112.09227	2.89351
112.33333	2.86944
112.57439	2.84465
112.81545	2.82189
113.05651	2.80316
113.29757	2.78948
113.53863	2.78096
113.77969	2.77697
114.02074	2.77652
114.26180	2.77866
114.50286	2.78280
114.74392	2.78898
114.98498	2.79794
115.22604	2.81098
115.46710	2.82967
115.70815	2.85547
115.94921	2.88930
116.19027	2.93120
116.43133	2.98008
116.67239	3.03372
116.91345	3.08900
117.15451	3.14225
117.39556	3.18979
117.63662	3.22846
117.87768	3.25608
118.11874	3.27177
118.35980	3.27599
118.60086	3.27043
118.84192	3.25757
119.08298	3.24026
119.32403	3.22119
119.56509	3.20241
119.80615	3.18516
120.04721	3.16971
120.28827	3.15562
120.52933	3.14207
120.77039	3.12821
121.01144	3.11368
121.25250	3.09882
121.49356	3.08484
121.73462	3.07373
121.97568	3.06794
122.21674	3.06999
122.45780	3.08197
122.69886	3.10512
122.93991	3.13949
123.18097	3.18389
123.42203	3.23600
123.66309	3.29268
123.90415	3.35045
124.14521	3.40598
124.38627	3.45660
124.62732	3.50057
124.86838	3.53722
125.10944	3.56689
125.35050	3.59057
125.59156	3.60955
125.83262	3.62499
126.07368	3.63754
126.31474	3.64715
126.55579	3.65305
126.79685	3.65399
127.03791	3.64856
127.27897	3.63564
127.52003	3.61484
127.76109	3.58675
128.00215	3.55311
128.24320	3.51665
128.48426	3.48083
128.72532	3.44933
128.96638	3.42553
129.20744	3.41193
129.44850	3.40985
129.68956	3.41917
129.93061	3.43837
130.17167	3.46488
130.41273	3.49545
130.65379	3.52675
130.89485	3.55588
131.13591	3.58080
131.37697	3.60056
131.61803	3.61527
131.85908	3.62587
132.10014	3.63372
132.34120	3.64012
132.58226	3.64584
132.82332	3.65086
133.06438	3.65419
133.30544	3.65410
133.54649	3.64839
133.78755	3.63495
134.02861	3.61219
134.26967	3.57955
134.51073	3.53769
134.75179	3.48855
134.99285	3.43509
135.23391	3.38091
135.47496	3.32959
135.71602	3.28428
135.95708	3.24718
136.19814	3.21934
136.43920	3.20056
136.68026	3.18964
136.92132	3.18473
137.16237	3.18377
137.40343	3.18496
137.64449	3.18708
137.88555	3.18969
138.12661	3.19309
138.36767	3.19809
138.60873	3.20570
138.84979	3.21670
139.09084	3.23124
139.33190	3.24868
139.57296	3.26742
139.81402	3.28513
140.05508	3.29903
140.29614	3.30636
140.53720	3.30482
140.77825	3.29301
141.01931	3.27068
141.26037	3.23884
141.50143	3.19955
141.74249	3.15564
141.98355	3.11026
142.22461	3.06639
142.46566	3.02643
142.70672	2.99192
142.94778	2.96343
143.18884	2.94071
143.42990	2.92286
143.67096	2.90871
143.91202	2.89722
144.15308	2.88770
144.39413	2.88004
144.63519	2.87468
144.87625	2.87249
145.11731	2.87445
145.35837	2.88134
145.59943	2.89342
145.84049	2.91018
146.08154	2.93031
146.32260	2.95177
146.56366	2.97205
146.80472	2.98856
147.04578	2.99903
147.28684	3.00189
147.52790	2.99649
147.76896	2.98319
148.01001	2.96328
148.25107	2.93865
148.49213	2.91146
148.73319	2.88374
148.97425	2.85699
149.21531	2.83204
149.45637	2.80893
149.69742	2.78709
149.93848	2.76554
150.17954	2.74328
150.42060	2.71958
150.66166	2.69428
150.90272	2.66791
151.14378	2.64166
151.38484	2.61719
151.62589	2.59632
151.86695	2.58068
152.10801	2.57137
152.34907	2.56868
152.59013	2.57202
152.83119	2.57995
153.07225	2.59040
153.31330	2.60102
153.55436	2.60958
153.79542	2.61427
154.03648	2.61401
154.27754	2.60856
154.51860	2.59842
154.75966	2.58470
155.00072	2.56874
155.24177	2.55186
155.48283	2.53503
155.72389	2.51867
155.96495	2.50268
156.20601	2.48647
156.44707	2.46919
156.68813	2.45003
156.92918	2.42847
157.17024	2.40447
157.41130	2.37859
157.65236	2.35192
157.89342	2.32596
158.13448	2.30234
158.37554	2.28257
158.61659	2.26777
158.85765	2.25847
159.09871	2.25453
159.33977	2.25522
159.58083	2.25930
159.82189	2.26532
160.06295	2.27183
160.30401	2.27762
160.54506	2.28195
160.78612	2.28454
161.02718	2.28565
161.26824	2.28586
161.50930	2.28590
161.75036	2.28644
161.99142	2.28784
162.23247	2.29006
162.47353	2.29260
162.71459	2.29459
162.95565	2.29497
163.19671	2.29271
163.43777	2.28709
163.67883	2.27782
163.91989	2.26524
164.16094	2.25025
164.40200	2.23419
164.64306	2.21862
164.88412	2.20503
165.12518	2.19464
165.36624	2.18812
165.60730	2.18554
165.84835	2.18639
166.08941	2.18971
166.33047	2.19431
166.57153	2.19908
166.81259	2.20314
167.05365	2.20611
167.29471	2.20809
167.53577	2.20966
167.77682	2.21169
168.01788	2.21509
168.25894	2.22061
168.50000	2.22856
168.74106	2.23874
168.98212	2.25036
169.22318	2.26222
169.46423	2.27286
169.70529	2.28086
169.94635	2.28507
170.18741	2.28491
170.42847	2.28044
170.66953	2.27234
170.91059	2.26188
171.15164	2.25060
171.39270	2.24011
171.63376	2.23180
171.87482	2.22657
172.11588	2.22476
172.35694	2.22612
172.59800	2.22990
172.83906	2.23504
173.08011	2.24046
173.32117	2.24524
173.56223	2.24884
173.80329	2.25121
174.04435	2.25274
174.28541	2.25421
174.52647	2.25654
174.76752	2.26059
175.00858	2.26689
175.24964	2.27555
175.49070	2.28612
175.73176	2.29769
175.97282	2.30901
176.21388	2.31874
176.45494	2.32569
176.69599	2.32910
176.93705	2.32873
177.17811	2.32500
177.41917	2.31881
177.66023	2.31149
177.90129	2.30441
178.14235	2.29884
178.38340	2.29564
178.62446	2.29515
178.86552	2.29719
179.10658	2.30112
179.34764	2.30605
179.58870	2.31110
179.82976	2.31560
180.07082	2.31930
180.31187	2.32245
180.55293	2.32573
180.79399	2.33013
181.03505	2.33671
181.27611	2.34634
181.51717	2.35950
181.75823	2.37608
181.99928	2.39540
182.24034	2.41624
182.48140	2.43711
182.72246	2.45642
182.96352	2.47284
183.20458	2.48548
183.44564	2.49407
183.68669	2.49899
183.92775	2.50115
184.16881	2.50185
184.40987	2.50246
184.65093	2.50422
184.89199	2.50795
185.13305	2.51394
185.37411	2.52193
185.61516	2.53121
185.85622	2.54078
186.09728	2.54966
186.33834	2.55712
186.57940	2.56285
186.82046	2.56715
187.06152	2.57082
187.30257	2.57510
187.54363	2.58139
187.78469	2.59096
188.02575	2.60466
188.26681	2.62277
188.50787	2.64479
188.74893	2.66960
188.98999	2.69558
189.23104	2.72088
189.47210	2.74381
189.71316	2.76307
189.95422	2.77803
190.19528	2.78880
190.43634	2.79613
190.67740	2.80128
190.91845	2.80567
191.15951	2.81059
191.40057	2.81692
191.64163	2.82493
191.88269	2.83429
192.12375	2.84411
192.36481	2.85320
192.60587	2.86034
192.84692	2.86461
193.08798	2.86559
193.32904	2.86349
193.57010	2.85918
193.81116	2.85402
194.05222	2.84961
194.29328	2.84752
194.53433	2.84900
194.77539	2.85471
195.01645	2.86464
195.25751	2.87809
195.49857	2.89384
195.73963	2.91034
195.98069	2.92604
196.22174	2.93965
196.46280	2.95037
196.70386	2.95799
196.94492	2.96291
197.18598	2.96602
197.42704	2.96842
197.66810	2.97120
197.90916	2.97519
198.15021	2.98073
198.39127	2.98762
198.63233	2.99513
198.87339	3.00220
199.11445	3.00768
199.35551	3.01059
199.59657	3.01036
199.83762	3.00701
200.07868	3.00118
200.31974	2.99399
200.56080	2.98691
200.80186	2.98137
201.04292	2.97856
201.28398	2.97914
201.52504	2.98310
201.76609	2.98981
202.00715	2.99813
202.24821	3.00663
202.48927	3.01396
202.73033	3.01904
202.97139	3.02134
203.21245	3.02095
203.45350	3.01855
203.69456	3.01519
203.93562	3.01210
204.17668	3.01037
204.41774	3.01069
204.65880	3.01319
204.89986	3.01741
205.14092	3.02236
205.38197	3.02672
205.62303	3.02912
205.86409	3.02839
206.10515	3.02383
206.34621	3.01531
206.58727	3.00336
206.82833	2.98901
207.06938	2.97364
207.31044	2.95870
207.55150	2.94546
207.79256	2.93475
208.03362	2.92688
208.27468	2.92151
208.51574	2.91784
208.75680	2.91470
208.99785	2.91085
209.23891	2.90523
209.47997	2.89714
209.72103	2.88643
209.96209	2.87347
210.20315	2.85910
210.44421	2.84443
210.68526	2.83056
210.92632	2.81837
211.16738	2.80830
211.40844	2.80025
211.64950	2.79357
211.89056	2.78722
212.13162	2.77995
212.37267	2.77061
212.61373	2.75837
212.85479	2.74290
213.09585	2.72445
213.33691	2.70380
213.57797	2.68212
213.81903	2.66073
214.06009	2.64081
214.30114	2.62323
214.54220	2.60837
214.78326	2.59608
215.02432	2.58577
215.26538	2.57656
215.50644	2.56746
215.74750	2.55767
215.98855	2.54670
216.22961	2.53446
216.47067	2.52135
216.71173	2.50808
216.95279	2.49553
217.19385	2.48459
217.43491	2.47587
217.67597	2.46965
217.91702	2.46570
218.15808	2.46336
218.39914	2.46165
218.64020	2.45941
218.88126	2.45553
219.12232	2.44915
219.36338	2.43984
219.60443	2.42761
219.84549	2.41295
220.08655	2.39669
220.32761	2.37983
220.56867	2.36335
220.80973	2.34798
221.05079	2.33413
221.29185	2.32177
221.53290	2.31052
221.77396	2.29976
222.01502	2.28877
222.25608	2.27699
222.49714	2.26413
222.73820	2.25027
222.97926	2.23591
223.22031	2.22186
223.46137	2.20910
223.70243	2.19857
223.94349	2.19098
224.18455	2.18665
224.42561	2.18545
224.66667	2.18675
224.90772	2.18959
225.14878	2.19281
225.38984	2.19524
225.63090	2.19590
225.87196	2.19418
226.11302	2.18987
226.35408	2.18316
226.59514	2.17459
226.83619	2.16485
227.07725	2.15465
227.31831	2.14457
227.55937	2.13491
227.80043	2.12572
228.04149	2.11676
228.28255	2.10764
228.52360	2.09793
228.76466	2.08730
229.00572	2.07565
229.24678	2.06318
229.48784	2.05035
229.72890	2.03790
229.96996	2.02664
230.21102	2.01735
230.45207	2.01062
230.69313	2.00674
230.93419	2.00560
231.17525	2.00674
231.41631	2.00938
231.65737	2.01259
231.89843	2.01540
232.13948	2.01702
232.38054	2.01691
232.62160	2.01488
232.86266	2.01109
233.10372	2.00594
233.34478	2.00001
233.58584	1.99387
233.82690	1.98797
234.06795	1.98251
234.30901	1.97743
234.55007	1.97245
234.79113	1.96712
235.03219	1.96094
235.27325	1.95353
235.51431	1.94474
235.75536	1.93468
235.99642	1.92375
236.23748	1.91261
236.47854	1.90204
236.71960	1.89283
236.96066	1.88565
237.20172	1.88091
237.44277	1.87871
237.68383	1.87885
237.92489	1.88083
238.16595	1.88400
238.40701	1.88765
238.64807	1.89117
238.88913	1.89412
239.13019	1.89633
239.37124	1.89789
239.61230	1.89910
239.85336	1.90037
240.09442	1.90213
240.33548	1.90464
240.57654	1.90797
240.81760	1.91190
241.05865	1.91595
241.29971	1.91950
241.54077	1.92184
241.78183	1.92239
242.02289	1.92079
242.26395	1.91698
242.50501	1.91126
242.74607	1.90426
242.98712	1.89681
243.22818	1.88981
243.46924	1.88408
243.71030	1.88024
243.95136	1.87859
244.19242	1.87910
244.43348	1.88146
244.67453	1.88514
244.91559	1.88953
245.15665	1.89410
245.39771	1.89848
245.63877	1.90255
245.87983	1.90642
246.12089	1.91043
246.36195	1.91502
246.60300	1.92059
246.84406	1.92742
247.08512	1.93556
247.32618	1.94475
247.56724	1.95449
247.80830	1.96407
248.04936	1.97269
248.29041	1.97961
248.53147	1.98431
248.77253	1.98654
249.01359	1.98639
249.25465	1.98433
249.49571	1.98103
249.73677	1.97734
249.97783	1.97407
250.21888	1.97193
250.45994	1.97134
250.70100	1.97246
250.94206	1.97513
251.18312	1.97898
251.42418	1.98353
251.66524	1.98830
251.90629	1.99294
252.14735	1.99730
252.38841	2.00149
252.62947	2.00579
252.87053	2.01067
253.11159	2.01659
253.35265	2.02395
253.59370	2.03292
253.83476	2.04341
254.07582	2.05507
254.31688	2.06728
254.55794	2.07931
254.79900	2.09038
255.04006	2.09984
255.28112	2.10727
255.52217	2.11253
255.76323	2.11578
256.00429	2.11740
256.24535	2.11794
256.48641	2.11796
256.72747	2.11793
256.96853	2.11812
257.20958	2.11858
257.45064	2.11915
257.69170	2.11954
257.93276	2.11941
258.17382	2.11848
258.41488	2.11667
258.65594	2.11412
258.89700	2.11122
259.13805	2.10853
259.37911	2.10674
259.62017	2.10651
259.86123	2.10838
260.10229	2.11262
260.34335	2.11922
260.58441	2.12786
260.82546	2.13793
261.06652	2.14868
261.30758	2.15928
261.54864	2.16899
261.78970	2.17724
262.03076	2.18371
262.27182	2.18837
262.51288	2.19141
262.75393	2.19316
262.99499	2.19403
263.23605	2.19434
263.47711	2.19426
263.71817	2.19376
263.95923	2.19262
264.20029	2.19048
264.44134	2.18692
264.68240	2.18164
264.92346	2.17449
265.16452	2.16562
265.40558	2.15543
265.64664	2.14459
265.88770	2.13391
266.12875	2.12423
266.36981	2.11626
266.61087	2.11047
266.85193	2.10705
267.09299	2.10582
267.33405	2.10633
267.57511	2.10793
267.81617	2.10991
268.05722	2.11160
268.29828	2.11252
268.53934	2.11239
268.78040	2.11120
269.02146	2.10913
269.26252	2.10651
269.50358	2.10367
269.74463	2.10088
269.98569	2.09827
270.22675	2.09574
270.46781	2.09303
270.70887	2.08972
270.94993	2.08533
271.19099	2.07940
271.43205	2.07163
271.67310	2.06190
271.91416	2.05034
272.15522	2.03730
272.39628	2.02330
272.63734	2.00898
272.87840	1.99495
273.11946	1.98172
273.36051	1.96964
273.60157	1.95884
273.84263	1.94926
274.08369	1.94069
274.32475	1.93281
274.56581	1.92533
274.80687	1.91805
275.04793	1.91087
275.28898	1.90387
275.53004	1.89725
275.77110	1.89126
276.01216	1.88617
276.25322	1.88214
276.49428	1.87918
276.73534	1.87707
276.97639	1.87543
277.21745	1.87371
277.45851	1.87126
277.69957	1.86750
277.94063	1.86193
278.18169	1.85426
278.42275	1.84448
278.66380	1.83280
278.90486	1.81964
279.14592	1.80557
279.38698	1.79120
279.62804	1.77706
279.86910	1.76359
280.11016	1.75100
280.35122	1.73938
280.59227	1.72864
280.83333	1.71860
281.07439	1.70909
281.31545	1.69999
281.55651	1.69126
281.79757	1.68299
282.03863	1.67536
282.27968	1.66861
282.52074	1.66293
282.76180	1.65844
283.00286	1.65513
283.24392	1.65279
283.48498	1.65109
283.72604	1.64954
283.96710	1.64762
284.20815	1.64484
284.44921	1.64079
284.69027	1.63523
284.93133	1.62813
285.17239	1.61962
285.41345	1.61001
285.65451	1.59967
285.89556	1.58902
286.13662	1.57837
286.37768	1.56797
286.61874	1.55790
286.85980	1.54811
287.10086	1.53845
287.34192	1.52876
287.58298	1.51888
287.82403	1.50875
288.06509	1.49847
288.30615	1.48823
288.54721	1.47838
288.78827	1.46932
289.02933	1.46142
289.27039	1.45500
289.51144	1.45023
289.75250	1.44708
289.99356	1.44534
290.23462	1.44464
290.47568	1.44449
290.71674	1.44437
290.95780	1.44379
291.19885	1.44236
291.43991	1.43986
291.68097	1.43619
291.92203	1.43143
292.16309	1.42573
292.40415	1.41932
292.64521	1.41241
292.88627	1.40516
293.12732	1.39765
293.36838	1.38987
293.60944	1.38176
293.85050	1.37325
294.09156	1.36425
294.33262	1.35478
294.57368	1.34494
294.81473	1.33495
295.05579	1.32510
295.29685	1.31576
295.53791	1.30731
295.77897	1.30005
296.02003	1.29421
296.26109	1.28987
296.50215	1.28697
296.74320	1.28532
296.98426	1.28462
297.22532	1.28453
297.46638	1.28474
297.70744	1.28498
297.94850	1.28507
298.18956	1.28496
298.43061	1.28468
298.67167	1.28432
298.91273	1.28401
299.15379	1.28381
299.39485	1.28374
299.63591	1.28372
299.87697	1.28357
300.11803	1.28306
300.35908	1.28192
300.60014	1.27993
300.84120	1.27695
301.08226	1.27297
301.32332	1.26811
301.56438	1.26264
301.80544	1.25693
302.04649	1.25138
302.28755	1.24640
302.52861	1.24233
302.76967	1.23938
303.01073	1.23765
303.25179	1.23709
303.49285	1.23754
303.73391	1.23882
303.97496	1.24068
304.21602	1.24293
304.45708	1.24546
304.69814	1.24820
304.93920	1.25118
305.18026	1.25447
305.42132	1.25814
305.66237	1.26225
305.90343	1.26676
306.14449	1.27157
306.38555	1.27650
306.62661	1.28129
306.86767	1.28566
307.10873	1.28934
307.34978	1.29215
307.59084	1.29398
307.83190	1.29487
308.07296	1.29498
308.31402	1.29455
308.55508	1.29390
308.79614	1.29333
309.03720	1.29312
309.27825	1.29344
309.51931	1.29438
309.76037	1.29590
310.00143	1.29791
310.24249	1.30025
310.48355	1.30280
310.72461	1.30547
310.96566	1.30825
311.20672	1.31123
311.44778	1.31455
311.68884	1.31841
311.92990	1.32297
312.17096	1.32837
312.41202	1.33463
312.65308	1.34168
312.89413	1.34932
313.13519	1.35726
313.37625	1.36518
313.61731	1.37274
313.85837	1.37966
314.09943	1.38575
314.34049	1.39094
314.58154	1.39527
314.82260	1.39889
315.06366	1.40200
315.30472	1.40483
315.54578	1.40758
315.78684	1.41038
316.02790	1.41329
316.26896	1.41627
316.51001	1.41922
316.75107	1.42203
316.99213	1.42461
317.23319	1.42693
317.47425	1.42903
317.71531	1.43107
317.95637	1.43331
318.19742	1.43602
318.43848	1.43949
318.67954	1.44396
318.92060	1.44957
319.16166	1.45630
319.40272	1.46402
319.64378	1.47246
319.88483	1.48130
320.12589	1.49017
320.36695	1.49874
320.60801	1.50676
320.84907	1.51409
321.09013	1.52072
321.33119	1.52673
321.57225	1.53226
321.81330	1.53748
322.05436	1.54255
322.29542	1.54752
322.53648	1.55241
322.77754	1.55712
323.01860	1.56154
323.25966	1.56549
323.50071	1.56888
323.74177	1.57163
323.98283	1.57381
324.22389	1.57556
324.46495	1.57712
324.70601	1.57879
324.94707	1.58086
325.18813	1.58359
325.42918	1.58714
325.67024	1.59155
325.91130	1.59675
326.15236	1.60254
326.39342	1.60867
326.63448	1.61486
326.87554	1.62085
327.11659	1.62647
327.35765	1.63163
327.59871	1.63636
327.83977	1.64076
328.08083	1.64499
328.32189	1.64919
328.56295	1.65349
328.80401	1.65790
329.04506	1.66233
329.28612	1.66662
329.52718	1.67051
329.76824	1.67371
330.00930	1.67599
330.25036	1.67717
330.49142	1.67721
330.73247	1.67622
330.97353	1.67444
331.21459	1.67221
331.45565	1.66993
331.69671	1.66798
331.93777	1.66666
332.17883	1.66616
332.41988	1.66651
332.66094	1.66761
332.90200	1.66928
333.14306	1.67125
333.38412	1.67327
333.62518	1.67516
333.86624	1.67679
334.10730	1.67816
334.34835	1.67934
334.58941	1.68044
334.83047	1.68158
335.07153	1.68282
335.31259	1.68413
335.55365	1.68538
335.79471	1.68636
336.03576	1.68677
336.27682	1.68632
336.51788	1.68473
336.75894	1.68185
337.00000	1.67761
337.24106	1.67213
337.48212	1.66561
337.72318	1.65838
337.96423	1.65078
338.20529	1.64316
338.44635	1.63579
338.68741	1.62880
338.92847	1.62225
339.16953	1.61607
339.41059	1.61011
339.65164	1.60422
339.89270	1.59825
340.13376	1.59215
340.37482	1.58595
340.61588	1.57978
340.85694	1.57383
341.09800	1.56832
341.33906	1.56343
341.58011	1.55930
341.82117	1.55591
342.06223	1.55316
342.30329	1.55082
342.54435	1.54858
342.78541	1.54613
343.02647	1.54315
343.26752	1.53941
343.50858	1.53479
343.74964	1.52927
343.99070	1.52293
344.23176	1.51594
344.47282	1.50849
344.71388	1.50078
344.95493	1.49298
345.19599	1.48517
345.43705	1.47737
345.67811	1.46953
345.91917	1.46158
346.16023	1.45339
346.40129	1.44491
346.64235	1.43610
346.88340	1.42701
347.12446	1.41777
347.36552	1.40855
347.60658	1.39959
347.84764	1.39109
348.08870	1.38323
348.32976	1.37611
348.57081	1.36971
348.81187	1.36393
349.05293	1.35858
349.29399	1.35342
349.53505	1.34822
349.77611	1.34274
350.01717	1.33686
350.25823	1.33052
350.49928	1.32374
350.74034	1.31664
350.98140	1.30934
351.22246	1.30199
351.46352	1.29469
351.70458	1.28750
351.94564	1.28041
352.18669	1.27336
352.42775	1.26624
352.66881	1.25894
352.90987	1.25135
353.15093	1.24343
353.39199	1.23518
353.63305	1.22666
353.87411	1.21801
354.11516	1.20938
354.35622	1.20095
354.59728	1.19285
354.83834	1.18521
355.07940	1.17806
355.32046	1.17138
355.56152	1.16509
355.80257	1.15904
356.04363	1.15308
356.28469	1.14707
356.52575	1.14090
356.76681	1.13450
357.00787	1.12788
357.24893	1.12108
357.48999	1.11421
357.73104	1.10737
357.97210	1.10065
358.21316	1.09411
358.45422	1.08775
358.69528	1.08152
358.93634	1.07530
359.17740	1.06898
359.41845	1.06243
359.65951	1.05554
359.90057	1.04828
360.14163	1.04065
360.38269	1.03273
360.62375	1.02464
360.86481	1.01652
361.10586	1.00853
361.34692	1.00078
361.58798	0.99335
361.82904	0.98626
362.07010	0.97949
362.31116	0.97298
362.55222	0.96664
362.79328	0.96041
363.03433	0.95423
363.27539	0.94808
363.51645	0.94198
363.75751	0.93596
363.99857	0.93008
364.23963	0.92440
364.48069	0.91893
364.72174	0.91368
364.96280	0.90859
365.20386	0.90358
365.44492	0.89854
365.68598	0.89338
365.92704	0.88800
366.16810	0.88234
366.40916	0.87640
366.65021	0.87021
366.89127	0.86385
367.13233	0.85741
367.37339	0.85099
367.61445	0.84469
367.85551	0.83857
368.09657	0.83263
368.33762	0.82687
368.57868	0.82120
368.81974	0.81555
369.06080	0.80983
369.30186	0.80393
369.54292	0.79782
369.78398	0.79147
370.02504	0.78490
370.26609	0.77816
370.50715	0.77132
370.74821	0.76445
370.98927	0.75761
371.23033	0.75083
371.47139	0.74408
371.71245	0.73732
371.95350	0.73047
372.19456	0.72341
372.43562	0.71606
372.67668	0.70831
372.91774	0.70012
373.15880	0.69147
373.39986	0.68239
373.64091	0.67295
373.88197	0.66324
374.12303	0.65336
374.36409	0.64337
374.60515	0.63337
374.84621	0.62339
375.08727	0.61345
375.32833	0.60355
375.56938	0.59367
375.81044	0.58379
376.05150	0.57391
376.29256	0.56402
376.53362	0.55418
376.77468	0.54448
377.01574	0.53501
377.25679	0.52584
377.49785	0.51708
377.73891	0.50879
377.97997	0.50103
378.22103	0.49376
378.46209	0.48706
378.70315	0.48092
378.94421	0.47533
379.18526	0.47031
379.42632	0.46587
379.66738	0.46204
379.90844	0.45886
380.14950	0.45639
380.39056	0.45472
380.63162	0.45389
380.87267	0.45396
381.11373	0.45494
381.35479	0.45683
381.59585	0.45960
381.83691	0.46321
382.07797	0.46760
382.31903	0.47270
382.56009	0.47849
382.80114	0.48492
383.04220	0.49199
383.28326	0.49968
383.52432	0.50800
383.76538	0.51696
384.00644	0.52652
384.24750	0.53668
384.48855	0.54739
384.72961	0.55858
384.97067	0.57018
385.21173	0.58208
385.45279	0.59419
385.69385	0.60641
385.93491	0.61865
386.17596	0.63091
386.41702	0.64316
386.65808	0.65542
386.89914	0.66768
387.14020	0.67994
387.38126	0.69220
387.62232	0.70443
387.86338	0.71655
388.10443	0.72850
388.34549	0.74021
388.58655	0.75161
388.82761	0.76264
389.06867	0.77327
389.30973	0.78353
389.55079	0.79345
389.79184	0.80312
390.03290	0.81264
390.27396	0.82210
390.51502	0.83158
390.75608	0.84116
390.99714	0.85085
391.23820	0.86063
391.47926	0.87046
391.72031	0.88026
391.96137	0.88995
392.20243	0.89944
392.44349	0.90867
392.68455	0.91758
392.92561	0.92616
393.16667	0.93441
393.40772	0.94235
393.64878	0.94999
393.88984	0.95738
394.13090	0.96451
394.37196	0.97137
394.61302	0.97794
394.85408	0.98416
395.09514	0.99000
395.33619	0.99543
395.57725	1.00043
395.81831	1.00505
396.05937	1.00936
396.30043	1.01348
396.54149	1.01755
396.78255	1.02173
397.02360	1.02616
397.26466	1.03094
397.50572	1.03614
397.74678	1.04177
397.98784	1.04780
398.22890	1.05416
398.46996	1.06077
398.71102	1.06756
398.95207	1.07449
399.19313	1.08153
399.43419	1.08870
399.67525	1.09604
399.91631	1.10360
400.15737	1.11140
400.39843	1.11943
400.63948	1.12766
400.88054	1.13596
401.12160	1.14420
401.36266	1.15221
401.60372	1.15981
401.84478	1.16684
402.08584	1.17318
402.32689	1.17878
402.56795	1.18363
402.80901	1.18779
403.05007	1.19137
403.29113	1.19451
403.53219	1.19732
403.77325	1.19994
404.01431	1.20242
404.25536	1.20481
404.49642	1.20708
404.73748	1.20919
404.97854	1.21107
405.21960	1.21265
405.46066	1.21389
405.70172	1.21478
405.94277	1.21536
406.18383	1.21571
406.42489	1.21591
406.66595	1.21607
406.90701	1.21627
407.14807	1.21655
407.38913	1.21690
407.63019	1.21727
407.87124	1.21755
408.11230	1.21762
408.35336	1.21734
408.59442	1.21661
408.83548	1.21538
409.07654	1.21361
409.31760	1.21136
409.55865	1.20870
409.79971	1.20572
410.04077	1.20255
410.28183	1.19925
410.52289	1.19589
410.76395	1.19249
411.00501	1.18902
411.24607	1.18543
411.48712	1.18168
411.72818	1.17770
411.96924	1.17346
412.21030	1.16896
412.45136	1.16423
412.69242	1.15934
412.93348	1.15437
413.17453	1.14940
413.41559	1.14449
413.65665	1.13969
413.89771	1.13499
414.13877	1.13035
414.37983	1.12570
414.62089	1.12094
414.86194	1.11597
415.10300	1.11072
415.34406	1.10512
415.58512	1.09918
415.82618	1.09292
416.06724	1.08639
416.30830	1.07967
416.54936	1.07284
416.79041	1.06595
417.03147	1.05903
417.27253	1.05208
417.51359	1.04506
417.75465	1.03791
417.99571	1.03058
418.23677	1.02302
418.47782	1.01521
418.71888	1.00715
418.95994	0.99891
419.20100	0.99055
419.44206	0.98217
419.68312	0.97389
419.92418	0.96577
420.16524	0.95788
420.40629	0.95025
420.64735	0.94286
420.88841	0.93565
421.12947	0.92856
421.37053	0.92151
421.61159	0.91443
421.85265	0.90726
422.09370	0.89998
422.33476	0.89259
422.57582	0.88513
422.81688	0.87766
423.05794	0.87021
423.29900	0.86283
423.54006	0.85553
423.78112	0.84829
424.02217	0.84106
424.26323	0.83375
424.50429	0.82628
424.74535	0.81853
424.98641	0.81044
425.22747	0.80196
425.46853	0.79308
425.70958	0.78384
425.95064	0.77433
426.19170	0.76465
426.43276	0.75492
426.67382	0.74527
426.91488	0.73577
427.15594	0.72651
427.39699	0.71753
427.63805	0.70881
427.87911	0.70036
428.12017	0.69214
428.36123	0.68413
428.60229	0.67632
428.84335	0.66871
429.08441	0.66133
429.32546	0.65418
429.56652	0.64731
429.80758	0.64071
430.04864	0.63439
430.28970	0.62831
430.53076	0.62240
430.77182	0.61660
431.01287	0.61081
431.25393	0.60494
431.49499	0.59893
431.73605	0.59273
431.97711	0.58633
432.21817	0.57971
432.45923	0.57292
432.70029	0.56600
432.94134	0.55901
433.18240	0.55199
433.42346	0.54500
433.66452	0.53807
433.90558	0.53121
434.14664	0.52443
434.38770	0.51776
434.62875	0.51120
434.86981	0.50479
435.11087	0.49858
435.35193	0.49261
435.59299	0.48696
435.83405	0.48170
436.07511	0.47691
436.31617	0.47267
436.55722	0.46902
436.79828	0.46600
437.03934	0.46361
437.28040	0.46184
437.52146	0.46066
437.76252	0.46003
438.00358	0.45992
438.24463	0.46032
438.48569	0.46121
438.72675	0.46262
438.96781	0.46456
439.20887	0.46706
439.44993	0.47012
439.69099	0.47375
439.93204	0.47790
440.17310	0.48253
440.41416	0.48755
440.65522	0.49288
440.89628	0.49841
441.13734	0.50406
441.37840	0.50972
441.61946	0.51534
441.86051	0.52085
442.10157	0.52626
442.34263	0.53157
442.58369	0.53679
442.82475	0.54192
443.06581	0.54698
443.30687	0.55196
443.54792	0.55684
443.78898	0.56158
444.03004	0.56612
444.27110	0.57043
444.51216	0.57446
444.75322	0.57816
444.99428	0.58152
445.23534	0.58454
445.47639	0.58724
445.71745	0.58963
445.95851	0.59176
446.19957	0.59365
446.44063	0.59531
446.68169	0.59673
446.92275	0.59789
447.16380	0.59874
447.40486	0.59925
447.64592	0.59937
447.88698	0.59907
448.12804	0.59836
448.36910	0.59725
448.61016	0.59579
448.85122	0.59405
449.09227	0.59208
449.33333	0.58997
449.57439	0.58776
449.81545	0.58551
450.05651	0.58322
450.29757	0.58092
450.53863	0.57860
450.77968	0.57627
451.02074	0.57395
451.26180	0.57165
451.50286	0.56942
451.74392	0.56732
451.98498	0.56542
452.22604	0.56376
452.46710	0.56240
452.70815	0.56135
452.94921	0.56063
453.19027	0.56019
453.43133	0.55997
453.67239	0.55991
453.91345	0.55992
454.15451	0.55992
454.39556	0.55982
454.63662	0.55958
454.87768	0.55915
455.11874	0.55852
455.35980	0.55768
455.60086	0.55666
455.84192	0.55547
456.08297	0.55416
456.32403	0.55274
456.56509	0.55124
456.80615	0.54968
457.04721	0.54808
457.28827	0.54645
457.52933	0.54483
457.77039	0.54324
458.01144	0.54173
458.25250	0.54036
458.49356	0.53921
458.73462	0.53836
458.97568	0.53786
459.21674	0.53778
459.45780	0.53817
459.69885	0.53904
459.93991	0.54039
460.18097	0.54217
460.42203	0.54436
460.66309	0.54690
460.90415	0.54972
461.14521	0.55280
461.38627	0.55610
461.62732	0.55959
461.86838	0.56327
462.10944	0.56713
462.35050	0.57115
462.59156	0.57534
462.83262	0.57964
463.07368	0.58402
463.31473	0.58842
463.55579	0.59277
463.79685	0.59700
464.03791	0.60105
464.27897	0.60486
464.52003	0.60840
464.76109	0.61166
465.00215	0.61465
465.24320	0.61740
465.48426	0.61995
465.72532	0.62232
465.96638	0.62455
466.20744	0.62665
466.44850	0.62862
466.68956	0.63045
466.93061	0.63211
467.17167	0.63357
467.41273	0.63481
467.65379	0.63584
467.89485	0.63667
468.13591	0.63732
468.37697	0.63783
468.61802	0.63826
468.85908	0.63863
469.10014	0.63897
469.34120	0.63928
469.58226	0.63955
469.82332	0.63972
470.06438	0.63974
470.30544	0.63957
470.54649	0.63915
470.78755	0.63847
471.02861	0.63753
471.26967	0.63635
471.51073	0.63498
471.75179	0.63348
471.99285	0.63192
472.23390	0.63035
472.47496	0.62880
472.71602	0.62728
472.95708	0.62580
473.19814	0.62431
473.43920	0.62280
473.68026	0.62123
473.92132	0.61960
474.16237	0.61790
474.40343	0.61616
474.64449	0.61443
474.88555	0.61275
475.12661	0.61117
475.36767	0.60974
475.60873	0.60849
475.84978	0.60742
476.09084	0.60650
476.33190	0.60570
476.57296	0.60494
476.81402	0.60419
477.05508	0.60336
477.29614	0.60242
477.53720	0.60135
477.77825	0.60013
478.01931	0.59877
478.26037	0.59730
478.50143	0.59576
478.74249	0.59417
478.98355	0.59255
479.22461	0.59092
479.46566	0.58927
479.70672	0.58759
479.94778	0.58587
480.18884	0.58408
480.42990	0.58221
480.67096	0.58028
480.91202	0.57828
481.15307	0.57626
481.39413	0.57425
481.63519	0.57229
481.87625	0.57040
482.11731	0.56862
482.35837	0.56693
482.59943	0.56533
482.84049	0.56378
483.08154	0.56223
483.32260	0.56065
483.56366	0.55899
483.80472	0.55724
484.04578	0.55538
484.28684	0.55343
484.52790	0.55141
484.76895	0.54935
485.01001	0.54729
485.25107	0.54526
485.49213	0.54325
485.73319	0.54127
485.97425	0.53930
486.21531	0.53730
486.45637	0.53524
486.69742	0.53309
486.93848	0.53085
487.17954	0.52850
487.42060	0.52608
487.66166	0.52360
487.90272	0.52112
488.14378	0.51868
488.38483	0.51632
488.62589	0.51406
488.86695	0.51194
489.10801	0.50995
489.34907	0.50807
489.59013	0.50630
489.83119	0.50460
490.07225	0.50295
490.31330	0.50134
490.55436	0.49976
490.79542	0.49820
491.03648	0.49669
491.27754	0.49522
491.51860	0.49383
491.75966	0.49251
492.00071	0.49128
492.24177	0.49013
492.48283	0.48904
492.72389	0.48801
492.96495	0.48699
493.20601	0.48599
493.44707	0.48496
493.68812	0.48392
493.92918	0.48286
494.17024	0.48179
494.41130	0.48073
494.65236	0.47972
494.89342	0.47876
495.13448	0.47787
495.37554	0.47707
495.61659	0.47634
495.85765	0.47566
496.09871	0.47503
496.33977	0.47441
496.58083	0.47378
496.82189	0.47313
497.06295	0.47246
497.30400	0.47175
497.54506	0.47105
497.78612	0.47035
498.02718	0.46970
498.26824	0.46910
498.50930	0.46858
498.75036	0.46814
498.99142	0.46776
499.23247	0.46742
499.47353	0.46708
499.71459	0.46669
499.95565	0.46621
500.19671	0.46561
500.43777	0.46485
500.67883	0.46392
500.91988	0.46283
501.16094	0.46159
501.40200	0.46024
501.64306	0.45880
501.88412	0.45729
502.12518	0.45573
502.36624	0.45410
502.60730	0.45238
502.84835	0.45054
503.08941	0.44853
503.33047	0.44631
503.57153	0.44383
503.81259	0.44109
504.05365	0.43808
504.29471	0.43483
504.53576	0.43140
504.77682	0.42786
505.01788	0.42433
505.25894	0.42092
505.50000	0.41775
505.74106	0.41499
505.98212	0.41277
506.22318	0.41123
506.46423	0.41049
506.70529	0.41066
506.94635	0.41179
507.18741	0.41393
507.42847	0.41705
507.66953	0.42111
507.91059	0.42601
508.15164	0.43161
508.39270	0.43777
508.63376	0.44431
508.87482	0.45104
509.11588	0.45780
509.35694	0.46441
509.59800	0.47076
509.83905	0.47679
510.08011	0.48242
510.32117	0.48766
510.56223	0.49251
510.80329	0.49702
511.04435	0.50124
511.28541	0.50522
511.52647	0.50903
511.76752	0.51268
512.00858	0.51622
512.24964	0.51963
512.49070	0.52291
512.73176	0.52605
512.97282	0.52904
513.21388	0.53186
513.45493	0.53451
513.69599	0.53702
513.93705	0.53942
514.17811	0.54172
514.41917	0.54398
514.66023	0.54621
514.90129	0.54842
515.14235	0.55062
515.38340	0.55279
515.62446	0.55490
515.86552	0.55692
516.10658	0.55882
516.34764	0.56059
516.58870	0.56221
516.82976	0.56369
517.07081	0.56506
517.31187	0.56635
517.55293	0.56760
517.79399	0.56884
518.03505	0.57010
518.27611	0.57139
518.51717	0.57272
518.75823	0.57408
518.99928	0.57544
519.24034	0.57678
519.48140	0.57807
519.72246	0.57930
519.96352	0.58047
520.20458	0.58156
520.44564	0.58260
520.68669	0.58360
520.92775	0.58458
521.16881	0.58555
521.40987	0.58653
521.65093	0.58751
521.89199	0.58849
522.13305	0.58943
522.37410	0.59032
522.61516	0.59112
522.85622	0.59181
523.09728	0.59236
523.33834	0.59278
523.57940	0.59307
523.82046	0.59323
524.06152	0.59331
524.30257	0.59331
524.54363	0.59327
524.78469	0.59320
525.02575	0.59312
525.26681	0.59302
525.50787	0.59292
525.74893	0.59282
525.98998	0.59274
526.23104	0.59270
526.47210	0.59275
526.71316	0.59291
526.95422	0.59325
527.19528	0.59379
527.43634	0.59458
527.67740	0.59563
527.91845	0.59693
528.15951	0.59848
528.40057	0.60023
528.64163	0.60215
528.88269	0.60419
529.12375	0.60632
529.36481	0.60850
529.60586	0.61071
529.84692	0.61296
530.08798	0.61525
530.32904	0.61759
530.57010	0.61998
530.81116	0.62245
531.05222	0.62499
531.29328	0.62758
531.53433	0.63020
531.77539	0.63281
532.01645	0.63537
532.25751	0.63782
532.49857	0.64015
532.73963	0.64230
532.98069	0.64428
533.22174	0.64607
533.46280	0.64769
533.70386	0.64915
533.94492	0.65046
534.18598	0.65164
534.42704	0.65269
534.66810	0.65359
534.90915	0.65434
535.15021	0.65491
535.39127	0.65527
535.63233	0.65542
535.87339	0.65534
536.11445	0.65502
536.35551	0.65449
536.59657	0.65377
536.83762	0.65288
537.07868	0.65185
537.31974	0.65072
537.56080	0.64951
537.80186	0.64822
538.04292	0.64686
538.28398	0.64543
538.52503	0.64393
538.76609	0.64235
539.00715	0.64069
539.24821	0.63896
539.48927	0.63717
539.73033	0.63535
539.97139	0.63353
540.21245	0.63174
540.45350	0.63001
540.69456	0.62838
540.93562	0.62685
541.17668	0.62543
541.41774	0.62411
541.65880	0.62286
541.89986	0.62167
542.14091	0.62052
542.38197	0.61938
542.62303	0.61824
542.86409	0.61712
543.10515	0.61603
543.34621	0.61499
543.58727	0.61402
543.82833	0.61315
544.06938	0.61239
544.31044	0.61173
544.55150	0.61116
544.79256	0.61064
545.03362	0.61013
545.27468	0.60959
545.51574	0.60896
545.75679	0.60820
545.99785	0.60729
546.23891	0.60620
546.47997	0.60493
546.72103	0.60348
546.96209	0.60187
547.20315	0.60010
547.44421	0.59818
547.68526	0.59611
547.92632	0.59386
548.16738	0.59141
548.40844	0.58875
548.64950	0.58585
548.89056	0.58268
549.13162	0.57926
549.37267	0.57560
549.61373	0.57173
549.85479	0.56771
550.09585	0.56359
550.33691	0.55946
550.57797	0.55538
550.81903	0.55144
551.06008	0.54771
551.30114	0.54424
551.54220	0.54111
551.78326	0.53835
552.02432	0.53600
552.26538	0.53409
552.50644	0.53264
552.74750	0.53166
552.98855	0.53113
553.22961	0.53106
553.47067	0.53141
553.71173	0.53217
553.95279	0.53330
554.19385	0.53476
554.43491	0.53650
554.67596	0.53850
554.91702	0.54070
555.15808	0.54306
555.39914	0.54554
555.64020	0.54810
555.88126	0.55070
556.12232	0.55333
556.36338	0.55595
556.60443	0.55853
556.84549	0.56107
557.08655	0.56352
557.32761	0.56587
557.56867	0.56810
557.80973	0.57017
558.05079	0.57206
558.29184	0.57375
558.53290	0.57525
558.77396	0.57653
559.01502	0.57762
559.25608	0.57854
559.49714	0.57931
559.73820	0.57996
559.97926	0.58052
560.22031	0.58101
560.46137	0.58144
560.70243	0.58182
560.94349	0.58213
561.18455	0.58237
561.42561	0.58250
561.66667	0.58252
561.90772	0.58242
562.14878	0.58218
562.38984	0.58184
562.63090	0.58140
562.87196	0.58091
563.11302	0.58040
563.35408	0.57989
563.59513	0.57941
563.83619	0.57897
564.07725	0.57857
564.31831	0.57819
564.55937	0.57782
564.80043	0.57742
565.04149	0.57700
565.28255	0.57654
565.52360	0.57607
565.76466	0.57561
566.00572	0.57520
566.24678	0.57487
566.48784	0.57465
566.72890	0.57457
566.96996	0.57463
567.21101	0.57483
567.45207	0.57513
567.69313	0.57550
567.93419	0.57592
568.17525	0.57635
568.41631	0.57678
568.65737	0.57719
568.89843	0.57761
569.13948	0.57806
569.38054	0.57857
569.62160	0.57916
569.86266	0.57985
570.10372	0.58067
570.34478	0.58161
570.58584	0.58265
570.82689	0.58376
571.06795	0.58491
571.30901	0.58606
571.55007	0.58717
571.79113	0.58824
572.03219	0.58924
572.27325	0.59019
572.51431	0.59110
572.75536	0.59198
572.99642	0.59286
573.23748	0.59375
573.47854	0.59466
573.71960	0.59560
573.96066	0.59654
574.20172	0.59749
574.44277	0.59844
574.68383	0.59938
574.92489	0.60031
575.16595	0.60126
575.40701	0.60226
575.64807	0.60334
575.88913	0.60454
576.13018	0.60591
576.37124	0.60748
576.61230	0.60926
576.85336	0.61126
577.09442	0.61346
577.33548	0.61584
577.57654	0.61837
577.81760	0.62101
578.05865	0.62373
578.29971	0.62649
578.54077	0.62927
578.78183	0.63205
579.02289	0.63482
579.26395	0.63755
579.50501	0.64024
579.74606	0.64287
579.98712	0.64541
580.22818	0.64785
580.46924	0.65016
580.71030	0.65233
580.95136	0.65434
581.19242	0.65621
581.43348	0.65795
581.67453	0.65959
581.91559	0.66118
582.15665	0.66276
582.39771	0.66440
582.63877	0.66613
582.87983	0.66799
583.12089	0.67002
583.36194	0.67220
583.60300	0.67455
583.84406	0.67703
584.08512	0.67962
584.32618	0.68230
584.56724	0.68503
584.80830	0.68782
585.04936	0.69063
585.29041	0.69347
585.53147	0.69633
585.77253	0.69920
586.01359	0.70206
586.25465	0.70487
586.49571	0.70759
586.73677	0.71018
586.97782	0.71256
587.21888	0.71469
587.45994	0.71654
587.70100	0.71810
587.94206	0.71937
588.18312	0.72038
588.42418	0.72120
588.66523	0.72188
588.90629	0.72250
589.14735	0.72312
589.38841	0.72379
589.62947	0.72454
589.87053	0.72538
590.11159	0.72629
590.35265	0.72727
590.59370	0.72830
590.83476	0.72935
591.07582	0.73042
591.31688	0.73152
591.55794	0.73266
591.79900	0.73385
592.04006	0.73513
592.28111	0.73649
592.52217	0.73793
592.76323	0.73942
593.00429	0.74092
593.24535	0.74235
593.48641	0.74364
593.72747	0.74472
593.96853	0.74551
594.20958	0.74596
594.45064	0.74605
594.69170	0.74578
594.93276	0.74517
595.17382	0.74426
595.41488	0.74312
595.65594	0.74181
595.89699	0.74038
596.13805	0.73887
596.37911	0.73734
596.62017	0.73580
596.86123	0.73426
597.10229	0.73273
597.34335	0.73123
597.58441	0.72975
597.82546	0.72832
598.06652	0.72697
598.30758	0.72573
598.54864	0.72464
598.78970	0.72375
599.03076	0.72308
599.27182	0.72266
599.51287	0.72249
599.75393	0.72256
599.99499	0.72281
600.23605	0.72320
600.47711	0.72365
600.71817	0.72409
600.95923	0.72442
601.20029	0.72459
601.44134	0.72452
601.68240	0.72419
601.92346	0.72357
602.16452	0.72264
602.40558	0.72141
602.64664	0.71987
602.88770	0.71803
603.12875	0.71590
603.36981	0.71349
603.61087	0.71080
603.85193	0.70784
604.09299	0.70463
604.33405	0.70121
604.57511	0.69761
604.81616	0.69387
605.05722	0.69004
605.29828	0.68617
605.53934	0.68229
605.78040	0.67842
606.02146	0.67458
606.26252	0.67075
606.50358	0.66691
606.74463	0.66304
606.98569	0.65910
607.22675	0.65506
607.46781	0.65087
607.70887	0.64652
607.94993	0.64198
608.19099	0.63723
608.43204	0.63227
608.67310	0.62709
608.91416	0.62166
609.15522	0.61599
609.39628	0.61006
609.63734	0.60386
609.87840	0.59737
610.11946	0.59061
610.36051	0.58358
610.60157	0.57630
610.84263	0.56880
611.08369	0.56112
611.32475	0.55332
611.56581	0.54547
611.80687	0.53764
612.04792	0.52989
612.28898	0.52229
612.53004	0.51491
612.77110	0.50781
613.01216	0.50106
613.25322	0.49471
613.49428	0.48882
613.73534	0.48343
613.97639	0.47858
614.21745	0.47431
614.45851	0.47061
614.69957	0.46749
614.94063	0.46493
615.18169	0.46288
615.42275	0.46129
615.66380	0.46007
615.90486	0.45917
616.14592	0.45848
616.38698	0.45795
616.62804	0.45749
616.86910	0.45705
617.11016	0.45660
617.35121	0.45610
617.59227	0.45552
617.83333	0.45486
618.07439	0.45412
618.31545	0.45330
618.55651	0.45239
618.79757	0.45140
619.03863	0.45032
619.27968	0.44916
619.52074	0.44791
619.76180	0.44658
620.00286	0.44517
620.24392	0.44370
620.48498	0.44216
620.72604	0.44058
620.96709	0.43896
621.20815	0.43732
621.44921	0.43567
621.69027	0.43399
621.93133	0.43229
622.17239	0.43054
622.41345	0.42871
622.65451	0.42677
622.89556	0.42469
623.13662	0.42243
623.37768	0.41996
623.61874	0.41728
623.85980	0.41438
624.10086	0.41128
624.34192	0.40800
624.58297	0.40457
624.82403	0.40103
625.06509	0.39743
625.30615	0.39380
625.54721	0.39017
625.78827	0.38658
626.02933	0.38303
626.27039	0.37955
626.51144	0.37614
626.75250	0.37280
626.99356	0.36952
627.23462	0.36630
627.47568	0.36312
627.71674	0.35994
627.95780	0.35674
628.19885	0.35347
628.43991	0.35009
628.68097	0.34656
628.92203	0.34283
629.16309	0.33891
629.40415	0.33479
629.64521	0.33050
629.88626	0.32611
630.12732	0.32169
630.36838	0.31734
630.60944	0.31316
630.85050	0.30927
631.09156	0.30575
631.33262	0.30267
631.57368	0.30009
631.81473	0.29800
632.05579	0.29639
632.29685	0.29522
632.53791	0.29442
632.77897	0.29391
633.02003	0.29361
633.26109	0.29344
633.50214	0.29333
633.74320	0.29321
633.98426	0.29303
634.22532	0.29276
634.46638	0.29238
634.70744	0.29186
634.94850	0.29122
635.18956	0.29046
635.43061	0.28960
635.67167	0.28864
635.91273	0.28762
636.15379	0.28654
636.39485	0.28543
636.63591	0.28430
636.87697	0.28317
637.11802	0.28204
637.35908	0.28092
637.60014	0.27982
637.84120	0.27872
638.08226	0.27761
638.32332	0.27648
638.56438	0.27530
638.80544	0.27407
639.04649	0.27276
639.28755	0.27137
639.52861	0.26989
639.76967	0.26833
640.01073	0.26669
640.25179	0.26498
640.49285	0.26322
640.73390	0.26139
640.97496	0.25952
641.21602	0.25759
641.45708	0.25561
641.69814	0.25358
641.93920	0.25149
642.18026	0.24935
642.42132	0.24718
642.66237	0.24499
642.90343	0.24282
643.14449	0.24070
643.38555	0.23867
643.62661	0.23675
643.86767	0.23497
644.10873	0.23336
644.34978	0.23194
644.59084	0.23070
644.83190	0.22964
645.07296	0.22874
645.31402	0.22799
645.55508	0.22737
645.79614	0.22684
646.03719	0.22638
646.27825	0.22596
646.51931	0.22556
646.76037	0.22516
647.00143	0.22473
647.24249	0.22426
647.48355	0.22373
647.72461	0.22313
647.96566	0.22244
648.20672	0.22167
648.44778	0.22080
648.68884	0.21985
648.92990	0.21882
649.17096	0.21772
649.41202	0.21657
649.65307	0.21538
649.89413	0.21416
650.13519	0.21293
650.37625	0.21167
650.61731	0.21041
650.85837	0.20912
651.09943	0.20781
651.34049	0.20647
651.58154	0.20510
651.82260	0.20370
652.06366	0.20227
652.30472	0.20081
652.54578	0.19932
652.78684	0.19780
653.02790	0.19625
653.26895	0.19467
653.51001	0.19304
653.75107	0.19136
653.99213	0.18960
654.23319	0.18776
654.47425	0.18581
654.71531	0.18375
654.95637	0.18157
655.19742	0.17927
655.43848	0.17683
655.67954	0.17427
655.92060	0.17159
656.16166	0.16880
656.40272	0.16589
656.64378	0.16288
656.88483	0.15977
657.12589	0.15656
657.36695	0.15328
657.60801	0.14995
657.84907	0.14660
658.09013	0.14327
658.33119	0.14001
658.57224	0.13688
658.81330	0.13395
659.05436	0.13129
659.29542	0.12896
659.53648	0.12700
659.77754	0.12544
660.01860	0.12429
660.25966	0.12353
660.50071	0.12312
660.74177	0.12301
660.98283	0.12312
661.22389	0.12340
661.46495	0.12375
661.70601	0.12411
661.94707	0.12443
662.18812	0.12466
662.42918	0.12478
662.67024	0.12475
662.91130	0.12459
663.15236	0.12428
663.39342	0.12383
663.63448	0.12325
663.87554	0.12256
664.11659	0.12177
664.35765	0.12090
664.59871	0.11994
664.83977	0.11892
665.08083	0.11785
665.32189	0.11674
665.56295	0.11559
665.80400	0.11440
666.04506	0.11318
666.28612	0.11193
666.52718	0.11064
666.76824	0.10932
667.00930	0.10797
667.25036	0.10658
667.49142	0.10516
667.73247	0.10371
667.97353	0.10224
668.21459	0.10075
668.45565	0.09925
668.69671	0.09774
668.93777	0.09622
669.17883	0.09469
669.41988	0.09315
669.66094	0.09161
669.90200	0.09007
670.14306	0.08853
670.38412	0.08699
670.62518	0.08547
670.86624	0.08396
671.10729	0.08247
671.34835	0.08102
671.58941	0.07960
671.83047	0.07821
672.07153	0.07686
672.31259	0.07554
672.55365	0.07425
672.79471	0.07298
673.03576	0.07173
673.27682	0.07050
673.51788	0.06927
673.75894	0.06805
674.00000	0.06683
674.24106	0.06560
674.48212	0.06437
674.72317	0.06314
674.96423	0.06191
675.20529	0.06067
675.44635	0.05943
675.68741	0.05820
675.92847	0.05697
676.16953	0.05574
676.41059	0.05451
676.65164	0.05330
676.89270	0.05208
677.13376	0.05088
677.37482	0.04968
677.61588	0.04848
677.85694	0.04730
678.09800	0.04613
678.33905	0.04497
678.58011	0.04384
678.82117	0.04273
679.06223	0.04165
679.30329	0.04061
679.54435	0.03961
679.78541	0.03866
680.02647	0.03774
680.26752	0.03685
680.50858	0.03600
680.74964	0.03517
680.99070	0.03435
681.23176	0.03355
681.47282	0.03274
681.71388	0.03194
681.95493	0.03114
682.19599	0.03035
682.43705	0.02957
682.67811	0.02881
682.91917	0.02807
683.16023	0.02737
683.40129	0.02670
683.64234	0.02607
683.88340	0.02547
684.12446	0.02490
684.36552	0.02435
684.60658	0.02383
684.84764	0.02332
685.08870	0.02282
685.32976	0.02234
685.57081	0.02186
685.81187	0.02139
686.05293	0.02093
686.29399	0.02048
686.53505	0.02005
686.77611	0.01963
687.01717	0.01922
687.25822	0.01883
687.49928	0.01845
687.74034	0.01809
687.98140	0.01774
688.22246	0.01740
688.46352	0.01708
688.70458	0.01677
688.94564	0.01648
689.18669	0.01619
689.42775	0.01592
689.66881	0.01566
689.90987	0.01540
690.15093	0.01516
690.39199	0.01492
690.63305	0.01469
690.87410	0.01446
691.11516	0.01425
691.35622	0.01404
691.59728	0.01385
691.83834	0.01366
692.07940	0.01347
692.32046	0.01330
692.56152	0.01312
692.80257	0.01294
693.04363	0.01276
693.28469	0.01257
693.52575	0.01237
693.76681	0.01216
694.00787	0.01193
694.24893	0.01170
694.48998	0.01145
694.73104	0.01119
694.97210	0.01093
695.21316	0.01066
695.45422	0.01039
695.69528	0.01012
695.93634	0.00986
696.17740	0.00959
696.41845	0.00933
696.65951	0.00907
696.90057	0.00882
697.14163	0.00856
697.38269	0.00830
697.62375	0.00804
697.86481	0.00777
698.10586	0.00751
698.34692	0.00724
698.58798	0.00697
698.82904	0.00670
699.07010	0.00645
699.31116	0.00620
699.55222	0.00596
699.79327	0.00574
700.03433	0.00553
700.27539	0.00534
700.51645	0.00516
700.75751	0.00500
700.99857	0.00485
701.23963	0.00471
701.48069	0.00458
701.72174	0.00447
701.96280	0.00436
702.20386	0.00426
702.44492	0.00418
702.68598	0.00410
702.92704	0.00404
703.16810	0.00398
703.40915	0.00393
703.65021	0.00390
703.89127	0.00386
704.13233	0.00383
704.37339	0.00380
704.61445	0.00377
704.85551	0.00374
705.09657	0.00370
705.33762	0.00366
705.57868	0.00362
705.81974	0.00358
706.06080	0.00353
706.30186	0.00349
706.54292	0.00344
706.78398	0.00340
707.02503	0.00337
707.26609	0.00334
707.50715	0.00332
707.74821	0.00331
707.98927	0.00330
708.23033	0.00331
708.47139	0.00333
708.71245	0.00336
708.95350	0.00339
709.19456	0.00342
709.43562	0.00344
709.67668	0.00346
709.91774	0.00348
710.15880	0.00348
710.39986	0.00348
710.64091	0.00348
710.88197	0.00348
711.12303	0.00348
711.36409	0.00349
711.60515	0.00350
711.84621	0.00351
712.08727	0.00353
712.32832	0.00354
712.56938	0.00355
712.81044	0.00356
713.05150	0.00356
713.29256	0.00355
713.53362	0.00354
713.77468	0.00352
714.01574	0.00350
714.25679	0.00348
714.49785	0.00346
714.73891	0.00344
714.97997	0.00343
715.22103	0.00341
715.46209	0.00340
715.70315	0.00340
715.94420	0.00340
716.18526	0.00340
716.42632	0.00340
716.66738	0.00340
716.90844	0.00339
717.14950	0.00339
717.39056	0.00339
717.63162	0.00338
717.87267	0.00337
718.11373	0.00337
718.35479	0.00338
718.59585	0.00338
718.83691	0.00340
719.07797	0.00342
719.31903	0.00345
719.56008	0.00347
719.80114	0.00349
720.04220	0.00349
720.28326	0.00349
720.52432	0.00348
720.76538	0.00345
721.00644	0.00341
721.24750	0.00337
721.48855	0.00332
721.72961	0.00328
721.97067	0.00325
722.21173	0.00322
722.45279	0.00321
722.69385	0.00320
722.93491	0.00321
723.17596	0.00321
723.41702	0.00322
723.65808	0.00322
723.89914	0.00322
724.14020	0.00322
724.38126	0.00321
724.62232	0.00320
724.86337	0.00319
725.10443	0.00318
725.34549	0.00317
725.58655	0.00317
725.82761	0.00317
726.06867	0.00318
726.30973	0.00320
726.55079	0.00322
726.79184	0.00324
727.03290	0.00326
727.27396	0.00328
727.51502	0.00329
727.75608	0.00330
727.99714	0.00330
728.23820	0.00330
728.47925	0.00328
728.72031	0.00326
728.96137	0.00324
729.20243	0.00322
729.44349	0.00320
729.68455	0.00319
729.92561	0.00319
730.16667	0.00319
730.40772	0.00319
730.64878	0.00320
730.88984	0.00321
731.13090	0.00321
731.37196	0.00320
731.61302	0.00319
731.85408	0.00318
732.09513	0.00317
732.33619	0.00315
732.57725	0.00314
732.81831	0.00314
733.05937	0.00313
733.30043	0.00313
733.54149	0.00314
733.78255	0.00315
734.02360	0.00316
734.26466	0.00317
734.50572	0.00317
734.74678	0.00317
734.98784	0.00317
735.22890	0.00316
735.46996	0.00314
735.71101	0.00312
735.95207	0.00309
736.19313	0.00307
736.43419	0.00304
736.67525	0.00302
736.91631	0.00300
737.15737	0.00298
737.39842	0.00297
737.63948	0.00296
737.88054	0.00296
738.12160	0.00296
738.36266	0.00296
738.60372	0.00296
738.84478	0.00296
739.08584	0.00296
739.32689	0.00295
739.56795	0.00294
739.80901	0.00293
740.05007	0.00292
740.29113	0.00290
740.53219	0.00288
740.77325	0.00287
741.01430	0.00286
741.25536	0.00285
741.49642	0.00285
741.73748	0.00286
741.97854	0.00287
742.21960	0.00289
742.46066	0.00290
742.70172	0.00291
742.94277	0.00292
743.18383	0.00292
743.42489	0.00292
743.66595	0.00291
743.90701	0.00290
744.14807	0.00288
744.38913	0.00286
744.63018	0.00285
744.87124	0.00284
745.11230	0.00283
745.35336	0.00283
745.59442	0.00284
745.83548	0.00286
746.07654	0.00289
746.31760	0.00292
746.55865	0.00296
746.79971	0.00301
747.04077	0.00305
747.28183	0.00310
747.52289	0.00315
747.76395	0.00320
748.00501	0.00325
748.24606	0.00329
748.48712	0.00334
748.72818	0.00340
748.96924	0.00345
749.21030	0.00351
749.45136	0.00357
749.69242	0.00363
749.93348	0.00370
750.17453	0.00377
750.41559	0.00384
750.65665	0.00391
750.89771	0.00399
751.13877	0.00407
751.37983	0.00416
751.62089	0.00426
751.86194	0.00436
752.10300	0.00447
752.34406	0.00458
752.58512	0.00469
752.82618	0.00480
753.06724	0.00492
753.30830	0.00504
753.54935	0.00515
753.79041	0.00527
754.03147	0.00539
754.27253	0.00551
754.51359	0.00564
754.75465	0.00577
754.99571	0.00590
755.23677	0.00604
755.47782	0.00618
755.71888	0.00633
755.95994	0.00649
756.20100	0.00665
756.44206	0.00681
756.68312	0.00698
756.92418	0.00715
757.16523	0.00732
757.40629	0.00749
757.64735	0.00767
757.88841	0.00784
758.12947	0.00801
758.37053	0.00817
758.61159	0.00833
758.85265	0.00850
759.09370	0.00866
759.33476	0.00882
759.57582	0.00899
759.81688	0.00916
760.05794	0.00934
760.29900	0.00952
760.54006	0.00969
760.78111	0.00986
761.02217	0.01002
761.26323	0.01017
761.50429	0.01030
761.74535	0.01041
761.98641	0.01051
762.22747	0.01059
762.46853	0.01067
762.70958	0.01075
762.95064	0.01083
763.19170	0.01092
763.43276	0.01102
763.67382	0.01113
763.91488	0.01125
764.15594	0.01137
764.39699	0.01149
764.63805	0.01160
764.87911	0.01170
765.12017	0.01178
765.36123	0.01185
765.60229	0.01190
765.84335	0.01194
766.08440	0.01197
766.32546	0.01200
766.56652	0.01203
766.80758	0.01206
767.04864	0.01210
767.28970	0.01214
767.53076	0.01219
767.77182	0.01224
768.01287	0.01228
768.25393	0.01233
768.49499	0.01237
768.73605	0.01241
768.97711	0.01244
769.21817	0.01246
769.45923	0.01249
769.70028	0.01252
769.94134	0.01256
770.18240	0.01260
770.42346	0.01266
770.66452	0.01273
770.90558	0.01282
771.14664	0.01292
771.38770	0.01304
771.62875	0.01317
771.86981	0.01331
772.11087	0.01347
772.35193	0.01363
772.59299	0.01381
772.83405	0.01399
773.07511	0.01417
773.31616	0.01436
773.55722	0.01455
773.79828	0.01474
774.03934	0.01494
774.28040	0.01514
774.52146	0.01534
774.76252	0.01555
775.00358	0.01577
775.24463	0.01601
775.48569	0.01625
775.72675	0.01651
775.96781	0.01677
776.20887	0.01704
776.44993	0.01730
776.69099	0.01756
776.93204	0.01780
777.17310	0.01803
777.41416	0.01824
777.65522	0.01844
777.89628	0.01861
778.13734	0.01877
778.37840	0.01893
778.61945	0.01907
778.86051	0.01922
779.10157	0.01936
779.34263	0.01951
779.58369	0.01966
779.82475	0.01982
780.06581	0.01998
780.30687	0.02014
780.54792	0.02030
780.78898	0.02046
781.03004	0.02062
781.27110	0.02077
781.51216	0.02091
781.75322	0.02105
781.99428	0.02118
782.23533	0.02131
782.47639	0.02143
782.71745	0.02155
782.95851	0.02166
783.19957	0.02178
783.44063	0.02189
783.68169	0.02200
783.92275	0.02210
784.16380	0.02220
784.40486	0.02228
784.64592	0.02235
784.88698	0.02239
785.12804	0.02241
785.36910	0.02240
785.61016	0.02236
785.85121	0.02231
786.09227	0.02223
786.33333	0.02213
786.57439	0.02202
786.81545	0.02190
787.05651	0.02178
787.29757	0.02165
787.53863	0.02151
787.77968	0.02135
788.02074	0.02118
788.26180	0.02100
788.50286	0.02079
788.74392	0.02057
788.98498	0.02034
789.22604	0.02009
789.46709	0.01984
789.70815	0.01958
789.94921	0.01933
790.19027	0.01908
790.43133	0.01884
790.67239	0.01860
790.91345	0.01836
791.15451	0.01814
791.39556	0.01792
791.63662	0.01771
791.87768	0.01751
792.11874	0.01733
792.35980	0.01716
792.60086	0.01701
792.84192	0.01687
793.08297	0.01676
793.32403	0.01666
793.56509	0.01657
793.80615	0.01650
794.04721	0.01644
794.28827	0.01639
794.52933	0.01636
794.77038	0.01634
795.01144	0.01634
795.25250	0.01635
795.49356	0.01637
795.73462	0.01640
795.97568	0.01644
796.21674	0.01648
796.45780	0.01652
796.69885	0.01656
796.93991	0.01659
797.18097	0.01662
797.42203	0.01664
797.66309	0.01665
797.90415	0.01666
798.14521	0.01665
798.38626	0.01664
798.62732	0.01662
798.86838	0.01659
799.10944	0.01656
799.35050	0.01652
799.59156	0.01648
799.83262	0.01643
800.07368	0.01639
800.31473	0.01635
800.55579	0.01631
800.79685	0.01627
801.03791	0.01624
801.27897	0.01620
801.52003	0.01616
801.76109	0.01613
802.00214	0.01608
802.24320	0.01604
802.48426	0.01598
802.72532	0.01592
802.96638	0.01586
803.20744	0.01579
803.44850	0.01571
803.68956	0.01562
803.93061	0.01552
804.17167	0.01541
804.41273	0.01529
804.65379	0.01515
804.89485	0.01499
805.13591	0.01482
805.37697	0.01464
805.61802	0.01444
805.85908	0.01423
806.10014	0.01401
806.34120	0.01379
806.58226	0.01358
806.82332	0.01338
807.06438	0.01319
807.30543	0.01302
807.54649	0.01288
807.78755	0.01277
808.02861	0.01269
808.26967	0.01265
808.51073	0.01265
808.75179	0.01267
808.99285	0.01274
809.23390	0.01283
809.47496	0.01296
809.71602	0.01311
809.95708	0.01329
810.19814	0.01349
810.43920	0.01371
810.68026	0.01396
810.92131	0.01422
811.16237	0.01450
811.40343	0.01479
811.64449	0.01510
811.88555	0.01541
812.12661	0.01573
812.36767	0.01604
812.60873	0.01634
812.84978	0.01663
813.09084	0.01690
813.33190	0.01714
813.57296	0.01737
813.81402	0.01757
814.05508	0.01774
814.29614	0.01789
814.53719	0.01803
814.77825	0.01815
815.01931	0.01826
815.26037	0.01837
815.50143	0.01847
815.74249	0.01857
815.98355	0.01866
816.22461	0.01875
816.46566	0.01884
816.70672	0.01893
816.94778	0.01901
817.18884	0.01909
817.42990	0.01916
817.67096	0.01923
817.91202	0.01929
818.15307	0.01934
818.39413	0.01938
818.63519	0.01941
818.87625	0.01942
819.11731	0.01943
819.35837	0.01941
819.59943	0.01939
819.84048	0.01936
820.08154	0.01932
820.32260	0.01927
820.56366	0.01923
820.80472	0.01917
821.04578	0.01912
821.28684	0.01907
821.52790	0.01901
821.76895	0.01896
822.01001	0.01891
822.25107	0.01886
822.49213	0.01882
822.73319	0.01878
822.97425	0.01874
823.21531	0.01870
823.45636	0.01867
823.69742	0.01863
823.93848	0.01858
824.17954	0.01853
824.42060	0.01847
824.66166	0.01840
824.90272	0.01832
825.14378	0.01823
825.38483	0.01813
825.62589	0.01802
825.86695	0.01790
826.10801	0.01778
826.34907	0.01764
826.59013	0.01750
826.83119	0.01736
827.07224	0.01721
827.31330	0.01705
827.55436	0.01689
827.79542	0.01673
828.03648	0.01656
828.27754	0.01639
828.51860	0.01622
828.75966	0.01604
829.00071	0.01587
829.24177	0.01571
829.48283	0.01555
829.72389	0.01540
829.96495	0.01526
830.20601	0.01513
830.44707	0.01500
830.68812	0.01487
830.92918	0.01473
831.17024	0.01458
831.41130	0.01442
831.65236	0.01425
831.89342	0.01406
832.13448	0.01385
832.37553	0.01364
832.61659	0.01341
832.85765	0.01317
833.09871	0.01292
833.33977	0.01267
833.58083	0.01241
833.82189	0.01213
834.06295	0.01184
834.30400	0.01153
834.54506	0.01120
834.78612	0.01084
835.02718	0.01046
835.26824	0.01006
835.50930	0.00963
835.75036	0.00918
835.99141	0.00872
836.23247	0.00824
836.47353	0.00775
836.71459	0.00726
836.95565	0.00677
837.19671	0.00627
837.43777	0.00579
837.67883	0.00532
837.91988	0.00486
838.16094	0.00442
838.40200	0.00401
838.64306	0.00363
838.88412	0.00329
839.12518	0.00299
839.36624	0.00275
839.60729	0.00255
839.84835	0.00240
840.08941	0.00230
840.33047	0.00225
840.57153	0.00223
840.81259	0.00225
841.05365	0.00228
841.29471	0.00234
841.53576	0.00241
841.77682	0.00248
842.01788	0.00257
842.25894	0.00267
842.50000	0.00277
842.74106	0.00288
842.98212	0.00299
843.22317	0.00312
843.46423	0.00325
843.70529	0.00339
843.94635	0.00353
844.18741	0.00368
844.42847	0.00382
844.66953	0.00397
844.91059	0.00411
845.15164	0.00424
845.39270	0.00437
845.63376	0.00450
845.87482	0.00461
846.11588	0.00471
846.35694	0.00480
846.59800	0.00489
846.83905	0.00496
847.08011	0.00502
847.32117	0.00507
847.56223	0.00511
847.80329	0.00516
848.04435	0.00520
848.28541	0.00524
848.52646	0.00529
848.76752	0.00535
849.00858	0.00541
849.24964	0.00548
849.49070	0.00556
849.73176	0.00565
849.97282	0.00575
850.21388	0.00585
850.45493	0.00596
850.69599	0.00607
850.93705	0.00617
851.17811	0.00627
851.41917	0.00636
851.66023	0.00644
851.90129	0.00652
852.14234	0.00659
852.38340	0.00665
852.62446	0.00672
852.86552	0.00678
853.10658	0.00685
853.34764	0.00692
853.58870	0.00699
853.82976	0.00706
854.07081	0.00714
854.31187	0.00722
854.55293	0.00731
854.79399	0.00739
855.03505	0.00748
855.27611	0.00757
855.51717	0.00766
855.75822	0.00776
855.99928	0.00785
856.24034	0.00794
856.48140	0.00803
856.72246	0.00811
856.96352	0.00818
857.20458	0.00824
857.44564	0.00829
857.68669	0.00832
857.92775	0.00834
858.16881	0.00836
858.40987	0.00836
858.65093	0.00837
858.89199	0.00836
859.13305	0.00836
859.37410	0.00836
859.61516	0.00836
859.85622	0.00836
860.09728	0.00836
860.33834	0.00836
860.57940	0.00836
860.82046	0.00836
861.06151	0.00835
861.30257	0.00834
861.54363	0.00832
861.78469	0.00829
862.02575	0.00825
862.26681	0.00821
862.50787	0.00815
862.74893	0.00808
862.98998	0.00801
863.23104	0.00794
863.47210	0.00786
863.71316	0.00778
863.95422	0.00770
864.19528	0.00762
864.43634	0.00754
864.67739	0.00745
864.91845	0.00737
865.15951	0.00728
865.40057	0.00719
865.64163	0.00710
865.88269	0.00701
866.12375	0.00692
866.36481	0.00683
866.60586	0.00673
866.84692	0.00663
867.08798	0.00652
867.32904	0.00640
867.57010	0.00627
867.81116	0.00613
868.05222	0.00598
868.29327	0.00582
868.53433	0.00565
868.77539	0.00548
869.01645	0.00532
869.25751	0.00516
869.49857	0.00503
869.73963	0.00491
869.98069	0.00481
870.22174	0.00474
870.46280	0.00469
870.70386	0.00467
870.94492	0.00467
871.18598	0.00468
871.42704	0.00472
871.66810	0.00477
871.90915	0.00483
872.15021	0.00492
872.39127	0.00502
872.63233	0.00515
872.87339	0.00530
873.11445	0.00546
873.35551	0.00564
873.59656	0.00582
873.83762	0.00600
874.07868	0.00617
874.31974	0.00633
874.56080	0.00648
874.80186	0.00661
875.04292	0.00671
875.28398	0.00680
875.52503	0.00686
875.76609	0.00690
876.00715	0.00692
876.24821	0.00693
876.48927	0.00692
876.73033	0.00691
876.97139	0.00688
877.21244	0.00684
877.45350	0.00680
877.69456	0.00676
877.93562	0.00672
878.17668	0.00667
878.41774	0.00662
878.65880	0.00656
878.89986	0.00649
879.14091	0.00640
879.38197	0.00631
879.62303	0.00620
879.86409	0.00608
880.10515	0.00595
880.34621	0.00582
880.58727	0.00569
880.82832	0.00556
881.06938	0.00545
881.31044	0.00535
881.55150	0.00526
881.79256	0.00519
882.03362	0.00513
882.27468	0.00508
882.51574	0.00504
882.75679	0.00500
882.99785	0.00496
883.23891	0.00491
883.47997	0.00486
883.72103	0.00479
883.96209	0.00472
884.20315	0.00463
884.44420	0.00452
884.68526	0.00441
884.92632	0.00429
885.16738	0.00416
885.40844	0.00403
885.64950	0.00390
885.89056	0.00377
886.13161	0.00365
886.37267	0.00353
886.61373	0.00342
886.85479	0.00331
887.09585	0.00321
887.33691	0.00311
887.57797	0.00301
887.81903	0.00291
888.06008	0.00282
888.30114	0.00274
888.54220	0.00266
888.78326	0.00259
889.02432	0.00253
889.26538	0.00248
889.50644	0.00244
889.74749	0.00241
889.98855	0.00238
890.22961	0.00236
890.47067	0.00235
890.71173	0.00233
890.95279	0.00232
891.19385	0.00230
891.43491	0.00228
891.67596	0.00225
891.91702	0.00223
892.15808	0.00220
892.39914	0.00217
892.64020	0.00213
892.88126	0.00210
893.12232	0.00206
893.36337	0.00202
893.60443	0.00199
893.84549	0.00195
894.08655	0.00191
894.32761	0.00186
894.56867	0.00182
894.80973	0.00177
895.05079	0.00172
895.29184	0.00167
895.53290	0.00161
895.77396	0.00156
896.01502	0.00151
896.25608	0.00147
896.49714	0.00143
896.73820	0.00139
896.97925	0.00136
897.22031	0.00134
897.46137	0.00132
897.70243	0.00130
897.94349	0.00129
898.18455	0.00127
898.42561	0.00126
898.66667	0.00125
898.90772	0.00124
899.14878	0.00122
899.38984	0.00119
899.63090	0.00116
