0.00000	0.00242
0.48212	0.00242
0.96423	0.00240
1.44635	0.00235
1.92847	0.00225
2.41059	0.00210
2.89270	0.00189
3.37482	0.00164
3.85694	0.00136
4.33906	0.00111
4.82117	0.00087
5.30329	0.00068
5.78541	0.00054
6.26753	0.00046
6.74964	0.00042
7.23176	0.00040
7.71388	0.00040
8.19599	0.00041
8.67811	0.00043
9.16023	0.00045
9.64235	0.00047
10.12446	0.00049
10.60658	0.00051
11.08870	0.00052
11.57082	0.00052
12.05293	0.00052
12.53505	0.00050
13.01717	0.00045
13.49928	0.00039
13.98140	0.00028
14.46352	0.00015
14.94564	0.00008
15.42775	0.00014
15.90987	0.00029
16.39199	0.00049
16.87411	0.00074
17.35622	0.00103
17.83834	0.00136
18.32046	0.00174
18.80258	0.00216
19.28469	0.00264
19.76681	0.00317
20.24893	0.00374
20.73104	0.00436
21.21316	0.00501
21.69528	0.00569
22.17740	0.00639
22.65951	0.00711
23.14163	0.00784
23.62375	0.00858
24.10587	0.00933
24.58798	0.01011
25.07010	0.01091
25.55222	0.01175
26.03433	0.01263
26.51645	0.01356
26.99857	0.01454
27.48069	0.01558
27.96280	0.01666
28.44492	0.01779
28.92704	0.01896
29.40916	0.02015
29.89127	0.02136
30.37339	0.02260
30.85551	0.02384
31.33763	0.02511
31.81974	0.02641
32.30186	0.02777
32.78398	0.02923
33.26609	0.03083
33.74821	0.03263
34.23033	0.03469
34.71245	0.03708
35.19456	0.03983
35.67668	0.04296
36.15880	0.04646
36.64092	0.05026
37.12303	0.05428
37.60515	0.05841
38.08727	0.06254
38.56938	0.06658
39.05150	0.07044
39.53362	0.07412
40.01574	0.07762
40.49785	0.08100
40.97997	0.08432
41.46209	0.08766
41.94421	0.09104
42.42632	0.09445
42.90844	0.09783
43.39056	0.10105
43.87268	0.10395
44.35479	0.10641
44.83691	0.10832
45.31903	0.10966
45.80114	0.11052
46.28326	0.11111
46.76538	0.11176
47.24750	0.11284
47.72961	0.11477
48.21173	0.11789
48.69385	0.12247
49.17597	0.12860
49.65808	0.13621
50.14020	0.14505
50.62232	0.15474
51.10443	0.16483
51.58655	0.17485
52.06867	0.18443
52.55079	0.19333
53.03290	0.20150
53.51502	0.20905
53.99714	0.21627
54.47926	0.22354
54.96137	0.23127
55.44349	0.23980
55.92561	0.24938
56.40773	0.26007
56.88984	0.27177
57.37196	0.28419
57.85408	0.29692
58.33619	0.30951
58.81831	0.32148
59.30043	0.33244
59.78255	0.34213
60.26466	0.35042
60.74678	0.35737
61.22890	0.36316
61.71102	0.36808
62.19313	0.37245
62.67525	0.37659
63.15737	0.38072
63.63948	0.38499
64.12160	0.38936
64.60372	0.39366
65.08584	0.39761
65.56795	0.40085
66.05007	0.40298
66.53219	0.40367
67.01431	0.40269
67.49642	0.39998
67.97854	0.39568
68.46066	0.39015
68.94278	0.38390
69.42489	0.37759
69.90701	0.37188
70.38913	0.36741
70.87124	0.36465
71.35336	0.36384
71.83548	0.36499
72.31760	0.36780
72.79971	0.37181
73.28183	0.37644
73.76395	0.38110
74.24607	0.38536
74.72818	0.38902
75.21030	0.39220
75.69242	0.39529
76.17453	0.39894
76.65665	0.40392
77.13877	0.41094
77.62089	0.42055
78.10300	0.43294
78.58512	0.44794
79.06724	0.46495
79.54936	0.48311
80.03147	0.50135
80.51359	0.51866
80.99571	0.53421
81.47783	0.54752
81.95994	0.55855
82.44206	0.56770
82.92418	0.57573
83.40629	0.58360
83.88841	0.59233
84.37053	0.60276
84.85265	0.61546
85.33476	0.63055
85.81688	0.64774
86.29900	0.66634
86.78112	0.68535
87.26323	0.70367
87.74535	0.72020
88.22747	0.73409
88.70958	0.74481
89.19170	0.75227
89.67382	0.75683
90.15594	0.75921
90.63805	0.76043
91.12017	0.76162
91.60229	0.76384
92.08441	0.76794
92.56652	0.77435
93.04864	0.78308
93.53076	0.79365
94.01288	0.80518
94.49499	0.81652
94.97711	0.82645
95.45923	0.83387
95.94134	0.83796
96.42346	0.83840
96.90558	0.83536
97.38770	0.82954
97.86981	0.82202
98.35193	0.81416
98.83405	0.80731
99.31617	0.80265
99.79828	0.80098
100.28040	0.80262
100.76252	0.80731
101.24464	0.81433
101.72675	0.82257
102.20887	0.83075
102.69099	0.83757
103.17310	0.84197
103.65522	0.84327
104.13734	0.84128
104.61946	0.83628
105.10157	0.82903
105.58369	0.82062
106.06581	0.81230
106.54793	0.80530
107.03004	0.80065
107.51216	0.79900
107.99428	0.80056
108.47639	0.80504
108.95851	0.81172
109.44063	0.81951
109.92275	0.82719
110.40486	0.83354
110.88698	0.83754
111.36910	0.83859
111.85122	0.83653
112.33333	0.83173
112.81545	0.82500
113.29757	0.81744
113.77969	0.81028
114.26180	0.80463
114.74392	0.80129
115.22604	0.80061
115.70815	0.80242
116.19027	0.80604
116.67239	0.81042
117.15451	0.81433
117.63662	0.81656
118.11874	0.81612
118.60086	0.81247
119.08298	0.80557
119.56509	0.79587
120.04721	0.78430
120.52933	0.77204
121.01144	0.76039
121.49356	0.75052
121.97568	0.74331
122.45780	0.73923
122.93991	0.73826
123.42203	0.73991
123.90415	0.74335
124.38627	0.74748
124.86838	0.75114
125.35050	0.75328
125.83262	0.75312
126.31474	0.75025
126.79685	0.74464
127.27897	0.73670
127.76109	0.72714
128.24320	0.71687
128.72532	0.70685
129.20744	0.69791
129.68956	0.69064
130.17167	0.68529
130.65379	0.68174
131.13591	0.67953
131.61803	0.67795
132.10014	0.67617
132.58226	0.67336
133.06438	0.66889
133.54649	0.66238
134.02861	0.65380
134.51073	0.64345
134.99285	0.63192
135.47496	0.61997
135.95708	0.60843
136.43920	0.59802
136.92132	0.58930
137.40343	0.58256
137.88555	0.57779
138.36767	0.57468
138.84979	0.57272
139.33190	0.57129
139.81402	0.56972
140.29614	0.56747
140.77825	0.56417
141.26037	0.55968
141.74249	0.55412
142.22461	0.54782
142.70672	0.54126
143.18884	0.53501
143.67096	0.52956
144.15308	0.52533
144.63519	0.52249
145.11731	0.52104
145.59943	0.52073
146.08154	0.52113
146.56366	0.52171
147.04578	0.52190
147.52790	0.52124
148.01001	0.51937
148.49213	0.51616
148.97425	0.51168
149.45637	0.50619
149.93848	0.50009
150.42060	0.49383
150.90272	0.48788
151.38484	0.48258
151.86695	0.47813
152.34907	0.47455
152.83119	0.47169
153.31330	0.46925
153.79542	0.46682
154.27754	0.46400
154.75966	0.46043
155.24177	0.45584
155.72389	0.45013
156.20601	0.44336
156.68813	0.43573
157.17024	0.42756
157.65236	0.41925
158.13448	0.41118
158.61659	0.40371
159.09871	0.39709
159.58083	0.39147
160.06295	0.38686
160.54506	0.38315
161.02718	0.38014
161.50930	0.37761
161.99142	0.37531
162.47353	0.37303
162.95565	0.37065
163.43777	0.36814
163.91989	0.36554
164.40200	0.36299
164.88412	0.36067
165.36624	0.35875
165.84835	0.35740
166.33047	0.35671
166.81259	0.35669
167.29471	0.35725
167.77682	0.35824
168.25894	0.35944
168.74106	0.36060
169.22318	0.36150
169.70529	0.36194
170.18741	0.36180
170.66953	0.36104
171.15164	0.35970
171.63376	0.35788
172.11588	0.35571
172.59800	0.35335
173.08011	0.35094
173.56223	0.34856
174.04435	0.34627
174.52647	0.34404
175.00858	0.34183
175.49070	0.33955
175.97282	0.33710
176.45494	0.33441
176.93705	0.33144
177.41917	0.32818
177.90129	0.32470
178.38340	0.32107
178.86552	0.31743
179.34764	0.31391
179.82976	0.31062
180.31187	0.30766
180.79399	0.30507
181.27611	0.30285
181.75823	0.30096
182.24034	0.29930
182.72246	0.29778
183.20458	0.29628
183.68669	0.29472
184.16881	0.29302
184.65093	0.29117
185.13305	0.28918
185.61516	0.28709
186.09728	0.28498
186.57940	0.28293
187.06152	0.28100
187.54363	0.27924
188.02575	0.27767
188.50787	0.27626
188.98999	0.27495
189.47210	0.27366
189.95422	0.27231
190.43634	0.27079
190.91845	0.26904
191.40057	0.26701
191.88269	0.26470
192.36481	0.26214
192.84692	0.25940
193.32904	0.25657
193.81116	0.25375
194.29328	0.25102
194.77539	0.24845
195.25751	0.24608
195.73963	0.24390
196.22174	0.24188
196.70386	0.23995
197.18598	0.23806
197.66810	0.23612
198.15021	0.23408
198.63233	0.23192
199.11445	0.22964
199.59657	0.22727
200.07868	0.22487
200.56080	0.22251
201.04292	0.22027
201.52504	0.21820
202.00715	0.21633
202.48927	0.21466
202.97139	0.21315
203.45350	0.21174
203.93562	0.21033
204.41774	0.20885
204.89986	0.20721
205.38197	0.20534
205.86409	0.20324
206.34621	0.20090
206.82833	0.19838
207.31044	0.19575
207.79256	0.19309
208.27468	0.19050
208.75680	0.18805
209.23891	0.18578
209.72103	0.18371
210.20315	0.18183
210.68526	0.18011
211.16738	0.17847
211.64950	0.17687
212.13162	0.17526
212.61373	0.17360
213.09585	0.17187
213.57797	0.17011
214.06009	0.16835
214.54220	0.16663
215.02432	0.16501
215.50644	0.16353
215.98855	0.16221
216.47067	0.16105
216.95279	0.16003
217.43491	0.15910
217.91702	0.15819
218.39914	0.15724
218.88126	0.15620
219.36338	0.15503
219.84549	0.15371
220.32761	0.15226
220.80973	0.15072
221.29185	0.14914
221.77396	0.14758
222.25608	0.14610
222.73820	0.14474
223.22031	0.14354
223.70243	0.14249
224.18455	0.14158
224.66667	0.14078
225.14878	0.14003
225.63090	0.13928
226.11302	0.13850
226.59514	0.13765
227.07725	0.13672
227.55937	0.13571
228.04149	0.13464
228.52360	0.13354
229.00572	0.13244
229.48784	0.13139
229.96996	0.13041
230.45207	0.12953
230.93419	0.12875
231.41631	0.12808
231.89843	0.12747
232.38054	0.12691
232.86266	0.12634
233.34478	0.12572
233.82690	0.12502
234.30901	0.12420
234.79113	0.12325
235.27325	0.12217
235.75536	0.12098
236.23748	0.11972
236.71960	0.11842
237.20172	0.11712
237.68383	0.11587
238.16595	0.11470
238.64807	0.11360
239.13019	0.11256
239.61230	0.11158
240.09442	0.11059
240.57654	0.10956
241.05865	0.10845
241.54077	0.10721
242.02289	0.10582
242.50501	0.10429
242.98712	0.10263
243.46924	0.10087
243.95136	0.09906
244.43348	0.09723
244.91559	0.09545
245.39771	0.09373
245.87983	0.09211
246.36195	0.09058
246.84406	0.08912
247.32618	0.08772
247.80830	0.08634
248.29041	0.08495
248.77253	0.08352
249.25465	0.08204
249.73677	0.08050
250.21888	0.07892
250.70100	0.07732
251.18312	0.07573
251.66524	0.07419
252.14735	0.07273
252.62947	0.07135
253.11159	0.07007
253.59370	0.06888
254.07582	0.06776
254.55794	0.06668
255.04006	0.06561
255.52217	0.06452
256.00429	0.06340
256.48641	0.06222
256.96853	0.06099
257.45064	0.05972
257.93276	0.05842
258.41488	0.05712
258.89700	0.05584
259.37911	0.05460
259.86123	0.05341
260.34335	0.05228
260.82546	0.05121
261.30758	0.05018
261.78970	0.04918
262.27182	0.04820
262.75393	0.04721
263.23605	0.04620
263.71817	0.04516
264.20029	0.04409
264.68240	0.04299
265.16452	0.04188
265.64664	0.04075
266.12875	0.03964
266.61087	0.03854
267.09299	0.03747
267.57511	0.03644
268.05722	0.03545
268.53934	0.03449
269.02146	0.03356
269.50358	0.03266
269.98569	0.03177
270.46781	0.03089
270.94993	0.03002
271.43205	0.02916
271.91416	0.02830
272.39628	0.02746
272.87840	0.02664
273.36051	0.02585
273.84263	0.02510
274.32475	0.02439
274.80687	0.02373
275.28898	0.02313
275.77110	0.02257
276.25322	0.02206
276.73534	0.02159
277.21745	0.02115
277.69957	0.02073
278.18169	0.02034
278.66380	0.01996
279.14592	0.01960
279.62804	0.01924
280.11016	0.01890
280.59227	0.01858
281.07439	0.01826
281.55651	0.01797
282.03863	0.01769
282.52074	0.01743
283.00286	0.01718
283.48498	0.01694
283.96710	0.01671
284.44921	0.01648
284.93133	0.01624
285.41345	0.01599
285.89556	0.01572
286.37768	0.01543
286.85980	0.01512
287.34192	0.01479
287.82403	0.01444
288.30615	0.01408
288.78827	0.01371
289.27039	0.01335
289.75250	0.01299
290.23462	0.01264
290.71674	0.01231
291.19885	0.01199
291.68097	0.01169
292.16309	0.01139
292.64521	0.01108
293.12732	0.01078
293.60944	0.01047
294.09156	0.01016
294.57368	0.00984
295.05579	0.00953
295.53791	0.00922
296.02003	0.00893
296.50215	0.00866
296.98426	0.00842
297.46638	0.00820
297.94850	0.00800
298.43061	0.00783
298.91273	0.00767
299.39485	0.00752
299.87697	0.00737
300.35908	0.00723
300.84120	0.00709
301.32332	0.00695
301.80544	0.00682
302.28755	0.00670
302.76967	0.00658
303.25179	0.00648
303.73391	0.00638
304.21602	0.00630
304.69814	0.00621
305.18026	0.00613
305.66237	0.00604
306.14449	0.00595
306.62661	0.00585
307.10873	0.00575
307.59084	0.00564
308.07296	0.00553
308.55508	0.00543
309.03720	0.00532
309.51931	0.00522
310.00143	0.00512
310.48355	0.00502
310.96566	0.00491
311.44778	0.00481
311.92990	0.00470
312.41202	0.00459
312.89413	0.00447
313.37625	0.00435
313.85837	0.00424
314.34049	0.00413
314.82260	0.00402
315.30472	0.00392
315.78684	0.00382
316.26896	0.00373
316.75107	0.00363
317.23319	0.00354
317.71531	0.00345
318.19742	0.00336
318.67954	0.00327
319.16166	0.00318
319.64378	0.00311
320.12589	0.00304
320.60801	0.00298
321.09013	0.00292
321.57225	0.00288
322.05436	0.00284
322.53648	0.00280
323.01860	0.00276
323.50071	0.00271
323.98283	0.00267
324.46495	0.00263
324.94707	0.00258
325.42918	0.00254
325.91130	0.00251
326.39342	0.00247
326.87554	0.00244
327.35765	0.00241
327.83977	0.00238
328.32189	0.00234
328.80401	0.00230
329.28612	0.00226
329.76824	0.00221
330.25036	0.00217
330.73247	0.00213
331.21459	0.00210
331.69671	0.00207
332.17883	0.00205
332.66094	0.00204
333.14306	0.00203
333.62518	0.00202
334.10730	0.00201
334.58941	0.00200
335.07153	0.00198
335.55365	0.00196
336.03576	0.00194
336.51788	0.00192
337.00000	0.00191
337.48212	0.00190
337.96423	0.00189
338.44635	0.00189
338.92847	0.00188
339.41059	0.00188
339.89270	0.00187
340.37482	0.00185
340.85694	0.00184
341.33906	0.00182
341.82117	0.00180
342.30329	0.00178
342.78541	0.00177
343.26752	0.00176
343.74964	0.00175
344.23176	0.00175
344.71388	0.00174
345.19599	0.00173
345.67811	0.00172
346.16023	0.00171
346.64235	0.00169
347.12446	0.00166
347.60658	0.00163
348.08870	0.00160
348.57081	0.00158
349.05293	0.00156
349.53505	0.00154
350.01717	0.00154
350.49928	0.00154
350.98140	0.00154
351.46352	0.00154
351.94564	0.00154
352.42775	0.00154
352.90987	0.00153
353.39199	0.00153
353.87411	0.00152
354.35622	0.00151
354.83834	0.00150
355.32046	0.00148
355.80257	0.00148
356.28469	0.00147
356.76681	0.00146
357.24893	0.00145
357.73104	0.00144
358.21316	0.00144
358.69528	0.00143
359.17740	0.00141
359.65951	0.00140
360.14163	0.00139
360.62375	0.00137
361.10586	0.00135
361.58798	0.00134
362.07010	0.00132
362.55222	0.00130
363.03433	0.00129
363.51645	0.00128
363.99857	0.00127
364.48069	0.00127
364.96280	0.00127
365.44492	0.00127
365.92704	0.00128
366.40916	0.00129
366.89127	0.00130
367.37339	0.00131
367.85551	0.00131
368.33762	0.00132
368.81974	0.00132
369.30186	0.00131
369.78398	0.00131
370.26609	0.00131
370.74821	0.00131
371.23033	0.00132
371.71245	0.00132
372.19456	0.00132
372.67668	0.00132
373.15880	0.00131
373.64091	0.00131
374.12303	0.00130
374.60515	0.00129
375.08727	0.00128
375.56938	0.00126
376.05150	0.00125
376.53362	0.00124
377.01574	0.00123
377.49785	0.00122
377.97997	0.00121
378.46209	0.00121
378.94421	0.00120
379.42632	0.00119
379.90844	0.00118
380.39056	0.00116
380.87267	0.00115
381.35479	0.00113
381.83691	0.00112
382.31903	0.00111
382.80114	0.00110
383.28326	0.00109
383.76538	0.00109
384.24750	0.00109
384.72961	0.00109
385.21173	0.00109
385.69385	0.00108
386.17596	0.00107
386.65808	0.00106
387.14020	0.00105
387.62232	0.00104
388.10443	0.00102
388.58655	0.00101
389.06867	0.00101
389.55079	0.00100
390.03290	0.00100
390.51502	0.00099
390.99714	0.00099
391.47926	0.00099
391.96137	0.00098
392.44349	0.00098
392.92561	0.00098
393.40772	0.00098
393.88984	0.00098
394.37196	0.00098
394.85408	0.00098
395.33619	0.00098
395.81831	0.00099
396.30043	0.00099
396.78255	0.00100
397.26466	0.00100
397.74678	0.00100
398.22890	0.00100
398.71102	0.00099
399.19313	0.00098
399.67525	0.00097
400.15737	0.00096
400.63948	0.00094
401.12160	0.00093
401.60372	0.00091
402.08584	0.00090
402.56795	0.00089
403.05007	0.00088
403.53219	0.00087
404.01431	0.00087
404.49642	0.00087
404.97854	0.00087
405.46066	0.00087
405.94277	0.00087
406.42489	0.00087
406.90701	0.00087
407.38913	0.00086
407.87124	0.00086
408.35336	0.00085
408.83548	0.00085
409.31760	0.00084
409.79971	0.00084
410.28183	0.00085
410.76395	0.00085
411.24607	0.00085
411.72818	0.00085
412.21030	0.00086
412.69242	0.00086
413.17453	0.00085
413.65665	0.00085
414.13877	0.00084
414.62089	0.00084
415.10300	0.00083
415.58512	0.00083
416.06724	0.00082
416.54936	0.00081
417.03147	0.00080
417.51359	0.00079
417.99571	0.00078
418.47782	0.00077
418.95994	0.00076
419.44206	0.00074
419.92418	0.00073
420.40629	0.00072
420.88841	0.00071
421.37053	0.00071
421.85265	0.00070
422.33476	0.00070
422.81688	0.00070
423.29900	0.00070
423.78112	0.00071
424.26323	0.00071
424.74535	0.00071
425.22747	0.00071
425.70958	0.00071
426.19170	0.00071
426.67382	0.00070
427.15594	0.00069
427.63805	0.00068
428.12017	0.00067
428.60229	0.00066
429.08441	0.00065
429.56652	0.00064
430.04864	0.00063
430.53076	0.00063
431.01287	0.00063
431.49499	0.00063
431.97711	0.00063
432.45923	0.00062
432.94134	0.00062
433.42346	0.00061
433.90558	0.00060
434.38770	0.00059
434.86981	0.00058
435.35193	0.00057
435.83405	0.00055
436.31617	0.00054
436.79828	0.00053
437.28040	0.00052
437.76252	0.00051
438.24463	0.00051
438.72675	0.00050
439.20887	0.00049
439.69099	0.00048
440.17310	0.00048
440.65522	0.00047
441.13734	0.00047
441.61946	0.00047
442.10157	0.00048
442.58369	0.00048
443.06581	0.00048
443.54792	0.00048
444.03004	0.00048
444.51216	0.00048
444.99428	0.00048
445.47639	0.00048
445.95851	0.00049
446.44063	0.00049
446.92275	0.00049
447.40486	0.00050
447.88698	0.00050
448.36910	0.00051
448.85122	0.00051
449.33333	0.00051
449.81545	0.00052
450.29757	0.00051
450.77968	0.00051
451.26180	0.00051
451.74392	0.00051
452.22604	0.00050
452.70815	0.00050
453.19027	0.00050
453.67239	0.00050
454.15451	0.00050
454.63662	0.00050
455.11874	0.00051
455.60086	0.00051
456.08297	0.00052
456.56509	0.00052
457.04721	0.00052
457.52933	0.00052
458.01144	0.00051
458.49356	0.00050
458.97568	0.00049
459.45780	0.00048
459.93991	0.00047
460.42203	0.00046
460.90415	0.00045
461.38627	0.00045
461.86838	0.00044
462.35050	0.00043
462.83262	0.00043
463.31473	0.00043
463.79685	0.00042
464.27897	0.00042
464.76109	0.00041
465.24320	0.00041
465.72532	0.00041
466.20744	0.00041
466.68956	0.00041
467.17167	0.00040
467.65379	0.00040
468.13591	0.00040
468.61802	0.00040
469.10014	0.00039
469.58226	0.00039
470.06438	0.00039
470.54649	0.00039
471.02861	0.00039
471.51073	0.00039
471.99285	0.00040
472.47496	0.00040
472.95708	0.00040
473.43920	0.00040
473.92132	0.00040
474.40343	0.00041
474.88555	0.00041
475.36767	0.00041
475.84978	0.00041
476.33190	0.00041
476.81402	0.00042
477.29614	0.00042
477.77825	0.00042
478.26037	0.00042
478.74249	0.00042
479.22461	0.00042
479.70672	0.00042
480.18884	0.00042
480.67096	0.00041
481.15307	0.00041
481.63519	0.00040
482.11731	0.00039
482.59943	0.00038
483.08154	0.00037
483.56366	0.00036
484.04578	0.00035
484.52790	0.00034
485.01001	0.00033
485.49213	0.00032
485.97425	0.00031
486.45637	0.00031
486.93848	0.00030
487.42060	0.00030
487.90272	0.00029
488.38483	0.00029
488.86695	0.00029
489.34907	0.00029
489.83119	0.00029
490.31330	0.00029
490.79542	0.00029
491.27754	0.00029
491.75966	0.00029
492.24177	0.00029
492.72389	0.00029
493.20601	0.00028
493.68812	0.00028
494.17024	0.00028
494.65236	0.00028
495.13448	0.00027
495.61659	0.00027
496.09871	0.00027
496.58083	0.00027
497.06295	0.00027
497.54506	0.00027
498.02718	0.00027
498.50930	0.00026
498.99142	0.00026
499.47353	0.00026
499.95565	0.00026
500.43777	0.00026
500.91988	0.00026
501.40200	0.00026
501.88412	0.00026
502.36624	0.00026
502.84835	0.00026
503.33047	0.00025
503.81259	0.00025
504.29471	0.00025
504.77682	0.00025
505.25894	0.00025
505.74106	0.00025
506.22318	0.00025
506.70529	0.00024
507.18741	0.00024
507.66953	0.00023
508.15164	0.00022
508.63376	0.00021
509.11588	0.00020
509.59800	0.00019
510.08011	0.00018
510.56223	0.00017
511.04435	0.00016
511.52647	0.00016
512.00858	0.00016
512.49070	0.00016
512.97282	0.00017
513.45493	0.00018
513.93705	0.00019
514.41917	0.00020
514.90129	0.00021
515.38340	0.00021
515.86552	0.00022
516.34764	0.00023
516.82976	0.00023
517.31187	0.00024
517.79399	0.00024
518.27611	0.00024
518.75823	0.00023
519.24034	0.00023
519.72246	0.00022
520.20458	0.00021
520.68669	0.00020
521.16881	0.00019
521.65093	0.00018
522.13305	0.00018
522.61516	0.00017
523.09728	0.00017
523.57940	0.00017
524.06152	0.00018
524.54363	0.00018
525.02575	0.00018
525.50787	0.00018
525.98998	0.00018
526.47210	0.00018
526.95422	0.00018
527.43634	0.00018
527.91845	0.00017
528.40057	0.00017
528.88269	0.00016
529.36481	0.00016
529.84692	0.00016
530.32904	0.00015
530.81116	0.00015
531.29328	0.00014
531.77539	0.00013
532.25751	0.00013
532.73963	0.00012
533.22174	0.00011
533.70386	0.00010
534.18598	0.00010
534.66810	0.00009
535.15021	0.00009
535.63233	0.00009
536.11445	0.00009
536.59657	0.00009
537.07868	0.00009
537.56080	0.00009
538.04292	0.00009
538.52503	0.00009
539.00715	0.00009
539.48927	0.00009
539.97139	0.00008
540.45350	0.00008
540.93562	0.00008
541.41774	0.00008
541.89986	0.00008
542.38197	0.00008
542.86409	0.00008
543.34621	0.00008
543.82833	0.00008
544.31044	0.00008
544.79256	0.00008
545.27468	0.00008
545.75679	0.00008
546.23891	0.00008
546.72103	0.00008
547.20315	0.00008
547.68526	0.00008
548.16738	0.00008
548.64950	0.00009
549.13162	0.00009
549.61373	0.00008
550.09585	0.00008
550.57797	0.00008
551.06008	0.00007
551.54220	0.00007
552.02432	0.00006
552.50644	0.00006
552.98855	0.00006
553.47067	0.00006
553.95279	0.00006
554.43491	0.00007
554.91702	0.00008
555.39914	0.00009
555.88126	0.00010
556.36338	0.00010
556.84549	0.00011
557.32761	0.00011
557.80973	0.00012
558.29184	0.00012
558.77396	0.00011
559.25608	0.00011
559.73820	0.00010
560.22031	0.00009
560.70243	0.00008
561.18455	0.00007
561.66667	0.00007
562.14878	0.00006
562.63090	0.00006
563.11302	0.00005
563.59513	0.00005
564.07725	0.00004
564.55937	0.00004
565.04149	0.00003
565.52360	0.00002
566.00572	0.00002
566.48784	0.00002
566.96996	0.00002
567.45207	0.00002
567.93419	0.00003
568.41631	0.00004
568.89843	0.00004
569.38054	0.00005
569.86266	0.00006
570.34478	0.00007
570.82689	0.00008
571.30901	0.00008
571.79113	0.00009
572.27325	0.00009
572.75536	0.00009
573.23748	0.00009
573.71960	0.00009
574.20172	0.00009
574.68383	0.00009
575.16595	0.00009
575.64807	0.00008
576.13018	0.00008
576.61230	0.00008
577.09442	0.00007
577.57654	0.00006
578.05865	0.00005
578.54077	0.00004
579.02289	0.00003
579.50501	0.00002
579.98712	0.00002
580.46924	0.00003
580.95136	0.00004
581.43348	0.00005
581.91559	0.00006
582.39771	0.00007
582.87983	0.00007
583.36194	0.00007
583.84406	0.00007
584.32618	0.00006
584.80830	0.00005
585.29041	0.00004
585.77253	0.00003
586.25465	0.00002
586.73677	0.00001
587.21888	0.00000
587.70100	0.00001
588.18312	0.00001
588.66523	0.00002
589.14735	0.00003
589.62947	0.00003
590.11159	0.00003
590.59370	0.00004
591.07582	0.00004
591.55794	0.00004
592.04006	0.00003
592.52217	0.00003
593.00429	0.00003
593.48641	0.00002
593.96853	0.00002
594.45064	0.00002
594.93276	0.00002
595.41488	0.00003
595.89699	0.00002
596.37911	0.00002
596.86123	0.00001
597.34335	0.00001
597.82546	0.00001
598.30758	0.00001
598.78970	0.00002
599.27182	0.00003
599.75393	0.00003
600.23605	0.00003
600.71817	0.00002
601.20029	0.00002
601.68240	0.00001
602.16452	0.00001
602.64664	0.00002
603.12875	0.00002
603.61087	0.00003
604.09299	0.00003
604.57511	0.00004
605.05722	0.00004
605.53934	0.00004
606.02146	0.00004
606.50358	0.00004
606.98569	0.00004
607.46781	0.00004
607.94993	0.00004
608.43204	0.00004
608.91416	0.00005
609.39628	0.00005
609.87840	0.00005
610.36051	0.00005
610.84263	0.00005
611.32475	0.00005
611.80687	0.00004
612.28898	0.00004
612.77110	0.00003
613.25322	0.00002
613.73534	0.00002
614.21745	0.00003
614.69957	0.00004
615.18169	0.00005
615.66380	0.00006
616.14592	0.00007
616.62804	0.00008
617.11016	0.00008
617.59227	0.00008
618.07439	0.00008
618.55651	0.00007
619.03863	0.00007
619.52074	0.00006
620.00286	0.00005
620.48498	0.00004
620.96709	0.00004
621.44921	0.00004
621.93133	0.00004
622.41345	0.00005
622.89556	0.00005
623.37768	0.00006
623.85980	0.00006
624.34192	0.00006
624.82403	0.00006
625.30615	0.00006
625.78827	0.00006
626.27039	0.00006
626.75250	0.00005
627.23462	0.00005
627.71674	0.00004
628.19885	0.00003
628.68097	0.00002
629.16309	0.00001
629.64521	0.00000
630.12732	0.00001
630.60944	0.00001
631.09156	0.00002
631.57368	0.00002
632.05579	0.00003
632.53791	0.00003
633.02003	0.00003
633.50214	0.00003
633.98426	0.00003
634.46638	0.00002
634.94850	0.00002
635.43061	0.00001
635.91273	0.00001
636.39485	0.00002
636.87697	0.00002
637.35908	0.00003
637.84120	0.00003
638.32332	0.00004
638.80544	0.00004
639.28755	0.00004
639.76967	0.00004
640.25179	0.00004
640.73390	0.00004
641.21602	0.00003
641.69814	0.00003
642.18026	0.00003
642.66237	0.00003
643.14449	0.00002
643.62661	0.00002
644.10873	0.00002
644.59084	0.00002
645.07296	0.00001
645.55508	0.00001
646.03719	0.00000
646.51931	-0.00000
647.00143	0.00000
647.48355	0.00001
647.96566	0.00002
648.44778	0.00002
648.92990	0.00003
649.41202	0.00003
649.89413	0.00004
650.37625	0.00004
650.85837	0.00005
651.34049	0.00006
651.82260	0.00006
652.30472	0.00007
652.78684	0.00007
653.26895	0.00007
653.75107	0.00008
654.23319	0.00008
654.71531	0.00007
655.19742	0.00007
655.67954	0.00007
656.16166	0.00007
656.64378	0.00006
657.12589	0.00006
657.60801	0.00006
658.09013	0.00005
658.57224	0.00005
659.05436	0.00005
659.53648	0.00004
660.01860	0.00004
660.50071	0.00004
660.98283	0.00003
661.46495	0.00003
661.94707	0.00003
662.42918	0.00002
662.91130	0.00002
663.39342	0.00003
663.87554	0.00003
664.35765	0.00003
664.83977	0.00003
665.32189	0.00004
665.80400	0.00004
666.28612	0.00005
666.76824	0.00005
667.25036	0.00006
667.73247	0.00006
668.21459	0.00006
668.69671	0.00006
669.17883	0.00006
669.66094	0.00006
670.14306	0.00006
670.62518	0.00006
671.10729	0.00006
671.58941	0.00006
672.07153	0.00007
672.55365	0.00007
673.03576	0.00008
673.51788	0.00008
674.00000	0.00007
674.48212	0.00007
674.96423	0.00006
675.44635	0.00005
675.92847	0.00004
676.41059	0.00003
676.89270	0.00003
677.37482	0.00003
677.85694	0.00003
678.33905	0.00004
678.82117	0.00004
679.30329	0.00005
679.78541	0.00005
680.26752	0.00005
680.74964	0.00004
681.23176	0.00004
681.71388	0.00004
682.19599	0.00003
682.67811	0.00002
683.16023	0.00002
683.64234	0.00001
684.12446	0.00001
684.60658	0.00001
685.08870	0.00002
685.57081	0.00002
686.05293	0.00002
686.53505	0.00003
687.01717	0.00004
687.49928	0.00005
687.98140	0.00005
688.46352	0.00006
688.94564	0.00007
689.42775	0.00008
689.90987	0.00008
690.39199	0.00008
690.87410	0.00007
691.35622	0.00007
691.83834	0.00006
692.32046	0.00005
692.80257	0.00004
693.28469	0.00003
693.76681	0.00003
694.24893	0.00003
694.73104	0.00003
695.21316	0.00004
695.69528	0.00004
696.17740	0.00005
696.65951	0.00005
697.14163	0.00005
697.62375	0.00004
698.10586	0.00004
698.58798	0.00004
699.07010	0.00003
699.55222	0.00003
700.03433	0.00002
700.51645	0.00001
700.99857	0.00000
701.48069	0.00000
701.96280	0.00000
702.44492	0.00001
702.92704	0.00001
703.40915	0.00002
703.89127	0.00002
704.37339	0.00002
704.85551	0.00002
705.33762	0.00001
705.81974	0.00001
706.30186	0.00001
706.78398	0.00001
707.26609	0.00002
707.74821	0.00002
708.23033	0.00002
708.71245	0.00002
709.19456	0.00002
709.67668	0.00002
710.15880	0.00002
710.64091	0.00002
711.12303	0.00002
711.60515	0.00002
712.08727	0.00002
712.56938	0.00002
713.05150	0.00002
713.53362	0.00002
714.01574	0.00002
714.49785	0.00002
714.97997	0.00002
715.46209	0.00002
715.94420	0.00002
716.42632	0.00003
716.90844	0.00003
717.39056	0.00003
717.87267	0.00003
718.35479	0.00003
718.83691	0.00003
719.31903	0.00003
719.80114	0.00003
720.28326	0.00003
720.76538	0.00003
721.24750	0.00004
721.72961	0.00004
722.21173	0.00004
722.69385	0.00004
723.17596	0.00003
723.65808	0.00003
724.14020	0.00003
724.62232	0.00003
725.10443	0.00002
725.58655	0.00002
726.06867	0.00002
726.55079	0.00002
727.03290	0.00002
727.51502	0.00002
727.99714	0.00002
728.47925	0.00003
728.96137	0.00003
729.44349	0.00002
729.92561	0.00002
730.40772	0.00002
730.88984	0.00002
731.37196	0.00003
731.85408	0.00003
732.33619	0.00004
732.81831	0.00004
733.30043	0.00005
733.78255	0.00005
734.26466	0.00005
734.74678	0.00005
735.22890	0.00005
735.71101	0.00005
736.19313	0.00005
736.67525	0.00005
737.15737	0.00005
737.63948	0.00005
738.12160	0.00005
738.60372	0.00004
739.08584	0.00004
739.56795	0.00003
740.05007	0.00003
740.53219	0.00002
741.01430	0.00002
741.49642	0.00002
741.97854	0.00002
742.46066	0.00002
742.94277	0.00002
743.42489	0.00003
743.90701	0.00003
744.38913	0.00003
744.87124	0.00004
745.35336	0.00004
745.83548	0.00004
746.31760	0.00004
746.79971	0.00003
747.28183	0.00003
747.76395	0.00002
748.24606	0.00002
748.72818	0.00001
749.21030	0.00001
749.69242	0.00000
750.17453	0.00000
750.65665	0.00000
751.13877	0.00000
751.62089	0.00001
752.10300	0.00001
752.58512	0.00002
753.06724	0.00003
753.54935	0.00003
754.03147	0.00004
754.51359	0.00004
754.99571	0.00004
755.47782	0.00004
755.95994	0.00004
756.44206	0.00004
756.92418	0.00003
757.40629	0.00003
757.88841	0.00004
758.37053	0.00004
758.85265	0.00004
759.33476	0.00005
759.81688	0.00005
760.29900	0.00006
760.78111	0.00007
761.26323	0.00007
761.74535	0.00007
762.22747	0.00007
762.70958	0.00006
763.19170	0.00005
763.67382	0.00004
764.15594	0.00004
764.63805	0.00003
765.12017	0.00002
765.60229	0.00002
766.08440	0.00002
766.56652	0.00002
767.04864	0.00003
767.53076	0.00003
768.01287	0.00003
768.49499	0.00004
768.97711	0.00004
769.45923	0.00003
769.94134	0.00003
770.42346	0.00003
770.90558	0.00002
771.38770	0.00002
771.86981	0.00001
772.35193	0.00000
772.83405	0.00000
773.31616	0.00001
773.79828	0.00002
774.28040	0.00003
774.76252	0.00004
775.24463	0.00004
775.72675	0.00004
776.20887	0.00004
776.69099	0.00004
777.17310	0.00004
777.65522	0.00003
778.13734	0.00002
778.61945	0.00001
779.10157	0.00001
779.58369	0.00001
780.06581	0.00002
780.54792	0.00003
781.03004	0.00003
781.51216	0.00003
781.99428	0.00003
782.47639	0.00003
782.95851	0.00003
783.44063	0.00003
783.92275	0.00003
784.40486	0.00003
784.88698	0.00003
785.36910	0.00003
785.85121	0.00003
786.33333	0.00003
786.81545	0.00003
787.29757	0.00003
787.77968	0.00003
788.26180	0.00002
788.74392	0.00002
789.22604	0.00001
789.70815	0.00001
790.19027	0.00002
790.67239	0.00003
791.15451	0.00004
791.63662	0.00005
792.11874	0.00005
792.60086	0.00006
793.08297	0.00006
793.56509	0.00006
794.04721	0.00006
794.52933	0.00005
795.01144	0.00005
795.49356	0.00005
795.97568	0.00005
796.45780	0.00005
796.93991	0.00005
797.42203	0.00004
797.90415	0.00004
798.38626	0.00003
798.86838	0.00003
799.35050	0.00002
799.83262	0.00002
800.31473	0.00002
800.79685	0.00002
801.27897	0.00002
801.76109	0.00002
802.24320	0.00002
802.72532	0.00003
803.20744	0.00003
803.68956	0.00004
804.17167	0.00005
804.65379	0.00005
805.13591	0.00005
805.61802	0.00005
806.10014	0.00005
806.58226	0.00004
807.06438	0.00004
807.54649	0.00004
808.02861	0.00003
808.51073	0.00002
808.99285	0.00002
809.47496	0.00002
809.95708	0.00003
810.43920	0.00003
810.92131	0.00004
811.40343	0.00005
811.88555	0.00006
812.36767	0.00006
812.84978	0.00006
813.33190	0.00006
813.81402	0.00005
814.29614	0.00004
814.77825	0.00004
815.26037	0.00003
815.74249	0.00003
816.22461	0.00002
816.70672	0.00002
817.18884	0.00002
817.67096	0.00002
818.15307	0.00002
818.63519	0.00002
819.11731	0.00002
819.59943	0.00002
820.08154	0.00002
820.56366	0.00003
821.04578	0.00003
821.52790	0.00004
822.01001	0.00004
822.49213	0.00005
822.97425	0.00005
823.45636	0.00006
823.93848	0.00006
824.42060	0.00007
824.90272	0.00007
825.38483	0.00007
825.86695	0.00007
826.34907	0.00006
826.83119	0.00006
827.31330	0.00005
827.79542	0.00004
828.27754	0.00003
828.75966	0.00001
829.24177	0.00000
829.72389	-0.00000
830.20601	0.00000
830.68812	0.00001
831.17024	0.00002
831.65236	0.00002
832.13448	0.00002
832.61659	0.00002
833.09871	0.00002
833.58083	0.00002
834.06295	0.00002
834.54506	0.00001
835.02718	0.00001
835.50930	0.00001
835.99141	0.00000
836.47353	0.00001
836.95565	0.00001
837.43777	0.00002
837.91988	0.00003
838.40200	0.00003
838.88412	0.00004
839.36624	0.00004
839.84835	0.00005
840.33047	0.00004
840.81259	0.00004
841.29471	0.00004
841.77682	0.00003
842.25894	0.00002
842.74106	0.00002
843.22317	0.00001
843.70529	0.00001
844.18741	0.00001
844.66953	0.00001
845.15164	0.00002
845.63376	0.00002
846.11588	0.00002
846.59800	0.00002
847.08011	0.00002
847.56223	0.00002
848.04435	0.00002
848.52646	0.00002
849.00858	0.00002
849.49070	0.00002
849.97282	0.00002
850.45493	0.00002
850.93705	0.00002
851.41917	0.00002
851.90129	0.00003
852.38340	0.00003
852.86552	0.00003
853.34764	0.00004
853.82976	0.00004
854.31187	0.00004
854.79399	0.00003
855.27611	0.00003
855.75822	0.00002
856.24034	0.00002
856.72246	0.00001
857.20458	0.00001
857.68669	0.00002
858.16881	0.00002
858.65093	0.00003
859.13305	0.00003
859.61516	0.00003
860.09728	0.00003
860.57940	0.00003
861.06151	0.00002
861.54363	0.00002
862.02575	0.00001
862.50787	0.00000
862.98998	-0.00000
863.47210	0.00000
863.95422	0.00001
864.43634	0.00001
864.91845	0.00002
865.40057	0.00002
865.88269	0.00002
866.36481	0.00001
866.84692	0.00001
867.32904	0.00001
867.81116	0.00000
868.29327	0.00001
868.77539	0.00001
869.25751	0.00001
869.73963	0.00002
870.22174	0.00002
870.70386	0.00002
871.18598	0.00002
871.66810	0.00003
872.15021	0.00003
872.63233	0.00003
873.11445	0.00003
873.59656	0.00003
874.07868	0.00003
874.56080	0.00002
875.04292	0.00002
875.52503	0.00001
876.00715	0.00001
876.48927	0.00001
876.97139	0.00003
877.45350	0.00003
877.93562	0.00004
878.41774	0.00005
878.89986	0.00005
879.38197	0.00005
879.86409	0.00005
880.34621	0.00005
880.82832	0.00005
881.31044	0.00005
881.79256	0.00005
882.27468	0.00004
882.75679	0.00004
883.23891	0.00003
883.72103	0.00003
884.20315	0.00002
884.68526	0.00001
885.16738	0.00001
885.64950	0.00001
886.13161	0.00001
886.61373	0.00002
887.09585	0.00002
887.57797	0.00002
888.06008	0.00002
888.54220	0.00002
889.02432	0.00002
889.50644	0.00002
889.98855	0.00001
890.47067	0.00001
890.95279	0.00001
891.43491	0.00001
891.91702	0.00001
892.39914	0.00001
892.88126	0.00001
893.36337	0.00001
893.84549	0.00001
894.32761	0.00002
894.80973	0.00002
895.29184	0.00002
895.77396	0.00002
896.25608	0.00003
896.73820	0.00003
897.22031	0.00003
897.70243	0.00003
898.18455	0.00002
898.66667	0.00002
899.14878	0.00002
899.63090	0.00002
900.11302	0.00002
900.59513	0.00002
901.07725	0.00003
901.55937	0.00003
902.04149	0.00003
902.52360	0.00003
903.00572	0.00003
903.48784	0.00003
903.96996	0.00003
904.45207	0.00003
904.93419	0.00003
905.41631	0.00003
905.89842	0.00002
906.38054	0.00002
906.86266	0.00001
907.34478	0.00001
907.82689	0.00001
908.30901	0.00001
908.79113	0.00002
909.27325	0.00002
909.75536	0.00003
910.23748	0.00004
910.71960	0.00004
911.20172	0.00005
911.68383	0.00005
912.16595	0.00006
912.64807	0.00006
913.13018	0.00006
913.61230	0.00005
914.09442	0.00005
914.57654	0.00004
915.05865	0.00004
915.54077	0.00003
916.02289	0.00003
916.50501	0.00003
916.98712	0.00004
917.46924	0.00005
917.95136	0.00005
918.43347	0.00006
918.91559	0.00006
919.39771	0.00006
919.87983	0.00006
920.36194	0.00006
920.84406	0.00006
921.32618	0.00005
921.80830	0.00005
922.29041	0.00005
922.77253	0.00004
923.25465	0.00004
923.73677	0.00004
924.21888	0.00003
924.70100	0.00003
925.18312	0.00003
925.66523	0.00003
926.14735	0.00003
926.62947	0.00003
927.11159	0.00003
927.59370	0.00003
928.07582	0.00003
928.55794	0.00004
929.04006	0.00004
929.52217	0.00004
930.00429	0.00004
930.48641	0.00005
930.96852	0.00005
931.45064	0.00005
931.93276	0.00005
932.41488	0.00004
932.89699	0.00004
933.37911	0.00004
933.86123	0.00004
934.34335	0.00003
934.82546	0.00003
935.30758	0.00003
935.78970	0.00002
936.27182	0.00002
936.75393	0.00002
937.23605	0.00002
937.71817	0.00002
938.20028	0.00001
938.68240	0.00001
939.16452	0.00001
939.64664	0.00001
940.12875	0.00001
940.61087	0.00001
941.09299	0.00001
941.57511	0.00001
942.05722	0.00001
942.53934	0.00002
943.02146	0.00002
943.50357	0.00002
943.98569	0.00002
944.46781	0.00003
944.94993	0.00003
945.43204	0.00003
945.91416	0.00004
946.39628	0.00004
946.87840	0.00005
947.36051	0.00005
947.84263	0.00005
948.32475	0.00005
948.80687	0.00006
949.28898	0.00006
949.77110	0.00006
950.25322	0.00006
950.73533	0.00006
951.21745	0.00005
951.69957	0.00005
952.18169	0.00004
952.66380	0.00003
953.14592	0.00002
953.62804	0.00002
954.11016	0.00002
954.59227	0.00002
955.07439	0.00003
955.55651	0.00003
956.03862	0.00003
956.52074	0.00004
957.00286	0.00004
957.48498	0.00003
957.96709	0.00003
958.44921	0.00002
958.93133	0.00001
959.41345	0.00001
959.89556	0.00001
960.37768	0.00001
960.85980	0.00002
961.34192	0.00002
961.82403	0.00003
962.30615	0.00003
962.78827	0.00004
963.27038	0.00004
963.75250	0.00005
964.23462	0.00005
964.71674	0.00006
965.19885	0.00006
965.68097	0.00006
966.16309	0.00006
966.64521	0.00006
967.12732	0.00006
967.60944	0.00005
968.09156	0.00004
968.57367	0.00003
969.05579	0.00002
969.53791	0.00001
970.02003	0.00002
970.50214	0.00003
970.98426	0.00003
971.46638	0.00004
971.94850	0.00004
972.43061	0.00004
972.91273	0.00004
973.39485	0.00004
973.87697	0.00004
974.35908	0.00003
974.84120	0.00003
975.32332	0.00002
975.80543	0.00002
976.28755	0.00002
976.76967	0.00002
977.25179	0.00001
977.73390	0.00001
978.21602	0.00001
978.69814	0.00001
979.18026	0.00001
979.66237	0.00001
980.14449	0.00002
980.62661	0.00002
981.10872	0.00002
981.59084	0.00002
982.07296	0.00002
982.55508	0.00002
983.03719	0.00002
983.51931	0.00002
984.00143	0.00002
984.48355	0.00002
984.96566	0.00002
985.44778	0.00003
985.92990	0.00003
986.41202	0.00003
986.89413	0.00003
987.37625	0.00003
987.85837	0.00003
988.34048	0.00003
988.82260	0.00004
989.30472	0.00004
989.78684	0.00004
990.26895	0.00004
990.75107	0.00005
991.23319	0.00005
991.71531	0.00005
992.19742	0.00005
992.67954	0.00005
993.16166	0.00005
993.64378	0.00004
994.12589	0.00004
994.60801	0.00003
995.09013	0.00003
995.57224	0.00002
996.05436	0.00002
996.53648	0.00002
997.01860	0.00002
997.50071	0.00002
997.98283	0.00002
998.46495	0.00002
998.94707	0.00002
999.42918	0.00002
