0.00000	0.00182
0.48212	0.00182
0.96423	0.00182
1.44635	0.00180
1.92847	0.00173
2.41059	0.00163
2.89270	0.00148
3.37482	0.00130
3.85694	0.00109
4.33906	0.00090
4.82117	0.00072
5.30329	0.00057
5.78541	0.00046
6.26753	0.00039
6.74964	0.00035
7.23176	0.00033
7.71388	0.00033
8.19599	0.00035
8.67811	0.00036
9.16023	0.00038
9.64235	0.00041
10.12446	0.00043
10.60658	0.00045
11.08870	0.00046
11.57082	0.00047
12.05293	0.00047
12.53505	0.00046
13.01717	0.00043
13.49928	0.00038
13.98140	0.00026
14.46352	0.00011
14.94564	0.00004
15.42775	0.00011
15.90987	0.00028
16.39199	0.00049
16.87411	0.00074
17.35622	0.00104
17.83834	0.00137
18.32046	0.00175
18.80258	0.00217
19.28469	0.00264
19.76681	0.00316
20.24893	0.00372
20.73104	0.00431
21.21316	0.00494
21.69528	0.00560
22.17740	0.00628
22.65951	0.00698
23.14163	0.00770
23.62375	0.00843
24.10587	0.00917
24.58798	0.00995
25.07010	0.01075
25.55222	0.01158
26.03433	0.01246
26.51645	0.01339
26.99857	0.01438
27.48069	0.01541
27.96280	0.01648
28.44492	0.01760
28.92704	0.01875
29.40916	0.01992
29.89127	0.02111
30.37339	0.02232
30.85551	0.02354
31.33763	0.02478
31.81974	0.02605
32.30186	0.02738
32.78398	0.02881
33.26609	0.03038
33.74821	0.03215
34.23033	0.03418
34.71245	0.03653
35.19456	0.03922
35.67668	0.04228
36.15880	0.04568
36.64092	0.04938
37.12303	0.05329
37.60515	0.05731
38.08727	0.06133
38.56938	0.06526
39.05150	0.06902
39.53362	0.07261
40.01574	0.07602
40.49785	0.07932
40.97997	0.08257
41.46209	0.08584
41.94421	0.08914
42.42632	0.09247
42.90844	0.09575
43.39056	0.09888
43.87268	0.10169
44.35479	0.10405
44.83691	0.10588
45.31903	0.10715
45.80114	0.10795
46.28326	0.10850
46.76538	0.10911
47.24750	0.11014
47.72961	0.11200
48.21173	0.11503
48.69385	0.11947
49.17597	0.12541
49.65808	0.13277
50.14020	0.14133
50.62232	0.15069
51.10443	0.16043
51.58655	0.17010
52.06867	0.17935
52.55079	0.18794
53.03290	0.19582
53.51502	0.20311
53.99714	0.21007
54.47926	0.21707
54.96137	0.22450
55.44349	0.23269
55.92561	0.24187
56.40773	0.25210
56.88984	0.26329
57.37196	0.27516
57.85408	0.28734
58.33619	0.29938
58.81831	0.31082
59.30043	0.32129
59.78255	0.33053
60.26466	0.33842
60.74678	0.34500
61.22890	0.35044
61.71102	0.35502
62.19313	0.35906
62.67525	0.36287
63.15737	0.36668
63.63948	0.37062
64.12160	0.37467
64.60372	0.37868
65.08584	0.38237
65.56795	0.38538
66.05007	0.38733
66.53219	0.38789
67.01431	0.38684
67.49642	0.38411
67.97854	0.37986
68.46066	0.37441
68.94278	0.36828
69.42489	0.36209
69.90701	0.35650
70.38913	0.35209
70.87124	0.34933
71.35336	0.34844
71.83548	0.34941
72.31760	0.35196
72.79971	0.35564
73.28183	0.35990
73.76395	0.36418
74.24607	0.36809
74.72818	0.37144
75.21030	0.37435
75.69242	0.37719
76.17453	0.38059
76.65665	0.38526
77.13877	0.39187
77.62089	0.40091
78.10300	0.41257
78.58512	0.42664
79.06724	0.44259
79.54936	0.45959
80.03147	0.47664
80.51359	0.49280
80.99571	0.50729
81.47783	0.51967
81.95994	0.52991
82.44206	0.53837
82.92418	0.54576
83.40629	0.55299
83.88841	0.56099
84.37053	0.57057
84.85265	0.58225
85.33476	0.59617
85.81688	0.61207
86.29900	0.62929
86.78112	0.64692
87.26323	0.66390
87.74535	0.67922
88.22747	0.69206
88.70958	0.70189
89.19170	0.70862
89.67382	0.71257
90.15594	0.71442
90.63805	0.71515
91.12017	0.71581
91.60229	0.71744
92.08441	0.72083
92.56652	0.72641
93.04864	0.73418
93.53076	0.74369
94.01288	0.75410
94.49499	0.76432
94.97711	0.77319
95.45923	0.77967
95.94134	0.78302
96.42346	0.78293
96.90558	0.77958
97.38770	0.77363
97.86981	0.76613
98.35193	0.75832
98.83405	0.75147
99.31617	0.74668
99.79828	0.74467
100.28040	0.74571
100.76252	0.74958
101.24464	0.75559
101.72675	0.76273
102.20887	0.76980
102.69099	0.77563
103.17310	0.77925
103.65522	0.78002
104.13734	0.77774
104.61946	0.77269
105.10157	0.76556
105.58369	0.75732
106.06581	0.74914
106.54793	0.74216
107.03004	0.73731
107.51216	0.73523
107.99428	0.73611
108.47639	0.73970
108.95851	0.74533
109.44063	0.75201
109.92275	0.75859
110.40486	0.76393
110.88698	0.76711
111.36910	0.76754
111.85122	0.76509
112.33333	0.76012
112.81545	0.75337
113.29757	0.74587
113.77969	0.73874
114.26180	0.73302
114.74392	0.72941
115.22604	0.72825
115.70815	0.72934
116.19027	0.73208
116.67239	0.73551
117.15451	0.73849
117.63662	0.73992
118.11874	0.73895
118.60086	0.73507
119.08298	0.72826
119.56509	0.71893
120.04721	0.70793
120.52933	0.69632
121.01144	0.68526
121.49356	0.67579
121.97568	0.66872
122.45780	0.66446
122.93991	0.66300
123.42203	0.66392
123.90415	0.66647
124.38627	0.66966
124.86838	0.67246
125.35050	0.67393
125.83262	0.67335
126.31474	0.67034
126.79685	0.66489
127.27897	0.65734
127.76109	0.64834
128.24320	0.63870
128.72532	0.62929
129.20744	0.62086
129.68956	0.61394
130.17167	0.60877
130.65379	0.60523
131.13591	0.60291
131.61803	0.60116
132.10014	0.59925
132.58226	0.59643
133.06438	0.59214
133.54649	0.58606
134.02861	0.57815
134.51073	0.56868
134.99285	0.55819
135.47496	0.54734
135.95708	0.53685
136.43920	0.52739
136.92132	0.51944
137.40343	0.51323
137.88555	0.50877
138.36767	0.50578
138.84979	0.50382
139.33190	0.50232
139.81402	0.50071
140.29614	0.49850
140.77825	0.49536
141.26037	0.49117
141.74249	0.48602
142.22461	0.48021
142.70672	0.47417
143.18884	0.46837
143.67096	0.46328
144.15308	0.45925
144.63519	0.45646
145.11731	0.45488
145.59943	0.45431
146.08154	0.45437
146.56366	0.45458
147.04578	0.45446
147.52790	0.45359
148.01001	0.45166
148.49213	0.44856
148.97425	0.44435
149.45637	0.43924
149.93848	0.43360
150.42060	0.42782
150.90272	0.42230
151.38484	0.41733
151.86695	0.41309
152.34907	0.40960
152.83119	0.40672
153.31330	0.40421
153.79542	0.40172
154.27754	0.39890
154.75966	0.39544
155.24177	0.39114
155.72389	0.38589
156.20601	0.37975
156.68813	0.37289
157.17024	0.36558
157.65236	0.35817
158.13448	0.35098
158.61659	0.34432
159.09871	0.33840
159.58083	0.33335
160.06295	0.32917
160.54506	0.32577
161.02718	0.32300
161.50930	0.32063
161.99142	0.31848
162.47353	0.31636
162.95565	0.31416
163.43777	0.31185
163.91989	0.30947
164.40200	0.30713
164.88412	0.30498
165.36624	0.30316
165.84835	0.30180
166.33047	0.30100
166.81259	0.30074
167.29471	0.30098
167.77682	0.30157
168.25894	0.30234
168.74106	0.30308
169.22318	0.30361
169.70529	0.30376
170.18741	0.30342
170.66953	0.30257
171.15164	0.30124
171.63376	0.29949
172.11588	0.29746
172.59800	0.29526
173.08011	0.29301
173.56223	0.29079
174.04435	0.28863
174.52647	0.28654
175.00858	0.28447
175.49070	0.28234
175.97282	0.28008
176.45494	0.27762
176.93705	0.27493
177.41917	0.27200
177.90129	0.26887
178.38340	0.26562
178.86552	0.26236
179.34764	0.25919
179.82976	0.25622
180.31187	0.25353
180.79399	0.25114
181.27611	0.24908
181.75823	0.24728
182.24034	0.24570
182.72246	0.24423
183.20458	0.24279
183.68669	0.24129
184.16881	0.23969
184.65093	0.23797
185.13305	0.23613
185.61516	0.23421
186.09728	0.23228
186.57940	0.23039
187.06152	0.22859
187.54363	0.22694
188.02575	0.22543
188.50787	0.22406
188.98999	0.22277
189.47210	0.22150
189.95422	0.22017
190.43634	0.21872
190.91845	0.21707
191.40057	0.21521
191.88269	0.21311
192.36481	0.21082
192.84692	0.20839
193.32904	0.20588
193.81116	0.20339
194.29328	0.20097
194.77539	0.19869
195.25751	0.19658
195.73963	0.19463
196.22174	0.19282
196.70386	0.19110
197.18598	0.18941
197.66810	0.18770
198.15021	0.18592
198.63233	0.18403
199.11445	0.18205
199.59657	0.18000
200.07868	0.17793
200.56080	0.17588
201.04292	0.17393
201.52504	0.17212
202.00715	0.17047
202.48927	0.16899
202.97139	0.16764
203.45350	0.16638
203.93562	0.16513
204.41774	0.16382
204.89986	0.16238
205.38197	0.16078
205.86409	0.15898
206.34621	0.15700
206.82833	0.15488
207.31044	0.15268
207.79256	0.15047
208.27468	0.14831
208.75680	0.14627
209.23891	0.14438
209.72103	0.14266
210.20315	0.14108
210.68526	0.13963
211.16738	0.13824
211.64950	0.13688
212.13162	0.13551
212.61373	0.13409
213.09585	0.13264
213.57797	0.13116
214.06009	0.12969
214.54220	0.12825
215.02432	0.12690
215.50644	0.12566
215.98855	0.12455
216.47067	0.12356
216.95279	0.12267
217.43491	0.12184
217.91702	0.12103
218.39914	0.12018
218.88126	0.11927
219.36338	0.11825
219.84549	0.11713
220.32761	0.11592
220.80973	0.11465
221.29185	0.11335
221.77396	0.11208
222.25608	0.11087
222.73820	0.10976
223.22031	0.10877
223.70243	0.10789
224.18455	0.10712
224.66667	0.10642
225.14878	0.10577
225.63090	0.10513
226.11302	0.10447
226.59514	0.10376
227.07725	0.10300
227.55937	0.10218
228.04149	0.10131
228.52360	0.10043
229.00572	0.09954
229.48784	0.09868
229.96996	0.09788
230.45207	0.09715
230.93419	0.09650
231.41631	0.09593
231.89843	0.09541
232.38054	0.09492
232.86266	0.09444
233.34478	0.09393
233.82690	0.09335
234.30901	0.09268
234.79113	0.09191
235.27325	0.09104
235.75536	0.09009
236.23748	0.08907
236.71960	0.08802
237.20172	0.08697
237.68383	0.08596
238.16595	0.08499
238.64807	0.08409
239.13019	0.08323
239.61230	0.08241
240.09442	0.08159
240.57654	0.08075
241.05865	0.07983
241.54077	0.07883
242.02289	0.07771
242.50501	0.07649
242.98712	0.07517
243.46924	0.07377
243.95136	0.07234
244.43348	0.07091
244.91559	0.06951
245.39771	0.06817
245.87983	0.06690
246.36195	0.06570
246.84406	0.06457
247.32618	0.06348
247.80830	0.06240
248.29041	0.06132
248.77253	0.06022
249.25465	0.05907
249.73677	0.05789
250.21888	0.05668
250.70100	0.05546
251.18312	0.05426
251.66524	0.05308
252.14735	0.05196
252.62947	0.05091
253.11159	0.04992
253.59370	0.04900
254.07582	0.04812
254.55794	0.04728
255.04006	0.04645
255.52217	0.04560
256.00429	0.04474
256.48641	0.04384
256.96853	0.04292
257.45064	0.04196
257.93276	0.04099
258.41488	0.04001
258.89700	0.03905
259.37911	0.03812
259.86123	0.03723
260.34335	0.03637
260.82546	0.03556
261.30758	0.03479
261.78970	0.03403
262.27182	0.03329
262.75393	0.03256
263.23605	0.03181
263.71817	0.03105
264.20029	0.03026
264.68240	0.02946
265.16452	0.02864
265.64664	0.02781
266.12875	0.02699
266.61087	0.02618
267.09299	0.02539
267.57511	0.02462
268.05722	0.02389
268.53934	0.02318
269.02146	0.02251
269.50358	0.02186
269.98569	0.02123
270.46781	0.02061
270.94993	0.02000
271.43205	0.01941
271.91416	0.01882
272.39628	0.01824
272.87840	0.01767
273.36051	0.01712
273.84263	0.01660
274.32475	0.01610
274.80687	0.01564
275.28898	0.01520
275.77110	0.01481
276.25322	0.01444
276.73534	0.01410
277.21745	0.01379
277.69957	0.01349
278.18169	0.01322
278.66380	0.01295
279.14592	0.01269
279.62804	0.01245
280.11016	0.01221
280.59227	0.01198
281.07439	0.01176
281.55651	0.01155
282.03863	0.01136
282.52074	0.01117
283.00286	0.01099
283.48498	0.01082
283.96710	0.01065
284.44921	0.01049
284.93133	0.01033
285.41345	0.01016
285.89556	0.00998
286.37768	0.00979
286.85980	0.00959
287.34192	0.00937
287.82403	0.00914
288.30615	0.00891
288.78827	0.00867
289.27039	0.00843
289.75250	0.00819
290.23462	0.00796
290.71674	0.00774
291.19885	0.00753
291.68097	0.00732
292.16309	0.00712
292.64521	0.00692
293.12732	0.00672
293.60944	0.00651
294.09156	0.00631
294.57368	0.00610
295.05579	0.00590
295.53791	0.00571
296.02003	0.00553
296.50215	0.00536
296.98426	0.00522
297.46638	0.00509
297.94850	0.00498
298.43061	0.00488
298.91273	0.00478
299.39485	0.00469
299.87697	0.00459
300.35908	0.00449
300.84120	0.00439
301.32332	0.00429
301.80544	0.00419
302.28755	0.00410
302.76967	0.00402
303.25179	0.00395
303.73391	0.00389
304.21602	0.00383
304.69814	0.00377
305.18026	0.00372
305.66237	0.00367
306.14449	0.00361
306.62661	0.00355
307.10873	0.00349
307.59084	0.00343
308.07296	0.00338
308.55508	0.00332
309.03720	0.00327
309.51931	0.00323
310.00143	0.00318
310.48355	0.00313
310.96566	0.00307
311.44778	0.00301
311.92990	0.00295
312.41202	0.00288
312.89413	0.00281
313.37625	0.00274
313.85837	0.00268
314.34049	0.00261
314.82260	0.00256
315.30472	0.00250
315.78684	0.00246
316.26896	0.00241
316.75107	0.00236
317.23319	0.00232
317.71531	0.00227
318.19742	0.00223
318.67954	0.00218
319.16166	0.00214
319.64378	0.00210
320.12589	0.00206
320.60801	0.00203
321.09013	0.00200
321.57225	0.00197
322.05436	0.00194
322.53648	0.00191
323.01860	0.00188
323.50071	0.00185
323.98283	0.00182
324.46495	0.00179
324.94707	0.00177
325.42918	0.00175
325.91130	0.00174
326.39342	0.00172
326.87554	0.00171
327.35765	0.00170
327.83977	0.00169
328.32189	0.00167
328.80401	0.00165
329.28612	0.00162
329.76824	0.00159
330.25036	0.00157
330.73247	0.00154
331.21459	0.00152
331.69671	0.00151
332.17883	0.00150
332.66094	0.00149
333.14306	0.00149
333.62518	0.00149
334.10730	0.00148
334.58941	0.00147
335.07153	0.00146
335.55365	0.00144
336.03576	0.00142
336.51788	0.00141
337.00000	0.00140
337.48212	0.00139
337.96423	0.00138
338.44635	0.00138
338.92847	0.00138
339.41059	0.00137
339.89270	0.00136
340.37482	0.00135
340.85694	0.00134
341.33906	0.00132
341.82117	0.00131
342.30329	0.00129
342.78541	0.00128
343.26752	0.00127
343.74964	0.00127
344.23176	0.00127
344.71388	0.00127
345.19599	0.00127
345.67811	0.00127
346.16023	0.00127
346.64235	0.00126
347.12446	0.00125
347.60658	0.00124
348.08870	0.00122
348.57081	0.00121
349.05293	0.00120
349.53505	0.00119
350.01717	0.00118
350.49928	0.00118
350.98140	0.00118
351.46352	0.00118
351.94564	0.00118
352.42775	0.00118
352.90987	0.00118
353.39199	0.00117
353.87411	0.00116
354.35622	0.00114
354.83834	0.00113
355.32046	0.00111
355.80257	0.00110
356.28469	0.00109
356.76681	0.00109
357.24893	0.00109
357.73104	0.00109
358.21316	0.00109
358.69528	0.00110
359.17740	0.00110
359.65951	0.00110
360.14163	0.00110
360.62375	0.00110
361.10586	0.00109
361.58798	0.00108
362.07010	0.00107
362.55222	0.00106
363.03433	0.00106
363.51645	0.00105
363.99857	0.00105
364.48069	0.00104
364.96280	0.00104
365.44492	0.00104
365.92704	0.00104
366.40916	0.00103
366.89127	0.00103
367.37339	0.00102
367.85551	0.00101
368.33762	0.00100
368.81974	0.00100
369.30186	0.00099
369.78398	0.00099
370.26609	0.00099
370.74821	0.00099
371.23033	0.00099
371.71245	0.00099
372.19456	0.00099
372.67668	0.00098
373.15880	0.00097
373.64091	0.00096
374.12303	0.00094
374.60515	0.00093
375.08727	0.00092
375.56938	0.00091
376.05150	0.00090
376.53362	0.00090
377.01574	0.00090
377.49785	0.00090
377.97997	0.00090
378.46209	0.00090
378.94421	0.00090
379.42632	0.00089
379.90844	0.00088
380.39056	0.00087
380.87267	0.00085
381.35479	0.00084
381.83691	0.00082
382.31903	0.00081
382.80114	0.00080
383.28326	0.00080
383.76538	0.00079
384.24750	0.00079
384.72961	0.00080
385.21173	0.00080
385.69385	0.00080
386.17596	0.00080
386.65808	0.00080
387.14020	0.00080
387.62232	0.00080
388.10443	0.00080
388.58655	0.00080
389.06867	0.00079
389.55079	0.00079
390.03290	0.00079
390.51502	0.00078
390.99714	0.00078
391.47926	0.00077
391.96137	0.00077
392.44349	0.00076
392.92561	0.00076
393.40772	0.00075
393.88984	0.00075
394.37196	0.00075
394.85408	0.00074
395.33619	0.00074
395.81831	0.00074
396.30043	0.00074
396.78255	0.00074
397.26466	0.00073
397.74678	0.00073
398.22890	0.00072
398.71102	0.00071
399.19313	0.00070
399.67525	0.00069
400.15737	0.00068
400.63948	0.00067
401.12160	0.00066
401.60372	0.00065
402.08584	0.00064
402.56795	0.00063
403.05007	0.00062
403.53219	0.00062
404.01431	0.00061
404.49642	0.00061
404.97854	0.00061
405.46066	0.00060
405.94277	0.00060
406.42489	0.00059
406.90701	0.00059
407.38913	0.00059
407.87124	0.00059
408.35336	0.00059
408.83548	0.00060
409.31760	0.00061
409.79971	0.00062
410.28183	0.00063
410.76395	0.00064
411.24607	0.00065
411.72818	0.00066
412.21030	0.00066
412.69242	0.00065
413.17453	0.00064
413.65665	0.00063
414.13877	0.00061
414.62089	0.00059
415.10300	0.00058
415.58512	0.00056
416.06724	0.00055
416.54936	0.00054
417.03147	0.00053
417.51359	0.00052
417.99571	0.00051
418.47782	0.00050
418.95994	0.00049
419.44206	0.00048
419.92418	0.00047
420.40629	0.00045
420.88841	0.00045
421.37053	0.00044
421.85265	0.00043
422.33476	0.00043
422.81688	0.00043
423.29900	0.00044
423.78112	0.00044
424.26323	0.00045
424.74535	0.00045
425.22747	0.00046
425.70958	0.00046
426.19170	0.00047
426.67382	0.00047
427.15594	0.00047
427.63805	0.00046
428.12017	0.00046
428.60229	0.00045
429.08441	0.00045
429.56652	0.00045
430.04864	0.00045
430.53076	0.00045
431.01287	0.00045
431.49499	0.00045
431.97711	0.00046
432.45923	0.00046
432.94134	0.00046
433.42346	0.00045
433.90558	0.00045
434.38770	0.00044
434.86981	0.00044
435.35193	0.00043
435.83405	0.00042
436.31617	0.00042
436.79828	0.00041
437.28040	0.00041
437.76252	0.00041
438.24463	0.00041
438.72675	0.00041
439.20887	0.00041
439.69099	0.00041
440.17310	0.00041
440.65522	0.00041
441.13734	0.00041
441.61946	0.00041
442.10157	0.00041
442.58369	0.00041
443.06581	0.00040
443.54792	0.00040
444.03004	0.00039
444.51216	0.00039
444.99428	0.00038
445.47639	0.00038
445.95851	0.00037
446.44063	0.00037
446.92275	0.00037
447.40486	0.00037
447.88698	0.00038
448.36910	0.00038
448.85122	0.00039
449.33333	0.00039
449.81545	0.00040
450.29757	0.00040
450.77968	0.00039
451.26180	0.00038
451.74392	0.00037
452.22604	0.00035
452.70815	0.00034
453.19027	0.00032
453.67239	0.00031
454.15451	0.00030
454.63662	0.00030
455.11874	0.00030
455.60086	0.00030
456.08297	0.00030
456.56509	0.00031
457.04721	0.00032
457.52933	0.00032
458.01144	0.00033
458.49356	0.00034
458.97568	0.00034
459.45780	0.00035
459.93991	0.00035
460.42203	0.00035
460.90415	0.00035
461.38627	0.00035
461.86838	0.00035
462.35050	0.00034
462.83262	0.00033
463.31473	0.00033
463.79685	0.00032
464.27897	0.00031
464.76109	0.00031
465.24320	0.00031
465.72532	0.00031
466.20744	0.00031
466.68956	0.00031
467.17167	0.00032
467.65379	0.00032
468.13591	0.00032
468.61802	0.00033
469.10014	0.00033
469.58226	0.00033
470.06438	0.00032
470.54649	0.00032
471.02861	0.00031
471.51073	0.00031
471.99285	0.00030
472.47496	0.00030
472.95708	0.00030
473.43920	0.00029
473.92132	0.00030
474.40343	0.00030
474.88555	0.00030
475.36767	0.00031
475.84978	0.00031
476.33190	0.00031
476.81402	0.00031
477.29614	0.00031
477.77825	0.00031
478.26037	0.00030
478.74249	0.00029
479.22461	0.00029
479.70672	0.00028
480.18884	0.00027
480.67096	0.00027
481.15307	0.00026
481.63519	0.00026
482.11731	0.00026
482.59943	0.00026
483.08154	0.00026
483.56366	0.00026
484.04578	0.00026
484.52790	0.00027
485.01001	0.00027
485.49213	0.00027
485.97425	0.00027
486.45637	0.00027
486.93848	0.00027
487.42060	0.00027
487.90272	0.00026
488.38483	0.00025
488.86695	0.00024
489.34907	0.00023
489.83119	0.00022
490.31330	0.00021
490.79542	0.00020
491.27754	0.00020
491.75966	0.00019
492.24177	0.00019
492.72389	0.00019
493.20601	0.00018
493.68812	0.00018
494.17024	0.00017
494.65236	0.00017
495.13448	0.00016
495.61659	0.00016
496.09871	0.00015
496.58083	0.00014
497.06295	0.00014
497.54506	0.00013
498.02718	0.00013
498.50930	0.00013
498.99142	0.00013
499.47353	0.00013
499.95565	0.00013
500.43777	0.00014
500.91988	0.00015
501.40200	0.00015
501.88412	0.00016
502.36624	0.00016
502.84835	0.00016
503.33047	0.00015
503.81259	0.00015
504.29471	0.00015
504.77682	0.00014
505.25894	0.00014
505.74106	0.00013
506.22318	0.00013
506.70529	0.00012
507.18741	0.00012
507.66953	0.00012
508.15164	0.00012
508.63376	0.00013
509.11588	0.00014
509.59800	0.00015
510.08011	0.00016
510.56223	0.00016
511.04435	0.00017
511.52647	0.00017
512.00858	0.00017
512.49070	0.00017
512.97282	0.00017
513.45493	0.00016
513.93705	0.00015
514.41917	0.00015
514.90129	0.00014
515.38340	0.00013
515.86552	0.00013
516.34764	0.00012
516.82976	0.00012
517.31187	0.00011
517.79399	0.00011
518.27611	0.00011
518.75823	0.00011
519.24034	0.00011
519.72246	0.00011
520.20458	0.00012
520.68669	0.00012
521.16881	0.00012
521.65093	0.00012
522.13305	0.00013
522.61516	0.00013
523.09728	0.00013
523.57940	0.00013
524.06152	0.00013
524.54363	0.00013
525.02575	0.00013
525.50787	0.00013
525.98998	0.00012
526.47210	0.00012
526.95422	0.00011
527.43634	0.00010
527.91845	0.00010
528.40057	0.00009
528.88269	0.00008
529.36481	0.00008
529.84692	0.00007
530.32904	0.00007
530.81116	0.00006
531.29328	0.00006
531.77539	0.00006
532.25751	0.00007
532.73963	0.00007
533.22174	0.00007
533.70386	0.00008
534.18598	0.00008
534.66810	0.00009
535.15021	0.00009
535.63233	0.00009
536.11445	0.00010
536.59657	0.00010
537.07868	0.00009
537.56080	0.00009
538.04292	0.00009
538.52503	0.00008
539.00715	0.00008
539.48927	0.00007
539.97139	0.00006
540.45350	0.00006
540.93562	0.00005
541.41774	0.00005
541.89986	0.00004
542.38197	0.00004
542.86409	0.00004
543.34621	0.00004
543.82833	0.00004
544.31044	0.00004
544.79256	0.00004
545.27468	0.00004
545.75679	0.00004
546.23891	0.00004
546.72103	0.00004
547.20315	0.00004
547.68526	0.00004
548.16738	0.00004
548.64950	0.00004
549.13162	0.00003
549.61373	0.00003
550.09585	0.00003
550.57797	0.00003
551.06008	0.00003
551.54220	0.00003
552.02432	0.00003
552.50644	0.00003
552.98855	0.00002
553.47067	0.00002
553.95279	0.00002
554.43491	0.00002
554.91702	0.00003
555.39914	0.00004
555.88126	0.00005
556.36338	0.00005
556.84549	0.00006
557.32761	0.00006
557.80973	0.00006
558.29184	0.00006
558.77396	0.00006
559.25608	0.00006
559.73820	0.00006
560.22031	0.00005
560.70243	0.00005
561.18455	0.00005
561.66667	0.00005
562.14878	0.00005
562.63090	0.00005
563.11302	0.00005
563.59513	0.00005
564.07725	0.00005
564.55937	0.00005
565.04149	0.00005
565.52360	0.00005
566.00572	0.00005
566.48784	0.00005
566.96996	0.00005
567.45207	0.00006
567.93419	0.00006
568.41631	0.00006
568.89843	0.00006
569.38054	0.00006
569.86266	0.00006
570.34478	0.00005
570.82689	0.00005
571.30901	0.00005
571.79113	0.00004
572.27325	0.00004
572.75536	0.00004
573.23748	0.00004
573.71960	0.00004
574.20172	0.00004
574.68383	0.00004
575.16595	0.00004
575.64807	0.00005
576.13018	0.00005
576.61230	0.00005
577.09442	0.00005
577.57654	0.00006
578.05865	0.00006
578.54077	0.00005
579.02289	0.00005
579.50501	0.00004
579.98712	0.00004
580.46924	0.00003
580.95136	0.00002
581.43348	0.00002
581.91559	0.00002
582.39771	0.00002
582.87983	0.00002
583.36194	0.00003
583.84406	0.00003
584.32618	0.00003
584.80830	0.00003
585.29041	0.00003
585.77253	0.00004
586.25465	0.00005
586.73677	0.00005
587.21888	0.00006
587.70100	0.00006
588.18312	0.00006
588.66523	0.00006
589.14735	0.00005
589.62947	0.00005
590.11159	0.00005
590.59370	0.00004
591.07582	0.00004
591.55794	0.00004
592.04006	0.00004
592.52217	0.00004
593.00429	0.00003
593.48641	0.00003
593.96853	0.00003
594.45064	0.00002
594.93276	0.00002
595.41488	0.00002
595.89699	0.00003
596.37911	0.00003
596.86123	0.00004
597.34335	0.00004
597.82546	0.00005
598.30758	0.00004
598.78970	0.00004
599.27182	0.00003
599.75393	0.00002
600.23605	0.00001
600.71817	0.00001
601.20029	0.00001
601.68240	0.00003
602.16452	0.00004
602.64664	0.00005
603.12875	0.00005
603.61087	0.00006
604.09299	0.00006
604.57511	0.00006
605.05722	0.00006
605.53934	0.00006
606.02146	0.00005
606.50358	0.00005
606.98569	0.00004
607.46781	0.00003
607.94993	0.00002
608.43204	0.00001
608.91416	0.00001
609.39628	0.00001
609.87840	0.00001
610.36051	0.00002
610.84263	0.00002
611.32475	0.00002
611.80687	0.00002
612.28898	0.00003
612.77110	0.00003
613.25322	0.00003
613.73534	0.00003
614.21745	0.00003
614.69957	0.00003
615.18169	0.00003
615.66380	0.00003
616.14592	0.00003
616.62804	0.00003
617.11016	0.00003
617.59227	0.00003
618.07439	0.00002
618.55651	0.00002
619.03863	0.00002
619.52074	0.00002
620.00286	0.00003
620.48498	0.00003
620.96709	0.00004
621.44921	0.00004
621.93133	0.00005
622.41345	0.00005
622.89556	0.00005
623.37768	0.00006
623.85980	0.00005
624.34192	0.00005
624.82403	0.00005
625.30615	0.00004
625.78827	0.00004
626.27039	0.00003
626.75250	0.00003
627.23462	0.00003
627.71674	0.00003
628.19885	0.00003
628.68097	0.00003
629.16309	0.00003
629.64521	0.00004
630.12732	0.00004
630.60944	0.00004
631.09156	0.00004
631.57368	0.00005
632.05579	0.00005
632.53791	0.00005
633.02003	0.00005
633.50214	0.00004
633.98426	0.00004
634.46638	0.00003
634.94850	0.00002
635.43061	0.00002
635.91273	0.00002
636.39485	0.00002
636.87697	0.00003
637.35908	0.00003
637.84120	0.00003
638.32332	0.00003
638.80544	0.00003
639.28755	0.00003
639.76967	0.00002
640.25179	0.00002
640.73390	0.00002
641.21602	0.00003
641.69814	0.00004
642.18026	0.00005
642.66237	0.00006
643.14449	0.00007
643.62661	0.00008
644.10873	0.00009
644.59084	0.00008
645.07296	0.00008
645.55508	0.00007
646.03719	0.00006
646.51931	0.00005
647.00143	0.00004
647.48355	0.00003
647.96566	0.00001
648.44778	0.00001
648.92990	0.00000
649.41202	0.00001
649.89413	0.00002
650.37625	0.00003
650.85837	0.00003
651.34049	0.00003
651.82260	0.00003
652.30472	0.00003
652.78684	0.00003
653.26895	0.00003
653.75107	0.00002
654.23319	0.00002
654.71531	0.00002
655.19742	0.00002
655.67954	0.00002
656.16166	0.00003
656.64378	0.00003
657.12589	0.00004
657.60801	0.00004
658.09013	0.00005
658.57224	0.00006
659.05436	0.00006
659.53648	0.00007
660.01860	0.00007
660.50071	0.00008
660.98283	0.00008
661.46495	0.00008
661.94707	0.00007
662.42918	0.00006
662.91130	0.00006
663.39342	0.00005
663.87554	0.00004
664.35765	0.00004
664.83977	0.00004
665.32189	0.00004
665.80400	0.00004
666.28612	0.00003
666.76824	0.00003
667.25036	0.00003
667.73247	0.00002
668.21459	0.00001
668.69671	0.00000
669.17883	0.00000
669.66094	0.00001
670.14306	0.00001
670.62518	0.00002
671.10729	0.00002
671.58941	0.00002
672.07153	0.00002
672.55365	0.00002
673.03576	0.00002
673.51788	0.00002
674.00000	0.00002
674.48212	0.00001
674.96423	0.00001
675.44635	0.00002
675.92847	0.00002
676.41059	0.00002
676.89270	0.00002
677.37482	0.00002
677.85694	0.00002
678.33905	0.00002
678.82117	0.00002
679.30329	0.00002
679.78541	0.00003
680.26752	0.00003
680.74964	0.00004
681.23176	0.00004
681.71388	0.00004
682.19599	0.00004
682.67811	0.00004
683.16023	0.00004
683.64234	0.00004
684.12446	0.00004
684.60658	0.00004
685.08870	0.00003
685.57081	0.00003
686.05293	0.00003
686.53505	0.00003
687.01717	0.00003
687.49928	0.00004
687.98140	0.00004
688.46352	0.00004
688.94564	0.00004
689.42775	0.00004
689.90987	0.00004
690.39199	0.00004
690.87410	0.00004
691.35622	0.00004
691.83834	0.00003
692.32046	0.00003
692.80257	0.00003
693.28469	0.00003
693.76681	0.00003
694.24893	0.00003
694.73104	0.00003
695.21316	0.00004
695.69528	0.00004
696.17740	0.00004
696.65951	0.00004
697.14163	0.00005
697.62375	0.00005
698.10586	0.00005
698.58798	0.00005
699.07010	0.00005
699.55222	0.00005
700.03433	0.00005
700.51645	0.00004
700.99857	0.00004
701.48069	0.00004
701.96280	0.00004
702.44492	0.00003
702.92704	0.00003
703.40915	0.00003
703.89127	0.00002
704.37339	0.00002
704.85551	0.00001
705.33762	0.00001
705.81974	0.00002
706.30186	0.00002
706.78398	0.00003
707.26609	0.00004
707.74821	0.00004
708.23033	0.00004
708.71245	0.00005
709.19456	0.00004
709.67668	0.00004
710.15880	0.00003
710.64091	0.00003
711.12303	0.00002
711.60515	0.00002
712.08727	0.00002
712.56938	0.00003
713.05150	0.00004
713.53362	0.00004
714.01574	0.00005
714.49785	0.00005
714.97997	0.00005
715.46209	0.00005
715.94420	0.00004
716.42632	0.00003
716.90844	0.00002
717.39056	0.00003
717.87267	0.00004
718.35479	0.00005
718.83691	0.00006
719.31903	0.00007
719.80114	0.00007
720.28326	0.00007
720.76538	0.00007
721.24750	0.00006
721.72961	0.00006
722.21173	0.00006
722.69385	0.00006
723.17596	0.00006
723.65808	0.00007
724.14020	0.00007
724.62232	0.00007
725.10443	0.00007
725.58655	0.00007
726.06867	0.00006
726.55079	0.00006
727.03290	0.00005
727.51502	0.00005
727.99714	0.00004
728.47925	0.00004
728.96137	0.00004
729.44349	0.00003
729.92561	0.00004
730.40772	0.00004
730.88984	0.00005
731.37196	0.00005
731.85408	0.00006
732.33619	0.00007
732.81831	0.00007
733.30043	0.00007
733.78255	0.00006
734.26466	0.00006
734.74678	0.00005
735.22890	0.00004
735.71101	0.00003
736.19313	0.00002
736.67525	0.00002
737.15737	0.00002
737.63948	0.00002
738.12160	0.00002
738.60372	0.00001
739.08584	0.00001
739.56795	0.00000
740.05007	0.00000
740.53219	0.00001
741.01430	0.00002
741.49642	0.00003
741.97854	0.00003
742.46066	0.00004
742.94277	0.00004
743.42489	0.00004
743.90701	0.00004
744.38913	0.00004
744.87124	0.00004
745.35336	0.00005
745.83548	0.00005
746.31760	0.00005
746.79971	0.00005
747.28183	0.00005
747.76395	0.00004
748.24606	0.00004
748.72818	0.00003
749.21030	0.00003
749.69242	0.00002
750.17453	0.00002
750.65665	0.00002
751.13877	0.00003
751.62089	0.00003
752.10300	0.00003
752.58512	0.00003
753.06724	0.00003
753.54935	0.00004
754.03147	0.00004
754.51359	0.00004
754.99571	0.00004
755.47782	0.00004
755.95994	0.00004
756.44206	0.00004
756.92418	0.00004
757.40629	0.00003
757.88841	0.00003
758.37053	0.00003
758.85265	0.00002
759.33476	0.00002
759.81688	0.00002
760.29900	0.00002
760.78111	0.00002
761.26323	0.00002
761.74535	0.00002
762.22747	0.00003
762.70958	0.00003
763.19170	0.00003
763.67382	0.00003
764.15594	0.00004
764.63805	0.00004
765.12017	0.00005
765.60229	0.00005
766.08440	0.00005
766.56652	0.00005
767.04864	0.00004
767.53076	0.00004
768.01287	0.00004
768.49499	0.00003
768.97711	0.00003
769.45923	0.00003
769.94134	0.00003
770.42346	0.00003
770.90558	0.00004
771.38770	0.00004
771.86981	0.00004
772.35193	0.00004
772.83405	0.00004
773.31616	0.00004
773.79828	0.00004
774.28040	0.00004
774.76252	0.00004
775.24463	0.00004
775.72675	0.00004
776.20887	0.00004
776.69099	0.00005
777.17310	0.00005
777.65522	0.00005
778.13734	0.00005
778.61945	0.00005
779.10157	0.00005
779.58369	0.00005
780.06581	0.00004
780.54792	0.00004
781.03004	0.00003
781.51216	0.00002
781.99428	0.00002
782.47639	0.00001
782.95851	0.00001
783.44063	0.00001
783.92275	0.00000
784.40486	0.00000
784.88698	0.00001
785.36910	0.00002
785.85121	0.00002
786.33333	0.00003
786.81545	0.00004
787.29757	0.00005
787.77968	0.00005
788.26180	0.00005
788.74392	0.00005
789.22604	0.00005
789.70815	0.00005
790.19027	0.00004
790.67239	0.00004
791.15451	0.00003
791.63662	0.00003
792.11874	0.00002
792.60086	0.00002
793.08297	0.00001
793.56509	0.00001
794.04721	0.00001
794.52933	0.00002
795.01144	0.00003
795.49356	0.00004
795.97568	0.00005
796.45780	0.00006
796.93991	0.00007
797.42203	0.00007
797.90415	0.00007
798.38626	0.00006
798.86838	0.00006
799.35050	0.00005
799.83262	0.00005
800.31473	0.00005
800.79685	0.00004
801.27897	0.00004
801.76109	0.00004
802.24320	0.00004
802.72532	0.00003
803.20744	0.00003
803.68956	0.00003
804.17167	0.00002
804.65379	0.00001
805.13591	0.00001
805.61802	0.00000
806.10014	-0.00000
806.58226	-0.00000
807.06438	-0.00000
807.54649	0.00000
808.02861	0.00000
808.51073	0.00000
808.99285	0.00001
809.47496	0.00002
809.95708	0.00002
810.43920	0.00003
810.92131	0.00003
811.40343	0.00003
811.88555	0.00003
812.36767	0.00003
812.84978	0.00003
813.33190	0.00003
813.81402	0.00003
814.29614	0.00003
814.77825	0.00003
815.26037	0.00002
815.74249	0.00002
816.22461	0.00001
816.70672	0.00000
817.18884	0.00001
817.67096	0.00001
818.15307	0.00002
818.63519	0.00003
819.11731	0.00003
819.59943	0.00003
820.08154	0.00003
820.56366	0.00003
821.04578	0.00002
821.52790	0.00002
822.01001	0.00003
822.49213	0.00003
822.97425	0.00003
823.45636	0.00004
823.93848	0.00004
824.42060	0.00004
824.90272	0.00004
825.38483	0.00004
825.86695	0.00004
826.34907	0.00004
826.83119	0.00004
827.31330	0.00004
827.79542	0.00004
828.27754	0.00004
828.75966	0.00003
829.24177	0.00003
829.72389	0.00003
830.20601	0.00003
830.68812	0.00003
831.17024	0.00003
831.65236	0.00002
832.13448	0.00002
832.61659	0.00002
833.09871	0.00002
833.58083	0.00002
834.06295	0.00002
834.54506	0.00003
835.02718	0.00003
835.50930	0.00003
835.99141	0.00002
836.47353	0.00002
836.95565	0.00002
837.43777	0.00002
837.91988	0.00002
838.40200	0.00002
838.88412	0.00003
839.36624	0.00003
839.84835	0.00003
840.33047	0.00004
840.81259	0.00003
841.29471	0.00003
841.77682	0.00003
842.25894	0.00002
842.74106	0.00001
843.22317	0.00001
843.70529	0.00001
844.18741	0.00002
844.66953	0.00003
845.15164	0.00003
845.63376	0.00003
846.11588	0.00003
846.59800	0.00003
847.08011	0.00002
847.56223	0.00001
848.04435	0.00000
848.52646	0.00000
849.00858	0.00001
849.49070	0.00002
849.97282	0.00002
850.45493	0.00003
850.93705	0.00003
851.41917	0.00003
851.90129	0.00002
852.38340	0.00002
852.86552	0.00002
853.34764	0.00001
853.82976	0.00001
854.31187	0.00001
854.79399	0.00000
855.27611	0.00000
855.75822	0.00001
856.24034	0.00001
856.72246	0.00001
857.20458	0.00001
857.68669	0.00001
858.16881	0.00001
858.65093	0.00001
859.13305	0.00001
859.61516	0.00001
860.09728	0.00001
860.57940	0.00001
861.06151	0.00001
861.54363	0.00002
862.02575	0.00002
862.50787	0.00002
862.98998	0.00002
863.47210	0.00002
863.95422	0.00002
864.43634	0.00001
864.91845	0.00001
865.40057	0.00001
865.88269	0.00002
866.36481	0.00003
866.84692	0.00004
867.32904	0.00005
867.81116	0.00005
868.29327	0.00006
868.77539	0.00006
869.25751	0.00006
869.73963	0.00005
870.22174	0.00005
870.70386	0.00004
871.18598	0.00003
871.66810	0.00002
872.15021	0.00001
872.63233	0.00001
873.11445	0.00002
873.59656	0.00003
874.07868	0.00003
874.56080	0.00004
875.04292	0.00004
875.52503	0.00003
876.00715	0.00003
876.48927	0.00003
876.97139	0.00002
877.45350	0.00002
877.93562	0.00002
878.41774	0.00002
878.89986	0.00003
879.38197	0.00003
879.86409	0.00004
880.34621	0.00004
880.82832	0.00004
881.31044	0.00004
881.79256	0.00004
882.27468	0.00004
882.75679	0.00003
883.23891	0.00003
883.72103	0.00002
884.20315	0.00002
884.68526	0.00002
885.16738	0.00002
885.64950	0.00002
886.13161	0.00002
886.61373	0.00002
887.09585	0.00002
887.57797	0.00002
888.06008	0.00003
888.54220	0.00003
889.02432	0.00003
889.50644	0.00004
889.98855	0.00004
890.47067	0.00004
890.95279	0.00004
891.43491	0.00004
891.91702	0.00004
892.39914	0.00004
892.88126	0.00004
893.36337	0.00004
893.84549	0.00004
894.32761	0.00004
894.80973	0.00003
895.29184	0.00003
895.77396	0.00003
896.25608	0.00003
896.73820	0.00002
897.22031	0.00002
897.70243	0.00002
898.18455	0.00002
898.66667	0.00003
899.14878	0.00003
899.63090	0.00003
900.11302	0.00003
900.59513	0.00003
901.07725	0.00004
901.55937	0.00004
902.04149	0.00005
902.52360	0.00005
903.00572	0.00005
903.48784	0.00006
903.96996	0.00006
904.45207	0.00006
904.93419	0.00006
905.41631	0.00005
905.89842	0.00004
906.38054	0.00004
906.86266	0.00003
907.34478	0.00002
907.82689	0.00002
908.30901	0.00003
908.79113	0.00003
909.27325	0.00004
909.75536	0.00004
910.23748	0.00004
910.71960	0.00004
911.20172	0.00004
911.68383	0.00004
912.16595	0.00004
912.64807	0.00004
913.13018	0.00003
913.61230	0.00003
914.09442	0.00003
914.57654	0.00002
915.05865	0.00002
915.54077	0.00002
916.02289	0.00002
916.50501	0.00002
916.98712	0.00003
917.46924	0.00003
917.95136	0.00004
918.43347	0.00004
918.91559	0.00004
919.39771	0.00005
919.87983	0.00005
920.36194	0.00005
920.84406	0.00005
921.32618	0.00005
921.80830	0.00005
922.29041	0.00005
922.77253	0.00004
923.25465	0.00004
923.73677	0.00003
924.21888	0.00003
924.70100	0.00003
925.18312	0.00003
925.66523	0.00003
926.14735	0.00004
926.62947	0.00004
927.11159	0.00005
927.59370	0.00005
928.07582	0.00006
928.55794	0.00006
929.04006	0.00006
929.52217	0.00007
930.00429	0.00007
930.48641	0.00006
930.96852	0.00006
931.45064	0.00005
931.93276	0.00005
932.41488	0.00004
932.89699	0.00003
933.37911	0.00003
933.86123	0.00003
934.34335	0.00003
934.82546	0.00003
935.30758	0.00003
935.78970	0.00003
936.27182	0.00003
936.75393	0.00003
937.23605	0.00003
937.71817	0.00003
938.20028	0.00003
938.68240	0.00002
939.16452	0.00002
939.64664	0.00002
940.12875	0.00002
940.61087	0.00002
941.09299	0.00002
941.57511	0.00002
942.05722	0.00002
942.53934	0.00002
943.02146	0.00002
943.50357	0.00002
943.98569	0.00001
944.46781	0.00001
944.94993	0.00001
945.43204	0.00002
945.91416	0.00002
946.39628	0.00002
946.87840	0.00002
947.36051	0.00002
947.84263	0.00002
948.32475	0.00003
948.80687	0.00003
949.28898	0.00004
949.77110	0.00004
950.25322	0.00005
950.73533	0.00005
951.21745	0.00006
951.69957	0.00006
952.18169	0.00005
952.66380	0.00005
953.14592	0.00005
953.62804	0.00004
954.11016	0.00004
954.59227	0.00004
955.07439	0.00003
955.55651	0.00003
956.03862	0.00002
956.52074	0.00002
957.00286	0.00001
957.48498	0.00002
957.96709	0.00002
958.44921	0.00002
958.93133	0.00003
959.41345	0.00003
959.89556	0.00003
960.37768	0.00003
960.85980	0.00003
961.34192	0.00003
961.82403	0.00003
962.30615	0.00003
962.78827	0.00003
963.27038	0.00003
963.75250	0.00002
964.23462	0.00002
964.71674	0.00001
965.19885	0.00001
965.68097	0.00002
966.16309	0.00002
966.64521	0.00003
967.12732	0.00003
967.60944	0.00003
968.09156	0.00003
968.57367	0.00003
969.05579	0.00003
969.53791	0.00003
970.02003	0.00003
970.50214	0.00003
970.98426	0.00002
971.46638	0.00002
971.94850	0.00002
972.43061	0.00002
972.91273	0.00002
973.39485	0.00001
973.87697	0.00001
974.35908	0.00000
974.84120	0.00000
975.32332	0.00000
975.80543	0.00000
976.28755	0.00000
976.76967	0.00000
977.25179	0.00000
977.73390	0.00000
978.21602	0.00001
978.69814	0.00001
979.18026	0.00002
979.66237	0.00002
980.14449	0.00003
980.62661	0.00003
981.10872	0.00003
981.59084	0.00003
982.07296	0.00004
982.55508	0.00004
983.03719	0.00004
983.51931	0.00004
984.00143	0.00004
984.48355	0.00004
984.96566	0.00004
985.44778	0.00004
985.92990	0.00003
986.41202	0.00003
986.89413	0.00003
987.37625	0.00003
987.85837	0.00002
988.34048	0.00002
988.82260	0.00002
989.30472	0.00002
989.78684	0.00002
990.26895	0.00001
990.75107	0.00001
991.23319	0.00001
991.71531	0.00000
992.19742	0.00001
992.67954	0.00001
993.16166	0.00002
993.64378	0.00003
994.12589	0.00004
994.60801	0.00004
995.09013	0.00005
995.57224	0.00005
996.05436	0.00005
996.53648	0.00005
997.01860	0.00005
997.50071	0.00005
997.98283	0.00004
998.46495	0.00003
998.94707	0.00003
999.42918	0.00003
