0.00000	0.00241
0.48212	0.00241
0.96423	0.00241
1.44635	0.00239
1.92847	0.00231
2.41059	0.00218
2.89270	0.00199
3.37482	0.00174
3.85694	0.00147
4.33906	0.00123
4.82117	0.00100
5.30329	0.00081
5.78541	0.00067
6.26753	0.00059
6.74964	0.00054
7.23176	0.00052
7.71388	0.00051
8.19599	0.00050
8.67811	0.00049
9.16023	0.00048
9.64235	0.00047
10.12446	0.00045
10.60658	0.00044
11.08870	0.00043
11.57082	0.00042
12.05293	0.00041
12.53505	0.00039
13.01717	0.00036
13.49928	0.00032
13.98140	0.00026
14.46352	0.00021
14.94564	0.00020
15.42775	0.00026
15.90987	0.00038
16.39199	0.00055
16.87411	0.00078
17.35622	0.00106
17.83834	0.00136
18.32046	0.00172
18.80258	0.00212
19.28469	0.00258
19.76681	0.00309
20.24893	0.00365
20.73104	0.00425
21.21316	0.00490
21.69528	0.00558
22.17740	0.00629
22.65951	0.00702
23.14163	0.00777
23.62375	0.00854
24.10587	0.00931
24.58798	0.01011
25.07010	0.01093
25.55222	0.01178
26.03433	0.01267
26.51645	0.01361
26.99857	0.01460
27.48069	0.01564
27.96280	0.01673
28.44492	0.01787
28.92704	0.01905
29.40916	0.02026
29.89127	0.02149
30.37339	0.02275
30.85551	0.02402
31.33763	0.02532
31.81974	0.02665
32.30186	0.02803
32.78398	0.02951
33.26609	0.03113
33.74821	0.03294
34.23033	0.03502
34.71245	0.03741
35.19456	0.04016
35.67668	0.04329
36.15880	0.04679
36.64092	0.05059
37.12303	0.05461
37.60515	0.05875
38.08727	0.06290
38.56938	0.06695
39.05150	0.07084
39.53362	0.07454
40.01574	0.07807
40.49785	0.08148
40.97997	0.08484
41.46209	0.08821
41.94421	0.09163
42.42632	0.09507
42.90844	0.09848
43.39056	0.10173
43.87268	0.10468
44.35479	0.10717
44.83691	0.10911
45.31903	0.11047
45.80114	0.11136
46.28326	0.11197
46.76538	0.11264
47.24750	0.11373
47.72961	0.11567
48.21173	0.11883
48.69385	0.12344
49.17597	0.12964
49.65808	0.13733
50.14020	0.14627
50.62232	0.15608
51.10443	0.16628
51.58655	0.17644
52.06867	0.18614
52.55079	0.19517
53.03290	0.20344
53.51502	0.21110
53.99714	0.21843
54.47926	0.22580
54.96137	0.23365
55.44349	0.24232
55.92561	0.25206
56.40773	0.26294
56.88984	0.27483
57.37196	0.28745
57.85408	0.30039
58.33619	0.31318
58.81831	0.32533
59.30043	0.33645
59.78255	0.34627
60.26466	0.35469
60.74678	0.36175
61.22890	0.36764
61.71102	0.37267
62.19313	0.37715
62.67525	0.38141
63.15737	0.38568
63.63948	0.39008
64.12160	0.39459
64.60372	0.39903
65.08584	0.40311
65.56795	0.40647
66.05007	0.40870
66.53219	0.40947
67.01431	0.40854
67.49642	0.40587
67.97854	0.40160
68.46066	0.39607
68.94278	0.38981
69.42489	0.38348
69.90701	0.37775
70.38913	0.37327
70.87124	0.37052
71.35336	0.36975
71.83548	0.37096
72.31760	0.37387
72.79971	0.37800
73.28183	0.38277
73.76395	0.38757
74.24607	0.39197
74.72818	0.39577
75.21030	0.39905
75.69242	0.40224
76.17453	0.40599
76.65665	0.41108
77.13877	0.41827
77.62089	0.42809
78.10300	0.44076
78.58512	0.45612
79.06724	0.47356
79.54936	0.49219
80.03147	0.51093
80.51359	0.52872
80.99571	0.54473
81.47783	0.55844
81.95994	0.56983
82.44206	0.57929
82.92418	0.58760
83.40629	0.59575
83.88841	0.60479
84.37053	0.61558
84.85265	0.62869
85.33476	0.64426
85.81688	0.66199
86.29900	0.68114
86.78112	0.70071
87.26323	0.71955
87.74535	0.73657
88.22747	0.75087
88.70958	0.76194
89.19170	0.76969
89.67382	0.77449
90.15594	0.77708
90.63805	0.77852
91.12017	0.77995
91.60229	0.78245
92.08441	0.78687
92.56652	0.79366
93.04864	0.80281
93.53076	0.81383
94.01288	0.82583
94.49499	0.83764
94.97711	0.84801
95.45923	0.85580
95.94134	0.86021
96.42346	0.86088
96.90558	0.85799
97.38770	0.85225
97.86981	0.84477
98.35193	0.83693
98.83405	0.83014
99.31617	0.82559
99.79828	0.82412
100.28040	0.82605
100.76252	0.83114
101.24464	0.83863
101.72675	0.84738
102.20887	0.85605
102.69099	0.86332
103.17310	0.86809
103.65522	0.86965
104.13734	0.86780
104.61946	0.86285
105.10157	0.85559
105.58369	0.84714
106.06581	0.83881
106.54793	0.83185
107.03004	0.82733
107.51216	0.82592
107.99428	0.82782
108.47639	0.83273
108.95851	0.83990
109.44063	0.84821
109.92275	0.85640
110.40486	0.86320
110.88698	0.86758
111.36910	0.86891
111.85122	0.86703
112.33333	0.86232
112.81545	0.85562
113.29757	0.84806
113.77969	0.84092
114.26180	0.83533
114.74392	0.83214
115.22604	0.83171
115.70815	0.83386
116.19027	0.83790
116.67239	0.84276
117.15451	0.84713
117.63662	0.84976
118.11874	0.84962
118.60086	0.84613
119.08298	0.83923
119.56509	0.82942
120.04721	0.81765
120.52933	0.80515
121.01144	0.79328
121.49356	0.78327
121.97568	0.77604
122.45780	0.77207
122.93991	0.77135
123.42203	0.77337
123.90415	0.77723
124.38627	0.78180
124.86838	0.78586
125.35050	0.78832
125.83262	0.78836
126.31474	0.78555
126.79685	0.77989
127.27897	0.77179
127.76109	0.76200
128.24320	0.75146
128.72532	0.74119
129.20744	0.73203
129.68956	0.72462
130.17167	0.71921
130.65379	0.71567
131.13591	0.71353
131.61803	0.71204
132.10014	0.71033
132.58226	0.70756
133.06438	0.70303
133.54649	0.69637
134.02861	0.68754
134.51073	0.67684
134.99285	0.66488
135.47496	0.65248
135.95708	0.64047
136.43920	0.62966
136.92132	0.62061
137.40343	0.61363
137.88555	0.60871
138.36767	0.60554
138.84979	0.60358
139.33190	0.60217
139.81402	0.60063
140.29614	0.59837
140.77825	0.59502
141.26037	0.59042
141.74249	0.58470
142.22461	0.57820
142.70672	0.57145
143.18884	0.56502
143.67096	0.55944
144.15308	0.55513
144.63519	0.55230
145.11731	0.55093
145.59943	0.55076
146.08154	0.55133
146.56366	0.55209
147.04578	0.55246
147.52790	0.55191
148.01001	0.55010
148.49213	0.54687
148.97425	0.54230
149.45637	0.53665
149.93848	0.53036
150.42060	0.52390
150.90272	0.51777
151.38484	0.51232
151.86695	0.50779
152.34907	0.50419
152.83119	0.50135
153.31330	0.49896
153.79542	0.49659
154.27754	0.49381
154.75966	0.49022
155.24177	0.48554
155.72389	0.47967
156.20601	0.47265
156.68813	0.46471
157.17024	0.45619
157.65236	0.44750
158.13448	0.43906
158.61659	0.43125
159.09871	0.42434
159.58083	0.41848
160.06295	0.41369
160.54506	0.40986
161.02718	0.40678
161.50930	0.40419
161.99142	0.40183
162.47353	0.39951
162.95565	0.39707
163.43777	0.39448
163.91989	0.39180
164.40200	0.38917
164.88412	0.38678
165.36624	0.38484
165.84835	0.38350
166.33047	0.38287
166.81259	0.38296
167.29471	0.38368
167.77682	0.38485
168.25894	0.38625
168.74106	0.38761
169.22318	0.38867
169.70529	0.38924
170.18741	0.38919
170.66953	0.38847
171.15164	0.38713
171.63376	0.38528
172.11588	0.38306
172.59800	0.38064
173.08011	0.37816
173.56223	0.37572
174.04435	0.37337
174.52647	0.37109
175.00858	0.36883
175.49070	0.36649
175.97282	0.36398
176.45494	0.36120
176.93705	0.35812
177.41917	0.35474
177.90129	0.35111
178.38340	0.34733
178.86552	0.34353
179.34764	0.33986
179.82976	0.33644
180.31187	0.33338
180.79399	0.33072
181.27611	0.32846
181.75823	0.32655
182.24034	0.32489
182.72246	0.32338
183.20458	0.32189
183.68669	0.32032
184.16881	0.31860
184.65093	0.31671
185.13305	0.31467
185.61516	0.31252
186.09728	0.31035
186.57940	0.30823
187.06152	0.30626
187.54363	0.30447
188.02575	0.30289
188.50787	0.30149
188.98999	0.30021
189.47210	0.29895
189.95422	0.29761
190.43634	0.29609
190.91845	0.29431
191.40057	0.29223
191.88269	0.28982
192.36481	0.28715
192.84692	0.28427
193.32904	0.28129
193.81116	0.27832
194.29328	0.27546
194.77539	0.27278
195.25751	0.27031
195.73963	0.26805
196.22174	0.26597
196.70386	0.26399
197.18598	0.26204
197.66810	0.26003
198.15021	0.25790
198.63233	0.25562
199.11445	0.25320
199.59657	0.25068
200.07868	0.24812
200.56080	0.24561
201.04292	0.24322
201.52504	0.24102
202.00715	0.23905
202.48927	0.23729
202.97139	0.23571
203.45350	0.23423
203.93562	0.23277
204.41774	0.23121
204.89986	0.22948
205.38197	0.22751
205.86409	0.22526
206.34621	0.22276
206.82833	0.22005
207.31044	0.21722
207.79256	0.21435
208.27468	0.21155
208.75680	0.20890
209.23891	0.20645
209.72103	0.20422
210.20315	0.20220
210.68526	0.20035
211.16738	0.19860
211.64950	0.19690
212.13162	0.19517
212.61373	0.19340
213.09585	0.19156
213.57797	0.18967
214.06009	0.18777
214.54220	0.18592
215.02432	0.18417
215.50644	0.18257
215.98855	0.18114
216.47067	0.17990
216.95279	0.17881
217.43491	0.17781
217.91702	0.17685
218.39914	0.17585
218.88126	0.17475
219.36338	0.17351
219.84549	0.17210
220.32761	0.17054
220.80973	0.16887
221.29185	0.16716
221.77396	0.16546
222.25608	0.16386
222.73820	0.16240
223.22031	0.16111
223.70243	0.15999
224.18455	0.15904
224.66667	0.15820
225.14878	0.15743
225.63090	0.15665
226.11302	0.15584
226.59514	0.15494
227.07725	0.15393
227.55937	0.15283
228.04149	0.15166
228.52360	0.15044
229.00572	0.14924
229.48784	0.14808
229.96996	0.14702
230.45207	0.14607
230.93419	0.14524
231.41631	0.14452
231.89843	0.14389
232.38054	0.14329
232.86266	0.14270
233.34478	0.14204
233.82690	0.14129
234.30901	0.14040
234.79113	0.13937
235.27325	0.13819
235.75536	0.13689
236.23748	0.13551
236.71960	0.13410
237.20172	0.13269
237.68383	0.13133
238.16595	0.13005
238.64807	0.12885
239.13019	0.12774
239.61230	0.12667
240.09442	0.12561
240.57654	0.12451
241.05865	0.12332
241.54077	0.12200
242.02289	0.12052
242.50501	0.11887
242.98712	0.11707
243.46924	0.11514
243.95136	0.11314
244.43348	0.11112
244.91559	0.10913
245.39771	0.10721
245.87983	0.10538
246.36195	0.10366
246.84406	0.10204
247.32618	0.10048
247.80830	0.09895
248.29041	0.09741
248.77253	0.09583
249.25465	0.09419
249.73677	0.09248
250.21888	0.09072
250.70100	0.08893
251.18312	0.08715
251.66524	0.08541
252.14735	0.08375
252.62947	0.08219
253.11159	0.08075
253.59370	0.07941
254.07582	0.07816
254.55794	0.07696
255.04006	0.07577
255.52217	0.07457
256.00429	0.07331
256.48641	0.07200
256.96853	0.07063
257.45064	0.06920
257.93276	0.06775
258.41488	0.06629
258.89700	0.06486
259.37911	0.06347
259.86123	0.06215
260.34335	0.06090
260.82546	0.05971
261.30758	0.05857
261.78970	0.05746
262.27182	0.05636
262.75393	0.05525
263.23605	0.05412
263.71817	0.05295
264.20029	0.05174
264.68240	0.05050
265.16452	0.04923
265.64664	0.04796
266.12875	0.04669
266.61087	0.04544
267.09299	0.04422
267.57511	0.04305
268.05722	0.04192
268.53934	0.04082
269.02146	0.03976
269.50358	0.03873
269.98569	0.03772
270.46781	0.03672
270.94993	0.03572
271.43205	0.03473
271.91416	0.03374
272.39628	0.03277
272.87840	0.03182
273.36051	0.03090
273.84263	0.03002
274.32475	0.02919
274.80687	0.02842
275.28898	0.02770
275.77110	0.02703
276.25322	0.02643
276.73534	0.02587
277.21745	0.02535
277.69957	0.02486
278.18169	0.02441
278.66380	0.02397
279.14592	0.02355
279.62804	0.02315
280.11016	0.02276
280.59227	0.02238
281.07439	0.02203
281.55651	0.02169
282.03863	0.02137
282.52074	0.02106
283.00286	0.02078
283.48498	0.02051
283.96710	0.02024
284.44921	0.01998
284.93133	0.01971
285.41345	0.01942
285.89556	0.01912
286.37768	0.01878
286.85980	0.01842
287.34192	0.01804
287.82403	0.01763
288.30615	0.01720
288.78827	0.01676
289.27039	0.01632
289.75250	0.01589
290.23462	0.01548
290.71674	0.01508
291.19885	0.01469
291.68097	0.01432
292.16309	0.01395
292.64521	0.01359
293.12732	0.01322
293.60944	0.01285
294.09156	0.01247
294.57368	0.01209
295.05579	0.01171
295.53791	0.01134
296.02003	0.01099
296.50215	0.01067
296.98426	0.01038
297.46638	0.01012
297.94850	0.00989
298.43061	0.00968
298.91273	0.00949
299.39485	0.00930
299.87697	0.00912
300.35908	0.00894
300.84120	0.00876
301.32332	0.00858
301.80544	0.00840
302.28755	0.00823
302.76967	0.00807
303.25179	0.00793
303.73391	0.00780
304.21602	0.00769
304.69814	0.00759
305.18026	0.00749
305.66237	0.00739
306.14449	0.00728
306.62661	0.00717
307.10873	0.00705
307.59084	0.00692
308.07296	0.00680
308.55508	0.00667
309.03720	0.00655
309.51931	0.00644
310.00143	0.00633
310.48355	0.00622
310.96566	0.00611
311.44778	0.00599
311.92990	0.00587
312.41202	0.00574
312.89413	0.00561
313.37625	0.00547
313.85837	0.00534
314.34049	0.00520
314.82260	0.00507
315.30472	0.00494
315.78684	0.00481
316.26896	0.00469
316.75107	0.00457
317.23319	0.00445
317.71531	0.00432
318.19742	0.00420
318.67954	0.00407
319.16166	0.00395
319.64378	0.00384
320.12589	0.00373
320.60801	0.00364
321.09013	0.00356
321.57225	0.00349
322.05436	0.00343
322.53648	0.00337
323.01860	0.00331
323.50071	0.00325
323.98283	0.00320
324.46495	0.00314
324.94707	0.00309
325.42918	0.00305
325.91130	0.00300
326.39342	0.00297
326.87554	0.00294
327.35765	0.00291
327.83977	0.00287
328.32189	0.00284
328.80401	0.00279
329.28612	0.00274
329.76824	0.00269
330.25036	0.00263
330.73247	0.00257
331.21459	0.00252
331.69671	0.00248
332.17883	0.00245
332.66094	0.00243
333.14306	0.00241
333.62518	0.00240
334.10730	0.00238
334.58941	0.00237
335.07153	0.00235
335.55365	0.00233
336.03576	0.00231
336.51788	0.00229
337.00000	0.00227
337.48212	0.00226
337.96423	0.00225
338.44635	0.00225
338.92847	0.00224
339.41059	0.00224
339.89270	0.00223
340.37482	0.00221
340.85694	0.00218
341.33906	0.00215
341.82117	0.00211
342.30329	0.00207
342.78541	0.00203
343.26752	0.00200
343.74964	0.00198
344.23176	0.00197
344.71388	0.00196
345.19599	0.00196
345.67811	0.00195
346.16023	0.00194
346.64235	0.00192
347.12446	0.00190
347.60658	0.00187
348.08870	0.00185
348.57081	0.00182
349.05293	0.00180
349.53505	0.00179
350.01717	0.00178
350.49928	0.00178
350.98140	0.00178
351.46352	0.00178
351.94564	0.00177
352.42775	0.00177
352.90987	0.00176
353.39199	0.00175
353.87411	0.00174
354.35622	0.00173
354.83834	0.00172
355.32046	0.00171
355.80257	0.00171
356.28469	0.00170
356.76681	0.00170
357.24893	0.00170
357.73104	0.00169
358.21316	0.00168
358.69528	0.00167
359.17740	0.00166
359.65951	0.00165
360.14163	0.00164
360.62375	0.00162
361.10586	0.00161
361.58798	0.00160
362.07010	0.00159
362.55222	0.00158
363.03433	0.00157
363.51645	0.00157
363.99857	0.00156
364.48069	0.00155
364.96280	0.00155
365.44492	0.00155
365.92704	0.00155
366.40916	0.00155
366.89127	0.00155
367.37339	0.00155
367.85551	0.00154
368.33762	0.00154
368.81974	0.00153
369.30186	0.00152
369.78398	0.00151
370.26609	0.00150
370.74821	0.00149
371.23033	0.00148
371.71245	0.00148
372.19456	0.00147
372.67668	0.00146
373.15880	0.00145
373.64091	0.00144
374.12303	0.00142
374.60515	0.00140
375.08727	0.00137
375.56938	0.00135
376.05150	0.00133
376.53362	0.00132
377.01574	0.00131
377.49785	0.00131
377.97997	0.00131
378.46209	0.00132
378.94421	0.00133
379.42632	0.00133
379.90844	0.00133
380.39056	0.00133
380.87267	0.00133
381.35479	0.00132
381.83691	0.00131
382.31903	0.00130
382.80114	0.00129
383.28326	0.00128
383.76538	0.00127
384.24750	0.00126
384.72961	0.00125
385.21173	0.00124
385.69385	0.00123
386.17596	0.00122
386.65808	0.00120
387.14020	0.00118
387.62232	0.00116
388.10443	0.00115
388.58655	0.00113
389.06867	0.00112
389.55079	0.00110
390.03290	0.00110
390.51502	0.00109
390.99714	0.00108
391.47926	0.00108
391.96137	0.00108
392.44349	0.00108
392.92561	0.00108
393.40772	0.00108
393.88984	0.00108
394.37196	0.00108
394.85408	0.00109
395.33619	0.00110
395.81831	0.00110
396.30043	0.00111
396.78255	0.00111
397.26466	0.00111
397.74678	0.00111
398.22890	0.00110
398.71102	0.00110
399.19313	0.00109
399.67525	0.00109
400.15737	0.00108
400.63948	0.00108
401.12160	0.00108
401.60372	0.00108
402.08584	0.00109
402.56795	0.00109
403.05007	0.00109
403.53219	0.00110
404.01431	0.00110
404.49642	0.00109
404.97854	0.00109
405.46066	0.00108
405.94277	0.00107
406.42489	0.00106
406.90701	0.00105
407.38913	0.00103
407.87124	0.00102
408.35336	0.00100
408.83548	0.00099
409.31760	0.00099
409.79971	0.00098
410.28183	0.00097
410.76395	0.00097
411.24607	0.00097
411.72818	0.00096
412.21030	0.00096
412.69242	0.00095
413.17453	0.00094
413.65665	0.00094
414.13877	0.00093
414.62089	0.00092
415.10300	0.00091
415.58512	0.00091
416.06724	0.00090
416.54936	0.00090
417.03147	0.00090
417.51359	0.00089
417.99571	0.00088
418.47782	0.00087
418.95994	0.00086
419.44206	0.00085
419.92418	0.00083
420.40629	0.00082
420.88841	0.00081
421.37053	0.00080
421.85265	0.00080
422.33476	0.00079
422.81688	0.00079
423.29900	0.00079
423.78112	0.00079
424.26323	0.00079
424.74535	0.00079
425.22747	0.00078
425.70958	0.00078
426.19170	0.00078
426.67382	0.00077
427.15594	0.00077
427.63805	0.00076
428.12017	0.00076
428.60229	0.00076
429.08441	0.00076
429.56652	0.00076
430.04864	0.00076
430.53076	0.00076
431.01287	0.00076
431.49499	0.00076
431.97711	0.00076
432.45923	0.00075
432.94134	0.00075
433.42346	0.00074
433.90558	0.00074
434.38770	0.00073
434.86981	0.00073
435.35193	0.00073
435.83405	0.00073
436.31617	0.00073
436.79828	0.00073
437.28040	0.00073
437.76252	0.00073
438.24463	0.00073
438.72675	0.00072
439.20887	0.00071
439.69099	0.00070
440.17310	0.00069
440.65522	0.00068
441.13734	0.00067
441.61946	0.00066
442.10157	0.00066
442.58369	0.00065
443.06581	0.00064
443.54792	0.00064
444.03004	0.00063
444.51216	0.00063
444.99428	0.00062
445.47639	0.00062
445.95851	0.00062
446.44063	0.00061
446.92275	0.00061
447.40486	0.00061
447.88698	0.00062
448.36910	0.00062
448.85122	0.00062
449.33333	0.00062
449.81545	0.00062
450.29757	0.00061
450.77968	0.00061
451.26180	0.00060
451.74392	0.00060
452.22604	0.00059
452.70815	0.00059
453.19027	0.00059
453.67239	0.00059
454.15451	0.00059
454.63662	0.00059
455.11874	0.00060
455.60086	0.00060
456.08297	0.00061
456.56509	0.00061
457.04721	0.00062
457.52933	0.00062
458.01144	0.00062
458.49356	0.00062
458.97568	0.00062
459.45780	0.00061
459.93991	0.00060
460.42203	0.00059
460.90415	0.00059
461.38627	0.00058
461.86838	0.00057
462.35050	0.00057
462.83262	0.00057
463.31473	0.00057
463.79685	0.00057
464.27897	0.00057
464.76109	0.00057
465.24320	0.00056
465.72532	0.00056
466.20744	0.00055
466.68956	0.00055
467.17167	0.00054
467.65379	0.00054
468.13591	0.00053
468.61802	0.00053
469.10014	0.00053
469.58226	0.00053
470.06438	0.00052
470.54649	0.00052
471.02861	0.00052
471.51073	0.00052
471.99285	0.00052
472.47496	0.00052
472.95708	0.00052
473.43920	0.00052
473.92132	0.00052
474.40343	0.00051
474.88555	0.00051
475.36767	0.00050
475.84978	0.00050
476.33190	0.00049
476.81402	0.00049
477.29614	0.00049
477.77825	0.00048
478.26037	0.00048
478.74249	0.00047
479.22461	0.00047
479.70672	0.00046
480.18884	0.00045
480.67096	0.00045
481.15307	0.00045
481.63519	0.00044
482.11731	0.00044
482.59943	0.00044
483.08154	0.00044
483.56366	0.00045
484.04578	0.00045
484.52790	0.00045
485.01001	0.00045
485.49213	0.00045
485.97425	0.00045
486.45637	0.00044
486.93848	0.00044
487.42060	0.00044
487.90272	0.00045
488.38483	0.00045
488.86695	0.00046
489.34907	0.00047
489.83119	0.00047
490.31330	0.00048
490.79542	0.00048
491.27754	0.00048
491.75966	0.00048
492.24177	0.00047
492.72389	0.00045
493.20601	0.00044
493.68812	0.00042
494.17024	0.00040
494.65236	0.00038
495.13448	0.00035
495.61659	0.00033
496.09871	0.00032
496.58083	0.00030
497.06295	0.00029
497.54506	0.00028
498.02718	0.00028
498.50930	0.00029
498.99142	0.00030
499.47353	0.00031
499.95565	0.00033
500.43777	0.00034
500.91988	0.00036
501.40200	0.00037
501.88412	0.00038
502.36624	0.00039
502.84835	0.00039
503.33047	0.00039
503.81259	0.00038
504.29471	0.00037
504.77682	0.00036
505.25894	0.00034
505.74106	0.00033
506.22318	0.00031
506.70529	0.00030
507.18741	0.00029
507.66953	0.00029
508.15164	0.00029
508.63376	0.00028
509.11588	0.00028
509.59800	0.00028
510.08011	0.00028
510.56223	0.00028
511.04435	0.00027
511.52647	0.00026
512.00858	0.00026
512.49070	0.00025
512.97282	0.00024
513.45493	0.00024
513.93705	0.00024
514.41917	0.00024
514.90129	0.00024
515.38340	0.00024
515.86552	0.00024
516.34764	0.00024
516.82976	0.00024
517.31187	0.00024
517.79399	0.00024
518.27611	0.00023
518.75823	0.00023
519.24034	0.00023
519.72246	0.00023
520.20458	0.00023
520.68669	0.00023
521.16881	0.00023
521.65093	0.00023
522.13305	0.00022
522.61516	0.00022
523.09728	0.00022
523.57940	0.00021
524.06152	0.00021
524.54363	0.00020
525.02575	0.00020
525.50787	0.00020
525.98998	0.00020
526.47210	0.00020
526.95422	0.00020
527.43634	0.00020
527.91845	0.00021
528.40057	0.00021
528.88269	0.00021
529.36481	0.00020
529.84692	0.00020
530.32904	0.00019
530.81116	0.00019
531.29328	0.00018
531.77539	0.00017
532.25751	0.00016
532.73963	0.00016
533.22174	0.00015
533.70386	0.00015
534.18598	0.00015
534.66810	0.00015
535.15021	0.00015
535.63233	0.00016
536.11445	0.00016
536.59657	0.00016
537.07868	0.00016
537.56080	0.00016
538.04292	0.00016
538.52503	0.00016
539.00715	0.00016
539.48927	0.00016
539.97139	0.00016
540.45350	0.00016
540.93562	0.00016
541.41774	0.00015
541.89986	0.00015
542.38197	0.00015
542.86409	0.00014
543.34621	0.00013
543.82833	0.00012
544.31044	0.00011
544.79256	0.00010
545.27468	0.00009
545.75679	0.00008
546.23891	0.00007
546.72103	0.00007
547.20315	0.00006
547.68526	0.00006
548.16738	0.00007
548.64950	0.00007
549.13162	0.00008
549.61373	0.00008
550.09585	0.00009
550.57797	0.00009
551.06008	0.00009
551.54220	0.00009
552.02432	0.00009
552.50644	0.00009
552.98855	0.00009
553.47067	0.00009
553.95279	0.00008
554.43491	0.00008
554.91702	0.00008
555.39914	0.00008
555.88126	0.00008
556.36338	0.00007
556.84549	0.00007
557.32761	0.00006
557.80973	0.00005
558.29184	0.00005
558.77396	0.00004
559.25608	0.00004
559.73820	0.00004
560.22031	0.00004
560.70243	0.00005
561.18455	0.00006
561.66667	0.00006
562.14878	0.00007
562.63090	0.00007
563.11302	0.00008
563.59513	0.00008
564.07725	0.00008
564.55937	0.00008
565.04149	0.00009
565.52360	0.00009
566.00572	0.00009
566.48784	0.00009
566.96996	0.00009
567.45207	0.00009
567.93419	0.00009
568.41631	0.00009
568.89843	0.00008
569.38054	0.00008
569.86266	0.00007
570.34478	0.00007
570.82689	0.00006
571.30901	0.00006
571.79113	0.00006
572.27325	0.00005
572.75536	0.00005
573.23748	0.00004
573.71960	0.00004
574.20172	0.00004
574.68383	0.00003
575.16595	0.00003
575.64807	0.00003
576.13018	0.00003
576.61230	0.00003
577.09442	0.00003
577.57654	0.00003
578.05865	0.00003
578.54077	0.00003
579.02289	0.00003
579.50501	0.00003
579.98712	0.00003
580.46924	0.00003
580.95136	0.00002
581.43348	0.00002
581.91559	0.00002
582.39771	0.00002
582.87983	0.00003
583.36194	0.00003
583.84406	0.00004
584.32618	0.00005
584.80830	0.00005
585.29041	0.00006
585.77253	0.00006
586.25465	0.00006
586.73677	0.00007
587.21888	0.00007
587.70100	0.00008
588.18312	0.00008
588.66523	0.00009
589.14735	0.00009
589.62947	0.00009
590.11159	0.00009
590.59370	0.00008
591.07582	0.00007
591.55794	0.00006
592.04006	0.00006
592.52217	0.00005
593.00429	0.00004
593.48641	0.00004
593.96853	0.00004
594.45064	0.00003
594.93276	0.00003
595.41488	0.00002
595.89699	0.00002
596.37911	0.00002
596.86123	0.00002
597.34335	0.00002
597.82546	0.00002
598.30758	0.00002
598.78970	0.00002
599.27182	0.00002
599.75393	0.00002
600.23605	0.00001
600.71817	0.00001
601.20029	0.00001
601.68240	0.00002
602.16452	0.00002
602.64664	0.00003
603.12875	0.00003
603.61087	0.00004
604.09299	0.00005
604.57511	0.00005
605.05722	0.00005
605.53934	0.00005
606.02146	0.00005
606.50358	0.00005
606.98569	0.00005
607.46781	0.00005
607.94993	0.00005
608.43204	0.00005
608.91416	0.00005
609.39628	0.00005
609.87840	0.00005
610.36051	0.00005
610.84263	0.00005
611.32475	0.00005
611.80687	0.00005
612.28898	0.00005
612.77110	0.00005
613.25322	0.00005
613.73534	0.00004
614.21745	0.00004
614.69957	0.00004
615.18169	0.00004
615.66380	0.00004
616.14592	0.00004
616.62804	0.00004
617.11016	0.00004
617.59227	0.00004
618.07439	0.00003
618.55651	0.00003
619.03863	0.00003
619.52074	0.00003
620.00286	0.00003
620.48498	0.00002
620.96709	0.00002
621.44921	0.00002
621.93133	0.00002
622.41345	0.00002
622.89556	0.00002
623.37768	0.00002
623.85980	0.00003
624.34192	0.00003
624.82403	0.00004
625.30615	0.00005
625.78827	0.00005
626.27039	0.00005
626.75250	0.00005
627.23462	0.00004
627.71674	0.00004
628.19885	0.00003
628.68097	0.00003
629.16309	0.00003
629.64521	0.00003
630.12732	0.00003
630.60944	0.00003
631.09156	0.00003
631.57368	0.00003
632.05579	0.00003
632.53791	0.00003
633.02003	0.00003
633.50214	0.00002
633.98426	0.00002
634.46638	0.00002
634.94850	0.00002
635.43061	0.00003
635.91273	0.00003
636.39485	0.00003
636.87697	0.00004
637.35908	0.00004
637.84120	0.00005
638.32332	0.00005
638.80544	0.00005
639.28755	0.00005
639.76967	0.00005
640.25179	0.00005
640.73390	0.00005
641.21602	0.00004
641.69814	0.00004
642.18026	0.00004
642.66237	0.00004
643.14449	0.00004
643.62661	0.00004
644.10873	0.00004
644.59084	0.00004
645.07296	0.00004
645.55508	0.00004
646.03719	0.00003
646.51931	0.00003
647.00143	0.00003
647.48355	0.00004
647.96566	0.00005
648.44778	0.00005
648.92990	0.00006
649.41202	0.00006
649.89413	0.00006
650.37625	0.00005
650.85837	0.00004
651.34049	0.00004
651.82260	0.00003
652.30472	0.00002
652.78684	0.00001
653.26895	0.00001
653.75107	0.00001
654.23319	0.00001
654.71531	0.00001
655.19742	0.00001
655.67954	0.00001
656.16166	0.00002
656.64378	0.00002
657.12589	0.00002
657.60801	0.00003
658.09013	0.00003
658.57224	0.00004
659.05436	0.00004
659.53648	0.00004
660.01860	0.00004
660.50071	0.00003
660.98283	0.00003
661.46495	0.00002
661.94707	0.00001
662.42918	0.00000
662.91130	0.00000
663.39342	0.00001
663.87554	0.00002
664.35765	0.00002
664.83977	0.00003
665.32189	0.00004
665.80400	0.00005
666.28612	0.00005
666.76824	0.00006
667.25036	0.00006
667.73247	0.00005
668.21459	0.00005
668.69671	0.00005
669.17883	0.00004
669.66094	0.00004
670.14306	0.00004
670.62518	0.00004
671.10729	0.00004
671.58941	0.00004
672.07153	0.00004
672.55365	0.00003
673.03576	0.00003
673.51788	0.00002
674.00000	0.00002
674.48212	0.00002
674.96423	0.00002
675.44635	0.00002
675.92847	0.00002
676.41059	0.00002
676.89270	0.00002
677.37482	0.00002
677.85694	0.00002
678.33905	0.00002
678.82117	0.00003
679.30329	0.00003
679.78541	0.00003
680.26752	0.00003
680.74964	0.00004
681.23176	0.00004
681.71388	0.00005
682.19599	0.00005
682.67811	0.00006
683.16023	0.00006
683.64234	0.00006
684.12446	0.00006
684.60658	0.00006
685.08870	0.00006
685.57081	0.00006
686.05293	0.00005
686.53505	0.00005
687.01717	0.00004
687.49928	0.00004
687.98140	0.00004
688.46352	0.00003
688.94564	0.00003
689.42775	0.00002
689.90987	0.00002
690.39199	0.00002
690.87410	0.00002
691.35622	0.00001
691.83834	0.00001
692.32046	0.00001
692.80257	0.00002
693.28469	0.00002
693.76681	0.00002
694.24893	0.00003
694.73104	0.00003
695.21316	0.00004
695.69528	0.00004
696.17740	0.00004
696.65951	0.00004
697.14163	0.00004
697.62375	0.00004
698.10586	0.00003
698.58798	0.00003
699.07010	0.00002
699.55222	0.00002
700.03433	0.00001
700.51645	0.00001
700.99857	0.00001
701.48069	0.00001
701.96280	0.00001
702.44492	0.00001
702.92704	0.00002
703.40915	0.00002
703.89127	0.00003
704.37339	0.00003
704.85551	0.00004
705.33762	0.00004
705.81974	0.00003
706.30186	0.00003
706.78398	0.00003
707.26609	0.00002
707.74821	0.00002
708.23033	0.00001
708.71245	0.00001
709.19456	0.00001
709.67668	0.00001
710.15880	0.00001
710.64091	0.00001
711.12303	0.00002
711.60515	0.00002
712.08727	0.00003
712.56938	0.00004
713.05150	0.00004
713.53362	0.00005
714.01574	0.00006
714.49785	0.00006
714.97997	0.00007
715.46209	0.00007
715.94420	0.00007
716.42632	0.00007
716.90844	0.00006
717.39056	0.00006
717.87267	0.00005
718.35479	0.00005
718.83691	0.00004
719.31903	0.00003
719.80114	0.00002
720.28326	0.00001
720.76538	0.00002
721.24750	0.00003
721.72961	0.00004
722.21173	0.00005
722.69385	0.00005
723.17596	0.00006
723.65808	0.00006
724.14020	0.00005
724.62232	0.00005
725.10443	0.00004
725.58655	0.00004
726.06867	0.00003
726.55079	0.00002
727.03290	0.00002
727.51502	0.00001
727.99714	0.00002
728.47925	0.00002
728.96137	0.00003
729.44349	0.00003
729.92561	0.00003
730.40772	0.00003
730.88984	0.00003
731.37196	0.00002
731.85408	0.00002
732.33619	0.00002
732.81831	0.00002
733.30043	0.00002
733.78255	0.00003
734.26466	0.00004
734.74678	0.00004
735.22890	0.00005
735.71101	0.00005
736.19313	0.00005
736.67525	0.00005
737.15737	0.00005
737.63948	0.00005
738.12160	0.00004
738.60372	0.00004
739.08584	0.00005
739.56795	0.00005
740.05007	0.00005
740.53219	0.00005
741.01430	0.00005
741.49642	0.00005
741.97854	0.00004
742.46066	0.00003
742.94277	0.00002
743.42489	0.00000
743.90701	-0.00000
744.38913	0.00000
744.87124	0.00001
745.35336	0.00002
745.83548	0.00003
746.31760	0.00003
746.79971	0.00003
747.28183	0.00003
747.76395	0.00004
748.24606	0.00004
748.72818	0.00004
749.21030	0.00004
749.69242	0.00004
750.17453	0.00004
750.65665	0.00004
751.13877	0.00003
751.62089	0.00003
752.10300	0.00003
752.58512	0.00002
753.06724	0.00002
753.54935	0.00002
754.03147	0.00001
754.51359	0.00001
754.99571	0.00001
755.47782	0.00002
755.95994	0.00002
756.44206	0.00002
756.92418	0.00002
757.40629	0.00002
757.88841	0.00001
758.37053	0.00001
758.85265	0.00002
759.33476	0.00002
759.81688	0.00002
760.29900	0.00003
760.78111	0.00004
761.26323	0.00004
761.74535	0.00004
762.22747	0.00004
762.70958	0.00004
763.19170	0.00004
763.67382	0.00004
764.15594	0.00003
764.63805	0.00003
765.12017	0.00002
765.60229	0.00002
766.08440	0.00001
766.56652	0.00001
767.04864	0.00001
767.53076	0.00002
768.01287	0.00003
768.49499	0.00003
768.97711	0.00003
769.45923	0.00004
769.94134	0.00004
770.42346	0.00004
770.90558	0.00003
771.38770	0.00003
771.86981	0.00003
772.35193	0.00002
772.83405	0.00002
773.31616	0.00002
773.79828	0.00001
774.28040	0.00001
774.76252	0.00001
775.24463	0.00001
775.72675	0.00001
776.20887	0.00002
776.69099	0.00003
777.17310	0.00003
777.65522	0.00004
778.13734	0.00005
778.61945	0.00005
779.10157	0.00005
779.58369	0.00005
780.06581	0.00006
780.54792	0.00006
781.03004	0.00006
781.51216	0.00006
781.99428	0.00005
782.47639	0.00005
782.95851	0.00005
783.44063	0.00005
783.92275	0.00005
784.40486	0.00005
784.88698	0.00005
785.36910	0.00005
785.85121	0.00005
786.33333	0.00004
786.81545	0.00004
787.29757	0.00004
787.77968	0.00003
788.26180	0.00003
788.74392	0.00003
789.22604	0.00003
789.70815	0.00002
790.19027	0.00002
790.67239	0.00002
791.15451	0.00002
791.63662	0.00002
792.11874	0.00002
792.60086	0.00002
793.08297	0.00002
793.56509	0.00002
794.04721	0.00002
794.52933	0.00002
795.01144	0.00002
795.49356	0.00002
795.97568	0.00002
796.45780	0.00002
796.93991	0.00002
797.42203	0.00003
797.90415	0.00004
798.38626	0.00005
798.86838	0.00005
799.35050	0.00005
799.83262	0.00005
800.31473	0.00004
800.79685	0.00004
801.27897	0.00003
801.76109	0.00001
802.24320	0.00001
802.72532	-0.00000
803.20744	0.00000
803.68956	0.00001
804.17167	0.00002
804.65379	0.00002
805.13591	0.00002
805.61802	0.00002
806.10014	0.00002
806.58226	0.00002
807.06438	0.00002
807.54649	0.00003
808.02861	0.00003
808.51073	0.00003
808.99285	0.00004
809.47496	0.00004
809.95708	0.00004
810.43920	0.00004
810.92131	0.00004
811.40343	0.00004
811.88555	0.00004
812.36767	0.00004
812.84978	0.00004
813.33190	0.00004
813.81402	0.00004
814.29614	0.00004
814.77825	0.00004
815.26037	0.00003
815.74249	0.00003
816.22461	0.00003
816.70672	0.00003
817.18884	0.00003
817.67096	0.00003
818.15307	0.00003
818.63519	0.00003
819.11731	0.00003
819.59943	0.00003
820.08154	0.00002
820.56366	0.00002
821.04578	0.00002
821.52790	0.00002
822.01001	0.00002
822.49213	0.00002
822.97425	0.00003
823.45636	0.00003
823.93848	0.00003
824.42060	0.00003
824.90272	0.00003
825.38483	0.00003
825.86695	0.00003
826.34907	0.00002
826.83119	0.00002
827.31330	0.00002
827.79542	0.00002
828.27754	0.00003
828.75966	0.00003
829.24177	0.00004
829.72389	0.00004
830.20601	0.00005
830.68812	0.00005
831.17024	0.00004
831.65236	0.00004
832.13448	0.00004
832.61659	0.00004
833.09871	0.00004
833.58083	0.00004
834.06295	0.00005
834.54506	0.00005
835.02718	0.00006
835.50930	0.00006
835.99141	0.00006
836.47353	0.00006
836.95565	0.00006
837.43777	0.00006
837.91988	0.00006
838.40200	0.00005
838.88412	0.00005
839.36624	0.00005
839.84835	0.00005
840.33047	0.00005
840.81259	0.00005
841.29471	0.00005
841.77682	0.00005
842.25894	0.00005
842.74106	0.00004
843.22317	0.00004
843.70529	0.00004
844.18741	0.00004
844.66953	0.00004
845.15164	0.00003
845.63376	0.00003
846.11588	0.00003
846.59800	0.00003
847.08011	0.00004
847.56223	0.00004
848.04435	0.00004
848.52646	0.00004
849.00858	0.00005
849.49070	0.00005
849.97282	0.00005
850.45493	0.00005
850.93705	0.00004
851.41917	0.00004
851.90129	0.00004
852.38340	0.00003
852.86552	0.00003
853.34764	0.00002
853.82976	0.00002
854.31187	0.00002
854.79399	0.00001
855.27611	0.00001
855.75822	0.00001
856.24034	0.00001
856.72246	0.00002
857.20458	0.00002
857.68669	0.00003
858.16881	0.00003
858.65093	0.00003
859.13305	0.00004
859.61516	0.00004
860.09728	0.00004
860.57940	0.00004
861.06151	0.00004
861.54363	0.00004
862.02575	0.00005
862.50787	0.00005
862.98998	0.00005
863.47210	0.00005
863.95422	0.00005
864.43634	0.00004
864.91845	0.00004
865.40057	0.00004
865.88269	0.00003
866.36481	0.00003
866.84692	0.00003
867.32904	0.00003
867.81116	0.00003
868.29327	0.00004
868.77539	0.00005
869.25751	0.00006
869.73963	0.00007
870.22174	0.00007
870.70386	0.00008
871.18598	0.00008
871.66810	0.00008
872.15021	0.00007
872.63233	0.00006
873.11445	0.00005
873.59656	0.00004
874.07868	0.00003
874.56080	0.00002
875.04292	0.00001
875.52503	0.00001
876.00715	0.00001
876.48927	0.00001
876.97139	0.00002
877.45350	0.00002
877.93562	0.00003
878.41774	0.00003
878.89986	0.00003
879.38197	0.00002
879.86409	0.00002
880.34621	0.00001
880.82832	0.00001
881.31044	0.00000
881.79256	0.00000
882.27468	0.00001
882.75679	0.00002
883.23891	0.00002
883.72103	0.00003
884.20315	0.00003
884.68526	0.00003
885.16738	0.00003
885.64950	0.00003
886.13161	0.00003
886.61373	0.00003
887.09585	0.00003
887.57797	0.00003
888.06008	0.00003
888.54220	0.00004
889.02432	0.00004
889.50644	0.00004
889.98855	0.00004
890.47067	0.00004
890.95279	0.00004
891.43491	0.00004
891.91702	0.00004
892.39914	0.00004
892.88126	0.00004
893.36337	0.00003
893.84549	0.00003
894.32761	0.00003
894.80973	0.00002
895.29184	0.00002
895.77396	0.00002
896.25608	0.00002
896.73820	0.00002
897.22031	0.00003
897.70243	0.00003
898.18455	0.00003
898.66667	0.00003
899.14878	0.00003
899.63090	0.00003
900.11302	0.00003
900.59513	0.00004
901.07725	0.00004
901.55937	0.00004
902.04149	0.00004
902.52360	0.00004
903.00572	0.00004
903.48784	0.00004
903.96996	0.00004
904.45207	0.00003
904.93419	0.00002
905.41631	0.00001
905.89842	-0.00000
906.38054	0.00000
906.86266	0.00002
907.34478	0.00003
907.82689	0.00004
908.30901	0.00005
908.79113	0.00005
909.27325	0.00005
909.75536	0.00005
910.23748	0.00005
910.71960	0.00005
911.20172	0.00004
911.68383	0.00004
912.16595	0.00003
912.64807	0.00003
913.13018	0.00003
913.61230	0.00003
914.09442	0.00002
914.57654	0.00002
915.05865	0.00002
915.54077	0.00002
916.02289	0.00001
916.50501	0.00001
916.98712	0.00000
917.46924	0.00000
917.95136	0.00001
918.43347	0.00001
918.91559	0.00002
919.39771	0.00002
919.87983	0.00003
920.36194	0.00003
920.84406	0.00004
921.32618	0.00004
921.80830	0.00004
922.29041	0.00004
922.77253	0.00004
923.25465	0.00004
923.73677	0.00004
924.21888	0.00003
924.70100	0.00003
925.18312	0.00003
925.66523	0.00002
926.14735	0.00002
926.62947	0.00002
927.11159	0.00002
927.59370	0.00002
928.07582	0.00002
928.55794	0.00002
929.04006	0.00001
929.52217	0.00001
930.00429	0.00000
930.48641	-0.00000
930.96852	0.00000
931.45064	0.00001
931.93276	0.00002
932.41488	0.00002
932.89699	0.00003
933.37911	0.00003
933.86123	0.00003
934.34335	0.00003
934.82546	0.00003
935.30758	0.00003
935.78970	0.00002
936.27182	0.00001
936.75393	0.00001
937.23605	0.00001
937.71817	0.00002
938.20028	0.00004
938.68240	0.00005
939.16452	0.00006
939.64664	0.00007
940.12875	0.00007
940.61087	0.00008
941.09299	0.00008
941.57511	0.00007
942.05722	0.00007
942.53934	0.00006
943.02146	0.00006
943.50357	0.00005
943.98569	0.00004
944.46781	0.00004
944.94993	0.00004
945.43204	0.00004
945.91416	0.00003
946.39628	0.00003
946.87840	0.00003
947.36051	0.00002
947.84263	0.00001
948.32475	0.00001
948.80687	0.00001
949.28898	0.00001
949.77110	0.00002
950.25322	0.00002
950.73533	0.00002
951.21745	0.00002
951.69957	0.00002
952.18169	0.00002
952.66380	0.00002
953.14592	0.00003
953.62804	0.00003
954.11016	0.00004
954.59227	0.00005
955.07439	0.00005
955.55651	0.00006
956.03862	0.00006
956.52074	0.00006
957.00286	0.00006
957.48498	0.00005
957.96709	0.00005
958.44921	0.00005
958.93133	0.00005
959.41345	0.00005
959.89556	0.00005
960.37768	0.00005
960.85980	0.00005
961.34192	0.00005
961.82403	0.00005
962.30615	0.00004
962.78827	0.00004
963.27038	0.00003
963.75250	0.00003
964.23462	0.00002
964.71674	0.00002
965.19885	0.00002
965.68097	0.00002
966.16309	0.00002
966.64521	0.00002
967.12732	0.00002
967.60944	0.00002
968.09156	0.00003
968.57367	0.00003
969.05579	0.00003
969.53791	0.00003
970.02003	0.00003
970.50214	0.00003
970.98426	0.00003
971.46638	0.00002
971.94850	0.00002
972.43061	0.00002
972.91273	0.00001
973.39485	0.00001
973.87697	0.00001
974.35908	0.00001
974.84120	0.00000
975.32332	0.00000
975.80543	0.00001
976.28755	0.00001
976.76967	0.00001
977.25179	0.00001
977.73390	0.00001
978.21602	0.00000
978.69814	0.00000
979.18026	0.00001
979.66237	0.00001
980.14449	0.00002
980.62661	0.00003
981.10872	0.00003
981.59084	0.00004
982.07296	0.00004
982.55508	0.00004
983.03719	0.00005
983.51931	0.00005
984.00143	0.00005
984.48355	0.00005
984.96566	0.00004
985.44778	0.00004
985.92990	0.00004
986.41202	0.00004
986.89413	0.00004
987.37625	0.00004
987.85837	0.00004
988.34048	0.00004
988.82260	0.00004
989.30472	0.00003
989.78684	0.00003
990.26895	0.00002
990.75107	0.00001
991.23319	0.00001
991.71531	0.00001
992.19742	0.00001
992.67954	0.00001
993.16166	0.00002
993.64378	0.00002
994.12589	0.00002
994.60801	0.00002
995.09013	0.00002
995.57224	0.00002
996.05436	0.00002
996.53648	0.00001
997.01860	0.00002
997.50071	0.00002
997.98283	0.00003
998.46495	0.00003
998.94707	0.00004
999.42918	0.00004
