0.00000	0.00249
0.48212	0.00249
0.96423	0.00248
1.44635	0.00245
1.92847	0.00236
2.41059	0.00222
2.89270	0.00202
3.37482	0.00178
3.85694	0.00151
4.33906	0.00127
4.82117	0.00105
5.30329	0.00087
5.78541	0.00073
6.26753	0.00065
6.74964	0.00062
7.23176	0.00060
7.71388	0.00060
8.19599	0.00060
8.67811	0.00061
9.16023	0.00060
9.64235	0.00060
10.12446	0.00059
10.60658	0.00058
11.08870	0.00057
11.57082	0.00056
12.05293	0.00055
12.53505	0.00053
13.01717	0.00049
13.49928	0.00043
13.98140	0.00034
14.46352	0.00021
14.94564	0.00010
15.42775	0.00007
15.90987	0.00015
16.39199	0.00034
16.87411	0.00064
17.35622	0.00097
17.83834	0.00131
18.32046	0.00169
18.80258	0.00213
19.28469	0.00261
19.76681	0.00314
20.24893	0.00372
20.73104	0.00433
21.21316	0.00498
21.69528	0.00566
22.17740	0.00637
22.65951	0.00709
23.14163	0.00782
23.62375	0.00857
24.10587	0.00933
24.58798	0.01011
25.07010	0.01092
25.55222	0.01177
26.03433	0.01266
26.51645	0.01360
26.99857	0.01459
27.48069	0.01563
27.96280	0.01672
28.44492	0.01785
28.92704	0.01901
29.40916	0.02020
29.89127	0.02141
30.37339	0.02263
30.85551	0.02388
31.33763	0.02515
31.81974	0.02646
32.30186	0.02783
32.78398	0.02929
33.26609	0.03091
33.74821	0.03273
34.23033	0.03481
34.71245	0.03722
35.19456	0.03998
35.67668	0.04313
36.15880	0.04663
36.64092	0.05043
37.12303	0.05446
37.60515	0.05860
38.08727	0.06274
38.56938	0.06678
39.05150	0.07066
39.53362	0.07435
40.01574	0.07787
40.49785	0.08128
40.97997	0.08463
41.46209	0.08799
41.94421	0.09140
42.42632	0.09484
42.90844	0.09824
43.39056	0.10147
43.87268	0.10439
44.35479	0.10686
44.83691	0.10878
45.31903	0.11012
45.80114	0.11098
46.28326	0.11158
46.76538	0.11223
47.24750	0.11332
47.72961	0.11525
48.21173	0.11839
48.69385	0.12299
49.17597	0.12916
49.65808	0.13682
50.14020	0.14572
50.62232	0.15548
51.10443	0.16564
51.58655	0.17574
52.06867	0.18539
52.55079	0.19436
53.03290	0.20259
53.51502	0.21020
53.99714	0.21748
54.47926	0.22481
54.96137	0.23260
55.44349	0.24120
55.92561	0.25086
56.40773	0.26165
56.88984	0.27344
57.37196	0.28596
57.85408	0.29880
58.33619	0.31148
58.81831	0.32354
59.30043	0.33458
59.78255	0.34433
60.26466	0.35268
60.74678	0.35968
61.22890	0.36552
61.71102	0.37049
62.19313	0.37491
62.67525	0.37911
63.15737	0.38331
63.63948	0.38765
64.12160	0.39209
64.60372	0.39647
65.08584	0.40049
65.56795	0.40378
66.05007	0.40596
66.53219	0.40668
67.01431	0.40572
67.49642	0.40302
67.97854	0.39872
68.46066	0.39317
68.94278	0.38689
69.42489	0.38055
69.90701	0.37483
70.38913	0.37034
70.87124	0.36758
71.35336	0.36680
71.83548	0.36799
72.31760	0.37087
72.79971	0.37496
73.28183	0.37968
73.76395	0.38444
74.24607	0.38879
74.72818	0.39254
75.21030	0.39578
75.69242	0.39894
76.17453	0.40264
76.65665	0.40768
77.13877	0.41478
77.62089	0.42448
78.10300	0.43700
78.58512	0.45216
79.06724	0.46938
79.54936	0.48775
80.03147	0.50624
80.51359	0.52379
80.99571	0.53957
81.47783	0.55309
81.95994	0.56432
82.44206	0.57364
82.92418	0.58182
83.40629	0.58985
83.88841	0.59873
84.37053	0.60935
84.85265	0.62225
85.33476	0.63759
85.81688	0.65505
86.29900	0.67393
86.78112	0.69322
87.26323	0.71181
87.74535	0.72860
88.22747	0.74271
88.70958	0.75362
89.19170	0.76124
89.67382	0.76593
90.15594	0.76843
90.63805	0.76976
91.12017	0.77108
91.60229	0.77345
92.08441	0.77771
92.56652	0.78431
93.04864	0.79325
93.53076	0.80405
94.01288	0.81581
94.49499	0.82739
94.97711	0.83753
95.45923	0.84512
95.94134	0.84937
96.42346	0.84991
96.90558	0.84693
97.38770	0.84114
97.86981	0.83364
98.35193	0.82579
98.83405	0.81898
99.31617	0.81439
99.79828	0.81284
100.28040	0.81464
100.76252	0.81955
101.24464	0.82683
101.72675	0.83534
102.20887	0.84378
102.69099	0.85083
103.17310	0.85543
103.65522	0.85686
104.13734	0.85493
104.61946	0.84994
105.10157	0.84267
105.58369	0.83423
106.06581	0.82588
106.54793	0.81888
107.03004	0.81427
107.51216	0.81271
107.99428	0.81443
108.47639	0.81911
108.95851	0.82603
109.44063	0.83407
109.92275	0.84200
110.40486	0.84856
110.88698	0.85274
111.36910	0.85391
111.85122	0.85193
112.33333	0.84717
112.81545	0.84044
113.29757	0.83288
113.77969	0.82572
114.26180	0.82010
114.74392	0.81684
115.22604	0.81628
115.70815	0.81826
116.19027	0.82209
116.67239	0.82672
117.15451	0.83086
117.63662	0.83328
118.11874	0.83299
118.60086	0.82941
119.08298	0.82251
119.56509	0.81275
120.04721	0.80108
120.52933	0.78870
121.01144	0.77695
121.49356	0.76701
121.97568	0.75980
122.45780	0.75578
122.93991	0.75494
123.42203	0.75679
123.90415	0.76045
124.38627	0.76480
124.86838	0.76867
125.35050	0.77098
125.83262	0.77093
126.31474	0.76809
126.79685	0.76245
127.27897	0.75442
127.76109	0.74474
128.24320	0.73433
128.72532	0.72416
129.20744	0.71510
129.68956	0.70774
130.17167	0.70234
130.65379	0.69879
131.13591	0.69660
131.61803	0.69506
132.10014	0.69332
132.58226	0.69053
133.06438	0.68604
133.54649	0.67947
134.02861	0.67077
134.51073	0.66025
134.99285	0.64851
135.47496	0.63634
135.95708	0.62456
136.43920	0.61394
136.92132	0.60505
137.40343	0.59818
137.88555	0.59332
138.36767	0.59017
138.84979	0.58820
139.33190	0.58676
139.81402	0.58520
140.29614	0.58293
140.77825	0.57959
141.26037	0.57504
141.74249	0.56939
142.22461	0.56298
142.70672	0.55633
143.18884	0.54999
143.67096	0.54448
144.15308	0.54022
144.63519	0.53740
145.11731	0.53600
145.59943	0.53576
146.08154	0.53625
146.56366	0.53692
147.04578	0.53720
147.52790	0.53659
148.01001	0.53474
148.49213	0.53151
148.97425	0.52697
149.45637	0.52139
149.93848	0.51517
150.42060	0.50881
150.90272	0.50276
151.38484	0.49738
151.86695	0.49288
152.34907	0.48929
152.83119	0.48644
153.31330	0.48402
153.79542	0.48162
154.27754	0.47882
154.75966	0.47524
155.24177	0.47061
155.72389	0.46482
156.20601	0.45793
156.68813	0.45015
157.17024	0.44181
157.65236	0.43331
158.13448	0.42506
158.61659	0.41742
159.09871	0.41067
159.58083	0.40493
160.06295	0.40023
160.54506	0.39645
161.02718	0.39340
161.50930	0.39083
161.99142	0.38849
162.47353	0.38617
162.95565	0.38375
163.43777	0.38119
163.91989	0.37854
164.40200	0.37594
164.88412	0.37358
165.36624	0.37165
165.84835	0.37030
166.33047	0.36964
166.81259	0.36967
167.29471	0.37030
167.77682	0.37138
168.25894	0.37267
168.74106	0.37393
169.22318	0.37490
169.70529	0.37540
170.18741	0.37530
170.66953	0.37457
171.15164	0.37323
171.63376	0.37139
172.11588	0.36921
172.59800	0.36682
173.08011	0.36439
173.56223	0.36199
174.04435	0.35968
174.52647	0.35744
175.00858	0.35521
175.49070	0.35292
175.97282	0.35045
176.45494	0.34772
176.93705	0.34470
177.41917	0.34139
177.90129	0.33782
178.38340	0.33411
178.86552	0.33038
179.34764	0.32677
179.82976	0.32341
180.31187	0.32039
180.79399	0.31775
181.27611	0.31551
181.75823	0.31360
182.24034	0.31195
182.72246	0.31043
183.20458	0.30894
183.68669	0.30737
184.16881	0.30567
184.65093	0.30381
185.13305	0.30179
185.61516	0.29968
186.09728	0.29755
186.57940	0.29547
187.06152	0.29352
187.54363	0.29175
188.02575	0.29017
188.50787	0.28876
188.98999	0.28746
189.47210	0.28618
189.95422	0.28482
190.43634	0.28329
190.91845	0.28152
191.40057	0.27946
191.88269	0.27710
192.36481	0.27448
192.84692	0.27168
193.32904	0.26878
193.81116	0.26589
194.29328	0.26309
194.77539	0.26046
195.25751	0.25804
195.73963	0.25581
196.22174	0.25375
196.70386	0.25180
197.18598	0.24986
197.66810	0.24788
198.15021	0.24580
198.63233	0.24358
199.11445	0.24124
199.59657	0.23880
200.07868	0.23634
200.56080	0.23391
201.04292	0.23161
201.52504	0.22948
202.00715	0.22756
202.48927	0.22584
202.97139	0.22429
203.45350	0.22284
203.93562	0.22140
204.41774	0.21988
204.89986	0.21818
205.38197	0.21626
205.86409	0.21408
206.34621	0.21166
206.82833	0.20904
207.31044	0.20630
207.79256	0.20354
208.27468	0.20084
208.75680	0.19829
209.23891	0.19593
209.72103	0.19378
210.20315	0.19184
210.68526	0.19005
211.16738	0.18836
211.64950	0.18671
212.13162	0.18504
212.61373	0.18332
213.09585	0.18154
213.57797	0.17972
214.06009	0.17789
214.54220	0.17611
215.02432	0.17444
215.50644	0.17291
215.98855	0.17154
216.47067	0.17035
216.95279	0.16930
217.43491	0.16833
217.91702	0.16739
218.39914	0.16641
218.88126	0.16534
219.36338	0.16412
219.84549	0.16276
220.32761	0.16125
220.80973	0.15965
221.29185	0.15800
221.77396	0.15637
222.25608	0.15483
222.73820	0.15342
223.22031	0.15217
223.70243	0.15109
224.18455	0.15016
224.66667	0.14933
225.14878	0.14856
225.63090	0.14780
226.11302	0.14700
226.59514	0.14613
227.07725	0.14516
227.55937	0.14410
228.04149	0.14298
228.52360	0.14182
229.00572	0.14067
229.48784	0.13956
229.96996	0.13854
230.45207	0.13763
230.93419	0.13682
231.41631	0.13612
231.89843	0.13550
232.38054	0.13492
232.86266	0.13433
233.34478	0.13369
233.82690	0.13296
234.30901	0.13210
234.79113	0.13110
235.27325	0.12996
235.75536	0.12871
236.23748	0.12737
236.71960	0.12600
237.20172	0.12464
237.68383	0.12333
238.16595	0.12208
238.64807	0.12093
239.13019	0.11984
239.61230	0.11881
240.09442	0.11778
240.57654	0.11671
241.05865	0.11556
241.54077	0.11429
242.02289	0.11286
242.50501	0.11129
242.98712	0.10958
243.46924	0.10776
243.95136	0.10587
244.43348	0.10398
244.91559	0.10210
245.39771	0.10030
245.87983	0.09858
246.36195	0.09695
246.84406	0.09541
247.32618	0.09391
247.80830	0.09245
248.29041	0.09097
248.77253	0.08945
249.25465	0.08788
249.73677	0.08626
250.21888	0.08459
250.70100	0.08290
251.18312	0.08123
251.66524	0.07960
252.14735	0.07804
252.62947	0.07658
253.11159	0.07521
253.59370	0.07395
254.07582	0.07275
254.55794	0.07160
255.04006	0.07047
255.52217	0.06933
256.00429	0.06814
256.48641	0.06691
256.96853	0.06562
257.45064	0.06429
257.93276	0.06293
258.41488	0.06157
258.89700	0.06023
259.37911	0.05893
259.86123	0.05768
260.34335	0.05649
260.82546	0.05536
261.30758	0.05427
261.78970	0.05321
262.27182	0.05216
262.75393	0.05110
263.23605	0.05002
263.71817	0.04891
264.20029	0.04776
264.68240	0.04659
265.16452	0.04539
265.64664	0.04419
266.12875	0.04299
266.61087	0.04181
267.09299	0.04065
267.57511	0.03954
268.05722	0.03847
268.53934	0.03744
269.02146	0.03644
269.50358	0.03547
269.98569	0.03453
270.46781	0.03359
270.94993	0.03267
271.43205	0.03176
271.91416	0.03085
272.39628	0.02996
272.87840	0.02909
273.36051	0.02826
273.84263	0.02746
274.32475	0.02671
274.80687	0.02601
275.28898	0.02536
275.77110	0.02477
276.25322	0.02422
276.73534	0.02372
277.21745	0.02325
277.69957	0.02281
278.18169	0.02239
278.66380	0.02199
279.14592	0.02159
279.62804	0.02120
280.11016	0.02082
280.59227	0.02046
281.07439	0.02010
281.55651	0.01977
282.03863	0.01945
282.52074	0.01916
283.00286	0.01888
283.48498	0.01862
283.96710	0.01837
284.44921	0.01812
284.93133	0.01787
285.41345	0.01761
285.89556	0.01732
286.37768	0.01701
286.85980	0.01667
287.34192	0.01631
287.82403	0.01593
288.30615	0.01553
288.78827	0.01512
289.27039	0.01471
289.75250	0.01432
290.23462	0.01393
290.71674	0.01356
291.19885	0.01321
291.68097	0.01287
292.16309	0.01253
292.64521	0.01220
293.12732	0.01186
293.60944	0.01152
294.09156	0.01117
294.57368	0.01083
295.05579	0.01049
295.53791	0.01016
296.02003	0.00985
296.50215	0.00956
296.98426	0.00931
297.46638	0.00908
297.94850	0.00888
298.43061	0.00870
298.91273	0.00853
299.39485	0.00837
299.87697	0.00821
300.35908	0.00805
300.84120	0.00788
301.32332	0.00772
301.80544	0.00757
302.28755	0.00742
302.76967	0.00728
303.25179	0.00716
303.73391	0.00705
304.21602	0.00696
304.69814	0.00686
305.18026	0.00677
305.66237	0.00667
306.14449	0.00657
306.62661	0.00646
307.10873	0.00633
307.59084	0.00621
308.07296	0.00608
308.55508	0.00595
309.03720	0.00583
309.51931	0.00571
310.00143	0.00560
310.48355	0.00549
310.96566	0.00538
311.44778	0.00527
311.92990	0.00516
312.41202	0.00504
312.89413	0.00491
313.37625	0.00479
313.85837	0.00467
314.34049	0.00456
314.82260	0.00445
315.30472	0.00434
315.78684	0.00425
316.26896	0.00415
316.75107	0.00405
317.23319	0.00396
317.71531	0.00386
318.19742	0.00376
318.67954	0.00367
319.16166	0.00358
319.64378	0.00350
320.12589	0.00342
320.60801	0.00336
321.09013	0.00330
321.57225	0.00325
322.05436	0.00320
322.53648	0.00315
323.01860	0.00310
323.50071	0.00304
323.98283	0.00299
324.46495	0.00293
324.94707	0.00288
325.42918	0.00284
325.91130	0.00280
326.39342	0.00277
326.87554	0.00275
327.35765	0.00273
327.83977	0.00270
328.32189	0.00267
328.80401	0.00264
329.28612	0.00260
329.76824	0.00255
330.25036	0.00250
330.73247	0.00245
331.21459	0.00241
331.69671	0.00237
332.17883	0.00234
332.66094	0.00231
333.14306	0.00229
333.62518	0.00227
334.10730	0.00225
334.58941	0.00222
335.07153	0.00220
335.55365	0.00217
336.03576	0.00214
336.51788	0.00211
337.00000	0.00209
337.48212	0.00207
337.96423	0.00207
338.44635	0.00206
338.92847	0.00206
339.41059	0.00206
339.89270	0.00205
340.37482	0.00204
340.85694	0.00202
341.33906	0.00200
341.82117	0.00197
342.30329	0.00194
342.78541	0.00192
343.26752	0.00190
343.74964	0.00189
344.23176	0.00188
344.71388	0.00188
345.19599	0.00187
345.67811	0.00186
346.16023	0.00185
346.64235	0.00183
347.12446	0.00181
347.60658	0.00178
348.08870	0.00175
348.57081	0.00172
349.05293	0.00170
349.53505	0.00169
350.01717	0.00168
350.49928	0.00167
350.98140	0.00167
351.46352	0.00167
351.94564	0.00166
352.42775	0.00166
352.90987	0.00165
353.39199	0.00164
353.87411	0.00163
354.35622	0.00162
354.83834	0.00161
355.32046	0.00159
355.80257	0.00158
356.28469	0.00158
356.76681	0.00157
357.24893	0.00156
357.73104	0.00155
358.21316	0.00154
358.69528	0.00153
359.17740	0.00151
359.65951	0.00150
360.14163	0.00148
360.62375	0.00146
361.10586	0.00145
361.58798	0.00144
362.07010	0.00143
362.55222	0.00142
363.03433	0.00142
363.51645	0.00142
363.99857	0.00142
364.48069	0.00142
364.96280	0.00143
365.44492	0.00144
365.92704	0.00145
366.40916	0.00145
366.89127	0.00146
367.37339	0.00146
367.85551	0.00146
368.33762	0.00146
368.81974	0.00145
369.30186	0.00144
369.78398	0.00143
370.26609	0.00143
370.74821	0.00142
371.23033	0.00141
371.71245	0.00141
372.19456	0.00140
372.67668	0.00139
373.15880	0.00137
373.64091	0.00136
374.12303	0.00134
374.60515	0.00132
375.08727	0.00131
375.56938	0.00130
376.05150	0.00129
376.53362	0.00128
377.01574	0.00128
377.49785	0.00129
377.97997	0.00130
378.46209	0.00131
378.94421	0.00132
379.42632	0.00133
379.90844	0.00134
380.39056	0.00134
380.87267	0.00133
381.35479	0.00133
381.83691	0.00132
382.31903	0.00130
382.80114	0.00129
383.28326	0.00128
383.76538	0.00126
384.24750	0.00125
384.72961	0.00124
385.21173	0.00123
385.69385	0.00122
386.17596	0.00121
386.65808	0.00119
387.14020	0.00117
387.62232	0.00115
388.10443	0.00114
388.58655	0.00112
389.06867	0.00110
389.55079	0.00108
390.03290	0.00106
390.51502	0.00105
390.99714	0.00104
391.47926	0.00103
391.96137	0.00102
392.44349	0.00101
392.92561	0.00101
393.40772	0.00101
393.88984	0.00101
394.37196	0.00102
394.85408	0.00102
395.33619	0.00103
395.81831	0.00103
396.30043	0.00103
396.78255	0.00103
397.26466	0.00103
397.74678	0.00103
398.22890	0.00103
398.71102	0.00102
399.19313	0.00101
399.67525	0.00100
400.15737	0.00099
400.63948	0.00098
401.12160	0.00097
401.60372	0.00095
402.08584	0.00094
402.56795	0.00093
403.05007	0.00093
403.53219	0.00093
404.01431	0.00093
404.49642	0.00093
404.97854	0.00093
405.46066	0.00093
405.94277	0.00094
406.42489	0.00094
406.90701	0.00094
407.38913	0.00093
407.87124	0.00093
408.35336	0.00092
408.83548	0.00092
409.31760	0.00091
409.79971	0.00091
410.28183	0.00090
410.76395	0.00090
411.24607	0.00089
411.72818	0.00088
412.21030	0.00088
412.69242	0.00088
413.17453	0.00087
413.65665	0.00087
414.13877	0.00087
414.62089	0.00087
415.10300	0.00087
415.58512	0.00087
416.06724	0.00087
416.54936	0.00087
417.03147	0.00086
417.51359	0.00085
417.99571	0.00083
418.47782	0.00082
418.95994	0.00080
419.44206	0.00078
419.92418	0.00076
420.40629	0.00075
420.88841	0.00073
421.37053	0.00072
421.85265	0.00071
422.33476	0.00071
422.81688	0.00071
423.29900	0.00070
423.78112	0.00070
424.26323	0.00070
424.74535	0.00070
425.22747	0.00069
425.70958	0.00069
426.19170	0.00069
426.67382	0.00069
427.15594	0.00069
427.63805	0.00069
428.12017	0.00070
428.60229	0.00070
429.08441	0.00071
429.56652	0.00071
430.04864	0.00072
430.53076	0.00072
431.01287	0.00072
431.49499	0.00071
431.97711	0.00070
432.45923	0.00070
432.94134	0.00069
433.42346	0.00068
433.90558	0.00068
434.38770	0.00067
434.86981	0.00067
435.35193	0.00068
435.83405	0.00068
436.31617	0.00068
436.79828	0.00069
437.28040	0.00069
437.76252	0.00069
438.24463	0.00070
438.72675	0.00070
439.20887	0.00069
439.69099	0.00069
440.17310	0.00069
440.65522	0.00068
441.13734	0.00067
441.61946	0.00066
442.10157	0.00065
442.58369	0.00064
443.06581	0.00063
443.54792	0.00062
444.03004	0.00061
444.51216	0.00061
444.99428	0.00060
445.47639	0.00059
445.95851	0.00059
446.44063	0.00058
446.92275	0.00058
447.40486	0.00058
447.88698	0.00058
448.36910	0.00059
448.85122	0.00059
449.33333	0.00059
449.81545	0.00059
450.29757	0.00059
450.77968	0.00059
451.26180	0.00059
451.74392	0.00058
452.22604	0.00057
452.70815	0.00056
453.19027	0.00055
453.67239	0.00054
454.15451	0.00053
454.63662	0.00052
455.11874	0.00051
455.60086	0.00051
456.08297	0.00050
456.56509	0.00049
457.04721	0.00049
457.52933	0.00048
458.01144	0.00046
458.49356	0.00045
458.97568	0.00044
459.45780	0.00043
459.93991	0.00042
460.42203	0.00041
460.90415	0.00041
461.38627	0.00041
461.86838	0.00041
462.35050	0.00042
462.83262	0.00043
463.31473	0.00044
463.79685	0.00046
464.27897	0.00047
464.76109	0.00048
465.24320	0.00048
465.72532	0.00049
466.20744	0.00049
466.68956	0.00049
467.17167	0.00050
467.65379	0.00050
468.13591	0.00050
468.61802	0.00050
469.10014	0.00050
469.58226	0.00050
470.06438	0.00050
470.54649	0.00049
471.02861	0.00049
471.51073	0.00048
471.99285	0.00048
472.47496	0.00047
472.95708	0.00046
473.43920	0.00046
473.92132	0.00045
474.40343	0.00045
474.88555	0.00045
475.36767	0.00044
475.84978	0.00044
476.33190	0.00044
476.81402	0.00043
477.29614	0.00042
477.77825	0.00042
478.26037	0.00041
478.74249	0.00040
479.22461	0.00039
479.70672	0.00039
480.18884	0.00039
480.67096	0.00039
481.15307	0.00039
481.63519	0.00039
482.11731	0.00040
482.59943	0.00040
483.08154	0.00040
483.56366	0.00040
484.04578	0.00040
484.52790	0.00040
485.01001	0.00040
485.49213	0.00039
485.97425	0.00039
486.45637	0.00038
486.93848	0.00038
487.42060	0.00038
487.90272	0.00038
488.38483	0.00038
488.86695	0.00038
489.34907	0.00038
489.83119	0.00038
490.31330	0.00038
490.79542	0.00039
491.27754	0.00039
491.75966	0.00039
492.24177	0.00040
492.72389	0.00040
493.20601	0.00040
493.68812	0.00040
494.17024	0.00039
494.65236	0.00038
495.13448	0.00037
495.61659	0.00035
496.09871	0.00034
496.58083	0.00032
497.06295	0.00031
497.54506	0.00030
498.02718	0.00029
498.50930	0.00029
498.99142	0.00029
499.47353	0.00029
499.95565	0.00029
500.43777	0.00029
500.91988	0.00030
501.40200	0.00030
501.88412	0.00031
502.36624	0.00031
502.84835	0.00031
503.33047	0.00031
503.81259	0.00031
504.29471	0.00030
504.77682	0.00030
505.25894	0.00029
505.74106	0.00028
506.22318	0.00028
506.70529	0.00027
507.18741	0.00027
507.66953	0.00027
508.15164	0.00027
508.63376	0.00027
509.11588	0.00027
509.59800	0.00027
510.08011	0.00027
510.56223	0.00027
511.04435	0.00026
511.52647	0.00026
512.00858	0.00026
512.49070	0.00026
512.97282	0.00025
513.45493	0.00025
513.93705	0.00025
514.41917	0.00025
514.90129	0.00025
515.38340	0.00025
515.86552	0.00025
516.34764	0.00025
516.82976	0.00024
517.31187	0.00023
517.79399	0.00023
518.27611	0.00022
518.75823	0.00020
519.24034	0.00019
519.72246	0.00018
520.20458	0.00018
520.68669	0.00017
521.16881	0.00017
521.65093	0.00017
522.13305	0.00017
522.61516	0.00018
523.09728	0.00019
523.57940	0.00019
524.06152	0.00020
524.54363	0.00021
525.02575	0.00021
525.50787	0.00022
525.98998	0.00022
526.47210	0.00022
526.95422	0.00022
527.43634	0.00022
527.91845	0.00021
528.40057	0.00021
528.88269	0.00020
529.36481	0.00019
529.84692	0.00018
530.32904	0.00017
530.81116	0.00016
531.29328	0.00015
531.77539	0.00014
532.25751	0.00013
532.73963	0.00012
533.22174	0.00011
533.70386	0.00010
534.18598	0.00010
534.66810	0.00010
535.15021	0.00010
535.63233	0.00010
536.11445	0.00010
536.59657	0.00010
537.07868	0.00011
537.56080	0.00011
538.04292	0.00012
538.52503	0.00012
539.00715	0.00013
539.48927	0.00013
539.97139	0.00013
540.45350	0.00014
540.93562	0.00013
541.41774	0.00013
541.89986	0.00013
542.38197	0.00012
542.86409	0.00011
543.34621	0.00009
543.82833	0.00008
544.31044	0.00007
544.79256	0.00006
545.27468	0.00006
545.75679	0.00006
546.23891	0.00007
546.72103	0.00007
547.20315	0.00008
547.68526	0.00008
548.16738	0.00008
548.64950	0.00009
549.13162	0.00009
549.61373	0.00009
550.09585	0.00009
550.57797	0.00009
551.06008	0.00009
551.54220	0.00008
552.02432	0.00008
552.50644	0.00008
552.98855	0.00007
553.47067	0.00007
553.95279	0.00007
554.43491	0.00007
554.91702	0.00008
555.39914	0.00008
555.88126	0.00008
556.36338	0.00008
556.84549	0.00008
557.32761	0.00007
557.80973	0.00007
558.29184	0.00006
558.77396	0.00006
559.25608	0.00006
559.73820	0.00005
560.22031	0.00005
560.70243	0.00005
561.18455	0.00006
561.66667	0.00006
562.14878	0.00006
562.63090	0.00006
563.11302	0.00007
563.59513	0.00007
564.07725	0.00007
564.55937	0.00008
565.04149	0.00008
565.52360	0.00008
566.00572	0.00008
566.48784	0.00009
566.96996	0.00009
567.45207	0.00009
567.93419	0.00009
568.41631	0.00008
568.89843	0.00008
569.38054	0.00007
569.86266	0.00007
570.34478	0.00006
570.82689	0.00006
571.30901	0.00006
571.79113	0.00005
572.27325	0.00005
572.75536	0.00004
573.23748	0.00004
573.71960	0.00004
574.20172	0.00004
574.68383	0.00004
575.16595	0.00004
575.64807	0.00004
576.13018	0.00004
576.61230	0.00004
577.09442	0.00004
577.57654	0.00004
578.05865	0.00005
578.54077	0.00005
579.02289	0.00005
579.50501	0.00006
579.98712	0.00006
580.46924	0.00007
580.95136	0.00008
581.43348	0.00009
581.91559	0.00009
582.39771	0.00010
582.87983	0.00011
583.36194	0.00012
583.84406	0.00012
584.32618	0.00013
584.80830	0.00013
585.29041	0.00012
585.77253	0.00012
586.25465	0.00011
586.73677	0.00009
587.21888	0.00008
587.70100	0.00007
588.18312	0.00006
588.66523	0.00005
589.14735	0.00004
589.62947	0.00003
590.11159	0.00002
590.59370	0.00002
591.07582	0.00002
591.55794	0.00002
592.04006	0.00002
592.52217	0.00002
593.00429	0.00002
593.48641	0.00002
593.96853	0.00003
594.45064	0.00003
594.93276	0.00003
595.41488	0.00003
595.89699	0.00003
596.37911	0.00003
596.86123	0.00003
597.34335	0.00004
597.82546	0.00005
598.30758	0.00006
598.78970	0.00007
599.27182	0.00007
599.75393	0.00008
600.23605	0.00008
600.71817	0.00009
601.20029	0.00008
601.68240	0.00008
602.16452	0.00007
602.64664	0.00007
603.12875	0.00006
603.61087	0.00005
604.09299	0.00004
604.57511	0.00004
605.05722	0.00003
605.53934	0.00003
606.02146	0.00003
606.50358	0.00003
606.98569	0.00003
607.46781	0.00002
607.94993	0.00002
608.43204	0.00002
608.91416	0.00002
609.39628	0.00001
609.87840	0.00001
610.36051	0.00001
610.84263	0.00001
611.32475	0.00001
611.80687	0.00002
612.28898	0.00002
612.77110	0.00002
613.25322	0.00002
613.73534	0.00002
614.21745	0.00003
614.69957	0.00003
615.18169	0.00003
615.66380	0.00003
616.14592	0.00003
616.62804	0.00003
617.11016	0.00003
617.59227	0.00002
618.07439	0.00002
618.55651	0.00003
619.03863	0.00003
619.52074	0.00003
620.00286	0.00004
620.48498	0.00005
620.96709	0.00005
621.44921	0.00006
621.93133	0.00006
622.41345	0.00006
622.89556	0.00006
623.37768	0.00006
623.85980	0.00005
624.34192	0.00005
624.82403	0.00005
625.30615	0.00004
625.78827	0.00003
626.27039	0.00003
626.75250	0.00003
627.23462	0.00003
627.71674	0.00003
628.19885	0.00004
628.68097	0.00005
629.16309	0.00005
629.64521	0.00005
630.12732	0.00004
630.60944	0.00004
631.09156	0.00003
631.57368	0.00002
632.05579	0.00002
632.53791	0.00003
633.02003	0.00003
633.50214	0.00003
633.98426	0.00004
634.46638	0.00004
634.94850	0.00003
635.43061	0.00003
635.91273	0.00003
636.39485	0.00002
636.87697	0.00003
637.35908	0.00003
637.84120	0.00003
638.32332	0.00003
638.80544	0.00003
639.28755	0.00003
639.76967	0.00002
640.25179	0.00002
640.73390	0.00001
641.21602	0.00001
641.69814	0.00001
642.18026	0.00001
642.66237	0.00000
643.14449	-0.00001
643.62661	-0.00000
644.10873	0.00001
644.59084	0.00002
645.07296	0.00002
645.55508	0.00002
646.03719	0.00002
646.51931	0.00002
647.00143	0.00002
647.48355	0.00002
647.96566	0.00002
648.44778	0.00002
648.92990	0.00003
649.41202	0.00003
649.89413	0.00004
650.37625	0.00004
650.85837	0.00004
651.34049	0.00004
651.82260	0.00004
652.30472	0.00004
652.78684	0.00003
653.26895	0.00003
653.75107	0.00002
654.23319	0.00002
654.71531	0.00001
655.19742	0.00001
655.67954	0.00001
656.16166	0.00001
656.64378	0.00001
657.12589	0.00001
657.60801	0.00001
658.09013	0.00001
658.57224	0.00002
659.05436	0.00002
659.53648	0.00001
660.01860	0.00001
660.50071	0.00002
660.98283	0.00002
661.46495	0.00003
661.94707	0.00003
662.42918	0.00003
662.91130	0.00003
663.39342	0.00003
663.87554	0.00003
664.35765	0.00002
664.83977	0.00002
665.32189	0.00002
665.80400	0.00002
666.28612	0.00002
666.76824	0.00002
667.25036	0.00002
667.73247	0.00002
668.21459	0.00002
668.69671	0.00002
669.17883	0.00003
669.66094	0.00003
670.14306	0.00003
670.62518	0.00003
671.10729	0.00003
671.58941	0.00003
672.07153	0.00003
672.55365	0.00003
673.03576	0.00003
673.51788	0.00003
674.00000	0.00003
674.48212	0.00003
674.96423	0.00004
675.44635	0.00004
675.92847	0.00003
676.41059	0.00003
676.89270	0.00002
677.37482	0.00002
677.85694	0.00001
678.33905	0.00001
678.82117	0.00002
679.30329	0.00002
679.78541	0.00003
680.26752	0.00003
680.74964	0.00004
681.23176	0.00003
681.71388	0.00003
682.19599	0.00002
682.67811	0.00002
683.16023	0.00002
683.64234	0.00003
684.12446	0.00004
684.60658	0.00004
685.08870	0.00005
685.57081	0.00005
686.05293	0.00006
686.53505	0.00005
687.01717	0.00005
687.49928	0.00004
687.98140	0.00004
688.46352	0.00003
688.94564	0.00002
689.42775	0.00001
689.90987	0.00000
690.39199	0.00001
690.87410	0.00001
691.35622	0.00002
691.83834	0.00002
692.32046	0.00002
692.80257	0.00002
693.28469	0.00002
693.76681	0.00003
694.24893	0.00003
694.73104	0.00004
695.21316	0.00005
695.69528	0.00005
696.17740	0.00006
696.65951	0.00006
697.14163	0.00007
697.62375	0.00007
698.10586	0.00007
698.58798	0.00007
699.07010	0.00007
699.55222	0.00007
700.03433	0.00006
700.51645	0.00006
700.99857	0.00006
701.48069	0.00006
701.96280	0.00005
702.44492	0.00005
702.92704	0.00005
703.40915	0.00004
703.89127	0.00004
704.37339	0.00004
704.85551	0.00003
705.33762	0.00003
705.81974	0.00003
706.30186	0.00003
706.78398	0.00004
707.26609	0.00004
707.74821	0.00004
708.23033	0.00004
708.71245	0.00004
709.19456	0.00004
709.67668	0.00004
710.15880	0.00004
710.64091	0.00004
711.12303	0.00004
711.60515	0.00004
712.08727	0.00004
712.56938	0.00004
713.05150	0.00004
713.53362	0.00004
714.01574	0.00004
714.49785	0.00004
714.97997	0.00004
715.46209	0.00003
715.94420	0.00003
716.42632	0.00003
716.90844	0.00003
717.39056	0.00003
717.87267	0.00003
718.35479	0.00004
718.83691	0.00004
719.31903	0.00005
719.80114	0.00006
720.28326	0.00006
720.76538	0.00007
721.24750	0.00007
721.72961	0.00007
722.21173	0.00007
722.69385	0.00006
723.17596	0.00005
723.65808	0.00004
724.14020	0.00003
724.62232	0.00002
725.10443	0.00002
725.58655	0.00003
726.06867	0.00004
726.55079	0.00005
727.03290	0.00005
727.51502	0.00006
727.99714	0.00006
728.47925	0.00006
728.96137	0.00006
729.44349	0.00005
729.92561	0.00005
730.40772	0.00004
730.88984	0.00004
731.37196	0.00003
731.85408	0.00002
732.33619	0.00001
732.81831	0.00000
733.30043	0.00000
733.78255	0.00001
734.26466	0.00001
734.74678	0.00002
735.22890	0.00003
735.71101	0.00003
736.19313	0.00003
736.67525	0.00003
737.15737	0.00004
737.63948	0.00004
738.12160	0.00003
738.60372	0.00003
739.08584	0.00003
739.56795	0.00002
740.05007	0.00002
740.53219	0.00001
741.01430	0.00001
741.49642	0.00001
741.97854	0.00000
742.46066	0.00000
742.94277	0.00001
743.42489	0.00001
743.90701	0.00001
744.38913	0.00002
744.87124	0.00003
745.35336	0.00003
745.83548	0.00004
746.31760	0.00004
746.79971	0.00004
747.28183	0.00004
747.76395	0.00004
748.24606	0.00004
748.72818	0.00004
749.21030	0.00004
749.69242	0.00004
750.17453	0.00004
750.65665	0.00004
751.13877	0.00005
751.62089	0.00005
752.10300	0.00005
752.58512	0.00005
753.06724	0.00005
753.54935	0.00005
754.03147	0.00005
754.51359	0.00005
754.99571	0.00005
755.47782	0.00005
755.95994	0.00005
756.44206	0.00005
756.92418	0.00004
757.40629	0.00004
757.88841	0.00004
758.37053	0.00003
758.85265	0.00003
759.33476	0.00002
759.81688	0.00002
760.29900	0.00001
760.78111	-0.00000
761.26323	0.00000
761.74535	0.00002
762.22747	0.00002
762.70958	0.00003
763.19170	0.00004
763.67382	0.00005
764.15594	0.00005
764.63805	0.00006
765.12017	0.00006
765.60229	0.00006
766.08440	0.00006
766.56652	0.00006
767.04864	0.00005
767.53076	0.00005
768.01287	0.00004
768.49499	0.00004
768.97711	0.00003
769.45923	0.00002
769.94134	0.00002
770.42346	0.00002
770.90558	0.00001
771.38770	0.00001
771.86981	0.00001
772.35193	0.00001
772.83405	0.00001
773.31616	0.00001
773.79828	0.00001
774.28040	0.00002
774.76252	0.00002
775.24463	0.00002
775.72675	0.00002
776.20887	0.00002
776.69099	0.00002
777.17310	0.00001
777.65522	0.00001
778.13734	0.00001
778.61945	0.00001
779.10157	0.00002
779.58369	0.00002
780.06581	0.00003
780.54792	0.00003
781.03004	0.00004
781.51216	0.00004
781.99428	0.00004
782.47639	0.00005
782.95851	0.00005
783.44063	0.00006
783.92275	0.00006
784.40486	0.00006
784.88698	0.00006
785.36910	0.00005
785.85121	0.00004
786.33333	0.00003
786.81545	0.00002
787.29757	0.00000
787.77968	-0.00000
788.26180	0.00001
788.74392	0.00004
789.22604	0.00005
789.70815	0.00005
790.19027	0.00006
790.67239	0.00006
791.15451	0.00006
791.63662	0.00006
792.11874	0.00005
792.60086	0.00004
793.08297	0.00004
793.56509	0.00003
794.04721	0.00003
794.52933	0.00003
795.01144	0.00002
795.49356	0.00002
795.97568	0.00002
796.45780	0.00002
796.93991	0.00002
797.42203	0.00001
797.90415	0.00001
798.38626	0.00000
798.86838	0.00001
799.35050	0.00001
799.83262	0.00002
800.31473	0.00003
800.79685	0.00003
801.27897	0.00003
801.76109	0.00003
802.24320	0.00003
802.72532	0.00003
803.20744	0.00003
803.68956	0.00003
804.17167	0.00003
804.65379	0.00003
805.13591	0.00002
805.61802	0.00002
806.10014	0.00002
806.58226	0.00002
807.06438	0.00002
807.54649	0.00003
808.02861	0.00003
808.51073	0.00004
808.99285	0.00005
809.47496	0.00005
809.95708	0.00006
810.43920	0.00006
810.92131	0.00006
811.40343	0.00006
811.88555	0.00005
812.36767	0.00005
812.84978	0.00004
813.33190	0.00004
813.81402	0.00003
814.29614	0.00003
814.77825	0.00002
815.26037	0.00002
815.74249	0.00002
816.22461	0.00002
816.70672	0.00003
817.18884	0.00003
817.67096	0.00003
818.15307	0.00003
818.63519	0.00003
819.11731	0.00003
819.59943	0.00003
820.08154	0.00003
820.56366	0.00002
821.04578	0.00002
821.52790	0.00002
822.01001	0.00002
822.49213	0.00003
822.97425	0.00003
823.45636	0.00003
823.93848	0.00003
824.42060	0.00003
824.90272	0.00003
825.38483	0.00004
825.86695	0.00004
826.34907	0.00004
826.83119	0.00004
827.31330	0.00004
827.79542	0.00004
828.27754	0.00004
828.75966	0.00004
829.24177	0.00005
829.72389	0.00005
830.20601	0.00005
830.68812	0.00005
831.17024	0.00005
831.65236	0.00005
832.13448	0.00005
832.61659	0.00005
833.09871	0.00005
833.58083	0.00005
834.06295	0.00005
834.54506	0.00005
835.02718	0.00005
835.50930	0.00005
835.99141	0.00005
836.47353	0.00005
836.95565	0.00005
837.43777	0.00006
837.91988	0.00006
838.40200	0.00006
838.88412	0.00006
839.36624	0.00006
839.84835	0.00006
840.33047	0.00006
840.81259	0.00006
841.29471	0.00006
841.77682	0.00006
842.25894	0.00006
842.74106	0.00006
843.22317	0.00006
843.70529	0.00006
844.18741	0.00006
844.66953	0.00006
845.15164	0.00005
845.63376	0.00005
846.11588	0.00004
846.59800	0.00004
847.08011	0.00003
847.56223	0.00003
848.04435	0.00003
848.52646	0.00003
849.00858	0.00004
849.49070	0.00004
849.97282	0.00005
850.45493	0.00005
850.93705	0.00005
851.41917	0.00005
851.90129	0.00004
852.38340	0.00004
852.86552	0.00004
853.34764	0.00003
853.82976	0.00003
854.31187	0.00002
854.79399	0.00002
855.27611	0.00001
855.75822	0.00001
856.24034	0.00002
856.72246	0.00003
857.20458	0.00004
857.68669	0.00005
858.16881	0.00005
858.65093	0.00006
859.13305	0.00006
859.61516	0.00006
860.09728	0.00005
860.57940	0.00005
861.06151	0.00004
861.54363	0.00003
862.02575	0.00002
862.50787	0.00001
862.98998	0.00001
863.47210	0.00001
863.95422	0.00001
864.43634	0.00002
864.91845	0.00002
865.40057	0.00002
865.88269	0.00002
866.36481	0.00003
866.84692	0.00003
867.32904	0.00003
867.81116	0.00003
868.29327	0.00003
868.77539	0.00002
869.25751	0.00002
869.73963	0.00001
870.22174	0.00001
870.70386	0.00002
871.18598	0.00003
871.66810	0.00004
872.15021	0.00004
872.63233	0.00005
873.11445	0.00005
873.59656	0.00005
874.07868	0.00005
874.56080	0.00005
875.04292	0.00005
875.52503	0.00006
876.00715	0.00006
876.48927	0.00006
876.97139	0.00006
877.45350	0.00006
877.93562	0.00006
878.41774	0.00005
878.89986	0.00004
879.38197	0.00003
879.86409	0.00003
880.34621	0.00002
880.82832	0.00001
881.31044	0.00001
881.79256	0.00001
882.27468	0.00001
882.75679	0.00001
883.23891	0.00002
883.72103	0.00002
884.20315	0.00002
884.68526	0.00003
885.16738	0.00003
885.64950	0.00003
886.13161	0.00003
886.61373	0.00003
887.09585	0.00003
887.57797	0.00003
888.06008	0.00004
888.54220	0.00004
889.02432	0.00005
889.50644	0.00006
889.98855	0.00006
890.47067	0.00006
890.95279	0.00007
891.43491	0.00007
891.91702	0.00006
892.39914	0.00006
892.88126	0.00006
893.36337	0.00006
893.84549	0.00006
894.32761	0.00005
894.80973	0.00005
895.29184	0.00005
895.77396	0.00005
896.25608	0.00005
896.73820	0.00005
897.22031	0.00005
897.70243	0.00005
898.18455	0.00005
898.66667	0.00005
899.14878	0.00005
899.63090	0.00005
900.11302	0.00004
900.59513	0.00004
901.07725	0.00003
901.55937	0.00002
902.04149	0.00002
902.52360	0.00002
903.00572	0.00002
903.48784	0.00002
903.96996	0.00002
904.45207	0.00002
904.93419	0.00002
905.41631	0.00002
905.89842	0.00002
906.38054	0.00001
906.86266	0.00001
907.34478	0.00000
907.82689	0.00001
908.30901	0.00001
908.79113	0.00002
909.27325	0.00003
909.75536	0.00004
910.23748	0.00004
910.71960	0.00004
911.20172	0.00004
911.68383	0.00004
912.16595	0.00004
912.64807	0.00004
913.13018	0.00004
913.61230	0.00003
914.09442	0.00003
914.57654	0.00002
915.05865	0.00002
915.54077	0.00002
916.02289	0.00001
916.50501	0.00001
916.98712	0.00002
917.46924	0.00002
917.95136	0.00003
918.43347	0.00003
918.91559	0.00003
919.39771	0.00003
919.87983	0.00003
920.36194	0.00003
920.84406	0.00004
921.32618	0.00004
921.80830	0.00004
922.29041	0.00005
922.77253	0.00005
923.25465	0.00006
923.73677	0.00006
924.21888	0.00006
924.70100	0.00006
925.18312	0.00006
925.66523	0.00005
926.14735	0.00005
926.62947	0.00004
927.11159	0.00004
927.59370	0.00003
928.07582	0.00002
928.55794	0.00002
929.04006	0.00001
929.52217	0.00001
930.00429	0.00000
930.48641	0.00000
930.96852	0.00001
931.45064	0.00001
931.93276	0.00001
932.41488	0.00001
932.89699	0.00002
933.37911	0.00002
933.86123	0.00003
934.34335	0.00003
934.82546	0.00003
935.30758	0.00003
935.78970	0.00002
936.27182	0.00002
936.75393	0.00002
937.23605	0.00002
937.71817	0.00002
938.20028	0.00003
938.68240	0.00004
939.16452	0.00004
939.64664	0.00005
940.12875	0.00005
940.61087	0.00004
941.09299	0.00004
941.57511	0.00004
942.05722	0.00004
942.53934	0.00004
943.02146	0.00004
943.50357	0.00005
943.98569	0.00005
944.46781	0.00005
944.94993	0.00006
945.43204	0.00006
945.91416	0.00006
946.39628	0.00006
946.87840	0.00006
947.36051	0.00006
947.84263	0.00005
948.32475	0.00005
948.80687	0.00005
949.28898	0.00004
949.77110	0.00004
950.25322	0.00004
950.73533	0.00004
951.21745	0.00004
951.69957	0.00005
952.18169	0.00005
952.66380	0.00005
953.14592	0.00006
953.62804	0.00006
954.11016	0.00006
954.59227	0.00007
955.07439	0.00007
955.55651	0.00007
956.03862	0.00008
956.52074	0.00008
957.00286	0.00008
957.48498	0.00008
957.96709	0.00008
958.44921	0.00008
958.93133	0.00007
959.41345	0.00006
959.89556	0.00005
960.37768	0.00004
960.85980	0.00003
961.34192	0.00003
961.82403	0.00002
962.30615	0.00002
962.78827	0.00003
963.27038	0.00003
963.75250	0.00003
964.23462	0.00003
964.71674	0.00003
965.19885	0.00003
965.68097	0.00003
966.16309	0.00003
966.64521	0.00002
967.12732	0.00002
967.60944	0.00001
968.09156	0.00001
968.57367	0.00001
969.05579	0.00001
969.53791	0.00001
970.02003	0.00001
970.50214	0.00001
970.98426	0.00001
971.46638	0.00001
971.94850	0.00001
972.43061	0.00001
972.91273	0.00001
973.39485	0.00002
973.87697	0.00002
974.35908	0.00003
974.84120	0.00003
975.32332	0.00004
975.80543	0.00004
976.28755	0.00005
976.76967	0.00005
977.25179	0.00005
977.73390	0.00005
978.21602	0.00005
978.69814	0.00004
979.18026	0.00003
979.66237	0.00003
980.14449	0.00002
980.62661	0.00002
981.10872	0.00002
981.59084	0.00002
982.07296	0.00003
982.55508	0.00003
983.03719	0.00003
983.51931	0.00003
984.00143	0.00004
984.48355	0.00004
984.96566	0.00004
985.44778	0.00003
985.92990	0.00003
986.41202	0.00003
986.89413	0.00003
987.37625	0.00003
987.85837	0.00003
988.34048	0.00003
988.82260	0.00003
989.30472	0.00003
989.78684	0.00003
990.26895	0.00004
990.75107	0.00004
991.23319	0.00004
991.71531	0.00004
992.19742	0.00004
992.67954	0.00004
993.16166	0.00004
993.64378	0.00004
994.12589	0.00004
994.60801	0.00004
995.09013	0.00003
995.57224	0.00003
996.05436	0.00003
996.53648	0.00003
997.01860	0.00003
997.50071	0.00003
997.98283	0.00003
998.46495	0.00003
998.94707	0.00003
999.42918	0.00003
