0.00000	0.00170
0.48212	0.00170
0.96423	0.00169
1.44635	0.00165
1.92847	0.00158
2.41059	0.00148
2.89270	0.00134
3.37482	0.00116
3.85694	0.00097
4.33906	0.00080
4.82117	0.00063
5.30329	0.00049
5.78541	0.00039
6.26753	0.00032
6.74964	0.00028
7.23176	0.00026
7.71388	0.00026
8.19599	0.00026
8.67811	0.00027
9.16023	0.00028
9.64235	0.00028
10.12446	0.00028
10.60658	0.00028
11.08870	0.00027
11.57082	0.00026
12.05293	0.00025
12.53505	0.00023
13.01717	0.00019
13.49928	0.00014
13.98140	0.00010
14.46352	0.00010
14.94564	0.00019
15.42775	0.00034
15.90987	0.00050
16.39199	0.00069
16.87411	0.00092
17.35622	0.00119
17.83834	0.00149
18.32046	0.00185
18.80258	0.00225
19.28469	0.00271
19.76681	0.00321
20.24893	0.00377
20.73104	0.00436
21.21316	0.00499
21.69528	0.00565
22.17740	0.00634
22.65951	0.00704
23.14163	0.00774
23.62375	0.00846
24.10587	0.00919
24.58798	0.00993
25.07010	0.01070
25.55222	0.01151
26.03433	0.01236
26.51645	0.01326
26.99857	0.01421
27.48069	0.01522
27.96280	0.01628
28.44492	0.01737
28.92704	0.01850
29.40916	0.01965
29.89127	0.02082
30.37339	0.02199
30.85551	0.02317
31.33763	0.02437
31.81974	0.02561
32.30186	0.02690
32.78398	0.02829
33.26609	0.02983
33.74821	0.03157
34.23033	0.03358
34.71245	0.03589
35.19456	0.03856
35.67668	0.04159
36.15880	0.04495
36.64092	0.04861
37.12303	0.05247
37.60515	0.05644
38.08727	0.06040
38.56938	0.06428
39.05150	0.06800
39.53362	0.07153
40.01574	0.07491
40.49785	0.07816
40.97997	0.08137
41.46209	0.08459
41.94421	0.08785
42.42632	0.09114
42.90844	0.09437
43.39056	0.09744
43.87268	0.10019
44.35479	0.10250
44.83691	0.10428
45.31903	0.10550
45.80114	0.10626
46.28326	0.10678
46.76538	0.10735
47.24750	0.10835
47.72961	0.11016
48.21173	0.11312
48.69385	0.11748
49.17597	0.12331
49.65808	0.13053
50.14020	0.13892
50.62232	0.14810
51.10443	0.15763
51.58655	0.16710
52.06867	0.17614
52.55079	0.18454
53.03290	0.19223
53.51502	0.19934
53.99714	0.20613
54.47926	0.21295
54.96137	0.22018
55.44349	0.22815
55.92561	0.23707
56.40773	0.24703
56.88984	0.25791
57.37196	0.26946
57.85408	0.28131
58.33619	0.29302
58.81831	0.30416
59.30043	0.31436
59.78255	0.32335
60.26466	0.33103
60.74678	0.33742
61.22890	0.34270
61.71102	0.34713
62.19313	0.35103
62.67525	0.35469
63.15737	0.35836
63.63948	0.36215
64.12160	0.36606
64.60372	0.36992
65.08584	0.37348
65.56795	0.37638
66.05007	0.37824
66.53219	0.37874
67.01431	0.37767
67.49642	0.37496
67.97854	0.37075
68.46066	0.36537
68.94278	0.35933
69.42489	0.35323
69.90701	0.34771
70.38913	0.34335
70.87124	0.34060
71.35336	0.33966
71.83548	0.34053
72.31760	0.34294
72.79971	0.34644
73.28183	0.35049
73.76395	0.35458
74.24607	0.35829
74.72818	0.36148
75.21030	0.36425
75.69242	0.36698
76.17453	0.37025
76.65665	0.37476
77.13877	0.38116
77.62089	0.38990
78.10300	0.40117
78.58512	0.41477
79.06724	0.43018
79.54936	0.44658
80.03147	0.46303
80.51359	0.47862
80.99571	0.49258
81.47783	0.50452
81.95994	0.51438
82.44206	0.52251
82.92418	0.52960
83.40629	0.53651
83.88841	0.54415
84.37053	0.55329
84.85265	0.56443
85.33476	0.57773
85.81688	0.59291
86.29900	0.60938
86.78112	0.62625
87.26323	0.64250
87.74535	0.65714
88.22747	0.66939
88.70958	0.67873
89.19170	0.68506
89.67382	0.68869
90.15594	0.69028
90.63805	0.69076
91.12017	0.69118
91.60229	0.69252
92.08441	0.69556
92.56652	0.70072
93.04864	0.70801
93.53076	0.71698
94.01288	0.72683
94.49499	0.73649
94.97711	0.74484
95.45923	0.75088
95.94134	0.75388
96.42346	0.75357
96.90558	0.75011
97.38770	0.74416
97.86981	0.73671
98.35193	0.72898
98.83405	0.72218
99.31617	0.71734
99.79828	0.71518
100.28040	0.71594
100.76252	0.71941
101.24464	0.72493
101.72675	0.73153
102.20887	0.73807
102.69099	0.74344
103.17310	0.74669
103.65522	0.74722
104.13734	0.74485
104.61946	0.73982
105.10157	0.73278
105.58369	0.72468
106.06581	0.71662
106.54793	0.70968
107.03004	0.70478
107.51216	0.70252
107.99428	0.70310
108.47639	0.70628
108.95851	0.71142
109.44063	0.71757
109.92275	0.72363
110.40486	0.72851
110.88698	0.73131
111.36910	0.73147
111.85122	0.72889
112.33333	0.72388
112.81545	0.71716
113.29757	0.70974
113.77969	0.70267
114.26180	0.69694
114.74392	0.69323
115.22604	0.69185
115.70815	0.69262
116.19027	0.69495
116.67239	0.69793
117.15451	0.70048
117.63662	0.70156
118.11874	0.70036
118.60086	0.69641
119.08298	0.68969
119.56509	0.68059
120.04721	0.66991
120.52933	0.65866
121.01144	0.64793
121.49356	0.63871
121.97568	0.63175
122.45780	0.62745
122.93991	0.62580
123.42203	0.62640
123.90415	0.62855
124.38627	0.63132
124.86838	0.63373
125.35050	0.63490
125.83262	0.63414
126.31474	0.63110
126.79685	0.62575
127.27897	0.61843
127.76109	0.60975
128.24320	0.60047
128.72532	0.59141
129.20744	0.58328
129.68956	0.57658
130.17167	0.57153
130.65379	0.56801
131.13591	0.56565
131.61803	0.56384
132.10014	0.56186
132.58226	0.55905
133.06438	0.55487
133.54649	0.54901
134.02861	0.54146
134.51073	0.53246
134.99285	0.52250
135.47496	0.51222
135.95708	0.50230
136.43920	0.49334
136.92132	0.48578
137.40343	0.47987
137.88555	0.47558
138.36767	0.47267
138.84979	0.47072
139.33190	0.46920
139.81402	0.46758
140.29614	0.46540
140.77825	0.46235
141.26037	0.45831
141.74249	0.45339
142.22461	0.44784
142.70672	0.44206
143.18884	0.43652
143.67096	0.43164
144.15308	0.42774
144.63519	0.42499
145.11731	0.42338
145.59943	0.42270
146.08154	0.42260
146.56366	0.42265
147.04578	0.42239
147.52790	0.42143
148.01001	0.41948
148.49213	0.41644
148.97425	0.41237
149.45637	0.40747
149.93848	0.40207
150.42060	0.39654
150.90272	0.39125
151.38484	0.38647
151.86695	0.38236
152.34907	0.37895
152.83119	0.37610
153.31330	0.37359
153.79542	0.37110
154.27754	0.36831
154.75966	0.36493
155.24177	0.36078
155.72389	0.35577
156.20601	0.34995
156.68813	0.34347
157.17024	0.33660
157.65236	0.32964
158.13448	0.32290
158.61659	0.31666
159.09871	0.31111
159.58083	0.30636
160.06295	0.30241
160.54506	0.29919
161.02718	0.29654
161.50930	0.29427
161.99142	0.29219
162.47353	0.29014
162.95565	0.28802
163.43777	0.28580
163.91989	0.28352
164.40200	0.28128
164.88412	0.27921
165.36624	0.27745
165.84835	0.27611
166.33047	0.27526
166.81259	0.27491
167.29471	0.27501
167.77682	0.27542
168.25894	0.27600
168.74106	0.27656
169.22318	0.27692
169.70529	0.27694
170.18741	0.27653
170.66953	0.27566
171.15164	0.27435
171.63376	0.27267
172.11588	0.27072
172.59800	0.26863
173.08011	0.26648
173.56223	0.26436
174.04435	0.26230
174.52647	0.26030
175.00858	0.25830
175.49070	0.25626
175.97282	0.25410
176.45494	0.25176
176.93705	0.24921
177.41917	0.24645
177.90129	0.24350
178.38340	0.24046
178.86552	0.23739
179.34764	0.23441
179.82976	0.23161
180.31187	0.22905
180.79399	0.22678
181.27611	0.22479
181.75823	0.22306
182.24034	0.22152
182.72246	0.22009
183.20458	0.21870
183.68669	0.21726
184.16881	0.21574
184.65093	0.21411
185.13305	0.21238
185.61516	0.21057
186.09728	0.20875
186.57940	0.20696
187.06152	0.20526
187.54363	0.20368
188.02575	0.20223
188.50787	0.20089
188.98999	0.19962
189.47210	0.19837
189.95422	0.19707
190.43634	0.19565
190.91845	0.19407
191.40057	0.19228
191.88269	0.19030
192.36481	0.18815
192.84692	0.18587
193.32904	0.18353
193.81116	0.18120
194.29328	0.17895
194.77539	0.17683
195.25751	0.17486
195.73963	0.17304
196.22174	0.17136
196.70386	0.16975
197.18598	0.16818
197.66810	0.16659
198.15021	0.16494
198.63233	0.16319
199.11445	0.16136
199.59657	0.15946
200.07868	0.15753
200.56080	0.15564
201.04292	0.15383
201.52504	0.15214
202.00715	0.15061
202.48927	0.14922
202.97139	0.14795
203.45350	0.14677
203.93562	0.14559
204.41774	0.14437
204.89986	0.14303
205.38197	0.14155
205.86409	0.13989
206.34621	0.13808
206.82833	0.13614
207.31044	0.13413
207.79256	0.13212
208.27468	0.13016
208.75680	0.12831
209.23891	0.12659
209.72103	0.12502
210.20315	0.12359
210.68526	0.12226
211.16738	0.12100
211.64950	0.11976
212.13162	0.11851
212.61373	0.11722
213.09585	0.11590
213.57797	0.11455
214.06009	0.11321
214.54220	0.11190
215.02432	0.11068
215.50644	0.10955
215.98855	0.10853
216.47067	0.10763
216.95279	0.10681
217.43491	0.10606
217.91702	0.10532
218.39914	0.10455
218.88126	0.10373
219.36338	0.10282
219.84549	0.10182
220.32761	0.10074
220.80973	0.09961
221.29185	0.09846
221.77396	0.09732
222.25608	0.09624
222.73820	0.09524
223.22031	0.09433
223.70243	0.09353
224.18455	0.09282
224.66667	0.09217
225.14878	0.09156
225.63090	0.09096
226.11302	0.09035
226.59514	0.08970
227.07725	0.08901
227.55937	0.08827
228.04149	0.08749
228.52360	0.08669
229.00572	0.08591
229.48784	0.08514
229.96996	0.08443
230.45207	0.08378
230.93419	0.08319
231.41631	0.08267
231.89843	0.08220
232.38054	0.08176
232.86266	0.08132
233.34478	0.08085
233.82690	0.08032
234.30901	0.07972
234.79113	0.07903
235.27325	0.07826
235.75536	0.07740
236.23748	0.07650
236.71960	0.07556
237.20172	0.07462
237.68383	0.07371
238.16595	0.07284
238.64807	0.07202
239.13019	0.07125
239.61230	0.07050
240.09442	0.06976
240.57654	0.06900
241.05865	0.06817
241.54077	0.06728
242.02289	0.06628
242.50501	0.06520
242.98712	0.06404
243.46924	0.06281
243.95136	0.06156
244.43348	0.06030
244.91559	0.05908
245.39771	0.05790
245.87983	0.05679
246.36195	0.05573
246.84406	0.05474
247.32618	0.05377
247.80830	0.05283
248.29041	0.05188
248.77253	0.05091
249.25465	0.04991
249.73677	0.04889
250.21888	0.04783
250.70100	0.04678
251.18312	0.04573
251.66524	0.04471
252.14735	0.04374
252.62947	0.04282
253.11159	0.04196
253.59370	0.04115
254.07582	0.04038
254.55794	0.03964
255.04006	0.03891
255.52217	0.03816
256.00429	0.03740
256.48641	0.03661
256.96853	0.03580
257.45064	0.03496
257.93276	0.03411
258.41488	0.03327
258.89700	0.03244
259.37911	0.03164
259.86123	0.03088
260.34335	0.03014
260.82546	0.02945
261.30758	0.02878
261.78970	0.02813
262.27182	0.02750
262.75393	0.02686
263.23605	0.02621
263.71817	0.02555
264.20029	0.02488
264.68240	0.02419
265.16452	0.02350
265.64664	0.02280
266.12875	0.02211
266.61087	0.02143
267.09299	0.02076
267.57511	0.02012
268.05722	0.01951
268.53934	0.01892
269.02146	0.01835
269.50358	0.01780
269.98569	0.01726
270.46781	0.01675
270.94993	0.01624
271.43205	0.01574
271.91416	0.01525
272.39628	0.01477
272.87840	0.01431
273.36051	0.01386
273.84263	0.01344
274.32475	0.01304
274.80687	0.01266
275.28898	0.01231
275.77110	0.01198
276.25322	0.01168
276.73534	0.01140
277.21745	0.01114
277.69957	0.01089
278.18169	0.01066
278.66380	0.01044
279.14592	0.01023
279.62804	0.01002
280.11016	0.00982
280.59227	0.00962
281.07439	0.00943
281.55651	0.00924
282.03863	0.00906
282.52074	0.00889
283.00286	0.00873
283.48498	0.00858
283.96710	0.00844
284.44921	0.00831
284.93133	0.00818
285.41345	0.00804
285.89556	0.00790
286.37768	0.00776
286.85980	0.00760
287.34192	0.00743
287.82403	0.00725
288.30615	0.00706
288.78827	0.00686
289.27039	0.00667
289.75250	0.00648
290.23462	0.00630
290.71674	0.00612
291.19885	0.00596
291.68097	0.00580
292.16309	0.00564
292.64521	0.00549
293.12732	0.00533
293.60944	0.00518
294.09156	0.00502
294.57368	0.00486
295.05579	0.00471
295.53791	0.00456
296.02003	0.00442
296.50215	0.00429
296.98426	0.00418
297.46638	0.00408
297.94850	0.00399
298.43061	0.00391
298.91273	0.00383
299.39485	0.00376
299.87697	0.00369
300.35908	0.00361
300.84120	0.00354
301.32332	0.00346
301.80544	0.00339
302.28755	0.00333
302.76967	0.00327
303.25179	0.00321
303.73391	0.00317
304.21602	0.00313
304.69814	0.00309
305.18026	0.00305
305.66237	0.00302
306.14449	0.00298
306.62661	0.00293
307.10873	0.00288
307.59084	0.00283
308.07296	0.00278
308.55508	0.00272
309.03720	0.00267
309.51931	0.00261
310.00143	0.00255
310.48355	0.00250
310.96566	0.00244
311.44778	0.00238
311.92990	0.00232
312.41202	0.00227
312.89413	0.00222
313.37625	0.00217
313.85837	0.00213
314.34049	0.00208
314.82260	0.00205
315.30472	0.00201
315.78684	0.00198
316.26896	0.00194
316.75107	0.00191
317.23319	0.00188
317.71531	0.00184
318.19742	0.00181
318.67954	0.00178
319.16166	0.00176
319.64378	0.00173
320.12589	0.00171
320.60801	0.00169
321.09013	0.00168
321.57225	0.00167
322.05436	0.00165
322.53648	0.00163
323.01860	0.00162
323.50071	0.00159
323.98283	0.00157
324.46495	0.00155
324.94707	0.00152
325.42918	0.00150
325.91130	0.00148
326.39342	0.00146
326.87554	0.00144
327.35765	0.00142
327.83977	0.00140
328.32189	0.00138
328.80401	0.00136
329.28612	0.00134
329.76824	0.00133
330.25036	0.00131
330.73247	0.00130
331.21459	0.00130
331.69671	0.00129
332.17883	0.00129
332.66094	0.00130
333.14306	0.00130
333.62518	0.00130
334.10730	0.00130
334.58941	0.00130
335.07153	0.00130
335.55365	0.00129
336.03576	0.00129
336.51788	0.00129
337.00000	0.00129
337.48212	0.00129
337.96423	0.00129
338.44635	0.00129
338.92847	0.00128
339.41059	0.00128
339.89270	0.00126
340.37482	0.00124
340.85694	0.00122
341.33906	0.00119
341.82117	0.00116
342.30329	0.00114
342.78541	0.00112
343.26752	0.00111
343.74964	0.00110
344.23176	0.00110
344.71388	0.00110
345.19599	0.00110
345.67811	0.00111
346.16023	0.00111
346.64235	0.00111
347.12446	0.00111
347.60658	0.00111
348.08870	0.00111
348.57081	0.00111
349.05293	0.00111
349.53505	0.00110
350.01717	0.00110
350.49928	0.00109
350.98140	0.00109
351.46352	0.00109
351.94564	0.00108
352.42775	0.00108
352.90987	0.00108
353.39199	0.00107
353.87411	0.00107
354.35622	0.00107
354.83834	0.00106
355.32046	0.00105
355.80257	0.00104
356.28469	0.00102
356.76681	0.00100
357.24893	0.00098
357.73104	0.00096
358.21316	0.00094
358.69528	0.00092
359.17740	0.00091
359.65951	0.00090
360.14163	0.00089
360.62375	0.00089
361.10586	0.00089
361.58798	0.00089
362.07010	0.00090
362.55222	0.00091
363.03433	0.00092
363.51645	0.00093
363.99857	0.00094
364.48069	0.00094
364.96280	0.00095
365.44492	0.00095
365.92704	0.00095
366.40916	0.00095
366.89127	0.00094
367.37339	0.00093
367.85551	0.00093
368.33762	0.00092
368.81974	0.00091
369.30186	0.00091
369.78398	0.00090
370.26609	0.00090
370.74821	0.00090
371.23033	0.00090
371.71245	0.00090
372.19456	0.00090
372.67668	0.00090
373.15880	0.00089
373.64091	0.00088
374.12303	0.00086
374.60515	0.00085
375.08727	0.00084
375.56938	0.00082
376.05150	0.00081
376.53362	0.00081
377.01574	0.00081
377.49785	0.00081
377.97997	0.00080
378.46209	0.00080
378.94421	0.00080
379.42632	0.00080
379.90844	0.00080
380.39056	0.00079
380.87267	0.00079
381.35479	0.00079
381.83691	0.00079
382.31903	0.00079
382.80114	0.00079
383.28326	0.00079
383.76538	0.00079
384.24750	0.00078
384.72961	0.00077
385.21173	0.00075
385.69385	0.00074
386.17596	0.00072
386.65808	0.00070
387.14020	0.00069
387.62232	0.00068
388.10443	0.00068
388.58655	0.00068
389.06867	0.00068
389.55079	0.00069
390.03290	0.00070
390.51502	0.00070
390.99714	0.00070
391.47926	0.00070
391.96137	0.00070
392.44349	0.00069
392.92561	0.00068
393.40772	0.00068
393.88984	0.00067
394.37196	0.00066
394.85408	0.00065
395.33619	0.00065
395.81831	0.00064
396.30043	0.00063
396.78255	0.00063
397.26466	0.00062
397.74678	0.00061
398.22890	0.00060
398.71102	0.00059
399.19313	0.00059
399.67525	0.00058
400.15737	0.00057
400.63948	0.00057
401.12160	0.00056
401.60372	0.00056
402.08584	0.00056
402.56795	0.00056
403.05007	0.00056
403.53219	0.00056
404.01431	0.00056
404.49642	0.00056
404.97854	0.00055
405.46066	0.00055
405.94277	0.00054
406.42489	0.00054
406.90701	0.00053
407.38913	0.00053
407.87124	0.00053
408.35336	0.00053
408.83548	0.00053
409.31760	0.00054
409.79971	0.00055
410.28183	0.00056
410.76395	0.00057
411.24607	0.00058
411.72818	0.00059
412.21030	0.00059
412.69242	0.00058
413.17453	0.00057
413.65665	0.00056
414.13877	0.00055
414.62089	0.00054
415.10300	0.00052
415.58512	0.00051
416.06724	0.00050
416.54936	0.00049
417.03147	0.00048
417.51359	0.00046
417.99571	0.00045
418.47782	0.00044
418.95994	0.00043
419.44206	0.00042
419.92418	0.00041
420.40629	0.00040
420.88841	0.00039
421.37053	0.00039
421.85265	0.00038
422.33476	0.00038
422.81688	0.00039
423.29900	0.00039
423.78112	0.00040
424.26323	0.00040
424.74535	0.00041
425.22747	0.00041
425.70958	0.00042
426.19170	0.00043
426.67382	0.00043
427.15594	0.00044
427.63805	0.00044
428.12017	0.00045
428.60229	0.00045
429.08441	0.00045
429.56652	0.00045
430.04864	0.00044
430.53076	0.00044
431.01287	0.00043
431.49499	0.00042
431.97711	0.00041
432.45923	0.00040
432.94134	0.00040
433.42346	0.00039
433.90558	0.00038
434.38770	0.00037
434.86981	0.00036
435.35193	0.00035
435.83405	0.00035
436.31617	0.00034
436.79828	0.00034
437.28040	0.00033
437.76252	0.00033
438.24463	0.00033
438.72675	0.00033
439.20887	0.00032
439.69099	0.00032
440.17310	0.00032
440.65522	0.00032
441.13734	0.00031
441.61946	0.00031
442.10157	0.00031
442.58369	0.00031
443.06581	0.00031
443.54792	0.00031
444.03004	0.00031
444.51216	0.00032
444.99428	0.00032
445.47639	0.00033
445.95851	0.00034
446.44063	0.00034
446.92275	0.00034
447.40486	0.00034
447.88698	0.00034
448.36910	0.00033
448.85122	0.00033
449.33333	0.00033
449.81545	0.00032
450.29757	0.00032
450.77968	0.00032
451.26180	0.00033
451.74392	0.00033
452.22604	0.00034
452.70815	0.00035
453.19027	0.00035
453.67239	0.00036
454.15451	0.00036
454.63662	0.00036
455.11874	0.00035
455.60086	0.00035
456.08297	0.00034
456.56509	0.00034
457.04721	0.00033
457.52933	0.00032
458.01144	0.00031
458.49356	0.00031
458.97568	0.00030
459.45780	0.00030
459.93991	0.00030
460.42203	0.00030
460.90415	0.00030
461.38627	0.00030
461.86838	0.00030
462.35050	0.00030
462.83262	0.00030
463.31473	0.00031
463.79685	0.00031
464.27897	0.00031
464.76109	0.00031
465.24320	0.00030
465.72532	0.00030
466.20744	0.00030
466.68956	0.00029
467.17167	0.00029
467.65379	0.00029
468.13591	0.00029
468.61802	0.00029
469.10014	0.00028
469.58226	0.00028
470.06438	0.00028
470.54649	0.00027
471.02861	0.00026
471.51073	0.00026
471.99285	0.00025
472.47496	0.00024
472.95708	0.00023
473.43920	0.00022
473.92132	0.00022
474.40343	0.00021
474.88555	0.00020
475.36767	0.00020
475.84978	0.00020
476.33190	0.00020
476.81402	0.00020
477.29614	0.00020
477.77825	0.00021
478.26037	0.00022
478.74249	0.00023
479.22461	0.00024
479.70672	0.00024
480.18884	0.00025
480.67096	0.00024
481.15307	0.00024
481.63519	0.00023
482.11731	0.00022
482.59943	0.00022
483.08154	0.00021
483.56366	0.00020
484.04578	0.00020
484.52790	0.00019
485.01001	0.00019
485.49213	0.00019
485.97425	0.00018
486.45637	0.00018
486.93848	0.00018
487.42060	0.00017
487.90272	0.00017
488.38483	0.00017
488.86695	0.00018
489.34907	0.00018
489.83119	0.00019
490.31330	0.00020
490.79542	0.00021
491.27754	0.00022
491.75966	0.00022
492.24177	0.00023
492.72389	0.00022
493.20601	0.00022
493.68812	0.00021
494.17024	0.00019
494.65236	0.00018
495.13448	0.00016
495.61659	0.00015
496.09871	0.00013
496.58083	0.00012
497.06295	0.00012
497.54506	0.00011
498.02718	0.00012
498.50930	0.00012
498.99142	0.00013
499.47353	0.00014
499.95565	0.00015
500.43777	0.00016
500.91988	0.00016
501.40200	0.00017
501.88412	0.00017
502.36624	0.00017
502.84835	0.00017
503.33047	0.00017
503.81259	0.00016
504.29471	0.00015
504.77682	0.00014
505.25894	0.00013
505.74106	0.00012
506.22318	0.00011
506.70529	0.00010
507.18741	0.00009
507.66953	0.00008
508.15164	0.00008
508.63376	0.00007
509.11588	0.00007
509.59800	0.00007
510.08011	0.00008
510.56223	0.00008
511.04435	0.00009
511.52647	0.00010
512.00858	0.00011
512.49070	0.00012
512.97282	0.00013
513.45493	0.00014
513.93705	0.00014
514.41917	0.00015
514.90129	0.00015
515.38340	0.00015
515.86552	0.00014
516.34764	0.00014
516.82976	0.00013
517.31187	0.00012
517.79399	0.00012
518.27611	0.00011
518.75823	0.00010
519.24034	0.00010
519.72246	0.00009
520.20458	0.00008
520.68669	0.00007
521.16881	0.00007
521.65093	0.00006
522.13305	0.00006
522.61516	0.00006
523.09728	0.00006
523.57940	0.00007
524.06152	0.00007
524.54363	0.00007
525.02575	0.00007
525.50787	0.00008
525.98998	0.00008
526.47210	0.00008
526.95422	0.00008
527.43634	0.00007
527.91845	0.00007
528.40057	0.00007
528.88269	0.00007
529.36481	0.00006
529.84692	0.00006
530.32904	0.00005
530.81116	0.00005
531.29328	0.00004
531.77539	0.00004
532.25751	0.00003
532.73963	0.00003
533.22174	0.00002
533.70386	0.00002
534.18598	0.00002
534.66810	0.00002
535.15021	0.00003
535.63233	0.00003
536.11445	0.00004
536.59657	0.00005
537.07868	0.00006
537.56080	0.00007
538.04292	0.00008
538.52503	0.00009
539.00715	0.00009
539.48927	0.00010
539.97139	0.00011
540.45350	0.00011
540.93562	0.00012
541.41774	0.00012
541.89986	0.00012
542.38197	0.00012
542.86409	0.00012
543.34621	0.00011
543.82833	0.00011
544.31044	0.00010
544.79256	0.00010
545.27468	0.00009
545.75679	0.00009
546.23891	0.00009
546.72103	0.00009
547.20315	0.00009
547.68526	0.00009
548.16738	0.00009
548.64950	0.00009
549.13162	0.00010
549.61373	0.00010
550.09585	0.00010
550.57797	0.00010
551.06008	0.00011
551.54220	0.00011
552.02432	0.00011
552.50644	0.00010
552.98855	0.00010
553.47067	0.00010
553.95279	0.00009
554.43491	0.00008
554.91702	0.00008
555.39914	0.00007
555.88126	0.00007
556.36338	0.00006
556.84549	0.00005
557.32761	0.00005
557.80973	0.00004
558.29184	0.00003
558.77396	0.00003
559.25608	0.00002
559.73820	0.00002
560.22031	0.00002
560.70243	0.00002
561.18455	0.00002
561.66667	0.00002
562.14878	0.00003
562.63090	0.00003
563.11302	0.00003
563.59513	0.00003
564.07725	0.00004
564.55937	0.00004
565.04149	0.00004
565.52360	0.00004
566.00572	0.00003
566.48784	0.00003
566.96996	0.00003
567.45207	0.00003
567.93419	0.00003
568.41631	0.00003
568.89843	0.00003
569.38054	0.00003
569.86266	0.00003
570.34478	0.00003
570.82689	0.00003
571.30901	0.00003
571.79113	0.00003
572.27325	0.00004
572.75536	0.00004
573.23748	0.00005
573.71960	0.00005
574.20172	0.00005
574.68383	0.00006
575.16595	0.00006
575.64807	0.00005
576.13018	0.00005
576.61230	0.00005
577.09442	0.00005
577.57654	0.00005
578.05865	0.00005
578.54077	0.00006
579.02289	0.00006
579.50501	0.00007
579.98712	0.00007
580.46924	0.00008
580.95136	0.00008
581.43348	0.00008
581.91559	0.00008
582.39771	0.00007
582.87983	0.00006
583.36194	0.00005
583.84406	0.00005
584.32618	0.00004
584.80830	0.00003
585.29041	0.00003
585.77253	0.00003
586.25465	0.00003
586.73677	0.00003
587.21888	0.00002
587.70100	0.00001
588.18312	0.00001
588.66523	-0.00000
589.14735	-0.00000
589.62947	0.00000
590.11159	0.00001
590.59370	0.00001
591.07582	0.00002
591.55794	0.00002
592.04006	0.00003
592.52217	0.00003
593.00429	0.00004
593.48641	0.00004
593.96853	0.00004
594.45064	0.00004
594.93276	0.00003
595.41488	0.00003
595.89699	0.00002
596.37911	0.00002
596.86123	0.00002
597.34335	0.00002
597.82546	0.00002
598.30758	0.00002
598.78970	0.00003
599.27182	0.00003
599.75393	0.00003
600.23605	0.00002
600.71817	0.00000
601.20029	-0.00000
601.68240	0.00000
602.16452	0.00001
602.64664	0.00003
603.12875	0.00004
603.61087	0.00005
604.09299	0.00006
604.57511	0.00007
605.05722	0.00008
605.53934	0.00008
606.02146	0.00008
606.50358	0.00008
606.98569	0.00008
607.46781	0.00007
607.94993	0.00007
608.43204	0.00006
608.91416	0.00005
609.39628	0.00005
609.87840	0.00004
610.36051	0.00004
610.84263	0.00003
611.32475	0.00003
611.80687	0.00003
612.28898	0.00004
612.77110	0.00004
613.25322	0.00004
613.73534	0.00005
614.21745	0.00005
614.69957	0.00005
615.18169	0.00005
615.66380	0.00005
616.14592	0.00005
616.62804	0.00005
617.11016	0.00005
617.59227	0.00005
618.07439	0.00006
618.55651	0.00006
619.03863	0.00006
619.52074	0.00006
620.00286	0.00005
620.48498	0.00005
620.96709	0.00005
621.44921	0.00004
621.93133	0.00003
622.41345	0.00003
622.89556	0.00002
623.37768	0.00001
623.85980	0.00001
624.34192	0.00000
624.82403	0.00000
625.30615	0.00000
625.78827	0.00000
626.27039	0.00001
626.75250	0.00001
627.23462	0.00001
627.71674	0.00001
628.19885	0.00002
628.68097	0.00002
629.16309	0.00002
629.64521	0.00002
630.12732	0.00002
630.60944	0.00002
631.09156	0.00001
631.57368	0.00001
632.05579	0.00000
632.53791	0.00000
633.02003	0.00000
633.50214	0.00001
633.98426	0.00002
634.46638	0.00002
634.94850	0.00003
635.43061	0.00003
635.91273	0.00003
636.39485	0.00004
636.87697	0.00004
637.35908	0.00004
637.84120	0.00004
638.32332	0.00004
638.80544	0.00004
639.28755	0.00004
639.76967	0.00004
640.25179	0.00004
640.73390	0.00004
641.21602	0.00004
641.69814	0.00005
642.18026	0.00005
642.66237	0.00005
643.14449	0.00005
643.62661	0.00004
644.10873	0.00004
644.59084	0.00004
645.07296	0.00003
645.55508	0.00002
646.03719	0.00001
646.51931	0.00001
647.00143	0.00001
647.48355	0.00002
647.96566	0.00003
648.44778	0.00004
648.92990	0.00005
649.41202	0.00005
649.89413	0.00006
650.37625	0.00006
650.85837	0.00006
651.34049	0.00005
651.82260	0.00005
652.30472	0.00004
652.78684	0.00004
653.26895	0.00004
653.75107	0.00004
654.23319	0.00005
654.71531	0.00005
655.19742	0.00006
655.67954	0.00006
656.16166	0.00006
656.64378	0.00006
657.12589	0.00006
657.60801	0.00006
658.09013	0.00005
658.57224	0.00005
659.05436	0.00004
659.53648	0.00004
660.01860	0.00003
660.50071	0.00003
660.98283	0.00002
661.46495	0.00001
661.94707	0.00000
662.42918	-0.00000
662.91130	0.00001
663.39342	0.00002
663.87554	0.00003
664.35765	0.00004
664.83977	0.00005
665.32189	0.00005
665.80400	0.00006
666.28612	0.00006
666.76824	0.00006
667.25036	0.00007
667.73247	0.00007
668.21459	0.00007
668.69671	0.00007
669.17883	0.00006
669.66094	0.00006
670.14306	0.00006
670.62518	0.00006
671.10729	0.00006
671.58941	0.00006
672.07153	0.00006
672.55365	0.00006
673.03576	0.00006
673.51788	0.00006
674.00000	0.00006
674.48212	0.00006
674.96423	0.00006
675.44635	0.00006
675.92847	0.00005
676.41059	0.00005
676.89270	0.00005
677.37482	0.00004
677.85694	0.00004
678.33905	0.00003
678.82117	0.00003
679.30329	0.00003
679.78541	0.00003
680.26752	0.00003
680.74964	0.00003
681.23176	0.00003
681.71388	0.00002
682.19599	0.00002
682.67811	0.00002
683.16023	0.00002
683.64234	0.00002
684.12446	0.00003
684.60658	0.00003
685.08870	0.00003
685.57081	0.00004
686.05293	0.00004
686.53505	0.00004
687.01717	0.00004
687.49928	0.00004
687.98140	0.00004
688.46352	0.00004
688.94564	0.00004
689.42775	0.00004
689.90987	0.00004
690.39199	0.00004
690.87410	0.00005
691.35622	0.00005
691.83834	0.00005
692.32046	0.00005
692.80257	0.00005
693.28469	0.00005
693.76681	0.00005
694.24893	0.00005
694.73104	0.00004
695.21316	0.00004
695.69528	0.00004
696.17740	0.00003
696.65951	0.00003
697.14163	0.00002
697.62375	0.00002
698.10586	0.00002
698.58798	0.00001
699.07010	0.00001
699.55222	0.00001
700.03433	0.00001
700.51645	0.00001
700.99857	0.00002
701.48069	0.00002
701.96280	0.00002
702.44492	0.00003
702.92704	0.00003
703.40915	0.00003
703.89127	0.00004
704.37339	0.00004
704.85551	0.00004
705.33762	0.00005
705.81974	0.00005
706.30186	0.00006
706.78398	0.00006
707.26609	0.00007
707.74821	0.00007
708.23033	0.00007
708.71245	0.00007
709.19456	0.00007
709.67668	0.00007
710.15880	0.00006
710.64091	0.00006
711.12303	0.00005
711.60515	0.00004
712.08727	0.00003
712.56938	0.00003
713.05150	0.00002
713.53362	0.00002
714.01574	0.00002
714.49785	0.00002
714.97997	0.00001
715.46209	0.00001
715.94420	0.00001
716.42632	0.00001
716.90844	0.00001
717.39056	0.00000
717.87267	0.00000
718.35479	0.00001
718.83691	0.00003
719.31903	0.00004
719.80114	0.00005
720.28326	0.00006
720.76538	0.00007
721.24750	0.00007
721.72961	0.00007
722.21173	0.00007
722.69385	0.00006
723.17596	0.00005
723.65808	0.00004
724.14020	0.00002
724.62232	0.00002
725.10443	0.00002
725.58655	0.00003
726.06867	0.00004
726.55079	0.00005
727.03290	0.00006
727.51502	0.00006
727.99714	0.00006
728.47925	0.00006
728.96137	0.00006
729.44349	0.00006
729.92561	0.00005
730.40772	0.00004
730.88984	0.00003
731.37196	0.00003
731.85408	0.00002
732.33619	0.00001
732.81831	0.00001
733.30043	0.00000
733.78255	0.00000
734.26466	0.00001
734.74678	0.00001
735.22890	0.00001
735.71101	0.00001
736.19313	0.00001
736.67525	0.00001
737.15737	0.00002
737.63948	0.00002
738.12160	0.00002
738.60372	0.00003
739.08584	0.00003
739.56795	0.00003
740.05007	0.00003
740.53219	0.00002
741.01430	0.00002
741.49642	0.00002
741.97854	0.00001
742.46066	0.00001
742.94277	0.00001
743.42489	0.00001
743.90701	0.00001
744.38913	0.00001
744.87124	0.00001
745.35336	0.00001
745.83548	0.00002
746.31760	0.00002
746.79971	0.00002
747.28183	0.00003
747.76395	0.00003
748.24606	0.00003
748.72818	0.00003
749.21030	0.00003
749.69242	0.00003
750.17453	0.00003
750.65665	0.00003
751.13877	0.00003
751.62089	0.00003
752.10300	0.00003
752.58512	0.00003
753.06724	0.00003
753.54935	0.00003
754.03147	0.00003
754.51359	0.00003
754.99571	0.00003
755.47782	0.00003
755.95994	0.00003
756.44206	0.00003
756.92418	0.00003
757.40629	0.00003
757.88841	0.00003
758.37053	0.00003
758.85265	0.00003
759.33476	0.00003
759.81688	0.00003
760.29900	0.00004
760.78111	0.00004
761.26323	0.00004
761.74535	0.00004
762.22747	0.00004
762.70958	0.00004
763.19170	0.00004
763.67382	0.00004
764.15594	0.00004
764.63805	0.00004
765.12017	0.00004
765.60229	0.00004
766.08440	0.00005
766.56652	0.00005
767.04864	0.00005
767.53076	0.00006
768.01287	0.00006
768.49499	0.00006
768.97711	0.00006
769.45923	0.00005
769.94134	0.00005
770.42346	0.00004
770.90558	0.00004
771.38770	0.00004
771.86981	0.00003
772.35193	0.00003
772.83405	0.00003
773.31616	0.00003
773.79828	0.00002
774.28040	0.00002
774.76252	0.00001
775.24463	0.00001
775.72675	0.00000
776.20887	0.00000
776.69099	0.00001
777.17310	0.00001
777.65522	0.00000
778.13734	0.00000
778.61945	0.00001
779.10157	0.00002
779.58369	0.00002
780.06581	0.00003
780.54792	0.00004
781.03004	0.00005
781.51216	0.00006
781.99428	0.00006
782.47639	0.00006
782.95851	0.00006
783.44063	0.00005
783.92275	0.00005
784.40486	0.00004
784.88698	0.00004
785.36910	0.00004
785.85121	0.00004
786.33333	0.00004
786.81545	0.00004
787.29757	0.00005
787.77968	0.00005
788.26180	0.00006
788.74392	0.00006
789.22604	0.00006
789.70815	0.00005
790.19027	0.00004
790.67239	0.00004
791.15451	0.00003
791.63662	0.00003
792.11874	0.00002
792.60086	0.00002
793.08297	0.00002
793.56509	0.00002
794.04721	0.00002
794.52933	0.00002
795.01144	0.00002
795.49356	0.00003
795.97568	0.00004
796.45780	0.00004
796.93991	0.00005
797.42203	0.00005
797.90415	0.00006
798.38626	0.00006
798.86838	0.00006
799.35050	0.00006
799.83262	0.00006
800.31473	0.00006
800.79685	0.00006
801.27897	0.00006
801.76109	0.00006
802.24320	0.00006
802.72532	0.00005
803.20744	0.00005
803.68956	0.00005
804.17167	0.00005
804.65379	0.00005
805.13591	0.00005
805.61802	0.00005
806.10014	0.00006
806.58226	0.00007
807.06438	0.00007
807.54649	0.00007
808.02861	0.00007
808.51073	0.00007
808.99285	0.00007
809.47496	0.00007
809.95708	0.00006
810.43920	0.00006
810.92131	0.00005
811.40343	0.00005
811.88555	0.00004
812.36767	0.00004
812.84978	0.00003
813.33190	0.00002
813.81402	0.00002
814.29614	0.00001
814.77825	0.00001
815.26037	0.00002
815.74249	0.00003
816.22461	0.00003
816.70672	0.00003
817.18884	0.00004
817.67096	0.00004
818.15307	0.00004
818.63519	0.00004
819.11731	0.00004
819.59943	0.00004
820.08154	0.00004
820.56366	0.00004
821.04578	0.00004
821.52790	0.00003
822.01001	0.00003
822.49213	0.00003
822.97425	0.00003
823.45636	0.00003
823.93848	0.00003
824.42060	0.00003
824.90272	0.00003
825.38483	0.00002
825.86695	0.00002
826.34907	0.00002
826.83119	0.00002
827.31330	0.00002
827.79542	0.00003
828.27754	0.00003
828.75966	0.00003
829.24177	0.00004
829.72389	0.00003
830.20601	0.00003
830.68812	0.00003
831.17024	0.00002
831.65236	0.00002
832.13448	0.00001
832.61659	0.00001
833.09871	0.00001
833.58083	0.00001
834.06295	0.00001
834.54506	0.00001
835.02718	0.00001
835.50930	0.00001
835.99141	0.00002
836.47353	0.00002
836.95565	0.00002
837.43777	0.00002
837.91988	0.00002
838.40200	0.00002
838.88412	0.00002
839.36624	0.00002
839.84835	0.00003
840.33047	0.00004
840.81259	0.00005
841.29471	0.00006
841.77682	0.00006
842.25894	0.00007
842.74106	0.00007
843.22317	0.00006
843.70529	0.00005
844.18741	0.00004
844.66953	0.00003
845.15164	0.00002
845.63376	0.00002
846.11588	0.00001
846.59800	0.00002
847.08011	0.00002
847.56223	0.00002
848.04435	0.00002
848.52646	0.00002
849.00858	0.00002
849.49070	0.00001
849.97282	0.00001
850.45493	0.00001
850.93705	0.00001
851.41917	0.00001
851.90129	0.00002
852.38340	0.00002
852.86552	0.00002
853.34764	0.00002
853.82976	0.00002
854.31187	0.00002
854.79399	0.00002
855.27611	0.00002
855.75822	0.00002
856.24034	0.00002
856.72246	0.00001
857.20458	0.00001
857.68669	0.00002
858.16881	0.00002
858.65093	0.00003
859.13305	0.00003
859.61516	0.00004
860.09728	0.00004
860.57940	0.00005
861.06151	0.00005
861.54363	0.00005
862.02575	0.00005
862.50787	0.00005
862.98998	0.00005
863.47210	0.00005
863.95422	0.00004
864.43634	0.00004
864.91845	0.00004
865.40057	0.00004
865.88269	0.00004
866.36481	0.00004
866.84692	0.00004
867.32904	0.00004
867.81116	0.00004
868.29327	0.00004
868.77539	0.00004
869.25751	0.00003
869.73963	0.00003
870.22174	0.00003
870.70386	0.00002
871.18598	0.00002
871.66810	0.00002
872.15021	0.00003
872.63233	0.00003
873.11445	0.00003
873.59656	0.00003
874.07868	0.00003
874.56080	0.00003
875.04292	0.00003
875.52503	0.00003
876.00715	0.00003
876.48927	0.00003
876.97139	0.00002
877.45350	0.00002
877.93562	0.00002
878.41774	0.00002
878.89986	0.00002
879.38197	0.00002
879.86409	0.00002
880.34621	0.00002
880.82832	0.00003
881.31044	0.00003
881.79256	0.00003
882.27468	0.00003
882.75679	0.00003
883.23891	0.00003
883.72103	0.00003
884.20315	0.00002
884.68526	0.00002
885.16738	0.00002
885.64950	0.00001
886.13161	0.00001
886.61373	0.00001
887.09585	0.00001
887.57797	0.00001
888.06008	0.00002
888.54220	0.00002
889.02432	0.00003
889.50644	0.00003
889.98855	0.00004
890.47067	0.00004
890.95279	0.00005
891.43491	0.00005
891.91702	0.00005
892.39914	0.00005
892.88126	0.00004
893.36337	0.00004
893.84549	0.00004
894.32761	0.00003
894.80973	0.00003
895.29184	0.00003
895.77396	0.00003
896.25608	0.00003
896.73820	0.00003
897.22031	0.00003
897.70243	0.00003
898.18455	0.00002
898.66667	0.00002
899.14878	0.00001
899.63090	0.00001
900.11302	0.00001
900.59513	0.00002
901.07725	0.00003
901.55937	0.00003
902.04149	0.00004
902.52360	0.00004
903.00572	0.00004
903.48784	0.00004
903.96996	0.00004
904.45207	0.00003
904.93419	0.00003
905.41631	0.00003
905.89842	0.00002
906.38054	0.00002
906.86266	0.00002
907.34478	0.00002
907.82689	0.00003
908.30901	0.00003
908.79113	0.00003
909.27325	0.00003
909.75536	0.00004
910.23748	0.00004
910.71960	0.00003
911.20172	0.00003
911.68383	0.00003
912.16595	0.00003
912.64807	0.00002
913.13018	0.00002
913.61230	0.00002
914.09442	0.00002
914.57654	0.00002
915.05865	0.00001
915.54077	0.00001
916.02289	0.00001
916.50501	0.00001
916.98712	0.00000
917.46924	0.00001
917.95136	0.00001
918.43347	0.00002
918.91559	0.00003
919.39771	0.00003
919.87983	0.00003
920.36194	0.00004
920.84406	0.00003
921.32618	0.00003
921.80830	0.00003
922.29041	0.00002
922.77253	0.00002
923.25465	0.00003
923.73677	0.00003
924.21888	0.00003
924.70100	0.00003
925.18312	0.00003
925.66523	0.00003
926.14735	0.00003
926.62947	0.00002
927.11159	0.00002
927.59370	0.00002
928.07582	0.00002
928.55794	0.00003
929.04006	0.00003
929.52217	0.00004
930.00429	0.00004
930.48641	0.00004
930.96852	0.00005
931.45064	0.00005
931.93276	0.00005
932.41488	0.00004
932.89699	0.00004
933.37911	0.00004
933.86123	0.00004
934.34335	0.00003
934.82546	0.00003
935.30758	0.00003
935.78970	0.00003
936.27182	0.00003
936.75393	0.00003
937.23605	0.00003
937.71817	0.00003
938.20028	0.00004
938.68240	0.00004
939.16452	0.00005
939.64664	0.00005
940.12875	0.00005
940.61087	0.00005
941.09299	0.00004
941.57511	0.00004
942.05722	0.00003
942.53934	0.00002
943.02146	0.00002
943.50357	0.00002
943.98569	0.00002
944.46781	0.00003
944.94993	0.00003
945.43204	0.00003
945.91416	0.00003
946.39628	0.00003
946.87840	0.00003
947.36051	0.00002
947.84263	0.00002
948.32475	0.00001
948.80687	0.00001
949.28898	0.00001
949.77110	0.00001
950.25322	0.00001
950.73533	0.00001
951.21745	0.00001
951.69957	0.00000
952.18169	0.00000
952.66380	0.00000
953.14592	0.00000
953.62804	0.00001
954.11016	0.00001
954.59227	0.00002
955.07439	0.00002
955.55651	0.00003
956.03862	0.00003
956.52074	0.00003
957.00286	0.00003
957.48498	0.00003
957.96709	0.00003
958.44921	0.00002
958.93133	0.00002
959.41345	0.00001
959.89556	0.00001
960.37768	0.00001
960.85980	0.00001
961.34192	0.00001
961.82403	0.00001
962.30615	0.00001
962.78827	0.00002
963.27038	0.00002
963.75250	0.00003
964.23462	0.00003
964.71674	0.00003
965.19885	0.00003
965.68097	0.00003
966.16309	0.00002
966.64521	0.00002
967.12732	0.00001
967.60944	0.00001
968.09156	0.00001
968.57367	0.00001
969.05579	0.00001
969.53791	0.00002
970.02003	0.00002
970.50214	0.00002
970.98426	0.00003
971.46638	0.00003
971.94850	0.00004
972.43061	0.00004
972.91273	0.00005
973.39485	0.00005
973.87697	0.00005
974.35908	0.00005
974.84120	0.00005
975.32332	0.00004
975.80543	0.00004
976.28755	0.00004
976.76967	0.00004
977.25179	0.00004
977.73390	0.00003
978.21602	0.00003
978.69814	0.00002
979.18026	0.00001
979.66237	0.00001
980.14449	0.00001
980.62661	0.00002
981.10872	0.00003
981.59084	0.00004
982.07296	0.00004
982.55508	0.00005
983.03719	0.00005
983.51931	0.00005
984.00143	0.00005
984.48355	0.00005
984.96566	0.00004
985.44778	0.00004
985.92990	0.00003
986.41202	0.00003
986.89413	0.00003
987.37625	0.00002
987.85837	0.00003
988.34048	0.00003
988.82260	0.00003
989.30472	0.00003
989.78684	0.00004
990.26895	0.00004
990.75107	0.00003
991.23319	0.00003
991.71531	0.00003
992.19742	0.00002
992.67954	0.00002
993.16166	0.00002
993.64378	0.00002
994.12589	0.00001
994.60801	0.00001
995.09013	0.00001
995.57224	0.00001
996.05436	0.00000
996.53648	0.00000
997.01860	0.00000
997.50071	0.00001
997.98283	0.00001
998.46495	0.00001
998.94707	0.00001
999.42918	0.00001
