0.00000	0.00156
0.24106	0.00158
0.48212	0.00165
0.72318	0.00174
0.96423	0.00183
1.20529	0.00187
1.44635	0.00185
1.68741	0.00177
1.92847	0.00163
2.16953	0.00144
2.41059	0.00125
2.65165	0.00106
2.89270	0.00089
3.13376	0.00076
3.37482	0.00066
3.61588	0.00059
3.85694	0.00055
4.09800	0.00054
4.33906	0.00055
4.58011	0.00057
4.82117	0.00061
5.06223	0.00065
5.30329	0.00069
5.54435	0.00073
5.78541	0.00075
6.02647	0.00076
6.26753	0.00074
6.50858	0.00071
6.74964	0.00067
6.99070	0.00062
7.23176	0.00057
7.47282	0.00052
7.71388	0.00049
7.95494	0.00046
8.19599	0.00045
8.43705	0.00045
8.67811	0.00046
8.91917	0.00048
9.16023	0.00050
9.40129	0.00053
9.64235	0.00054
9.88340	0.00055
10.12446	0.00055
10.36552	0.00055
10.60658	0.00054
10.84764	0.00053
11.08870	0.00053
11.32976	0.00054
11.57082	0.00056
11.81187	0.00058
12.05293	0.00060
12.29399	0.00063
12.53505	0.00064
12.77611	0.00065
13.01717	0.00065
13.25823	0.00063
13.49928	0.00061
13.74034	0.00058
13.98140	0.00054
14.22246	0.00048
14.46352	0.00042
14.70458	0.00035
14.94564	0.00028
15.18670	0.00021
15.42775	0.00015
15.66881	0.00009
15.90987	0.00006
16.15093	0.00006
16.39199	0.00009
16.63305	0.00015
16.87411	0.00025
17.11516	0.00038
17.35622	0.00053
17.59728	0.00074
17.83834	0.00097
18.07940	0.00122
18.32046	0.00148
18.56152	0.00175
18.80258	0.00199
19.04363	0.00222
19.28469	0.00241
19.52575	0.00255
19.76681	0.00267
20.00787	0.00277
20.24893	0.00288
20.48999	0.00303
20.73104	0.00327
20.97210	0.00361
21.21316	0.00407
21.45422	0.00465
21.69528	0.00531
21.93634	0.00603
22.17740	0.00673
22.41845	0.00736
22.65951	0.00787
22.90057	0.00823
23.14163	0.00843
23.38269	0.00850
23.62375	0.00849
23.86481	0.00845
24.10587	0.00845
24.34692	0.00855
24.58798	0.00877
24.82904	0.00915
25.07010	0.00964
25.31116	0.01023
25.55222	0.01085
25.79328	0.01144
26.03433	0.01196
26.27539	0.01239
26.51645	0.01271
26.75751	0.01297
26.99857	0.01323
27.23963	0.01355
27.48069	0.01401
27.72175	0.01465
27.96280	0.01548
28.20386	0.01648
28.44492	0.01758
28.68598	0.01868
28.92704	0.01969
29.16810	0.02051
29.40916	0.02108
29.65021	0.02140
29.89127	0.02153
30.13233	0.02156
30.37339	0.02163
30.61445	0.02187
30.85551	0.02238
31.09657	0.02321
31.33763	0.02434
31.57868	0.02570
31.81974	0.02714
32.06080	0.02849
32.30186	0.02961
32.54292	0.03036
32.78398	0.03071
33.02504	0.03071
33.26609	0.03046
33.50715	0.03016
33.74821	0.03001
33.98927	0.03020
34.23033	0.03086
34.47139	0.03204
34.71245	0.03368
34.95350	0.03562
35.19456	0.03766
35.43562	0.03959
35.67668	0.04123
35.91774	0.04251
36.15880	0.04347
36.39986	0.04428
36.64092	0.04521
36.88197	0.04656
37.12303	0.04860
37.36409	0.05151
37.60515	0.05531
37.84621	0.05985
38.08727	0.06480
38.32833	0.06972
38.56938	0.07413
38.81044	0.07759
39.05150	0.07981
39.29256	0.08070
39.53362	0.08038
39.77468	0.07920
40.01574	0.07768
40.25680	0.07636
40.49785	0.07576
40.73891	0.07623
40.97997	0.07793
41.22103	0.08074
41.46209	0.08433
41.70315	0.08825
41.94421	0.09196
42.18526	0.09504
42.42632	0.09720
42.66738	0.09843
42.90844	0.09894
43.14950	0.09914
43.39056	0.09955
43.63162	0.10066
43.87268	0.10282
44.11373	0.10615
44.35479	0.11048
44.59585	0.11536
44.83691	0.12017
45.07797	0.12421
45.31903	0.12683
45.56009	0.12760
45.80114	0.12637
46.04220	0.12331
46.28326	0.11892
46.52432	0.11387
46.76538	0.10896
47.00644	0.10491
47.24750	0.10226
47.48855	0.10128
47.72961	0.10192
47.97067	0.10385
48.21173	0.10659
48.45279	0.10956
48.69385	0.11232
48.93491	0.11462
49.17597	0.11648
49.41702	0.11825
49.65808	0.12048
49.89914	0.12385
50.14020	0.12897
50.38126	0.13624
50.62232	0.14571
50.86338	0.15704
51.10443	0.16949
51.34549	0.18205
51.58655	0.19362
51.82761	0.20319
52.06867	0.21004
52.30973	0.21391
52.55079	0.21505
52.79185	0.21415
53.03290	0.21224
53.27396	0.21047
53.51502	0.20985
53.75608	0.21108
53.99714	0.21437
54.23820	0.21943
54.47926	0.22553
54.72031	0.23168
54.96137	0.23688
55.20243	0.24038
55.44349	0.24188
55.68455	0.24165
55.92561	0.24051
56.16667	0.23970
56.40773	0.24063
56.64878	0.24454
56.88984	0.25226
57.13090	0.26395
57.37196	0.27903
57.61302	0.29624
57.85408	0.31384
58.09514	0.32998
58.33619	0.34301
58.57725	0.35186
58.81831	0.35623
59.05937	0.35669
59.30043	0.35451
59.54149	0.35143
59.78255	0.34928
60.02361	0.34956
60.26466	0.35315
60.50572	0.36006
60.74678	0.36947
60.98784	0.37989
61.22890	0.38948
61.46996	0.39647
61.71102	0.39958
61.95207	0.39831
62.19313	0.39306
62.43419	0.38513
62.67525	0.37643
62.91631	0.36910
63.15737	0.36506
63.39843	0.36565
63.63948	0.37127
63.88054	0.38136
64.12160	0.39448
64.36266	0.40861
64.60372	0.42159
64.84478	0.43154
65.08584	0.43726
65.32690	0.43843
65.56795	0.43572
65.80901	0.43051
66.05007	0.42466
66.29113	0.42000
66.53219	0.41796
66.77325	0.41922
67.01431	0.42356
67.25536	0.42991
67.49642	0.43658
67.73748	0.44165
67.97854	0.44338
68.21960	0.44059
68.46066	0.43296
68.70172	0.42107
68.94278	0.40631
69.18383	0.39060
69.42489	0.37598
69.66595	0.36420
69.90701	0.35641
70.14807	0.35295
70.38913	0.35330
70.63019	0.35628
70.87124	0.36034
71.11230	0.36397
71.35336	0.36603
71.59442	0.36602
71.83548	0.36422
72.07654	0.36158
72.31760	0.35952
72.55866	0.35955
72.79971	0.36292
73.04077	0.37024
73.28183	0.38136
73.52289	0.39524
73.76395	0.41022
74.00501	0.42425
74.24607	0.43534
74.48712	0.44193
74.72818	0.44322
74.96924	0.43933
75.21030	0.43127
75.45136	0.42072
75.69242	0.40973
75.93348	0.40025
76.17453	0.39377
76.41559	0.39110
76.65665	0.39220
76.89771	0.39631
77.13877	0.40221
77.37983	0.40856
77.62089	0.41427
77.86195	0.41882
78.10300	0.42244
78.34406	0.42604
78.58512	0.43105
78.82618	0.43906
79.06724	0.45138
79.30830	0.46871
79.54936	0.49087
79.79041	0.51673
80.03147	0.54431
80.27253	0.57114
80.51359	0.59468
80.75465	0.61281
80.99571	0.62420
81.23677	0.62858
81.47783	0.62679
81.71888	0.62058
81.95994	0.61224
82.20100	0.60415
82.44206	0.59829
82.68312	0.59589
82.92418	0.59721
83.16524	0.60158
83.40629	0.60765
83.64735	0.61376
83.88841	0.61840
84.12947	0.62066
84.37053	0.62048
84.61159	0.61871
84.85265	0.61703
85.09371	0.61750
85.33476	0.62217
85.57582	0.63256
85.81688	0.64929
86.05794	0.67186
86.29900	0.69869
86.54006	0.72742
86.78112	0.75530
87.02217	0.77975
87.26323	0.79886
87.50429	0.81173
87.74535	0.81860
87.98641	0.82072
88.22747	0.82007
88.46853	0.81881
88.70958	0.81879
88.95064	0.82116
89.19170	0.82605
89.43276	0.83261
89.67382	0.83923
89.91488	0.84394
90.15594	0.84494
90.39700	0.84108
90.63805	0.83219
90.87911	0.81919
91.12017	0.80399
91.36123	0.78911
91.60229	0.77717
91.84335	0.77041
92.08441	0.77015
92.32546	0.77662
92.56652	0.78889
92.80758	0.80515
93.04864	0.82309
93.28970	0.84043
93.53076	0.85544
93.77182	0.86724
94.01288	0.87597
94.25393	0.88266
94.49499	0.88889
94.73605	0.89633
94.97711	0.90622
95.21817	0.91903
95.45923	0.93421
95.70029	0.95025
95.94134	0.96496
96.18240	0.97592
96.42346	0.98101
96.66452	0.97890
96.90558	0.96938
97.14664	0.95338
97.38770	0.93291
97.62876	0.91056
97.86981	0.88909
98.11087	0.87081
98.35193	0.85721
98.59299	0.84873
98.83405	0.84478
99.07511	0.84401
99.31617	0.84469
99.55722	0.84527
99.79828	0.84475
100.03934	0.84299
100.28040	0.84075
100.52146	0.83949
100.76252	0.84098
101.00358	0.84686
101.24464	0.85811
101.48569	0.87479
101.72675	0.89586
101.96781	0.91934
102.20887	0.94266
102.44993	0.96311
102.69099	0.97844
102.93205	0.98724
103.17310	0.98918
103.41416	0.98508
103.65522	0.97662
103.89628	0.96595
104.13734	0.95520
104.37840	0.94596
104.61946	0.93899
104.86051	0.93410
105.10157	0.93025
105.34263	0.92589
105.58369	0.91946
105.82475	0.90982
106.06581	0.89664
106.30687	0.88058
106.54793	0.86322
106.78898	0.84681
107.03004	0.83374
107.27110	0.82610
107.51216	0.82516
107.75322	0.83114
107.99428	0.84310
108.23534	0.85917
108.47639	0.87698
108.71745	0.89410
108.95851	0.90863
109.19957	0.91953
109.44063	0.92681
109.68169	0.93144
109.92275	0.93504
110.16381	0.93938
110.40486	0.94590
110.64592	0.95525
110.88698	0.96704
111.12804	0.97984
111.36910	0.99150
111.61016	0.99954
111.85122	1.00175
112.09227	0.99674
112.33333	0.98426
112.57439	0.96537
112.81545	0.94224
113.05651	0.91780
113.29757	0.89512
113.53863	0.87683
113.77969	0.86463
114.02074	0.85899
114.26180	0.85917
114.50286	0.86345
114.74392	0.86961
114.98498	0.87553
115.22604	0.87973
115.46710	0.88167
115.70815	0.88194
115.94921	0.88203
116.19027	0.88391
116.43133	0.88951
116.67239	0.90011
116.91345	0.91595
117.15451	0.93598
117.39556	0.95802
117.63662	0.97909
117.87768	0.99601
118.11874	1.00607
118.35980	1.00753
118.60086	1.00004
118.84192	0.98469
119.08298	0.96377
119.32403	0.94028
119.56509	0.91731
119.80615	0.89742
120.04721	0.88213
120.28827	0.87172
120.52933	0.86526
120.77039	0.86098
121.01144	0.85677
121.25250	0.85081
121.49356	0.84204
121.73462	0.83050
121.97568	0.81737
122.21674	0.80471
122.45780	0.79498
122.69886	0.79049
122.93991	0.79280
123.18097	0.80234
123.42203	0.81826
123.66309	0.83852
123.90415	0.86035
124.14521	0.88076
124.38627	0.89718
124.62732	0.90792
124.86838	0.91250
125.10944	0.91165
125.35050	0.90707
125.59156	0.90096
125.83262	0.89544
126.07368	0.89206
126.31474	0.89137
126.55579	0.89288
126.79685	0.89513
127.03791	0.89612
127.27897	0.89382
127.52003	0.88669
127.76109	0.87410
128.00215	0.85657
128.24320	0.83567
128.48426	0.81374
128.72532	0.79342
128.96638	0.77708
129.20744	0.76638
129.44850	0.76193
129.68956	0.76321
129.93061	0.76880
130.17167	0.77667
130.41273	0.78471
130.65379	0.79119
130.89485	0.79512
131.13591	0.79636
131.37697	0.79564
131.61803	0.79422
131.85908	0.79353
132.10014	0.79474
132.34120	0.79844
132.58226	0.80439
132.82332	0.81159
133.06438	0.81846
133.30544	0.82315
133.54649	0.82404
133.78755	0.82002
134.02861	0.81078
134.26967	0.79687
134.51073	0.77960
134.75179	0.76073
134.99285	0.74214
135.23391	0.72545
135.47496	0.71172
135.71602	0.70129
135.95708	0.69386
136.19814	0.68861
136.43920	0.68451
136.68026	0.68060
136.92132	0.67627
137.16237	0.67138
137.40343	0.66630
137.64449	0.66178
137.88555	0.65871
138.12661	0.65787
138.36767	0.65972
138.60873	0.66422
138.84979	0.67085
139.09084	0.67869
139.33190	0.68659
139.57296	0.69342
139.81402	0.69829
140.05508	0.70070
140.29614	0.70058
140.53720	0.69825
140.77825	0.69428
141.01931	0.68932
141.26037	0.68393
141.50143	0.67843
141.74249	0.67287
141.98355	0.66710
142.22461	0.66081
142.46566	0.65375
142.70672	0.64583
142.94778	0.63721
143.18884	0.62832
143.42990	0.61981
143.67096	0.61241
143.91202	0.60678
144.15308	0.60333
144.39413	0.60219
144.63519	0.60313
144.87625	0.60567
145.11731	0.60916
145.35837	0.61297
145.59943	0.61664
145.84049	0.61996
146.08154	0.62298
146.32260	0.62596
146.56366	0.62923
146.80472	0.63305
147.04578	0.63745
147.28684	0.64217
147.52790	0.64667
147.76896	0.65022
148.01001	0.65203
148.25107	0.65148
148.49213	0.64825
148.73319	0.64243
148.97425	0.63452
149.21531	0.62533
149.45637	0.61581
149.69742	0.60685
149.93848	0.59912
150.17954	0.59291
150.42060	0.58811
150.66166	0.58431
150.90272	0.58091
151.14378	0.57736
151.38484	0.57333
151.62589	0.56881
151.86695	0.56415
152.10801	0.56003
152.34907	0.55722
152.59013	0.55641
152.83119	0.55801
153.07225	0.56198
153.31330	0.56782
153.55436	0.57459
153.79542	0.58113
154.03648	0.58630
154.27754	0.58914
154.51860	0.58917
154.75966	0.58640
155.00072	0.58133
155.24177	0.57482
155.48283	0.56786
155.72389	0.56133
155.96495	0.55579
156.20601	0.55140
156.44707	0.54783
156.68813	0.54446
156.92918	0.54050
157.17024	0.53527
157.41130	0.52834
157.65236	0.51971
157.89342	0.50982
158.13448	0.49945
158.37554	0.48960
158.61659	0.48120
158.85765	0.47498
159.09871	0.47127
159.33977	0.46994
159.58083	0.47049
159.82189	0.47214
160.06295	0.47403
160.30401	0.47542
160.54506	0.47582
160.78612	0.47513
161.02718	0.47355
161.26824	0.47156
161.50930	0.46973
161.75036	0.46853
161.99142	0.46826
162.23247	0.46890
162.47353	0.47015
162.71459	0.47148
162.95565	0.47226
163.19671	0.47196
163.43777	0.47021
163.67883	0.46694
163.91989	0.46240
164.16094	0.45707
164.40200	0.45157
164.64306	0.44653
164.88412	0.44245
165.12518	0.43962
165.36624	0.43807
165.60730	0.43765
165.84835	0.43802
166.08941	0.43886
166.33047	0.43986
166.57153	0.44087
166.81259	0.44190
167.05365	0.44305
167.29471	0.44453
167.53577	0.44649
167.77682	0.44903
168.01788	0.45211
168.25894	0.45555
168.50000	0.45907
168.74106	0.46238
168.98212	0.46518
169.22318	0.46728
169.46423	0.46859
169.70529	0.46916
169.94635	0.46908
170.18741	0.46850
170.42847	0.46753
170.66953	0.46623
170.91059	0.46459
171.15164	0.46258
171.39270	0.46014
171.63376	0.45730
171.87482	0.45416
172.11588	0.45091
172.35694	0.44780
172.59800	0.44513
172.83906	0.44313
173.08011	0.44191
173.32117	0.44144
173.56223	0.44151
173.80329	0.44182
174.04435	0.44199
174.28541	0.44173
174.52647	0.44085
174.76752	0.43933
175.00858	0.43735
175.24964	0.43523
175.49070	0.43330
175.73176	0.43189
175.97282	0.43113
176.21388	0.43097
176.45494	0.43115
176.69599	0.43127
176.93705	0.43086
177.17811	0.42952
177.41917	0.42703
177.66023	0.42340
177.90129	0.41891
178.14235	0.41401
178.38340	0.40925
178.62446	0.40514
178.86552	0.40202
179.10658	0.40001
179.34764	0.39897
179.58870	0.39855
179.82976	0.39829
180.07082	0.39775
180.31187	0.39661
180.55293	0.39477
180.79399	0.39236
181.03505	0.38971
181.27611	0.38727
181.51717	0.38547
181.75823	0.38460
181.99928	0.38478
182.24034	0.38586
182.48140	0.38751
182.72246	0.38928
182.96352	0.39069
183.20458	0.39136
183.44564	0.39109
183.68669	0.38990
183.92775	0.38797
184.16881	0.38564
184.40987	0.38327
184.65093	0.38117
184.89199	0.37951
185.13305	0.37832
185.37411	0.37750
185.61516	0.37682
185.85622	0.37606
186.09728	0.37503
186.33834	0.37363
186.57940	0.37187
186.82046	0.36988
187.06152	0.36782
187.30257	0.36589
187.54363	0.36424
187.78469	0.36298
188.02575	0.36211
188.26681	0.36161
188.50787	0.36140
188.74893	0.36140
188.98999	0.36153
189.23104	0.36177
189.47210	0.36206
189.71316	0.36238
189.95422	0.36268
190.19528	0.36288
190.43634	0.36288
190.67740	0.36258
190.91845	0.36190
191.15951	0.36083
191.40057	0.35940
191.64163	0.35771
191.88269	0.35588
192.12375	0.35405
192.36481	0.35231
192.60587	0.35068
192.84692	0.34909
193.08798	0.34742
193.32904	0.34550
193.57010	0.34321
193.81116	0.34049
194.05222	0.33738
194.29328	0.33406
194.53433	0.33080
194.77539	0.32791
195.01645	0.32565
195.25751	0.32423
195.49857	0.32367
195.73963	0.32387
195.98069	0.32456
196.22174	0.32543
196.46280	0.32612
196.70386	0.32638
196.94492	0.32606
197.18598	0.32516
197.42704	0.32384
197.66810	0.32230
197.90916	0.32079
198.15021	0.31951
198.39127	0.31853
198.63233	0.31781
198.87339	0.31720
199.11445	0.31648
199.35551	0.31541
199.59657	0.31384
199.83762	0.31169
200.07868	0.30902
200.31974	0.30598
200.56080	0.30284
200.80186	0.29983
201.04292	0.29718
201.28398	0.29505
201.52504	0.29349
201.76609	0.29247
202.00715	0.29190
202.24821	0.29164
202.48927	0.29157
202.73033	0.29158
202.97139	0.29161
203.21245	0.29165
203.45350	0.29167
203.69456	0.29169
203.93562	0.29169
204.17668	0.29167
204.41774	0.29157
204.65880	0.29136
204.89986	0.29099
205.14092	0.29042
205.38197	0.28961
205.62303	0.28855
205.86409	0.28719
206.10515	0.28552
206.34621	0.28350
206.58727	0.28114
206.82833	0.27842
207.06938	0.27540
207.31044	0.27217
207.55150	0.26887
207.79256	0.26567
208.03362	0.26274
208.27468	0.26024
208.51574	0.25826
208.75680	0.25684
208.99785	0.25590
209.23891	0.25533
209.47997	0.25496
209.72103	0.25462
209.96209	0.25419
210.20315	0.25360
210.44421	0.25288
210.68526	0.25209
210.92632	0.25134
211.16738	0.25074
211.40844	0.25033
211.64950	0.25010
211.89056	0.24997
212.13162	0.24980
212.37267	0.24943
212.61373	0.24870
212.85479	0.24754
213.09585	0.24592
213.33691	0.24392
213.57797	0.24167
213.81903	0.23933
214.06009	0.23710
214.30114	0.23510
214.54220	0.23342
214.78326	0.23209
215.02432	0.23107
215.26538	0.23031
215.50644	0.22973
215.74750	0.22926
215.98855	0.22884
216.22961	0.22846
216.47067	0.22811
216.71173	0.22779
216.95279	0.22754
217.19385	0.22735
217.43491	0.22724
217.67597	0.22721
217.91702	0.22724
218.15808	0.22732
218.39914	0.22740
218.64020	0.22744
218.88126	0.22739
219.12232	0.22717
219.36338	0.22671
219.60443	0.22594
219.84549	0.22484
220.08655	0.22339
220.32761	0.22165
220.56867	0.21969
220.80973	0.21764
221.05079	0.21563
221.29185	0.21377
221.53290	0.21215
221.77396	0.21081
222.01502	0.20972
222.25608	0.20884
222.49714	0.20809
222.73820	0.20740
222.97926	0.20670
223.22031	0.20600
223.46137	0.20532
223.70243	0.20471
223.94349	0.20426
224.18455	0.20401
224.42561	0.20399
224.66667	0.20419
224.90772	0.20454
225.14878	0.20495
225.38984	0.20532
225.63090	0.20553
225.87196	0.20551
226.11302	0.20523
226.35408	0.20468
226.59514	0.20392
226.83619	0.20298
227.07725	0.20195
227.31831	0.20088
227.55937	0.19982
227.80043	0.19881
228.04149	0.19785
228.28255	0.19694
228.52360	0.19608
228.76466	0.19523
229.00572	0.19438
229.24678	0.19350
229.48784	0.19259
229.72890	0.19164
229.96996	0.19068
230.21102	0.18975
230.45207	0.18889
230.69313	0.18817
230.93419	0.18766
231.17525	0.18738
231.41631	0.18735
231.65737	0.18754
231.89843	0.18788
232.13948	0.18830
232.38054	0.18869
232.62160	0.18896
232.86266	0.18906
233.10372	0.18895
233.34478	0.18866
233.58584	0.18823
233.82690	0.18772
234.06795	0.18717
234.30901	0.18663
234.55007	0.18610
234.79113	0.18556
235.03219	0.18494
235.27325	0.18421
235.51431	0.18331
235.75536	0.18223
235.99642	0.18096
236.23748	0.17954
236.47854	0.17803
236.71960	0.17650
236.96066	0.17501
237.20172	0.17364
237.44277	0.17244
237.68383	0.17144
237.92489	0.17065
238.16595	0.17006
238.40701	0.16964
238.64807	0.16936
238.88913	0.16915
239.13019	0.16897
239.37124	0.16876
239.61230	0.16851
239.85336	0.16819
240.09442	0.16781
240.33548	0.16739
240.57654	0.16697
240.81760	0.16655
241.05865	0.16616
241.29971	0.16578
241.54077	0.16537
241.78183	0.16487
242.02289	0.16421
242.26395	0.16334
242.50501	0.16221
242.74607	0.16081
242.98712	0.15919
243.22818	0.15738
243.46924	0.15547
243.71030	0.15353
243.95136	0.15166
244.19242	0.14990
244.43348	0.14828
244.67453	0.14681
244.91559	0.14548
245.15665	0.14426
245.39771	0.14312
245.63877	0.14204
245.87983	0.14099
246.12089	0.13997
246.36195	0.13898
246.60300	0.13804
246.84406	0.13717
247.08512	0.13638
247.32618	0.13569
247.56724	0.13509
247.80830	0.13456
248.04936	0.13407
248.29041	0.13356
248.53147	0.13298
248.77253	0.13228
249.01359	0.13141
249.25465	0.13036
249.49571	0.12912
249.73677	0.12772
249.97783	0.12620
250.21888	0.12462
250.45994	0.12303
250.70100	0.12147
250.94206	0.11998
251.18312	0.11856
251.42418	0.11722
251.66524	0.11593
251.90629	0.11468
252.14735	0.11346
252.38841	0.11227
252.62947	0.11113
252.87053	0.11005
253.11159	0.10908
253.35265	0.10823
253.59370	0.10753
253.83476	0.10699
254.07582	0.10660
254.31688	0.10633
254.55794	0.10613
254.79900	0.10595
255.04006	0.10574
255.28112	0.10544
255.52217	0.10502
255.76323	0.10446
256.00429	0.10374
256.24535	0.10289
256.48641	0.10191
256.72747	0.10084
256.96853	0.09971
257.20958	0.09856
257.45064	0.09739
257.69170	0.09622
257.93276	0.09506
258.17382	0.09389
258.41488	0.09272
258.65594	0.09154
258.89700	0.09037
259.13805	0.08921
259.37911	0.08809
259.62017	0.08702
259.86123	0.08605
260.10229	0.08518
260.34335	0.08444
260.58441	0.08381
260.82546	0.08329
261.06652	0.08286
261.30758	0.08248
261.54864	0.08212
261.78970	0.08176
262.03076	0.08135
262.27182	0.08089
262.51288	0.08035
262.75393	0.07974
262.99499	0.07906
263.23605	0.07831
263.47711	0.07752
263.71817	0.07669
263.95923	0.07583
264.20029	0.07495
264.44134	0.07403
264.68240	0.07308
264.92346	0.07209
265.16452	0.07107
265.40558	0.07002
265.64664	0.06895
265.88770	0.06788
266.12875	0.06683
266.36981	0.06583
266.61087	0.06490
266.85193	0.06404
267.09299	0.06327
267.33405	0.06257
267.57511	0.06193
267.81617	0.06134
268.05722	0.06076
268.29828	0.06018
268.53934	0.05959
268.78040	0.05897
269.02146	0.05832
269.26252	0.05765
269.50358	0.05696
269.74463	0.05626
269.98569	0.05557
270.22675	0.05488
270.46781	0.05420
270.70887	0.05352
270.94993	0.05284
271.19099	0.05215
271.43205	0.05144
271.67310	0.05070
271.91416	0.04994
272.15522	0.04915
272.39628	0.04835
272.63734	0.04755
272.87840	0.04678
273.11946	0.04603
273.36051	0.04532
273.60157	0.04467
273.84263	0.04406
274.08369	0.04350
274.32475	0.04298
274.56581	0.04248
274.80687	0.04200
275.04793	0.04152
275.28898	0.04106
275.53004	0.04060
275.77110	0.04015
276.01216	0.03972
276.25322	0.03930
276.49428	0.03892
276.73534	0.03857
276.97639	0.03824
277.21745	0.03795
277.45851	0.03767
277.69957	0.03742
277.94063	0.03717
278.18169	0.03692
278.42275	0.03666
278.66380	0.03641
278.90486	0.03614
279.14592	0.03587
279.38698	0.03559
279.62804	0.03532
279.86910	0.03505
280.11016	0.03478
280.35122	0.03453
280.59227	0.03428
280.83333	0.03404
281.07439	0.03379
281.31545	0.03354
281.55651	0.03328
281.79757	0.03302
282.03863	0.03274
282.27968	0.03246
282.52074	0.03219
282.76180	0.03192
283.00286	0.03167
283.24392	0.03145
283.48498	0.03127
283.72604	0.03111
283.96710	0.03099
284.20815	0.03090
284.44921	0.03083
284.69027	0.03076
284.93133	0.03070
285.17239	0.03063
285.41345	0.03054
285.65451	0.03042
285.89556	0.03028
286.13662	0.03010
286.37768	0.02988
286.61874	0.02963
286.85980	0.02935
287.10086	0.02903
287.34192	0.02869
287.58298	0.02831
287.82403	0.02790
288.06509	0.02746
288.30615	0.02700
288.54721	0.02653
288.78827	0.02606
289.02933	0.02560
289.27039	0.02515
289.51144	0.02474
289.75250	0.02437
289.99356	0.02404
290.23462	0.02376
290.47568	0.02352
290.71674	0.02331
290.95780	0.02312
291.19885	0.02296
291.43991	0.02280
291.68097	0.02263
291.92203	0.02246
292.16309	0.02228
292.40415	0.02208
292.64521	0.02186
292.88627	0.02163
293.12732	0.02138
293.36838	0.02111
293.60944	0.02082
293.85050	0.02051
294.09156	0.02018
294.33262	0.01982
294.57368	0.01945
294.81473	0.01905
295.05579	0.01865
295.29685	0.01824
295.53791	0.01784
295.77897	0.01746
296.02003	0.01710
296.26109	0.01679
296.50215	0.01651
296.74320	0.01629
296.98426	0.01611
297.22532	0.01597
297.46638	0.01587
297.70744	0.01579
297.94850	0.01573
298.18956	0.01568
298.43061	0.01563
298.67167	0.01557
298.91273	0.01550
299.15379	0.01542
299.39485	0.01532
299.63591	0.01521
299.87697	0.01508
300.11803	0.01493
300.35908	0.01476
300.60014	0.01458
300.84120	0.01438
301.08226	0.01417
301.32332	0.01395
301.56438	0.01372
301.80544	0.01350
302.04649	0.01329
302.28755	0.01309
302.52861	0.01292
302.76967	0.01278
303.01073	0.01266
303.25179	0.01258
303.49285	0.01252
303.73391	0.01248
303.97496	0.01245
304.21602	0.01243
304.45708	0.01241
304.69814	0.01239
304.93920	0.01236
305.18026	0.01233
305.42132	0.01228
305.66237	0.01222
305.90343	0.01215
306.14449	0.01206
306.38555	0.01197
306.62661	0.01186
306.86767	0.01173
307.10873	0.01160
307.34978	0.01146
307.59084	0.01132
307.83190	0.01117
308.07296	0.01103
308.31402	0.01089
308.55508	0.01077
308.79614	0.01066
309.03720	0.01056
309.27825	0.01047
309.51931	0.01040
309.76037	0.01034
310.00143	0.01028
310.24249	0.01023
310.48355	0.01018
310.72461	0.01012
310.96566	0.01005
311.20672	0.00998
311.44778	0.00989
311.68884	0.00979
311.92990	0.00968
312.17096	0.00956
312.41202	0.00943
312.65308	0.00929
312.89413	0.00914
313.13519	0.00899
313.37625	0.00885
313.61731	0.00870
313.85837	0.00855
314.09943	0.00842
314.34049	0.00829
314.58154	0.00817
314.82260	0.00806
315.06366	0.00796
315.30472	0.00787
315.54578	0.00779
315.78684	0.00772
316.02790	0.00765
316.26896	0.00758
316.51001	0.00751
316.75107	0.00744
316.99213	0.00737
317.23319	0.00729
317.47425	0.00720
317.71531	0.00709
317.95637	0.00697
318.19742	0.00684
318.43848	0.00670
318.67954	0.00655
318.92060	0.00640
319.16166	0.00624
319.40272	0.00609
319.64378	0.00596
319.88483	0.00584
320.12589	0.00574
320.36695	0.00566
320.60801	0.00561
320.84907	0.00557
321.09013	0.00554
321.33119	0.00552
321.57225	0.00551
321.81330	0.00549
322.05436	0.00547
322.29542	0.00545
322.53648	0.00541
322.77754	0.00537
323.01860	0.00531
323.25966	0.00525
323.50071	0.00518
323.74177	0.00510
323.98283	0.00502
324.22389	0.00494
324.46495	0.00486
324.70601	0.00478
324.94707	0.00470
325.18813	0.00463
325.42918	0.00457
325.67024	0.00452
325.91130	0.00447
326.15236	0.00444
326.39342	0.00442
326.63448	0.00441
326.87554	0.00441
327.11659	0.00441
327.35765	0.00442
327.59871	0.00443
327.83977	0.00445
328.08083	0.00445
328.32189	0.00445
328.56295	0.00443
328.80401	0.00440
329.04506	0.00436
329.28612	0.00430
329.52718	0.00423
329.76824	0.00414
330.00930	0.00405
330.25036	0.00395
330.49142	0.00385
330.73247	0.00375
330.97353	0.00366
331.21459	0.00358
331.45565	0.00350
331.69671	0.00345
331.93777	0.00340
332.17883	0.00338
332.41988	0.00337
332.66094	0.00338
332.90200	0.00339
333.14306	0.00342
333.38412	0.00344
333.62518	0.00347
333.86624	0.00349
334.10730	0.00351
334.34835	0.00352
334.58941	0.00351
334.83047	0.00350
335.07153	0.00347
335.31259	0.00343
335.55365	0.00338
335.79471	0.00332
336.03576	0.00326
336.27682	0.00319
336.51788	0.00313
336.75894	0.00306
337.00000	0.00300
337.24106	0.00296
337.48212	0.00292
337.72318	0.00290
337.96423	0.00290
338.20529	0.00291
338.44635	0.00293
338.68741	0.00296
338.92847	0.00301
339.16953	0.00305
339.41059	0.00310
339.65164	0.00314
339.89270	0.00316
340.13376	0.00318
340.37482	0.00317
340.61588	0.00315
340.85694	0.00310
341.09800	0.00304
341.33906	0.00297
341.58011	0.00288
341.82117	0.00279
342.06223	0.00270
342.30329	0.00261
342.54435	0.00253
342.78541	0.00245
343.02647	0.00240
343.26752	0.00236
343.50858	0.00233
343.74964	0.00232
343.99070	0.00233
344.23176	0.00235
344.47282	0.00238
344.71388	0.00242
344.95493	0.00247
345.19599	0.00252
345.43705	0.00256
345.67811	0.00261
345.91917	0.00264
346.16023	0.00266
346.40129	0.00267
346.64235	0.00266
346.88340	0.00264
347.12446	0.00260
347.36552	0.00254
347.60658	0.00248
347.84764	0.00240
348.08870	0.00233
348.32976	0.00226
348.57081	0.00219
348.81187	0.00214
349.05293	0.00210
349.29399	0.00208
349.53505	0.00207
349.77611	0.00208
350.01717	0.00210
350.25823	0.00213
350.49928	0.00217
350.74034	0.00221
350.98140	0.00225
351.22246	0.00229
351.46352	0.00232
351.70458	0.00235
351.94564	0.00236
352.18669	0.00237
352.42775	0.00237
352.66881	0.00235
352.90987	0.00233
353.15093	0.00230
353.39199	0.00226
353.63305	0.00222
353.87411	0.00217
354.11516	0.00213
354.35622	0.00209
354.59728	0.00206
354.83834	0.00203
355.07940	0.00202
355.32046	0.00202
355.56152	0.00203
355.80257	0.00204
356.04363	0.00207
356.28469	0.00210
356.52575	0.00213
356.76681	0.00216
357.00787	0.00218
357.24893	0.00220
357.48999	0.00222
357.73104	0.00222
357.97210	0.00221
358.21316	0.00219
358.45422	0.00217
358.69528	0.00213
358.93634	0.00209
359.17740	0.00205
359.41845	0.00200
359.65951	0.00196
359.90057	0.00192
360.14163	0.00188
360.38269	0.00185
360.62375	0.00182
360.86481	0.00181
361.10586	0.00180
361.34692	0.00179
361.58798	0.00180
361.82904	0.00182
362.07010	0.00184
362.31116	0.00187
362.55222	0.00190
362.79328	0.00193
363.03433	0.00196
363.27539	0.00198
363.51645	0.00199
363.75751	0.00200
363.99857	0.00200
364.23963	0.00199
364.48069	0.00198
364.72174	0.00196
364.96280	0.00195
365.20386	0.00193
365.44492	0.00192
365.68598	0.00191
365.92704	0.00191
366.16810	0.00191
366.40916	0.00191
366.65021	0.00192
366.89127	0.00193
367.13233	0.00194
367.37339	0.00195
367.61445	0.00196
367.85551	0.00196
368.09657	0.00196
368.33762	0.00196
368.57868	0.00195
368.81974	0.00193
369.06080	0.00191
369.30186	0.00189
369.54292	0.00186
369.78398	0.00183
370.02504	0.00181
370.26609	0.00178
370.50715	0.00176
370.74821	0.00175
370.98927	0.00174
371.23033	0.00173
371.47139	0.00174
371.71245	0.00175
371.95350	0.00176
372.19456	0.00178
372.43562	0.00181
372.67668	0.00184
372.91774	0.00187
373.15880	0.00190
373.39986	0.00193
373.64091	0.00196
373.88197	0.00199
374.12303	0.00200
374.36409	0.00201
374.60515	0.00201
374.84621	0.00199
375.08727	0.00197
375.32833	0.00194
375.56938	0.00190
375.81044	0.00185
376.05150	0.00181
376.29256	0.00176
376.53362	0.00172
376.77468	0.00169
377.01574	0.00166
377.25679	0.00165
377.49785	0.00164
377.73891	0.00165
377.97997	0.00166
378.22103	0.00168
378.46209	0.00170
378.70315	0.00173
378.94421	0.00175
379.18526	0.00178
379.42632	0.00180
379.66738	0.00181
379.90844	0.00182
380.14950	0.00182
380.39056	0.00181
380.63162	0.00179
380.87267	0.00177
381.11373	0.00174
381.35479	0.00171
381.59585	0.00168
381.83691	0.00166
382.07797	0.00163
382.31903	0.00162
382.56009	0.00161
382.80114	0.00161
383.04220	0.00162
383.28326	0.00163
383.52432	0.00165
383.76538	0.00167
384.00644	0.00169
384.24750	0.00171
384.48855	0.00173
384.72961	0.00175
384.97067	0.00175
385.21173	0.00175
385.45279	0.00175
385.69385	0.00173
385.93491	0.00171
386.17596	0.00168
386.41702	0.00164
386.65808	0.00161
386.89914	0.00157
387.14020	0.00153
387.38126	0.00150
387.62232	0.00147
387.86338	0.00144
388.10443	0.00143
388.34549	0.00142
388.58655	0.00143
388.82761	0.00144
389.06867	0.00146
389.30973	0.00149
389.55079	0.00152
389.79184	0.00156
390.03290	0.00159
390.27396	0.00163
390.51502	0.00166
390.75608	0.00168
390.99714	0.00169
391.23820	0.00170
391.47926	0.00170
391.72031	0.00169
391.96137	0.00168
392.20243	0.00166
392.44349	0.00164
392.68455	0.00162
392.92561	0.00159
393.16667	0.00157
393.40772	0.00155
393.64878	0.00154
393.88984	0.00153
394.13090	0.00153
394.37196	0.00153
394.61302	0.00154
394.85408	0.00154
395.09514	0.00155
395.33619	0.00156
395.57725	0.00156
395.81831	0.00157
396.05937	0.00156
396.30043	0.00156
396.54149	0.00155
396.78255	0.00154
397.02360	0.00153
397.26466	0.00152
397.50572	0.00151
397.74678	0.00150
397.98784	0.00150
398.22890	0.00150
398.46996	0.00150
398.71102	0.00151
398.95207	0.00152
399.19313	0.00154
399.43419	0.00155
399.67525	0.00157
399.91631	0.00158
400.15737	0.00159
400.39843	0.00159
400.63948	0.00160
400.88054	0.00160
401.12160	0.00160
401.36266	0.00159
401.60372	0.00159
401.84478	0.00157
402.08584	0.00155
402.32689	0.00153
402.56795	0.00151
402.80901	0.00148
403.05007	0.00145
403.29113	0.00142
403.53219	0.00139
403.77325	0.00138
404.01431	0.00136
404.25536	0.00136
404.49642	0.00137
404.73748	0.00138
404.97854	0.00140
405.21960	0.00142
405.46066	0.00144
405.70172	0.00146
405.94277	0.00148
406.18383	0.00149
406.42489	0.00150
406.66595	0.00150
406.90701	0.00149
407.14807	0.00148
407.38913	0.00146
407.63019	0.00144
407.87124	0.00142
408.11230	0.00140
408.35336	0.00139
408.59442	0.00137
408.83548	0.00137
409.07654	0.00137
409.31760	0.00137
409.55865	0.00138
409.79971	0.00140
410.04077	0.00142
410.28183	0.00144
410.52289	0.00146
410.76395	0.00149
411.00501	0.00151
411.24607	0.00153
411.48712	0.00155
411.72818	0.00156
411.96924	0.00157
412.21030	0.00156
412.45136	0.00155
412.69242	0.00153
412.93348	0.00151
413.17453	0.00148
413.41559	0.00144
413.65665	0.00140
413.89771	0.00135
414.13877	0.00131
414.37983	0.00127
414.62089	0.00123
414.86194	0.00120
415.10300	0.00117
415.34406	0.00116
415.58512	0.00115
415.82618	0.00114
416.06724	0.00115
416.30830	0.00115
416.54936	0.00117
416.79041	0.00118
417.03147	0.00120
417.27253	0.00122
417.51359	0.00124
417.75465	0.00126
417.99571	0.00128
418.23677	0.00129
418.47782	0.00130
418.71888	0.00130
418.95994	0.00129
419.20100	0.00128
419.44206	0.00126
419.68312	0.00124
419.92418	0.00121
420.16524	0.00119
420.40629	0.00117
420.64735	0.00115
420.88841	0.00113
421.12947	0.00112
421.37053	0.00112
421.61159	0.00112
421.85265	0.00112
422.09370	0.00113
422.33476	0.00114
422.57582	0.00116
422.81688	0.00117
423.05794	0.00119
423.29900	0.00121
423.54006	0.00123
423.78112	0.00125
424.02217	0.00127
424.26323	0.00128
424.50429	0.00129
424.74535	0.00130
424.98641	0.00131
425.22747	0.00131
425.46853	0.00131
425.70958	0.00131
425.95064	0.00130
426.19170	0.00130
426.43276	0.00130
426.67382	0.00130
426.91488	0.00129
427.15594	0.00128
427.39699	0.00127
427.63805	0.00126
427.87911	0.00124
428.12017	0.00122
428.36123	0.00120
428.60229	0.00117
428.84335	0.00114
429.08441	0.00111
429.32546	0.00109
429.56652	0.00107
429.80758	0.00106
430.04864	0.00105
430.28970	0.00105
430.53076	0.00106
430.77182	0.00108
431.01287	0.00109
431.25393	0.00111
431.49499	0.00113
431.73605	0.00115
431.97711	0.00116
432.21817	0.00118
432.45923	0.00119
432.70029	0.00119
432.94134	0.00120
433.18240	0.00120
433.42346	0.00120
433.66452	0.00120
433.90558	0.00119
434.14664	0.00119
434.38770	0.00118
434.62875	0.00117
434.86981	0.00116
435.11087	0.00115
435.35193	0.00114
435.59299	0.00112
435.83405	0.00111
436.07511	0.00111
436.31617	0.00110
436.55722	0.00110
436.79828	0.00110
437.03934	0.00111
437.28040	0.00111
437.52146	0.00112
437.76252	0.00113
438.00358	0.00114
438.24463	0.00115
438.48569	0.00116
438.72675	0.00116
438.96781	0.00116
439.20887	0.00116
439.44993	0.00115
439.69099	0.00114
439.93204	0.00113
440.17310	0.00111
440.41416	0.00110
440.65522	0.00109
440.89628	0.00108
441.13734	0.00107
441.37840	0.00107
441.61946	0.00106
441.86051	0.00106
442.10157	0.00105
442.34263	0.00105
442.58369	0.00105
442.82475	0.00105
443.06581	0.00105
443.30687	0.00105
443.54792	0.00105
443.78898	0.00105
444.03004	0.00104
444.27110	0.00104
444.51216	0.00103
444.75322	0.00103
444.99428	0.00102
445.23534	0.00101
445.47639	0.00100
445.71745	0.00100
445.95851	0.00100
446.19957	0.00099
446.44063	0.00099
446.68169	0.00099
446.92275	0.00099
447.16380	0.00099
447.40486	0.00098
447.64592	0.00098
447.88698	0.00097
448.12804	0.00096
448.36910	0.00096
448.61016	0.00095
448.85122	0.00095
449.09227	0.00095
449.33333	0.00096
449.57439	0.00097
449.81545	0.00097
450.05651	0.00098
450.29757	0.00099
450.53863	0.00099
450.77968	0.00100
451.02074	0.00100
451.26180	0.00100
451.50286	0.00100
451.74392	0.00101
451.98498	0.00101
452.22604	0.00101
452.46710	0.00101
452.70815	0.00102
452.94921	0.00102
453.19027	0.00102
453.43133	0.00102
453.67239	0.00101
453.91345	0.00101
454.15451	0.00100
454.39556	0.00099
454.63662	0.00098
454.87768	0.00097
455.11874	0.00096
455.35980	0.00095
455.60086	0.00094
455.84192	0.00094
456.08297	0.00094
456.32403	0.00095
456.56509	0.00095
456.80615	0.00096
457.04721	0.00097
457.28827	0.00097
457.52933	0.00098
457.77039	0.00099
458.01144	0.00099
458.25250	0.00099
458.49356	0.00099
458.73462	0.00099
458.97568	0.00098
459.21674	0.00096
459.45780	0.00095
459.69885	0.00093
459.93991	0.00092
460.18097	0.00090
460.42203	0.00089
460.66309	0.00088
460.90415	0.00088
461.14521	0.00088
461.38627	0.00088
461.62732	0.00088
461.86838	0.00089
462.10944	0.00090
462.35050	0.00090
462.59156	0.00091
462.83262	0.00091
463.07368	0.00092
463.31473	0.00092
463.55579	0.00092
463.79685	0.00092
464.03791	0.00091
464.27897	0.00091
464.52003	0.00091
464.76109	0.00090
465.00215	0.00090
465.24320	0.00089
465.48426	0.00089
465.72532	0.00089
465.96638	0.00089
466.20744	0.00088
466.44850	0.00088
466.68956	0.00088
466.93061	0.00088
467.17167	0.00089
467.41273	0.00089
467.65379	0.00090
467.89485	0.00091
468.13591	0.00092
468.37697	0.00093
468.61802	0.00094
468.85908	0.00094
469.10014	0.00095
469.34120	0.00095
469.58226	0.00095
469.82332	0.00095
470.06438	0.00095
470.30544	0.00094
470.54649	0.00094
470.78755	0.00093
471.02861	0.00093
471.26967	0.00092
471.51073	0.00092
471.75179	0.00092
471.99285	0.00091
472.23390	0.00090
472.47496	0.00089
472.71602	0.00088
472.95708	0.00087
473.19814	0.00086
473.43920	0.00085
473.68026	0.00084
473.92132	0.00083
474.16237	0.00082
474.40343	0.00081
474.64449	0.00081
474.88555	0.00080
475.12661	0.00080
475.36767	0.00080
475.60873	0.00080
475.84978	0.00080
476.09084	0.00080
476.33190	0.00081
476.57296	0.00082
476.81402	0.00083
477.05508	0.00084
477.29614	0.00085
477.53720	0.00085
477.77825	0.00085
478.01931	0.00086
478.26037	0.00085
478.50143	0.00085
478.74249	0.00084
478.98355	0.00083
479.22461	0.00083
479.46566	0.00082
479.70672	0.00081
479.94778	0.00081
480.18884	0.00080
480.42990	0.00080
480.67096	0.00080
480.91202	0.00080
481.15307	0.00080
481.39413	0.00080
481.63519	0.00080
481.87625	0.00080
482.11731	0.00080
482.35837	0.00080
482.59943	0.00080
482.84049	0.00080
483.08154	0.00079
483.32260	0.00080
483.56366	0.00080
483.80472	0.00081
484.04578	0.00081
484.28684	0.00082
484.52790	0.00083
484.76895	0.00084
485.01001	0.00084
485.25107	0.00085
485.49213	0.00085
485.73319	0.00084
485.97425	0.00084
486.21531	0.00083
486.45637	0.00082
486.69742	0.00081
486.93848	0.00080
487.17954	0.00078
487.42060	0.00078
487.66166	0.00077
487.90272	0.00076
488.14378	0.00076
488.38483	0.00076
488.62589	0.00076
488.86695	0.00076
489.10801	0.00076
489.34907	0.00076
489.59013	0.00075
489.83119	0.00075
490.07225	0.00073
490.31330	0.00071
490.55436	0.00069
490.79542	0.00067
491.03648	0.00065
491.27754	0.00063
491.51860	0.00061
491.75966	0.00059
492.00071	0.00058
492.24177	0.00058
492.48283	0.00058
492.72389	0.00058
492.96495	0.00059
493.20601	0.00060
493.44707	0.00061
493.68812	0.00063
493.92918	0.00064
494.17024	0.00065
494.41130	0.00067
494.65236	0.00068
494.89342	0.00069
495.13448	0.00070
495.37554	0.00071
495.61659	0.00071
495.85765	0.00072
496.09871	0.00072
496.33977	0.00072
496.58083	0.00072
496.82189	0.00072
497.06295	0.00072
497.30400	0.00072
497.54506	0.00071
497.78612	0.00071
498.02718	0.00070
498.26824	0.00069
498.50930	0.00068
498.75036	0.00067
498.99142	0.00065
499.23247	0.00064
499.47353	0.00062
499.71459	0.00061
499.95565	0.00060
500.19671	0.00058
500.43777	0.00057
500.67883	0.00057
500.91988	0.00056
501.16094	0.00056
501.40200	0.00055
501.64306	0.00055
501.88412	0.00055
502.12518	0.00055
502.36624	0.00055
502.60730	0.00056
502.84835	0.00056
503.08941	0.00057
503.33047	0.00058
503.57153	0.00059
503.81259	0.00060
504.05365	0.00061
504.29471	0.00061
504.53576	0.00062
504.77682	0.00063
505.01788	0.00063
505.25894	0.00062
505.50000	0.00062
505.74106	0.00061
505.98212	0.00059
506.22318	0.00058
506.46423	0.00057
506.70529	0.00056
506.94635	0.00055
507.18741	0.00054
507.42847	0.00053
507.66953	0.00052
507.91059	0.00052
508.15164	0.00052
508.39270	0.00052
508.63376	0.00052
508.87482	0.00053
509.11588	0.00054
509.35694	0.00054
509.59800	0.00055
509.83905	0.00055
510.08011	0.00055
510.32117	0.00055
510.56223	0.00054
510.80329	0.00053
511.04435	0.00052
511.28541	0.00051
511.52647	0.00050
511.76752	0.00049
512.00858	0.00048
512.24964	0.00047
512.49070	0.00047
512.73176	0.00046
512.97282	0.00046
513.21388	0.00046
513.45493	0.00046
513.69599	0.00047
513.93705	0.00047
514.17811	0.00048
514.41917	0.00049
514.66023	0.00050
514.90129	0.00052
515.14235	0.00052
515.38340	0.00053
515.62446	0.00054
515.86552	0.00054
516.10658	0.00054
516.34764	0.00054
516.58870	0.00053
516.82976	0.00053
517.07081	0.00052
517.31187	0.00052
517.55293	0.00051
517.79399	0.00051
518.03505	0.00050
518.27611	0.00049
518.51717	0.00048
518.75823	0.00048
518.99928	0.00047
519.24034	0.00046
519.48140	0.00046
519.72246	0.00045
519.96352	0.00044
520.20458	0.00043
520.44564	0.00042
520.68669	0.00041
520.92775	0.00040
521.16881	0.00039
521.40987	0.00039
521.65093	0.00038
521.89199	0.00038
522.13305	0.00038
522.37410	0.00038
522.61516	0.00038
522.85622	0.00039
523.09728	0.00039
523.33834	0.00040
523.57940	0.00040
523.82046	0.00040
524.06152	0.00041
524.30257	0.00041
524.54363	0.00041
524.78469	0.00041
525.02575	0.00041
525.26681	0.00041
525.50787	0.00041
525.74893	0.00040
525.98998	0.00040
526.23104	0.00039
526.47210	0.00038
526.71316	0.00038
526.95422	0.00037
527.19528	0.00036
527.43634	0.00036
527.67740	0.00036
527.91845	0.00036
528.15951	0.00036
528.40057	0.00037
528.64163	0.00037
528.88269	0.00038
529.12375	0.00038
529.36481	0.00039
529.60586	0.00039
529.84692	0.00038
530.08798	0.00038
530.32904	0.00037
530.57010	0.00036
530.81116	0.00035
531.05222	0.00034
531.29328	0.00034
531.53433	0.00033
531.77539	0.00033
532.01645	0.00033
532.25751	0.00033
532.49857	0.00033
532.73963	0.00033
532.98069	0.00033
533.22174	0.00034
533.46280	0.00034
533.70386	0.00035
533.94492	0.00035
534.18598	0.00035
534.42704	0.00036
534.66810	0.00036
534.90915	0.00036
535.15021	0.00035
535.39127	0.00034
535.63233	0.00033
535.87339	0.00033
536.11445	0.00032
536.35551	0.00031
536.59657	0.00030
536.83762	0.00030
537.07868	0.00030
537.31974	0.00030
537.56080	0.00031
537.80186	0.00032
538.04292	0.00032
538.28398	0.00033
538.52503	0.00033
538.76609	0.00032
539.00715	0.00032
539.24821	0.00031
539.48927	0.00030
539.73033	0.00029
539.97139	0.00028
540.21245	0.00027
540.45350	0.00027
540.69456	0.00026
540.93562	0.00026
541.17668	0.00026
541.41774	0.00026
541.65880	0.00027
541.89986	0.00027
542.14091	0.00028
542.38197	0.00028
542.62303	0.00029
542.86409	0.00029
543.10515	0.00029
543.34621	0.00029
543.58727	0.00029
543.82833	0.00030
544.06938	0.00030
544.31044	0.00030
544.55150	0.00030
544.79256	0.00030
545.03362	0.00030
545.27468	0.00029
545.51574	0.00029
545.75679	0.00028
545.99785	0.00026
546.23891	0.00025
546.47997	0.00024
546.72103	0.00022
546.96209	0.00021
547.20315	0.00020
547.44421	0.00020
547.68526	0.00020
547.92632	0.00020
548.16738	0.00020
548.40844	0.00021
548.64950	0.00022
548.89056	0.00023
549.13162	0.00024
549.37267	0.00024
549.61373	0.00025
549.85479	0.00026
550.09585	0.00026
550.33691	0.00026
550.57797	0.00026
550.81903	0.00026
551.06008	0.00026
551.30114	0.00026
551.54220	0.00025
551.78326	0.00024
552.02432	0.00023
552.26538	0.00023
552.50644	0.00022
552.74750	0.00021
552.98855	0.00021
553.22961	0.00021
553.47067	0.00021
553.71173	0.00021
553.95279	0.00022
554.19385	0.00022
554.43491	0.00023
554.67596	0.00023
554.91702	0.00023
555.15808	0.00023
555.39914	0.00022
555.64020	0.00022
555.88126	0.00021
556.12232	0.00021
556.36338	0.00020
556.60443	0.00020
556.84549	0.00020
557.08655	0.00020
557.32761	0.00019
557.56867	0.00019
557.80973	0.00018
558.05079	0.00018
558.29184	0.00017
558.53290	0.00016
558.77396	0.00016
559.01502	0.00015
559.25608	0.00015
559.49714	0.00015
559.73820	0.00015
559.97926	0.00016
560.22031	0.00017
560.46137	0.00018
560.70243	0.00020
560.94349	0.00020
561.18455	0.00021
561.42561	0.00021
561.66667	0.00021
561.90772	0.00021
562.14878	0.00020
562.38984	0.00019
562.63090	0.00019
562.87196	0.00018
563.11302	0.00018
563.35408	0.00018
563.59513	0.00018
563.83619	0.00018
564.07725	0.00019
564.31831	0.00019
564.55937	0.00019
564.80043	0.00018
565.04149	0.00018
565.28255	0.00017
565.52360	0.00017
565.76466	0.00016
566.00572	0.00016
566.24678	0.00016
566.48784	0.00017
566.72890	0.00017
566.96996	0.00017
567.21101	0.00018
567.45207	0.00019
567.69313	0.00019
567.93419	0.00020
568.17525	0.00020
568.41631	0.00021
568.65737	0.00021
568.89843	0.00021
569.13948	0.00021
569.38054	0.00021
569.62160	0.00020
569.86266	0.00020
570.10372	0.00020
570.34478	0.00019
570.58584	0.00019
570.82689	0.00019
571.06795	0.00019
571.30901	0.00019
571.55007	0.00020
571.79113	0.00020
572.03219	0.00020
572.27325	0.00020
572.51431	0.00020
572.75536	0.00019
572.99642	0.00018
573.23748	0.00017
573.47854	0.00016
573.71960	0.00015
573.96066	0.00014
574.20172	0.00014
574.44277	0.00013
574.68383	0.00014
574.92489	0.00014
575.16595	0.00015
575.40701	0.00016
575.64807	0.00017
575.88913	0.00018
576.13018	0.00019
576.37124	0.00019
576.61230	0.00019
576.85336	0.00019
577.09442	0.00019
577.33548	0.00018
577.57654	0.00017
577.81760	0.00015
578.05865	0.00014
578.29971	0.00013
578.54077	0.00011
578.78183	0.00010
579.02289	0.00009
579.26395	0.00009
579.50501	0.00009
579.74606	0.00009
579.98712	0.00009
580.22818	0.00010
580.46924	0.00011
580.71030	0.00012
580.95136	0.00013
581.19242	0.00014
581.43348	0.00015
581.67453	0.00016
581.91559	0.00016
582.15665	0.00017
582.39771	0.00017
582.63877	0.00017
582.87983	0.00017
583.12089	0.00017
583.36194	0.00016
583.60300	0.00016
583.84406	0.00016
584.08512	0.00015
584.32618	0.00015
584.56724	0.00014
584.80830	0.00014
585.04936	0.00013
585.29041	0.00013
585.53147	0.00013
585.77253	0.00013
586.01359	0.00014
586.25465	0.00014
586.49571	0.00015
586.73677	0.00016
586.97782	0.00017
587.21888	0.00018
587.45994	0.00018
587.70100	0.00018
587.94206	0.00018
588.18312	0.00017
588.42418	0.00016
588.66523	0.00015
588.90629	0.00013
589.14735	0.00012
589.38841	0.00011
589.62947	0.00011
589.87053	0.00010
590.11159	0.00010
590.35265	0.00011
590.59370	0.00011
590.83476	0.00012
591.07582	0.00012
591.31688	0.00013
591.55794	0.00013
591.79900	0.00013
592.04006	0.00014
592.28111	0.00013
592.52217	0.00013
592.76323	0.00013
593.00429	0.00013
593.24535	0.00012
593.48641	0.00012
593.72747	0.00012
593.96853	0.00012
594.20958	0.00012
594.45064	0.00012
594.69170	0.00012
594.93276	0.00012
595.17382	0.00012
595.41488	0.00012
595.65594	0.00012
595.89699	0.00012
596.13805	0.00011
596.37911	0.00011
596.62017	0.00010
596.86123	0.00010
597.10229	0.00009
597.34335	0.00008
597.58441	0.00007
597.82546	0.00006
598.06652	0.00006
598.30758	0.00005
598.54864	0.00005
598.78970	0.00005
599.03076	0.00005
599.27182	0.00005
599.51287	0.00005
599.75393	0.00006
599.99499	0.00007
600.23605	0.00007
600.47711	0.00008
600.71817	0.00009
600.95923	0.00010
601.20029	0.00011
601.44134	0.00011
601.68240	0.00012
601.92346	0.00012
602.16452	0.00013
602.40558	0.00013
602.64664	0.00013
602.88770	0.00012
603.12875	0.00012
603.36981	0.00012
603.61087	0.00011
603.85193	0.00011
604.09299	0.00010
604.33405	0.00010
604.57511	0.00010
604.81616	0.00010
605.05722	0.00010
605.29828	0.00010
605.53934	0.00010
605.78040	0.00010
606.02146	0.00011
606.26252	0.00011
606.50358	0.00011
606.74463	0.00011
606.98569	0.00011
607.22675	0.00011
607.46781	0.00011
607.70887	0.00010
607.94993	0.00010
608.19099	0.00009
608.43204	0.00008
608.67310	0.00008
608.91416	0.00007
609.15522	0.00007
609.39628	0.00007
609.63734	0.00007
609.87840	0.00007
610.11946	0.00008
610.36051	0.00008
610.60157	0.00009
610.84263	0.00009
611.08369	0.00010
611.32475	0.00010
611.56581	0.00009
611.80687	0.00009
612.04792	0.00009
612.28898	0.00009
612.53004	0.00009
612.77110	0.00008
613.01216	0.00009
613.25322	0.00009
613.49428	0.00009
613.73534	0.00009
613.97639	0.00009
614.21745	0.00009
614.45851	0.00009
614.69957	0.00010
614.94063	0.00010
615.18169	0.00010
615.42275	0.00010
615.66380	0.00010
615.90486	0.00010
616.14592	0.00010
616.38698	0.00010
616.62804	0.00009
616.86910	0.00010
617.11016	0.00010
617.35121	0.00010
617.59227	0.00010
617.83333	0.00010
618.07439	0.00010
618.31545	0.00010
618.55651	0.00010
618.79757	0.00010
619.03863	0.00009
619.27968	0.00008
619.52074	0.00007
619.76180	0.00006
620.00286	0.00006
620.24392	0.00005
620.48498	0.00005
620.72604	0.00006
620.96709	0.00006
621.20815	0.00007
621.44921	0.00007
621.69027	0.00008
621.93133	0.00008
622.17239	0.00009
622.41345	0.00009
622.65451	0.00010
622.89556	0.00010
623.13662	0.00010
623.37768	0.00010
623.61874	0.00010
623.85980	0.00010
624.10086	0.00009
624.34192	0.00009
624.58297	0.00009
624.82403	0.00008
625.06509	0.00008
625.30615	0.00008
625.54721	0.00008
625.78827	0.00009
626.02933	0.00009
626.27039	0.00009
626.51144	0.00010
626.75250	0.00010
626.99356	0.00010
627.23462	0.00010
627.47568	0.00010
627.71674	0.00009
627.95780	0.00009
628.19885	0.00008
628.43991	0.00008
628.68097	0.00007
628.92203	0.00007
629.16309	0.00007
629.40415	0.00006
629.64521	0.00006
629.88626	0.00006
630.12732	0.00005
630.36838	0.00005
630.60944	0.00004
630.85050	0.00004
631.09156	0.00004
631.33262	0.00003
631.57368	0.00004
631.81473	0.00004
632.05579	0.00004
632.29685	0.00005
632.53791	0.00005
632.77897	0.00005
633.02003	0.00006
633.26109	0.00006
633.50214	0.00006
633.74320	0.00006
633.98426	0.00006
634.22532	0.00006
634.46638	0.00006
634.70744	0.00006
634.94850	0.00005
635.18956	0.00005
635.43061	0.00004
635.67167	0.00004
635.91273	0.00004
636.15379	0.00003
636.39485	0.00003
636.63591	0.00004
636.87697	0.00004
637.11802	0.00004
637.35908	0.00004
637.60014	0.00005
637.84120	0.00005
638.08226	0.00005
638.32332	0.00005
638.56438	0.00005
638.80544	0.00004
639.04649	0.00004
639.28755	0.00003
639.52861	0.00003
639.76967	0.00002
640.01073	0.00002
640.25179	0.00002
640.49285	0.00002
640.73390	0.00002
640.97496	0.00002
641.21602	0.00001
641.45708	0.00002
641.69814	0.00002
641.93920	0.00003
642.18026	0.00004
642.42132	0.00005
642.66237	0.00005
642.90343	0.00006
643.14449	0.00006
643.38555	0.00006
643.62661	0.00006
643.86767	0.00005
644.10873	0.00005
644.34978	0.00005
644.59084	0.00004
644.83190	0.00004
645.07296	0.00004
645.31402	0.00004
645.55508	0.00004
645.79614	0.00004
646.03719	0.00005
646.27825	0.00005
646.51931	0.00005
646.76037	0.00006
647.00143	0.00006
647.24249	0.00007
647.48355	0.00007
647.72461	0.00007
647.96566	0.00007
648.20672	0.00006
648.44778	0.00006
648.68884	0.00006
648.92990	0.00006
649.17096	0.00005
649.41202	0.00005
649.65307	0.00004
649.89413	0.00004
650.13519	0.00003
650.37625	0.00002
650.61731	0.00002
650.85837	0.00002
651.09943	0.00002
651.34049	0.00002
651.58154	0.00002
651.82260	0.00002
652.06366	0.00002
652.30472	0.00002
652.54578	0.00003
652.78684	0.00003
653.02790	0.00004
653.26895	0.00004
653.51001	0.00004
653.75107	0.00005
653.99213	0.00004
654.23319	0.00004
654.47425	0.00004
654.71531	0.00003
654.95637	0.00003
655.19742	0.00003
655.43848	0.00004
655.67954	0.00004
655.92060	0.00005
656.16166	0.00006
656.40272	0.00007
656.64378	0.00007
656.88483	0.00008
657.12589	0.00008
657.36695	0.00008
657.60801	0.00008
657.84907	0.00008
658.09013	0.00007
658.33119	0.00007
658.57224	0.00007
658.81330	0.00007
659.05436	0.00006
659.29542	0.00006
659.53648	0.00006
659.77754	0.00006
660.01860	0.00006
660.25966	0.00006
660.50071	0.00006
660.74177	0.00007
660.98283	0.00007
661.22389	0.00007
661.46495	0.00007
661.70601	0.00006
661.94707	0.00005
662.18812	0.00004
662.42918	0.00003
662.67024	0.00002
662.91130	0.00002
663.15236	0.00003
663.39342	0.00004
663.63448	0.00004
663.87554	0.00005
664.11659	0.00006
664.35765	0.00006
664.59871	0.00006
664.83977	0.00006
665.08083	0.00005
665.32189	0.00005
665.56295	0.00004
665.80400	0.00004
666.04506	0.00004
666.28612	0.00004
666.52718	0.00004
666.76824	0.00004
667.00930	0.00004
667.25036	0.00005
667.49142	0.00005
667.73247	0.00005
667.97353	0.00005
668.21459	0.00005
668.45565	0.00004
668.69671	0.00004
668.93777	0.00004
669.17883	0.00004
669.41988	0.00004
669.66094	0.00003
669.90200	0.00003
670.14306	0.00003
670.38412	0.00003
670.62518	0.00004
670.86624	0.00004
671.10729	0.00004
671.34835	0.00004
671.58941	0.00004
671.83047	0.00005
672.07153	0.00005
672.31259	0.00006
672.55365	0.00006
672.79471	0.00007
673.03576	0.00007
673.27682	0.00008
673.51788	0.00009
673.75894	0.00009
674.00000	0.00010
674.24106	0.00010
674.48212	0.00011
674.72317	0.00011
674.96423	0.00011
675.20529	0.00011
675.44635	0.00010
675.68741	0.00010
675.92847	0.00009
676.16953	0.00007
676.41059	0.00006
676.65164	0.00004
676.89270	0.00002
677.13376	0.00001
677.37482	-0.00000
677.61588	-0.00000
677.85694	0.00001
678.09800	0.00002
678.33905	0.00003
678.58011	0.00004
678.82117	0.00005
679.06223	0.00005
679.30329	0.00005
679.54435	0.00004
679.78541	0.00004
680.02647	0.00004
680.26752	0.00004
680.50858	0.00004
680.74964	0.00005
680.99070	0.00005
681.23176	0.00006
681.47282	0.00007
681.71388	0.00007
681.95493	0.00008
682.19599	0.00008
682.43705	0.00009
682.67811	0.00009
682.91917	0.00010
683.16023	0.00010
683.40129	0.00010
683.64234	0.00010
683.88340	0.00010
684.12446	0.00010
684.36552	0.00009
684.60658	0.00008
684.84764	0.00008
685.08870	0.00007
685.32976	0.00007
685.57081	0.00006
685.81187	0.00006
686.05293	0.00005
686.29399	0.00005
686.53505	0.00006
686.77611	0.00005
687.01717	0.00005
687.25822	0.00005
687.49928	0.00005
687.74034	0.00006
687.98140	0.00006
688.22246	0.00006
688.46352	0.00006
688.70458	0.00006
688.94564	0.00006
689.18669	0.00005
689.42775	0.00005
689.66881	0.00004
689.90987	0.00003
690.15093	0.00003
690.39199	0.00002
690.63305	0.00002
690.87410	0.00001
691.11516	0.00001
691.35622	0.00001
691.59728	0.00001
691.83834	0.00001
692.07940	0.00001
692.32046	0.00002
692.56152	0.00002
692.80257	0.00003
693.04363	0.00003
693.28469	0.00003
693.52575	0.00004
693.76681	0.00004
694.00787	0.00005
694.24893	0.00005
694.48998	0.00005
694.73104	0.00005
694.97210	0.00005
695.21316	0.00004
695.45422	0.00004
695.69528	0.00004
695.93634	0.00004
696.17740	0.00005
696.41845	0.00005
696.65951	0.00005
696.90057	0.00005
697.14163	0.00006
697.38269	0.00006
697.62375	0.00007
697.86481	0.00008
698.10586	0.00008
698.34692	0.00008
698.58798	0.00008
698.82904	0.00008
699.07010	0.00008
699.31116	0.00007
699.55222	0.00007
699.79327	0.00006
700.03433	0.00006
700.27539	0.00005
700.51645	0.00005
700.75751	0.00005
700.99857	0.00004
701.23963	0.00004
701.48069	0.00004
701.72174	0.00004
701.96280	0.00004
702.20386	0.00003
702.44492	0.00002
702.68598	0.00001
702.92704	0.00001
703.16810	0.00000
703.40915	0.00000
703.65021	0.00001
703.89127	0.00001
704.13233	0.00002
704.37339	0.00003
704.61445	0.00005
704.85551	0.00006
705.09657	0.00006
705.33762	0.00007
705.57868	0.00007
705.81974	0.00008
706.06080	0.00008
706.30186	0.00007
706.54292	0.00007
706.78398	0.00007
707.02503	0.00006
707.26609	0.00006
707.50715	0.00005
707.74821	0.00005
707.98927	0.00005
708.23033	0.00005
708.47139	0.00005
708.71245	0.00005
708.95350	0.00005
709.19456	0.00004
709.43562	0.00004
709.67668	0.00004
709.91774	0.00004
710.15880	0.00004
710.39986	0.00004
710.64091	0.00004
710.88197	0.00004
711.12303	0.00004
711.36409	0.00004
711.60515	0.00004
711.84621	0.00004
712.08727	0.00003
712.32832	0.00003
712.56938	0.00003
712.81044	0.00003
713.05150	0.00002
713.29256	0.00003
713.53362	0.00003
713.77468	0.00004
714.01574	0.00004
714.25679	0.00005
714.49785	0.00005
714.73891	0.00006
714.97997	0.00006
715.22103	0.00006
715.46209	0.00006
715.70315	0.00005
715.94420	0.00005
716.18526	0.00004
716.42632	0.00004
716.66738	0.00003
716.90844	0.00004
717.14950	0.00004
717.39056	0.00005
717.63162	0.00006
717.87267	0.00007
718.11373	0.00008
718.35479	0.00008
718.59585	0.00008
718.83691	0.00007
719.07797	0.00006
719.31903	0.00004
719.56008	0.00003
719.80114	0.00003
720.04220	0.00003
720.28326	0.00003
720.52432	0.00004
720.76538	0.00005
721.00644	0.00005
721.24750	0.00006
721.48855	0.00006
721.72961	0.00006
721.97067	0.00005
722.21173	0.00003
722.45279	0.00002
722.69385	0.00000
722.93491	-0.00001
723.17596	-0.00001
723.41702	-0.00001
723.65808	-0.00001
723.89914	-0.00001
724.14020	-0.00000
724.38126	0.00000
724.62232	0.00001
724.86337	0.00001
725.10443	0.00002
725.34549	0.00002
725.58655	0.00002
725.82761	0.00003
726.06867	0.00003
726.30973	0.00004
726.55079	0.00004
726.79184	0.00005
727.03290	0.00005
727.27396	0.00006
727.51502	0.00006
727.75608	0.00007
727.99714	0.00007
728.23820	0.00008
728.47925	0.00008
728.72031	0.00008
728.96137	0.00007
729.20243	0.00007
729.44349	0.00007
729.68455	0.00007
729.92561	0.00006
730.16667	0.00006
730.40772	0.00005
730.64878	0.00004
730.88984	0.00004
731.13090	0.00003
731.37196	0.00003
731.61302	0.00003
731.85408	0.00003
732.09513	0.00003
732.33619	0.00003
732.57725	0.00004
732.81831	0.00005
733.05937	0.00005
733.30043	0.00006
733.54149	0.00006
733.78255	0.00006
734.02360	0.00007
734.26466	0.00006
734.50572	0.00006
734.74678	0.00006
734.98784	0.00005
735.22890	0.00005
735.46996	0.00005
735.71101	0.00004
735.95207	0.00004
736.19313	0.00004
736.43419	0.00004
736.67525	0.00005
736.91631	0.00005
737.15737	0.00005
737.39842	0.00006
737.63948	0.00006
737.88054	0.00006
738.12160	0.00006
738.36266	0.00005
738.60372	0.00005
738.84478	0.00004
739.08584	0.00003
739.32689	0.00002
739.56795	0.00002
739.80901	0.00001
740.05007	0.00001
740.29113	0.00002
740.53219	0.00002
740.77325	0.00003
741.01430	0.00003
741.25536	0.00004
741.49642	0.00004
741.73748	0.00004
741.97854	0.00004
742.21960	0.00004
742.46066	0.00004
742.70172	0.00004
742.94277	0.00003
743.18383	0.00003
743.42489	0.00002
743.66595	0.00002
743.90701	0.00002
744.14807	0.00002
744.38913	0.00003
744.63018	0.00003
744.87124	0.00003
745.11230	0.00004
745.35336	0.00004
745.59442	0.00005
745.83548	0.00005
746.07654	0.00005
746.31760	0.00005
746.55865	0.00006
746.79971	0.00006
747.04077	0.00005
747.28183	0.00004
747.52289	0.00004
747.76395	0.00003
748.00501	0.00003
748.24606	0.00003
748.48712	0.00004
748.72818	0.00004
748.96924	0.00005
749.21030	0.00006
749.45136	0.00007
749.69242	0.00008
749.93348	0.00009
750.17453	0.00009
750.41559	0.00009
750.65665	0.00008
750.89771	0.00008
751.13877	0.00007
751.37983	0.00007
751.62089	0.00006
751.86194	0.00005
752.10300	0.00005
752.34406	0.00004
752.58512	0.00004
752.82618	0.00003
753.06724	0.00003
753.30830	0.00003
753.54935	0.00003
753.79041	0.00002
754.03147	0.00003
754.27253	0.00003
754.51359	0.00003
754.75465	0.00004
754.99571	0.00004
755.23677	0.00004
755.47782	0.00004
755.71888	0.00004
755.95994	0.00004
756.20100	0.00003
756.44206	0.00003
756.68312	0.00002
756.92418	0.00001
757.16523	0.00001
757.40629	0.00001
757.64735	0.00002
757.88841	0.00003
758.12947	0.00004
758.37053	0.00005
758.61159	0.00006
758.85265	0.00007
759.09370	0.00008
759.33476	0.00008
759.57582	0.00008
759.81688	0.00008
760.05794	0.00008
760.29900	0.00007
760.54006	0.00007
760.78111	0.00006
761.02217	0.00006
761.26323	0.00005
761.50429	0.00005
761.74535	0.00005
761.98641	0.00004
762.22747	0.00004
762.46853	0.00003
762.70958	0.00003
762.95064	0.00002
763.19170	0.00002
763.43276	0.00002
763.67382	0.00001
763.91488	0.00001
764.15594	0.00001
764.39699	0.00001
764.63805	0.00001
764.87911	0.00002
765.12017	0.00002
765.36123	0.00003
765.60229	0.00003
765.84335	0.00004
766.08440	0.00004
766.32546	0.00005
766.56652	0.00005
766.80758	0.00005
767.04864	0.00005
767.28970	0.00005
767.53076	0.00004
767.77182	0.00004
768.01287	0.00003
768.25393	0.00003
768.49499	0.00002
768.73605	0.00001
768.97711	0.00001
769.21817	0.00001
769.45923	0.00000
769.70028	0.00000
769.94134	0.00000
770.18240	0.00000
770.42346	0.00000
770.66452	0.00000
770.90558	0.00001
771.14664	0.00001
771.38770	0.00001
771.62875	0.00001
771.86981	0.00001
772.11087	0.00002
772.35193	0.00003
772.59299	0.00003
772.83405	0.00004
773.07511	0.00004
773.31616	0.00005
773.55722	0.00005
773.79828	0.00004
774.03934	0.00003
774.28040	0.00002
774.52146	0.00001
774.76252	0.00000
775.00358	0.00000
775.24463	0.00000
775.48569	0.00000
775.72675	0.00001
775.96781	0.00001
776.20887	0.00002
776.44993	0.00002
776.69099	0.00003
776.93204	0.00004
777.17310	0.00005
777.41416	0.00006
777.65522	0.00006
777.89628	0.00006
778.13734	0.00005
778.37840	0.00005
778.61945	0.00004
778.86051	0.00003
779.10157	0.00002
779.34263	0.00001
779.58369	-0.00000
779.82475	-0.00001
780.06581	-0.00001
780.30687	-0.00001
780.54792	-0.00000
780.78898	0.00000
781.03004	0.00001
781.27110	0.00001
781.51216	0.00001
781.75322	0.00002
781.99428	0.00002
782.23533	0.00002
782.47639	0.00002
782.71745	0.00002
782.95851	0.00002
783.19957	0.00003
783.44063	0.00003
783.68169	0.00004
783.92275	0.00005
784.16380	0.00006
784.40486	0.00007
784.64592	0.00007
784.88698	0.00008
785.12804	0.00008
785.36910	0.00008
785.61016	0.00008
785.85121	0.00007
786.09227	0.00006
786.33333	0.00005
786.57439	0.00004
786.81545	0.00003
787.05651	0.00002
787.29757	0.00001
787.53863	0.00000
787.77968	0.00000
788.02074	0.00001
788.26180	0.00001
788.50286	0.00002
788.74392	0.00003
788.98498	0.00003
789.22604	0.00003
789.46709	0.00004
789.70815	0.00004
789.94921	0.00004
790.19027	0.00004
790.43133	0.00005
790.67239	0.00005
790.91345	0.00006
791.15451	0.00006
791.39556	0.00007
791.63662	0.00007
791.87768	0.00008
792.11874	0.00008
792.35980	0.00009
792.60086	0.00009
792.84192	0.00008
793.08297	0.00008
793.32403	0.00007
793.56509	0.00006
793.80615	0.00005
794.04721	0.00004
794.28827	0.00003
794.52933	0.00002
794.77038	0.00001
795.01144	0.00001
795.25250	0.00000
795.49356	0.00000
795.73462	0.00001
795.97568	0.00001
796.21674	0.00001
796.45780	0.00001
796.69885	0.00001
796.93991	0.00000
797.18097	0.00000
797.42203	0.00000
797.66309	0.00001
797.90415	0.00002
798.14521	0.00003
798.38626	0.00004
798.62732	0.00004
798.86838	0.00005
799.10944	0.00005
799.35050	0.00005
799.59156	0.00005
799.83262	0.00005
800.07368	0.00004
800.31473	0.00004
800.55579	0.00004
800.79685	0.00003
801.03791	0.00003
801.27897	0.00003
801.52003	0.00003
801.76109	0.00003
802.00214	0.00003
802.24320	0.00004
802.48426	0.00004
802.72532	0.00005
802.96638	0.00005
803.20744	0.00005
803.44850	0.00005
803.68956	0.00004
803.93061	0.00003
804.17167	0.00002
804.41273	0.00002
804.65379	0.00002
804.89485	0.00002
805.13591	0.00003
805.37697	0.00004
805.61802	0.00005
805.85908	0.00006
806.10014	0.00006
806.34120	0.00006
806.58226	0.00005
806.82332	0.00004
807.06438	0.00003
807.30543	0.00003
807.54649	0.00003
807.78755	0.00004
808.02861	0.00004
808.26967	0.00005
808.51073	0.00006
808.75179	0.00007
808.99285	0.00007
809.23390	0.00008
809.47496	0.00007
809.71602	0.00007
809.95708	0.00006
810.19814	0.00005
810.43920	0.00004
810.68026	0.00004
810.92131	0.00003
811.16237	0.00003
811.40343	0.00004
811.64449	0.00004
811.88555	0.00005
812.12661	0.00006
812.36767	0.00006
812.60873	0.00007
812.84978	0.00006
813.09084	0.00006
813.33190	0.00005
813.57296	0.00004
813.81402	0.00003
814.05508	0.00002
814.29614	0.00002
814.53719	0.00003
814.77825	0.00004
815.01931	0.00005
815.26037	0.00007
815.50143	0.00008
815.74249	0.00009
815.98355	0.00009
816.22461	0.00009
816.46566	0.00008
816.70672	0.00007
816.94778	0.00006
817.18884	0.00005
817.42990	0.00004
817.67096	0.00003
817.91202	0.00003
818.15307	0.00003
818.39413	0.00003
818.63519	0.00003
818.87625	0.00003
819.11731	0.00003
819.35837	0.00004
819.59943	0.00004
819.84048	0.00003
820.08154	0.00003
820.32260	0.00003
820.56366	0.00003
820.80472	0.00003
821.04578	0.00004
821.28684	0.00004
821.52790	0.00004
821.76895	0.00005
822.01001	0.00005
822.25107	0.00005
822.49213	0.00005
822.73319	0.00005
822.97425	0.00005
823.21531	0.00005
823.45636	0.00005
823.69742	0.00004
823.93848	0.00004
824.17954	0.00003
824.42060	0.00003
824.66166	0.00002
824.90272	0.00002
825.14378	0.00002
825.38483	0.00002
825.62589	0.00003
825.86695	0.00003
826.10801	0.00003
826.34907	0.00004
826.59013	0.00004
826.83119	0.00004
827.07224	0.00004
827.31330	0.00003
827.55436	0.00003
827.79542	0.00002
828.03648	0.00002
828.27754	0.00002
828.51860	0.00002
828.75966	0.00002
829.00071	0.00002
829.24177	0.00003
829.48283	0.00004
829.72389	0.00004
829.96495	0.00004
830.20601	0.00005
830.44707	0.00005
830.68812	0.00005
830.92918	0.00005
831.17024	0.00005
831.41130	0.00005
831.65236	0.00005
831.89342	0.00005
832.13448	0.00006
832.37553	0.00006
832.61659	0.00006
832.85765	0.00006
833.09871	0.00006
833.33977	0.00006
833.58083	0.00005
833.82189	0.00005
834.06295	0.00005
834.30400	0.00004
834.54506	0.00004
834.78612	0.00004
835.02718	0.00004
835.26824	0.00004
835.50930	0.00004
835.75036	0.00004
835.99141	0.00004
836.23247	0.00004
836.47353	0.00004
836.71459	0.00004
836.95565	0.00004
837.19671	0.00004
837.43777	0.00004
837.67883	0.00004
837.91988	0.00003
838.16094	0.00003
838.40200	0.00002
838.64306	0.00002
838.88412	0.00002
839.12518	0.00002
839.36624	0.00002
839.60729	0.00002
839.84835	0.00003
840.08941	0.00003
840.33047	0.00003
840.57153	0.00004
840.81259	0.00004
841.05365	0.00004
841.29471	0.00004
841.53576	0.00004
841.77682	0.00004
842.01788	0.00004
842.25894	0.00003
842.50000	0.00003
842.74106	0.00002
842.98212	0.00002
843.22317	0.00001
843.46423	0.00001
843.70529	0.00001
843.94635	0.00001
844.18741	0.00001
844.42847	0.00001
844.66953	0.00002
844.91059	0.00002
845.15164	0.00002
845.39270	0.00003
845.63376	0.00003
845.87482	0.00004
846.11588	0.00004
846.35694	0.00004
846.59800	0.00004
846.83905	0.00004
847.08011	0.00004
847.32117	0.00003
847.56223	0.00003
847.80329	0.00003
848.04435	0.00002
848.28541	0.00002
848.52646	0.00002
848.76752	0.00002
849.00858	0.00002
849.24964	0.00002
849.49070	0.00003
849.73176	0.00003
849.97282	0.00003
850.21388	0.00003
850.45493	0.00002
850.69599	0.00002
850.93705	0.00002
851.17811	0.00002
851.41917	0.00002
851.66023	0.00003
851.90129	0.00005
852.14234	0.00006
852.38340	0.00007
852.62446	0.00007
852.86552	0.00008
853.10658	0.00008
853.34764	0.00007
853.58870	0.00007
853.82976	0.00006
854.07081	0.00005
854.31187	0.00005
854.55293	0.00004
854.79399	0.00003
855.03505	0.00003
855.27611	0.00002
855.51717	0.00002
855.75822	0.00002
855.99928	0.00002
856.24034	0.00003
856.48140	0.00003
856.72246	0.00003
856.96352	0.00004
857.20458	0.00004
857.44564	0.00005
857.68669	0.00005
857.92775	0.00006
858.16881	0.00006
858.40987	0.00006
858.65093	0.00007
858.89199	0.00007
859.13305	0.00007
859.37410	0.00007
859.61516	0.00007
859.85622	0.00007
860.09728	0.00006
860.33834	0.00006
860.57940	0.00005
860.82046	0.00004
861.06151	0.00003
861.30257	0.00003
861.54363	0.00002
861.78469	0.00001
862.02575	0.00001
862.26681	0.00001
862.50787	0.00001
862.74893	0.00001
862.98998	0.00002
863.23104	0.00003
863.47210	0.00003
863.71316	0.00004
863.95422	0.00005
864.19528	0.00005
864.43634	0.00006
864.67739	0.00006
864.91845	0.00007
865.15951	0.00007
865.40057	0.00007
865.64163	0.00006
865.88269	0.00006
866.12375	0.00005
866.36481	0.00004
866.60586	0.00003
866.84692	0.00002
867.08798	0.00001
867.32904	-0.00000
867.57010	-0.00001
867.81116	-0.00001
868.05222	-0.00000
868.29327	0.00000
868.53433	0.00002
868.77539	0.00003
869.01645	0.00003
869.25751	0.00004
869.49857	0.00003
869.73963	0.00003
869.98069	0.00002
870.22174	0.00002
870.46280	0.00002
870.70386	0.00002
870.94492	0.00002
871.18598	0.00002
871.42704	0.00002
871.66810	0.00002
871.90915	0.00001
872.15021	0.00001
872.39127	0.00001
872.63233	0.00002
872.87339	0.00003
873.11445	0.00005
873.35551	0.00006
873.59656	0.00007
873.83762	0.00007
874.07868	0.00007
874.31974	0.00007
874.56080	0.00006
874.80186	0.00006
875.04292	0.00005
875.28398	0.00004
875.52503	0.00003
875.76609	0.00002
876.00715	0.00002
876.24821	0.00001
876.48927	0.00001
876.73033	0.00001
876.97139	0.00001
877.21244	0.00001
877.45350	0.00002
877.69456	0.00002
877.93562	0.00002
878.17668	0.00002
878.41774	0.00002
878.65880	0.00002
878.89986	0.00002
879.14091	0.00002
879.38197	0.00003
879.62303	0.00003
879.86409	0.00004
880.10515	0.00004
880.34621	0.00005
880.58727	0.00005
880.82832	0.00006
881.06938	0.00007
881.31044	0.00007
881.55150	0.00008
881.79256	0.00008
882.03362	0.00008
882.27468	0.00008
882.51574	0.00007
882.75679	0.00007
882.99785	0.00006
883.23891	0.00005
883.47997	0.00003
883.72103	0.00002
883.96209	0.00001
884.20315	0.00001
884.44420	0.00001
884.68526	0.00002
884.92632	0.00003
885.16738	0.00004
885.40844	0.00005
885.64950	0.00006
885.89056	0.00006
886.13161	0.00006
886.37267	0.00006
886.61373	0.00006
886.85479	0.00005
887.09585	0.00004
887.33691	0.00003
887.57797	0.00002
887.81903	0.00001
888.06008	0.00001
888.30114	0.00002
888.54220	0.00003
888.78326	0.00003
889.02432	0.00004
889.26538	0.00003
889.50644	0.00002
889.74749	0.00001
889.98855	0.00000
890.22961	0.00000
890.47067	0.00001
890.71173	0.00001
890.95279	0.00002
891.19385	0.00003
891.43491	0.00003
891.67596	0.00004
891.91702	0.00004
892.15808	0.00004
892.39914	0.00004
892.64020	0.00004
892.88126	0.00004
893.12232	0.00003
893.36337	0.00003
893.60443	0.00004
893.84549	0.00004
894.08655	0.00005
894.32761	0.00006
894.56867	0.00006
894.80973	0.00007
895.05079	0.00007
895.29184	0.00007
895.53290	0.00006
895.77396	0.00006
896.01502	0.00005
896.25608	0.00004
896.49714	0.00003
896.73820	0.00002
896.97925	0.00002
897.22031	0.00002
897.46137	0.00002
897.70243	0.00003
897.94349	0.00005
898.18455	0.00006
898.42561	0.00008
898.66667	0.00008
898.90772	0.00008
899.14878	0.00008
899.38984	0.00006
899.63090	0.00004
