0.00000	0.00224
0.24106	0.00250
0.48212	0.00322
0.72318	0.00420
0.96423	0.00519
1.20529	0.00595
1.44635	0.00630
1.68741	0.00616
1.92847	0.00559
2.16953	0.00474
2.41059	0.00378
2.65165	0.00286
2.89270	0.00207
3.13376	0.00146
3.37482	0.00104
3.61588	0.00078
3.85694	0.00063
4.09800	0.00050
4.33906	0.00040
4.58011	0.00032
4.82117	0.00025
5.06223	0.00020
5.30329	0.00016
5.54435	0.00015
5.78541	0.00014
6.02647	0.00015
6.26753	0.00016
6.50858	0.00018
6.74964	0.00020
6.99070	0.00023
7.23176	0.00025
7.47282	0.00028
7.71388	0.00031
7.95494	0.00034
8.19599	0.00037
8.43705	0.00040
8.67811	0.00042
8.91917	0.00043
9.16023	0.00043
9.40129	0.00041
9.64235	0.00039
9.88340	0.00036
10.12446	0.00033
10.36552	0.00029
10.60658	0.00026
10.84764	0.00024
11.08870	0.00022
11.32976	0.00022
11.57082	0.00024
11.81187	0.00027
12.05293	0.00032
12.29399	0.00038
12.53505	0.00045
12.77611	0.00052
13.01717	0.00058
13.25823	0.00062
13.49928	0.00064
13.74034	0.00063
13.98140	0.00056
14.22246	0.00044
14.46352	0.00030
14.70458	0.00017
14.94564	0.00007
15.18670	0.00001
15.42775	0.00001
15.66881	0.00002
15.90987	0.00004
16.15093	0.00009
16.39199	0.00016
16.63305	0.00024
16.87411	0.00035
17.11516	0.00050
17.35622	0.00066
17.59728	0.00083
17.83834	0.00101
18.07940	0.00121
18.32046	0.00142
18.56152	0.00163
18.80258	0.00184
19.04363	0.00205
19.28469	0.00225
19.52575	0.00244
19.76681	0.00262
20.00787	0.00278
20.24893	0.00295
20.48999	0.00311
20.73104	0.00330
20.97210	0.00352
21.21316	0.00380
21.45422	0.00416
21.69528	0.00461
21.93634	0.00514
22.17740	0.00573
22.41845	0.00635
22.65951	0.00697
22.90057	0.00753
23.14163	0.00800
23.38269	0.00835
23.62375	0.00858
23.86481	0.00872
24.10587	0.00879
24.34692	0.00885
24.58798	0.00895
24.82904	0.00914
25.07010	0.00942
25.31116	0.00982
25.55222	0.01029
25.79328	0.01080
26.03433	0.01130
26.27539	0.01175
26.51645	0.01213
26.75751	0.01243
26.99857	0.01269
27.23963	0.01295
27.48069	0.01325
27.72175	0.01364
27.96280	0.01414
28.20386	0.01476
28.44492	0.01546
28.68598	0.01619
28.92704	0.01688
29.16810	0.01749
29.40916	0.01797
29.65021	0.01833
29.89127	0.01860
30.13233	0.01887
30.37339	0.01918
30.61445	0.01963
30.85551	0.02024
31.09657	0.02101
31.33763	0.02190
31.57868	0.02282
31.81974	0.02368
32.06080	0.02438
32.30186	0.02488
32.54292	0.02516
32.78398	0.02527
33.02504	0.02530
33.26609	0.02537
33.50715	0.02559
33.74821	0.02604
33.98927	0.02678
34.23033	0.02776
34.47139	0.02891
34.71245	0.03013
34.95350	0.03131
35.19456	0.03240
35.43562	0.03337
35.67668	0.03430
35.91774	0.03531
36.15880	0.03657
36.39986	0.03824
36.64092	0.04041
36.88197	0.04311
37.12303	0.04626
37.36409	0.04969
37.60515	0.05316
37.84621	0.05642
38.08727	0.05925
38.32833	0.06152
38.56938	0.06321
38.81044	0.06442
39.05150	0.06533
39.29256	0.06615
39.53362	0.06707
39.77468	0.06821
40.01574	0.06959
40.25680	0.07113
40.49785	0.07267
40.73891	0.07404
40.97997	0.07511
41.22103	0.07586
41.46209	0.07639
41.70315	0.07691
41.94421	0.07771
42.18526	0.07908
42.42632	0.08122
42.66738	0.08421
42.90844	0.08794
43.14950	0.09213
43.39056	0.09637
43.63162	0.10024
43.87268	0.10333
44.11373	0.10543
44.35479	0.10646
44.59585	0.10659
44.83691	0.10610
45.07797	0.10539
45.31903	0.10481
45.56009	0.10461
45.80114	0.10487
46.04220	0.10548
46.28326	0.10620
46.52432	0.10670
46.76538	0.10671
47.00644	0.10607
47.24750	0.10480
47.48855	0.10313
47.72961	0.10145
47.97067	0.10024
48.21173	0.09994
48.45279	0.10085
48.69385	0.10309
48.93491	0.10654
49.17597	0.11090
49.41702	0.11579
49.65808	0.12083
49.89914	0.12578
50.14020	0.13061
50.38126	0.13553
50.62232	0.14090
50.86338	0.14717
51.10443	0.15469
51.34549	0.16363
51.58655	0.17385
51.82761	0.18486
52.06867	0.19593
52.30973	0.20617
52.55079	0.21474
52.79185	0.22102
53.03290	0.22472
53.27396	0.22601
53.51502	0.22542
53.75608	0.22378
53.99714	0.22199
54.23820	0.22088
54.47926	0.22100
54.72031	0.22252
54.96137	0.22529
55.20243	0.22886
55.44349	0.23271
55.68455	0.23638
55.92561	0.23968
56.16667	0.24271
56.40773	0.24589
56.64878	0.24986
56.88984	0.25527
57.13090	0.26258
57.37196	0.27197
57.61302	0.28315
57.85408	0.29546
58.09514	0.30795
58.33619	0.31960
58.57725	0.32952
58.81831	0.33714
59.05937	0.34232
59.30043	0.34538
59.54149	0.34696
59.78255	0.34788
60.02361	0.34891
60.26466	0.35061
60.50572	0.35321
60.74678	0.35655
60.98784	0.36023
61.22890	0.36368
61.46996	0.36638
61.71102	0.36800
61.95207	0.36846
62.19313	0.36801
62.43419	0.36707
62.67525	0.36619
62.91631	0.36583
63.15737	0.36631
63.39843	0.36772
63.63948	0.36994
63.88054	0.37275
64.12160	0.37588
64.36266	0.37917
64.60372	0.38257
64.84478	0.38622
65.08584	0.39029
65.32690	0.39493
65.56795	0.40014
65.80901	0.40569
66.05007	0.41111
66.29113	0.41576
66.53219	0.41894
66.77325	0.42009
67.01431	0.41892
67.25536	0.41548
67.49642	0.41023
67.73748	0.40388
67.97854	0.39725
68.21960	0.39107
68.46066	0.38578
68.70172	0.38146
68.94278	0.37779
69.18383	0.37421
69.42489	0.37005
69.66595	0.36483
69.90701	0.35839
70.14807	0.35101
70.38913	0.34342
70.63019	0.33662
70.87124	0.33164
71.11230	0.32933
71.35336	0.33008
71.59442	0.33374
71.83548	0.33961
72.07654	0.34660
72.31760	0.35351
72.55866	0.35929
72.79971	0.36331
73.04077	0.36552
73.28183	0.36643
73.52289	0.36693
73.76395	0.36807
74.00501	0.37070
74.24607	0.37524
74.48712	0.38146
74.72818	0.38855
74.96924	0.39524
75.21030	0.40013
75.45136	0.40201
75.69242	0.40022
75.93348	0.39486
76.17453	0.38678
76.41559	0.37748
76.65665	0.36876
76.89771	0.36235
77.13877	0.35956
77.37983	0.36094
77.62089	0.36629
77.86195	0.37470
78.10300	0.38484
78.34406	0.39535
78.58512	0.40523
78.82618	0.41406
79.06724	0.42217
79.30830	0.43044
79.54936	0.44011
79.79041	0.45230
80.03147	0.46766
80.27253	0.48606
80.51359	0.50651
80.75465	0.52728
80.99571	0.54621
81.23677	0.56119
81.47783	0.57063
81.71888	0.57380
81.95994	0.57103
82.20100	0.56364
82.44206	0.55365
82.68312	0.54332
82.92418	0.53471
83.16524	0.52923
83.40629	0.52741
83.64735	0.52890
83.88841	0.53270
84.12947	0.53745
84.37053	0.54195
84.61159	0.54542
84.85265	0.54781
85.09371	0.54973
85.33476	0.55233
85.57582	0.55691
85.81688	0.56461
86.05794	0.57600
86.29900	0.59099
86.54006	0.60871
86.78112	0.62777
87.02217	0.64653
87.26323	0.66343
87.50429	0.67731
87.74535	0.68761
87.98641	0.69437
88.22747	0.69815
88.46853	0.69980
88.70958	0.70015
88.95064	0.69986
89.19170	0.69922
89.43276	0.69817
89.67382	0.69639
89.91488	0.69347
90.15594	0.68913
90.39700	0.68333
90.63805	0.67636
90.87911	0.66879
91.12017	0.66139
91.36123	0.65494
91.60229	0.65008
91.84335	0.64723
92.08441	0.64657
92.32546	0.64806
92.56652	0.65156
92.80758	0.65695
93.04864	0.66419
93.28970	0.67331
93.53076	0.68440
93.77182	0.69744
94.01288	0.71221
94.25393	0.72819
94.49499	0.74453
94.73605	0.76015
94.97711	0.77389
95.21817	0.78475
95.45923	0.79205
95.70029	0.79560
95.94134	0.79569
96.18240	0.79306
96.42346	0.78866
96.66452	0.78341
96.90558	0.77800
97.14664	0.77274
97.38770	0.76751
97.62876	0.76186
97.86981	0.75525
98.11087	0.74722
98.35193	0.73768
98.59299	0.72694
98.83405	0.71580
99.07511	0.70532
99.31617	0.69667
99.55722	0.69083
99.79828	0.68839
100.03934	0.68943
100.28040	0.69351
100.52146	0.69985
100.76252	0.70749
101.00358	0.71559
101.24464	0.72354
101.48569	0.73114
101.72675	0.73847
101.96781	0.74585
102.20887	0.75356
102.44993	0.76171
102.69099	0.77010
102.93205	0.77818
103.17310	0.78514
103.41416	0.79008
103.65522	0.79224
103.89628	0.79114
104.13734	0.78675
104.37840	0.77942
104.61946	0.76982
104.86051	0.75876
105.10157	0.74699
105.34263	0.73507
105.58369	0.72332
105.82475	0.71180
106.06581	0.70050
106.30687	0.68944
106.54793	0.67885
106.78898	0.66920
107.03004	0.66119
107.27110	0.65565
107.51216	0.65325
107.75322	0.65441
107.99428	0.65906
108.23534	0.66666
108.47639	0.67626
108.71745	0.68669
108.95851	0.69689
109.19957	0.70609
109.44063	0.71402
109.68169	0.72089
109.92275	0.72735
110.16381	0.73415
110.40486	0.74188
110.64592	0.75071
110.88698	0.76017
111.12804	0.76925
111.36910	0.77650
111.61016	0.78044
111.85122	0.77986
112.09227	0.77423
112.33333	0.76386
112.57439	0.74990
112.81545	0.73412
113.05651	0.71858
113.29757	0.70515
113.53863	0.69514
113.77969	0.68901
114.02074	0.68639
114.26180	0.68622
114.50286	0.68710
114.74392	0.68771
114.98498	0.68723
115.22604	0.68552
115.46710	0.68322
115.70815	0.68152
115.94921	0.68183
116.19027	0.68535
116.43133	0.69269
116.67239	0.70363
116.91345	0.71708
117.15451	0.73127
117.39556	0.74413
117.63662	0.75371
117.87768	0.75857
118.11874	0.75809
118.35980	0.75256
118.60086	0.74301
118.84192	0.73100
119.08298	0.71816
119.32403	0.70588
119.56509	0.69503
119.80615	0.68584
120.04721	0.67793
120.28827	0.67055
120.52933	0.66285
120.77039	0.65412
121.01144	0.64406
121.25250	0.63286
121.49356	0.62116
121.73462	0.60993
121.97568	0.60023
122.21674	0.59303
122.45780	0.58900
122.69886	0.58840
122.93991	0.59110
123.18097	0.59658
123.42203	0.60409
123.66309	0.61280
123.90415	0.62188
124.14521	0.63063
124.38627	0.63852
124.62732	0.64522
124.86838	0.65058
125.10944	0.65458
125.35050	0.65727
125.59156	0.65876
125.83262	0.65913
126.07368	0.65841
126.31474	0.65659
126.55579	0.65355
126.79685	0.64916
127.03791	0.64322
127.27897	0.63564
127.52003	0.62639
127.76109	0.61563
128.00215	0.60373
128.24320	0.59126
128.48426	0.57895
128.72532	0.56760
128.96638	0.55795
129.20744	0.55055
129.44850	0.54573
129.68956	0.54344
129.93061	0.54338
130.17167	0.54499
130.41273	0.54761
130.65379	0.55062
130.89485	0.55354
131.13591	0.55612
131.37697	0.55833
131.61803	0.56031
131.85908	0.56228
132.10014	0.56442
132.34120	0.56674
132.58226	0.56907
132.82332	0.57101
133.06438	0.57207
133.30544	0.57170
133.54649	0.56949
133.78755	0.56520
134.02861	0.55885
134.26967	0.55073
134.51073	0.54127
134.75179	0.53103
134.99285	0.52053
135.23391	0.51022
135.47496	0.50039
135.71602	0.49120
135.95708	0.48273
136.19814	0.47503
136.43920	0.46817
136.68026	0.46224
136.92132	0.45738
137.16237	0.45371
137.40343	0.45130
137.64449	0.45010
137.88555	0.44994
138.12661	0.45058
138.36767	0.45172
138.60873	0.45309
138.84979	0.45454
139.09084	0.45603
139.33190	0.45765
139.57296	0.45957
139.81402	0.46189
140.05508	0.46461
140.29614	0.46753
140.53720	0.47023
140.77825	0.47215
141.01931	0.47271
141.26037	0.47140
141.50143	0.46796
141.74249	0.46247
141.98355	0.45532
142.22461	0.44719
142.46566	0.43891
142.70672	0.43125
142.94778	0.42481
143.18884	0.41986
143.42990	0.41637
143.67096	0.41398
143.91202	0.41219
144.15308	0.41052
144.39413	0.40861
144.63519	0.40637
144.87625	0.40399
145.11731	0.40189
145.35837	0.40058
145.59943	0.40053
145.84049	0.40200
146.08154	0.40497
146.32260	0.40909
146.56366	0.41376
146.80472	0.41825
147.04578	0.42184
147.28684	0.42399
147.52790	0.42441
147.76896	0.42310
148.01001	0.42037
148.25107	0.41668
148.49213	0.41256
148.73319	0.40847
148.97425	0.40473
149.21531	0.40142
149.45637	0.39844
149.69742	0.39556
149.93848	0.39247
150.17954	0.38890
150.42060	0.38471
150.66166	0.37992
150.90272	0.37470
151.14378	0.36938
151.38484	0.36435
151.62589	0.36002
151.86695	0.35672
152.10801	0.35467
152.34907	0.35391
152.59013	0.35434
152.83119	0.35573
153.07225	0.35774
153.31330	0.36001
153.55436	0.36219
153.79542	0.36400
154.03648	0.36527
154.27754	0.36590
154.51860	0.36593
154.75966	0.36544
155.00072	0.36454
155.24177	0.36332
155.48283	0.36186
155.72389	0.36013
155.96495	0.35808
156.20601	0.35562
156.44707	0.35263
156.68813	0.34905
156.92918	0.34484
157.17024	0.34007
157.41130	0.33484
157.65236	0.32933
157.89342	0.32375
158.13448	0.31832
158.37554	0.31321
158.61659	0.30858
158.85765	0.30455
159.09871	0.30119
159.33977	0.29853
159.58083	0.29657
159.82189	0.29527
160.06295	0.29454
160.30401	0.29429
160.54506	0.29437
160.78612	0.29462
161.02718	0.29488
161.26824	0.29502
161.50930	0.29495
161.75036	0.29467
161.99142	0.29422
162.23247	0.29369
162.47353	0.29319
162.71459	0.29279
162.95565	0.29251
163.19671	0.29225
163.43777	0.29185
163.67883	0.29112
163.91989	0.28983
164.16094	0.28784
164.40200	0.28512
164.64306	0.28179
164.88412	0.27809
165.12518	0.27437
165.36624	0.27100
165.60730	0.26832
165.84835	0.26651
166.08941	0.26563
166.33047	0.26556
166.57153	0.26603
166.81259	0.26675
167.05365	0.26742
167.29471	0.26785
167.53577	0.26798
167.77682	0.26788
168.01788	0.26777
168.25894	0.26786
168.50000	0.26838
168.74106	0.26943
168.98212	0.27100
169.22318	0.27291
169.46423	0.27487
169.70529	0.27657
169.94635	0.27769
170.18741	0.27801
170.42847	0.27745
170.66953	0.27606
170.91059	0.27402
171.15164	0.27159
171.39270	0.26904
171.63376	0.26661
171.87482	0.26443
172.11588	0.26254
172.35694	0.26091
172.59800	0.25942
172.83906	0.25792
173.08011	0.25630
173.32117	0.25449
173.56223	0.25249
173.80329	0.25034
174.04435	0.24816
174.28541	0.24606
174.52647	0.24414
174.76752	0.24249
175.00858	0.24114
175.24964	0.24008
175.49070	0.23924
175.73176	0.23856
175.97282	0.23793
176.21388	0.23729
176.45494	0.23655
176.69599	0.23566
176.93705	0.23459
177.17811	0.23331
177.41917	0.23183
177.66023	0.23016
177.90129	0.22833
178.14235	0.22640
178.38340	0.22443
178.62446	0.22251
178.86552	0.22071
179.10658	0.21910
179.34764	0.21770
179.58870	0.21650
179.82976	0.21546
180.07082	0.21448
180.31187	0.21346
180.55293	0.21232
180.79399	0.21103
181.03505	0.20959
181.27611	0.20807
181.51717	0.20661
181.75823	0.20535
181.99928	0.20441
182.24034	0.20387
182.48140	0.20372
182.72246	0.20386
182.96352	0.20415
183.20458	0.20437
183.44564	0.20435
183.68669	0.20397
183.92775	0.20316
184.16881	0.20199
184.40987	0.20058
184.65093	0.19912
184.89199	0.19777
185.13305	0.19666
185.37411	0.19583
185.61516	0.19524
185.85622	0.19478
186.09728	0.19427
186.33834	0.19357
186.57940	0.19256
186.82046	0.19122
187.06152	0.18958
187.30257	0.18775
187.54363	0.18589
187.78469	0.18416
188.02575	0.18266
188.26681	0.18146
188.50787	0.18055
188.74893	0.17986
188.98999	0.17929
189.23104	0.17875
189.47210	0.17813
189.71316	0.17738
189.95422	0.17648
190.19528	0.17546
190.43634	0.17434
190.67740	0.17317
190.91845	0.17198
191.15951	0.17080
191.40057	0.16964
191.64163	0.16849
191.88269	0.16735
192.12375	0.16622
192.36481	0.16507
192.60587	0.16392
192.84692	0.16274
193.08798	0.16152
193.32904	0.16022
193.57010	0.15884
193.81116	0.15735
194.05222	0.15577
194.29328	0.15413
194.53433	0.15248
194.77539	0.15092
195.01645	0.14951
195.25751	0.14834
195.49857	0.14742
195.73963	0.14675
195.98069	0.14626
196.22174	0.14586
196.46280	0.14545
196.70386	0.14491
196.94492	0.14418
197.18598	0.14325
197.42704	0.14216
197.66810	0.14099
197.90916	0.13986
198.15021	0.13887
198.39127	0.13808
198.63233	0.13751
198.87339	0.13713
199.11445	0.13684
199.35551	0.13653
199.59657	0.13611
199.83762	0.13549
200.07868	0.13464
200.31974	0.13358
200.56080	0.13239
200.80186	0.13113
201.04292	0.12992
201.28398	0.12881
201.52504	0.12784
201.76609	0.12702
202.00715	0.12629
202.24821	0.12561
202.48927	0.12492
202.73033	0.12417
202.97139	0.12333
203.21245	0.12242
203.45350	0.12145
203.69456	0.12045
203.93562	0.11946
204.17668	0.11851
204.41774	0.11763
204.65880	0.11683
204.89986	0.11611
205.14092	0.11546
205.38197	0.11488
205.62303	0.11434
205.86409	0.11382
206.10515	0.11327
206.34621	0.11267
206.58727	0.11196
206.82833	0.11114
207.06938	0.11018
207.31044	0.10911
207.55150	0.10796
207.79256	0.10678
208.03362	0.10563
208.27468	0.10457
208.51574	0.10363
208.75680	0.10281
208.99785	0.10211
209.23891	0.10147
209.47997	0.10084
209.72103	0.10019
209.96209	0.09948
210.20315	0.09872
210.44421	0.09795
210.68526	0.09720
210.92632	0.09655
211.16738	0.09604
211.40844	0.09568
211.64950	0.09548
211.89056	0.09540
212.13162	0.09536
212.37267	0.09530
212.61373	0.09515
212.85479	0.09486
213.09585	0.09443
213.33691	0.09386
213.57797	0.09320
213.81903	0.09249
214.06009	0.09179
214.30114	0.09115
214.54220	0.09059
214.78326	0.09012
215.02432	0.08974
215.26538	0.08943
215.50644	0.08917
215.74750	0.08894
215.98855	0.08873
216.22961	0.08852
216.47067	0.08832
216.71173	0.08813
216.95279	0.08795
217.19385	0.08779
217.43491	0.08767
217.67597	0.08760
217.91702	0.08759
218.15808	0.08763
218.39914	0.08773
218.64020	0.08785
218.88126	0.08796
219.12232	0.08801
219.36338	0.08798
219.60443	0.08781
219.84549	0.08750
220.08655	0.08706
220.32761	0.08651
220.56867	0.08591
220.80973	0.08529
221.05079	0.08473
221.29185	0.08424
221.53290	0.08385
221.77396	0.08354
222.01502	0.08329
222.25608	0.08306
222.49714	0.08282
222.73820	0.08256
222.97926	0.08226
223.22031	0.08194
223.46137	0.08162
223.70243	0.08134
223.94349	0.08112
224.18455	0.08098
224.42561	0.08091
224.66667	0.08091
224.90772	0.08094
225.14878	0.08099
225.38984	0.08102
225.63090	0.08099
225.87196	0.08090
226.11302	0.08072
226.35408	0.08047
226.59514	0.08013
226.83619	0.07973
227.07725	0.07928
227.31831	0.07882
227.55937	0.07837
227.80043	0.07796
228.04149	0.07760
228.28255	0.07731
228.52360	0.07708
228.76466	0.07690
229.00572	0.07673
229.24678	0.07654
229.48784	0.07631
229.72890	0.07603
229.96996	0.07570
230.21102	0.07534
230.45207	0.07498
230.69313	0.07466
230.93419	0.07440
231.17525	0.07422
231.41631	0.07413
231.65737	0.07410
231.89843	0.07412
232.13948	0.07415
232.38054	0.07417
232.62160	0.07415
232.86266	0.07410
233.10372	0.07401
233.34478	0.07390
233.58584	0.07378
233.82690	0.07367
234.06795	0.07358
234.30901	0.07351
234.55007	0.07346
234.79113	0.07341
235.03219	0.07334
235.27325	0.07324
235.51431	0.07308
235.75536	0.07284
235.99642	0.07252
236.23748	0.07211
236.47854	0.07163
236.71960	0.07109
236.96066	0.07053
237.20172	0.06996
237.44277	0.06944
237.68383	0.06897
237.92489	0.06859
238.16595	0.06828
238.40701	0.06805
238.64807	0.06787
238.88913	0.06772
239.13019	0.06757
239.37124	0.06743
239.61230	0.06727
239.85336	0.06711
240.09442	0.06696
240.33548	0.06683
240.57654	0.06673
240.81760	0.06665
241.05865	0.06660
241.29971	0.06655
241.54077	0.06648
241.78183	0.06635
242.02289	0.06615
242.26395	0.06586
242.50501	0.06545
242.74607	0.06494
242.98712	0.06434
243.22818	0.06366
243.46924	0.06293
243.71030	0.06218
243.95136	0.06143
244.19242	0.06070
244.43348	0.06002
244.67453	0.05938
244.91559	0.05878
245.15665	0.05822
245.39771	0.05768
245.63877	0.05715
245.87983	0.05663
246.12089	0.05612
246.36195	0.05561
246.60300	0.05512
246.84406	0.05467
247.08512	0.05427
247.32618	0.05392
247.56724	0.05362
247.80830	0.05336
248.04936	0.05312
248.29041	0.05288
248.53147	0.05261
248.77253	0.05229
249.01359	0.05191
249.25465	0.05146
249.49571	0.05096
249.73677	0.05041
249.97783	0.04983
250.21888	0.04925
250.45994	0.04866
250.70100	0.04810
250.94206	0.04756
251.18312	0.04703
251.42418	0.04653
251.66524	0.04603
251.90629	0.04554
252.14735	0.04505
252.38841	0.04456
252.62947	0.04408
252.87053	0.04362
253.11159	0.04318
253.35265	0.04277
253.59370	0.04242
253.83476	0.04212
254.07582	0.04186
254.31688	0.04165
254.55794	0.04147
254.79900	0.04130
255.04006	0.04113
255.28112	0.04095
255.52217	0.04073
255.76323	0.04049
256.00429	0.04021
256.24535	0.03991
256.48641	0.03960
256.72747	0.03928
256.96853	0.03895
257.20958	0.03863
257.45064	0.03830
257.69170	0.03798
257.93276	0.03765
258.17382	0.03730
258.41488	0.03695
258.65594	0.03657
258.89700	0.03618
259.13805	0.03578
259.37911	0.03536
259.62017	0.03495
259.86123	0.03455
260.10229	0.03417
260.34335	0.03381
260.58441	0.03348
260.82546	0.03318
261.06652	0.03291
261.30758	0.03266
261.54864	0.03243
261.78970	0.03221
262.03076	0.03199
262.27182	0.03176
262.51288	0.03154
262.75393	0.03131
262.99499	0.03108
263.23605	0.03085
263.47711	0.03063
263.71817	0.03041
263.95923	0.03020
264.20029	0.02998
264.44134	0.02976
264.68240	0.02952
264.92346	0.02926
265.16452	0.02898
265.40558	0.02867
265.64664	0.02833
265.88770	0.02797
266.12875	0.02759
266.36981	0.02720
266.61087	0.02680
266.85193	0.02640
267.09299	0.02601
267.33405	0.02562
267.57511	0.02525
267.81617	0.02489
268.05722	0.02454
268.29828	0.02420
268.53934	0.02386
268.78040	0.02353
269.02146	0.02320
269.26252	0.02289
269.50358	0.02258
269.74463	0.02230
269.98569	0.02204
270.22675	0.02180
270.46781	0.02159
270.70887	0.02140
270.94993	0.02123
271.19099	0.02106
271.43205	0.02089
271.67310	0.02071
271.91416	0.02052
272.15522	0.02031
272.39628	0.02008
272.63734	0.01983
272.87840	0.01957
273.11946	0.01929
273.36051	0.01901
273.60157	0.01873
273.84263	0.01844
274.08369	0.01815
274.32475	0.01787
274.56581	0.01759
274.80687	0.01731
275.04793	0.01704
275.28898	0.01678
275.53004	0.01654
275.77110	0.01631
276.01216	0.01611
276.25322	0.01594
276.49428	0.01581
276.73534	0.01571
276.97639	0.01565
277.21745	0.01562
277.45851	0.01561
277.69957	0.01561
277.94063	0.01562
278.18169	0.01562
278.42275	0.01561
278.66380	0.01558
278.90486	0.01554
279.14592	0.01547
279.38698	0.01539
279.62804	0.01529
279.86910	0.01518
280.11016	0.01506
280.35122	0.01493
280.59227	0.01480
280.83333	0.01466
281.07439	0.01452
281.31545	0.01437
281.55651	0.01423
281.79757	0.01410
282.03863	0.01397
282.27968	0.01385
282.52074	0.01375
282.76180	0.01366
283.00286	0.01359
283.24392	0.01353
283.48498	0.01349
283.72604	0.01345
283.96710	0.01342
284.20815	0.01339
284.44921	0.01335
284.69027	0.01330
284.93133	0.01324
285.17239	0.01317
285.41345	0.01308
285.65451	0.01298
285.89556	0.01287
286.13662	0.01275
286.37768	0.01262
286.61874	0.01249
286.85980	0.01236
287.10086	0.01222
287.34192	0.01209
287.58298	0.01195
287.82403	0.01182
288.06509	0.01170
288.30615	0.01157
288.54721	0.01145
288.78827	0.01132
289.02933	0.01120
289.27039	0.01108
289.51144	0.01095
289.75250	0.01082
289.99356	0.01068
290.23462	0.01055
290.47568	0.01040
290.71674	0.01026
290.95780	0.01011
291.19885	0.00996
291.43991	0.00981
291.68097	0.00967
291.92203	0.00953
292.16309	0.00939
292.40415	0.00927
292.64521	0.00915
292.88627	0.00905
293.12732	0.00896
293.36838	0.00888
293.60944	0.00881
293.85050	0.00874
294.09156	0.00868
294.33262	0.00861
294.57368	0.00854
294.81473	0.00846
295.05579	0.00838
295.29685	0.00828
295.53791	0.00817
295.77897	0.00806
296.02003	0.00794
296.26109	0.00781
296.50215	0.00768
296.74320	0.00756
296.98426	0.00743
297.22532	0.00731
297.46638	0.00720
297.70744	0.00709
297.94850	0.00699
298.18956	0.00689
298.43061	0.00681
298.67167	0.00674
298.91273	0.00668
299.15379	0.00664
299.39485	0.00660
299.63591	0.00658
299.87697	0.00657
300.11803	0.00657
300.35908	0.00656
300.60014	0.00656
300.84120	0.00655
301.08226	0.00653
301.32332	0.00649
301.56438	0.00644
301.80544	0.00638
302.04649	0.00630
302.28755	0.00621
302.52861	0.00611
302.76967	0.00601
303.01073	0.00590
303.25179	0.00580
303.49285	0.00571
303.73391	0.00562
303.97496	0.00553
304.21602	0.00546
304.45708	0.00539
304.69814	0.00533
304.93920	0.00528
305.18026	0.00525
305.42132	0.00522
305.66237	0.00521
305.90343	0.00521
306.14449	0.00521
306.38555	0.00523
306.62661	0.00524
306.86767	0.00525
307.10873	0.00526
307.34978	0.00526
307.59084	0.00525
307.83190	0.00522
308.07296	0.00518
308.31402	0.00514
308.55508	0.00508
308.79614	0.00501
309.03720	0.00494
309.27825	0.00487
309.51931	0.00480
309.76037	0.00473
310.00143	0.00466
310.24249	0.00459
310.48355	0.00453
310.72461	0.00448
310.96566	0.00443
311.20672	0.00439
311.44778	0.00435
311.68884	0.00433
311.92990	0.00430
312.17096	0.00428
312.41202	0.00426
312.65308	0.00424
312.89413	0.00422
313.13519	0.00420
313.37625	0.00416
313.61731	0.00412
313.85837	0.00407
314.09943	0.00402
314.34049	0.00395
314.58154	0.00389
314.82260	0.00382
315.06366	0.00375
315.30472	0.00368
315.54578	0.00362
315.78684	0.00356
316.02790	0.00351
316.26896	0.00346
316.51001	0.00341
316.75107	0.00337
316.99213	0.00333
317.23319	0.00329
317.47425	0.00326
317.71531	0.00322
317.95637	0.00318
318.19742	0.00314
318.43848	0.00310
318.67954	0.00306
318.92060	0.00301
319.16166	0.00296
319.40272	0.00291
319.64378	0.00286
319.88483	0.00281
320.12589	0.00276
320.36695	0.00271
320.60801	0.00266
320.84907	0.00262
321.09013	0.00258
321.33119	0.00255
321.57225	0.00252
321.81330	0.00249
322.05436	0.00246
322.29542	0.00243
322.53648	0.00241
322.77754	0.00238
323.01860	0.00236
323.25966	0.00234
323.50071	0.00232
323.74177	0.00230
323.98283	0.00228
324.22389	0.00227
324.46495	0.00226
324.70601	0.00225
324.94707	0.00223
325.18813	0.00222
325.42918	0.00221
325.67024	0.00220
325.91130	0.00218
326.15236	0.00216
326.39342	0.00213
326.63448	0.00211
326.87554	0.00208
327.11659	0.00205
327.35765	0.00202
327.59871	0.00199
327.83977	0.00197
328.08083	0.00195
328.32189	0.00193
328.56295	0.00191
328.80401	0.00190
329.04506	0.00190
329.28612	0.00189
329.52718	0.00189
329.76824	0.00188
330.00930	0.00188
330.25036	0.00187
330.49142	0.00186
330.73247	0.00185
330.97353	0.00183
331.21459	0.00181
331.45565	0.00178
331.69671	0.00175
331.93777	0.00172
332.17883	0.00169
332.41988	0.00166
332.66094	0.00163
332.90200	0.00160
333.14306	0.00157
333.38412	0.00154
333.62518	0.00151
333.86624	0.00149
334.10730	0.00146
334.34835	0.00145
334.58941	0.00143
334.83047	0.00142
335.07153	0.00141
335.31259	0.00141
335.55365	0.00140
335.79471	0.00141
336.03576	0.00141
336.27682	0.00141
336.51788	0.00141
336.75894	0.00141
337.00000	0.00140
337.24106	0.00139
337.48212	0.00138
337.72318	0.00137
337.96423	0.00135
338.20529	0.00134
338.44635	0.00132
338.68741	0.00131
338.92847	0.00129
339.16953	0.00128
339.41059	0.00127
339.65164	0.00127
339.89270	0.00127
340.13376	0.00126
340.37482	0.00126
340.61588	0.00126
340.85694	0.00126
341.09800	0.00125
341.33906	0.00124
341.58011	0.00123
341.82117	0.00121
342.06223	0.00119
342.30329	0.00116
342.54435	0.00113
342.78541	0.00111
343.02647	0.00108
343.26752	0.00105
343.50858	0.00103
343.74964	0.00100
343.99070	0.00099
344.23176	0.00097
344.47282	0.00096
344.71388	0.00095
344.95493	0.00094
345.19599	0.00094
345.43705	0.00094
345.67811	0.00094
345.91917	0.00094
346.16023	0.00094
346.40129	0.00095
346.64235	0.00095
346.88340	0.00095
347.12446	0.00095
347.36552	0.00095
347.60658	0.00095
347.84764	0.00095
348.08870	0.00094
348.32976	0.00094
348.57081	0.00094
348.81187	0.00094
349.05293	0.00094
349.29399	0.00094
349.53505	0.00094
349.77611	0.00094
350.01717	0.00094
350.25823	0.00094
350.49928	0.00094
350.74034	0.00094
350.98140	0.00093
351.22246	0.00092
351.46352	0.00092
351.70458	0.00091
351.94564	0.00090
352.18669	0.00090
352.42775	0.00089
352.66881	0.00089
352.90987	0.00089
353.15093	0.00089
353.39199	0.00089
353.63305	0.00089
353.87411	0.00089
354.11516	0.00090
354.35622	0.00090
354.59728	0.00089
354.83834	0.00089
355.07940	0.00089
355.32046	0.00088
355.56152	0.00087
355.80257	0.00085
356.04363	0.00084
356.28469	0.00082
356.52575	0.00080
356.76681	0.00078
357.00787	0.00076
357.24893	0.00074
357.48999	0.00072
357.73104	0.00071
357.97210	0.00070
358.21316	0.00070
358.45422	0.00069
358.69528	0.00070
358.93634	0.00070
359.17740	0.00071
359.41845	0.00072
359.65951	0.00073
359.90057	0.00074
360.14163	0.00074
360.38269	0.00074
360.62375	0.00074
360.86481	0.00074
361.10586	0.00073
361.34692	0.00072
361.58798	0.00071
361.82904	0.00069
362.07010	0.00068
362.31116	0.00067
362.55222	0.00065
362.79328	0.00065
363.03433	0.00064
363.27539	0.00064
363.51645	0.00065
363.75751	0.00067
363.99857	0.00069
364.23963	0.00071
364.48069	0.00074
364.72174	0.00077
364.96280	0.00079
365.20386	0.00081
365.44492	0.00083
365.68598	0.00084
365.92704	0.00084
366.16810	0.00084
366.40916	0.00083
366.65021	0.00082
366.89127	0.00081
367.13233	0.00079
367.37339	0.00077
367.61445	0.00075
367.85551	0.00074
368.09657	0.00073
368.33762	0.00072
368.57868	0.00072
368.81974	0.00072
369.06080	0.00073
369.30186	0.00073
369.54292	0.00074
369.78398	0.00075
370.02504	0.00075
370.26609	0.00075
370.50715	0.00075
370.74821	0.00075
370.98927	0.00075
371.23033	0.00074
371.47139	0.00073
371.71245	0.00073
371.95350	0.00072
372.19456	0.00071
372.43562	0.00071
372.67668	0.00070
372.91774	0.00070
373.15880	0.00070
373.39986	0.00070
373.64091	0.00070
373.88197	0.00070
374.12303	0.00071
374.36409	0.00071
374.60515	0.00071
374.84621	0.00071
375.08727	0.00071
375.32833	0.00071
375.56938	0.00070
375.81044	0.00069
376.05150	0.00068
376.29256	0.00067
376.53362	0.00065
376.77468	0.00064
377.01574	0.00063
377.25679	0.00062
377.49785	0.00062
377.73891	0.00061
377.97997	0.00061
378.22103	0.00062
378.46209	0.00062
378.70315	0.00063
378.94421	0.00065
379.18526	0.00066
379.42632	0.00068
379.66738	0.00069
379.90844	0.00070
380.14950	0.00071
380.39056	0.00072
380.63162	0.00072
380.87267	0.00072
381.11373	0.00072
381.35479	0.00071
381.59585	0.00070
381.83691	0.00068
382.07797	0.00067
382.31903	0.00065
382.56009	0.00064
382.80114	0.00062
383.04220	0.00061
383.28326	0.00060
383.52432	0.00059
383.76538	0.00059
384.00644	0.00059
384.24750	0.00060
384.48855	0.00061
384.72961	0.00062
384.97067	0.00063
385.21173	0.00064
385.45279	0.00065
385.69385	0.00065
385.93491	0.00066
386.17596	0.00065
386.41702	0.00065
386.65808	0.00064
386.89914	0.00062
387.14020	0.00061
387.38126	0.00059
387.62232	0.00057
387.86338	0.00055
388.10443	0.00053
388.34549	0.00052
388.58655	0.00050
388.82761	0.00049
389.06867	0.00048
389.30973	0.00048
389.55079	0.00048
389.79184	0.00049
390.03290	0.00049
390.27396	0.00050
390.51502	0.00052
390.75608	0.00053
390.99714	0.00054
391.23820	0.00055
391.47926	0.00055
391.72031	0.00055
391.96137	0.00055
392.20243	0.00054
392.44349	0.00054
392.68455	0.00053
392.92561	0.00052
393.16667	0.00050
393.40772	0.00049
393.64878	0.00048
393.88984	0.00046
394.13090	0.00045
394.37196	0.00043
394.61302	0.00042
394.85408	0.00041
395.09514	0.00040
395.33619	0.00039
395.57725	0.00039
395.81831	0.00039
396.05937	0.00040
396.30043	0.00040
396.54149	0.00041
396.78255	0.00042
397.02360	0.00043
397.26466	0.00044
397.50572	0.00045
397.74678	0.00045
397.98784	0.00045
398.22890	0.00045
398.46996	0.00044
398.71102	0.00043
398.95207	0.00043
399.19313	0.00042
399.43419	0.00041
399.67525	0.00041
399.91631	0.00040
400.15737	0.00040
400.39843	0.00040
400.63948	0.00039
400.88054	0.00039
401.12160	0.00038
401.36266	0.00038
401.60372	0.00038
401.84478	0.00038
402.08584	0.00038
402.32689	0.00038
402.56795	0.00039
402.80901	0.00039
403.05007	0.00040
403.29113	0.00040
403.53219	0.00039
403.77325	0.00039
404.01431	0.00038
404.25536	0.00037
404.49642	0.00036
404.73748	0.00035
404.97854	0.00034
405.21960	0.00033
405.46066	0.00033
405.70172	0.00033
405.94277	0.00034
406.18383	0.00035
406.42489	0.00036
406.66595	0.00036
406.90701	0.00037
407.14807	0.00037
407.38913	0.00037
407.63019	0.00036
407.87124	0.00035
408.11230	0.00034
408.35336	0.00032
408.59442	0.00031
408.83548	0.00029
409.07654	0.00028
409.31760	0.00027
409.55865	0.00027
409.79971	0.00027
410.04077	0.00028
410.28183	0.00029
410.52289	0.00030
410.76395	0.00031
411.00501	0.00032
411.24607	0.00033
411.48712	0.00034
411.72818	0.00034
411.96924	0.00034
412.21030	0.00034
412.45136	0.00033
412.69242	0.00033
412.93348	0.00032
413.17453	0.00030
413.41559	0.00029
413.65665	0.00028
413.89771	0.00027
414.13877	0.00026
414.37983	0.00026
414.62089	0.00025
414.86194	0.00025
415.10300	0.00025
415.34406	0.00025
415.58512	0.00026
415.82618	0.00026
416.06724	0.00027
416.30830	0.00027
416.54936	0.00028
416.79041	0.00028
417.03147	0.00028
417.27253	0.00028
417.51359	0.00027
417.75465	0.00027
417.99571	0.00026
418.23677	0.00025
418.47782	0.00025
418.71888	0.00024
418.95994	0.00024
419.20100	0.00024
419.44206	0.00024
419.68312	0.00024
419.92418	0.00024
420.16524	0.00024
420.40629	0.00024
420.64735	0.00024
420.88841	0.00024
421.12947	0.00024
421.37053	0.00024
421.61159	0.00025
421.85265	0.00025
422.09370	0.00026
422.33476	0.00026
422.57582	0.00026
422.81688	0.00026
423.05794	0.00026
423.29900	0.00026
423.54006	0.00025
423.78112	0.00024
424.02217	0.00024
424.26323	0.00023
424.50429	0.00023
424.74535	0.00022
424.98641	0.00023
425.22747	0.00023
425.46853	0.00024
425.70958	0.00026
425.95064	0.00027
426.19170	0.00029
426.43276	0.00030
426.67382	0.00031
426.91488	0.00032
427.15594	0.00032
427.39699	0.00032
427.63805	0.00031
427.87911	0.00030
428.12017	0.00028
428.36123	0.00027
428.60229	0.00025
428.84335	0.00024
429.08441	0.00022
429.32546	0.00022
429.56652	0.00021
429.80758	0.00021
430.04864	0.00022
430.28970	0.00022
430.53076	0.00023
430.77182	0.00023
431.01287	0.00024
431.25393	0.00023
431.49499	0.00023
431.73605	0.00022
431.97711	0.00021
432.21817	0.00020
432.45923	0.00019
432.70029	0.00018
432.94134	0.00018
433.18240	0.00018
433.42346	0.00018
433.66452	0.00018
433.90558	0.00019
434.14664	0.00020
434.38770	0.00020
434.62875	0.00020
434.86981	0.00020
435.11087	0.00020
435.35193	0.00019
435.59299	0.00019
435.83405	0.00019
436.07511	0.00019
436.31617	0.00019
436.55722	0.00019
436.79828	0.00019
437.03934	0.00019
437.28040	0.00018
437.52146	0.00018
437.76252	0.00018
438.00358	0.00017
438.24463	0.00017
438.48569	0.00017
438.72675	0.00016
438.96781	0.00017
439.20887	0.00017
439.44993	0.00017
439.69099	0.00018
439.93204	0.00019
440.17310	0.00020
440.41416	0.00022
440.65522	0.00023
440.89628	0.00024
441.13734	0.00025
441.37840	0.00027
441.61946	0.00028
441.86051	0.00028
442.10157	0.00029
442.34263	0.00030
442.58369	0.00030
442.82475	0.00031
443.06581	0.00031
443.30687	0.00031
443.54792	0.00031
443.78898	0.00030
444.03004	0.00030
444.27110	0.00030
444.51216	0.00029
444.75322	0.00029
444.99428	0.00028
445.23534	0.00027
445.47639	0.00026
445.71745	0.00025
445.95851	0.00024
446.19957	0.00022
446.44063	0.00021
446.68169	0.00020
446.92275	0.00019
447.16380	0.00018
447.40486	0.00017
447.64592	0.00016
447.88698	0.00016
448.12804	0.00015
448.36910	0.00015
448.61016	0.00015
448.85122	0.00014
449.09227	0.00014
449.33333	0.00014
449.57439	0.00014
449.81545	0.00013
450.05651	0.00013
450.29757	0.00013
450.53863	0.00013
450.77968	0.00014
451.02074	0.00014
451.26180	0.00015
451.50286	0.00015
451.74392	0.00016
451.98498	0.00016
452.22604	0.00016
452.46710	0.00017
452.70815	0.00017
452.94921	0.00016
453.19027	0.00016
453.43133	0.00016
453.67239	0.00015
453.91345	0.00015
454.15451	0.00015
454.39556	0.00015
454.63662	0.00015
454.87768	0.00015
455.11874	0.00015
455.35980	0.00015
455.60086	0.00015
455.84192	0.00014
456.08297	0.00014
456.32403	0.00014
456.56509	0.00014
456.80615	0.00014
457.04721	0.00015
457.28827	0.00016
457.52933	0.00017
457.77039	0.00018
458.01144	0.00019
458.25250	0.00020
458.49356	0.00021
458.73462	0.00022
458.97568	0.00023
459.21674	0.00023
459.45780	0.00023
459.69885	0.00022
459.93991	0.00022
460.18097	0.00021
460.42203	0.00020
460.66309	0.00020
460.90415	0.00019
461.14521	0.00018
461.38627	0.00018
461.62732	0.00018
461.86838	0.00018
462.10944	0.00019
462.35050	0.00019
462.59156	0.00019
462.83262	0.00020
463.07368	0.00020
463.31473	0.00020
463.55579	0.00020
463.79685	0.00019
464.03791	0.00019
464.27897	0.00018
464.52003	0.00018
464.76109	0.00017
465.00215	0.00017
465.24320	0.00017
465.48426	0.00017
465.72532	0.00017
465.96638	0.00018
466.20744	0.00018
466.44850	0.00018
466.68956	0.00018
466.93061	0.00018
467.17167	0.00018
467.41273	0.00018
467.65379	0.00018
467.89485	0.00018
468.13591	0.00018
468.37697	0.00018
468.61802	0.00018
468.85908	0.00018
469.10014	0.00018
469.34120	0.00017
469.58226	0.00017
469.82332	0.00016
470.06438	0.00015
470.30544	0.00014
470.54649	0.00013
470.78755	0.00013
471.02861	0.00012
471.26967	0.00012
471.51073	0.00012
471.75179	0.00012
471.99285	0.00013
472.23390	0.00014
472.47496	0.00014
472.71602	0.00015
472.95708	0.00016
473.19814	0.00017
473.43920	0.00017
473.68026	0.00017
473.92132	0.00017
474.16237	0.00017
474.40343	0.00017
474.64449	0.00016
474.88555	0.00016
475.12661	0.00016
475.36767	0.00015
475.60873	0.00015
475.84978	0.00015
476.09084	0.00015
476.33190	0.00015
476.57296	0.00014
476.81402	0.00014
477.05508	0.00013
477.29614	0.00013
477.53720	0.00013
477.77825	0.00012
478.01931	0.00012
478.26037	0.00012
478.50143	0.00012
478.74249	0.00012
478.98355	0.00012
479.22461	0.00012
479.46566	0.00013
479.70672	0.00013
479.94778	0.00013
480.18884	0.00013
480.42990	0.00013
480.67096	0.00013
480.91202	0.00013
481.15307	0.00013
481.39413	0.00013
481.63519	0.00013
481.87625	0.00013
482.11731	0.00013
482.35837	0.00013
482.59943	0.00013
482.84049	0.00013
483.08154	0.00013
483.32260	0.00013
483.56366	0.00013
483.80472	0.00012
484.04578	0.00012
484.28684	0.00011
484.52790	0.00010
484.76895	0.00009
485.01001	0.00009
485.25107	0.00008
485.49213	0.00007
485.73319	0.00007
485.97425	0.00007
486.21531	0.00007
486.45637	0.00007
486.69742	0.00007
486.93848	0.00008
487.17954	0.00008
487.42060	0.00009
487.66166	0.00010
487.90272	0.00011
488.14378	0.00012
488.38483	0.00013
488.62589	0.00014
488.86695	0.00014
489.10801	0.00015
489.34907	0.00015
489.59013	0.00015
489.83119	0.00015
490.07225	0.00014
490.31330	0.00013
490.55436	0.00012
490.79542	0.00011
491.03648	0.00010
491.27754	0.00010
491.51860	0.00009
491.75966	0.00008
492.00071	0.00008
492.24177	0.00007
492.48283	0.00007
492.72389	0.00007
492.96495	0.00007
493.20601	0.00007
493.44707	0.00007
493.68812	0.00008
493.92918	0.00008
494.17024	0.00008
494.41130	0.00009
494.65236	0.00010
494.89342	0.00010
495.13448	0.00011
495.37554	0.00011
495.61659	0.00012
495.85765	0.00012
496.09871	0.00012
496.33977	0.00012
496.58083	0.00011
496.82189	0.00011
497.06295	0.00010
497.30400	0.00009
497.54506	0.00009
497.78612	0.00008
498.02718	0.00008
498.26824	0.00007
498.50930	0.00007
498.75036	0.00007
498.99142	0.00008
499.23247	0.00008
499.47353	0.00008
499.71459	0.00008
499.95565	0.00008
500.19671	0.00008
500.43777	0.00008
500.67883	0.00008
500.91988	0.00008
501.16094	0.00008
501.40200	0.00009
501.64306	0.00010
501.88412	0.00011
502.12518	0.00012
502.36624	0.00013
502.60730	0.00014
502.84835	0.00015
503.08941	0.00015
503.33047	0.00015
503.57153	0.00014
503.81259	0.00014
504.05365	0.00012
504.29471	0.00011
504.53576	0.00010
504.77682	0.00008
505.01788	0.00007
505.25894	0.00006
505.50000	0.00005
505.74106	0.00005
505.98212	0.00005
506.22318	0.00005
506.46423	0.00006
506.70529	0.00006
506.94635	0.00007
507.18741	0.00008
507.42847	0.00009
507.66953	0.00009
507.91059	0.00010
508.15164	0.00010
508.39270	0.00010
508.63376	0.00010
508.87482	0.00010
509.11588	0.00010
509.35694	0.00009
509.59800	0.00009
509.83905	0.00008
510.08011	0.00008
510.32117	0.00007
510.56223	0.00006
510.80329	0.00005
511.04435	0.00004
511.28541	0.00003
511.52647	0.00002
511.76752	0.00002
512.00858	0.00002
512.24964	0.00003
512.49070	0.00004
512.73176	0.00006
512.97282	0.00007
513.21388	0.00009
513.45493	0.00011
513.69599	0.00013
513.93705	0.00014
514.17811	0.00015
514.41917	0.00016
514.66023	0.00016
514.90129	0.00015
515.14235	0.00015
515.38340	0.00014
515.62446	0.00013
515.86552	0.00012
516.10658	0.00011
516.34764	0.00010
516.58870	0.00010
516.82976	0.00010
517.07081	0.00009
517.31187	0.00009
517.55293	0.00009
517.79399	0.00010
518.03505	0.00010
518.27611	0.00010
518.51717	0.00010
518.75823	0.00010
518.99928	0.00010
519.24034	0.00010
519.48140	0.00010
519.72246	0.00010
519.96352	0.00010
520.20458	0.00011
520.44564	0.00011
520.68669	0.00011
520.92775	0.00012
521.16881	0.00012
521.40987	0.00011
521.65093	0.00011
521.89199	0.00009
522.13305	0.00008
522.37410	0.00007
522.61516	0.00005
522.85622	0.00004
523.09728	0.00004
523.33834	0.00004
523.57940	0.00005
523.82046	0.00006
524.06152	0.00007
524.30257	0.00008
524.54363	0.00009
524.78469	0.00009
525.02575	0.00008
525.26681	0.00008
525.50787	0.00007
525.74893	0.00007
525.98998	0.00007
526.23104	0.00007
526.47210	0.00007
526.71316	0.00007
526.95422	0.00007
527.19528	0.00006
527.43634	0.00006
527.67740	0.00005
527.91845	0.00004
528.15951	0.00004
528.40057	0.00003
528.64163	0.00002
528.88269	0.00002
529.12375	0.00002
529.36481	0.00002
529.60586	0.00003
529.84692	0.00003
530.08798	0.00003
530.32904	0.00004
530.57010	0.00004
530.81116	0.00004
531.05222	0.00004
531.29328	0.00005
531.53433	0.00005
531.77539	0.00005
532.01645	0.00006
532.25751	0.00006
532.49857	0.00007
532.73963	0.00007
532.98069	0.00007
533.22174	0.00007
533.46280	0.00007
533.70386	0.00007
533.94492	0.00006
534.18598	0.00006
534.42704	0.00006
534.66810	0.00005
534.90915	0.00005
535.15021	0.00005
535.39127	0.00004
535.63233	0.00004
535.87339	0.00004
536.11445	0.00004
536.35551	0.00004
536.59657	0.00004
536.83762	0.00004
537.07868	0.00004
537.31974	0.00005
537.56080	0.00005
537.80186	0.00005
538.04292	0.00005
538.28398	0.00005
538.52503	0.00005
538.76609	0.00004
539.00715	0.00004
539.24821	0.00004
539.48927	0.00004
539.73033	0.00004
539.97139	0.00004
540.21245	0.00004
540.45350	0.00005
540.69456	0.00005
540.93562	0.00006
541.17668	0.00006
541.41774	0.00006
541.65880	0.00007
541.89986	0.00007
542.14091	0.00007
542.38197	0.00007
542.62303	0.00007
542.86409	0.00007
543.10515	0.00007
543.34621	0.00008
543.58727	0.00008
543.82833	0.00008
544.06938	0.00009
544.31044	0.00009
544.55150	0.00009
544.79256	0.00010
545.03362	0.00010
545.27468	0.00010
545.51574	0.00010
545.75679	0.00009
545.99785	0.00009
546.23891	0.00009
546.47997	0.00009
546.72103	0.00009
546.96209	0.00008
547.20315	0.00008
547.44421	0.00008
547.68526	0.00007
547.92632	0.00007
548.16738	0.00007
548.40844	0.00006
548.64950	0.00006
548.89056	0.00006
549.13162	0.00006
549.37267	0.00005
549.61373	0.00005
549.85479	0.00004
550.09585	0.00004
550.33691	0.00003
550.57797	0.00003
550.81903	0.00002
551.06008	0.00002
551.30114	0.00002
551.54220	0.00002
551.78326	0.00002
552.02432	0.00003
552.26538	0.00003
552.50644	0.00004
552.74750	0.00004
552.98855	0.00005
553.22961	0.00005
553.47067	0.00006
553.71173	0.00006
553.95279	0.00007
554.19385	0.00007
554.43491	0.00007
554.67596	0.00007
554.91702	0.00007
555.15808	0.00006
555.39914	0.00006
555.64020	0.00005
555.88126	0.00004
556.12232	0.00003
556.36338	0.00003
556.60443	0.00002
556.84549	0.00001
557.08655	0.00001
557.32761	0.00001
557.56867	0.00002
557.80973	0.00002
558.05079	0.00002
558.29184	0.00002
558.53290	0.00003
558.77396	0.00003
559.01502	0.00003
559.25608	0.00003
559.49714	0.00003
559.73820	0.00003
559.97926	0.00003
560.22031	0.00004
560.46137	0.00004
560.70243	0.00005
560.94349	0.00006
561.18455	0.00008
561.42561	0.00009
561.66667	0.00010
561.90772	0.00010
562.14878	0.00010
562.38984	0.00010
562.63090	0.00009
562.87196	0.00008
563.11302	0.00007
563.35408	0.00006
563.59513	0.00005
563.83619	0.00005
564.07725	0.00004
564.31831	0.00005
564.55937	0.00005
564.80043	0.00005
565.04149	0.00006
565.28255	0.00006
565.52360	0.00006
565.76466	0.00006
566.00572	0.00006
566.24678	0.00006
566.48784	0.00006
566.72890	0.00006
566.96996	0.00006
567.21101	0.00006
567.45207	0.00006
567.69313	0.00006
567.93419	0.00007
568.17525	0.00007
568.41631	0.00007
568.65737	0.00007
568.89843	0.00008
569.13948	0.00008
569.38054	0.00008
569.62160	0.00008
569.86266	0.00007
570.10372	0.00007
570.34478	0.00007
570.58584	0.00007
570.82689	0.00007
571.06795	0.00007
571.30901	0.00007
571.55007	0.00007
571.79113	0.00006
572.03219	0.00006
572.27325	0.00005
572.51431	0.00004
572.75536	0.00004
572.99642	0.00003
573.23748	0.00003
573.47854	0.00002
573.71960	0.00002
573.96066	0.00003
574.20172	0.00004
574.44277	0.00005
574.68383	0.00006
574.92489	0.00006
575.16595	0.00007
575.40701	0.00007
575.64807	0.00007
575.88913	0.00006
576.13018	0.00006
576.37124	0.00006
576.61230	0.00005
576.85336	0.00005
577.09442	0.00005
577.33548	0.00005
577.57654	0.00005
577.81760	0.00005
578.05865	0.00006
578.29971	0.00006
578.54077	0.00006
578.78183	0.00006
579.02289	0.00006
579.26395	0.00006
579.50501	0.00005
579.74606	0.00005
579.98712	0.00005
580.22818	0.00004
580.46924	0.00004
580.71030	0.00004
580.95136	0.00005
581.19242	0.00005
581.43348	0.00005
581.67453	0.00005
581.91559	0.00005
582.15665	0.00005
582.39771	0.00004
582.63877	0.00004
582.87983	0.00003
583.12089	0.00003
583.36194	0.00003
583.60300	0.00003
583.84406	0.00003
584.08512	0.00003
584.32618	0.00004
584.56724	0.00004
584.80830	0.00005
585.04936	0.00005
585.29041	0.00004
585.53147	0.00004
585.77253	0.00003
586.01359	0.00002
586.25465	0.00001
586.49571	-0.00000
586.73677	-0.00000
586.97782	0.00001
587.21888	0.00002
587.45994	0.00004
587.70100	0.00005
587.94206	0.00006
588.18312	0.00007
588.42418	0.00007
588.66523	0.00007
588.90629	0.00007
589.14735	0.00006
589.38841	0.00006
589.62947	0.00006
589.87053	0.00005
590.11159	0.00005
590.35265	0.00005
590.59370	0.00005
590.83476	0.00005
591.07582	0.00005
591.31688	0.00005
591.55794	0.00006
591.79900	0.00006
592.04006	0.00006
592.28111	0.00006
592.52217	0.00006
592.76323	0.00006
593.00429	0.00006
593.24535	0.00006
593.48641	0.00006
593.72747	0.00007
593.96853	0.00007
594.20958	0.00008
594.45064	0.00009
594.69170	0.00010
594.93276	0.00010
595.17382	0.00011
595.41488	0.00011
595.65594	0.00011
595.89699	0.00011
596.13805	0.00010
596.37911	0.00008
596.62017	0.00007
596.86123	0.00006
597.10229	0.00004
597.34335	0.00004
597.58441	0.00003
597.82546	0.00003
598.06652	0.00002
598.30758	0.00002
598.54864	0.00001
598.78970	0.00001
599.03076	0.00001
599.27182	0.00002
599.51287	0.00003
599.75393	0.00004
599.99499	0.00005
600.23605	0.00006
600.47711	0.00007
600.71817	0.00007
600.95923	0.00008
601.20029	0.00008
601.44134	0.00007
601.68240	0.00007
601.92346	0.00006
602.16452	0.00005
602.40558	0.00004
602.64664	0.00003
602.88770	0.00002
603.12875	0.00002
603.36981	0.00002
603.61087	0.00002
603.85193	0.00001
604.09299	0.00001
604.33405	0.00001
604.57511	0.00001
604.81616	0.00002
605.05722	0.00003
605.29828	0.00004
605.53934	0.00005
605.78040	0.00005
606.02146	0.00005
606.26252	0.00005
606.50358	0.00005
606.74463	0.00005
606.98569	0.00005
607.22675	0.00005
607.46781	0.00005
607.70887	0.00005
607.94993	0.00005
608.19099	0.00004
608.43204	0.00004
608.67310	0.00004
608.91416	0.00003
609.15522	0.00003
609.39628	0.00003
609.63734	0.00003
609.87840	0.00003
610.11946	0.00003
610.36051	0.00003
610.60157	0.00003
610.84263	0.00004
611.08369	0.00004
611.32475	0.00004
611.56581	0.00005
611.80687	0.00005
612.04792	0.00005
612.28898	0.00005
612.53004	0.00005
612.77110	0.00005
613.01216	0.00005
613.25322	0.00005
613.49428	0.00004
613.73534	0.00004
613.97639	0.00003
614.21745	0.00003
614.45851	0.00003
614.69957	0.00002
614.94063	0.00002
615.18169	0.00002
615.42275	0.00003
615.66380	0.00003
615.90486	0.00004
616.14592	0.00004
616.38698	0.00005
616.62804	0.00005
616.86910	0.00006
617.11016	0.00006
617.35121	0.00006
617.59227	0.00005
617.83333	0.00005
618.07439	0.00005
618.31545	0.00004
618.55651	0.00004
618.79757	0.00004
619.03863	0.00004
619.27968	0.00004
619.52074	0.00004
619.76180	0.00005
620.00286	0.00005
620.24392	0.00005
620.48498	0.00005
620.72604	0.00005
620.96709	0.00004
621.20815	0.00004
621.44921	0.00004
621.69027	0.00003
621.93133	0.00003
622.17239	0.00003
622.41345	0.00003
622.65451	0.00003
622.89556	0.00003
623.13662	0.00003
623.37768	0.00003
623.61874	0.00002
623.85980	0.00002
624.10086	0.00002
624.34192	0.00002
624.58297	0.00003
624.82403	0.00003
625.06509	0.00004
625.30615	0.00004
625.54721	0.00005
625.78827	0.00006
626.02933	0.00006
626.27039	0.00006
626.51144	0.00007
626.75250	0.00007
626.99356	0.00006
627.23462	0.00006
627.47568	0.00005
627.71674	0.00005
627.95780	0.00004
628.19885	0.00004
628.43991	0.00003
628.68097	0.00003
628.92203	0.00002
629.16309	0.00002
629.40415	0.00002
629.64521	0.00002
629.88626	0.00003
630.12732	0.00003
630.36838	0.00004
630.60944	0.00005
630.85050	0.00006
631.09156	0.00006
631.33262	0.00006
631.57368	0.00006
631.81473	0.00006
632.05579	0.00005
632.29685	0.00004
632.53791	0.00003
632.77897	0.00002
633.02003	0.00002
633.26109	0.00002
633.50214	0.00002
633.74320	0.00002
633.98426	0.00003
634.22532	0.00004
634.46638	0.00004
634.70744	0.00005
634.94850	0.00005
635.18956	0.00005
635.43061	0.00005
635.67167	0.00004
635.91273	0.00003
636.15379	0.00002
636.39485	0.00001
636.63591	-0.00000
636.87697	-0.00001
637.11802	-0.00001
637.35908	-0.00000
637.60014	0.00001
637.84120	0.00002
638.08226	0.00003
638.32332	0.00004
638.56438	0.00005
638.80544	0.00005
639.04649	0.00006
639.28755	0.00005
639.52861	0.00005
639.76967	0.00005
640.01073	0.00004
640.25179	0.00003
640.49285	0.00003
640.73390	0.00003
640.97496	0.00002
641.21602	0.00002
641.45708	0.00001
641.69814	0.00001
641.93920	0.00001
642.18026	0.00001
642.42132	0.00001
642.66237	0.00000
642.90343	0.00000
643.14449	0.00000
643.38555	0.00000
643.62661	0.00000
643.86767	0.00001
644.10873	0.00001
644.34978	0.00001
644.59084	0.00002
644.83190	0.00003
645.07296	0.00003
645.31402	0.00004
645.55508	0.00005
645.79614	0.00006
646.03719	0.00007
646.27825	0.00007
646.51931	0.00007
646.76037	0.00007
647.00143	0.00006
647.24249	0.00006
647.48355	0.00005
647.72461	0.00004
647.96566	0.00004
648.20672	0.00004
648.44778	0.00004
648.68884	0.00005
648.92990	0.00005
649.17096	0.00006
649.41202	0.00006
649.65307	0.00007
649.89413	0.00007
650.13519	0.00007
650.37625	0.00007
650.61731	0.00007
650.85837	0.00006
651.09943	0.00006
651.34049	0.00005
651.58154	0.00004
651.82260	0.00004
652.06366	0.00003
652.30472	0.00002
652.54578	0.00002
652.78684	0.00001
653.02790	0.00001
653.26895	0.00001
653.51001	0.00001
653.75107	0.00001
653.99213	0.00002
654.23319	0.00002
654.47425	0.00003
654.71531	0.00004
654.95637	0.00005
655.19742	0.00006
655.43848	0.00006
655.67954	0.00006
655.92060	0.00006
656.16166	0.00005
656.40272	0.00004
656.64378	0.00004
656.88483	0.00003
657.12589	0.00003
657.36695	0.00003
657.60801	0.00003
657.84907	0.00003
658.09013	0.00003
658.33119	0.00004
658.57224	0.00004
658.81330	0.00004
659.05436	0.00004
659.29542	0.00004
659.53648	0.00004
659.77754	0.00003
660.01860	0.00002
660.25966	0.00002
660.50071	0.00001
660.74177	0.00002
660.98283	0.00003
661.22389	0.00004
661.46495	0.00006
661.70601	0.00007
661.94707	0.00008
662.18812	0.00008
662.42918	0.00009
662.67024	0.00009
662.91130	0.00009
663.15236	0.00008
663.39342	0.00008
663.63448	0.00007
663.87554	0.00007
664.11659	0.00006
664.35765	0.00005
664.59871	0.00004
664.83977	0.00004
665.08083	0.00003
665.32189	0.00002
665.56295	0.00002
665.80400	0.00001
666.04506	0.00000
666.28612	0.00000
666.52718	0.00000
666.76824	0.00000
667.00930	0.00001
667.25036	0.00002
667.49142	0.00003
667.73247	0.00004
667.97353	0.00005
668.21459	0.00005
668.45565	0.00006
668.69671	0.00007
668.93777	0.00007
669.17883	0.00007
669.41988	0.00007
669.66094	0.00007
669.90200	0.00007
670.14306	0.00007
670.38412	0.00006
670.62518	0.00006
670.86624	0.00006
671.10729	0.00005
671.34835	0.00005
671.58941	0.00004
671.83047	0.00004
672.07153	0.00003
672.31259	0.00003
672.55365	0.00002
672.79471	0.00002
673.03576	0.00002
673.27682	0.00002
673.51788	0.00002
673.75894	0.00002
674.00000	0.00002
674.24106	0.00002
674.48212	0.00003
674.72317	0.00003
674.96423	0.00003
675.20529	0.00003
675.44635	0.00003
675.68741	0.00002
675.92847	0.00002
676.16953	0.00001
676.41059	0.00001
676.65164	0.00001
676.89270	0.00000
677.13376	0.00000
677.37482	0.00000
677.61588	0.00001
677.85694	0.00001
678.09800	0.00002
678.33905	0.00002
678.58011	0.00003
678.82117	0.00003
679.06223	0.00004
679.30329	0.00004
679.54435	0.00004
679.78541	0.00004
680.02647	0.00003
680.26752	0.00003
680.50858	0.00003
680.74964	0.00003
680.99070	0.00003
681.23176	0.00003
681.47282	0.00003
681.71388	0.00003
681.95493	0.00004
682.19599	0.00004
682.43705	0.00004
682.67811	0.00004
682.91917	0.00004
683.16023	0.00004
683.40129	0.00003
683.64234	0.00003
683.88340	0.00003
684.12446	0.00003
684.36552	0.00003
684.60658	0.00003
684.84764	0.00003
685.08870	0.00004
685.32976	0.00004
685.57081	0.00005
685.81187	0.00005
686.05293	0.00005
686.29399	0.00005
686.53505	0.00005
686.77611	0.00004
687.01717	0.00004
687.25822	0.00004
687.49928	0.00004
687.74034	0.00004
687.98140	0.00003
688.22246	0.00003
688.46352	0.00004
688.70458	0.00004
688.94564	0.00004
689.18669	0.00004
689.42775	0.00005
689.66881	0.00006
689.90987	0.00006
690.15093	0.00006
690.39199	0.00007
690.63305	0.00006
690.87410	0.00006
691.11516	0.00006
691.35622	0.00005
691.59728	0.00005
691.83834	0.00004
692.07940	0.00003
692.32046	0.00003
692.56152	0.00003
692.80257	0.00002
693.04363	0.00002
693.28469	0.00002
693.52575	0.00003
693.76681	0.00003
694.00787	0.00004
694.24893	0.00004
694.48998	0.00005
694.73104	0.00006
694.97210	0.00006
695.21316	0.00005
695.45422	0.00004
695.69528	0.00003
695.93634	0.00002
696.17740	0.00001
696.41845	0.00001
696.65951	0.00001
696.90057	0.00002
697.14163	0.00002
697.38269	0.00003
697.62375	0.00003
697.86481	0.00004
698.10586	0.00004
698.34692	0.00004
698.58798	0.00004
698.82904	0.00004
699.07010	0.00004
699.31116	0.00004
699.55222	0.00005
699.79327	0.00005
700.03433	0.00005
700.27539	0.00004
700.51645	0.00004
700.75751	0.00004
700.99857	0.00004
701.23963	0.00003
701.48069	0.00003
701.72174	0.00003
701.96280	0.00003
702.20386	0.00002
702.44492	0.00002
702.68598	0.00002
702.92704	0.00002
703.16810	0.00003
703.40915	0.00003
703.65021	0.00003
703.89127	0.00003
704.13233	0.00003
704.37339	0.00003
704.61445	0.00004
704.85551	0.00004
705.09657	0.00004
705.33762	0.00004
705.57868	0.00005
705.81974	0.00005
706.06080	0.00006
706.30186	0.00006
706.54292	0.00006
706.78398	0.00007
707.02503	0.00008
707.26609	0.00008
707.50715	0.00009
707.74821	0.00010
707.98927	0.00010
708.23033	0.00010
708.47139	0.00010
708.71245	0.00010
708.95350	0.00010
709.19456	0.00009
709.43562	0.00009
709.67668	0.00008
709.91774	0.00007
710.15880	0.00006
710.39986	0.00006
710.64091	0.00005
710.88197	0.00005
711.12303	0.00004
711.36409	0.00004
711.60515	0.00004
711.84621	0.00004
712.08727	0.00005
712.32832	0.00005
712.56938	0.00006
712.81044	0.00006
713.05150	0.00006
713.29256	0.00006
713.53362	0.00006
713.77468	0.00006
714.01574	0.00005
714.25679	0.00005
714.49785	0.00004
714.73891	0.00004
714.97997	0.00003
715.22103	0.00002
715.46209	0.00002
715.70315	0.00002
715.94420	0.00002
716.18526	0.00001
716.42632	0.00001
716.66738	0.00001
716.90844	0.00001
717.14950	0.00001
717.39056	0.00001
717.63162	0.00001
717.87267	0.00001
718.11373	0.00001
718.35479	0.00002
718.59585	0.00004
718.83691	0.00005
719.07797	0.00005
719.31903	0.00006
719.56008	0.00005
719.80114	0.00004
720.04220	0.00003
720.28326	0.00002
720.52432	0.00001
720.76538	0.00000
721.00644	-0.00000
721.24750	-0.00000
721.48855	-0.00000
721.72961	0.00001
721.97067	0.00001
722.21173	0.00003
722.45279	0.00004
722.69385	0.00005
722.93491	0.00005
723.17596	0.00006
723.41702	0.00005
723.65808	0.00005
723.89914	0.00004
724.14020	0.00004
724.38126	0.00003
724.62232	0.00002
724.86337	0.00001
725.10443	0.00001
725.34549	0.00001
725.58655	0.00001
725.82761	0.00001
726.06867	0.00001
726.30973	0.00002
726.55079	0.00003
726.79184	0.00003
727.03290	0.00004
727.27396	0.00005
727.51502	0.00005
727.75608	0.00005
727.99714	0.00005
728.23820	0.00005
728.47925	0.00004
728.72031	0.00004
728.96137	0.00003
729.20243	0.00002
729.44349	0.00002
729.68455	0.00001
729.92561	0.00001
730.16667	0.00002
730.40772	0.00002
730.64878	0.00002
730.88984	0.00003
731.13090	0.00002
731.37196	0.00002
731.61302	0.00002
731.85408	0.00002
732.09513	0.00002
732.33619	0.00002
732.57725	0.00002
732.81831	0.00003
733.05937	0.00003
733.30043	0.00003
733.54149	0.00003
733.78255	0.00002
734.02360	0.00001
734.26466	0.00001
734.50572	0.00002
734.74678	0.00004
734.98784	0.00005
735.22890	0.00006
735.46996	0.00007
735.71101	0.00008
735.95207	0.00008
736.19313	0.00007
736.43419	0.00006
736.67525	0.00005
736.91631	0.00004
737.15737	0.00003
737.39842	0.00003
737.63948	0.00003
737.88054	0.00003
738.12160	0.00003
738.36266	0.00003
738.60372	0.00004
738.84478	0.00004
739.08584	0.00004
739.32689	0.00004
739.56795	0.00004
739.80901	0.00004
740.05007	0.00004
740.29113	0.00004
740.53219	0.00005
740.77325	0.00005
741.01430	0.00005
741.25536	0.00005
741.49642	0.00005
741.73748	0.00005
741.97854	0.00005
742.21960	0.00005
742.46066	0.00005
742.70172	0.00004
742.94277	0.00004
743.18383	0.00003
743.42489	0.00003
743.66595	0.00002
743.90701	0.00002
744.14807	0.00001
744.38913	0.00001
744.63018	0.00001
744.87124	0.00001
745.11230	0.00001
745.35336	0.00002
745.59442	0.00002
745.83548	0.00003
746.07654	0.00003
746.31760	0.00003
746.55865	0.00004
746.79971	0.00004
747.04077	0.00003
747.28183	0.00003
747.52289	0.00003
747.76395	0.00003
748.00501	0.00002
748.24606	0.00002
748.48712	0.00002
748.72818	0.00002
748.96924	0.00001
749.21030	0.00001
749.45136	0.00000
749.69242	0.00000
749.93348	-0.00000
750.17453	-0.00000
750.41559	-0.00000
750.65665	-0.00000
750.89771	-0.00000
751.13877	0.00000
751.37983	0.00000
751.62089	0.00001
751.86194	0.00001
752.10300	0.00001
752.34406	0.00001
752.58512	0.00001
752.82618	0.00001
753.06724	0.00001
753.30830	0.00002
753.54935	0.00002
753.79041	0.00003
754.03147	0.00004
754.27253	0.00004
754.51359	0.00004
754.75465	0.00004
754.99571	0.00004
755.23677	0.00003
755.47782	0.00002
755.71888	0.00001
755.95994	0.00001
756.20100	0.00000
756.44206	0.00000
756.68312	0.00000
756.92418	0.00001
757.16523	0.00001
757.40629	0.00002
757.64735	0.00003
757.88841	0.00003
758.12947	0.00004
758.37053	0.00004
758.61159	0.00004
758.85265	0.00004
759.09370	0.00004
759.33476	0.00004
759.57582	0.00004
759.81688	0.00004
760.05794	0.00004
760.29900	0.00004
760.54006	0.00004
760.78111	0.00004
761.02217	0.00004
761.26323	0.00004
761.50429	0.00005
761.74535	0.00005
761.98641	0.00005
762.22747	0.00005
762.46853	0.00005
762.70958	0.00006
762.95064	0.00005
763.19170	0.00005
763.43276	0.00005
763.67382	0.00005
763.91488	0.00005
764.15594	0.00005
764.39699	0.00005
764.63805	0.00005
764.87911	0.00005
765.12017	0.00006
765.36123	0.00006
765.60229	0.00006
765.84335	0.00006
766.08440	0.00006
766.32546	0.00006
766.56652	0.00006
766.80758	0.00005
767.04864	0.00005
767.28970	0.00004
767.53076	0.00003
767.77182	0.00003
768.01287	0.00002
768.25393	0.00002
768.49499	0.00003
768.73605	0.00004
768.97711	0.00005
769.21817	0.00006
769.45923	0.00007
769.70028	0.00007
769.94134	0.00007
770.18240	0.00007
770.42346	0.00007
770.66452	0.00006
770.90558	0.00005
771.14664	0.00004
771.38770	0.00004
771.62875	0.00003
771.86981	0.00002
772.11087	0.00001
772.35193	0.00000
772.59299	-0.00000
772.83405	-0.00000
773.07511	0.00001
773.31616	0.00001
773.55722	0.00002
773.79828	0.00002
774.03934	0.00003
774.28040	0.00003
774.52146	0.00004
774.76252	0.00004
775.00358	0.00004
775.24463	0.00004
775.48569	0.00004
775.72675	0.00004
775.96781	0.00004
776.20887	0.00003
776.44993	0.00003
776.69099	0.00003
776.93204	0.00002
777.17310	0.00002
777.41416	0.00003
777.65522	0.00003
777.89628	0.00004
778.13734	0.00004
778.37840	0.00005
778.61945	0.00006
778.86051	0.00006
779.10157	0.00006
779.34263	0.00006
779.58369	0.00005
779.82475	0.00003
780.06581	0.00002
780.30687	0.00002
780.54792	0.00002
780.78898	0.00002
781.03004	0.00002
781.27110	0.00003
781.51216	0.00003
781.75322	0.00003
781.99428	0.00003
782.23533	0.00003
782.47639	0.00003
782.71745	0.00003
782.95851	0.00003
783.19957	0.00002
783.44063	0.00002
783.68169	0.00002
783.92275	0.00002
784.16380	0.00002
784.40486	0.00002
784.64592	0.00002
784.88698	0.00002
785.12804	0.00002
785.36910	0.00002
785.61016	0.00002
785.85121	0.00002
786.09227	0.00003
786.33333	0.00003
786.57439	0.00004
786.81545	0.00004
787.05651	0.00004
787.29757	0.00005
787.53863	0.00005
787.77968	0.00006
788.02074	0.00006
788.26180	0.00006
788.50286	0.00006
788.74392	0.00006
788.98498	0.00006
789.22604	0.00005
789.46709	0.00005
789.70815	0.00004
789.94921	0.00003
790.19027	0.00003
790.43133	0.00002
790.67239	0.00002
790.91345	0.00002
791.15451	0.00002
791.39556	0.00002
791.63662	0.00002
791.87768	0.00003
792.11874	0.00003
792.35980	0.00004
792.60086	0.00005
792.84192	0.00005
793.08297	0.00005
793.32403	0.00005
793.56509	0.00005
793.80615	0.00005
794.04721	0.00004
794.28827	0.00004
794.52933	0.00004
794.77038	0.00003
795.01144	0.00003
795.25250	0.00003
795.49356	0.00004
795.73462	0.00005
795.97568	0.00006
796.21674	0.00007
796.45780	0.00007
796.69885	0.00007
796.93991	0.00007
797.18097	0.00006
797.42203	0.00006
797.66309	0.00005
797.90415	0.00005
798.14521	0.00004
798.38626	0.00005
798.62732	0.00005
798.86838	0.00005
799.10944	0.00006
799.35050	0.00006
799.59156	0.00006
799.83262	0.00006
800.07368	0.00005
800.31473	0.00005
800.55579	0.00004
800.79685	0.00003
801.03791	0.00003
801.27897	0.00002
801.52003	0.00002
801.76109	0.00002
802.00214	0.00002
802.24320	0.00003
802.48426	0.00003
802.72532	0.00003
802.96638	0.00003
803.20744	0.00002
803.44850	0.00002
803.68956	0.00001
803.93061	0.00001
804.17167	0.00001
804.41273	0.00001
804.65379	0.00002
804.89485	0.00002
805.13591	0.00003
805.37697	0.00003
805.61802	0.00004
805.85908	0.00004
806.10014	0.00004
806.34120	0.00004
806.58226	0.00004
806.82332	0.00004
807.06438	0.00004
807.30543	0.00003
807.54649	0.00003
807.78755	0.00003
808.02861	0.00002
808.26967	0.00002
808.51073	0.00002
808.75179	0.00002
808.99285	0.00002
809.23390	0.00003
809.47496	0.00003
809.71602	0.00004
809.95708	0.00004
810.19814	0.00005
810.43920	0.00005
810.68026	0.00005
810.92131	0.00005
811.16237	0.00005
811.40343	0.00004
811.64449	0.00004
811.88555	0.00003
812.12661	0.00002
812.36767	0.00001
812.60873	0.00001
812.84978	0.00000
813.09084	0.00001
813.33190	0.00001
813.57296	0.00001
813.81402	0.00001
814.05508	0.00002
814.29614	0.00002
814.53719	0.00002
814.77825	0.00002
815.01931	0.00002
815.26037	0.00003
815.50143	0.00003
815.74249	0.00004
815.98355	0.00005
816.22461	0.00005
816.46566	0.00005
816.70672	0.00005
816.94778	0.00005
817.18884	0.00005
817.42990	0.00006
817.67096	0.00006
817.91202	0.00006
818.15307	0.00007
818.39413	0.00007
818.63519	0.00007
818.87625	0.00008
819.11731	0.00008
819.35837	0.00008
819.59943	0.00008
819.84048	0.00007
820.08154	0.00007
820.32260	0.00007
820.56366	0.00007
820.80472	0.00006
821.04578	0.00006
821.28684	0.00005
821.52790	0.00005
821.76895	0.00004
822.01001	0.00003
822.25107	0.00002
822.49213	0.00001
822.73319	0.00001
822.97425	0.00001
823.21531	0.00001
823.45636	0.00002
823.69742	0.00002
823.93848	0.00002
824.17954	0.00003
824.42060	0.00004
824.66166	0.00004
824.90272	0.00005
825.14378	0.00005
825.38483	0.00005
825.62589	0.00005
825.86695	0.00005
826.10801	0.00005
826.34907	0.00005
826.59013	0.00005
826.83119	0.00004
827.07224	0.00004
827.31330	0.00004
827.55436	0.00004
827.79542	0.00004
828.03648	0.00004
828.27754	0.00004
828.51860	0.00004
828.75966	0.00004
829.00071	0.00004
829.24177	0.00004
829.48283	0.00004
829.72389	0.00004
829.96495	0.00004
830.20601	0.00003
830.44707	0.00003
830.68812	0.00003
830.92918	0.00004
831.17024	0.00004
831.41130	0.00005
831.65236	0.00005
831.89342	0.00006
832.13448	0.00006
832.37553	0.00006
832.61659	0.00005
832.85765	0.00004
833.09871	0.00004
833.33977	0.00003
833.58083	0.00002
833.82189	0.00001
834.06295	0.00000
834.30400	0.00000
834.54506	0.00001
834.78612	0.00001
835.02718	0.00002
835.26824	0.00002
835.50930	0.00003
835.75036	0.00003
835.99141	0.00004
836.23247	0.00005
836.47353	0.00006
836.71459	0.00006
836.95565	0.00006
837.19671	0.00006
837.43777	0.00006
837.67883	0.00006
837.91988	0.00006
838.16094	0.00007
838.40200	0.00007
838.64306	0.00007
838.88412	0.00007
839.12518	0.00007
839.36624	0.00006
839.60729	0.00006
839.84835	0.00006
840.08941	0.00005
840.33047	0.00005
840.57153	0.00004
840.81259	0.00004
841.05365	0.00004
841.29471	0.00004
841.53576	0.00004
841.77682	0.00005
842.01788	0.00005
842.25894	0.00005
842.50000	0.00005
842.74106	0.00005
842.98212	0.00005
843.22317	0.00005
843.46423	0.00004
843.70529	0.00004
843.94635	0.00004
844.18741	0.00003
844.42847	0.00003
844.66953	0.00003
844.91059	0.00003
845.15164	0.00003
845.39270	0.00003
845.63376	0.00003
845.87482	0.00004
846.11588	0.00004
846.35694	0.00004
846.59800	0.00004
846.83905	0.00004
847.08011	0.00003
847.32117	0.00002
847.56223	0.00002
847.80329	0.00002
848.04435	0.00002
848.28541	0.00003
848.52646	0.00005
848.76752	0.00006
849.00858	0.00006
849.24964	0.00007
849.49070	0.00007
849.73176	0.00007
849.97282	0.00006
850.21388	0.00006
850.45493	0.00005
850.69599	0.00003
850.93705	0.00002
851.17811	0.00001
851.41917	0.00001
851.66023	0.00000
851.90129	0.00001
852.14234	0.00001
852.38340	0.00002
852.62446	0.00002
852.86552	0.00002
853.10658	0.00003
853.34764	0.00003
853.58870	0.00003
853.82976	0.00002
854.07081	0.00002
854.31187	0.00002
854.55293	0.00002
854.79399	0.00002
855.03505	0.00002
855.27611	0.00002
855.51717	0.00002
855.75822	0.00003
855.99928	0.00003
856.24034	0.00003
856.48140	0.00004
856.72246	0.00004
856.96352	0.00005
857.20458	0.00005
857.44564	0.00006
857.68669	0.00006
857.92775	0.00007
858.16881	0.00008
858.40987	0.00008
858.65093	0.00008
858.89199	0.00009
859.13305	0.00009
859.37410	0.00009
859.61516	0.00009
859.85622	0.00009
860.09728	0.00008
860.33834	0.00008
860.57940	0.00007
860.82046	0.00006
861.06151	0.00005
861.30257	0.00005
861.54363	0.00004
861.78469	0.00004
862.02575	0.00004
862.26681	0.00004
862.50787	0.00004
862.74893	0.00004
862.98998	0.00004
863.23104	0.00004
863.47210	0.00004
863.71316	0.00004
863.95422	0.00004
864.19528	0.00003
864.43634	0.00003
864.67739	0.00002
864.91845	0.00002
865.15951	0.00001
865.40057	0.00001
865.64163	0.00000
865.88269	0.00000
866.12375	-0.00000
866.36481	0.00000
866.60586	0.00001
866.84692	0.00001
867.08798	0.00002
867.32904	0.00003
867.57010	0.00003
867.81116	0.00003
868.05222	0.00003
868.29327	0.00002
868.53433	0.00002
868.77539	0.00001
869.01645	0.00001
869.25751	0.00001
869.49857	0.00001
869.73963	0.00001
869.98069	0.00001
870.22174	0.00002
870.46280	0.00002
870.70386	0.00002
870.94492	0.00002
871.18598	0.00003
871.42704	0.00003
871.66810	0.00003
871.90915	0.00003
872.15021	0.00003
872.39127	0.00003
872.63233	0.00004
872.87339	0.00004
873.11445	0.00005
873.35551	0.00005
873.59656	0.00006
873.83762	0.00006
874.07868	0.00005
874.31974	0.00005
874.56080	0.00005
874.80186	0.00005
875.04292	0.00004
875.28398	0.00004
875.52503	0.00004
875.76609	0.00004
876.00715	0.00004
876.24821	0.00004
876.48927	0.00005
876.73033	0.00005
876.97139	0.00005
877.21244	0.00005
877.45350	0.00005
877.69456	0.00005
877.93562	0.00005
878.17668	0.00004
878.41774	0.00004
878.65880	0.00003
878.89986	0.00003
879.14091	0.00003
879.38197	0.00002
879.62303	0.00002
879.86409	0.00001
880.10515	0.00001
880.34621	0.00001
880.58727	0.00001
880.82832	0.00002
881.06938	0.00002
881.31044	0.00002
881.55150	0.00002
881.79256	0.00002
882.03362	0.00002
882.27468	0.00002
882.51574	0.00002
882.75679	0.00002
882.99785	0.00002
883.23891	0.00001
883.47997	0.00001
883.72103	0.00001
883.96209	0.00002
884.20315	0.00002
884.44420	0.00002
884.68526	0.00003
884.92632	0.00004
885.16738	0.00004
885.40844	0.00004
885.64950	0.00004
885.89056	0.00004
886.13161	0.00004
886.37267	0.00003
886.61373	0.00003
886.85479	0.00002
887.09585	0.00002
887.33691	0.00002
887.57797	0.00002
887.81903	0.00002
888.06008	0.00002
888.30114	0.00002
888.54220	0.00002
888.78326	0.00002
889.02432	0.00002
889.26538	0.00002
889.50644	0.00002
889.74749	0.00002
889.98855	0.00002
890.22961	0.00002
890.47067	0.00003
890.71173	0.00003
890.95279	0.00004
891.19385	0.00005
891.43491	0.00006
891.67596	0.00007
891.91702	0.00007
892.15808	0.00007
892.39914	0.00008
892.64020	0.00008
892.88126	0.00007
893.12232	0.00007
893.36337	0.00006
893.60443	0.00006
893.84549	0.00006
894.08655	0.00005
894.32761	0.00005
894.56867	0.00005
894.80973	0.00005
895.05079	0.00005
895.29184	0.00005
895.53290	0.00005
895.77396	0.00005
896.01502	0.00004
896.25608	0.00003
896.49714	0.00002
896.73820	0.00001
896.97925	0.00000
897.22031	-0.00000
897.46137	-0.00001
897.70243	-0.00001
897.94349	-0.00001
898.18455	-0.00001
898.42561	-0.00000
898.66667	0.00000
898.90772	0.00001
899.14878	0.00001
899.38984	0.00002
899.63090	0.00002
