0.00000	0.26108
0.48212	0.26068
0.96423	0.25970
1.44635	0.25869
1.92847	0.25831
2.41059	0.25754
2.89270	0.25738
3.37482	0.25749
3.85694	0.25760
4.33906	0.25653
4.82117	0.25373
5.30329	0.24651
5.78541	0.23380
6.26753	0.21405
6.74964	0.19733
7.23176	0.18542
7.71388	0.17805
8.19599	0.17347
8.67811	0.17035
9.16023	0.16748
9.64235	0.16397
10.12446	0.15941
10.60658	0.15426
11.08870	0.14894
11.57082	0.14340
12.05293	0.13489
12.53505	0.12393
13.01717	0.10913
13.49928	0.08817
13.98140	-0.03950
14.46352	-0.35415
14.94564	-0.05736
15.42775	0.04866
15.90987	0.03776
16.39199	0.02624
16.87411	0.01669
17.35622	0.00982
17.83834	0.00503
18.32046	0.00223
18.80258	0.00083
19.28469	0.00033
19.76681	0.00034
20.24893	0.00065
20.73104	0.00115
21.21316	0.00187
21.69528	0.00286
22.17740	0.00417
22.65951	0.00584
23.14163	0.00784
23.62375	0.01010
24.10587	0.01247
24.58798	0.01478
25.07010	0.01685
25.55222	0.01850
26.03433	0.01959
26.51645	0.02004
26.99857	0.01984
27.48069	0.01906
27.96280	0.01780
28.44492	0.01622
28.92704	0.01449
29.40916	0.01278
29.89127	0.01125
30.37339	0.01004
30.85551	0.00923
31.33763	0.00887
31.81974	0.00895
32.30186	0.00943
32.78398	0.01019
33.26609	0.01111
33.74821	0.01206
34.23033	0.01289
34.71245	0.01352
35.19456	0.01388
35.67668	0.01401
36.15880	0.01394
36.64092	0.01376
37.12303	0.01354
37.60515	0.01337
38.08727	0.01327
38.56938	0.01326
39.05150	0.01333
39.53362	0.01346
40.01574	0.01360
40.49785	0.01371
40.97997	0.01377
41.46209	0.01375
41.94421	0.01365
42.42632	0.01352
42.90844	0.01338
43.39056	0.01328
43.87268	0.01325
44.35479	0.01332
44.83691	0.01350
45.31903	0.01379
45.80114	0.01417
46.28326	0.01463
46.76538	0.01514
47.24750	0.01569
47.72961	0.01625
48.21173	0.01682
48.69385	0.01736
49.17597	0.01784
49.65808	0.01824
50.14020	0.01851
50.62232	0.01864
51.10443	0.01861
51.58655	0.01841
52.06867	0.01806
52.55079	0.01760
53.03290	0.01707
53.51502	0.01655
53.99714	0.01610
54.47926	0.01580
54.96137	0.01571
55.44349	0.01584
55.92561	0.01620
56.40773	0.01675
56.88984	0.01743
57.37196	0.01817
57.85408	0.01892
58.33619	0.01960
58.81831	0.02020
59.30043	0.02069
59.78255	0.02106
60.26466	0.02132
60.74678	0.02145
61.22890	0.02148
61.71102	0.02141
62.19313	0.02125
62.67525	0.02103
63.15737	0.02076
63.63948	0.02047
64.12160	0.02018
64.60372	0.01994
65.08584	0.01975
65.56795	0.01965
66.05007	0.01965
66.53219	0.01975
67.01431	0.01994
67.49642	0.02021
67.97854	0.02053
68.46066	0.02087
68.94278	0.02121
69.42489	0.02150
69.90701	0.02172
70.38913	0.02186
70.87124	0.02192
71.35336	0.02191
71.83548	0.02187
72.31760	0.02181
72.79971	0.02177
73.28183	0.02176
73.76395	0.02176
74.24607	0.02178
74.72818	0.02179
75.21030	0.02178
75.69242	0.02174
76.17453	0.02167
76.65665	0.02159
77.13877	0.02151
77.62089	0.02146
78.10300	0.02146
78.58512	0.02151
79.06724	0.02162
79.54936	0.02176
80.03147	0.02191
80.51359	0.02203
80.99571	0.02211
81.47783	0.02213
81.95994	0.02208
82.44206	0.02196
82.92418	0.02178
83.40629	0.02155
83.88841	0.02131
84.37053	0.02107
84.85265	0.02086
85.33476	0.02067
85.81688	0.02053
86.29900	0.02043
86.78112	0.02037
87.26323	0.02032
87.74535	0.02030
88.22747	0.02030
88.70958	0.02030
89.19170	0.02030
89.67382	0.02031
90.15594	0.02031
90.63805	0.02029
91.12017	0.02025
91.60229	0.02019
92.08441	0.02011
92.56652	0.02002
93.04864	0.01994
93.53076	0.01987
94.01288	0.01983
94.49499	0.01984
94.97711	0.01988
95.45923	0.01997
95.94134	0.02009
96.42346	0.02021
96.90558	0.02034
97.38770	0.02045
97.86981	0.02054
98.35193	0.02060
98.83405	0.02065
99.31617	0.02069
99.79828	0.02074
100.28040	0.02081
100.76252	0.02090
101.24464	0.02101
101.72675	0.02112
102.20887	0.02122
102.69099	0.02130
103.17310	0.02134
103.65522	0.02134
104.13734	0.02130
104.61946	0.02122
105.10157	0.02112
105.58369	0.02100
106.06581	0.02088
106.54793	0.02078
107.03004	0.02070
107.51216	0.02064
107.99428	0.02062
108.47639	0.02064
108.95851	0.02071
109.44063	0.02083
109.92275	0.02101
110.40486	0.02124
110.88698	0.02151
111.36910	0.02183
111.85122	0.02217
112.33333	0.02251
112.81545	0.02283
113.29757	0.02311
113.77969	0.02334
114.26180	0.02352
114.74392	0.02366
115.22604	0.02378
115.70815	0.02389
116.19027	0.02402
116.67239	0.02418
117.15451	0.02438
117.63662	0.02462
118.11874	0.02487
118.60086	0.02512
119.08298	0.02536
119.56509	0.02557
120.04721	0.02573
120.52933	0.02583
121.01144	0.02589
121.49356	0.02589
121.97568	0.02586
122.45780	0.02581
122.93991	0.02575
123.42203	0.02569
123.90415	0.02564
124.38627	0.02561
124.86838	0.02559
125.35050	0.02558
125.83262	0.02559
126.31474	0.02560
126.79685	0.02562
127.27897	0.02563
127.76109	0.02564
128.24320	0.02563
128.72532	0.02562
129.20744	0.02561
129.68956	0.02560
130.17167	0.02561
130.65379	0.02566
131.13591	0.02574
131.61803	0.02587
132.10014	0.02604
132.58226	0.02623
133.06438	0.02644
133.54649	0.02665
134.02861	0.02685
134.51073	0.02703
134.99285	0.02719
135.47496	0.02733
135.95708	0.02745
136.43920	0.02757
136.92132	0.02769
137.40343	0.02782
137.88555	0.02796
138.36767	0.02810
138.84979	0.02824
139.33190	0.02835
139.81402	0.02845
140.29614	0.02852
140.77825	0.02857
141.26037	0.02861
141.74249	0.02866
142.22461	0.02873
142.70672	0.02883
143.18884	0.02897
143.67096	0.02913
144.15308	0.02932
144.63519	0.02952
145.11731	0.02971
145.59943	0.02988
146.08154	0.03002
146.56366	0.03013
147.04578	0.03022
147.52790	0.03031
148.01001	0.03040
148.49213	0.03052
148.97425	0.03067
149.45637	0.03086
149.93848	0.03111
150.42060	0.03140
150.90272	0.03172
151.38484	0.03206
151.86695	0.03240
152.34907	0.03273
152.83119	0.03304
153.31330	0.03332
153.79542	0.03359
154.27754	0.03385
154.75966	0.03411
155.24177	0.03440
155.72389	0.03471
156.20601	0.03506
156.68813	0.03545
157.17024	0.03588
157.65236	0.03632
158.13448	0.03678
158.61659	0.03723
159.09871	0.03768
159.58083	0.03811
160.06295	0.03855
160.54506	0.03900
161.02718	0.03948
161.50930	0.03999
161.99142	0.04054
162.47353	0.04112
162.95565	0.04172
163.43777	0.04231
163.91989	0.04287
164.40200	0.04336
164.88412	0.04379
165.36624	0.04414
165.84835	0.04443
166.33047	0.04468
166.81259	0.04493
167.29471	0.04521
167.77682	0.04555
168.25894	0.04597
168.74106	0.04648
169.22318	0.04707
169.70529	0.04773
170.18741	0.04844
170.66953	0.04917
171.15164	0.04992
171.63376	0.05067
172.11588	0.05145
172.59800	0.05227
173.08011	0.05314
173.56223	0.05409
174.04435	0.05513
174.52647	0.05626
175.00858	0.05747
175.49070	0.05874
175.97282	0.06001
176.45494	0.06125
176.93705	0.06243
177.41917	0.06351
177.90129	0.06449
178.38340	0.06538
178.86552	0.06621
179.34764	0.06702
179.82976	0.06785
180.31187	0.06875
180.79399	0.06975
181.27611	0.07086
181.75823	0.07206
182.24034	0.07333
182.72246	0.07463
183.20458	0.07592
183.68669	0.07716
184.16881	0.07834
184.65093	0.07944
185.13305	0.08047
185.61516	0.08143
186.09728	0.08236
186.57940	0.08325
187.06152	0.08411
187.54363	0.08493
188.02575	0.08569
188.50787	0.08637
188.98999	0.08694
189.47210	0.08740
189.95422	0.08775
190.43634	0.08801
190.91845	0.08824
191.40057	0.08848
191.88269	0.08879
192.36481	0.08922
192.84692	0.08982
193.32904	0.09059
193.81116	0.09152
194.29328	0.09257
194.77539	0.09370
195.25751	0.09485
195.73963	0.09595
196.22174	0.09697
196.70386	0.09790
197.18598	0.09876
197.66810	0.09957
198.15021	0.10039
198.63233	0.10128
199.11445	0.10227
199.59657	0.10339
200.07868	0.10465
200.56080	0.10602
201.04292	0.10749
201.52504	0.10900
202.00715	0.11051
202.48927	0.11202
202.97139	0.11351
203.45350	0.11499
203.93562	0.11650
204.41774	0.11807
204.89986	0.11972
205.38197	0.12149
205.86409	0.12337
206.34621	0.12533
206.82833	0.12734
207.31044	0.12933
207.79256	0.13125
208.27468	0.13303
208.75680	0.13465
209.23891	0.13608
209.72103	0.13733
210.20315	0.13844
210.68526	0.13946
211.16738	0.14045
211.64950	0.14144
212.13162	0.14246
212.61373	0.14352
213.09585	0.14460
213.57797	0.14568
214.06009	0.14672
214.54220	0.14767
215.02432	0.14853
215.50644	0.14929
215.98855	0.14997
216.47067	0.15061
216.95279	0.15125
217.43491	0.15193
217.91702	0.15271
218.39914	0.15358
218.88126	0.15455
219.36338	0.15559
219.84549	0.15668
220.32761	0.15775
220.80973	0.15877
221.29185	0.15970
221.77396	0.16052
222.25608	0.16123
222.73820	0.16185
223.22031	0.16242
223.70243	0.16296
224.18455	0.16352
224.66667	0.16413
225.14878	0.16481
225.63090	0.16554
226.11302	0.16633
226.59514	0.16716
227.07725	0.16800
227.55937	0.16883
228.04149	0.16966
228.52360	0.17049
229.00572	0.17132
229.48784	0.17220
229.96996	0.17312
230.45207	0.17413
230.93419	0.17521
231.41631	0.17637
231.89843	0.17758
232.38054	0.17882
232.86266	0.18005
233.34478	0.18125
233.82690	0.18239
234.30901	0.18347
234.79113	0.18449
235.27325	0.18548
235.75536	0.18644
236.23748	0.18740
236.71960	0.18837
237.20172	0.18934
237.68383	0.19030
238.16595	0.19123
238.64807	0.19209
239.13019	0.19285
239.61230	0.19350
240.09442	0.19402
240.57654	0.19444
241.05865	0.19476
241.54077	0.19504
242.02289	0.19530
242.50501	0.19559
242.98712	0.19594
243.46924	0.19634
243.95136	0.19681
244.43348	0.19731
244.91559	0.19781
245.39771	0.19827
245.87983	0.19866
246.36195	0.19895
246.84406	0.19914
247.32618	0.19926
247.80830	0.19932
248.29041	0.19937
248.77253	0.19946
249.25465	0.19962
249.73677	0.19987
250.21888	0.20020
250.70100	0.20061
251.18312	0.20106
251.66524	0.20150
252.14735	0.20189
252.62947	0.20218
253.11159	0.20237
253.59370	0.20244
254.07582	0.20242
254.55794	0.20233
255.04006	0.20221
255.52217	0.20210
256.00429	0.20201
256.48641	0.20197
256.96853	0.20195
257.45064	0.20194
257.93276	0.20189
258.41488	0.20178
258.89700	0.20159
259.37911	0.20128
259.86123	0.20088
260.34335	0.20040
260.82546	0.19986
261.30758	0.19930
261.78970	0.19872
262.27182	0.19813
262.75393	0.19752
263.23605	0.19685
263.71817	0.19608
264.20029	0.19517
264.68240	0.19410
265.16452	0.19285
265.64664	0.19144
266.12875	0.18993
266.61087	0.18838
267.09299	0.18687
267.57511	0.18547
268.05722	0.18422
268.53934	0.18315
269.02146	0.18223
269.50358	0.18138
269.98569	0.18053
270.46781	0.17958
270.94993	0.17845
271.43205	0.17707
271.91416	0.17545
272.39628	0.17360
272.87840	0.17160
273.36051	0.16952
273.84263	0.16742
274.32475	0.16533
274.80687	0.16324
275.28898	0.16109
275.77110	0.15879
276.25322	0.15622
276.73534	0.15327
277.21745	0.14990
277.69957	0.14612
278.18169	0.14202
278.66380	0.13774
279.14592	0.13346
279.62804	0.12938
280.11016	0.12565
280.59227	0.12239
281.07439	0.11962
281.55651	0.11729
282.03863	0.11532
282.52074	0.11353
283.00286	0.11179
283.48498	0.10995
283.96710	0.10796
284.44921	0.10580
284.93133	0.10354
285.41345	0.10127
285.89556	0.09911
286.37768	0.09714
286.85980	0.09540
287.34192	0.09386
287.82403	0.09245
288.30615	0.09101
288.78827	0.08939
289.27039	0.08742
289.75250	0.08497
290.23462	0.08200
290.71674	0.07851
291.19885	0.07459
291.68097	0.07034
292.16309	0.06589
292.64521	0.06133
293.12732	0.05674
293.60944	0.05211
294.09156	0.04745
294.57368	0.04272
295.05579	0.03792
295.53791	0.03308
296.02003	0.02831
296.50215	0.02381
296.98426	0.01980
297.46638	0.01650
297.94850	0.01411
298.43061	0.01272
298.91273	0.01232
299.39485	0.01282
299.87697	0.01404
300.35908	0.01580
300.84120	0.01787
301.32332	0.02011
301.80544	0.02236
302.28755	0.02456
302.76967	0.02668
303.25179	0.02869
303.73391	0.03056
304.21602	0.03224
304.69814	0.03362
305.18026	0.03459
305.66237	0.03503
306.14449	0.03487
306.62661	0.03406
307.10873	0.03265
307.59084	0.03075
308.07296	0.02854
308.55508	0.02625
309.03720	0.02409
309.51931	0.02225
310.00143	0.02084
310.48355	0.01990
310.96566	0.01942
311.44778	0.01931
311.92990	0.01948
312.41202	0.01981
312.89413	0.02025
313.37625	0.02074
313.85837	0.02131
314.34049	0.02198
314.82260	0.02276
315.30472	0.02364
315.78684	0.02458
316.26896	0.02545
316.75107	0.02608
317.23319	0.02624
317.71531	0.02572
318.19742	0.02432
318.67954	0.02192
319.16166	0.01855
319.64378	0.01434
320.12589	0.00954
320.60801	0.00447
321.09013	-0.00056
321.57225	-0.00532
322.05436	-0.00968
322.53648	-0.01361
323.01860	-0.01719
323.50071	-0.02052
323.98283	-0.02368
324.46495	-0.02673
324.94707	-0.02966
325.42918	-0.03241
325.91130	-0.03490
326.39342	-0.03709
326.87554	-0.03898
327.35765	-0.04066
327.83977	-0.04230
328.32189	-0.04410
328.80401	-0.04626
329.28612	-0.04892
329.76824	-0.05206
330.25036	-0.05558
330.73247	-0.05916
331.21459	-0.06239
331.69671	-0.06490
332.17883	-0.06640
332.66094	-0.06676
333.14306	-0.06601
333.62518	-0.06434
334.10730	-0.06204
334.58941	-0.05939
335.07153	-0.05669
335.55365	-0.05419
336.03576	-0.05208
336.51788	-0.05043
337.00000	-0.04924
337.48212	-0.04847
337.96423	-0.04802
338.44635	-0.04784
338.92847	-0.04791
339.41059	-0.04827
339.89270	-0.04900
340.37482	-0.05020
340.85694	-0.05198
341.33906	-0.05442
341.82117	-0.05754
342.30329	-0.06129
342.78541	-0.06551
343.26752	-0.06999
343.74964	-0.07448
344.23176	-0.07878
344.71388	-0.08277
345.19599	-0.08643
345.67811	-0.08977
346.16023	-0.09281
346.64235	-0.09557
347.12446	-0.09801
347.60658	-0.10003
348.08870	-0.10151
348.57081	-0.10231
349.05293	-0.10231
349.53505	-0.10146
350.01717	-0.09981
350.49928	-0.09748
350.98140	-0.09469
351.46352	-0.09169
351.94564	-0.08876
352.42775	-0.08615
352.90987	-0.08408
353.39199	-0.08267
353.87411	-0.08194
354.35622	-0.08182
354.83834	-0.08212
355.32046	-0.08262
355.80257	-0.08305
356.28469	-0.08315
356.76681	-0.08276
357.24893	-0.08177
357.73104	-0.08023
358.21316	-0.07822
358.69528	-0.07596
359.17740	-0.07366
359.65951	-0.07155
360.14163	-0.06985
360.62375	-0.06870
361.10586	-0.06818
361.58798	-0.06831
362.07010	-0.06908
362.55222	-0.07046
363.03433	-0.07237
363.51645	-0.07475
363.99857	-0.07745
364.48069	-0.08033
364.96280	-0.08318
365.44492	-0.08575
365.92704	-0.08782
366.40916	-0.08922
366.89127	-0.08990
367.37339	-0.08991
367.85551	-0.08947
368.33762	-0.08885
368.81974	-0.08838
369.30186	-0.08836
369.78398	-0.08893
370.26609	-0.09006
370.74821	-0.09152
371.23033	-0.09290
371.71245	-0.09375
372.19456	-0.09366
372.67668	-0.09243
373.15880	-0.09014
373.64091	-0.08709
374.12303	-0.08384
374.60515	-0.08107
375.08727	-0.07941
375.56938	-0.07936
376.05150	-0.08117
376.53362	-0.08479
377.01574	-0.08990
377.49785	-0.09600
377.97997	-0.10254
378.46209	-0.10904
378.94421	-0.11514
379.42632	-0.12061
379.90844	-0.12540
380.39056	-0.12948
380.87267	-0.13283
381.35479	-0.13537
381.83691	-0.13691
382.31903	-0.13732
382.80114	-0.13647
383.28326	-0.13444
383.76538	-0.13149
384.24750	-0.12809
384.72961	-0.12477
385.21173	-0.12209
385.69385	-0.12052
386.17596	-0.12032
386.65808	-0.12155
387.14020	-0.12398
387.62232	-0.12716
388.10443	-0.13052
388.58655	-0.13350
389.06867	-0.13568
389.55079	-0.13687
390.03290	-0.13715
390.51502	-0.13676
390.99714	-0.13605
391.47926	-0.13532
391.96137	-0.13475
392.44349	-0.13440
392.92561	-0.13419
393.40772	-0.13397
393.88984	-0.13361
394.37196	-0.13302
394.85408	-0.13221
395.33619	-0.13125
395.81831	-0.13023
396.30043	-0.12921
396.78255	-0.12818
397.26466	-0.12703
397.74678	-0.12551
398.22890	-0.12340
398.71102	-0.12047
399.19313	-0.11663
399.67525	-0.11196
400.15737	-0.10671
400.63948	-0.10126
401.12160	-0.09605
401.60372	-0.09150
402.08584	-0.08793
402.56795	-0.08554
403.05007	-0.08439
403.53219	-0.08440
404.01431	-0.08545
404.49642	-0.08736
404.97854	-0.08999
405.46066	-0.09324
405.94277	-0.09708
406.42489	-0.10152
406.90701	-0.10655
407.38913	-0.11217
407.87124	-0.11826
408.35336	-0.12464
408.83548	-0.13106
409.31760	-0.13721
409.79971	-0.14280
410.28183	-0.14759
410.76395	-0.15143
411.24607	-0.15428
411.72818	-0.15617
412.21030	-0.15719
412.69242	-0.15745
413.17453	-0.15710
413.65665	-0.15618
414.13877	-0.15478
414.62089	-0.15295
415.10300	-0.15080
415.58512	-0.14852
416.06724	-0.14636
416.54936	-0.14465
417.03147	-0.14374
417.51359	-0.14396
417.99571	-0.14554
418.47782	-0.14857
418.95994	-0.15293
419.44206	-0.15838
419.92418	-0.16451
420.40629	-0.17082
420.88841	-0.17679
421.37053	-0.18195
421.85265	-0.18592
422.33476	-0.18837
422.81688	-0.18910
423.29900	-0.18795
423.78112	-0.18487
424.26323	-0.17992
424.74535	-0.17334
425.22747	-0.16554
425.70958	-0.15711
426.19170	-0.14879
426.67382	-0.14141
427.15594	-0.13577
427.63805	-0.13250
428.12017	-0.13195
428.60229	-0.13412
429.08441	-0.13847
429.56652	-0.14415
430.04864	-0.15002
430.53076	-0.15493
431.01287	-0.15781
431.49499	-0.15793
431.97711	-0.15492
432.45923	-0.14880
432.94134	-0.13987
433.42346	-0.12876
433.90558	-0.11633
434.38770	-0.10358
434.86981	-0.09163
435.35193	-0.08160
435.83405	-0.07448
436.31617	-0.07104
436.79828	-0.07165
437.28040	-0.07627
437.76252	-0.08440
438.24463	-0.09510
438.72675	-0.10710
439.20887	-0.11888
439.69099	-0.12901
440.17310	-0.13626
440.65522	-0.13980
441.13734	-0.13941
441.61946	-0.13548
442.10157	-0.12894
442.58369	-0.12102
443.06581	-0.11306
443.54792	-0.10637
444.03004	-0.10204
444.51216	-0.10074
444.99428	-0.10284
445.47639	-0.10832
445.95851	-0.11690
446.44063	-0.12799
446.92275	-0.14085
447.40486	-0.15460
447.88698	-0.16834
448.36910	-0.18102
448.85122	-0.19178
449.33333	-0.20005
449.81545	-0.20562
450.29757	-0.20860
450.77968	-0.20934
451.26180	-0.20825
451.74392	-0.20568
452.22604	-0.20188
452.70815	-0.19696
453.19027	-0.19090
453.67239	-0.18377
454.15451	-0.17571
454.63662	-0.16702
455.11874	-0.15819
455.60086	-0.14991
456.08297	-0.14295
456.56509	-0.13804
457.04721	-0.13580
457.52933	-0.13658
458.01144	-0.14044
458.49356	-0.14708
458.97568	-0.15587
459.45780	-0.16595
459.93991	-0.17623
460.42203	-0.18568
460.90415	-0.19350
461.38627	-0.19930
461.86838	-0.20314
462.35050	-0.20548
462.83262	-0.20704
463.31473	-0.20861
463.79685	-0.21050
464.27897	-0.21283
464.76109	-0.21551
465.24320	-0.21817
465.72532	-0.22035
466.20744	-0.22154
466.68956	-0.22128
467.17167	-0.21922
467.65379	-0.21496
468.13591	-0.20832
468.61802	-0.19947
469.10014	-0.18884
469.58226	-0.17718
470.06438	-0.16538
470.54649	-0.15435
471.02861	-0.14480
471.51073	-0.13713
471.99285	-0.13153
472.47496	-0.12795
472.95708	-0.12628
473.43920	-0.12631
473.92132	-0.12797
474.40343	-0.13131
474.88555	-0.13662
475.36767	-0.14428
475.84978	-0.15483
476.33190	-0.16871
476.81402	-0.18617
477.29614	-0.20701
477.77825	-0.23054
478.26037	-0.25548
478.74249	-0.28007
479.22461	-0.30201
479.70672	-0.31928
480.18884	-0.33081
480.67096	-0.33680
481.15307	-0.33818
481.63519	-0.33610
482.11731	-0.33169
482.59943	-0.32556
483.08154	-0.31740
483.56366	-0.30687
484.04578	-0.29370
484.52790	-0.27794
485.01001	-0.26001
485.49213	-0.24085
485.97425	-0.22181
486.45637	-0.20443
486.93848	-0.19014
487.42060	-0.18008
487.90272	-0.17493
488.38483	-0.17470
488.86695	-0.17894
489.34907	-0.18679
489.83119	-0.19714
490.31330	-0.20878
490.79542	-0.22047
491.27754	-0.23114
491.75966	-0.23995
492.24177	-0.24602
492.72389	-0.24912
493.20601	-0.24937
493.68812	-0.24718
494.17024	-0.24336
494.65236	-0.23839
495.13448	-0.23241
495.61659	-0.22516
496.09871	-0.21525
496.58083	-0.20159
497.06295	-0.18317
497.54506	-0.15984
498.02718	-0.13262
498.50930	-0.10328
498.99142	-0.07421
499.47353	-0.04803
499.95565	-0.02708
500.43777	-0.01303
500.91988	-0.00684
501.40200	-0.00852
501.88412	-0.01725
502.36624	-0.03132
502.84835	-0.04872
503.33047	-0.06749
503.81259	-0.08618
504.29471	-0.10378
504.77682	-0.11994
505.25894	-0.13491
505.74106	-0.14980
506.22318	-0.16522
506.70529	-0.18212
507.18741	-0.20091
507.66953	-0.22146
508.15164	-0.24284
508.63376	-0.26375
509.11588	-0.28277
509.59800	-0.29909
510.08011	-0.31187
510.56223	-0.32110
511.04435	-0.32709
511.52647	-0.33031
512.00858	-0.33091
512.49070	-0.32850
512.97282	-0.32245
513.45493	-0.31226
513.93705	-0.29702
514.41917	-0.27681
514.90129	-0.25249
515.38340	-0.22610
515.86552	-0.19989
516.34764	-0.17642
516.82976	-0.15781
517.31187	-0.14585
517.79399	-0.14144
518.27611	-0.14480
518.75823	-0.15510
519.24034	-0.17133
519.72246	-0.19156
520.20458	-0.21399
520.68669	-0.23730
521.16881	-0.26054
521.65093	-0.28336
522.13305	-0.30560
522.61516	-0.32697
523.09728	-0.34453
523.57940	-0.35670
524.06152	-0.35779
524.54363	-0.34330
525.02575	-0.31249
525.50787	-0.26982
525.98998	-0.22255
526.47210	-0.17789
526.95422	-0.13646
527.43634	-0.10258
527.91845	-0.07641
528.40057	-0.05800
528.88269	-0.04781
529.36481	-0.04614
529.84692	-0.05279
530.32904	-0.06647
530.81116	-0.08443
531.29328	-0.10262
531.77539	-0.11711
532.25751	-0.12501
532.73963	-0.12603
533.22174	-0.12166
533.70386	-0.11426
534.18598	-0.10668
534.66810	-0.10215
535.15021	-0.10307
535.63233	-0.11217
536.11445	-0.13220
536.59657	-0.16611
537.07868	-0.21609
537.56080	-0.28301
538.04292	-0.36501
538.52503	-0.45501
539.00715	-0.54486
539.48927	-0.61792
539.97139	-0.65622
540.45350	-0.65311
540.93562	-0.61231
541.41774	-0.55248
541.89986	-0.49259
542.38197	-0.43809
542.86409	-0.39787
543.34621	-0.37031
543.82833	-0.35263
544.31044	-0.34153
544.79256	-0.33397
545.27468	-0.32725
545.75679	-0.31884
546.23891	-0.30663
546.72103	-0.28990
547.20315	-0.26802
547.68526	-0.24159
548.16738	-0.21186
548.64950	-0.18083
549.13162	-0.15060
549.61373	-0.12282
550.09585	-0.09815
550.57797	-0.07819
551.06008	-0.06349
551.54220	-0.05433
552.02432	-0.05060
552.50644	-0.05224
552.98855	-0.05841
553.47067	-0.06814
553.95279	-0.08057
554.43491	-0.09574
554.91702	-0.11404
555.39914	-0.13656
555.88126	-0.16542
556.36338	-0.20219
556.84549	-0.24830
557.32761	-0.30450
557.80973	-0.36803
558.29184	-0.43572
558.77396	-0.49722
559.25608	-0.53808
559.73820	-0.54393
560.22031	-0.51190
560.70243	-0.45358
561.18455	-0.38681
561.66667	-0.31686
562.14878	-0.25561
562.63090	-0.20937
563.11302	-0.18377
563.59513	-0.18415
564.07725	-0.21555
564.55937	-0.28074
565.04149	-0.38003
565.52360	-0.50608
566.00572	-0.55261
566.48784	-0.45693
566.96996	-0.31001
567.45207	-0.19483
567.93419	-0.09757
568.41631	-0.01351
568.89843	0.06050
569.38054	0.12764
569.86266	0.18910
570.34478	0.24423
570.82689	0.29082
571.30901	0.32371
571.79113	0.34263
572.27325	0.34282
572.75536	0.32190
573.23748	0.28146
573.71960	0.22617
574.20172	0.16312
574.68383	0.09942
575.16595	0.03961
575.64807	-0.00883
576.13018	-0.04217
576.61230	-0.05832
577.09442	-0.05705
577.57654	-0.04328
578.05865	-0.02419
578.54077	-0.00863
579.02289	-0.00482
579.50501	-0.01733
579.98712	-0.05028
580.46924	-0.10562
580.95136	-0.18186
581.43348	-0.27864
581.91559	-0.38857
582.39771	-0.49922
582.87983	-0.57470
583.36194	-0.60145
583.84406	-0.59561
584.32618	-0.59993
584.80830	-0.62523
585.29041	-0.64441
585.77253	-0.58446
586.25465	-0.42529
586.73677	-0.22583
587.21888	-0.04913
587.70100	0.04486
588.18312	0.02613
588.66523	-0.07477
589.14735	-0.22440
589.62947	-0.40026
590.11159	-0.57786
590.59370	-0.72158
591.07582	-0.72414
591.55794	-0.60186
592.04006	-0.45579
592.52217	-0.32896
593.00429	-0.21253
593.48641	-0.10284
593.96853	0.00109
594.45064	0.09620
594.93276	0.17849
595.41488	0.24055
595.89699	0.27323
596.37911	0.27080
596.86123	0.23038
597.34335	0.15800
597.82546	0.06658
598.30758	-0.02822
598.78970	-0.11274
599.27182	-0.17461
599.75393	-0.20999
600.23605	-0.22160
600.71817	-0.21637
601.20029	-0.19916
601.68240	-0.17420
602.16452	-0.14246
602.64664	-0.10601
603.12875	-0.06610
603.61087	-0.02376
604.09299	0.02889
604.57511	0.07966
605.05722	0.10653
605.53934	0.07361
606.02146	-0.16728
606.50358	-0.87907
606.98569	5.00000
607.46781	-1.17559
607.94993	-0.61342
608.43204	-0.40522
608.91416	-0.29964
609.39628	-0.24844
609.87840	-0.22861
610.36051	-0.22513
610.84263	-0.22606
611.32475	-0.22289
611.80687	-0.20867
612.28898	-0.18349
612.77110	-0.15343
613.25322	-0.12755
613.73534	-0.11387
614.21745	-0.11884
614.69957	-0.14866
615.18169	-0.21247
615.66380	-0.37122
616.14592	-0.52960
616.62804	-0.32558
617.11016	0.07503
617.59227	0.40060
618.07439	0.67619
618.55651	0.74524
619.03863	0.68507
619.52074	0.59524
620.00286	0.53795
620.48498	0.50459
620.96709	0.49249
621.44921	0.51093
621.93133	0.56373
622.41345	0.57144
622.89556	0.42730
623.37768	0.13928
623.85980	-0.17765
624.34192	-0.44331
624.82403	-0.54700
625.30615	-0.51776
625.78827	-0.42141
626.27039	-0.28709
626.75250	-0.13702
627.23462	0.01221
627.71674	0.16194
628.19885	0.30046
628.68097	0.41623
629.16309	0.50743
629.64521	0.55657
630.12732	0.55582
630.60944	0.50767
631.09156	0.41581
631.57368	0.29892
632.05579	0.18002
632.53791	0.08051
633.02003	0.02123
633.50214	0.01428
633.98426	0.05304
634.46638	0.12163
634.94850	0.22557
635.43061	0.37471
635.91273	0.54747
636.39485	0.64439
636.87697	0.51717
637.35908	0.24761
637.84120	-0.01300
638.32332	-0.22348
638.80544	-0.39387
639.28755	-0.55371
639.76967	-0.71083
640.25179	-0.87616
640.73390	-1.04898
641.21602	-1.21039
641.69814	-1.22250
642.18026	-1.09565
642.66237	-0.95813
643.14449	-0.84899
643.62661	-0.76159
644.10873	-0.68857
644.59084	-0.62202
645.07296	-0.55730
645.55508	-0.49280
646.03719	-0.42909
646.51931	-0.36394
647.00143	-0.29963
647.48355	-0.23100
647.96566	-0.15052
648.44778	0.00564
648.92990	0.46458
649.41202	1.53136
649.89413	0.70314
650.37625	0.31189
650.85837	0.14298
651.34049	0.04101
651.82260	-0.03553
652.30472	-0.10377
652.78684	-0.17222
653.26895	-0.24486
653.75107	-0.32478
654.23319	-0.40550
654.71531	-0.48568
655.19742	-0.53498
655.67954	-0.52911
656.16166	-0.47335
656.64378	-0.39254
657.12589	-0.30155
657.60801	-0.20842
658.09013	-0.10921
658.57224	0.00787
659.05436	0.12794
659.53648	0.21273
660.01860	0.19890
660.50071	0.07600
660.98283	-0.09350
661.46495	-0.27748
661.94707	-0.47449
662.42918	-0.52221
662.91130	-0.28062
663.39342	-0.06000
663.87554	0.12481
664.35765	0.26141
664.83977	0.36271
665.32189	0.43837
665.80400	0.49694
666.28612	0.53765
666.76824	0.55302
667.25036	0.53124
667.73247	0.46145
668.21459	0.36300
668.69671	0.24514
669.17883	0.12087
669.66094	0.00086
670.14306	-0.10889
670.62518	-0.20284
671.10729	-0.27928
671.58941	-0.34352
672.07153	-0.39648
672.55365	-0.43833
673.03576	-0.47064
673.51788	-0.48938
674.00000	-0.48292
674.48212	-0.45137
674.96423	-0.40893
675.44635	-0.36804
675.92847	-0.34494
676.41059	-0.34188
676.89270	-0.36029
677.37482	-0.40028
677.85694	-0.45520
678.33905	-0.51214
678.82117	-0.56089
679.30329	-0.65955
679.78541	-0.94651
680.26752	-0.94651
680.74964	5.00000
681.23176	-1.25547
681.71388	-0.48427
682.19599	-0.16149
682.67811	-0.00024
683.16023	0.06192
683.64234	0.08436
684.12446	0.07701
684.60658	0.04729
685.08870	-0.00070
685.57081	-0.05500
686.05293	-0.10122
686.53505	-0.12791
687.01717	-0.13206
687.49928	-0.12003
687.98140	-0.09904
688.46352	-0.07423
688.94564	-0.04552
689.42775	-0.01149
689.90987	0.02736
690.39199	0.06860
690.87410	0.10714
691.35622	0.13344
691.83834	0.14331
692.32046	0.14192
692.80257	0.14239
693.28469	0.16154
693.76681	0.20760
694.24893	0.26840
694.73104	0.28953
695.21316	0.16337
695.69528	-0.09748
696.17740	-0.44391
696.65951	-0.70945
697.14163	-0.68431
697.62375	-0.40662
698.10586	-0.21093
698.58798	-0.06835
699.07010	0.08747
699.55222	0.24138
700.03433	0.33847
700.51645	0.29992
700.99857	0.13506
701.48069	-0.04879
701.96280	-0.19804
702.44492	-0.31408
702.92704	-0.38865
703.40915	-0.40415
703.89127	-0.36213
704.37339	-0.29188
704.85551	-0.21611
705.33762	-0.14906
705.81974	-0.09812
706.30186	-0.05457
706.78398	-0.01975
707.26609	0.00893
707.74821	0.03329
708.23033	0.05410
708.71245	0.07182
709.19456	0.08518
709.67668	0.09211
710.15880	0.09238
710.64091	0.08072
711.12303	0.05904
711.60515	0.03083
712.08727	0.00811
712.56938	0.00826
713.05150	0.02657
713.53362	0.04240
714.01574	0.04550
714.49785	0.03339
714.97997	0.01028
715.46209	-0.02058
715.94420	-0.05867
716.42632	-0.10354
716.90844	-0.15942
717.39056	-0.22728
717.87267	-0.27548
718.35479	-0.27811
718.83691	-0.23789
719.31903	-0.19014
719.80114	-0.13501
720.28326	-0.07400
720.76538	-0.00045
721.24750	0.09291
721.72961	0.19083
722.21173	0.25767
722.69385	0.23748
723.17596	0.15602
723.65808	0.05616
724.14020	-0.04054
724.62232	-0.14432
725.10443	-0.26850
725.58655	-0.49047
726.06867	-0.75101
726.55079	-0.70085
727.03290	-0.42783
727.51502	-0.25480
727.99714	-0.15871
728.47925	-0.12171
728.96137	-0.13189
729.44349	-0.18735
729.92561	-0.27969
730.40772	-0.38825
730.88984	-0.47004
731.37196	-0.48118
731.85408	-0.43481
732.33619	-0.39037
732.81831	-0.40823
733.30043	-0.52545
733.78255	-0.58994
734.26466	-0.35087
734.74678	-0.18035
735.22890	-0.07977
735.71101	-0.02841
736.19313	0.00543
736.67525	0.03829
737.15737	0.07778
737.63948	0.12863
738.12160	0.19704
738.60372	0.29054
739.08584	0.53129
739.56795	0.95345
740.05007	1.26178
740.53219	0.92865
741.01430	0.69434
741.49642	0.64593
741.97854	0.77646
742.46066	1.44728
742.94277	5.00000
743.42489	5.00000
743.90701	0.58673
744.38913	0.15008
744.87124	0.03216
745.35336	-0.05484
745.83548	-0.11386
746.31760	-0.14521
746.79971	-0.12953
747.28183	-0.06555
747.76395	0.04810
748.24606	0.20505
748.72818	0.38242
749.21030	0.49003
749.69242	0.44854
750.17453	0.33151
750.65665	0.24014
751.13877	0.16735
751.62089	0.11709
752.10300	0.09054
752.58512	0.08909
753.06724	0.11663
753.54935	0.16854
754.03147	0.23225
754.51359	0.29038
754.99571	0.32915
755.47782	0.35018
755.95994	0.35772
756.44206	0.35060
756.92418	0.33252
757.40629	0.30382
757.88841	0.26843
758.37053	0.22661
758.85265	0.18384
759.33476	0.14084
759.81688	0.09971
760.29900	0.06238
760.78111	0.03109
761.26323	0.00685
761.74535	-0.01014
762.22747	-0.02283
762.70958	-0.03202
763.19170	-0.04014
763.67382	-0.04756
764.15594	-0.05186
764.63805	-0.04900
765.12017	-0.03421
765.60229	-0.00138
766.08440	0.05940
766.56652	0.13760
767.04864	0.13135
767.53076	-0.03298
768.01287	-0.31614
768.49499	-0.61002
768.97711	-0.72805
769.45923	-0.68300
769.94134	-0.60665
770.42346	-0.57060
770.90558	-0.56252
771.38770	-0.57817
771.86981	-0.62603
772.35193	-0.69644
772.83405	-0.76105
773.31616	-0.77437
773.79828	-0.70621
774.28040	-0.58287
774.76252	-0.47096
775.24463	-0.41836
775.72675	-0.44612
776.20887	-0.56047
776.69099	-0.76988
777.17310	-1.10562
777.65522	-1.10562
778.13734	-1.19548
778.61945	-0.72839
779.10157	-0.47194
779.58369	-0.03856
780.06581	5.00000
780.54792	1.53892
781.03004	0.06157
781.51216	-0.10594
781.99428	-0.14929
782.47639	-0.14992
782.95851	-0.14105
783.44063	-0.12823
783.92275	-0.11764
784.40486	-0.10861
784.88698	-0.09881
785.36910	-0.08677
785.85121	-0.06845
786.33333	-0.04146
786.81545	-0.00288
787.29757	0.04901
787.77968	0.11920
788.26180	0.21117
788.74392	0.32955
789.22604	0.46635
789.70815	0.60449
790.19027	0.66511
790.67239	0.63403
791.15451	0.57841
791.63662	0.53472
792.11874	0.50545
792.60086	0.48288
793.08297	0.46046
793.56509	0.43714
794.04721	0.42134
794.52933	0.42240
795.01144	0.43412
795.49356	0.46626
795.97568	0.51996
796.45780	0.59776
796.93991	0.69927
797.42203	0.84261
797.90415	1.01550
798.38626	1.17795
798.86838	1.24949
799.35050	1.21282
799.83262	1.14368
800.31473	1.09770
800.79685	1.09629
801.27897	1.07695
801.76109	1.00409
802.24320	0.87118
802.72532	0.70583
803.20744	0.49454
803.68956	0.26723
804.17167	0.05936
804.65379	-0.07285
805.13591	-0.10377
805.61802	-0.08469
806.10014	-0.06295
806.58226	-0.05170
807.06438	-0.04211
807.54649	-0.03179
808.02861	-0.01781
808.51073	0.00320
808.99285	0.03027
809.47496	0.05983
809.95708	0.09016
810.43920	0.12359
810.92131	0.16483
811.40343	0.21265
811.88555	0.26578
812.36767	0.33086
812.84978	0.39612
813.33190	0.45755
813.81402	0.51328
814.29614	0.56115
814.77825	0.58733
815.26037	0.57380
815.74249	0.50003
816.22461	0.32503
816.70672	0.09031
817.18884	-0.04506
817.67096	0.04534
818.15307	0.20563
818.63519	0.35424
819.11731	0.42940
819.59943	0.38671
820.08154	0.22602
820.56366	-0.02303
821.04578	-0.36199
821.52790	-0.79837
822.01001	-0.84944
822.49213	-0.44242
822.97425	-0.18353
823.45636	-0.06368
823.93848	-0.03027
824.42060	-0.01987
824.90272	-0.01269
825.38483	0.00819
825.86695	0.05299
826.34907	0.11386
826.83119	0.17782
827.31330	0.23318
827.79542	0.26575
828.27754	0.24792
828.75966	0.16608
829.24177	0.05297
829.72389	-0.03439
830.20601	-0.06969
830.68812	-0.05960
831.17024	-0.02439
831.65236	0.01611
832.13448	0.06483
832.61659	0.12452
833.09871	0.20187
833.58083	0.35944
834.06295	0.63568
834.54506	0.95467
835.02718	0.85465
835.50930	0.56877
835.99141	0.36039
836.47353	0.22017
836.95565	0.14034
837.43777	0.09734
837.91988	0.08481
838.40200	0.10135
838.88412	0.14813
839.36624	0.20426
839.84835	0.19612
840.33047	0.07259
840.81259	-0.14433
841.29471	-0.30140
841.77682	-0.26603
842.25894	-0.10693
842.74106	0.00633
843.22317	0.11271
843.70529	0.18639
844.18741	0.21650
844.66953	0.19227
845.15164	0.11216
845.63376	0.00162
846.11588	-0.10549
846.59800	-0.18010
847.08011	-0.20161
847.56223	-0.17241
848.04435	-0.08451
848.52646	0.06568
849.00858	0.35847
849.49070	0.75216
849.97282	0.81949
850.45493	0.58008
850.93705	0.43279
851.41917	0.33975
851.90129	0.27459
852.38340	0.22645
852.86552	0.18578
853.34764	0.14993
853.82976	0.11520
854.31187	0.08084
854.79399	0.04700
855.27611	0.01351
855.75822	-0.01713
856.24034	-0.04382
856.72246	-0.06780
857.20458	-0.09412
857.68669	-0.13275
858.16881	-0.19427
858.65093	-0.35361
859.13305	-0.69824
859.61516	-0.69824
860.09728	-0.69824
860.57940	-0.93439
861.06151	-0.58909
861.54363	-0.34692
862.02575	-0.16437
862.50787	-0.02109
862.98998	0.09796
863.47210	0.20261
863.95422	0.29798
864.43634	0.38911
864.91845	0.46994
865.40057	0.53796
865.88269	0.58827
866.36481	0.61353
866.84692	0.59345
867.32904	0.52484
867.81116	0.42931
868.29327	0.33447
868.77539	0.25298
869.25751	0.19014
869.73963	0.14440
870.22174	0.11244
870.70386	0.09049
871.18598	0.07531
871.66810	0.06505
872.15021	0.05777
872.63233	0.05068
873.11445	0.03416
873.59656	-0.00275
874.07868	-0.08998
874.56080	-0.22583
875.04292	-0.30761
875.52503	-0.26522
876.00715	-0.17139
876.48927	-0.09296
876.97139	-0.03406
877.45350	0.00207
877.93562	0.01912
878.41774	0.01117
878.89986	-0.02571
879.38197	-0.09513
879.86409	-0.18580
880.34621	-0.32653
880.82832	-0.49949
881.31044	-0.66044
881.79256	-0.75392
882.27468	-0.77238
882.75679	-0.74731
883.23891	-0.71598
883.72103	-0.68662
884.20315	-0.60700
884.68526	-0.48200
885.16738	-0.34548
885.64950	-0.16942
886.13161	-0.00331
886.61373	0.12614
887.09585	0.19976
887.57797	0.24813
888.06008	0.27146
888.54220	0.28053
889.02432	0.28429
889.50644	0.29106
889.98855	0.31394
890.47067	0.35920
890.95279	0.41887
891.43491	0.47317
891.91702	0.50955
892.39914	0.52054
892.88126	0.50424
893.36337	0.46577
893.84549	0.41025
894.32761	0.34480
894.80973	0.27566
895.29184	0.21203
895.77396	0.15783
896.25608	0.11974
896.73820	0.10302
897.22031	0.11015
897.70243	0.14605
898.18455	0.21629
898.66667	0.32446
899.14878	0.43148
899.63090	0.51277
900.11302	0.49523
900.59513	0.35980
901.07725	0.09975
901.55937	-0.13683
902.04149	-0.23212
902.52360	-0.29198
903.00572	-0.32148
903.48784	-0.37058
903.96996	-0.43847
904.45207	-0.52760
904.93419	-0.56066
905.41631	-0.45469
905.89842	-0.24237
906.38054	-0.04396
906.86266	0.13658
907.34478	0.26712
907.82689	0.32181
908.30901	0.30060
908.79113	0.24183
909.27325	0.19053
909.75536	0.17327
910.23748	0.20081
910.71960	0.26544
911.20172	0.35661
911.68383	0.47296
912.16595	0.62732
912.64807	1.46540
913.13018	5.00000
913.61230	5.00000
914.09442	0.61316
914.57654	0.58932
915.05865	0.61967
915.54077	0.44443
916.02289	0.14772
916.50501	-0.04181
916.98712	-0.17923
917.46924	-0.30329
917.95136	-0.43273
918.43347	-0.56803
918.91559	-0.68081
919.39771	-0.68977
919.87983	-0.61662
920.36194	-0.50759
920.84406	-0.42300
921.32618	-0.35617
921.80830	-0.30308
922.29041	-0.26140
922.77253	-0.22598
923.25465	-0.19330
923.73677	-0.16051
924.21888	-0.12602
924.70100	-0.09264
925.18312	-0.06597
925.66523	-0.05071
926.14735	-0.04561
926.62947	-0.04988
927.11159	-0.06084
927.59370	-0.07621
928.07582	-0.09391
928.55794	-0.11590
929.04006	-0.14197
929.52217	-0.17092
930.00429	-0.20428
930.48641	-0.23588
930.96852	-0.26114
931.45064	-0.27965
931.93276	-0.32574
932.41488	-0.43136
932.89699	-0.64954
933.37911	-1.00174
933.86123	-1.13648
934.34335	-0.80890
934.82546	-0.51678
935.30758	-0.35652
935.78970	-0.25265
936.27182	-0.16757
936.75393	-0.09438
937.23605	-0.03279
937.71817	0.01547
938.20028	0.04485
938.68240	0.05698
939.16452	0.05821
939.64664	0.05788
940.12875	0.06254
940.61087	0.07493
941.09299	0.09290
941.57511	0.11176
942.05722	0.12677
942.53934	0.13418
943.02146	0.13144
943.50357	0.11802
943.98569	0.09476
944.46781	0.06425
944.94993	0.03087
945.43204	0.00387
945.91416	-0.00580
946.39628	0.00966
946.87840	0.04693
947.36051	0.09393
947.84263	0.12053
948.32475	0.09364
948.80687	-0.01125
949.28898	-0.17588
949.77110	-0.20623
950.25322	-0.08757
950.73533	-0.00102
951.21745	0.00249
951.69957	-0.03308
952.18169	-0.08996
952.66380	-0.15480
953.14592	-0.21531
953.62804	-0.26374
954.11016	-0.29809
954.59227	-0.32449
955.07439	-0.37464
955.55651	-0.45801
956.03862	-0.52649
956.52074	-0.48556
957.00286	-0.29367
957.48498	-0.05023
957.96709	0.15011
958.44921	0.27823
958.93133	0.36044
959.41345	0.41250
959.89556	0.44564
960.37768	0.45632
960.85980	0.43066
961.34192	0.36989
961.82403	0.27823
962.30615	0.17034
962.78827	0.06503
963.27038	-0.03211
963.75250	-0.11077
964.23462	-0.15878
964.71674	-0.16859
965.19885	-0.14087
965.68097	-0.08565
966.16309	-0.01777
966.64521	0.05630
967.12732	0.13769
967.60944	0.22592
968.09156	0.32168
968.57367	0.43463
969.05579	0.56638
969.53791	0.72923
970.02003	0.96659
970.50214	1.35429
970.98426	1.20385
971.46638	0.68196
971.94850	0.34145
972.43061	0.15480
972.91273	0.00027
973.39485	-0.11950
973.87697	-0.19510
974.35908	-0.19245
974.84120	-0.10288
975.32332	0.05440
975.80543	0.22104
976.28755	0.26543
976.76967	0.17178
977.25179	0.05012
977.73390	-0.03271
978.21602	-0.08516
978.69814	-0.11536
979.18026	-0.12378
979.66237	-0.11172
980.14449	-0.08271
980.62661	-0.04198
981.10872	0.00502
981.59084	0.05376
982.07296	0.10510
982.55508	0.15794
983.03719	0.21481
983.51931	0.27950
984.00143	0.37094
984.48355	0.50259
984.96566	0.66830
985.44778	0.79562
985.92990	0.65504
986.41202	0.27980
986.89413	-0.10025
987.37625	-0.42548
987.85837	-0.57109
988.34048	-0.46465
988.82260	-0.28529
989.30472	-0.16554
989.78684	-0.08276
990.26895	-0.04908
990.75107	-0.07800
991.23319	-0.15588
991.71531	-0.26140
992.19742	-0.40021
992.67954	-0.59551
993.16166	-0.91515
993.64378	-0.91515
994.12589	-0.91515
994.60801	-0.80316
995.09013	-0.49898
995.57224	-0.39653
996.05436	-0.32949
996.53648	-0.27403
997.01860	-0.21391
997.50071	-0.14055
997.98283	-0.05707
998.46495	0.02700
998.94707	0.10095
999.42918	0.16103
