0.00000	0.30986
0.48212	0.30356
0.96423	0.28722
1.44635	0.26655
1.92847	0.24714
2.41059	0.22972
2.89270	0.21457
3.37482	0.20074
3.85694	0.18760
4.33906	0.17565
4.82117	0.16294
5.30329	0.15150
5.78541	0.14518
6.26753	0.14749
6.74964	0.15992
7.23176	0.17952
7.71388	0.20210
8.19599	0.22330
8.67811	0.24127
9.16023	0.25314
9.64235	0.25650
10.12446	0.25004
10.60658	0.23472
11.08870	0.21449
11.57082	0.19474
12.05293	0.17479
12.53505	0.16162
13.01717	0.15781
13.49928	0.16855
13.98140	0.31726
14.46352	0.94265
14.94564	0.51553
15.42775	-0.42741
15.90987	-0.42420
16.39199	-0.25894
16.87411	-0.14462
17.35622	-0.08936
17.83834	-0.06744
18.32046	-0.04987
18.80258	-0.03560
19.28469	-0.02418
19.76681	-0.01525
20.24893	-0.00853
20.73104	-0.00363
21.21316	-0.00018
21.69528	0.00224
22.17740	0.00399
22.65951	0.00535
23.14163	0.00656
23.62375	0.00773
24.10587	0.00893
24.58798	0.01012
25.07010	0.01125
25.55222	0.01221
26.03433	0.01290
26.51645	0.01325
26.99857	0.01320
27.48069	0.01274
27.96280	0.01191
28.44492	0.01079
28.92704	0.00949
29.40916	0.00812
29.89127	0.00684
30.37339	0.00577
30.85551	0.00501
31.33763	0.00463
31.81974	0.00466
32.30186	0.00507
32.78398	0.00577
33.26609	0.00665
33.74821	0.00756
34.23033	0.00835
34.71245	0.00891
35.19456	0.00917
35.67668	0.00913
36.15880	0.00885
36.64092	0.00842
37.12303	0.00793
37.60515	0.00747
38.08727	0.00709
38.56938	0.00684
39.05150	0.00671
39.53362	0.00668
40.01574	0.00673
40.49785	0.00680
40.97997	0.00686
41.46209	0.00687
41.94421	0.00682
42.42632	0.00672
42.90844	0.00657
43.39056	0.00642
43.87268	0.00630
44.35479	0.00622
44.83691	0.00620
45.31903	0.00626
45.80114	0.00640
46.28326	0.00661
46.76538	0.00689
47.24750	0.00724
47.72961	0.00765
48.21173	0.00810
48.69385	0.00858
49.17597	0.00904
49.65808	0.00944
50.14020	0.00973
50.62232	0.00989
51.10443	0.00988
51.58655	0.00971
52.06867	0.00939
52.55079	0.00895
53.03290	0.00843
53.51502	0.00791
53.99714	0.00744
54.47926	0.00710
54.96137	0.00694
55.44349	0.00700
55.92561	0.00728
56.40773	0.00775
56.88984	0.00836
57.37196	0.00903
57.85408	0.00971
58.33619	0.01034
58.81831	0.01088
59.30043	0.01131
59.78255	0.01162
60.26466	0.01180
60.74678	0.01186
61.22890	0.01180
61.71102	0.01164
62.19313	0.01139
62.67525	0.01108
63.15737	0.01072
63.63948	0.01035
64.12160	0.01001
64.60372	0.00971
65.08584	0.00948
65.56795	0.00934
66.05007	0.00931
66.53219	0.00936
67.01431	0.00951
67.49642	0.00973
67.97854	0.00999
68.46066	0.01027
68.94278	0.01053
69.42489	0.01075
69.90701	0.01090
70.38913	0.01097
70.87124	0.01096
71.35336	0.01088
71.83548	0.01077
72.31760	0.01065
72.79971	0.01054
73.28183	0.01047
73.76395	0.01043
74.24607	0.01041
74.72818	0.01040
75.21030	0.01038
75.69242	0.01033
76.17453	0.01025
76.65665	0.01013
77.13877	0.01000
77.62089	0.00989
78.10300	0.00980
78.58512	0.00977
79.06724	0.00979
79.54936	0.00986
80.03147	0.00996
80.51359	0.01005
80.99571	0.01012
81.47783	0.01014
81.95994	0.01009
82.44206	0.00996
82.92418	0.00976
83.40629	0.00949
83.88841	0.00917
84.37053	0.00884
84.85265	0.00851
85.33476	0.00821
85.81688	0.00796
86.29900	0.00777
86.78112	0.00763
87.26323	0.00753
87.74535	0.00746
88.22747	0.00741
88.70958	0.00737
89.19170	0.00732
89.67382	0.00726
90.15594	0.00717
90.63805	0.00706
91.12017	0.00693
91.60229	0.00676
92.08441	0.00658
92.56652	0.00640
93.04864	0.00622
93.53076	0.00608
94.01288	0.00597
94.49499	0.00590
94.97711	0.00588
95.45923	0.00590
95.94134	0.00595
96.42346	0.00601
96.90558	0.00607
97.38770	0.00612
97.86981	0.00614
98.35193	0.00614
98.83405	0.00611
99.31617	0.00607
99.79828	0.00602
100.28040	0.00599
100.76252	0.00597
101.24464	0.00598
101.72675	0.00600
102.20887	0.00602
102.69099	0.00603
103.17310	0.00601
103.65522	0.00595
104.13734	0.00585
104.61946	0.00570
105.10157	0.00551
105.58369	0.00530
106.06581	0.00507
106.54793	0.00484
107.03004	0.00463
107.51216	0.00445
107.99428	0.00431
108.47639	0.00423
108.95851	0.00421
109.44063	0.00425
109.92275	0.00435
110.40486	0.00451
110.88698	0.00472
111.36910	0.00496
111.85122	0.00521
112.33333	0.00547
112.81545	0.00570
113.29757	0.00589
113.77969	0.00602
114.26180	0.00610
114.74392	0.00613
115.22604	0.00613
115.70815	0.00612
116.19027	0.00614
116.67239	0.00618
117.15451	0.00627
117.63662	0.00640
118.11874	0.00656
118.60086	0.00674
119.08298	0.00690
119.56509	0.00702
120.04721	0.00710
120.52933	0.00712
121.01144	0.00707
121.49356	0.00695
121.97568	0.00679
122.45780	0.00659
122.93991	0.00639
123.42203	0.00619
123.90415	0.00601
124.38627	0.00586
124.86838	0.00574
125.35050	0.00565
125.83262	0.00558
126.31474	0.00552
126.79685	0.00546
127.27897	0.00539
127.76109	0.00531
128.24320	0.00521
128.72532	0.00510
129.20744	0.00497
129.68956	0.00484
130.17167	0.00473
130.65379	0.00464
131.13591	0.00460
131.61803	0.00462
132.10014	0.00468
132.58226	0.00479
133.06438	0.00492
133.54649	0.00507
134.02861	0.00522
134.51073	0.00535
134.99285	0.00546
135.47496	0.00553
135.95708	0.00559
136.43920	0.00562
136.92132	0.00565
137.40343	0.00567
137.88555	0.00571
138.36767	0.00575
138.84979	0.00580
139.33190	0.00584
139.81402	0.00587
140.29614	0.00589
140.77825	0.00590
141.26037	0.00589
141.74249	0.00588
142.22461	0.00589
142.70672	0.00591
143.18884	0.00595
143.67096	0.00602
144.15308	0.00610
144.63519	0.00618
145.11731	0.00626
145.59943	0.00631
146.08154	0.00633
146.56366	0.00632
147.04578	0.00628
147.52790	0.00623
148.01001	0.00617
148.49213	0.00612
148.97425	0.00610
149.45637	0.00611
149.93848	0.00616
150.42060	0.00625
150.90272	0.00638
151.38484	0.00653
151.86695	0.00669
152.34907	0.00685
152.83119	0.00701
153.31330	0.00715
153.79542	0.00728
154.27754	0.00740
154.75966	0.00752
155.24177	0.00766
155.72389	0.00782
156.20601	0.00801
156.68813	0.00823
157.17024	0.00848
157.65236	0.00875
158.13448	0.00904
158.61659	0.00932
159.09871	0.00960
159.58083	0.00987
160.06295	0.01014
160.54506	0.01042
161.02718	0.01072
161.50930	0.01105
161.99142	0.01141
162.47353	0.01180
162.95565	0.01220
163.43777	0.01261
163.91989	0.01299
164.40200	0.01332
164.88412	0.01360
165.36624	0.01381
165.84835	0.01396
166.33047	0.01408
166.81259	0.01418
167.29471	0.01429
167.77682	0.01445
168.25894	0.01468
168.74106	0.01497
169.22318	0.01532
169.70529	0.01574
170.18741	0.01620
170.66953	0.01668
171.15164	0.01719
171.63376	0.01772
172.11588	0.01827
172.59800	0.01885
173.08011	0.01949
173.56223	0.02019
174.04435	0.02097
174.52647	0.02184
175.00858	0.02277
175.49070	0.02376
175.97282	0.02477
176.45494	0.02576
176.93705	0.02671
177.41917	0.02759
177.90129	0.02838
178.38340	0.02911
178.86552	0.02977
179.34764	0.03041
179.82976	0.03106
180.31187	0.03178
180.79399	0.03258
181.27611	0.03349
181.75823	0.03450
182.24034	0.03560
182.72246	0.03675
183.20458	0.03793
183.68669	0.03908
184.16881	0.04018
184.65093	0.04121
185.13305	0.04216
185.61516	0.04302
186.09728	0.04380
186.57940	0.04451
187.06152	0.04515
187.54363	0.04572
188.02575	0.04621
188.50787	0.04660
188.98999	0.04689
189.47210	0.04708
189.95422	0.04716
190.43634	0.04716
190.91845	0.04712
191.40057	0.04708
191.88269	0.04708
192.36481	0.04718
192.84692	0.04742
193.32904	0.04782
193.81116	0.04837
194.29328	0.04906
194.77539	0.04984
195.25751	0.05068
195.73963	0.05152
196.22174	0.05233
196.70386	0.05308
197.18598	0.05378
197.66810	0.05445
198.15021	0.05512
198.63233	0.05584
199.11445	0.05664
199.59657	0.05755
200.07868	0.05856
200.56080	0.05967
201.04292	0.06086
201.52504	0.06208
202.00715	0.06331
202.48927	0.06452
202.97139	0.06572
203.45350	0.06690
203.93562	0.06811
204.41774	0.06937
204.89986	0.07071
205.38197	0.07217
205.86409	0.07374
206.34621	0.07541
206.82833	0.07716
207.31044	0.07892
207.79256	0.08066
208.27468	0.08232
208.75680	0.08387
209.23891	0.08528
209.72103	0.08657
210.20315	0.08775
210.68526	0.08888
211.16738	0.08999
211.64950	0.09112
212.13162	0.09230
212.61373	0.09352
213.09585	0.09477
213.57797	0.09602
214.06009	0.09723
214.54220	0.09836
215.02432	0.09938
215.50644	0.10028
215.98855	0.10108
216.47067	0.10180
216.95279	0.10249
217.43491	0.10318
217.91702	0.10392
218.39914	0.10473
218.88126	0.10561
219.36338	0.10654
219.84549	0.10751
220.32761	0.10848
220.80973	0.10941
221.29185	0.11027
221.77396	0.11105
222.25608	0.11175
222.73820	0.11239
223.22031	0.11298
223.70243	0.11357
224.18455	0.11418
224.66667	0.11485
225.14878	0.11557
225.63090	0.11637
226.11302	0.11723
226.59514	0.11814
227.07725	0.11910
227.55937	0.12008
228.04149	0.12110
228.52360	0.12214
229.00572	0.12323
229.48784	0.12437
229.96996	0.12559
230.45207	0.12688
230.93419	0.12826
231.41631	0.12971
231.89843	0.13122
232.38054	0.13277
232.86266	0.13433
233.34478	0.13588
233.82690	0.13740
234.30901	0.13887
234.79113	0.14030
235.27325	0.14170
235.75536	0.14306
236.23748	0.14440
236.71960	0.14573
237.20172	0.14704
237.68383	0.14834
238.16595	0.14960
238.64807	0.15080
239.13019	0.15194
239.61230	0.15298
240.09442	0.15393
240.57654	0.15478
241.05865	0.15555
241.54077	0.15626
242.02289	0.15694
242.50501	0.15762
242.98712	0.15833
243.46924	0.15907
243.95136	0.15986
244.43348	0.16069
244.91559	0.16154
245.39771	0.16237
245.87983	0.16316
246.36195	0.16388
246.84406	0.16451
247.32618	0.16506
247.80830	0.16554
248.29041	0.16598
248.77253	0.16641
249.25465	0.16687
249.73677	0.16738
250.21888	0.16797
250.70100	0.16862
251.18312	0.16933
251.66524	0.17004
252.14735	0.17071
252.62947	0.17130
253.11159	0.17177
253.59370	0.17209
254.07582	0.17226
254.55794	0.17231
255.04006	0.17226
255.52217	0.17215
256.00429	0.17204
256.48641	0.17194
256.96853	0.17187
257.45064	0.17183
257.93276	0.17182
258.41488	0.17181
258.89700	0.17177
259.37911	0.17168
259.86123	0.17152
260.34335	0.17130
260.82546	0.17102
261.30758	0.17070
261.78970	0.17036
262.27182	0.16999
262.75393	0.16959
263.23605	0.16914
263.71817	0.16860
264.20029	0.16792
264.68240	0.16707
265.16452	0.16600
265.64664	0.16471
266.12875	0.16323
266.61087	0.16160
267.09299	0.15991
267.57511	0.15822
268.05722	0.15664
268.53934	0.15520
269.02146	0.15394
269.50358	0.15284
269.98569	0.15183
270.46781	0.15083
270.94993	0.14975
271.43205	0.14851
271.91416	0.14704
272.39628	0.14532
272.87840	0.14339
273.36051	0.14130
273.84263	0.13911
274.32475	0.13688
274.80687	0.13466
275.28898	0.13246
275.77110	0.13022
276.25322	0.12789
276.73534	0.12537
277.21745	0.12257
277.69957	0.11942
278.18169	0.11591
278.66380	0.11207
279.14592	0.10800
279.62804	0.10380
280.11016	0.09964
280.59227	0.09564
281.07439	0.09192
281.55651	0.08856
282.03863	0.08558
282.52074	0.08295
283.00286	0.08060
283.48498	0.07842
283.96710	0.07634
284.44921	0.07427
284.93133	0.07216
285.41345	0.06999
285.89556	0.06776
286.37768	0.06549
286.85980	0.06318
287.34192	0.06084
287.82403	0.05845
288.30615	0.05597
288.78827	0.05334
289.27039	0.05049
289.75250	0.04738
290.23462	0.04398
290.71674	0.04028
291.19885	0.03633
291.68097	0.03218
292.16309	0.02790
292.64521	0.02358
293.12732	0.01929
293.60944	0.01508
294.09156	0.01100
294.57368	0.00708
295.05579	0.00337
295.53791	-0.00007
296.02003	-0.00317
296.50215	-0.00583
296.98426	-0.00797
297.46638	-0.00951
297.94850	-0.01041
298.43061	-0.01069
298.91273	-0.01038
299.39485	-0.00961
299.87697	-0.00848
300.35908	-0.00711
300.84120	-0.00561
301.32332	-0.00404
301.80544	-0.00243
302.28755	-0.00073
302.76967	0.00111
303.25179	0.00315
303.73391	0.00542
304.21602	0.00790
304.69814	0.01051
305.18026	0.01314
305.66237	0.01562
306.14449	0.01781
306.62661	0.01961
307.10873	0.02097
307.59084	0.02192
308.07296	0.02255
308.55508	0.02299
309.03720	0.02338
309.51931	0.02382
310.00143	0.02435
310.48355	0.02492
310.96566	0.02546
311.44778	0.02585
311.92990	0.02599
312.41202	0.02583
312.89413	0.02538
313.37625	0.02474
313.85837	0.02408
314.34049	0.02357
314.82260	0.02340
315.30472	0.02365
315.78684	0.02435
316.26896	0.02539
316.75107	0.02660
317.23319	0.02780
317.71531	0.02880
318.19742	0.02946
318.67954	0.02973
319.16166	0.02967
319.64378	0.02942
320.12589	0.02914
320.60801	0.02898
321.09013	0.02905
321.57225	0.02931
322.05436	0.02963
322.53648	0.02980
323.01860	0.02956
323.50071	0.02867
323.98283	0.02701
324.46495	0.02453
324.94707	0.02136
325.42918	0.01776
325.91130	0.01406
326.39342	0.01055
326.87554	0.00748
327.35765	0.00494
327.83977	0.00286
328.32189	0.00107
328.80401	-0.00068
329.28612	-0.00265
329.76824	-0.00505
330.25036	-0.00795
330.73247	-0.01130
331.21459	-0.01491
331.69671	-0.01846
332.17883	-0.02166
332.66094	-0.02424
333.14306	-0.02609
333.62518	-0.02723
334.10730	-0.02785
334.58941	-0.02819
335.07153	-0.02857
335.55365	-0.02927
336.03576	-0.03050
336.51788	-0.03234
337.00000	-0.03469
337.48212	-0.03737
337.96423	-0.04006
338.44635	-0.04249
338.92847	-0.04445
339.41059	-0.04582
339.89270	-0.04659
340.37482	-0.04683
340.85694	-0.04664
341.33906	-0.04612
341.82117	-0.04541
342.30329	-0.04466
342.78541	-0.04404
343.26752	-0.04370
343.74964	-0.04383
344.23176	-0.04452
344.71388	-0.04585
345.19599	-0.04780
345.67811	-0.05033
346.16023	-0.05335
346.64235	-0.05678
347.12446	-0.06047
347.60658	-0.06428
348.08870	-0.06804
348.57081	-0.07155
349.05293	-0.07461
349.53505	-0.07706
350.01717	-0.07875
350.49928	-0.07961
350.98140	-0.07962
351.46352	-0.07885
351.94564	-0.07742
352.42775	-0.07549
352.90987	-0.07329
353.39199	-0.07107
353.87411	-0.06903
354.35622	-0.06738
354.83834	-0.06622
355.32046	-0.06559
355.80257	-0.06545
356.28469	-0.06569
356.76681	-0.06620
357.24893	-0.06689
357.73104	-0.06770
358.21316	-0.06863
358.69528	-0.06973
359.17740	-0.07107
359.65951	-0.07270
360.14163	-0.07465
360.62375	-0.07686
361.10586	-0.07925
361.58798	-0.08167
362.07010	-0.08398
362.55222	-0.08604
363.03433	-0.08776
363.51645	-0.08909
363.99857	-0.09002
364.48069	-0.09053
364.96280	-0.09063
365.44492	-0.09032
365.92704	-0.08958
366.40916	-0.08842
366.89127	-0.08683
367.37339	-0.08484
367.85551	-0.08250
368.33762	-0.07992
368.81974	-0.07724
369.30186	-0.07467
369.78398	-0.07241
370.26609	-0.07065
370.74821	-0.06958
371.23033	-0.06926
371.71245	-0.06969
372.19456	-0.07081
372.67668	-0.07248
373.15880	-0.07456
373.64091	-0.07693
374.12303	-0.07946
374.60515	-0.08208
375.08727	-0.08469
375.56938	-0.08718
376.05150	-0.08944
376.53362	-0.09133
377.01574	-0.09271
377.49785	-0.09347
377.97997	-0.09362
378.46209	-0.09318
378.94421	-0.09234
379.42632	-0.09129
379.90844	-0.09029
380.39056	-0.08960
380.87267	-0.08937
381.35479	-0.08967
381.83691	-0.09043
382.31903	-0.09141
382.80114	-0.09231
383.28326	-0.09275
383.76538	-0.09241
384.24750	-0.09109
384.72961	-0.08876
385.21173	-0.08558
385.69385	-0.08189
386.17596	-0.07820
386.65808	-0.07508
387.14020	-0.07319
387.62232	-0.07312
388.10443	-0.07529
388.58655	-0.07992
389.06867	-0.08685
389.55079	-0.09565
390.03290	-0.10553
390.51502	-0.11563
390.99714	-0.12508
391.47926	-0.13302
391.96137	-0.13881
392.44349	-0.14205
392.92561	-0.14266
393.40772	-0.14083
393.88984	-0.13710
394.37196	-0.13224
394.85408	-0.12706
395.33619	-0.12237
395.81831	-0.11876
396.30043	-0.11650
396.78255	-0.11555
397.26466	-0.11561
397.74678	-0.11620
398.22890	-0.11683
398.71102	-0.11710
399.19313	-0.11677
399.67525	-0.11584
400.15737	-0.11448
400.63948	-0.11303
401.12160	-0.11188
401.60372	-0.11145
402.08584	-0.11199
402.56795	-0.11360
403.05007	-0.11617
403.53219	-0.11942
404.01431	-0.12296
404.49642	-0.12640
404.97854	-0.12941
405.46066	-0.13177
405.94277	-0.13338
406.42489	-0.13424
406.90701	-0.13441
407.38913	-0.13399
407.87124	-0.13313
408.35336	-0.13199
408.83548	-0.13074
409.31760	-0.12949
409.79971	-0.12832
410.28183	-0.12725
410.76395	-0.12619
411.24607	-0.12502
411.72818	-0.12358
412.21030	-0.12172
412.69242	-0.11938
413.17453	-0.11654
413.65665	-0.11336
414.13877	-0.11004
414.62089	-0.10688
415.10300	-0.10424
415.58512	-0.10241
416.06724	-0.10169
416.54936	-0.10229
417.03147	-0.10441
417.51359	-0.10817
417.99571	-0.11356
418.47782	-0.12045
418.95994	-0.12860
419.44206	-0.13753
419.92418	-0.14666
420.40629	-0.15540
420.88841	-0.16317
421.37053	-0.16959
421.85265	-0.17449
422.33476	-0.17797
422.81688	-0.18034
423.29900	-0.18197
423.78112	-0.18322
424.26323	-0.18439
424.74535	-0.18554
425.22747	-0.18658
425.70958	-0.18730
426.19170	-0.18733
426.67382	-0.18638
427.15594	-0.18417
427.63805	-0.18063
428.12017	-0.17590
428.60229	-0.17026
429.08441	-0.16418
429.56652	-0.15811
430.04864	-0.15244
430.53076	-0.14739
431.01287	-0.14300
431.49499	-0.13913
431.97711	-0.13557
432.45923	-0.13208
432.94134	-0.12862
433.42346	-0.12535
433.90558	-0.12263
434.38770	-0.12089
434.86981	-0.12055
435.35193	-0.12169
435.83405	-0.12409
436.31617	-0.12714
436.79828	-0.13020
437.28040	-0.13265
437.76252	-0.13399
438.24463	-0.13400
438.72675	-0.13282
439.20887	-0.13084
439.69099	-0.12866
440.17310	-0.12699
440.65522	-0.12652
441.13734	-0.12772
441.61946	-0.13075
442.10157	-0.13543
442.58369	-0.14120
443.06581	-0.14732
443.54792	-0.15306
444.03004	-0.15777
444.51216	-0.16113
444.99428	-0.16300
445.47639	-0.16346
445.95851	-0.16274
446.44063	-0.16110
446.92275	-0.15879
447.40486	-0.15602
447.88698	-0.15295
448.36910	-0.14971
448.85122	-0.14644
449.33333	-0.14335
449.81545	-0.14070
450.29757	-0.13878
450.77968	-0.13783
451.26180	-0.13806
451.74392	-0.13957
452.22604	-0.14227
452.70815	-0.14592
453.19027	-0.15022
453.67239	-0.15491
454.15451	-0.15984
454.63662	-0.16515
455.11874	-0.17121
455.60086	-0.17853
456.08297	-0.18757
456.56509	-0.19863
457.04721	-0.21165
457.52933	-0.22631
458.01144	-0.24194
458.49356	-0.25765
458.97568	-0.27233
459.45780	-0.28483
459.93991	-0.29384
460.42203	-0.29837
460.90415	-0.29789
461.38627	-0.29259
461.86838	-0.28329
462.35050	-0.27119
462.83262	-0.25768
463.31473	-0.24410
463.79685	-0.23121
464.27897	-0.21953
464.76109	-0.20935
465.24320	-0.20067
465.72532	-0.19335
466.20744	-0.18712
466.68956	-0.18168
467.17167	-0.17666
467.65379	-0.17172
468.13591	-0.16664
468.61802	-0.16127
469.10014	-0.15571
469.58226	-0.15012
470.06438	-0.14478
470.54649	-0.13999
471.02861	-0.13598
471.51073	-0.13292
471.99285	-0.13094
472.47496	-0.13005
472.95708	-0.13023
473.43920	-0.13147
473.92132	-0.13372
474.40343	-0.13696
474.88555	-0.14112
475.36767	-0.14628
475.84978	-0.15245
476.33190	-0.15968
476.81402	-0.16790
477.29614	-0.17695
477.77825	-0.18632
478.26037	-0.19533
478.74249	-0.20311
479.22461	-0.20878
479.70672	-0.21166
480.18884	-0.21152
480.67096	-0.20863
481.15307	-0.20357
481.63519	-0.19704
482.11731	-0.18981
482.59943	-0.18266
483.08154	-0.17603
483.56366	-0.17035
484.04578	-0.16582
484.52790	-0.16253
485.01001	-0.16037
485.49213	-0.15911
485.97425	-0.15845
486.45637	-0.15803
486.93848	-0.15751
487.42060	-0.15657
487.90272	-0.15486
488.38483	-0.15207
488.86695	-0.14787
489.34907	-0.14197
489.83119	-0.13422
490.31330	-0.12460
490.79542	-0.11347
491.27754	-0.10152
491.75966	-0.08979
492.24177	-0.07952
492.72389	-0.07207
493.20601	-0.06860
493.68812	-0.06989
494.17024	-0.07629
494.65236	-0.08752
495.13448	-0.10278
495.61659	-0.12084
496.09871	-0.14023
496.58083	-0.15916
497.06295	-0.17603
497.54506	-0.18953
498.02718	-0.19887
498.50930	-0.20379
498.99142	-0.20460
499.47353	-0.20200
499.95565	-0.19697
500.43777	-0.19046
500.91988	-0.18339
501.40200	-0.17661
501.88412	-0.17079
502.36624	-0.16645
502.84835	-0.16393
503.33047	-0.16322
503.81259	-0.16404
504.29471	-0.16575
504.77682	-0.16730
505.25894	-0.16734
505.74106	-0.16459
506.22318	-0.15774
506.70529	-0.14632
507.18741	-0.13082
507.66953	-0.11274
508.15164	-0.09435
508.63376	-0.07798
509.11588	-0.06585
509.59800	-0.05947
510.08011	-0.05937
510.56223	-0.06533
511.04435	-0.07645
511.52647	-0.09140
512.00858	-0.10845
512.49070	-0.12589
512.97282	-0.14214
513.45493	-0.15607
513.93705	-0.16681
514.41917	-0.17420
514.90129	-0.17862
515.38340	-0.18086
515.86552	-0.18190
516.34764	-0.18292
516.82976	-0.18507
517.31187	-0.18922
517.79399	-0.19612
518.27611	-0.20606
518.75823	-0.21871
519.24034	-0.23313
519.72246	-0.24749
520.20458	-0.25959
520.68669	-0.26720
521.16881	-0.26866
521.65093	-0.26323
522.13305	-0.25162
522.61516	-0.23539
523.09728	-0.21641
523.57940	-0.19678
524.06152	-0.17802
524.54363	-0.16114
525.02575	-0.14674
525.50787	-0.13498
525.98998	-0.12594
526.47210	-0.11978
526.95422	-0.11654
527.43634	-0.11632
527.91845	-0.11922
528.40057	-0.12526
528.88269	-0.13448
529.36481	-0.14680
529.84692	-0.16216
530.32904	-0.18037
530.81116	-0.20109
531.29328	-0.22396
531.77539	-0.24835
532.25751	-0.27340
532.73963	-0.29806
533.22174	-0.32133
533.70386	-0.34207
534.18598	-0.35907
534.66810	-0.37135
535.15021	-0.37813
535.63233	-0.37915
536.11445	-0.37468
536.59657	-0.36543
537.07868	-0.35219
537.56080	-0.33576
538.04292	-0.31705
538.52503	-0.29687
539.00715	-0.27631
539.48927	-0.25647
539.97139	-0.23876
540.45350	-0.22440
540.93562	-0.21542
541.41774	-0.21347
541.89986	-0.22029
542.38197	-0.23806
542.86409	-0.26744
543.34621	-0.30715
543.82833	-0.35316
544.31044	-0.39914
544.79256	-0.43035
545.27468	-0.43741
545.75679	-0.42146
546.23891	-0.39373
546.72103	-0.36280
547.20315	-0.33193
547.68526	-0.30409
548.16738	-0.28133
548.64950	-0.26366
549.13162	-0.25166
549.61373	-0.24544
550.09585	-0.24504
550.57797	-0.25031
551.06008	-0.26105
551.54220	-0.27644
552.02432	-0.29416
552.50644	-0.31294
552.98855	-0.32938
553.47067	-0.34018
553.95279	-0.34352
554.43491	-0.33959
554.91702	-0.33038
555.39914	-0.31882
555.88126	-0.30702
556.36338	-0.29789
556.84549	-0.29214
557.32761	-0.28985
557.80973	-0.29161
558.29184	-0.29412
558.77396	-0.29372
559.25608	-0.28691
559.73820	-0.27165
560.22031	-0.25046
560.70243	-0.22965
561.18455	-0.21673
561.66667	-0.21565
562.14878	-0.22557
562.63090	-0.24241
563.11302	-0.26095
563.59513	-0.27542
564.07725	-0.28393
564.55937	-0.28415
565.04149	-0.27511
565.52360	-0.25691
566.00572	-0.23161
566.48784	-0.20187
566.96996	-0.17098
567.45207	-0.14263
567.93419	-0.11884
568.41631	-0.10127
568.89843	-0.09070
569.38054	-0.08424
569.86266	-0.08193
570.34478	-0.08277
570.82689	-0.08669
571.30901	-0.09740
571.79113	-0.12033
572.27325	-0.15802
572.75536	-0.20880
573.23748	-0.26483
573.71960	-0.31930
574.20172	-0.36434
574.68383	-0.39368
575.16595	-0.40507
575.64807	-0.40055
576.13018	-0.38390
576.61230	-0.36162
577.09442	-0.33869
577.57654	-0.31729
578.05865	-0.29616
578.54077	-0.27419
579.02289	-0.25037
579.50501	-0.22363
579.98712	-0.19394
580.46924	-0.16136
580.95136	-0.12607
581.43348	-0.08823
581.91559	-0.04858
582.39771	-0.00901
582.87983	0.02842
583.36194	0.06063
583.84406	0.08484
584.32618	0.09836
584.80830	0.09944
585.29041	0.08662
585.77253	0.05955
586.25465	0.01869
586.73677	-0.03627
587.21888	-0.10312
587.70100	-0.17949
588.18312	-0.26246
588.66523	-0.34930
589.14735	-0.43668
589.62947	-0.52192
590.11159	-0.60210
590.59370	-0.67215
591.07582	-0.72394
591.55794	-0.73674
592.04006	-0.71177
592.52217	-0.65862
593.00429	-0.61580
593.48641	-0.59180
593.96853	-0.58622
594.45064	-0.59412
594.93276	-0.61351
595.41488	-0.63271
595.89699	-0.63399
596.37911	-0.59991
596.86123	-0.51946
597.34335	-0.40040
597.82546	-0.26065
598.30758	-0.12436
598.78970	0.00645
599.27182	0.12179
599.75393	0.20981
600.23605	0.26043
600.71817	0.27042
601.20029	0.24477
601.68240	0.19374
602.16452	0.12227
602.64664	0.04002
603.12875	-0.04800
603.61087	-0.13731
604.09299	-0.22338
604.57511	-0.30273
605.05722	-0.37221
605.53934	-0.43054
606.02146	-0.47979
606.50358	-0.52098
606.98569	-0.55658
607.46781	-0.59037
607.94993	-0.62650
608.43204	-0.66509
608.91416	-0.70635
609.39628	-0.74670
609.87840	-0.75464
610.36051	-0.68735
610.84263	-0.50765
611.32475	-0.23480
611.80687	0.28384
612.28898	0.86058
612.77110	0.42544
613.25322	0.16536
613.73534	0.08487
614.21745	0.05754
614.69957	0.05443
615.18169	0.05985
615.66380	0.06288
616.14592	0.05628
616.62804	0.04226
617.11016	0.03034
617.59227	0.03610
618.07439	0.07578
618.55651	0.16359
619.03863	0.30658
619.52074	0.49487
620.00286	0.64377
620.48498	0.69071
620.96709	0.66018
621.44921	0.61628
621.93133	0.57718
622.41345	0.54380
622.89556	0.50855
623.37768	0.46669
623.85980	0.41681
624.34192	0.36228
624.82403	0.30774
625.30615	0.25241
625.78827	0.20773
626.27039	0.19978
626.75250	0.26388
627.23462	0.52843
627.71674	1.02274
628.19885	1.20465
628.68097	0.88101
629.16309	0.66801
629.64521	0.50145
630.12732	0.33561
630.60944	0.14671
631.09156	-0.03919
631.57368	-0.21973
632.05579	-0.30972
632.53791	-0.31256
633.02003	-0.26392
633.50214	-0.22898
633.98426	-0.20285
634.46638	-0.18383
634.94850	-0.17342
635.43061	-0.16094
635.91273	-0.12216
636.39485	-0.03422
636.87697	0.09880
637.35908	0.22951
637.84120	0.30120
638.32332	0.28104
638.80544	0.20169
639.28755	0.07063
639.76967	-0.08366
640.25179	-0.23325
640.73390	-0.34134
641.21602	-0.37325
641.69814	-0.35477
642.18026	-0.32667
642.66237	-0.92781
643.14449	5.00000
643.62661	5.00000
644.10873	-0.31725
644.59084	-0.26402
645.07296	-0.25278
645.55508	-0.25995
646.03719	-0.27590
646.51931	-0.29842
647.00143	-0.31768
647.48355	-0.32115
647.96566	-0.29559
648.44778	-0.23094
648.92990	-0.12579
649.41202	0.01452
649.89413	0.19169
650.37625	0.45858
650.85837	0.78267
651.34049	0.69927
651.82260	0.41750
652.30472	0.20743
652.78684	0.03943
653.26895	-0.11399
653.75107	-0.26463
654.23319	-0.41561
654.71531	-0.57932
655.19742	-0.74932
655.67954	-0.89367
656.16166	-0.93599
656.64378	-0.83671
657.12589	-0.70703
657.60801	-0.62067
658.09013	-0.55734
658.57224	-0.51832
659.05436	-0.49430
659.53648	-0.47473
660.01860	-0.40812
660.50071	-0.26617
660.98283	-0.05488
661.46495	0.20574
661.94707	0.62653
662.42918	0.86945
662.91130	0.43210
663.39342	0.09538
663.87554	-0.09742
664.35765	-0.26175
664.83977	-0.39570
665.32189	-0.49118
665.80400	-0.54365
666.28612	-0.56194
666.76824	-0.55506
667.25036	-0.53176
667.73247	-0.48737
668.21459	-0.42490
668.69671	-0.34438
669.17883	-0.24884
669.66094	-0.12462
670.14306	0.00623
670.62518	0.10772
671.10729	0.12488
671.58941	0.04079
672.07153	-0.10239
672.55365	-0.24408
673.03576	-0.34059
673.51788	-0.37498
674.00000	-0.36899
674.48212	-0.34141
674.96423	-0.31097
675.44635	-0.28833
675.92847	-0.27718
676.41059	-0.28409
676.89270	-0.31921
677.37482	-0.43287
677.85694	-0.56165
678.33905	-0.46417
678.82117	-0.17958
679.30329	0.03330
679.78541	0.17546
680.26752	0.25279
680.74964	0.27515
681.23176	0.25237
681.71388	0.17157
682.19599	0.04586
682.67811	-0.07890
683.16023	-0.14821
683.64234	-0.15205
684.12446	-0.12087
684.60658	-0.08149
685.08870	-0.05348
685.57081	-0.02262
686.05293	0.00995
686.53505	0.04316
687.01717	0.07993
687.49928	0.11286
687.98140	0.13025
688.46352	0.11578
688.94564	0.08436
689.42775	-0.07252
689.90987	0.41532
690.39199	1.87613
690.87410	0.67649
691.35622	0.28166
691.83834	0.03097
692.32046	-0.12621
692.80257	-0.21210
693.28469	-0.24107
693.76681	-0.21340
694.24893	-0.14633
694.73104	-0.06420
695.21316	0.02545
695.69528	0.11854
696.17740	0.21312
696.65951	0.31168
697.14163	0.40540
697.62375	0.47937
698.10586	0.51881
698.58798	0.51973
699.07010	0.49607
699.55222	0.47023
700.03433	0.46227
700.51645	0.48175
700.99857	0.53422
701.48069	0.63379
701.96280	0.81887
702.44492	1.85531
702.92704	5.00000
703.40915	0.88886
703.89127	0.44730
704.37339	0.26562
704.85551	0.13436
705.33762	0.04674
705.81974	-0.00178
706.30186	-0.02224
706.78398	-0.01911
707.26609	-0.00085
707.74821	0.02775
708.23033	0.06633
708.71245	0.11003
709.19456	0.15542
709.67668	0.20044
710.15880	0.24603
710.64091	0.29701
711.12303	0.35688
711.60515	0.42518
712.08727	0.48660
712.56938	0.53325
713.05150	0.54866
713.53362	0.52149
714.01574	0.45040
714.49785	0.34845
714.97997	0.23228
715.46209	0.11761
715.94420	0.02384
716.42632	-0.04557
716.90844	-0.08004
717.39056	-0.07246
717.87267	-0.02841
718.35479	0.03892
718.83691	0.11452
719.31903	0.19047
719.80114	0.26876
720.28326	0.35240
720.76538	0.44771
721.24750	0.56372
721.72961	0.68123
722.21173	0.74807
722.69385	0.64509
723.17596	0.45183
723.65808	0.22986
724.14020	0.01479
724.62232	-0.14629
725.10443	-0.18521
725.58655	-0.12840
726.06867	-0.04574
726.55079	0.02478
727.03290	0.07227
727.51502	0.10048
727.99714	0.12194
728.47925	0.14141
728.96137	0.16308
729.44349	0.19481
729.92561	0.23361
730.40772	0.26381
730.88984	0.25462
731.37196	0.14919
731.85408	-0.08300
732.33619	-0.42985
732.81831	-0.89810
733.30043	-1.23619
733.78255	-0.83972
734.26466	-0.51873
734.74678	-0.35711
735.22890	-0.27231
735.71101	-0.19376
736.19313	-0.11303
736.67525	-0.02466
737.15737	0.06994
737.63948	0.17344
738.12160	0.25579
738.60372	0.27888
739.08584	0.23394
739.56795	0.14614
740.05007	0.03524
740.53219	-0.08771
741.01430	-0.18227
741.49642	-0.29694
741.97854	-0.39684
742.46066	-0.44851
742.94277	-0.41933
743.42489	-0.28401
743.90701	-0.16125
744.38913	-0.11338
744.87124	-0.09637
745.35336	-0.09399
745.83548	-0.09937
746.31760	-0.10981
746.79971	-0.12477
747.28183	-0.14393
747.76395	-0.16552
748.24606	-0.18720
748.72818	-0.20652
749.21030	-0.21868
749.69242	-0.22088
750.17453	-0.21210
750.65665	-0.19505
751.13877	-0.17131
751.62089	-0.14312
752.10300	-0.11260
752.58512	-0.08130
753.06724	-0.05026
753.54935	-0.02057
754.03147	0.00753
754.51359	0.03420
754.99571	0.06138
755.47782	0.09227
755.95994	0.13059
756.44206	0.18243
756.92418	0.25448
757.40629	0.35888
757.88841	0.52560
758.37053	1.23789
758.85265	5.00000
759.33476	0.77017
759.81688	0.12076
760.29900	-0.47059
760.78111	-0.47059
761.26323	-0.64789
761.74535	-0.20304
762.22747	-0.08439
762.70958	-0.01104
763.19170	0.04389
763.67382	0.09334
764.15594	0.14329
764.63805	0.20241
765.12017	0.27633
765.60229	0.37405
766.08440	0.51125
766.56652	0.71092
767.04864	0.77122
767.53076	0.59850
768.01287	0.38587
768.49499	0.21169
768.97711	0.05815
769.45923	-0.08531
769.94134	-0.21519
770.42346	-0.32620
770.90558	-0.40431
771.38770	-0.44768
771.86981	-0.49113
772.35193	-0.52229
772.83405	-0.52685
773.31616	-0.49672
773.79828	-0.41819
774.28040	-0.31554
774.76252	-0.22742
775.24463	-0.18327
775.72675	-0.20574
776.20887	-0.30465
776.69099	-0.47716
777.17310	-0.72210
777.65522	-1.03884
778.13734	-1.02000
778.61945	-0.74206
779.10157	-0.54435
779.58369	-0.43480
780.06581	-0.34642
780.54792	-0.26620
781.03004	-0.18674
781.51216	-0.10281
781.99428	-0.01140
782.47639	0.08931
782.95851	0.20203
783.44063	0.32673
783.92275	0.51152
784.40486	0.67731
784.88698	0.70686
785.36910	0.55770
785.85121	0.40140
786.33333	0.23423
786.81545	0.01169
787.29757	0.01169
787.77968	5.00000
788.26180	0.00466
788.74392	0.35113
789.22604	0.35900
789.70815	0.35725
790.19027	0.35407
790.67239	0.35322
791.15451	0.35255
791.63662	0.34769
792.11874	0.33034
792.60086	0.29744
793.08297	0.25096
793.56509	0.20906
794.04721	0.19010
794.52933	0.20892
795.01144	0.24336
795.49356	0.31292
795.97568	0.35755
796.45780	0.31224
796.93991	0.12559
797.42203	-0.19140
797.90415	-0.55741
798.38626	-0.65620
798.86838	-0.48581
799.35050	-0.31724
799.83262	-0.20167
800.31473	-0.13594
800.79685	-0.10716
801.27897	-0.09560
801.76109	-0.09444
802.24320	-0.09731
802.72532	-0.09659
803.20744	-0.08849
803.68956	-0.07291
804.17167	-0.05303
804.65379	-0.03861
805.13591	-0.05442
805.61802	-0.10471
806.10014	-0.16511
806.58226	-0.19615
807.06438	-0.18095
807.54649	-0.12161
808.02861	-0.03447
808.51073	0.06313
808.99285	0.16064
809.47496	0.24639
809.95708	0.30944
810.43920	0.34746
810.92131	0.36992
811.40343	0.38918
811.88555	0.41683
812.36767	0.47085
812.84978	0.54006
813.33190	0.56712
813.81402	0.46690
814.29614	0.26747
814.77825	0.06317
815.26037	-0.10916
815.74249	-0.23357
816.22461	-0.29790
816.70672	-0.32302
817.18884	-0.32691
817.67096	-0.32353
818.15307	-0.32044
818.63519	-0.32113
819.11731	-0.32730
819.59943	-0.33807
820.08154	-0.35197
820.56366	-0.37237
821.04578	-0.39889
821.52790	-0.42672
822.01001	-0.44634
822.49213	-0.45671
822.97425	-0.45495
823.45636	-0.43819
823.93848	-0.40615
824.42060	-0.35986
824.90272	-0.29801
825.38483	-0.21819
825.86695	-0.11281
826.34907	0.02039
826.83119	0.17809
827.31330	0.34862
827.79542	0.48087
828.27754	0.49412
828.75966	0.45325
829.24177	0.45780
829.72389	0.58194
830.20601	0.88939
830.68812	1.36824
831.17024	1.22668
831.65236	0.90220
832.13448	0.71889
832.61659	0.59474
833.09871	0.50421
833.58083	0.42524
834.06295	0.32964
834.54506	0.23616
835.02718	0.16535
835.50930	0.11813
835.99141	0.10290
836.47353	0.11698
836.95565	0.15663
837.43777	0.21616
837.91988	0.28999
838.40200	0.36047
838.88412	0.40351
839.36624	0.39859
839.84835	0.35065
840.33047	0.28730
840.81259	0.23539
841.29471	0.19988
841.77682	0.18154
842.25894	0.17895
842.74106	0.18984
843.22317	0.21247
843.70529	0.24396
844.18741	0.28163
844.66953	0.32214
845.15164	0.36510
845.63376	0.40739
846.11588	0.44922
846.59800	0.48932
847.08011	0.51630
847.56223	0.48352
848.04435	0.40690
848.52646	0.33676
849.00858	0.30168
849.49070	0.28443
849.97282	0.27804
850.45493	0.27265
850.93705	0.26216
851.41917	0.24093
851.90129	0.20395
852.38340	0.14646
852.86552	0.07092
853.34764	-0.02799
853.82976	-0.14747
854.31187	-0.28634
854.79399	-0.45428
855.27611	-0.59035
855.75822	-0.57209
856.24034	-0.41849
856.72246	-0.26204
857.20458	-0.12248
857.68669	-0.00735
858.16881	0.08157
858.65093	0.14500
859.13305	0.18690
859.61516	0.20765
860.09728	0.20724
860.57940	0.17869
861.06151	0.11559
861.54363	0.00779
862.02575	-0.15232
862.50787	-0.35565
862.98998	-0.44082
863.47210	-0.36638
863.95422	-0.26813
864.43634	-0.20113
864.91845	-0.11713
865.40057	0.01615
865.88269	0.21663
866.36481	0.38254
866.84692	0.38370
867.32904	0.23649
867.81116	0.10546
868.29327	-0.02802
868.77539	-0.17351
869.25751	-0.34215
869.73963	-0.52566
870.22174	-0.56535
870.70386	-0.40388
871.18598	-0.23069
871.66810	-0.13601
872.15021	-0.08177
872.63233	-0.04772
873.11445	-0.02397
873.59656	-0.00207
874.07868	0.02796
874.56080	0.07214
875.04292	0.12943
875.52503	0.19145
876.00715	0.25297
876.48927	0.30508
876.97139	0.34416
877.45350	0.36649
877.93562	0.36167
878.41774	0.32171
878.89986	0.23694
879.38197	0.10738
879.86409	-0.05178
880.34621	-0.22700
880.82832	-0.39501
881.31044	-0.52237
881.79256	-0.57928
882.27468	-0.53835
882.75679	-0.43272
883.23891	-0.30962
883.72103	-0.17952
884.20315	-0.05933
884.68526	0.05044
885.16738	0.14680
885.64950	0.22871
886.13161	0.28209
886.61373	0.29706
887.09585	0.28008
887.57797	0.23651
888.06008	0.19284
888.54220	0.15963
889.02432	0.13840
889.50644	0.13502
889.98855	0.14118
890.47067	0.15345
890.95279	0.16985
891.43491	0.18699
891.91702	0.20131
892.39914	0.20864
892.88126	0.20598
893.36337	0.19451
893.84549	0.17406
894.32761	0.14980
894.80973	0.12802
895.29184	0.11558
895.77396	0.11408
896.25608	0.12382
896.73820	0.14390
897.22031	0.17231
897.70243	0.19945
898.18455	0.21474
898.66667	0.21116
899.14878	0.18556
899.63090	0.13988
900.11302	0.07681
900.59513	-0.00115
901.07725	-0.10176
901.55937	-0.21482
902.04149	-0.31505
902.52360	-0.35789
903.00572	-0.30982
903.48784	-0.18925
903.96996	-0.02572
904.45207	0.16879
904.93419	0.41993
905.41631	0.67378
905.89842	0.46158
906.38054	0.11527
906.86266	-0.25177
907.34478	-0.61192
907.82689	-0.45460
908.30901	-0.14825
908.79113	0.00074
909.27325	0.10217
909.75536	0.17307
910.23748	0.22366
910.71960	0.26193
911.20172	0.29625
911.68383	0.33162
912.16595	0.37118
912.64807	0.42063
913.13018	0.46848
913.61230	0.48802
914.09442	0.45191
914.57654	0.35328
915.05865	0.21886
915.54077	0.08788
916.02289	0.00028
916.50501	0.00058
916.98712	0.08590
917.46924	0.19354
917.95136	0.25939
918.43347	0.26175
918.91559	0.22681
919.39771	0.17208
919.87983	0.11410
920.36194	0.06764
920.84406	0.04443
921.32618	0.04756
921.80830	0.07451
922.29041	0.11911
922.77253	0.17770
923.25465	0.24644
923.73677	0.32172
924.21888	0.40601
924.70100	0.48352
925.18312	0.53360
925.66523	0.53877
926.14735	0.49098
926.62947	0.40165
927.11159	0.28791
927.59370	0.15650
928.07582	0.00692
928.55794	-0.18857
929.04006	-0.44188
929.52217	-0.77827
930.00429	-1.10401
930.48641	-1.02515
930.96852	-0.87943
931.45064	-0.81868
931.93276	-0.78302
932.41488	-0.70104
932.89699	-0.60085
933.37911	-0.52846
933.86123	-0.45383
934.34335	-0.39994
934.82546	-0.36332
935.30758	-0.34293
935.78970	-0.34133
936.27182	-0.34642
936.75393	-0.27555
937.23605	-0.06946
937.71817	0.20697
938.20028	0.36665
938.68240	0.37561
939.16452	0.32669
939.64664	0.28167
940.12875	0.23533
940.61087	0.18589
941.09299	0.13610
941.57511	0.10256
942.05722	0.09267
942.53934	0.11703
943.02146	0.17309
943.50357	0.25751
943.98569	0.35394
944.46781	0.44743
944.94993	0.51814
945.43204	0.54667
945.91416	0.52704
946.39628	0.46548
946.87840	0.37677
947.36051	0.27800
947.84263	0.17459
948.32475	0.07257
948.80687	-0.02261
949.28898	-0.10568
949.77110	-0.16377
950.25322	-0.18717
950.73533	-0.17299
951.21745	-0.12944
951.69957	-0.06723
952.18169	0.00511
952.66380	0.08213
953.14592	0.16347
953.62804	0.24080
954.11016	0.30198
954.59227	0.33687
955.07439	0.34039
955.55651	0.32360
956.03862	0.30226
956.52074	0.28720
957.00286	0.28097
957.48498	0.28118
957.96709	0.28632
958.44921	0.29440
958.93133	0.30171
959.41345	0.30725
959.89556	0.30806
960.37768	0.30000
960.85980	0.28111
961.34192	0.26026
961.82403	0.26437
962.30615	0.30378
962.78827	0.35478
963.27038	0.39280
963.75250	0.41463
964.23462	0.42561
964.71674	0.42914
965.19885	0.44679
965.68097	0.49701
966.16309	0.62799
966.64521	1.08285
967.12732	0.87717
967.60944	0.03087
968.09156	-0.40384
968.57367	-0.62365
969.05579	-0.64240
969.53791	-0.60570
970.02003	-0.60567
970.50214	-0.63772
970.98426	-0.68452
971.46638	-0.73133
971.94850	-0.75517
972.43061	-0.71665
972.91273	-0.62960
973.39485	-0.50300
973.87697	-0.35678
974.35908	-0.20657
974.84120	-0.06100
975.32332	0.07552
975.80543	0.20145
976.28755	0.30234
976.76967	0.35908
977.25179	0.34944
977.73390	0.28568
978.21602	0.18292
978.69814	0.06884
979.18026	-0.05050
979.66237	-0.16855
980.14449	-0.27904
980.62661	-0.35047
981.10872	-0.36339
981.59084	-0.32433
982.07296	-0.26613
982.55508	-0.20254
983.03719	-0.14256
983.51931	-0.09060
984.00143	-0.04745
984.48355	-0.00843
984.96566	0.03051
985.44778	0.07502
985.92990	0.13194
986.41202	0.20584
986.89413	0.27792
987.37625	0.31025
987.85837	0.27969
988.34048	0.21111
988.82260	0.15146
989.30472	0.12881
989.78684	0.14232
990.26895	0.17381
990.75107	0.21447
991.23319	0.25721
991.71531	0.29745
992.19742	0.33213
992.67954	0.35951
993.16166	0.37981
993.64378	0.39626
994.12589	0.40832
994.60801	0.41027
995.09013	0.39669
995.57224	0.36428
996.05436	0.30436
996.53648	0.22292
997.01860	0.13288
997.50071	0.04402
997.98283	-0.03527
998.46495	-0.10147
998.94707	-0.15151
999.42918	-0.18460
