0.00000	0.51282
0.48212	0.50056
0.96423	0.46958
1.44635	0.43175
1.92847	0.39668
2.41059	0.36414
2.89270	0.33206
3.37482	0.29733
3.85694	0.25711
4.33906	0.21167
4.82117	0.15318
5.30329	0.08420
5.78541	0.01578
6.26753	-0.02119
6.74964	-0.01136
7.23176	0.04190
7.71388	0.11335
8.19599	0.17487
8.67811	0.22426
9.16023	0.26478
9.64235	0.30279
10.12446	0.33963
10.60658	0.37963
11.08870	0.42078
11.57082	0.45927
12.05293	0.49475
12.53505	0.51686
13.01717	0.49888
13.49928	0.39720
13.98140	0.06451
14.46352	-0.60013
14.94564	-0.51840
15.42775	-0.17940
15.90987	-0.07015
16.39199	-0.01772
16.87411	0.01046
17.35622	0.02657
17.83834	0.03589
18.32046	0.04178
18.80258	0.04555
19.28469	0.04789
19.76681	0.04923
20.24893	0.04987
20.73104	0.05006
21.21316	0.05001
21.69528	0.04989
22.17740	0.04983
22.65951	0.04994
23.14163	0.05023
23.62375	0.05071
24.10587	0.05132
24.58798	0.05201
25.07010	0.05269
25.55222	0.05327
26.03433	0.05369
26.51645	0.05391
26.99857	0.05392
27.48069	0.05375
27.96280	0.05347
28.44492	0.05314
28.92704	0.05286
29.40916	0.05271
29.89127	0.05276
30.37339	0.05305
30.85551	0.05360
31.33763	0.05437
31.81974	0.05532
32.30186	0.05638
32.78398	0.05744
33.26609	0.05844
33.74821	0.05929
34.23033	0.05993
34.71245	0.06035
35.19456	0.06056
35.67668	0.06062
36.15880	0.06058
36.64092	0.06050
37.12303	0.06044
37.60515	0.06043
38.08727	0.06048
38.56938	0.06058
39.05150	0.06071
39.53362	0.06084
40.01574	0.06096
40.49785	0.06102
40.97997	0.06104
41.46209	0.06102
41.94421	0.06098
42.42632	0.06095
42.90844	0.06097
43.39056	0.06106
43.87268	0.06122
44.35479	0.06147
44.83691	0.06178
45.31903	0.06214
45.80114	0.06254
46.28326	0.06297
46.76538	0.06343
47.24750	0.06393
47.72961	0.06451
48.21173	0.06514
48.69385	0.06582
49.17597	0.06650
49.65808	0.06710
50.14020	0.06756
50.62232	0.06782
51.10443	0.06786
51.58655	0.06768
52.06867	0.06730
52.55079	0.06680
53.03290	0.06624
53.51502	0.06571
53.99714	0.06531
54.47926	0.06511
54.96137	0.06516
55.44349	0.06547
55.92561	0.06601
56.40773	0.06673
56.88984	0.06755
57.37196	0.06838
57.85408	0.06916
58.33619	0.06985
58.81831	0.07043
59.30043	0.07089
59.78255	0.07123
60.26466	0.07146
60.74678	0.07160
61.22890	0.07165
61.71102	0.07161
62.19313	0.07148
62.67525	0.07127
63.15737	0.07100
63.63948	0.07070
64.12160	0.07038
64.60372	0.07009
65.08584	0.06986
65.56795	0.06973
66.05007	0.06971
66.53219	0.06981
67.01431	0.07001
67.49642	0.07030
67.97854	0.07065
68.46066	0.07102
68.94278	0.07137
69.42489	0.07168
69.90701	0.07192
70.38913	0.07208
70.87124	0.07218
71.35336	0.07224
71.83548	0.07229
72.31760	0.07235
72.79971	0.07242
73.28183	0.07252
73.76395	0.07261
74.24607	0.07269
74.72818	0.07273
75.21030	0.07272
75.69242	0.07267
76.17453	0.07259
76.65665	0.07251
77.13877	0.07247
77.62089	0.07248
78.10300	0.07256
78.58512	0.07271
79.06724	0.07290
79.54936	0.07310
80.03147	0.07327
80.51359	0.07339
80.99571	0.07344
81.47783	0.07340
81.95994	0.07330
82.44206	0.07313
82.92418	0.07294
83.40629	0.07273
83.88841	0.07253
84.37053	0.07235
84.85265	0.07221
85.33476	0.07209
85.81688	0.07199
86.29900	0.07191
86.78112	0.07183
87.26323	0.07177
87.74535	0.07172
88.22747	0.07169
88.70958	0.07169
89.19170	0.07170
89.67382	0.07173
90.15594	0.07176
90.63805	0.07179
91.12017	0.07180
91.60229	0.07178
92.08441	0.07173
92.56652	0.07167
93.04864	0.07162
93.53076	0.07158
94.01288	0.07159
94.49499	0.07165
94.97711	0.07176
95.45923	0.07191
95.94134	0.07209
96.42346	0.07228
96.90558	0.07246
97.38770	0.07262
97.86981	0.07275
98.35193	0.07286
98.83405	0.07296
99.31617	0.07307
99.79828	0.07319
100.28040	0.07335
100.76252	0.07352
101.24464	0.07371
101.72675	0.07389
102.20887	0.07405
102.69099	0.07417
103.17310	0.07424
103.65522	0.07428
104.13734	0.07428
104.61946	0.07425
105.10157	0.07421
105.58369	0.07417
106.06581	0.07414
106.54793	0.07413
107.03004	0.07414
107.51216	0.07417
107.99428	0.07423
108.47639	0.07433
108.95851	0.07447
109.44063	0.07468
109.92275	0.07494
110.40486	0.07527
110.88698	0.07566
111.36910	0.07608
111.85122	0.07653
112.33333	0.07697
112.81545	0.07738
113.29757	0.07774
113.77969	0.07804
114.26180	0.07829
114.74392	0.07849
115.22604	0.07868
115.70815	0.07888
116.19027	0.07909
116.67239	0.07933
117.15451	0.07961
117.63662	0.07990
118.11874	0.08019
118.60086	0.08047
119.08298	0.08071
119.56509	0.08090
120.04721	0.08105
120.52933	0.08114
121.01144	0.08119
121.49356	0.08121
121.97568	0.08119
122.45780	0.08117
122.93991	0.08113
123.42203	0.08110
123.90415	0.08108
124.38627	0.08106
124.86838	0.08106
125.35050	0.08107
125.83262	0.08110
126.31474	0.08114
126.79685	0.08118
127.27897	0.08122
127.76109	0.08125
128.24320	0.08127
128.72532	0.08128
129.20744	0.08130
129.68956	0.08132
130.17167	0.08137
130.65379	0.08147
131.13591	0.08161
131.61803	0.08180
132.10014	0.08203
132.58226	0.08229
133.06438	0.08257
133.54649	0.08284
134.02861	0.08310
134.51073	0.08334
134.99285	0.08357
135.47496	0.08378
135.95708	0.08400
136.43920	0.08422
136.92132	0.08445
137.40343	0.08470
137.88555	0.08494
138.36767	0.08517
138.84979	0.08537
139.33190	0.08554
139.81402	0.08568
140.29614	0.08579
140.77825	0.08588
141.26037	0.08598
141.74249	0.08611
142.22461	0.08628
142.70672	0.08650
143.18884	0.08677
143.67096	0.08709
144.15308	0.08744
144.63519	0.08780
145.11731	0.08815
145.59943	0.08847
146.08154	0.08876
146.56366	0.08901
147.04578	0.08925
147.52790	0.08949
148.01001	0.08973
148.49213	0.09001
148.97425	0.09033
149.45637	0.09070
149.93848	0.09112
150.42060	0.09158
150.90272	0.09207
151.38484	0.09256
151.86695	0.09305
152.34907	0.09351
152.83119	0.09393
153.31330	0.09432
153.79542	0.09469
154.27754	0.09504
154.75966	0.09541
155.24177	0.09580
155.72389	0.09623
156.20601	0.09672
156.68813	0.09724
157.17024	0.09781
157.65236	0.09840
158.13448	0.09900
158.61659	0.09959
159.09871	0.10019
159.58083	0.10078
160.06295	0.10138
160.54506	0.10201
161.02718	0.10267
161.50930	0.10339
161.99142	0.10416
162.47353	0.10497
162.95565	0.10579
163.43777	0.10660
163.91989	0.10736
164.40200	0.10806
164.88412	0.10867
165.36624	0.10920
165.84835	0.10966
166.33047	0.11009
166.81259	0.11053
167.29471	0.11101
167.77682	0.11156
168.25894	0.11220
168.74106	0.11294
169.22318	0.11377
169.70529	0.11467
170.18741	0.11562
170.66953	0.11660
171.15164	0.11760
171.63376	0.11862
172.11588	0.11968
172.59800	0.12078
173.08011	0.12197
173.56223	0.12325
174.04435	0.12463
174.52647	0.12612
175.00858	0.12769
175.49070	0.12929
175.97282	0.13089
176.45494	0.13243
176.93705	0.13386
177.41917	0.13516
177.90129	0.13632
178.38340	0.13736
178.86552	0.13831
179.34764	0.13923
179.82976	0.14018
180.31187	0.14120
180.79399	0.14231
181.27611	0.14354
181.75823	0.14486
182.24034	0.14622
182.72246	0.14759
183.20458	0.14891
183.68669	0.15015
184.16881	0.15128
184.65093	0.15231
185.13305	0.15324
185.61516	0.15412
186.09728	0.15497
186.57940	0.15581
187.06152	0.15666
187.54363	0.15752
188.02575	0.15836
188.50787	0.15917
188.98999	0.15991
189.47210	0.16057
189.95422	0.16115
190.43634	0.16166
190.91845	0.16215
191.40057	0.16268
191.88269	0.16329
192.36481	0.16403
192.84692	0.16495
193.32904	0.16604
193.81116	0.16730
194.29328	0.16866
194.77539	0.17008
195.25751	0.17148
195.73963	0.17280
196.22174	0.17401
196.70386	0.17509
197.18598	0.17606
197.66810	0.17696
198.15021	0.17786
198.63233	0.17881
199.11445	0.17986
199.59657	0.18103
200.07868	0.18233
200.56080	0.18373
201.04292	0.18520
201.52504	0.18669
202.00715	0.18818
202.48927	0.18964
202.97139	0.19108
203.45350	0.19252
203.93562	0.19399
204.41774	0.19554
204.89986	0.19721
205.38197	0.19900
205.86409	0.20090
206.34621	0.20289
206.82833	0.20491
207.31044	0.20687
207.79256	0.20872
208.27468	0.21037
208.75680	0.21179
209.23891	0.21297
209.72103	0.21392
210.20315	0.21470
210.68526	0.21536
211.16738	0.21599
211.64950	0.21662
212.13162	0.21729
212.61373	0.21801
213.09585	0.21873
213.57797	0.21944
214.06009	0.22007
214.54220	0.22059
215.02432	0.22099
215.50644	0.22126
215.98855	0.22144
216.47067	0.22158
216.95279	0.22175
217.43491	0.22201
217.91702	0.22240
218.39914	0.22293
218.88126	0.22359
219.36338	0.22436
219.84549	0.22518
220.32761	0.22599
220.80973	0.22674
221.29185	0.22738
221.77396	0.22790
222.25608	0.22830
222.73820	0.22860
223.22031	0.22884
223.70243	0.22907
224.18455	0.22931
224.66667	0.22961
225.14878	0.22998
225.63090	0.23040
226.11302	0.23086
226.59514	0.23134
227.07725	0.23183
227.55937	0.23230
228.04149	0.23278
228.52360	0.23326
229.00572	0.23378
229.48784	0.23436
229.96996	0.23502
230.45207	0.23577
230.93419	0.23660
231.41631	0.23749
231.89843	0.23841
232.38054	0.23930
232.86266	0.24013
233.34478	0.24087
233.82690	0.24152
234.30901	0.24206
234.79113	0.24252
235.27325	0.24291
235.75536	0.24328
236.23748	0.24362
236.71960	0.24397
237.20172	0.24430
237.68383	0.24460
238.16595	0.24486
238.64807	0.24504
239.13019	0.24512
239.61230	0.24509
240.09442	0.24495
240.57654	0.24471
241.05865	0.24440
241.54077	0.24406
242.02289	0.24371
242.50501	0.24338
242.98712	0.24309
243.46924	0.24285
243.95136	0.24264
244.43348	0.24246
244.91559	0.24228
245.39771	0.24210
245.87983	0.24188
246.36195	0.24164
246.84406	0.24138
247.32618	0.24111
247.80830	0.24086
248.29041	0.24066
248.77253	0.24052
249.25465	0.24046
249.73677	0.24048
250.21888	0.24057
250.70100	0.24070
251.18312	0.24083
251.66524	0.24092
252.14735	0.24092
252.62947	0.24081
253.11159	0.24056
253.59370	0.24017
254.07582	0.23966
254.55794	0.23906
255.04006	0.23840
255.52217	0.23770
256.00429	0.23700
256.48641	0.23628
256.96853	0.23556
257.45064	0.23481
257.93276	0.23401
258.41488	0.23316
258.89700	0.23224
259.37911	0.23126
259.86123	0.23024
260.34335	0.22922
260.82546	0.22823
261.30758	0.22727
261.78970	0.22637
262.27182	0.22551
262.75393	0.22463
263.23605	0.22370
263.71817	0.22263
264.20029	0.22136
264.68240	0.21984
265.16452	0.21805
265.64664	0.21600
266.12875	0.21375
266.61087	0.21137
267.09299	0.20899
267.57511	0.20670
268.05722	0.20459
268.53934	0.20272
269.02146	0.20109
269.50358	0.19965
269.98569	0.19830
270.46781	0.19693
270.94993	0.19543
271.43205	0.19373
271.91416	0.19178
272.39628	0.18959
272.87840	0.18724
273.36051	0.18480
273.84263	0.18235
274.32475	0.17997
274.80687	0.17766
275.28898	0.17541
275.77110	0.17313
276.25322	0.17072
276.73534	0.16803
277.21745	0.16497
277.69957	0.16147
278.18169	0.15754
278.66380	0.15321
279.14592	0.14862
279.62804	0.14389
280.11016	0.13920
280.59227	0.13467
281.07439	0.13043
281.55651	0.12654
282.03863	0.12302
282.52074	0.11985
283.00286	0.11697
283.48498	0.11432
283.96710	0.11184
284.44921	0.10950
284.93133	0.10727
285.41345	0.10516
285.89556	0.10315
286.37768	0.10122
286.85980	0.09933
287.34192	0.09740
287.82403	0.09534
288.30615	0.09305
288.78827	0.09044
289.27039	0.08744
289.75250	0.08406
290.23462	0.08034
290.71674	0.07637
291.19885	0.07225
291.68097	0.06809
292.16309	0.06395
292.64521	0.05986
293.12732	0.05579
293.60944	0.05170
294.09156	0.04753
294.57368	0.04327
295.05579	0.03897
295.53791	0.03473
296.02003	0.03077
296.50215	0.02731
296.98426	0.02455
297.46638	0.02264
297.94850	0.02159
298.43061	0.02130
298.91273	0.02155
299.39485	0.02208
299.87697	0.02260
300.35908	0.02288
300.84120	0.02276
301.32332	0.02219
301.80544	0.02121
302.28755	0.01995
302.76967	0.01852
303.25179	0.01706
303.73391	0.01558
304.21602	0.01409
304.69814	0.01249
305.18026	0.01072
305.66237	0.00870
306.14449	0.00646
306.62661	0.00408
307.10873	0.00174
307.59084	-0.00036
308.07296	-0.00204
308.55508	-0.00320
309.03720	-0.00384
309.51931	-0.00410
310.00143	-0.00419
310.48355	-0.00440
310.96566	-0.00498
311.44778	-0.00614
311.92990	-0.00795
312.41202	-0.01032
312.89413	-0.01303
313.37625	-0.01571
313.85837	-0.01795
314.34049	-0.01935
314.82260	-0.01964
315.30472	-0.01870
315.78684	-0.01662
316.26896	-0.01368
316.75107	-0.01030
317.23319	-0.00696
317.71531	-0.00411
318.19742	-0.00208
318.67954	-0.00106
319.16166	-0.00107
319.64378	-0.00201
320.12589	-0.00367
320.60801	-0.00585
321.09013	-0.00838
321.57225	-0.01119
322.05436	-0.01430
322.53648	-0.01779
323.01860	-0.02176
323.50071	-0.02629
323.98283	-0.03133
324.46495	-0.03674
324.94707	-0.04230
325.42918	-0.04770
325.91130	-0.05268
326.39342	-0.05706
326.87554	-0.06076
327.35765	-0.06384
327.83977	-0.06642
328.32189	-0.06866
328.80401	-0.07070
329.28612	-0.07259
329.76824	-0.07429
330.25036	-0.07567
330.73247	-0.07652
331.21459	-0.07668
331.69671	-0.07613
332.17883	-0.07504
332.66094	-0.07376
333.14306	-0.07274
333.62518	-0.07243
334.10730	-0.07318
334.58941	-0.07508
335.07153	-0.07808
335.55365	-0.08187
336.03576	-0.08593
336.51788	-0.08971
337.00000	-0.09267
337.48212	-0.09443
337.96423	-0.09488
338.44635	-0.09418
338.92847	-0.09277
339.41059	-0.09118
339.89270	-0.08990
340.37482	-0.08934
340.85694	-0.08969
341.33906	-0.09091
341.82117	-0.09277
342.30329	-0.09494
342.78541	-0.09707
343.26752	-0.09886
343.74964	-0.10013
344.23176	-0.10085
344.71388	-0.10109
345.19599	-0.10098
345.67811	-0.10067
346.16023	-0.10027
346.64235	-0.09987
347.12446	-0.09944
347.60658	-0.09895
348.08870	-0.09831
348.57081	-0.09741
349.05293	-0.09612
349.53505	-0.09436
350.01717	-0.09203
350.49928	-0.08910
350.98140	-0.08557
351.46352	-0.08155
351.94564	-0.07721
352.42775	-0.07284
352.90987	-0.06881
353.39199	-0.06554
353.87411	-0.06342
354.35622	-0.06272
354.83834	-0.06359
355.32046	-0.06596
355.80257	-0.06955
356.28469	-0.07393
356.76681	-0.07857
357.24893	-0.08292
357.73104	-0.08653
358.21316	-0.08903
358.69528	-0.09020
359.17740	-0.08994
359.65951	-0.08822
360.14163	-0.08512
360.62375	-0.08074
361.10586	-0.07524
361.58798	-0.06888
362.07010	-0.06202
362.55222	-0.05512
363.03433	-0.04873
363.51645	-0.04349
363.99857	-0.03994
364.48069	-0.03850
364.96280	-0.03933
365.44492	-0.04231
365.92704	-0.04706
366.40916	-0.05299
366.89127	-0.05942
367.37339	-0.06569
367.85551	-0.07122
368.33762	-0.07553
368.81974	-0.07826
369.30186	-0.07921
369.78398	-0.07831
370.26609	-0.07559
370.74821	-0.07121
371.23033	-0.06542
371.71245	-0.05859
372.19456	-0.05117
372.67668	-0.04365
373.15880	-0.03663
373.64091	-0.03069
374.12303	-0.02637
374.60515	-0.02413
375.08727	-0.02418
375.56938	-0.02651
376.05150	-0.03082
376.53362	-0.03656
377.01574	-0.04301
377.49785	-0.04942
377.97997	-0.05518
378.46209	-0.05981
378.94421	-0.06310
379.42632	-0.06499
379.90844	-0.06565
380.39056	-0.06530
380.87267	-0.06427
381.35479	-0.06285
381.83691	-0.06131
382.31903	-0.05988
382.80114	-0.05862
383.28326	-0.05759
383.76538	-0.05675
384.24750	-0.05609
384.72961	-0.05562
385.21173	-0.05542
385.69385	-0.05567
386.17596	-0.05665
386.65808	-0.05866
387.14020	-0.06202
387.62232	-0.06691
388.10443	-0.07334
388.58655	-0.08109
389.06867	-0.08966
389.55079	-0.09841
390.03290	-0.10659
390.51502	-0.11352
390.99714	-0.11869
391.47926	-0.12193
391.96137	-0.12343
392.44349	-0.12369
392.92561	-0.12336
393.40772	-0.12316
393.88984	-0.12361
394.37196	-0.12498
394.85408	-0.12723
395.33619	-0.13009
395.81831	-0.13312
396.30043	-0.13582
396.78255	-0.13774
397.26466	-0.13857
397.74678	-0.13817
398.22890	-0.13657
398.71102	-0.13398
399.19313	-0.13062
399.67525	-0.12679
400.15737	-0.12274
400.63948	-0.11869
401.12160	-0.11484
401.60372	-0.11141
402.08584	-0.10870
402.56795	-0.10705
403.05007	-0.10681
403.53219	-0.10825
404.01431	-0.11150
404.49642	-0.11645
404.97854	-0.12276
405.46066	-0.12986
405.94277	-0.13715
406.42489	-0.14391
406.90701	-0.14954
407.38913	-0.15357
407.87124	-0.15573
408.35336	-0.15591
408.83548	-0.15419
409.31760	-0.15080
409.79971	-0.14606
410.28183	-0.14031
410.76395	-0.13392
411.24607	-0.12720
411.72818	-0.12042
412.21030	-0.11380
412.69242	-0.10746
413.17453	-0.10154
413.65665	-0.09606
414.13877	-0.09107
414.62089	-0.08670
415.10300	-0.08320
415.58512	-0.08088
416.06724	-0.08004
416.54936	-0.08101
417.03147	-0.08401
417.51359	-0.08894
417.99571	-0.09564
418.47782	-0.10379
418.95994	-0.11290
419.44206	-0.12238
419.92418	-0.13154
420.40629	-0.13970
420.88841	-0.14627
421.37053	-0.15079
421.85265	-0.15319
422.33476	-0.15379
422.81688	-0.15319
423.29900	-0.15223
423.78112	-0.15170
424.26323	-0.15217
424.74535	-0.15390
425.22747	-0.15689
425.70958	-0.16078
426.19170	-0.16502
426.67382	-0.16901
427.15594	-0.17206
427.63805	-0.17363
428.12017	-0.17329
428.60229	-0.17085
429.08441	-0.16646
429.56652	-0.16043
430.04864	-0.15317
430.53076	-0.14522
431.01287	-0.13694
431.49499	-0.12855
431.97711	-0.12014
432.45923	-0.11177
432.94134	-0.10351
433.42346	-0.09557
433.90558	-0.08828
434.38770	-0.08208
434.86981	-0.07744
435.35193	-0.07471
435.83405	-0.07410
436.31617	-0.07550
436.79828	-0.07855
437.28040	-0.08266
437.76252	-0.08704
438.24463	-0.09081
438.72675	-0.09320
439.20887	-0.09355
439.69099	-0.09147
440.17310	-0.08689
440.65522	-0.08012
441.13734	-0.07180
441.61946	-0.06275
442.10157	-0.05381
442.58369	-0.04595
443.06581	-0.03985
443.54792	-0.03600
444.03004	-0.03465
444.51216	-0.03581
444.99428	-0.03926
445.47639	-0.04462
445.95851	-0.05153
446.44063	-0.05945
446.92275	-0.06791
447.40486	-0.07653
447.88698	-0.08495
448.36910	-0.09291
448.85122	-0.10024
449.33333	-0.10693
449.81545	-0.11319
450.29757	-0.11927
450.77968	-0.12563
451.26180	-0.13281
451.74392	-0.14110
452.22604	-0.15058
452.70815	-0.16089
453.19027	-0.17131
453.67239	-0.18061
454.15451	-0.18747
454.63662	-0.19054
455.11874	-0.18876
455.60086	-0.18134
456.08297	-0.16847
456.56509	-0.15121
457.04721	-0.13145
457.52933	-0.11141
458.01144	-0.09357
458.49356	-0.07994
458.97568	-0.07201
459.45780	-0.07052
459.93991	-0.07542
460.42203	-0.08598
460.90415	-0.10079
461.38627	-0.11808
461.86838	-0.13576
462.35050	-0.15217
462.83262	-0.16638
463.31473	-0.17843
463.79685	-0.18912
464.27897	-0.19945
464.76109	-0.21031
465.24320	-0.22233
465.72532	-0.23539
466.20744	-0.24865
466.68956	-0.26081
467.17167	-0.26991
467.65379	-0.27444
468.13591	-0.27363
468.61802	-0.26803
469.10014	-0.25962
469.58226	-0.25040
470.06438	-0.24251
470.54649	-0.23783
471.02861	-0.23746
471.51073	-0.24175
471.99285	-0.25057
472.47496	-0.26302
472.95708	-0.27769
473.43920	-0.29229
473.92132	-0.30413
474.40343	-0.31093
474.88555	-0.31108
475.36767	-0.30423
475.84978	-0.29123
476.33190	-0.27383
476.81402	-0.25383
477.29614	-0.23315
477.77825	-0.21356
478.26037	-0.19649
478.74249	-0.18292
479.22461	-0.17316
479.70672	-0.16646
480.18884	-0.16164
480.67096	-0.15701
481.15307	-0.15158
481.63519	-0.14475
482.11731	-0.13663
482.59943	-0.12776
483.08154	-0.11888
483.56366	-0.11049
484.04578	-0.10294
484.52790	-0.09631
485.01001	-0.09056
485.49213	-0.08581
485.97425	-0.08232
486.45637	-0.08038
486.93848	-0.08032
487.42060	-0.08210
487.90272	-0.08549
488.38483	-0.08986
488.86695	-0.09458
489.34907	-0.09887
489.83119	-0.10210
490.31330	-0.10337
490.79542	-0.10175
491.27754	-0.09596
491.75966	-0.08535
492.24177	-0.06993
492.72389	-0.05067
493.20601	-0.02964
493.68812	-0.00968
494.17024	0.00645
494.65236	0.01572
495.13448	0.01678
495.61659	0.00937
496.09871	-0.00541
496.58083	-0.02447
497.06295	-0.04467
497.54506	-0.06342
498.02718	-0.07912
498.50930	-0.09148
498.99142	-0.10063
499.47353	-0.10724
499.95565	-0.11214
500.43777	-0.11586
500.91988	-0.11916
501.40200	-0.12279
501.88412	-0.12739
502.36624	-0.13372
502.84835	-0.14213
503.33047	-0.15275
503.81259	-0.16550
504.29471	-0.17992
504.77682	-0.19559
505.25894	-0.21207
505.74106	-0.22906
506.22318	-0.24598
506.70529	-0.26221
507.18741	-0.27679
507.66953	-0.28872
508.15164	-0.29723
508.63376	-0.30190
509.11588	-0.30286
509.59800	-0.30070
510.08011	-0.29599
510.56223	-0.28899
511.04435	-0.28030
511.52647	-0.27049
512.00858	-0.25998
512.49070	-0.24958
512.97282	-0.24025
513.45493	-0.23242
513.93705	-0.22682
514.41917	-0.22341
514.90129	-0.22189
515.38340	-0.22190
515.86552	-0.22290
516.34764	-0.22493
516.82976	-0.22799
517.31187	-0.23088
517.79399	-0.23458
518.27611	-0.23838
518.75823	-0.24162
519.24034	-0.24361
519.72246	-0.24406
520.20458	-0.24276
520.68669	-0.23997
521.16881	-0.23488
521.65093	-0.22817
522.13305	-0.21987
522.61516	-0.21019
523.09728	-0.19968
523.57940	-0.18847
524.06152	-0.17683
524.54363	-0.16490
525.02575	-0.15334
525.50787	-0.14249
525.98998	-0.13313
526.47210	-0.12664
526.95422	-0.12434
527.43634	-0.12709
527.91845	-0.13589
528.40057	-0.15147
528.88269	-0.17404
529.36481	-0.20201
529.84692	-0.23186
530.32904	-0.25798
530.81116	-0.27340
531.29328	-0.26876
531.77539	-0.24313
532.25751	-0.20317
532.73963	-0.16079
533.22174	-0.12309
533.70386	-0.09457
534.18598	-0.07658
534.66810	-0.06848
535.15021	-0.06799
535.63233	-0.07342
536.11445	-0.08326
536.59657	-0.09651
537.07868	-0.11262
537.56080	-0.13150
538.04292	-0.15328
538.52503	-0.17733
539.00715	-0.20387
539.48927	-0.23161
539.97139	-0.25910
540.45350	-0.28526
540.93562	-0.30961
541.41774	-0.33234
541.89986	-0.35493
542.38197	-0.37304
542.86409	-0.38097
543.34621	-0.37119
543.82833	-0.34383
544.31044	-0.30751
544.79256	-0.27100
545.27468	-0.24218
545.75679	-0.22678
546.23891	-0.22636
546.72103	-0.23929
547.20315	-0.26384
547.68526	-0.29802
548.16738	-0.33659
548.64950	-0.37636
549.13162	-0.41183
549.61373	-0.44023
550.09585	-0.46254
550.57797	-0.48362
551.06008	-0.50915
551.54220	-0.54480
552.02432	-0.59495
552.50644	-0.65904
552.98855	-0.73400
553.47067	-0.81250
553.95279	-0.86867
554.43491	-0.89267
554.91702	-0.88114
555.39914	-0.85851
555.88126	-0.82925
556.36338	-0.83919
556.84549	-0.90637
557.32761	-1.08034
557.80973	-1.39803
558.29184	-1.18999
558.77396	-0.72547
559.25608	-0.45802
559.73820	-0.34971
560.22031	-0.29073
560.70243	-0.26365
561.18455	-0.25270
561.66667	-0.24689
562.14878	-0.24116
562.63090	-0.23682
563.11302	-0.23934
563.59513	-0.25531
564.07725	-0.28506
564.55937	-0.32843
565.04149	-0.38425
565.52360	-0.43073
566.00572	-0.45800
566.48784	-0.45876
566.96996	-0.44815
567.45207	-0.43767
567.93419	-0.43850
568.41631	-0.43838
568.89843	-0.42474
569.38054	-0.38109
569.86266	-0.29725
570.34478	-0.18251
570.82689	-0.05367
571.30901	0.07745
571.79113	0.20137
572.27325	0.29766
572.75536	0.33381
573.23748	0.28017
573.71960	0.13812
574.20172	-0.06559
574.68383	-0.32350
575.16595	-0.84598
575.64807	-0.84598
576.13018	-0.86276
576.61230	-0.45010
577.09442	-0.27668
577.57654	-0.13532
578.05865	-0.00803
578.54077	0.10349
579.02289	0.16771
579.50501	0.16439
579.98712	0.10937
580.46924	0.04751
580.95136	0.00745
581.43348	-0.01817
581.91559	-0.03156
582.39771	-0.03448
582.87983	-0.03207
583.36194	-0.02789
583.84406	-0.02237
584.32618	-0.01592
584.80830	-0.01444
585.29041	-0.01615
585.77253	-0.02520
586.25465	-0.04901
586.73677	-0.10092
587.21888	-0.16377
587.70100	-0.21582
588.18312	-0.23791
588.66523	-0.22712
589.14735	-0.19615
589.62947	-0.15938
590.11159	-0.12835
590.59370	-0.11233
591.07582	-0.10853
591.55794	-0.11887
592.04006	-0.14274
592.52217	-0.17803
593.00429	-0.21864
593.48641	-0.25729
593.96853	-0.28709
594.45064	-0.30153
594.93276	-0.29222
595.41488	-0.25869
595.89699	-0.20467
596.37911	-0.13124
596.86123	-0.04461
597.34335	0.04560
597.82546	0.12557
598.30758	0.17988
598.78970	0.19167
599.27182	0.17469
599.75393	0.16202
600.23605	0.17380
600.71817	0.21375
601.20029	0.26731
601.68240	0.31873
602.16452	0.34875
602.64664	0.35000
603.12875	0.33096
603.61087	0.30703
604.09299	0.28284
604.57511	0.25697
605.05722	0.22706
605.53934	0.19168
606.02146	0.14963
606.50358	0.10179
606.98569	0.04940
607.46781	-0.00598
607.94993	-0.06322
608.43204	-0.12109
608.91416	-0.17824
609.39628	-0.23331
609.87840	-0.28601
610.36051	-0.32786
610.84263	-0.34925
611.32475	-0.34225
611.80687	-0.31027
612.28898	-0.26842
612.77110	-0.23081
613.25322	-0.20525
613.73534	-0.19306
614.21745	-0.18814
614.69957	-0.18768
615.18169	-0.18956
615.66380	-0.19123
616.14592	-0.19019
616.62804	-0.18445
617.11016	-0.17116
617.59227	-0.15154
618.07439	-0.11969
618.55651	-0.07588
619.03863	-0.02376
619.52074	0.02550
620.00286	0.06426
620.48498	0.09420
620.96709	0.12730
621.44921	0.16486
621.93133	0.22555
622.41345	0.29496
622.89556	0.34941
623.37768	0.33975
623.85980	0.25608
624.34192	0.14311
624.82403	0.04516
625.30615	-0.01145
625.78827	-0.03071
626.27039	-0.01164
626.75250	0.03719
627.23462	0.09788
627.71674	0.13899
628.19885	0.13939
628.68097	0.10447
629.16309	0.05948
629.64521	0.02224
630.12732	0.00347
630.60944	0.00815
631.09156	0.03849
631.57368	0.08631
632.05579	0.13341
632.53791	0.15560
633.02003	0.13919
633.50214	0.09617
633.98426	0.03967
634.46638	-0.01512
634.94850	-0.05995
635.43061	-0.09893
635.91273	-0.13486
636.39485	-0.16854
636.87697	-0.19850
637.35908	-0.22768
637.84120	-0.25812
638.32332	-0.29268
638.80544	-0.33270
639.28755	-0.38267
639.76967	-0.44600
640.25179	-0.52362
640.73390	-0.57576
641.21602	-0.56162
641.69814	-0.46857
642.18026	-0.36230
642.66237	-0.27118
643.14449	-0.21313
643.62661	-0.18335
644.10873	-0.17636
644.59084	-0.18451
645.07296	-0.20054
645.55508	-0.21505
646.03719	-0.21947
646.51931	-0.20740
647.00143	-0.17638
647.48355	-0.12872
647.96566	-0.06840
648.44778	-0.00028
648.92990	0.07508
649.41202	0.15553
649.89413	0.23687
650.37625	0.29723
650.85837	0.27952
651.34049	0.15197
651.82260	-0.02613
652.30472	-0.14337
652.78684	-0.14171
653.26895	-0.08475
653.75107	-0.03632
654.23319	0.00683
654.71531	0.04391
655.19742	0.07789
655.67954	0.10974
656.16166	0.13624
656.64378	0.15400
657.12589	0.15445
657.60801	0.12412
658.09013	0.05972
658.57224	-0.03477
659.05436	-0.11407
659.53648	-0.14734
660.01860	-0.15979
660.50071	-0.17193
660.98283	-0.18664
661.46495	-0.20635
661.94707	-0.22717
662.42918	-0.23937
662.91130	-0.23116
663.39342	-0.19002
663.87554	-0.07060
664.35765	0.15117
664.83977	0.41824
665.32189	0.56044
665.80400	0.53256
666.28612	0.48440
666.76824	0.48648
667.25036	0.54599
667.73247	0.63481
668.21459	0.73124
668.69671	0.80004
669.17883	0.81390
669.66094	0.75209
670.14306	0.68287
670.62518	0.58148
671.10729	0.44865
671.58941	0.29303
672.07153	0.17666
672.55365	0.12393
673.03576	0.13157
673.51788	0.18332
674.00000	0.27275
674.48212	0.39967
674.96423	0.57833
675.44635	1.02553
675.92847	1.47904
676.41059	0.99594
676.89270	0.68173
677.37482	0.47621
677.85694	0.31513
678.33905	0.17293
678.82117	0.05883
679.30329	-0.02338
679.78541	-0.03914
680.26752	0.01780
680.74964	0.14062
681.23176	0.33349
681.71388	0.60750
682.19599	0.85480
682.67811	0.90747
683.16023	0.81906
683.64234	0.76692
684.12446	0.74732
684.60658	0.76131
685.08870	0.84560
685.57081	0.99931
686.05293	1.15034
686.53505	1.09358
687.01717	0.77736
687.49928	0.42101
687.98140	0.17891
688.46352	0.12716
688.94564	0.18491
689.42775	0.25450
689.90987	0.30600
690.39199	0.35647
690.87410	0.57240
691.35622	0.77822
691.83834	0.58159
692.32046	0.45925
692.80257	0.39682
693.28469	0.34923
693.76681	0.30336
694.24893	0.25560
694.73104	0.20598
695.21316	0.15318
695.69528	0.09526
696.17740	0.03122
696.65951	-0.03760
697.14163	-0.11036
697.62375	-0.18143
698.10586	-0.24438
698.58798	-0.29115
699.07010	-0.32063
699.55222	-0.32794
700.03433	-0.31360
700.51645	-0.28609
700.99857	-0.25990
701.48069	-0.26350
701.96280	-0.33825
702.44492	-0.62706
702.92704	-1.17867
703.40915	-0.95958
703.89127	-0.55835
704.37339	-0.41171
704.85551	-0.32282
705.33762	-0.26821
705.81974	-0.23698
706.30186	-0.22191
706.78398	-0.21903
707.26609	-0.22554
707.74821	-0.23964
708.23033	-0.26001
708.71245	-0.28626
709.19456	-0.31939
709.67668	-0.35878
710.15880	-0.39783
710.64091	-0.43153
711.12303	-0.45544
711.60515	-0.47285
712.08727	-0.48325
712.56938	-0.49680
713.05150	-0.51699
713.53362	-0.54797
714.01574	-0.59564
714.49785	-0.67372
714.97997	-0.80857
715.46209	-1.09172
715.94420	5.00000
716.42632	5.00000
716.90844	-0.79086
717.39056	-0.35108
717.87267	-0.18576
718.35479	-0.05497
718.83691	0.04766
719.31903	0.12493
719.80114	0.18105
720.28326	0.21880
720.76538	0.24409
721.24750	0.26005
721.72961	0.25539
722.21173	0.22940
722.69385	0.18363
723.17596	0.12237
723.65808	0.05461
724.14020	-0.01039
724.62232	-0.06418
725.10443	-0.10061
725.58655	-0.11886
726.06867	-0.11605
726.55079	-0.09531
727.03290	-0.06213
727.51502	-0.01860
727.99714	0.03330
728.47925	0.09447
728.96137	0.16520
729.44349	0.25292
729.92561	0.34080
730.40772	0.39866
730.88984	0.39393
731.37196	0.32288
731.85408	0.21441
732.33619	0.10561
732.81831	0.02314
733.30043	-0.00141
733.78255	0.06982
734.26466	0.23048
734.74678	0.45975
735.22890	0.77922
735.71101	0.85527
736.19313	0.55704
736.67525	0.28824
737.15737	0.11274
737.63948	-0.05606
738.12160	-0.22853
738.60372	-0.40737
739.08584	-0.59080
739.56795	-0.64241
740.05007	-0.53919
740.53219	-0.40482
741.01430	-0.31983
741.49642	-0.26460
741.97854	-0.23418
742.46066	-0.22239
742.94277	-0.22509
743.42489	-0.23175
743.90701	-0.23867
744.38913	-0.24072
744.87124	-0.21890
745.35336	-0.16210
745.83548	-0.06697
746.31760	0.05009
746.79971	0.18486
747.28183	0.33507
747.76395	0.51281
748.24606	0.71208
748.72818	0.83044
749.21030	0.67481
749.69242	0.42791
750.17453	0.23944
750.65665	0.10912
751.13877	-0.00630
751.62089	-0.11694
752.10300	-0.23030
752.58512	-0.34963
753.06724	-0.47204
753.54935	-0.58372
754.03147	-0.66829
754.51359	-0.71991
754.99571	-0.74185
755.47782	-0.74334
755.95994	-0.73623
756.44206	-0.71261
756.92418	-0.65001
757.40629	-0.52753
757.88841	-0.33566
758.37053	-0.02345
758.85265	0.26888
759.33476	0.27765
759.81688	0.17591
760.29900	0.14362
760.78111	0.15990
761.26323	0.20667
761.74535	0.26899
762.22747	0.32886
762.70958	0.38297
763.19170	0.42604
763.67382	0.45500
764.15594	0.46947
764.63805	0.47038
765.12017	0.45663
765.60229	0.42712
766.08440	0.38031
766.56652	0.30947
767.04864	0.20888
767.53076	0.07238
768.01287	-0.09749
768.49499	-0.32472
768.97711	-0.63087
769.45923	-1.11251
769.94134	-1.11251
770.42346	5.00000
770.90558	-1.27753
771.38770	-0.66176
771.86981	-0.45606
772.35193	-0.27891
772.83405	-0.12716
773.31616	-0.00331
773.79828	0.08524
774.28040	0.12701
774.76252	0.11267
775.24463	0.03349
775.72675	-0.14509
776.20887	-0.41399
776.69099	-0.44649
777.17310	-0.22843
777.65522	-0.03242
778.13734	0.11495
778.61945	0.23763
779.10157	0.34738
779.58369	0.46006
780.06581	0.58101
780.54792	0.71450
781.03004	0.85228
781.51216	0.88724
781.99428	0.70635
782.47639	0.44811
782.95851	0.23617
783.44063	0.06030
783.92275	-0.10533
784.40486	-0.26648
784.88698	-0.42644
785.36910	-0.58402
785.85121	-0.73505
786.33333	-0.86722
786.81545	-0.96299
787.29757	-1.06854
787.77968	-1.10116
788.26180	-1.02573
788.74392	-0.87410
789.22604	-0.67956
789.70815	-0.48921
790.19027	-0.32293
790.67239	-0.19179
791.15451	-0.11283
791.63662	-0.08747
792.11874	-0.12388
792.60086	-0.21990
793.08297	-0.32618
793.56509	-0.38598
794.04721	-0.35384
794.52933	-0.28282
795.01144	-0.19661
795.49356	-0.11971
795.97568	-0.04325
796.45780	0.04361
796.93991	0.26247
797.42203	0.86449
797.90415	5.00000
798.38626	0.63882
798.86838	0.13014
799.35050	-0.16100
799.83262	-0.34332
800.31473	-0.43288
800.79685	-0.44468
801.27897	-0.41209
801.76109	-0.36221
802.24320	-0.31022
802.72532	-0.26303
803.20744	-0.21934
803.68956	-0.18119
804.17167	-0.15201
804.65379	-0.13693
805.13591	-0.14376
805.61802	-0.17853
806.10014	-0.24497
806.58226	-0.36389
807.06438	-0.50959
807.54649	-0.58651
808.02861	-0.49767
808.51073	-0.32672
808.99285	-0.15050
809.47496	0.00822
809.95708	0.13782
810.43920	0.22848
810.92131	0.28985
811.40343	0.33890
811.88555	0.40724
812.36767	0.79498
812.84978	5.00000
813.33190	1.24416
813.81402	0.03280
814.29614	-0.21552
814.77825	-0.24485
815.26037	-0.15534
815.74249	-0.02714
816.22461	0.14936
816.70672	0.43872
817.18884	1.05516
817.67096	5.00000
818.15307	5.00000
818.63519	1.13314
819.11731	0.49448
819.59943	0.33045
820.08154	0.28730
820.56366	0.25830
821.04578	0.23551
821.52790	0.21592
822.01001	0.19529
822.49213	0.17530
822.97425	0.15509
823.45636	0.13393
823.93848	0.11048
824.42060	0.09428
824.90272	0.09742
825.38483	0.13215
825.86695	0.22062
826.34907	0.32780
826.83119	0.38171
827.31330	0.33656
827.79542	0.23988
828.27754	0.14189
828.75966	0.05465
829.24177	-0.01933
829.72389	-0.09116
830.20601	-0.18985
830.68812	-0.33139
831.17024	-0.52443
831.65236	-0.72459
832.13448	-0.64188
832.61659	-0.39705
833.09871	-0.21046
833.58083	-0.09873
834.06295	-0.00394
834.54506	0.08207
835.02718	0.16023
835.50930	0.22706
835.99141	0.27401
836.47353	0.29508
836.95565	0.28917
837.43777	0.26187
837.91988	0.21896
838.40200	0.16780
838.88412	0.11679
839.36624	0.07511
839.84835	0.05279
840.33047	0.04949
840.81259	0.05394
841.29471	0.05353
841.77682	0.04139
842.25894	0.01681
842.74106	-0.01659
843.22317	-0.04756
843.70529	-0.07018
844.18741	-0.07564
844.66953	-0.05716
845.15164	-0.01328
845.63376	0.05599
846.11588	0.14862
846.59800	0.26493
847.08011	0.44777
847.56223	0.72386
848.04435	1.03439
848.52646	1.05594
849.00858	0.80307
849.49070	0.56679
849.97282	0.39685
850.45493	0.28186
850.93705	0.17182
851.41917	0.05016
851.90129	-0.06440
852.38340	-0.10292
852.86552	-0.02618
853.34764	0.09989
853.82976	0.19386
854.31187	0.22991
854.79399	0.23951
855.27611	0.23893
855.75822	0.23899
856.24034	0.24905
856.72246	0.29735
857.20458	0.41437
857.68669	0.59796
858.16881	0.76200
858.65093	0.64676
859.13305	0.37009
859.61516	0.16174
860.09728	0.04676
860.57940	-0.00308
861.06151	-0.02094
861.54363	-0.01656
862.02575	-0.00038
862.50787	0.01668
862.98998	0.03143
863.47210	0.04111
863.95422	0.04569
864.43634	0.04835
864.91845	0.05306
865.40057	0.06463
865.88269	0.08728
866.36481	0.12317
866.84692	0.17478
867.32904	0.23408
867.81116	0.28955
868.29327	0.31651
868.77539	0.29081
869.25751	0.22187
869.73963	0.13725
870.22174	0.05690
870.70386	-0.02138
871.18598	-0.09933
871.66810	-0.18054
872.15021	-0.25790
872.63233	-0.31900
873.11445	-0.32967
873.59656	-0.29295
874.07868	-0.23137
874.56080	-0.18831
875.04292	-0.16866
875.52503	-0.17557
876.00715	-0.23296
876.48927	-0.34087
876.97139	-0.46297
877.45350	-0.50182
877.93562	-0.37555
878.41774	-0.16769
878.89986	0.04252
879.38197	0.21321
879.86409	0.32083
880.34621	0.39469
880.82832	0.43748
881.31044	0.45512
881.79256	0.45256
882.27468	0.44080
882.75679	0.42659
883.23891	0.41741
883.72103	0.41311
884.20315	0.42254
884.68526	0.44091
885.16738	0.46027
885.64950	0.47427
886.13161	0.47870
886.61373	0.47397
887.09585	0.46477
887.57797	0.44968
888.06008	0.44382
888.54220	0.43747
889.02432	0.40970
889.50644	0.26862
889.98855	0.03071
890.47067	-0.15441
890.95279	-0.21285
891.43491	-0.21054
891.91702	-0.19861
892.39914	-0.18924
892.88126	-0.18962
893.36337	-0.19139
893.84549	-0.19286
894.32761	-0.18310
894.80973	-0.14233
895.29184	-0.04433
895.77396	0.13684
896.25608	0.46358
896.73820	2.04801
897.22031	5.00000
897.70243	1.01823
898.18455	0.07682
898.66667	-0.29075
899.14878	-0.69557
899.63090	-0.69557
900.11302	-1.32450
900.59513	-0.67483
901.07725	-0.46434
901.55937	-0.33435
902.04149	-0.25462
902.52360	-0.22041
903.00572	-0.26185
903.48784	-0.58288
903.96996	-1.10367
904.45207	-0.79105
904.93419	-0.37739
905.41631	-0.27192
905.89842	-0.26459
906.38054	-0.30621
906.86266	-0.40346
907.34478	-0.54372
907.82689	-0.69386
908.30901	-0.76567
908.79113	-0.71753
909.27325	-0.63554
909.75536	-0.54608
910.23748	-0.46867
910.71960	-0.41577
911.20172	-0.32785
911.68383	-0.21117
912.16595	-0.08467
912.64807	0.03813
913.13018	0.14228
913.61230	0.21772
914.09442	0.25594
914.57654	0.25781
915.05865	0.23275
915.54077	0.19005
916.02289	0.13886
916.50501	0.08530
916.98712	0.03319
917.46924	-0.01609
917.95136	-0.06403
918.43347	-0.10891
918.91559	-0.14826
919.39771	-0.16648
919.87983	-0.15228
920.36194	-0.10503
920.84406	-0.03587
921.32618	0.04136
921.80830	0.11080
922.29041	0.15446
922.77253	0.16551
923.25465	0.15016
923.73677	0.12805
924.21888	0.10974
924.70100	0.11008
925.18312	0.12746
925.66523	0.15668
926.14735	0.18766
926.62947	0.21149
927.11159	0.22351
927.59370	0.22566
928.07582	0.22303
928.55794	0.22267
929.04006	0.22937
929.52217	0.24746
930.00429	0.24738
930.48641	0.24265
930.96852	0.23235
931.45064	0.22692
931.93276	0.22128
932.41488	0.18825
932.89699	0.12390
933.37911	0.04172
933.86123	-0.04644
934.34335	-0.13640
934.82546	-0.23331
935.30758	-0.34900
935.78970	-0.66574
936.27182	5.00000
936.75393	5.00000
937.23605	-0.81504
937.71817	-0.45275
938.20028	-0.23347
938.68240	-0.06650
939.16452	0.07653
939.64664	0.22553
940.12875	0.38191
940.61087	0.52413
941.09299	0.59471
941.57511	0.53030
942.05722	0.38425
942.53934	0.25478
943.02146	0.18024
943.50357	0.15033
943.98569	0.13901
944.46781	0.13445
944.94993	0.13017
945.43204	0.12635
945.91416	0.12337
946.39628	0.12410
946.87840	0.13031
947.36051	0.13903
947.84263	0.14827
948.32475	0.15188
948.80687	0.14197
949.28898	0.08179
949.77110	-0.03046
950.25322	-0.21749
950.73533	-0.49552
951.21745	-0.97891
951.69957	-1.12762
952.18169	-0.79874
952.66380	-0.61981
953.14592	-0.56453
953.62804	-0.54303
954.11016	-0.54398
954.59227	-0.56165
955.07439	-0.59332
955.55651	-0.63538
956.03862	-0.68259
956.52074	-0.72294
957.00286	-0.72723
957.48498	-0.61996
957.96709	-0.41242
958.44921	-0.17146
958.93133	0.05918
959.41345	0.27606
959.89556	0.41197
960.37768	0.40254
960.85980	0.28727
961.34192	0.13476
961.82403	-0.02519
962.30615	-0.18227
962.78827	-0.38262
963.27038	-0.58092
963.75250	-0.65109
964.23462	-0.52002
964.71674	-0.32698
965.19885	-0.15576
965.68097	-0.02653
966.16309	0.06095
966.64521	0.11106
967.12732	0.13781
967.60944	0.14633
968.09156	0.14181
968.57367	0.12887
969.05579	0.11436
969.53791	0.10751
970.02003	0.12327
970.50214	0.17953
970.98426	0.27796
971.46638	0.27829
971.94850	0.17085
972.43061	0.05812
972.91273	-0.01680
973.39485	-0.07373
973.87697	-0.12399
974.35908	-0.17681
974.84120	-0.23526
975.32332	-0.30312
975.80543	-0.38330
976.28755	-0.48984
976.76967	-0.64170
977.25179	-0.83840
977.73390	-1.01427
978.21602	-0.84046
978.69814	-0.43282
979.18026	-0.10767
979.66237	0.08170
980.14449	0.20523
980.62661	0.30776
981.10872	0.42547
981.59084	0.57318
982.07296	0.70383
982.55508	0.62120
983.03719	0.36720
983.51931	0.12531
984.00143	-0.08903
984.48355	-0.32035
984.96566	-0.52917
985.44778	-0.56978
985.92990	-0.36884
986.41202	-0.09067
986.89413	0.15879
987.37625	0.34430
987.85837	0.44068
988.34048	0.49147
988.82260	0.38827
989.30472	0.20808
989.78684	-0.01333
990.26895	-0.20979
990.75107	-0.39320
991.23319	-0.58074
991.71531	-0.92314
992.19742	-0.92314
992.67954	-1.43971
993.16166	-0.69272
993.64378	-0.27103
994.12589	0.27112
994.60801	1.53931
995.09013	5.00000
995.57224	0.85011
996.05436	0.51552
996.53648	0.38545
997.01860	0.37240
997.50071	0.38827
997.98283	0.41501
998.46495	0.42192
998.94707	0.39379
999.42918	0.34012
