0.00000	1.05980
0.48212	1.05709
0.96423	1.05031
1.44635	1.04281
1.92847	1.03864
2.41059	1.03992
2.89270	1.04084
3.37482	1.02361
3.85694	0.96403
4.33906	0.84436
4.82117	0.65743
5.30329	0.43760
5.78541	0.22484
6.26753	0.04255
6.74964	-0.09373
7.23176	-0.17242
7.71388	-0.20175
8.19599	-0.20064
8.67811	-0.18186
9.16023	-0.15110
9.64235	-0.10839
10.12446	-0.04879
10.60658	0.03338
11.08870	0.14546
11.57082	0.29890
12.05293	0.74628
12.53505	5.00000
13.01717	1.34683
13.49928	0.66333
13.98140	0.41904
14.46352	0.34307
14.94564	0.46597
15.42775	0.66407
15.90987	0.80710
16.39199	0.89093
16.87411	0.93506
17.35622	0.97160
17.83834	1.00318
18.32046	1.03916
18.80258	1.07989
19.28469	1.12494
19.76681	1.17314
20.24893	1.22318
20.73104	1.27355
21.21316	1.32308
21.69528	1.37099
22.17740	1.41727
22.65951	1.46158
23.14163	1.50366
23.62375	1.54021
24.10587	1.56926
24.58798	1.58783
25.07010	1.59527
25.55222	1.59394
26.03433	1.58711
26.51645	1.57886
26.99857	1.57366
27.48069	1.56976
27.96280	1.57342
28.44492	1.58746
28.92704	1.61504
29.40916	1.65936
29.89127	1.72437
30.37339	1.80250
30.85551	1.87573
31.33763	1.91665
31.81974	1.90456
32.30186	1.85494
32.78398	1.80289
33.26609	1.75961
33.74821	1.72696
34.23033	1.69917
34.71245	1.67321
35.19456	1.64826
35.67668	1.62503
36.15880	1.60497
36.64092	1.58951
37.12303	1.57804
37.60515	1.57040
38.08727	1.56557
38.56938	1.56282
39.05150	1.56168
39.53362	1.56193
40.01574	1.56348
40.49785	1.56628
40.97997	1.57026
41.46209	1.57515
41.94421	1.58055
42.42632	1.58596
42.90844	1.59090
43.39056	1.59494
43.87268	1.59780
44.35479	1.59938
44.83691	1.59974
45.31903	1.59909
45.80114	1.59776
46.28326	1.59616
46.76538	1.59482
47.24750	1.59413
47.72961	1.59436
48.21173	1.59554
48.69385	1.59743
49.17597	1.59958
49.65808	1.60146
50.14020	1.60269
50.62232	1.60318
51.10443	1.60291
51.58655	1.60209
52.06867	1.60110
52.55079	1.60036
53.03290	1.60018
53.51502	1.60087
53.99714	1.60260
54.47926	1.60535
54.96137	1.60894
55.44349	1.61300
55.92561	1.61712
56.40773	1.62088
56.88984	1.62396
57.37196	1.62627
57.85408	1.62785
58.33619	1.62887
58.81831	1.62953
59.30043	1.63004
59.78255	1.63050
60.26466	1.63095
60.74678	1.63133
61.22890	1.63151
61.71102	1.63137
62.19313	1.63080
62.67525	1.62975
63.15737	1.62827
63.63948	1.62653
64.12160	1.62475
64.60372	1.62318
65.08584	1.62204
65.56795	1.62149
66.05007	1.62158
66.53219	1.62228
67.01431	1.62345
67.49642	1.62493
67.97854	1.62652
68.46066	1.62803
68.94278	1.62932
69.42489	1.63033
69.90701	1.63109
70.38913	1.63167
70.87124	1.63220
71.35336	1.63276
71.83548	1.63340
72.31760	1.63406
72.79971	1.63463
73.28183	1.63496
73.76395	1.63496
74.24607	1.63457
74.72818	1.63384
75.21030	1.63293
75.69242	1.63203
76.17453	1.63136
76.65665	1.63110
77.13877	1.63132
77.62089	1.63197
78.10300	1.63286
78.58512	1.63374
79.06724	1.63436
79.54936	1.63457
80.03147	1.63431
80.51359	1.63362
80.99571	1.63266
81.47783	1.63161
81.95994	1.63069
82.44206	1.63005
82.92418	1.62981
83.40629	1.62997
83.88841	1.63043
84.37053	1.63105
84.85265	1.63160
85.33476	1.63193
85.81688	1.63193
86.29900	1.63161
86.78112	1.63107
87.26323	1.63045
87.74535	1.62991
88.22747	1.62959
88.70958	1.62955
89.19170	1.62982
89.67382	1.63032
90.15594	1.63096
90.63805	1.63161
91.12017	1.63216
91.60229	1.63254
92.08441	1.63275
92.56652	1.63286
93.04864	1.63298
93.53076	1.63321
94.01288	1.63362
94.49499	1.63423
94.97711	1.63498
95.45923	1.63579
95.94134	1.63657
96.42346	1.63722
96.90558	1.63770
97.38770	1.63804
97.86981	1.63828
98.35193	1.63851
98.83405	1.63884
99.31617	1.63934
99.79828	1.64001
100.28040	1.64082
100.76252	1.64168
101.24464	1.64249
101.72675	1.64316
102.20887	1.64366
102.69099	1.64400
103.17310	1.64424
103.65522	1.64444
104.13734	1.64470
104.61946	1.64505
105.10157	1.64552
105.58369	1.64607
106.06581	1.64665
106.54793	1.64717
107.03004	1.64756
107.51216	1.64780
107.99428	1.64790
108.47639	1.64794
108.95851	1.64800
109.44063	1.64818
109.92275	1.64852
110.40486	1.64904
110.88698	1.64968
111.36910	1.65039
111.85122	1.65107
112.33333	1.65165
112.81545	1.65208
113.29757	1.65235
113.77969	1.65251
114.26180	1.65262
114.74392	1.65275
115.22604	1.65298
115.70815	1.65333
116.19027	1.65378
116.67239	1.65427
117.15451	1.65472
117.63662	1.65505
118.11874	1.65522
118.60086	1.65520
119.08298	1.65500
119.56509	1.65466
120.04721	1.65423
120.52933	1.65376
121.01144	1.65329
121.49356	1.65285
121.97568	1.65244
122.45780	1.65206
122.93991	1.65170
123.42203	1.65136
123.90415	1.65106
124.38627	1.65082
124.86838	1.65065
125.35050	1.65056
125.83262	1.65053
126.31474	1.65053
126.79685	1.65053
127.27897	1.65047
127.76109	1.65033
128.24320	1.65010
128.72532	1.64978
129.20744	1.64942
129.68956	1.64906
130.17167	1.64876
130.65379	1.64855
131.13591	1.64843
131.61803	1.64837
132.10014	1.64834
132.58226	1.64827
133.06438	1.64812
133.54649	1.64790
134.02861	1.64761
134.51073	1.64731
134.99285	1.64706
135.47496	1.64694
135.95708	1.64699
136.43920	1.64721
136.92132	1.64756
137.40343	1.64796
137.88555	1.64830
138.36767	1.64849
138.84979	1.64847
139.33190	1.64826
139.81402	1.64788
140.29614	1.64744
140.77825	1.64702
141.26037	1.64673
141.74249	1.64663
142.22461	1.64673
142.70672	1.64703
143.18884	1.64747
143.67096	1.64797
144.15308	1.64843
144.63519	1.64881
145.11731	1.64908
145.59943	1.64926
146.08154	1.64939
146.56366	1.64953
147.04578	1.64976
147.52790	1.65011
148.01001	1.65061
148.49213	1.65124
148.97425	1.65199
149.45637	1.65279
149.93848	1.65359
150.42060	1.65432
150.90272	1.65491
151.38484	1.65529
151.86695	1.65544
152.34907	1.65536
152.83119	1.65509
153.31330	1.65471
153.79542	1.65429
154.27754	1.65394
154.75966	1.65374
155.24177	1.65374
155.72389	1.65395
156.20601	1.65434
156.68813	1.65484
157.17024	1.65537
157.65236	1.65581
158.13448	1.65609
158.61659	1.65616
159.09871	1.65602
159.58083	1.65573
160.06295	1.65540
160.54506	1.65517
161.02718	1.65515
161.50930	1.65539
161.99142	1.65592
162.47353	1.65667
162.95565	1.65754
163.43777	1.65840
163.91989	1.65911
164.40200	1.65955
164.88412	1.65965
165.36624	1.65939
165.84835	1.65885
166.33047	1.65812
166.81259	1.65734
167.29471	1.65667
167.77682	1.65622
168.25894	1.65603
168.74106	1.65612
169.22318	1.65643
169.70529	1.65686
170.18741	1.65731
170.66953	1.65768
171.15164	1.65791
171.63376	1.65800
172.11588	1.65798
172.59800	1.65795
173.08011	1.65800
173.56223	1.65825
174.04435	1.65875
174.52647	1.65952
175.00858	1.66051
175.49070	1.66159
175.97282	1.66263
176.45494	1.66347
176.93705	1.66398
177.41917	1.66411
177.90129	1.66388
178.38340	1.66336
178.86552	1.66271
179.34764	1.66210
179.82976	1.66169
180.31187	1.66158
180.79399	1.66180
181.27611	1.66228
181.75823	1.66291
182.24034	1.66351
182.72246	1.66391
183.20458	1.66401
183.68669	1.66375
184.16881	1.66316
184.65093	1.66235
185.13305	1.66146
185.61516	1.66068
186.09728	1.66014
186.57940	1.65994
187.06152	1.66014
187.54363	1.66071
188.02575	1.66156
188.50787	1.66257
188.98999	1.66361
189.47210	1.66456
189.95422	1.66533
190.43634	1.66589
190.91845	1.66624
191.40057	1.66645
191.88269	1.66662
192.36481	1.66685
192.84692	1.66726
193.32904	1.66789
193.81116	1.66878
194.29328	1.66987
194.77539	1.67105
195.25751	1.67216
195.73963	1.67301
196.22174	1.67343
196.70386	1.67329
197.18598	1.67258
197.66810	1.67137
198.15021	1.66983
198.63233	1.66820
199.11445	1.66675
199.59657	1.66572
200.07868	1.66528
200.56080	1.66548
201.04292	1.66629
201.52504	1.66754
202.00715	1.66902
202.48927	1.67047
202.97139	1.67168
203.45350	1.67251
203.93562	1.67291
204.41774	1.67296
204.89986	1.67280
205.38197	1.67261
205.86409	1.67257
206.34621	1.67278
206.82833	1.67330
207.31044	1.67407
207.79256	1.67498
208.27468	1.67585
208.75680	1.67650
209.23891	1.67680
209.72103	1.67668
210.20315	1.67619
210.68526	1.67546
211.16738	1.67464
211.64950	1.67392
212.13162	1.67341
212.61373	1.67317
213.09585	1.67315
213.57797	1.67327
214.06009	1.67336
214.54220	1.67329
215.02432	1.67296
215.50644	1.67231
215.98855	1.67140
216.47067	1.67034
216.95279	1.66929
217.43491	1.66841
217.91702	1.66783
218.39914	1.66763
218.88126	1.66780
219.36338	1.66832
219.84549	1.66908
220.32761	1.66998
220.80973	1.67090
221.29185	1.67172
221.77396	1.67236
222.25608	1.67276
222.73820	1.67289
223.22031	1.67277
223.70243	1.67242
224.18455	1.67186
224.66667	1.67113
225.14878	1.67026
225.63090	1.66930
226.11302	1.66829
226.59514	1.66725
227.07725	1.66622
227.55937	1.66523
228.04149	1.66429
228.52360	1.66342
229.00572	1.66261
229.48784	1.66187
229.96996	1.66121
230.45207	1.66064
230.93419	1.66016
231.41631	1.65979
231.89843	1.65954
232.38054	1.65938
232.86266	1.65929
233.34478	1.65927
233.82690	1.65928
234.30901	1.65932
234.79113	1.65939
235.27325	1.65954
235.75536	1.65979
236.23748	1.66020
236.71960	1.66078
237.20172	1.66152
237.68383	1.66233
238.16595	1.66310
238.64807	1.66364
239.13019	1.66377
239.61230	1.66330
240.09442	1.66210
240.57654	1.66015
241.05865	1.65751
241.54077	1.65435
242.02289	1.65094
242.50501	1.64755
242.98712	1.64449
243.46924	1.64200
243.95136	1.64029
244.43348	1.63946
244.91559	1.63950
245.39771	1.64034
245.87983	1.64181
246.36195	1.64367
246.84406	1.64566
247.32618	1.64755
247.80830	1.64913
248.29041	1.65026
248.77253	1.65090
249.25465	1.65107
249.73677	1.65090
250.21888	1.65055
250.70100	1.65022
251.18312	1.65007
251.66524	1.65022
252.14735	1.65071
252.62947	1.65144
253.11159	1.65225
253.59370	1.65290
254.07582	1.65310
254.55794	1.65265
255.04006	1.65136
255.52217	1.64919
256.00429	1.64615
256.48641	1.64235
256.96853	1.63796
257.45064	1.63319
257.93276	1.62825
258.41488	1.62338
258.89700	1.61883
259.37911	1.61486
259.86123	1.61171
260.34335	1.60959
260.82546	1.60864
261.30758	1.60890
261.78970	1.61027
262.27182	1.61249
262.75393	1.61516
263.23605	1.61771
263.71817	1.61952
264.20029	1.61996
264.68240	1.61848
265.16452	1.61480
265.64664	1.60881
266.12875	1.60070
266.61087	1.59094
267.09299	1.58014
267.57511	1.56905
268.05722	1.55851
268.53934	1.54928
269.02146	1.54213
269.50358	1.53757
269.98569	1.53588
270.46781	1.53711
270.94993	1.54110
271.43205	1.54740
271.91416	1.55550
272.39628	1.56489
272.87840	1.57504
273.36051	1.58549
273.84263	1.59581
274.32475	1.60542
274.80687	1.61383
275.28898	1.62028
275.77110	1.62390
276.25322	1.62385
276.73534	1.61945
277.21745	1.61039
277.69957	1.59688
278.18169	1.57965
278.66380	1.55991
279.14592	1.53907
279.62804	1.51854
280.11016	1.49950
280.59227	1.48277
281.07439	1.46875
281.55651	1.45737
282.03863	1.44821
282.52074	1.44055
283.00286	1.43357
283.48498	1.42659
283.96710	1.41922
284.44921	1.41152
284.93133	1.40384
285.41345	1.39687
285.89556	1.39138
286.37768	1.38792
286.85980	1.38686
287.34192	1.38832
287.82403	1.39199
288.30615	1.39722
288.78827	1.40297
289.27039	1.40787
289.75250	1.41058
290.23462	1.40950
290.71674	1.40369
291.19885	1.39302
291.68097	1.37776
292.16309	1.35946
292.64521	1.33992
293.12732	1.32101
293.60944	1.30420
294.09156	1.29079
294.57368	1.28147
295.05579	1.27642
295.53791	1.27532
296.02003	1.27763
296.50215	1.28246
296.98426	1.28876
297.46638	1.29536
297.94850	1.30154
298.43061	1.30670
298.91273	1.31068
299.39485	1.31388
299.87697	1.31690
300.35908	1.32064
300.84120	1.32607
301.32332	1.33398
301.80544	1.34484
302.28755	1.35861
302.76967	1.37467
303.25179	1.39193
303.73391	1.40832
304.21602	1.42174
304.69814	1.43056
305.18026	1.43380
305.66237	1.43193
306.14449	1.42649
306.62661	1.41961
307.10873	1.41319
307.59084	1.40796
308.07296	1.40377
308.55508	1.39974
309.03720	1.39304
309.51931	1.38228
310.00143	1.36592
310.48355	1.34388
310.96566	1.31718
311.44778	1.28808
311.92990	1.25865
312.41202	1.23082
312.89413	1.20498
313.37625	1.18239
313.85837	1.16320
314.34049	1.14762
314.82260	1.13597
315.30472	1.12875
315.78684	1.12654
316.26896	1.12984
316.75107	1.13840
317.23319	1.15200
317.71531	1.16943
318.19742	1.18865
318.67954	1.20705
319.16166	1.22086
319.64378	1.22714
320.12589	1.22468
320.60801	1.21388
321.09013	1.19804
321.57225	1.18107
322.05436	1.16637
322.53648	1.15614
323.01860	1.15114
323.50071	1.15102
323.98283	1.15470
324.46495	1.16036
324.94707	1.16695
325.42918	1.17322
325.91130	1.17840
326.39342	1.18051
326.87554	1.17932
327.35765	1.17371
327.83977	1.16361
328.32189	1.14959
328.80401	1.13323
329.28612	1.11569
329.76824	1.09838
330.25036	1.08127
330.73247	1.06606
331.21459	1.05387
331.69671	1.04605
332.17883	1.04382
332.66094	1.04801
333.14306	1.05882
333.62518	1.07570
334.10730	1.09756
334.58941	1.12188
335.07153	1.14522
335.55365	1.16345
336.03576	1.17251
336.51788	1.17037
337.00000	1.15709
337.48212	1.13524
337.96423	1.10884
338.44635	1.08079
338.92847	1.05327
339.41059	1.02799
339.89270	1.00614
340.37482	0.98844
340.85694	0.97523
341.33906	0.96650
341.82117	0.96194
342.30329	0.96072
342.78541	0.96151
343.26752	0.96274
343.74964	0.96271
344.23176	0.95990
344.71388	0.95332
345.19599	0.94276
345.67811	0.92888
346.16023	0.91297
346.64235	0.89688
347.12446	0.88269
347.60658	0.87246
348.08870	0.86762
348.57081	0.86921
349.05293	0.87763
349.53505	0.89248
350.01717	0.91281
350.49928	0.93714
350.98140	0.96367
351.46352	0.99057
351.94564	1.01539
352.42775	1.03614
352.90987	1.05184
353.39199	1.06212
353.87411	1.06786
354.35622	1.07032
354.83834	1.07052
355.32046	1.06871
355.80257	1.06427
356.28469	1.05613
356.76681	1.04347
357.24893	1.02647
357.73104	1.00622
358.21316	0.98453
358.69528	0.96370
359.17740	0.94619
359.65951	0.93349
360.14163	0.92695
360.62375	0.92746
361.10586	0.93532
361.58798	0.95019
362.07010	0.97091
362.55222	0.99539
363.03433	1.02067
363.51645	1.04294
363.99857	1.05857
364.48069	1.06501
364.96280	1.06178
365.44492	1.05041
365.92704	1.03387
366.40916	1.01573
366.89127	0.99947
367.37339	0.98761
367.85551	0.98219
368.33762	0.98459
368.81974	0.99570
369.30186	1.01571
369.78398	1.04415
370.26609	1.08001
370.74821	1.12203
371.23033	1.16841
371.71245	1.21800
372.19456	1.27069
372.67668	1.32697
373.15880	1.39031
373.64091	1.46486
374.12303	1.55852
374.60515	1.69231
375.08727	1.87819
375.56938	1.97852
376.05150	1.84460
376.53362	1.65519
377.01574	1.48831
377.49785	1.35913
377.97997	1.26752
378.46209	1.21052
378.94421	1.17358
379.42632	1.15381
379.90844	1.14898
380.39056	1.15021
380.87267	1.15610
381.35479	1.15798
381.83691	1.14930
382.31903	1.12835
382.80114	1.09863
383.28326	1.06590
383.76538	1.03606
384.24750	1.01116
384.72961	0.99387
385.21173	0.98460
385.69385	0.98369
386.17596	0.99180
386.65808	1.00958
387.14020	1.03806
387.62232	1.07847
388.10443	1.13411
388.58655	1.20316
389.06867	1.27961
389.55079	1.35041
390.03290	1.39556
390.51502	1.39736
390.99714	1.35969
391.47926	1.30475
391.96137	1.25699
392.44349	1.21396
392.92561	1.17709
393.40772	1.14762
393.88984	1.12654
394.37196	1.11342
394.85408	1.10861
395.33619	1.11263
395.81831	1.12726
396.30043	1.15383
396.78255	1.19453
397.26466	1.25331
397.74678	1.34547
398.22890	1.45272
398.71102	1.51956
399.19313	1.49397
399.67525	1.39950
400.15737	1.28852
400.63948	1.19186
401.12160	1.12041
401.60372	1.07169
402.08584	1.03735
402.56795	1.01391
403.05007	0.99818
403.53219	0.98720
404.01431	0.97834
404.49642	0.96968
404.97854	0.96026
405.46066	0.95006
405.94277	0.93989
406.42489	0.93102
406.90701	0.92481
407.38913	0.92243
407.87124	0.92468
408.35336	0.93173
408.83548	0.94307
409.31760	0.95756
409.79971	0.97369
410.28183	0.98971
410.76395	1.00416
411.24607	1.01601
411.72818	1.02435
412.21030	1.02831
412.69242	1.02692
413.17453	1.01920
413.65665	1.00541
414.13877	0.98657
414.62089	0.96510
415.10300	0.94453
415.58512	0.92874
416.06724	0.92113
416.54936	0.92410
417.03147	0.93887
417.51359	0.96505
417.99571	0.99990
418.47782	1.03831
418.95994	1.07075
419.44206	1.09290
419.92418	1.09770
420.40629	1.08260
420.88841	1.05047
421.37053	1.00633
421.85265	0.95719
422.33476	0.91058
422.81688	0.87040
423.29900	0.84258
423.78112	0.82906
424.26323	0.83062
424.74535	0.84627
425.22747	0.87479
425.70958	0.91346
426.19170	0.95858
426.67382	1.00566
427.15594	1.05150
427.63805	1.09527
428.12017	1.13983
428.60229	1.18196
429.08441	1.21294
429.56652	1.21833
430.04864	1.19487
430.53076	1.15158
431.01287	1.10088
431.49499	1.05308
431.97711	1.01461
432.45923	0.98741
432.94134	0.97049
433.42346	0.96389
433.90558	0.96787
434.38770	0.98008
434.86981	1.00008
435.35193	1.02426
435.83405	1.04787
436.31617	1.06556
436.79828	1.07320
437.28040	1.06914
437.76252	1.05489
438.24463	1.02930
438.72675	0.99781
439.20887	0.96584
439.69099	0.93948
440.17310	0.92487
440.65522	0.92391
441.13734	0.93818
441.61946	0.96818
442.10157	1.00756
442.58369	1.05435
443.06581	1.10342
443.54792	1.15320
444.03004	1.20834
444.51216	1.27553
444.99428	1.34849
445.47639	1.41750
445.95851	1.44888
446.44063	1.39083
446.92275	1.27215
447.40486	1.15016
447.88698	1.05590
448.36910	0.98149
448.85122	0.92554
449.33333	0.88657
449.81545	0.86268
450.29757	0.85143
450.77968	0.85066
451.26180	0.85754
451.74392	0.86819
452.22604	0.87828
452.70815	0.88330
453.19027	0.87996
453.67239	0.86670
454.15451	0.84527
454.63662	0.81948
455.11874	0.79372
455.60086	0.77260
456.08297	0.75733
456.56509	0.74923
457.04721	0.74884
457.52933	0.75288
458.01144	0.76036
458.49356	0.76855
458.97568	0.77640
459.45780	0.78503
459.93991	0.79829
460.42203	0.81984
460.90415	0.85429
461.38627	0.90683
461.86838	0.97461
462.35050	1.03778
462.83262	1.06999
463.31473	1.05105
463.79685	0.98934
464.27897	0.91564
464.76109	0.85501
465.24320	0.81594
465.72532	0.79344
466.20744	0.78475
466.68956	0.78633
467.17167	0.79443
467.65379	0.80570
468.13591	0.81803
468.61802	0.83114
469.10014	0.84667
469.58226	0.86771
470.06438	0.89776
470.54649	0.94026
471.02861	1.00020
471.51073	1.07998
471.99285	1.17675
472.47496	1.28036
472.95708	1.35316
473.43920	1.32772
473.92132	1.22087
474.40343	1.10347
474.88555	1.01814
475.36767	0.95189
475.84978	0.90241
476.33190	0.86831
476.81402	0.84587
477.29614	0.83081
477.77825	0.81953
478.26037	0.80985
478.74249	0.80222
479.22461	0.79911
479.70672	0.80607
480.18884	0.83034
480.67096	0.88253
481.15307	0.96043
481.63519	1.04015
482.11731	1.08548
482.59943	1.07321
483.08154	1.01475
483.56366	0.94153
484.04578	0.88043
484.52790	0.82711
485.01001	0.76929
485.49213	0.70331
485.97425	0.63494
486.45637	0.56916
486.93848	0.51650
487.42060	0.47997
487.90272	0.46152
488.38483	0.46102
488.86695	0.47932
489.34907	0.51515
489.83119	0.56753
490.31330	0.64141
490.79542	0.73099
491.27754	0.82716
491.75966	0.91517
492.24177	0.97403
492.72389	0.98024
493.20601	0.95357
493.68812	0.93053
494.17024	0.92838
494.65236	0.94909
495.13448	0.98480
495.61659	1.02579
496.09871	1.04186
496.58083	1.01206
497.06295	0.93988
497.54506	0.85492
498.02718	0.76919
498.50930	0.69948
498.99142	0.64878
499.47353	0.61937
499.95565	0.61288
500.43777	0.62847
500.91988	0.66233
501.40200	0.70810
501.88412	0.75606
502.36624	0.78636
502.84835	0.79115
503.33047	0.77884
503.81259	0.76479
504.29471	0.75773
504.77682	0.75942
505.25894	0.76558
505.74106	0.76660
506.22318	0.75424
506.70529	0.72336
507.18741	0.67650
507.66953	0.62391
508.15164	0.57403
508.63376	0.53322
509.11588	0.50536
509.59800	0.49177
510.08011	0.48978
510.56223	0.49623
511.04435	0.50693
511.52647	0.51773
512.00858	0.52363
512.49070	0.52096
512.97282	0.50701
513.45493	0.48017
513.93705	0.44175
514.41917	0.39518
514.90129	0.34573
515.38340	0.29778
515.86552	0.25742
516.34764	0.22651
516.82976	0.20379
517.31187	0.18459
517.79399	0.16480
518.27611	0.14121
518.75823	0.11284
519.24034	0.08123
519.72246	0.04631
520.20458	0.01170
520.68669	-0.01729
521.16881	-0.03519
521.65093	-0.03301
522.13305	-0.00603
522.61516	0.04587
523.09728	0.11451
523.57940	0.19548
524.06152	0.26961
524.54363	0.30662
525.02575	0.28179
525.50787	0.20819
525.98998	0.12203
526.47210	0.04991
526.95422	-0.01140
527.43634	-0.05870
527.91845	-0.09426
528.40057	-0.11951
528.88269	-0.13783
529.36481	-0.15063
529.84692	-0.16094
530.32904	-0.17151
530.81116	-0.18427
531.29328	-0.19899
531.77539	-0.21251
532.25751	-0.22072
532.73963	-0.21209
533.22174	-0.17338
533.70386	-0.10351
534.18598	-0.01279
534.66810	0.08234
535.15021	0.16971
535.63233	0.23990
536.11445	0.28711
536.59657	0.30967
537.07868	0.31052
537.56080	0.29567
538.04292	0.27443
538.52503	0.25607
539.00715	0.26009
539.48927	0.30506
539.97139	0.41278
540.45350	0.65142
540.93562	0.91342
541.41774	0.71636
541.89986	0.39757
542.38197	0.22200
542.86409	0.09659
543.34621	0.01196
543.82833	-0.03556
544.31044	-0.05049
544.79256	-0.03944
545.27468	-0.00681
545.75679	0.04457
546.23891	0.10733
546.72103	0.19488
547.20315	0.28980
547.68526	0.35110
548.16738	0.33403
548.64950	0.25587
549.13162	0.17845
549.61373	0.13946
550.09585	0.12816
550.57797	0.13794
551.06008	0.16320
551.54220	0.20177
552.02432	0.25444
552.50644	0.32340
552.98855	0.41196
553.47067	0.52244
553.95279	0.67035
554.43491	0.83415
554.91702	0.96136
555.39914	0.98169
555.88126	0.89820
556.36338	0.76977
556.84549	0.63488
557.32761	0.51028
557.80973	0.40256
558.29184	0.30677
558.77396	0.22714
559.25608	0.16859
559.73820	0.13627
560.22031	0.13415
560.70243	0.16037
561.18455	0.21042
561.66667	0.28344
562.14878	0.37918
562.63090	0.49510
563.11302	0.62241
563.59513	0.72117
564.07725	0.67697
564.55937	0.51861
565.04149	0.35597
565.52360	0.23197
566.00572	0.12318
566.48784	0.02241
566.96996	-0.07666
567.45207	-0.17980
567.93419	-0.29980
568.41631	-0.45041
568.89843	-0.66174
569.38054	-0.89739
569.86266	-0.88876
570.34478	-0.64719
570.82689	-0.47053
571.30901	-0.39199
571.79113	-0.33749
572.27325	-0.29070
572.75536	-0.24649
573.23748	-0.20648
573.71960	-0.17577
574.20172	-0.15136
574.68383	-0.12818
575.16595	-0.07736
575.64807	0.01720
576.13018	0.11694
576.61230	0.15040
577.09442	0.09343
577.57654	0.00420
578.05865	-0.08118
578.54077	-0.14180
579.02289	-0.15837
579.50501	-0.12752
579.98712	-0.07750
580.46924	-0.03908
580.95136	-0.01401
581.43348	-0.01059
581.91559	-0.02600
582.39771	-0.05787
582.87983	-0.10553
583.36194	-0.16850
583.84406	-0.24763
584.32618	-0.34309
584.80830	-0.44770
585.29041	-0.53128
585.77253	-0.50657
586.25465	-0.36087
586.73677	-0.17287
587.21888	0.02323
587.70100	0.21815
588.18312	0.40618
588.66523	0.58747
589.14735	0.71507
589.62947	0.76516
590.11159	0.76548
590.59370	0.75792
591.07582	0.76403
591.55794	0.79223
592.04006	0.85064
592.52217	0.99493
593.00429	1.25150
593.48641	1.51554
593.96853	1.37535
594.45064	1.08200
594.93276	0.85585
595.41488	0.70466
595.89699	0.62370
596.37911	0.62099
596.86123	0.70103
597.34335	0.82715
597.82546	0.87637
598.30758	0.74674
598.78970	0.53873
599.27182	0.34591
599.75393	0.19874
600.23605	0.09837
600.71817	0.02548
601.20029	-0.02315
601.68240	-0.05226
602.16452	-0.06795
602.64664	-0.07371
603.12875	-0.07310
603.61087	-0.06895
604.09299	-0.05904
604.57511	-0.04344
605.05722	-0.01808
605.53934	0.02440
606.02146	0.09953
606.50358	0.27984
606.98569	0.57443
607.46781	0.87395
607.94993	0.86974
608.43204	0.71403
608.91416	0.59484
609.39628	0.51779
609.87840	0.48161
610.36051	0.45055
610.84263	0.43391
611.32475	0.44293
611.80687	0.45665
612.28898	0.45463
612.77110	0.42282
613.25322	0.36076
613.73534	0.28102
614.21745	0.18834
614.69957	0.08697
615.18169	-0.02239
615.66380	-0.13622
616.14592	-0.26640
616.62804	-0.41264
617.11016	-0.56900
617.59227	-0.69619
618.07439	-0.76097
618.55651	-0.78754
619.03863	-0.84648
619.52074	-1.12861
620.00286	-1.66822
620.48498	-1.66822
620.96709	-1.38840
621.44921	-1.18869
621.93133	-1.61216
622.41345	5.00000
622.89556	5.00000
623.37768	-1.39176
623.85980	-0.92141
624.34192	-0.68264
624.82403	-0.54556
625.30615	-0.46945
625.78827	-0.41311
626.27039	-0.36549
626.75250	-0.31430
627.23462	-0.24321
627.71674	-0.15403
628.19885	-0.05367
628.68097	0.04974
629.16309	0.17499
629.64521	0.31998
630.12732	0.49939
630.60944	0.74755
631.09156	1.14081
631.57368	1.11966
632.05579	0.66652
632.53791	0.37392
633.02003	0.24853
633.50214	0.22065
633.98426	0.30535
634.46638	0.46925
634.94850	0.52760
635.43061	0.38746
635.91273	0.18894
636.39485	0.02220
636.87697	-0.17840
637.35908	-0.48382
637.84120	-0.80135
638.32332	-0.72566
638.80544	-0.50351
639.28755	-0.33813
639.76967	-0.23289
640.25179	-0.17154
640.73390	-0.14660
641.21602	-0.12822
641.69814	-0.11360
642.18026	-0.10062
642.66237	-0.07437
643.14449	-0.04204
643.62661	-0.00678
644.10873	0.02346
644.59084	0.04067
645.07296	0.04093
645.55508	0.03217
646.03719	0.02004
646.51931	0.00631
647.00143	-0.01370
647.48355	-0.04217
647.96566	-0.07991
648.44778	-0.11881
648.92990	-0.15692
649.41202	-0.18119
649.89413	-0.17771
650.37625	-0.11916
650.85837	0.01573
651.34049	0.28910
651.82260	1.25758
652.30472	5.00000
652.78684	0.59473
653.26895	-0.07237
653.75107	-0.09485
654.23319	0.08349
654.71531	0.27867
655.19742	0.39191
655.67954	0.38530
656.16166	0.32531
656.64378	0.25560
657.12589	0.19476
657.60801	0.14782
658.09013	0.11291
658.57224	0.08291
659.05436	0.05434
659.53648	0.02617
660.01860	0.00011
660.50071	-0.02745
660.98283	-0.05891
661.46495	-0.09749
661.94707	-0.14865
662.42918	-0.22363
662.91130	-0.32337
663.39342	-0.44419
663.87554	-0.57981
664.35765	-0.63740
664.83977	-0.56996
665.32189	-0.44093
665.80400	-0.30321
666.28612	-0.17152
666.76824	-0.04220
667.25036	0.08977
667.73247	0.28886
668.21459	0.59633
668.69671	0.97349
669.17883	0.91772
669.66094	0.55068
670.14306	0.24189
670.62518	-0.00747
671.10729	-0.20894
671.58941	-0.37367
672.07153	-0.52290
672.55365	-0.65368
673.03576	-0.75988
673.51788	-0.83771
674.00000	-0.88683
674.48212	-0.91810
674.96423	-0.95363
675.44635	-1.07481
675.92847	-1.29911
676.41059	-1.30557
676.89270	-0.89135
677.37482	-0.50189
677.85694	-0.11686
678.33905	0.22587
678.82117	0.37321
679.30329	0.32937
679.78541	0.22818
680.26752	0.14209
680.74964	0.08830
681.23176	0.04288
681.71388	0.00335
682.19599	-0.02897
682.67811	-0.05119
683.16023	-0.05811
683.64234	-0.03943
684.12446	0.02261
684.60658	0.14335
685.08870	0.32183
685.57081	0.56932
686.05293	0.75006
686.53505	0.75850
687.01717	0.66090
687.49928	0.58201
687.98140	0.51345
688.46352	0.44967
688.94564	0.37430
689.42775	0.29160
689.90987	0.22545
690.39199	0.22092
690.87410	0.30281
691.35622	0.42553
691.83834	0.52676
692.32046	0.58241
692.80257	0.59829
693.28469	0.59890
693.76681	0.58564
694.24893	0.56178
694.73104	0.53643
695.21316	0.50610
695.69528	0.46895
696.17740	0.41550
696.65951	0.24382
697.14163	-0.08891
697.62375	-0.36195
698.10586	-0.28673
698.58798	-0.17512
699.07010	-0.08978
699.55222	-0.02869
700.03433	0.01216
700.51645	0.03738
700.99857	0.05436
701.48069	0.06138
701.96280	0.05422
702.44492	-0.02315
702.92704	-0.21835
703.40915	-0.63135
703.89127	-1.05078
704.37339	-0.38573
704.85551	0.05637
705.33762	0.27758
705.81974	0.36907
706.30186	0.39305
706.78398	0.38903
707.26609	0.36038
707.74821	0.30890
708.23033	0.23186
708.71245	0.14673
709.19456	0.07602
709.67668	0.04407
710.15880	0.05730
710.64091	0.10820
711.12303	0.18662
711.60515	0.28455
712.08727	0.39852
712.56938	0.54717
713.05150	0.76590
713.53362	1.21160
714.01574	5.00000
714.49785	5.00000
714.97997	0.79972
715.46209	0.45289
715.94420	0.35849
716.42632	0.29512
716.90844	0.25671
717.39056	0.24055
717.87267	0.25072
718.35479	0.29374
718.83691	0.36670
719.31903	0.45578
719.80114	0.51881
720.28326	0.47792
720.76538	0.35520
721.24750	0.22203
721.72961	0.11104
722.21173	0.00772
722.69385	-0.09270
723.17596	-0.19337
723.65808	-0.29134
724.14020	-0.39225
724.62232	-0.48783
725.10443	-0.56297
725.58655	-0.60114
726.06867	-0.59233
726.55079	-0.54103
727.03290	-0.45900
727.51502	-0.35741
727.99714	-0.23434
728.47925	-0.09708
728.96137	0.04370
729.44349	0.16672
729.92561	0.22654
730.40772	0.20977
730.88984	0.14590
731.37196	0.07612
731.85408	0.00281
732.33619	-0.06813
732.81831	-0.13127
733.30043	-0.18524
733.78255	-0.21705
734.26466	-0.21136
734.74678	-0.15152
735.22890	-0.00042
735.71101	0.33412
736.19313	0.77758
736.67525	0.72448
737.15737	0.47742
737.63948	0.31475
738.12160	0.19445
738.60372	0.12269
739.08584	0.11329
739.56795	0.16181
740.05007	0.24056
740.53219	0.32663
741.01430	0.40580
741.49642	0.48676
741.97854	0.54283
742.46066	0.54655
742.94277	0.49571
743.42489	0.41298
743.90701	0.32559
744.38913	0.25613
744.87124	0.22070
745.35336	0.22916
745.83548	0.27387
746.31760	0.33046
746.79971	0.37160
747.28183	0.38802
747.76395	0.37637
748.24606	0.33823
748.72818	0.27504
749.21030	0.18590
749.69242	0.07762
750.17453	-0.03299
750.65665	-0.11008
751.13877	-0.07325
751.62089	0.05878
752.10300	0.21315
752.58512	0.33090
753.06724	0.35200
753.54935	0.20380
754.03147	-0.06123
754.51359	-0.38908
754.99571	-0.70815
755.47782	-0.56722
755.95994	-0.39209
756.44206	-0.29888
756.92418	-0.25642
757.40629	-0.24752
757.88841	-0.26720
758.37053	-0.34031
758.85265	-0.47924
759.33476	-0.67120
759.81688	-0.79791
760.29900	-0.60309
760.78111	-0.23538
761.26323	0.07618
761.74535	0.26156
762.22747	0.30218
762.70958	0.25616
763.19170	0.17414
763.67382	0.09323
764.15594	0.03783
764.63805	0.00130
765.12017	-0.00402
765.60229	0.03503
766.08440	0.13861
766.56652	0.29006
767.04864	0.33538
767.53076	0.20833
768.01287	0.03184
768.49499	-0.11044
768.97711	-0.22346
769.45923	-0.30878
769.94134	-0.37026
770.42346	-0.40829
770.90558	-0.42305
771.38770	-0.41344
771.86981	-0.36741
772.35193	-0.26217
772.83405	-0.06659
773.31616	0.24930
773.79828	0.54474
774.28040	0.68514
774.76252	0.53654
775.24463	0.45105
775.72675	0.40387
776.20887	0.36769
776.69099	0.33624
777.17310	0.31324
777.65522	0.30213
778.13734	0.30144
778.61945	0.30932
779.10157	0.32515
779.58369	0.34601
780.06581	0.37406
780.54792	0.41151
781.03004	0.46326
781.51216	0.54002
781.99428	0.66205
782.47639	0.82805
782.95851	1.01603
783.44063	1.04511
783.92275	0.75879
784.40486	0.42191
784.88698	0.09832
785.36910	-0.45152
785.85121	-0.41715
786.33333	0.27484
786.81545	0.64472
787.29757	0.65543
787.77968	0.48574
788.26180	0.30959
788.74392	0.19875
789.22604	0.12033
789.70815	0.07396
790.19027	0.05763
790.67239	0.05923
791.15451	0.05997
791.63662	0.04681
792.11874	0.01229
792.60086	-0.04552
793.08297	-0.12436
793.56509	-0.21822
794.04721	-0.31598
794.52933	-0.39896
795.01144	-0.44611
795.49356	-0.44526
795.97568	-0.40599
796.45780	-0.34679
796.93991	-0.27938
797.42203	-0.19829
797.90415	-0.09517
798.38626	0.04543
798.86838	0.33203
799.35050	0.87126
799.83262	0.75287
800.31473	0.38471
800.79685	0.17986
801.27897	0.05715
801.76109	-0.02778
802.24320	-0.09247
802.72532	-0.14456
803.20744	-0.18848
803.68956	-0.22507
804.17167	-0.25499
804.65379	-0.27961
805.13591	-0.29594
805.61802	-0.30044
806.10014	-0.28847
806.58226	-0.24851
807.06438	-0.17862
807.54649	-0.09232
808.02861	-0.01215
808.51073	0.05043
808.99285	0.08213
809.47496	0.08671
809.95708	0.07656
810.43920	0.07147
810.92131	0.08648
811.40343	0.13511
811.88555	0.22400
812.36767	0.38195
812.84978	0.66044
813.33190	0.90170
813.81402	0.81878
814.29614	0.59226
814.77825	0.47265
815.26037	0.45243
815.74249	0.54928
816.22461	0.69933
816.70672	0.62537
817.18884	0.32892
817.67096	0.13822
818.15307	0.01998
818.63519	-0.06096
819.11731	-0.12036
819.59943	-0.16761
820.08154	-0.19806
820.56366	-0.21789
821.04578	-0.22680
821.52790	-0.22604
822.01001	-0.13079
822.49213	0.01835
822.97425	0.29267
823.45636	0.48601
823.93848	0.39865
824.42060	0.26631
824.90272	0.20736
825.38483	0.23463
825.86695	0.43267
826.34907	1.14655
826.83119	5.00000
827.31330	5.00000
827.79542	1.35258
828.27754	0.62924
828.75966	0.35783
829.24177	0.21586
829.72389	0.14994
830.20601	0.12201
830.68812	0.14210
831.17024	0.23285
831.65236	0.56004
832.13448	0.99004
832.61659	0.58737
833.09871	0.23174
833.58083	0.08835
834.06295	-0.00102
834.54506	-0.06545
835.02718	-0.12248
835.50930	-0.18408
835.99141	-0.26305
836.47353	-0.37385
836.95565	-0.53713
837.43777	-0.80873
837.91988	-0.86198
838.40200	-0.53664
838.88412	-0.24169
839.36624	-0.05494
839.84835	0.09726
840.33047	0.21361
840.81259	0.28792
841.29471	0.32156
841.77682	0.32783
842.25894	0.32564
842.74106	0.33137
843.22317	0.35488
843.70529	0.40648
844.18741	0.49125
844.66953	0.61035
845.15164	0.74217
845.63376	0.84735
846.11588	0.89885
846.59800	0.82103
847.08011	0.69793
847.56223	0.54934
848.04435	0.41506
848.52646	0.31343
849.00858	0.25048
849.49070	0.20460
849.97282	0.17370
850.45493	0.15549
850.93705	0.14911
851.41917	0.15307
851.90129	0.16663
852.38340	0.19214
852.86552	0.26765
853.34764	0.40623
853.82976	0.61668
854.31187	0.82267
854.79399	0.79193
855.27611	0.59561
855.75822	0.47059
856.24034	0.44054
856.72246	0.45160
857.20458	0.47278
857.68669	0.48446
858.16881	0.48025
858.65093	0.45346
859.13305	0.41999
859.61516	0.37478
860.09728	0.31587
860.57940	0.24155
861.06151	0.15398
861.54363	0.05902
862.02575	-0.03578
862.50787	-0.13097
862.98998	-0.20883
863.47210	-0.26123
863.95422	-0.28190
864.43634	-0.27723
864.91845	-0.25684
865.40057	-0.22707
865.88269	-0.18744
866.36481	-0.13945
866.84692	-0.08276
867.32904	-0.02528
867.81116	0.02596
868.29327	0.05165
868.77539	0.02867
869.25751	-0.03524
869.73963	-0.10850
870.22174	-0.17361
870.70386	-0.21530
871.18598	-0.23014
871.66810	-0.21712
872.15021	-0.17874
872.63233	-0.11881
873.11445	-0.04184
873.59656	0.04788
874.07868	0.14563
874.56080	0.24450
875.04292	0.32241
875.52503	0.35946
876.00715	0.35027
876.48927	0.30790
876.97139	0.25011
877.45350	0.19242
877.93562	0.14286
878.41774	0.10959
878.89986	0.09991
879.38197	0.11803
879.86409	0.16919
880.34621	0.23950
880.82832	0.30496
881.31044	0.34207
881.79256	0.34110
882.27468	0.29705
882.75679	0.21666
883.23891	0.10777
883.72103	-0.02203
884.20315	-0.07541
884.68526	0.01284
885.16738	0.14516
885.64950	0.22318
886.13161	0.25762
886.61373	0.25663
887.09585	0.22882
887.57797	0.18331
888.06008	0.12777
888.54220	0.06806
889.02432	0.00972
889.50644	-0.04336
889.98855	-0.08584
890.47067	-0.11225
890.95279	-0.11677
891.43491	-0.09082
891.91702	-0.02969
892.39914	0.06319
892.88126	0.17845
893.36337	0.25883
893.84549	0.19894
894.32761	0.04196
894.80973	-0.10990
895.29184	-0.21373
895.77396	-0.30260
896.25608	-0.35547
896.73820	-0.33533
897.22031	-0.20777
897.70243	0.01420
898.18455	0.13459
898.66667	0.09491
899.14878	-0.01038
899.63090	-0.09206
900.11302	-0.15798
900.59513	-0.21007
901.07725	-0.25009
901.55937	-0.27673
902.04149	-0.28925
902.52360	-0.28506
903.00572	-0.24680
903.48784	-0.17162
903.96996	-0.05812
904.45207	0.07917
904.93419	0.16745
905.41631	0.07533
905.89842	-0.03300
906.38054	-0.01851
906.86266	0.20078
907.34478	0.58147
907.82689	0.57231
908.30901	0.27247
908.79113	0.13193
909.27325	0.05516
909.75536	0.01821
910.23748	0.00787
910.71960	0.00793
911.20172	0.00851
911.68383	-0.00288
912.16595	-0.03809
912.64807	-0.10613
913.13018	-0.19585
913.61230	-0.28256
914.09442	-0.33997
914.57654	-0.35139
915.05865	-0.32338
915.54077	-0.27374
916.02289	-0.21509
916.50501	-0.15199
916.98712	-0.08581
917.46924	-0.02973
917.95136	0.00232
918.43347	0.00584
918.91559	-0.00892
919.39771	-0.02421
919.87983	-0.02119
920.36194	0.19392
920.84406	1.56960
921.32618	1.14196
921.80830	-0.25119
922.29041	-0.69243
922.77253	-0.93166
923.25465	-0.93983
923.73677	-0.81050
924.21888	-0.64010
924.70100	-0.48982
925.18312	-0.36567
925.66523	-0.26378
926.14735	-0.17990
926.62947	-0.10485
927.11159	-0.03291
927.59370	0.04290
928.07582	0.12753
928.55794	0.22988
929.04006	0.34523
929.52217	0.46167
930.00429	0.54722
930.48641	0.55153
930.96852	0.49410
931.45064	0.42091
931.93276	0.36066
932.41488	0.31026
932.89699	0.26757
933.37911	0.22923
933.86123	0.19136
934.34335	0.14955
934.82546	0.10030
935.30758	0.03978
935.78970	-0.04635
936.27182	-0.15465
936.75393	-0.27036
937.23605	-0.36193
937.71817	-0.38829
938.20028	-0.35576
938.68240	-0.32364
939.16452	-0.32400
939.64664	-0.34287
940.12875	-0.36540
940.61087	-0.37430
941.09299	-0.35707
941.57511	-0.31375
942.05722	-0.24832
942.53934	-0.16756
943.02146	-0.07606
943.50357	0.02485
943.98569	0.12997
944.46781	0.22749
944.94993	0.30654
945.43204	0.36285
945.91416	0.39727
946.39628	0.41862
946.87840	0.43442
947.36051	0.41465
947.84263	0.37912
948.32475	0.31521
948.80687	0.22058
949.28898	0.11152
949.77110	0.00374
950.25322	-0.08261
950.73533	-0.13709
951.21745	-0.16094
951.69957	-0.15863
952.18169	-0.13866
952.66380	-0.10923
953.14592	-0.07600
953.62804	-0.04575
954.11016	-0.02332
954.59227	-0.01383
955.07439	-0.03354
955.55651	-0.09272
956.03862	-0.21684
956.52074	-0.45715
957.00286	-0.99390
957.48498	-0.78145
957.96709	-0.24722
958.44921	0.02792
958.93133	0.16228
959.41345	0.26217
959.89556	0.33055
960.37768	0.36590
960.85980	0.33982
961.34192	0.24688
961.82403	0.08476
962.30615	-0.09556
962.78827	-0.23647
963.27038	-0.27985
963.75250	-0.25412
964.23462	-0.21079
964.71674	-0.16475
965.19885	-0.11838
965.68097	-0.07307
966.16309	-0.02953
966.64521	0.01632
967.12732	0.06952
967.60944	0.14378
968.09156	0.26239
968.57367	0.53638
969.05579	0.86427
969.53791	0.73335
970.02003	0.44189
970.50214	0.29068
970.98426	0.18982
971.46638	0.11848
971.94850	0.06901
972.43061	0.03091
972.91273	-0.00016
973.39485	-0.03451
973.87697	-0.08715
974.35908	-0.17985
974.84120	-0.28456
975.32332	-0.27433
975.80543	-0.18102
976.28755	-0.07708
976.76967	-0.00213
977.25179	0.05317
977.73390	0.09638
978.21602	0.12547
978.69814	0.13715
979.18026	0.12989
979.66237	0.10808
980.14449	0.08012
980.62661	0.05512
981.10872	0.04090
981.59084	0.04242
982.07296	0.06020
982.55508	0.09848
983.03719	0.16145
983.51931	0.25565
984.00143	0.42432
984.48355	0.76962
984.96566	1.02529
985.44778	0.80638
985.92990	0.55921
986.41202	0.42063
986.89413	0.33481
987.37625	0.27959
987.85837	0.24124
988.34048	0.21745
988.82260	0.20547
989.30472	0.20424
989.78684	0.21938
990.26895	0.25065
990.75107	0.29087
991.23319	0.32506
991.71531	0.33965
992.19742	0.33615
992.67954	0.35468
993.16166	0.43012
993.64378	0.56411
994.12589	0.87070
994.60801	0.81585
995.09013	0.43023
995.57224	0.08831
996.05436	-0.08640
996.53648	-0.09855
997.01860	-0.03960
997.50071	0.00272
997.98283	0.03089
998.46495	0.04075
998.94707	0.02995
999.42918	-0.00170
