0.00000	0.29636
0.48212	0.28766
0.96423	0.26562
1.44635	0.23908
1.92847	0.21621
2.41059	0.19815
2.89270	0.18477
3.37482	0.17508
3.85694	0.16843
4.33906	0.16517
4.82117	0.16363
5.30329	0.16701
5.78541	0.18121
6.26753	0.20713
6.74964	0.24266
7.23176	0.27045
7.71388	0.28056
8.19599	0.28230
8.67811	0.28344
9.16023	0.28973
9.64235	0.30510
10.12446	0.31463
10.60658	0.31391
11.08870	0.29956
11.57082	0.27932
12.05293	0.25065
12.53505	0.23022
13.01717	0.22082
13.49928	0.22707
13.98140	0.28606
14.46352	0.32936
14.94564	-0.25140
15.42775	-0.23817
15.90987	-0.11459
16.39199	-0.05504
16.87411	-0.01998
17.35622	-0.00006
17.83834	0.01234
18.32046	0.02061
18.80258	0.02576
19.28469	0.02842
19.76681	0.02913
20.24893	0.02847
20.73104	0.02697
21.21316	0.02516
21.69528	0.02345
22.17740	0.02217
22.65951	0.02152
23.14163	0.02158
23.62375	0.02232
24.10587	0.02362
24.58798	0.02531
25.07010	0.02716
25.55222	0.02896
26.03433	0.03053
26.51645	0.03173
26.99857	0.03250
27.48069	0.03284
27.96280	0.03282
28.44492	0.03255
28.92704	0.03215
29.40916	0.03174
29.89127	0.03145
30.37339	0.03135
30.85551	0.03150
31.33763	0.03189
31.81974	0.03250
32.30186	0.03324
32.78398	0.03402
33.26609	0.03474
33.74821	0.03529
34.23033	0.03561
34.71245	0.03565
35.19456	0.03545
35.67668	0.03507
36.15880	0.03458
36.64092	0.03409
37.12303	0.03367
37.60515	0.03337
38.08727	0.03321
38.56938	0.03319
39.05150	0.03330
39.53362	0.03349
40.01574	0.03371
40.49785	0.03393
40.97997	0.03411
41.46209	0.03424
41.94421	0.03431
42.42632	0.03435
42.90844	0.03438
43.39056	0.03444
43.87268	0.03454
44.35479	0.03472
44.83691	0.03496
45.31903	0.03527
45.80114	0.03564
46.28326	0.03606
46.76538	0.03653
47.24750	0.03705
47.72961	0.03761
48.21173	0.03820
48.69385	0.03881
49.17597	0.03938
49.65808	0.03987
50.14020	0.04022
50.62232	0.04040
51.10443	0.04038
51.58655	0.04017
52.06867	0.03979
52.55079	0.03929
53.03290	0.03874
53.51502	0.03822
53.99714	0.03780
54.47926	0.03757
54.96137	0.03757
55.44349	0.03783
55.92561	0.03833
56.40773	0.03900
56.88984	0.03979
57.37196	0.04062
57.85408	0.04141
58.33619	0.04212
58.81831	0.04272
59.30043	0.04320
59.78255	0.04355
60.26466	0.04379
60.74678	0.04392
61.22890	0.04394
61.71102	0.04387
62.19313	0.04371
62.67525	0.04348
63.15737	0.04319
63.63948	0.04287
64.12160	0.04256
64.60372	0.04229
65.08584	0.04208
65.56795	0.04196
66.05007	0.04195
66.53219	0.04206
67.01431	0.04226
67.49642	0.04255
67.97854	0.04290
68.46066	0.04326
68.94278	0.04362
69.42489	0.04393
69.90701	0.04417
70.38913	0.04434
70.87124	0.04443
71.35336	0.04447
71.83548	0.04448
72.31760	0.04449
72.79971	0.04452
73.28183	0.04457
73.76395	0.04464
74.24607	0.04470
74.72818	0.04474
75.21030	0.04475
75.69242	0.04472
76.17453	0.04465
76.65665	0.04457
77.13877	0.04451
77.62089	0.04449
78.10300	0.04454
78.58512	0.04465
79.06724	0.04481
79.54936	0.04499
80.03147	0.04516
80.51359	0.04530
80.99571	0.04537
81.47783	0.04537
81.95994	0.04530
82.44206	0.04517
82.92418	0.04498
83.40629	0.04478
83.88841	0.04457
84.37053	0.04437
84.85265	0.04421
85.33476	0.04409
85.81688	0.04400
86.29900	0.04394
86.78112	0.04389
87.26323	0.04386
87.74535	0.04384
88.22747	0.04383
88.70958	0.04383
89.19170	0.04384
89.67382	0.04386
90.15594	0.04387
90.63805	0.04388
91.12017	0.04386
91.60229	0.04383
92.08441	0.04377
92.56652	0.04370
93.04864	0.04364
93.53076	0.04360
94.01288	0.04359
94.49499	0.04363
94.97711	0.04372
95.45923	0.04385
95.94134	0.04401
96.42346	0.04418
96.90558	0.04434
97.38770	0.04449
97.86981	0.04461
98.35193	0.04471
98.83405	0.04480
99.31617	0.04488
99.79828	0.04497
100.28040	0.04509
100.76252	0.04523
101.24464	0.04538
101.72675	0.04554
102.20887	0.04568
102.69099	0.04579
103.17310	0.04586
103.65522	0.04589
104.13734	0.04588
104.61946	0.04584
105.10157	0.04578
105.58369	0.04572
106.06581	0.04566
106.54793	0.04561
107.03004	0.04559
107.51216	0.04560
107.99428	0.04564
108.47639	0.04573
108.95851	0.04587
109.44063	0.04606
109.92275	0.04631
110.40486	0.04662
110.88698	0.04699
111.36910	0.04739
111.85122	0.04781
112.33333	0.04823
112.81545	0.04862
113.29757	0.04897
113.77969	0.04925
114.26180	0.04948
114.74392	0.04966
115.22604	0.04982
115.70815	0.04997
116.19027	0.05015
116.67239	0.05035
117.15451	0.05059
117.63662	0.05085
118.11874	0.05113
118.60086	0.05141
119.08298	0.05166
119.56509	0.05188
120.04721	0.05205
120.52933	0.05217
121.01144	0.05225
121.49356	0.05228
121.97568	0.05228
122.45780	0.05227
122.93991	0.05224
123.42203	0.05221
123.90415	0.05219
124.38627	0.05218
124.86838	0.05219
125.35050	0.05221
125.83262	0.05224
126.31474	0.05228
126.79685	0.05232
127.27897	0.05236
127.76109	0.05240
128.24320	0.05242
128.72532	0.05244
129.20744	0.05246
129.68956	0.05249
130.17167	0.05254
130.65379	0.05263
131.13591	0.05276
131.61803	0.05294
132.10014	0.05315
132.58226	0.05340
133.06438	0.05365
133.54649	0.05391
134.02861	0.05415
134.51073	0.05437
134.99285	0.05458
135.47496	0.05477
135.95708	0.05495
136.43920	0.05514
136.92132	0.05534
137.40343	0.05555
137.88555	0.05576
138.36767	0.05597
138.84979	0.05616
139.33190	0.05633
139.81402	0.05646
140.29614	0.05656
140.77825	0.05665
141.26037	0.05673
141.74249	0.05683
142.22461	0.05695
142.70672	0.05713
143.18884	0.05735
143.67096	0.05761
144.15308	0.05791
144.63519	0.05822
145.11731	0.05852
145.59943	0.05880
146.08154	0.05905
146.56366	0.05926
147.04578	0.05945
147.52790	0.05964
148.01001	0.05982
148.49213	0.06003
148.97425	0.06027
149.45637	0.06055
149.93848	0.06089
150.42060	0.06126
150.90272	0.06167
151.38484	0.06210
151.86695	0.06252
152.34907	0.06293
152.83119	0.06332
153.31330	0.06369
153.79542	0.06404
154.27754	0.06439
154.75966	0.06476
155.24177	0.06515
155.72389	0.06558
156.20601	0.06606
156.68813	0.06658
157.17024	0.06713
157.65236	0.06771
158.13448	0.06828
158.61659	0.06885
159.09871	0.06941
159.58083	0.06996
160.06295	0.07052
160.54506	0.07109
161.02718	0.07169
161.50930	0.07235
161.99142	0.07304
162.47353	0.07377
162.95565	0.07452
163.43777	0.07524
163.91989	0.07593
164.40200	0.07654
164.88412	0.07707
165.36624	0.07752
165.84835	0.07791
166.33047	0.07827
166.81259	0.07863
167.29471	0.07903
167.77682	0.07951
168.25894	0.08008
168.74106	0.08074
169.22318	0.08149
169.70529	0.08231
170.18741	0.08318
170.66953	0.08407
171.15164	0.08499
171.63376	0.08593
172.11588	0.08691
172.59800	0.08794
173.08011	0.08904
173.56223	0.09024
174.04435	0.09155
174.52647	0.09294
175.00858	0.09441
175.49070	0.09592
175.97282	0.09741
176.45494	0.09884
176.93705	0.10017
177.41917	0.10138
177.90129	0.10245
178.38340	0.10342
178.86552	0.10431
179.34764	0.10519
179.82976	0.10609
180.31187	0.10707
180.79399	0.10817
181.27611	0.10937
181.75823	0.11067
182.24034	0.11203
182.72246	0.11340
183.20458	0.11474
183.68669	0.11601
184.16881	0.11718
184.65093	0.11825
185.13305	0.11925
185.61516	0.12019
186.09728	0.12110
186.57940	0.12200
187.06152	0.12289
187.54363	0.12378
188.02575	0.12464
188.50787	0.12544
188.98999	0.12616
189.47210	0.12678
189.95422	0.12730
190.43634	0.12776
190.91845	0.12818
191.40057	0.12863
191.88269	0.12916
192.36481	0.12983
192.84692	0.13067
193.32904	0.13170
193.81116	0.13288
194.29328	0.13419
194.77539	0.13555
195.25751	0.13689
195.73963	0.13816
196.22174	0.13931
196.70386	0.14035
197.18598	0.14129
197.66810	0.14217
198.15021	0.14307
198.63233	0.14403
199.11445	0.14511
199.59657	0.14633
200.07868	0.14769
200.56080	0.14917
201.04292	0.15072
201.52504	0.15229
202.00715	0.15385
202.48927	0.15536
202.97139	0.15683
203.45350	0.15828
203.93562	0.15975
204.41774	0.16128
204.89986	0.16292
205.38197	0.16468
205.86409	0.16656
206.34621	0.16855
206.82833	0.17059
207.31044	0.17261
207.79256	0.17454
208.27468	0.17632
208.75680	0.17789
209.23891	0.17925
209.72103	0.18040
210.20315	0.18139
210.68526	0.18226
211.16738	0.18309
211.64950	0.18391
212.13162	0.18476
212.61373	0.18563
213.09585	0.18653
213.57797	0.18740
214.06009	0.18821
214.54220	0.18893
215.02432	0.18954
215.50644	0.19004
215.98855	0.19045
216.47067	0.19083
216.95279	0.19122
217.43491	0.19168
217.91702	0.19222
218.39914	0.19288
218.88126	0.19364
219.36338	0.19446
219.84549	0.19531
220.32761	0.19615
220.80973	0.19693
221.29185	0.19763
221.77396	0.19823
222.25608	0.19875
222.73820	0.19922
223.22031	0.19966
223.70243	0.20010
224.18455	0.20058
224.66667	0.20110
225.14878	0.20167
225.63090	0.20227
226.11302	0.20288
226.59514	0.20348
227.07725	0.20406
227.55937	0.20461
228.04149	0.20513
228.52360	0.20565
229.00572	0.20618
229.48784	0.20677
229.96996	0.20743
230.45207	0.20819
230.93419	0.20903
231.41631	0.20997
231.89843	0.21097
232.38054	0.21200
232.86266	0.21302
233.34478	0.21403
233.82690	0.21498
234.30901	0.21589
234.79113	0.21674
235.27325	0.21755
235.75536	0.21832
236.23748	0.21907
236.71960	0.21979
237.20172	0.22047
237.68383	0.22110
238.16595	0.22164
238.64807	0.22208
239.13019	0.22238
239.61230	0.22255
240.09442	0.22258
240.57654	0.22248
241.05865	0.22229
241.54077	0.22206
242.02289	0.22182
242.50501	0.22161
242.98712	0.22148
243.46924	0.22144
243.95136	0.22148
244.43348	0.22161
244.91559	0.22180
245.39771	0.22200
245.87983	0.22221
246.36195	0.22237
246.84406	0.22250
247.32618	0.22258
247.80830	0.22263
248.29041	0.22267
248.77253	0.22273
249.25465	0.22282
249.73677	0.22295
250.21888	0.22311
250.70100	0.22329
251.18312	0.22346
251.66524	0.22358
252.14735	0.22361
252.62947	0.22355
253.11159	0.22338
253.59370	0.22311
254.07582	0.22275
254.55794	0.22236
255.04006	0.22195
255.52217	0.22154
256.00429	0.22116
256.48641	0.22078
256.96853	0.22040
257.45064	0.21997
257.93276	0.21946
258.41488	0.21884
258.89700	0.21810
259.37911	0.21724
259.86123	0.21630
260.34335	0.21531
260.82546	0.21433
261.30758	0.21339
261.78970	0.21253
262.27182	0.21173
262.75393	0.21098
263.23605	0.21022
263.71817	0.20938
264.20029	0.20838
264.68240	0.20718
265.16452	0.20573
265.64664	0.20404
266.12875	0.20215
266.61087	0.20012
267.09299	0.19807
267.57511	0.19608
268.05722	0.19426
268.53934	0.19264
269.02146	0.19123
269.50358	0.18999
269.98569	0.18883
270.46781	0.18765
270.94993	0.18635
271.43205	0.18484
271.91416	0.18308
272.39628	0.18107
272.87840	0.17886
273.36051	0.17651
273.84263	0.17410
274.32475	0.17167
274.80687	0.16925
275.28898	0.16680
275.77110	0.16426
276.25322	0.16153
276.73534	0.15852
277.21745	0.15514
277.69957	0.15139
278.18169	0.14728
278.66380	0.14294
279.14592	0.13850
279.62804	0.13414
280.11016	0.13003
280.59227	0.12630
281.07439	0.12302
281.55651	0.12020
282.03863	0.11777
282.52074	0.11563
283.00286	0.11364
283.48498	0.11169
283.96710	0.10969
284.44921	0.10762
284.93133	0.10550
285.41345	0.10340
285.89556	0.10140
286.37768	0.09955
286.85980	0.09788
287.34192	0.09637
287.82403	0.09494
288.30615	0.09347
288.78827	0.09179
289.27039	0.08976
289.75250	0.08723
290.23462	0.08413
290.71674	0.08045
291.19885	0.07626
291.68097	0.07166
292.16309	0.06678
292.64521	0.06174
293.12732	0.05664
293.60944	0.05155
294.09156	0.04653
294.57368	0.04161
295.05579	0.03683
295.53791	0.03228
296.02003	0.02807
296.50215	0.02433
296.98426	0.02119
297.46638	0.01873
297.94850	0.01701
298.43061	0.01598
298.91273	0.01553
299.39485	0.01552
299.87697	0.01579
300.35908	0.01616
300.84120	0.01652
301.32332	0.01681
301.80544	0.01701
302.28755	0.01714
302.76967	0.01724
303.25179	0.01733
303.73391	0.01741
304.21602	0.01743
304.69814	0.01733
305.18026	0.01704
305.66237	0.01651
306.14449	0.01574
306.62661	0.01478
307.10873	0.01375
307.59084	0.01282
308.07296	0.01214
308.55508	0.01184
309.03720	0.01195
309.51931	0.01242
310.00143	0.01314
310.48355	0.01392
310.96566	0.01458
311.44778	0.01497
311.92990	0.01498
312.41202	0.01458
312.89413	0.01381
313.37625	0.01280
313.85837	0.01169
314.34049	0.01065
314.82260	0.00983
315.30472	0.00930
315.78684	0.00907
316.26896	0.00909
316.75107	0.00923
317.23319	0.00934
317.71531	0.00923
318.19742	0.00874
318.67954	0.00773
319.16166	0.00610
319.64378	0.00387
320.12589	0.00107
320.60801	-0.00213
321.09013	-0.00559
321.57225	-0.00912
322.05436	-0.01256
322.53648	-0.01582
323.01860	-0.01885
323.50071	-0.02164
323.98283	-0.02422
324.46495	-0.02660
324.94707	-0.02880
325.42918	-0.03079
325.91130	-0.03254
326.39342	-0.03402
326.87554	-0.03525
327.35765	-0.03631
327.83977	-0.03732
328.32189	-0.03843
328.80401	-0.03978
329.28612	-0.04143
329.76824	-0.04339
330.25036	-0.04551
330.73247	-0.04759
331.21459	-0.04932
331.69671	-0.05043
332.17883	-0.05071
332.66094	-0.05014
333.14306	-0.04884
333.62518	-0.04712
334.10730	-0.04538
334.58941	-0.04404
335.07153	-0.04353
335.55365	-0.04417
336.03576	-0.04614
336.51788	-0.04938
337.00000	-0.05363
337.48212	-0.05842
337.96423	-0.06320
338.44635	-0.06748
338.92847	-0.07090
339.41059	-0.07329
339.89270	-0.07461
340.37482	-0.07497
340.85694	-0.07457
341.33906	-0.07363
341.82117	-0.07236
342.30329	-0.07106
342.78541	-0.06999
343.26752	-0.06937
343.74964	-0.06937
344.23176	-0.07008
344.71388	-0.07153
345.19599	-0.07366
345.67811	-0.07640
346.16023	-0.07964
346.64235	-0.08326
347.12446	-0.08705
347.60658	-0.09079
348.08870	-0.09419
348.57081	-0.09694
349.05293	-0.09880
349.53505	-0.09962
350.01717	-0.09941
350.49928	-0.09832
350.98140	-0.09665
351.46352	-0.09475
351.94564	-0.09296
352.42775	-0.09159
352.90987	-0.09085
353.39199	-0.09085
353.87411	-0.09156
354.35622	-0.09286
354.83834	-0.09448
355.32046	-0.09613
355.80257	-0.09741
356.28469	-0.09797
356.76681	-0.09754
357.24893	-0.09601
357.73104	-0.09345
358.21316	-0.09010
358.69528	-0.08628
359.17740	-0.08241
359.65951	-0.07887
360.14163	-0.07597
360.62375	-0.07396
361.10586	-0.07293
361.58798	-0.07289
362.07010	-0.07377
362.55222	-0.07542
363.03433	-0.07768
363.51645	-0.08043
363.99857	-0.08355
364.48069	-0.08692
364.96280	-0.09041
365.44492	-0.09384
365.92704	-0.09702
366.40916	-0.09970
366.89127	-0.10166
367.37339	-0.10268
367.85551	-0.10259
368.33762	-0.10133
368.81974	-0.09894
369.30186	-0.09567
369.78398	-0.09193
370.26609	-0.08823
370.74821	-0.08512
371.23033	-0.08304
371.71245	-0.08223
372.19456	-0.08266
372.67668	-0.08411
373.15880	-0.08614
373.64091	-0.08829
374.12303	-0.09011
374.60515	-0.09122
375.08727	-0.09148
375.56938	-0.09091
376.05150	-0.08981
376.53362	-0.08859
377.01574	-0.08775
377.49785	-0.08777
377.97997	-0.08900
378.46209	-0.09153
378.94421	-0.09528
379.42632	-0.09997
379.90844	-0.10515
380.39056	-0.11028
380.87267	-0.11483
381.35479	-0.11830
381.83691	-0.12036
382.31903	-0.12088
382.80114	-0.11998
383.28326	-0.11796
383.76538	-0.11532
384.24750	-0.11256
384.72961	-0.11004
385.21173	-0.10799
385.69385	-0.10643
386.17596	-0.10525
386.65808	-0.10427
387.14020	-0.10331
387.62232	-0.10229
388.10443	-0.10121
388.58655	-0.10017
389.06867	-0.09932
389.55079	-0.09882
390.03290	-0.09873
390.51502	-0.09905
390.99714	-0.09960
391.47926	-0.10014
391.96137	-0.10032
392.44349	-0.09984
392.92561	-0.09843
393.40772	-0.09605
393.88984	-0.09281
394.37196	-0.08911
394.85408	-0.08548
395.33619	-0.08258
395.81831	-0.08101
396.30043	-0.08124
396.78255	-0.08349
397.26466	-0.08766
397.74678	-0.09337
398.22890	-0.10007
398.71102	-0.10711
399.19313	-0.11387
399.67525	-0.11986
400.15737	-0.12477
400.63948	-0.12848
401.12160	-0.13105
401.60372	-0.13265
402.08584	-0.13354
402.56795	-0.13401
403.05007	-0.13432
403.53219	-0.13472
404.01431	-0.13542
404.49642	-0.13657
404.97854	-0.13822
405.46066	-0.14041
405.94277	-0.14306
406.42489	-0.14596
406.90701	-0.14885
407.38913	-0.15137
407.87124	-0.15302
408.35336	-0.15339
408.83548	-0.15225
409.31760	-0.14953
409.79971	-0.14552
410.28183	-0.14067
410.76395	-0.13555
411.24607	-0.13071
411.72818	-0.12648
412.21030	-0.12314
412.69242	-0.12079
413.17453	-0.11939
413.65665	-0.11889
414.13877	-0.11920
414.62089	-0.12024
415.10300	-0.12186
415.58512	-0.12406
416.06724	-0.12673
416.54936	-0.12980
417.03147	-0.13323
417.51359	-0.13699
417.99571	-0.14110
418.47782	-0.14565
418.95994	-0.15080
419.44206	-0.15668
419.92418	-0.16332
420.40629	-0.17063
420.88841	-0.17831
421.37053	-0.18572
421.85265	-0.19206
422.33476	-0.19663
422.81688	-0.19884
423.29900	-0.19845
423.78112	-0.19554
424.26323	-0.19047
424.74535	-0.18389
425.22747	-0.17639
425.70958	-0.16865
426.19170	-0.16129
426.67382	-0.15475
427.15594	-0.14929
427.63805	-0.14494
428.12017	-0.14145
428.60229	-0.13844
429.08441	-0.13539
429.56652	-0.13191
430.04864	-0.12783
430.53076	-0.12326
431.01287	-0.11860
431.49499	-0.11442
431.97711	-0.11131
432.45923	-0.10975
432.94134	-0.11011
433.42346	-0.11247
433.90558	-0.11672
434.38770	-0.12255
434.86981	-0.12950
435.35193	-0.13702
435.83405	-0.14449
436.31617	-0.15132
436.79828	-0.15702
437.28040	-0.16115
437.76252	-0.16340
438.24463	-0.16362
438.72675	-0.16164
439.20887	-0.15743
439.69099	-0.15113
440.17310	-0.14298
440.65522	-0.13346
441.13734	-0.12321
441.61946	-0.11304
442.10157	-0.10381
442.58369	-0.09631
443.06581	-0.09115
443.54792	-0.08864
444.03004	-0.08878
444.51216	-0.09121
444.99428	-0.09531
445.47639	-0.10027
445.95851	-0.10520
446.44063	-0.10932
446.92275	-0.11204
447.40486	-0.11307
447.88698	-0.11249
448.36910	-0.11080
448.85122	-0.10875
449.33333	-0.10730
449.81545	-0.10723
450.29757	-0.10971
450.77968	-0.11543
451.26180	-0.12480
451.74392	-0.13797
452.22604	-0.15434
452.70815	-0.17280
453.19027	-0.19171
453.67239	-0.20907
454.15451	-0.22335
454.63662	-0.23327
455.11874	-0.23827
455.60086	-0.23851
456.08297	-0.23452
456.56509	-0.22707
457.04721	-0.21695
457.52933	-0.20488
458.01144	-0.19144
458.49356	-0.17719
458.97568	-0.16271
459.45780	-0.14862
459.93991	-0.13580
460.42203	-0.12521
460.90415	-0.11782
461.38627	-0.11442
461.86838	-0.11554
462.35050	-0.12115
462.83262	-0.13068
463.31473	-0.14292
463.79685	-0.15642
464.27897	-0.16952
464.76109	-0.18064
465.24320	-0.18857
465.72532	-0.19274
466.20744	-0.19311
466.68956	-0.19017
467.17167	-0.18477
467.65379	-0.17787
468.13591	-0.17037
468.61802	-0.16298
469.10014	-0.15608
469.58226	-0.14984
470.06438	-0.14418
470.54649	-0.13896
471.02861	-0.13402
471.51073	-0.12915
471.99285	-0.12422
472.47496	-0.11919
472.95708	-0.11401
473.43920	-0.10866
473.92132	-0.10332
474.40343	-0.09828
474.88555	-0.09406
475.36767	-0.09102
475.84978	-0.08952
476.33190	-0.08993
476.81402	-0.09244
477.29614	-0.09716
477.77825	-0.10420
478.26037	-0.11355
478.74249	-0.12509
479.22461	-0.13837
479.70672	-0.15252
480.18884	-0.16655
480.67096	-0.17926
481.15307	-0.18951
481.63519	-0.19635
482.11731	-0.19925
482.59943	-0.19801
483.08154	-0.19287
483.56366	-0.18430
484.04578	-0.17303
484.52790	-0.16009
485.01001	-0.14656
485.49213	-0.13363
485.97425	-0.12251
486.45637	-0.11422
486.93848	-0.10978
487.42060	-0.10970
487.90272	-0.11405
488.38483	-0.12253
488.86695	-0.13405
489.34907	-0.14733
489.83119	-0.16080
490.31330	-0.17300
490.79542	-0.18305
491.27754	-0.19045
491.75966	-0.19529
492.24177	-0.19829
492.72389	-0.20028
493.20601	-0.20236
493.68812	-0.20571
494.17024	-0.21143
494.65236	-0.22033
495.13448	-0.23280
495.61659	-0.24888
496.09871	-0.26835
496.58083	-0.28979
497.06295	-0.31110
497.54506	-0.32989
498.02718	-0.34335
498.50930	-0.34792
498.99142	-0.34200
499.47353	-0.32617
499.95565	-0.30360
500.43777	-0.27763
500.91988	-0.25172
501.40200	-0.22898
501.88412	-0.21178
502.36624	-0.20013
502.84835	-0.19425
503.33047	-0.19403
503.81259	-0.19849
504.29471	-0.20673
504.77682	-0.21764
505.25894	-0.23007
505.74106	-0.24353
506.22318	-0.25654
506.70529	-0.26750
507.18741	-0.27500
507.66953	-0.27707
508.15164	-0.27102
508.63376	-0.25640
509.11588	-0.23489
509.59800	-0.20989
510.08011	-0.18448
510.56223	-0.16134
511.04435	-0.14228
511.52647	-0.12816
512.00858	-0.11857
512.49070	-0.11310
512.97282	-0.11136
513.45493	-0.11280
513.93705	-0.11715
514.41917	-0.12438
514.90129	-0.13451
515.38340	-0.14761
515.86552	-0.16343
516.34764	-0.18130
516.82976	-0.20009
517.31187	-0.21838
517.79399	-0.23402
518.27611	-0.24514
518.75823	-0.25035
519.24034	-0.24936
519.72246	-0.24275
520.20458	-0.23203
520.68669	-0.21911
521.16881	-0.20585
521.65093	-0.19355
522.13305	-0.18283
522.61516	-0.17345
523.09728	-0.16472
523.57940	-0.15561
524.06152	-0.14555
524.54363	-0.13451
525.02575	-0.12352
525.50787	-0.11391
525.98998	-0.10768
526.47210	-0.10737
526.95422	-0.11479
527.43634	-0.13148
527.91845	-0.15752
528.40057	-0.19155
528.88269	-0.23036
529.36481	-0.26994
529.84692	-0.30613
530.32904	-0.33625
530.81116	-0.35805
531.29328	-0.36916
531.77539	-0.36882
532.25751	-0.35912
532.73963	-0.34262
533.22174	-0.32330
533.70386	-0.30435
534.18598	-0.28763
534.66810	-0.27402
535.15021	-0.26307
535.63233	-0.25429
536.11445	-0.24754
536.59657	-0.24312
537.07868	-0.24138
537.56080	-0.24308
538.04292	-0.24895
538.52503	-0.25943
539.00715	-0.27442
539.48927	-0.29317
539.97139	-0.31412
540.45350	-0.33408
540.93562	-0.35130
541.41774	-0.36197
541.89986	-0.36272
542.38197	-0.35158
542.86409	-0.32847
543.34621	-0.29658
543.82833	-0.26138
544.31044	-0.22512
544.79256	-0.19373
545.27468	-0.16705
545.75679	-0.14449
546.23891	-0.12449
546.72103	-0.10546
547.20315	-0.08716
547.68526	-0.07236
548.16738	-0.06507
548.64950	-0.07125
549.13162	-0.09122
549.61373	-0.12207
550.09585	-0.15739
550.57797	-0.18724
551.06008	-0.20507
551.54220	-0.21134
552.02432	-0.21137
552.50644	-0.21894
552.98855	-0.24032
553.47067	-0.27785
553.95279	-0.30996
554.43491	-0.30218
554.91702	-0.26246
555.39914	-0.21770
555.88126	-0.18609
556.36338	-0.16094
556.84549	-0.14080
557.32761	-0.12459
557.80973	-0.11055
558.29184	-0.09689
558.77396	-0.08268
559.25608	-0.06742
559.73820	-0.05364
560.22031	-0.04096
560.70243	-0.03338
561.18455	-0.03467
561.66667	-0.04548
562.14878	-0.06436
562.63090	-0.08848
563.11302	-0.11477
563.59513	-0.14249
564.07725	-0.16886
564.55937	-0.19231
565.04149	-0.21070
565.52360	-0.21970
566.00572	-0.21707
566.48784	-0.20153
566.96996	-0.17449
567.45207	-0.13810
567.93419	-0.09700
568.41631	-0.05437
568.89843	-0.01404
569.38054	0.02178
569.86266	0.04168
570.34478	0.03535
570.82689	-0.00231
571.30901	-0.06769
571.79113	-0.14603
572.27325	-0.22206
572.75536	-0.28311
573.23748	-0.32099
573.71960	-0.33823
574.20172	-0.33630
574.68383	-0.31887
575.16595	-0.29152
575.64807	-0.25711
576.13018	-0.21938
576.61230	-0.18280
577.09442	-0.15409
577.57654	-0.13729
578.05865	-0.13649
578.54077	-0.15351
579.02289	-0.18879
579.50501	-0.24315
579.98712	-0.31962
580.46924	-0.42184
580.95136	-0.53032
581.43348	-0.62128
581.91559	-0.63347
582.39771	-0.59063
582.87983	-0.53755
583.36194	-0.50588
583.84406	-0.48281
584.32618	-0.45973
584.80830	-0.41399
585.29041	-0.34300
585.77253	-0.25473
586.25465	-0.16258
586.73677	-0.07722
587.21888	0.00488
587.70100	0.08446
588.18312	0.16216
588.66523	0.22587
589.14735	0.27569
589.62947	0.29586
590.11159	0.28367
590.59370	0.23526
591.07582	0.17351
591.55794	0.10058
592.04006	0.02012
592.52217	-0.06655
593.00429	-0.15738
593.48641	-0.24757
593.96853	-0.33519
594.45064	-0.41585
594.93276	-0.44985
595.41488	-0.38295
595.89699	-0.22000
596.37911	-0.00521
596.86123	0.22830
597.34335	0.43750
597.82546	0.56360
598.30758	0.58868
598.78970	0.57913
599.27182	0.60134
599.75393	0.85685
600.23605	0.97530
600.71817	-0.07678
601.20029	-0.21268
601.68240	-0.11112
602.16452	-0.07312
602.64664	-0.05424
603.12875	-0.04612
603.61087	-0.04486
604.09299	-0.04829
604.57511	-0.05505
605.05722	-0.06433
605.53934	-0.07563
606.02146	-0.09078
606.50358	-0.11176
606.98569	-0.14419
607.46781	-0.19683
607.94993	-0.30445
608.43204	-0.55376
608.91416	-0.85157
609.39628	-0.81857
609.87840	-0.54471
610.36051	-0.37608
610.84263	-0.27551
611.32475	-0.23091
611.80687	-0.22286
612.28898	-0.23846
612.77110	-0.25976
613.25322	-0.27497
613.73534	-0.27722
614.21745	-0.26500
614.69957	-0.23904
615.18169	-0.20464
615.66380	-0.17181
616.14592	-0.14923
616.62804	-0.14486
617.11016	-0.16284
617.59227	-0.20457
618.07439	-0.25988
618.55651	-0.30542
619.03863	-0.30676
619.52074	-0.25189
620.00286	-0.17575
620.48498	-0.09050
620.96709	-0.00764
621.44921	0.06500
621.93133	0.13141
622.41345	0.19093
622.89556	0.24557
623.37768	0.30447
623.85980	0.36964
624.34192	0.44310
624.82403	0.52882
625.30615	0.56507
625.78827	0.43932
626.27039	0.22183
626.75250	0.04522
627.23462	-0.04278
627.71674	-0.08135
628.19885	-0.07839
628.68097	-0.04063
629.16309	0.03146
629.64521	0.14835
630.12732	0.32006
630.60944	0.56725
631.09156	0.90642
631.57368	1.21914
632.05579	0.87523
632.53791	0.58306
633.02003	0.39954
633.50214	0.22473
633.98426	0.04568
634.46638	-0.14617
634.94850	-0.33693
635.43061	-0.51599
635.91273	-0.55457
636.39485	-0.46948
636.87697	-0.35063
637.35908	-0.25449
637.84120	-0.17778
638.32332	-0.12428
638.80544	-0.10530
639.28755	-0.13122
639.76967	-0.19184
640.25179	-0.25352
640.73390	-0.24622
641.21602	-0.13747
641.69814	0.01892
642.18026	0.16824
642.66237	0.27726
643.14449	0.36302
643.62661	0.42539
644.10873	0.46795
644.59084	0.47048
645.07296	0.42936
645.55508	0.34055
646.03719	0.21443
646.51931	0.06319
647.00143	-0.11170
647.48355	-0.32304
647.96566	-0.61398
648.44778	-1.05919
648.92990	-1.28736
649.41202	-0.78984
649.89413	-0.54662
650.37625	-0.44786
650.85837	-0.37641
651.34049	-0.32259
651.82260	-0.28403
652.30472	-0.26315
652.78684	-0.26200
653.26895	-0.27800
653.75107	-0.30288
654.23319	-0.32121
654.71531	-0.30992
655.19742	-0.26597
655.67954	-0.20478
656.16166	-0.16412
656.64378	-0.14064
657.12589	-0.12130
657.60801	-0.09366
658.09013	-0.04777
658.57224	0.01314
659.05436	0.08660
659.53648	0.16976
660.01860	0.25311
660.50071	0.33773
660.98283	0.41728
661.46495	0.48366
661.94707	0.52511
662.42918	0.53059
662.91130	0.49652
663.39342	0.43086
663.87554	0.34948
664.35765	0.28032
664.83977	0.23279
665.32189	0.19889
665.80400	0.16400
666.28612	0.11670
666.76824	0.05101
667.25036	-0.03701
667.73247	-0.20885
668.21459	-0.48292
668.69671	-0.83893
669.17883	-0.87428
669.66094	-0.52968
670.14306	-0.24744
670.62518	-0.07790
671.10729	-0.00261
671.58941	0.02179
672.07153	0.03457
672.55365	0.05499
673.03576	0.10117
673.51788	0.32669
674.00000	1.14442
674.48212	5.00000
674.96423	1.07027
675.44635	0.53948
675.92847	0.37121
676.41059	0.30985
676.89270	0.31031
677.37482	0.49830
677.85694	1.20775
678.33905	1.67130
678.82117	0.70244
679.30329	0.38725
679.78541	0.23914
680.26752	0.15119
680.74964	0.09292
681.23176	0.05065
681.71388	0.01990
682.19599	-0.00177
682.67811	-0.01662
683.16023	-0.02887
683.64234	-0.03883
684.12446	-0.04772
684.60658	-0.05762
685.08870	-0.07286
685.57081	-0.08730
686.05293	-0.09737
686.53505	-0.10043
687.01717	-0.09547
687.49928	-0.08088
687.98140	-0.05641
688.46352	-0.02082
688.94564	0.02702
689.42775	0.09358
689.90987	0.17901
690.39199	0.28277
690.87410	0.39072
691.35622	0.40142
691.83834	0.27965
692.32046	0.12254
692.80257	0.01952
693.28469	-0.02670
693.76681	-0.01252
694.24893	0.04793
694.73104	0.13884
695.21316	0.22622
695.69528	0.27647
696.17740	0.27663
696.65951	0.24468
697.14163	0.19979
697.62375	0.15233
698.10586	0.10688
698.58798	0.06628
699.07010	0.02831
699.55222	-0.00454
700.03433	-0.02894
700.51645	-0.04308
700.99857	-0.04649
701.48069	-0.04138
701.96280	-0.03337
702.44492	-0.03010
702.92704	-0.04115
703.40915	-0.07139
703.89127	-0.12022
704.37339	-0.18919
704.85551	-0.22314
705.33762	-0.11370
705.81974	0.17361
706.30186	0.66590
706.78398	1.06918
707.26609	0.79288
707.74821	0.55623
708.23033	0.45712
708.71245	0.38258
709.19456	0.31154
709.67668	0.23232
710.15880	0.14071
710.64091	0.03154
711.12303	-0.05806
711.60515	-0.06512
712.08727	0.02919
712.56938	0.18370
713.05150	0.32390
713.53362	0.41007
714.01574	0.45267
714.49785	0.47412
714.97997	0.48737
715.46209	0.50286
715.94420	0.53470
716.42632	0.62695
716.90844	0.66271
717.39056	0.59752
717.87267	0.52610
718.35479	0.52886
718.83691	0.54960
719.31903	0.57007
719.80114	0.59250
720.28326	0.61671
720.76538	0.62842
721.24750	0.60758
721.72961	0.53979
722.21173	0.45164
722.69385	0.36524
723.17596	0.29333
723.65808	0.23527
724.14020	0.17974
724.62232	0.12336
725.10443	0.06445
725.58655	0.00885
726.06867	-0.04169
726.55079	-0.08221
727.03290	-0.10771
727.51502	-0.11490
727.99714	-0.09861
728.47925	-0.05182
728.96137	0.03704
729.44349	0.18822
729.92561	0.37562
730.40772	0.39673
730.88984	0.31748
731.37196	0.27331
731.85408	0.26048
732.33619	0.25915
732.81831	0.25938
733.30043	0.25664
733.78255	0.24122
734.26466	0.20721
734.74678	0.15247
735.22890	0.06935
735.71101	-0.02295
736.19313	-0.08866
736.67525	-0.08077
737.15737	0.03454
737.63948	0.15684
738.12160	0.10276
738.60372	-0.14322
739.08584	-0.59619
739.56795	-1.35978
740.05007	-0.96035
740.53219	-0.53565
741.01430	-0.37250
741.49642	-0.26506
741.97854	-0.18482
742.46066	-0.11850
742.94277	-0.06155
743.42489	-0.00631
743.90701	0.05003
744.38913	0.10663
744.87124	0.15740
745.35336	0.19562
745.83548	0.21529
746.31760	0.21462
746.79971	0.18662
747.28183	0.14042
747.76395	0.07700
748.24606	-0.00460
748.72818	-0.08761
749.21030	-0.17446
749.69242	-0.22351
750.17453	-0.20755
750.65665	-0.13512
751.13877	-0.04952
751.62089	0.03768
752.10300	0.11463
752.58512	0.17519
753.06724	0.22058
753.54935	0.24833
754.03147	0.25923
754.51359	0.25853
754.99571	0.24552
755.47782	0.22275
755.95994	0.19260
756.44206	0.15733
756.92418	0.12044
757.40629	0.08434
757.88841	0.05026
758.37053	0.02861
758.85265	0.02728
759.33476	0.05563
759.81688	0.11096
760.29900	0.16949
760.78111	0.21133
761.26323	0.22989
761.74535	0.22583
762.22747	0.20653
762.70958	0.18972
763.19170	0.18430
763.67382	0.19294
764.15594	0.21307
764.63805	0.23897
765.12017	0.26476
765.60229	0.28288
766.08440	0.28617
766.56652	0.27139
767.04864	0.24080
767.53076	0.20297
768.01287	0.16418
768.49499	0.14148
768.97711	0.14880
769.45923	0.19222
769.94134	0.25820
770.42346	0.32854
770.90558	0.37989
771.38770	0.39824
771.86981	0.38473
772.35193	0.35066
772.83405	0.30587
773.31616	0.25751
773.79828	0.20617
774.28040	0.15765
774.76252	0.11434
775.24463	0.07932
775.72675	0.05480
776.20887	0.04396
776.69099	0.04778
777.17310	0.06560
777.65522	0.09548
778.13734	0.13947
778.61945	0.18957
779.10157	0.22892
779.58369	0.22932
780.06581	0.16102
780.54792	0.03436
781.03004	-0.11746
781.51216	-0.26256
781.99428	-0.40408
782.47639	-0.53620
782.95851	-0.65831
783.44063	-0.86126
783.92275	-1.08684
784.40486	-0.91225
784.88698	-0.48977
785.36910	-0.18380
785.85121	0.04700
786.33333	0.21485
786.81545	0.33837
787.29757	0.42645
787.77968	0.47248
788.26180	0.45694
788.74392	0.38529
789.22604	0.28862
789.70815	0.18401
790.19027	0.08237
790.67239	-0.01046
791.15451	-0.09560
791.63662	-0.17654
792.11874	-0.25983
792.60086	-0.36094
793.08297	-0.57148
793.56509	-0.78496
794.04721	-0.52640
794.52933	-0.21537
795.01144	0.00855
795.49356	0.14952
795.97568	0.23580
796.45780	0.28719
796.93991	0.31824
797.42203	0.33431
797.90415	0.33639
798.38626	0.32549
798.86838	0.30808
799.35050	0.28720
799.83262	0.27402
800.31473	0.28135
800.79685	0.33018
801.27897	0.43380
801.76109	0.58898
802.24320	0.77210
802.72532	0.81693
803.20744	0.53969
803.68956	0.22484
804.17167	-0.02334
804.65379	-0.28468
805.13591	-0.65936
805.61802	-1.43521
806.10014	5.00000
806.58226	5.00000
807.06438	5.00000
807.54649	-1.38344
808.02861	-1.42526
808.51073	-0.84179
808.99285	-0.41266
809.47496	-0.08858
809.95708	0.17561
810.43920	0.35983
810.92131	0.45241
811.40343	0.38955
811.88555	0.27530
812.36767	0.15604
812.84978	0.06130
813.33190	-0.01214
813.81402	-0.07102
814.29614	-0.12595
814.77825	-0.18763
815.26037	-0.27168
815.74249	-0.40461
816.22461	-0.64003
816.70672	-1.00834
817.18884	-0.78984
817.67096	-0.51504
818.15307	-0.34315
818.63519	-0.23681
819.11731	-0.16257
819.59943	-0.10321
820.08154	-0.04126
820.56366	0.03969
821.04578	0.17630
821.52790	0.44578
822.01001	1.04770
822.49213	1.08934
822.97425	0.47004
823.45636	0.26582
823.93848	0.19244
824.42060	0.13683
824.90272	0.09116
825.38483	0.05461
825.86695	0.03055
826.34907	0.02314
826.83119	0.04254
827.31330	0.10312
827.79542	0.24134
828.27754	0.52382
828.75966	0.69527
829.24177	0.49895
829.72389	0.25943
830.20601	0.09106
830.68812	-0.03922
831.17024	-0.14441
831.65236	-0.22072
832.13448	-0.26993
832.61659	-0.27955
833.09871	-0.24492
833.58083	-0.15975
834.06295	-0.04145
834.54506	0.09277
835.02718	0.21839
835.50930	0.29336
835.99141	0.26337
836.47353	0.17294
836.95565	0.09584
837.43777	0.06098
837.91988	0.10918
838.40200	0.22836
838.88412	0.36813
839.36624	0.48705
839.84835	0.55513
840.33047	0.53691
840.81259	0.42906
841.29471	0.25021
841.77682	0.03413
842.25894	-0.21437
842.74106	-0.53449
843.22317	-0.78470
843.70529	-0.65464
844.18741	-0.37084
844.66953	-0.20840
845.15164	-0.10903
845.63376	-0.04064
846.11588	-0.01064
846.59800	-0.03339
847.08011	-0.18361
847.56223	-0.51631
848.04435	-1.02679
848.52646	-0.93829
849.00858	-0.51817
849.49070	-0.23714
849.97282	-0.05945
850.45493	0.04375
850.93705	0.09423
851.41917	0.11113
851.90129	0.09617
852.38340	0.05171
852.86552	-0.03171
853.34764	-0.15008
853.82976	-0.30393
854.31187	-0.49088
854.79399	-0.71209
855.27611	-0.84939
855.75822	-0.86567
856.24034	-0.83804
856.72246	-0.81083
857.20458	-0.80456
857.68669	-0.81384
858.16881	-0.83909
858.65093	-0.88270
859.13305	-0.93357
859.61516	-0.95674
860.09728	-0.90027
860.57940	-0.75347
861.06151	-0.55877
861.54363	-0.36435
862.02575	-0.20459
862.50787	-0.10330
862.98998	-0.06966
863.47210	-0.10274
863.95422	-0.19782
864.43634	-0.42004
864.91845	-0.49843
865.40057	-0.03737
865.88269	0.49479
866.36481	0.94246
866.84692	0.98936
867.32904	0.74845
867.81116	0.60611
868.29327	0.55421
868.77539	0.50793
869.25751	0.45434
869.73963	0.38283
870.22174	0.28289
870.70386	0.14349
871.18598	-0.04576
871.66810	-0.31455
872.15021	-0.73795
872.63233	-0.67253
873.11445	-0.29401
873.59656	-0.07892
874.07868	0.01418
874.56080	0.07363
875.04292	0.10818
875.52503	0.12356
876.00715	0.12999
876.48927	0.12696
876.97139	0.12152
877.45350	0.12483
877.93562	0.14266
878.41774	0.17455
878.89986	0.21413
879.38197	0.24804
879.86409	0.26960
880.34621	0.27052
880.82832	0.25043
881.31044	0.21203
881.79256	0.15662
882.27468	0.08332
882.75679	-0.00545
883.23891	-0.10566
883.72103	-0.21776
884.20315	-0.30163
884.68526	-0.31686
885.16738	-0.25681
885.64950	-0.15858
886.13161	-0.03955
886.61373	0.09083
887.09585	0.20772
887.57797	0.28375
888.06008	0.32425
888.54220	0.36110
889.02432	0.43281
889.50644	0.65882
889.98855	0.98983
890.47067	0.84022
890.95279	0.53347
891.43491	0.29924
891.91702	0.14556
892.39914	0.03546
892.88126	-0.04704
893.36337	-0.11072
893.84549	-0.16193
894.32761	-0.20477
894.80973	-0.24182
895.29184	-0.27200
895.77396	-0.29392
896.25608	-0.30290
896.73820	-0.29329
897.22031	-0.26401
897.70243	-0.21932
898.18455	-0.16670
898.66667	-0.11600
899.14878	-0.08031
899.63090	-0.06046
900.11302	-0.04631
900.59513	-0.02409
901.07725	0.01576
901.55937	0.07400
902.04149	0.14990
902.52360	0.23996
903.00572	0.33693
903.48784	0.43435
903.96996	0.52305
904.45207	0.59642
904.93419	0.65396
905.41631	0.70782
905.89842	0.78869
906.38054	0.98971
906.86266	1.59967
907.34478	1.01659
907.82689	0.32701
908.30901	0.07607
908.79113	0.03612
909.27325	0.00332
909.75536	-0.02536
910.23748	-0.04935
910.71960	-0.06349
911.20172	-0.06577
911.68383	-0.04824
912.16595	-0.00249
912.64807	0.05746
913.13018	0.11848
913.61230	0.12102
914.09442	0.04346
914.57654	-0.08144
915.05865	-0.19727
915.54077	-0.26332
916.02289	-0.25849
916.50501	-0.20705
916.98712	-0.14105
917.46924	-0.07633
917.95136	-0.02000
918.43347	0.03416
918.91559	0.08977
919.39771	0.14667
919.87983	0.19826
920.36194	0.23375
920.84406	0.23719
921.32618	0.20564
921.80830	0.14757
922.29041	0.07475
922.77253	-0.00855
923.25465	-0.10092
923.73677	-0.19925
924.21888	-0.26806
924.70100	-0.28660
925.18312	-0.24185
925.66523	-0.17262
926.14735	-0.09995
926.62947	-0.03961
927.11159	0.01040
927.59370	0.05162
928.07582	0.08723
928.55794	0.11804
929.04006	0.14411
929.52217	0.16498
930.00429	0.17840
930.48641	0.18294
930.96852	0.17702
931.45064	0.15957
931.93276	0.13744
932.41488	0.11363
932.89699	0.09980
933.37911	0.11013
933.86123	0.16441
934.34335	0.25711
934.82546	0.36010
935.30758	0.43091
935.78970	0.45258
936.27182	0.43312
936.75393	0.39811
937.23605	0.36691
937.71817	0.33383
938.20028	0.28663
938.68240	0.22101
939.16452	0.14336
939.64664	0.07856
940.12875	0.04400
940.61087	0.03988
941.09299	0.05028
941.57511	0.07138
942.05722	0.07419
942.53934	0.04289
943.02146	-0.03590
943.50357	-0.14737
943.98569	-0.27712
944.46781	-0.33387
944.94993	-0.31573
945.43204	-0.25240
945.91416	-0.22139
946.39628	-0.21952
946.87840	-0.24000
947.36051	-0.25988
947.84263	-0.25117
948.32475	-0.18599
948.80687	-0.07813
949.28898	0.04665
949.77110	0.14937
950.25322	0.21043
950.73533	0.22207
951.21745	0.19289
951.69957	0.13740
952.18169	0.06987
952.66380	0.00068
953.14592	-0.06285
953.62804	-0.11670
954.11016	-0.15796
954.59227	-0.18728
955.07439	-0.21206
955.55651	-0.23676
956.03862	-0.26227
956.52074	-0.29014
957.00286	-0.28046
957.48498	-0.17677
957.96709	-0.02174
958.44921	0.07593
958.93133	0.09054
959.41345	0.04566
959.89556	-0.02351
960.37768	-0.09048
960.85980	-0.14216
961.34192	-0.17177
961.82403	-0.18343
962.30615	-0.18418
962.78827	-0.18121
963.27038	-0.17713
963.75250	-0.17382
964.23462	-0.17696
964.71674	-0.19359
965.19885	-0.20616
965.68097	-0.19848
966.16309	-0.18425
966.64521	-0.16638
967.12732	-0.14947
967.60944	-0.13231
968.09156	-0.11284
968.57367	-0.08621
969.05579	-0.05362
969.53791	-0.01285
970.02003	0.03986
970.50214	0.12149
970.98426	0.21981
971.46638	0.29764
971.94850	0.29552
972.43061	0.18746
972.91273	0.01261
973.39485	-0.19367
973.87697	-0.41737
974.35908	-0.74385
974.84120	-1.07067
975.32332	-1.01749
975.80543	-0.77949
976.28755	-0.69847
976.76967	-0.69847
977.25179	-0.69847
977.73390	-0.28985
978.21602	0.21910
978.69814	0.69488
979.18026	1.02490
979.66237	0.89611
980.14449	0.65264
980.62661	0.46140
981.10872	0.31998
981.59084	0.21980
982.07296	0.15638
982.55508	0.11702
983.03719	0.09898
983.51931	0.09986
984.00143	0.11721
984.48355	0.15397
984.96566	0.21605
985.44778	0.31930
985.92990	0.55619
986.41202	0.91992
986.89413	0.59325
987.37625	0.23905
987.85837	0.03024
988.34048	-0.10876
988.82260	-0.21380
989.30472	-0.30642
989.78684	-0.41718
990.26895	-0.55839
990.75107	-0.73909
991.23319	-0.97106
991.71531	-1.09456
992.19742	-0.81021
992.67954	-0.49095
993.16166	-0.27119
993.64378	-0.12791
994.12589	0.00450
994.60801	0.13633
995.09013	0.27922
995.57224	0.50149
996.05436	0.86916
996.53648	1.08443
997.01860	0.79310
997.50071	0.50466
997.98283	0.30115
998.46495	0.13673
998.94707	0.00147
999.42918	-0.10831
