0.00000	0.30823
0.48212	0.30557
0.96423	0.29842
1.44635	0.28877
1.92847	0.27873
2.41059	0.26733
2.89270	0.25535
3.37482	0.24128
3.85694	0.22341
4.33906	0.20021
4.82117	0.16616
5.30329	0.12168
5.78541	0.07330
6.26753	0.03217
6.74964	0.00436
7.23176	-0.01046
7.71388	-0.01665
8.19599	-0.01937
8.67811	-0.02191
9.16023	-0.02594
9.64235	-0.03178
10.12446	-0.03941
10.60658	-0.04819
11.08870	-0.05825
11.57082	-0.07061
12.05293	-0.08769
12.53505	-0.11228
13.01717	-0.14969
13.49928	-0.21110
13.98140	-0.35795
14.46352	-0.48749
14.94564	0.11134
15.42775	0.50579
15.90987	0.36555
16.39199	0.21661
16.87411	0.11677
17.35622	0.06384
17.83834	0.03469
18.32046	0.01440
18.80258	0.00020
19.28469	-0.00956
19.76681	-0.01592
20.24893	-0.01968
20.73104	-0.02140
21.21316	-0.02153
21.69528	-0.02046
22.17740	-0.01851
22.65951	-0.01597
23.14163	-0.01311
23.62375	-0.01016
24.10587	-0.00734
24.58798	-0.00482
25.07010	-0.00275
25.55222	-0.00118
26.03433	-0.00016
26.51645	0.00034
26.99857	0.00037
27.48069	0.00003
27.96280	-0.00060
28.44492	-0.00143
28.92704	-0.00235
29.40916	-0.00328
29.89127	-0.00414
30.37339	-0.00486
30.85551	-0.00540
31.33763	-0.00571
31.81974	-0.00580
32.30186	-0.00567
32.78398	-0.00539
33.26609	-0.00503
33.74821	-0.00466
34.23033	-0.00437
34.71245	-0.00423
35.19456	-0.00426
35.67668	-0.00446
36.15880	-0.00478
36.64092	-0.00517
37.12303	-0.00556
37.60515	-0.00591
38.08727	-0.00617
38.56938	-0.00635
39.05150	-0.00643
39.53362	-0.00646
40.01574	-0.00646
40.49785	-0.00646
40.97997	-0.00649
41.46209	-0.00658
41.94421	-0.00672
42.42632	-0.00691
42.90844	-0.00712
43.39056	-0.00733
43.87268	-0.00750
44.35479	-0.00761
44.83691	-0.00766
45.31903	-0.00763
45.80114	-0.00753
46.28326	-0.00737
46.76538	-0.00715
47.24750	-0.00687
47.72961	-0.00653
48.21173	-0.00615
48.69385	-0.00575
49.17597	-0.00537
49.65808	-0.00505
50.14020	-0.00483
50.62232	-0.00476
51.10443	-0.00486
51.58655	-0.00513
52.06867	-0.00555
52.55079	-0.00609
53.03290	-0.00671
53.51502	-0.00734
53.99714	-0.00789
54.47926	-0.00830
54.96137	-0.00851
55.44349	-0.00847
55.92561	-0.00819
56.40773	-0.00769
56.88984	-0.00705
57.37196	-0.00633
57.85408	-0.00561
58.33619	-0.00493
58.81831	-0.00435
59.30043	-0.00390
59.78255	-0.00358
60.26466	-0.00340
60.74678	-0.00334
61.22890	-0.00341
61.71102	-0.00358
62.19313	-0.00383
62.67525	-0.00414
63.15737	-0.00448
63.63948	-0.00482
64.12160	-0.00514
64.60372	-0.00541
65.08584	-0.00560
65.56795	-0.00572
66.05007	-0.00574
66.53219	-0.00567
67.01431	-0.00552
67.49642	-0.00530
67.97854	-0.00504
68.46066	-0.00476
68.94278	-0.00449
69.42489	-0.00426
69.90701	-0.00411
70.38913	-0.00404
70.87124	-0.00405
71.35336	-0.00414
71.83548	-0.00427
72.31760	-0.00442
72.79971	-0.00455
73.28183	-0.00466
73.76395	-0.00473
74.24607	-0.00478
74.72818	-0.00482
75.21030	-0.00486
75.69242	-0.00493
76.17453	-0.00504
76.65665	-0.00517
77.13877	-0.00531
77.62089	-0.00543
78.10300	-0.00552
78.58512	-0.00555
79.06724	-0.00551
79.54936	-0.00542
80.03147	-0.00530
80.51359	-0.00518
80.99571	-0.00508
81.47783	-0.00503
81.95994	-0.00506
82.44206	-0.00517
82.92418	-0.00537
83.40629	-0.00565
83.88841	-0.00599
84.37053	-0.00636
84.85265	-0.00673
85.33476	-0.00707
85.81688	-0.00736
86.29900	-0.00760
86.78112	-0.00778
87.26323	-0.00792
87.74535	-0.00802
88.22747	-0.00810
88.70958	-0.00817
89.19170	-0.00825
89.67382	-0.00834
90.15594	-0.00845
90.63805	-0.00859
91.12017	-0.00875
91.60229	-0.00894
92.08441	-0.00915
92.56652	-0.00936
93.04864	-0.00956
93.53076	-0.00974
94.01288	-0.00987
94.49499	-0.00996
94.97711	-0.01000
95.45923	-0.01000
95.94134	-0.00997
96.42346	-0.00992
96.90558	-0.00987
97.38770	-0.00983
97.86981	-0.00982
98.35193	-0.00983
98.83405	-0.00986
99.31617	-0.00991
99.79828	-0.00996
100.28040	-0.01000
100.76252	-0.01002
101.24464	-0.01002
101.72675	-0.00999
102.20887	-0.00997
102.69099	-0.00995
103.17310	-0.00996
103.65522	-0.01001
104.13734	-0.01011
104.61946	-0.01024
105.10157	-0.01042
105.58369	-0.01063
106.06581	-0.01086
106.54793	-0.01108
107.03004	-0.01130
107.51216	-0.01148
107.99428	-0.01162
108.47639	-0.01171
108.95851	-0.01174
109.44063	-0.01171
109.92275	-0.01163
110.40486	-0.01149
110.88698	-0.01130
111.36910	-0.01108
111.85122	-0.01084
112.33333	-0.01061
112.81545	-0.01039
113.29757	-0.01022
113.77969	-0.01010
114.26180	-0.01003
114.74392	-0.01001
115.22604	-0.01002
115.70815	-0.01003
116.19027	-0.01004
116.67239	-0.01000
117.15451	-0.00993
117.63662	-0.00982
118.11874	-0.00968
118.60086	-0.00952
119.08298	-0.00938
119.56509	-0.00927
120.04721	-0.00920
120.52933	-0.00919
121.01144	-0.00925
121.49356	-0.00938
121.97568	-0.00955
122.45780	-0.00975
122.93991	-0.00997
123.42203	-0.01018
123.90415	-0.01038
124.38627	-0.01055
124.86838	-0.01069
125.35050	-0.01081
125.83262	-0.01091
126.31474	-0.01100
126.79685	-0.01108
127.27897	-0.01116
127.76109	-0.01126
128.24320	-0.01137
128.72532	-0.01151
129.20744	-0.01165
129.68956	-0.01181
130.17167	-0.01195
130.65379	-0.01207
131.13591	-0.01216
131.61803	-0.01219
132.10014	-0.01218
132.58226	-0.01212
133.06438	-0.01203
133.54649	-0.01191
134.02861	-0.01179
134.51073	-0.01167
134.99285	-0.01157
135.47496	-0.01149
135.95708	-0.01144
136.43920	-0.01140
136.92132	-0.01137
137.40343	-0.01135
137.88555	-0.01131
138.36767	-0.01127
138.84979	-0.01122
139.33190	-0.01117
139.81402	-0.01112
140.29614	-0.01109
140.77825	-0.01106
141.26037	-0.01105
141.74249	-0.01105
142.22461	-0.01105
142.70672	-0.01106
143.18884	-0.01105
143.67096	-0.01104
144.15308	-0.01102
144.63519	-0.01099
145.11731	-0.01097
145.59943	-0.01096
146.08154	-0.01096
146.56366	-0.01098
147.04578	-0.01101
147.52790	-0.01106
148.01001	-0.01110
148.49213	-0.01114
148.97425	-0.01117
149.45637	-0.01117
149.93848	-0.01114
150.42060	-0.01109
150.90272	-0.01102
151.38484	-0.01093
151.86695	-0.01083
152.34907	-0.01072
152.83119	-0.01062
153.31330	-0.01053
153.79542	-0.01043
154.27754	-0.01034
154.75966	-0.01024
155.24177	-0.01012
155.72389	-0.00997
156.20601	-0.00980
156.68813	-0.00961
157.17024	-0.00938
157.65236	-0.00915
158.13448	-0.00890
158.61659	-0.00865
159.09871	-0.00841
159.58083	-0.00817
160.06295	-0.00793
160.54506	-0.00769
161.02718	-0.00743
161.50930	-0.00714
161.99142	-0.00682
162.47353	-0.00647
162.95565	-0.00611
163.43777	-0.00575
163.91989	-0.00541
164.40200	-0.00511
164.88412	-0.00486
165.36624	-0.00467
165.84835	-0.00454
166.33047	-0.00445
166.81259	-0.00438
167.29471	-0.00430
167.77682	-0.00418
168.25894	-0.00401
168.74106	-0.00378
169.22318	-0.00348
169.70529	-0.00313
170.18741	-0.00272
170.66953	-0.00229
171.15164	-0.00183
171.63376	-0.00135
172.11588	-0.00084
172.59800	-0.00031
173.08011	0.00025
173.56223	0.00088
174.04435	0.00156
174.52647	0.00232
175.00858	0.00314
175.49070	0.00401
175.97282	0.00490
176.45494	0.00579
176.93705	0.00664
177.41917	0.00744
177.90129	0.00817
178.38340	0.00883
178.86552	0.00944
179.34764	0.01003
179.82976	0.01063
180.31187	0.01129
180.79399	0.01205
181.27611	0.01292
181.75823	0.01390
182.24034	0.01500
182.72246	0.01618
183.20458	0.01740
183.68669	0.01861
184.16881	0.01979
184.65093	0.02090
185.13305	0.02191
185.61516	0.02283
186.09728	0.02364
186.57940	0.02435
187.06152	0.02496
187.54363	0.02547
188.02575	0.02589
188.50787	0.02619
188.98999	0.02639
189.47210	0.02648
189.95422	0.02647
190.43634	0.02637
190.91845	0.02623
191.40057	0.02607
191.88269	0.02595
192.36481	0.02591
192.84692	0.02600
193.32904	0.02624
193.81116	0.02664
194.29328	0.02717
194.77539	0.02782
195.25751	0.02854
195.73963	0.02929
196.22174	0.03003
196.70386	0.03073
197.18598	0.03139
197.66810	0.03203
198.15021	0.03267
198.63233	0.03334
199.11445	0.03409
199.59657	0.03492
200.07868	0.03585
200.56080	0.03688
201.04292	0.03797
201.52504	0.03911
202.00715	0.04026
202.48927	0.04141
202.97139	0.04254
203.45350	0.04366
203.93562	0.04480
204.41774	0.04599
204.89986	0.04725
205.38197	0.04862
205.86409	0.05010
206.34621	0.05167
206.82833	0.05332
207.31044	0.05500
207.79256	0.05667
208.27468	0.05828
208.75680	0.05979
209.23891	0.06118
209.72103	0.06246
210.20315	0.06366
210.68526	0.06480
211.16738	0.06593
211.64950	0.06708
212.13162	0.06828
212.61373	0.06953
213.09585	0.07080
213.57797	0.07208
214.06009	0.07332
214.54220	0.07449
215.02432	0.07556
215.50644	0.07652
215.98855	0.07737
216.47067	0.07815
216.95279	0.07888
217.43491	0.07962
217.91702	0.08039
218.39914	0.08120
218.88126	0.08208
219.36338	0.08300
219.84549	0.08394
220.32761	0.08486
220.80973	0.08575
221.29185	0.08658
221.77396	0.08734
222.25608	0.08804
222.73820	0.08870
223.22031	0.08933
223.70243	0.08997
224.18455	0.09065
224.66667	0.09138
225.14878	0.09217
225.63090	0.09301
226.11302	0.09390
226.59514	0.09481
227.07725	0.09575
227.55937	0.09671
228.04149	0.09769
228.52360	0.09870
229.00572	0.09978
229.48784	0.10093
229.96996	0.10219
230.45207	0.10355
230.93419	0.10501
231.41631	0.10658
231.89843	0.10822
232.38054	0.10990
232.86266	0.11161
233.34478	0.11332
233.82690	0.11500
234.30901	0.11666
234.79113	0.11829
235.27325	0.11989
235.75536	0.12148
236.23748	0.12306
236.71960	0.12464
237.20172	0.12621
237.68383	0.12776
238.16595	0.12928
238.64807	0.13075
239.13019	0.13214
239.61230	0.13346
240.09442	0.13469
240.57654	0.13584
241.05865	0.13691
241.54077	0.13793
242.02289	0.13892
242.50501	0.13989
242.98712	0.14086
243.46924	0.14184
243.95136	0.14283
244.43348	0.14382
244.91559	0.14480
245.39771	0.14576
245.87983	0.14668
246.36195	0.14754
246.84406	0.14834
247.32618	0.14909
247.80830	0.14978
248.29041	0.15045
248.77253	0.15110
249.25465	0.15175
249.73677	0.15241
250.21888	0.15309
250.70100	0.15378
251.18312	0.15448
251.66524	0.15516
252.14735	0.15581
252.62947	0.15640
253.11159	0.15693
253.59370	0.15738
254.07582	0.15776
254.55794	0.15806
255.04006	0.15831
255.52217	0.15852
256.00429	0.15871
256.48641	0.15888
256.96853	0.15905
257.45064	0.15922
257.93276	0.15936
258.41488	0.15948
258.89700	0.15954
259.37911	0.15954
259.86123	0.15946
260.34335	0.15928
260.82546	0.15901
261.30758	0.15866
261.78970	0.15822
262.27182	0.15771
262.75393	0.15714
263.23605	0.15650
263.71817	0.15579
264.20029	0.15502
264.68240	0.15417
265.16452	0.15324
265.64664	0.15223
266.12875	0.15117
266.61087	0.15008
267.09299	0.14898
267.57511	0.14791
268.05722	0.14691
268.53934	0.14597
269.02146	0.14510
269.50358	0.14427
269.98569	0.14342
270.46781	0.14248
270.94993	0.14138
271.43205	0.14006
271.91416	0.13846
272.39628	0.13658
272.87840	0.13441
273.36051	0.13201
273.84263	0.12942
274.32475	0.12673
274.80687	0.12398
275.28898	0.12121
275.77110	0.11842
276.25322	0.11558
276.73534	0.11265
277.21745	0.10957
277.69957	0.10631
278.18169	0.10287
278.66380	0.09927
279.14592	0.09559
279.62804	0.09193
280.11016	0.08837
280.59227	0.08502
281.07439	0.08192
281.55651	0.07908
282.03863	0.07647
282.52074	0.07402
283.00286	0.07162
283.48498	0.06918
283.96710	0.06664
284.44921	0.06397
284.93133	0.06121
285.41345	0.05841
285.89556	0.05567
286.37768	0.05306
286.85980	0.05064
287.34192	0.04842
287.82403	0.04635
288.30615	0.04435
288.78827	0.04229
289.27039	0.04005
289.75250	0.03751
290.23462	0.03459
290.71674	0.03130
291.19885	0.02768
291.68097	0.02384
292.16309	0.01988
292.64521	0.01593
293.12732	0.01207
293.60944	0.00836
294.09156	0.00479
294.57368	0.00135
295.05579	-0.00202
295.53791	-0.00533
296.02003	-0.00857
296.50215	-0.01168
296.98426	-0.01454
297.46638	-0.01701
297.94850	-0.01894
298.43061	-0.02023
298.91273	-0.02082
299.39485	-0.02074
299.87697	-0.02006
300.35908	-0.01891
300.84120	-0.01743
301.32332	-0.01574
301.80544	-0.01394
302.28755	-0.01203
302.76967	-0.01000
303.25179	-0.00778
303.73391	-0.00532
304.21602	-0.00257
304.69814	0.00043
305.18026	0.00361
305.66237	0.00684
306.14449	0.00995
306.62661	0.01280
307.10873	0.01526
307.59084	0.01730
308.07296	0.01894
308.55508	0.02029
309.03720	0.02150
309.51931	0.02274
310.00143	0.02413
310.48355	0.02576
310.96566	0.02759
311.44778	0.02951
311.92990	0.03136
312.41202	0.03291
312.89413	0.03397
313.37625	0.03438
313.85837	0.03408
314.34049	0.03307
314.82260	0.03150
315.30472	0.02956
315.78684	0.02749
316.26896	0.02550
316.75107	0.02379
317.23319	0.02247
317.71531	0.02157
318.19742	0.02104
318.67954	0.02082
319.16166	0.02077
319.64378	0.02079
320.12589	0.02078
320.60801	0.02065
321.09013	0.02033
321.57225	0.01973
322.05436	0.01877
322.53648	0.01738
323.01860	0.01546
323.50071	0.01296
323.98283	0.00990
324.46495	0.00640
324.94707	0.00266
325.42918	-0.00101
325.91130	-0.00429
326.39342	-0.00687
326.87554	-0.00857
327.35765	-0.00937
327.83977	-0.00940
328.32189	-0.00899
328.80401	-0.00854
329.28612	-0.00850
329.76824	-0.00926
330.25036	-0.01107
330.73247	-0.01399
331.21459	-0.01783
331.69671	-0.02223
332.17883	-0.02669
332.66094	-0.03076
333.14306	-0.03410
333.62518	-0.03658
334.10730	-0.03829
334.58941	-0.03947
335.07153	-0.04043
335.55365	-0.04145
336.03576	-0.04269
336.51788	-0.04415
337.00000	-0.04567
337.48212	-0.04697
337.96423	-0.04779
338.44635	-0.04796
338.92847	-0.04745
339.41059	-0.04638
339.89270	-0.04500
340.37482	-0.04363
340.85694	-0.04255
341.33906	-0.04199
341.82117	-0.04208
342.30329	-0.04282
342.78541	-0.04411
343.26752	-0.04576
343.74964	-0.04756
344.23176	-0.04932
344.71388	-0.05093
345.19599	-0.05233
345.67811	-0.05354
346.16023	-0.05459
346.64235	-0.05551
347.12446	-0.05631
347.60658	-0.05695
348.08870	-0.05735
348.57081	-0.05743
349.05293	-0.05715
349.53505	-0.05655
350.01717	-0.05577
350.49928	-0.05504
350.98140	-0.05458
351.46352	-0.05463
351.94564	-0.05534
352.42775	-0.05677
352.90987	-0.05892
353.39199	-0.06168
353.87411	-0.06490
354.35622	-0.06836
354.83834	-0.07182
355.32046	-0.07505
355.80257	-0.07785
356.28469	-0.08009
356.76681	-0.08170
357.24893	-0.08268
357.73104	-0.08307
358.21316	-0.08293
358.69528	-0.08232
359.17740	-0.08128
359.65951	-0.07986
360.14163	-0.07810
360.62375	-0.07609
361.10586	-0.07394
361.58798	-0.07177
362.07010	-0.06972
362.55222	-0.06791
363.03433	-0.06642
363.51645	-0.06533
363.99857	-0.06466
364.48069	-0.06439
364.96280	-0.06449
365.44492	-0.06488
365.92704	-0.06550
366.40916	-0.06630
366.89127	-0.06726
367.37339	-0.06839
367.85551	-0.06972
368.33762	-0.07133
368.81974	-0.07325
369.30186	-0.07555
369.78398	-0.07826
370.26609	-0.08137
370.74821	-0.08480
371.23033	-0.08843
371.71245	-0.09206
372.19456	-0.09546
372.67668	-0.09838
373.15880	-0.10057
373.64091	-0.10181
374.12303	-0.10196
374.60515	-0.10095
375.08727	-0.09884
375.56938	-0.09582
376.05150	-0.09224
376.53362	-0.08852
377.01574	-0.08508
377.49785	-0.08229
377.97997	-0.08041
378.46209	-0.07962
378.94421	-0.08002
379.42632	-0.08166
379.90844	-0.08451
380.39056	-0.08848
380.87267	-0.09339
381.35479	-0.09891
381.83691	-0.10459
382.31903	-0.10991
382.80114	-0.11428
383.28326	-0.11723
383.76538	-0.11848
384.24750	-0.11798
384.72961	-0.11590
385.21173	-0.11263
385.69385	-0.10867
386.17596	-0.10460
386.65808	-0.10097
387.14020	-0.09819
387.62232	-0.09658
388.10443	-0.09623
388.58655	-0.09709
389.06867	-0.09896
389.55079	-0.10156
390.03290	-0.10465
390.51502	-0.10807
390.99714	-0.11171
391.47926	-0.11552
391.96137	-0.11939
392.44349	-0.12319
392.92561	-0.12664
393.40772	-0.12943
393.88984	-0.13116
394.37196	-0.13156
394.85408	-0.13047
395.33619	-0.12796
395.81831	-0.12431
396.30043	-0.12000
396.78255	-0.11558
397.26466	-0.11161
397.74678	-0.10853
398.22890	-0.10660
398.71102	-0.10586
399.19313	-0.10618
399.67525	-0.10733
400.15737	-0.10898
400.63948	-0.11088
401.12160	-0.11288
401.60372	-0.11495
402.08584	-0.11718
402.56795	-0.11970
403.05007	-0.12259
403.53219	-0.12583
404.01431	-0.12922
404.49642	-0.13247
404.97854	-0.13522
405.46066	-0.13720
405.94277	-0.13819
406.42489	-0.13819
406.90701	-0.13733
407.38913	-0.13585
407.87124	-0.13407
408.35336	-0.13225
408.83548	-0.13056
409.31760	-0.12900
409.79971	-0.12743
410.28183	-0.12568
410.76395	-0.12358
411.24607	-0.12105
411.72818	-0.11815
412.21030	-0.11509
412.69242	-0.11213
413.17453	-0.10962
413.65665	-0.10788
414.13877	-0.10718
414.62089	-0.10767
415.10300	-0.10932
415.58512	-0.11197
416.06724	-0.11533
416.54936	-0.11905
417.03147	-0.12278
417.51359	-0.12624
417.99571	-0.12923
418.47782	-0.13165
418.95994	-0.13344
419.44206	-0.13459
419.92418	-0.13512
420.40629	-0.13509
420.88841	-0.13463
421.37053	-0.13389
421.85265	-0.13313
422.33476	-0.13257
422.81688	-0.13241
423.29900	-0.13276
423.78112	-0.13360
424.26323	-0.13482
424.74535	-0.13622
425.22747	-0.13756
425.70958	-0.13865
426.19170	-0.13934
426.67382	-0.13960
427.15594	-0.13951
427.63805	-0.13929
428.12017	-0.13922
428.60229	-0.13956
429.08441	-0.14053
429.56652	-0.14221
430.04864	-0.14453
430.53076	-0.14730
431.01287	-0.15032
431.49499	-0.15341
431.97711	-0.15649
432.45923	-0.15956
432.94134	-0.16268
433.42346	-0.16596
433.90558	-0.16945
434.38770	-0.17312
434.86981	-0.17691
435.35193	-0.18059
435.83405	-0.18395
436.31617	-0.18673
436.79828	-0.18877
437.28040	-0.18996
437.76252	-0.19034
438.24463	-0.19002
438.72675	-0.18923
439.20887	-0.18824
439.69099	-0.18732
440.17310	-0.18667
440.65522	-0.18642
441.13734	-0.18657
441.61946	-0.18699
442.10157	-0.18747
442.58369	-0.18777
443.06581	-0.18764
443.54792	-0.18694
444.03004	-0.18564
444.51216	-0.18387
444.99428	-0.18187
445.47639	-0.17998
445.95851	-0.17856
446.44063	-0.17786
446.92275	-0.17794
447.40486	-0.17871
447.88698	-0.17982
448.36910	-0.18079
448.85122	-0.18113
449.33333	-0.18039
449.81545	-0.17837
450.29757	-0.17506
450.77968	-0.17066
451.26180	-0.16559
451.74392	-0.16030
452.22604	-0.15522
452.70815	-0.15069
453.19027	-0.14694
453.67239	-0.14405
454.15451	-0.14181
454.63662	-0.13990
455.11874	-0.13796
455.60086	-0.13565
456.08297	-0.13279
456.56509	-0.12951
457.04721	-0.12627
457.52933	-0.12372
458.01144	-0.12248
458.49356	-0.12300
458.97568	-0.12556
459.45780	-0.13015
459.93991	-0.13653
460.42203	-0.14435
460.90415	-0.15318
461.38627	-0.16257
461.86838	-0.17212
462.35050	-0.18155
462.83262	-0.19069
463.31473	-0.19947
463.79685	-0.20795
464.27897	-0.21622
464.76109	-0.22429
465.24320	-0.23204
465.72532	-0.23918
466.20744	-0.24523
466.68956	-0.24962
467.17167	-0.25178
467.65379	-0.25139
468.13591	-0.24851
468.61802	-0.24366
469.10014	-0.23774
469.58226	-0.23171
470.06438	-0.22646
470.54649	-0.22268
471.02861	-0.22068
471.51073	-0.22042
471.99285	-0.22164
472.47496	-0.22375
472.95708	-0.22612
473.43920	-0.22793
473.92132	-0.22843
474.40343	-0.22704
474.88555	-0.22352
475.36767	-0.21806
475.84978	-0.21128
476.33190	-0.20410
476.81402	-0.19764
477.29614	-0.19289
477.77825	-0.19064
478.26037	-0.19135
478.74249	-0.19513
479.22461	-0.20167
479.70672	-0.21033
480.18884	-0.22014
480.67096	-0.23006
481.15307	-0.23890
481.63519	-0.24568
482.11731	-0.24975
482.59943	-0.25085
483.08154	-0.24912
483.56366	-0.24498
484.04578	-0.23904
484.52790	-0.23203
485.01001	-0.22458
485.49213	-0.21726
485.97425	-0.21056
486.45637	-0.20483
486.93848	-0.20022
487.42060	-0.19678
487.90272	-0.19440
488.38483	-0.19291
488.86695	-0.19213
489.34907	-0.19189
489.83119	-0.19209
490.31330	-0.19272
490.79542	-0.19376
491.27754	-0.19520
491.75966	-0.19698
492.24177	-0.19908
492.72389	-0.20126
493.20601	-0.20326
493.68812	-0.20481
494.17024	-0.20564
494.65236	-0.20555
495.13448	-0.20448
495.61659	-0.20244
496.09871	-0.19946
496.58083	-0.19558
497.06295	-0.19065
497.54506	-0.18452
498.02718	-0.17689
498.50930	-0.16766
498.99142	-0.15695
499.47353	-0.14531
499.95565	-0.13362
500.43777	-0.12308
500.91988	-0.11485
501.40200	-0.10980
501.88412	-0.10833
502.36624	-0.11024
502.84835	-0.11486
503.33047	-0.12123
503.81259	-0.12833
504.29471	-0.13533
504.77682	-0.14160
505.25894	-0.14689
505.74106	-0.15120
506.22318	-0.15479
506.70529	-0.15801
507.18741	-0.16113
507.66953	-0.16438
508.15164	-0.16776
508.63376	-0.17119
509.11588	-0.17450
509.59800	-0.17756
510.08011	-0.18025
510.56223	-0.18258
511.04435	-0.18461
511.52647	-0.18646
512.00858	-0.18812
512.49070	-0.18950
512.97282	-0.19058
513.45493	-0.19141
513.93705	-0.19225
514.41917	-0.19361
514.90129	-0.19609
515.38340	-0.20035
515.86552	-0.20653
516.34764	-0.21450
516.82976	-0.22360
517.31187	-0.23249
517.79399	-0.23999
518.27611	-0.24491
518.75823	-0.24652
519.24034	-0.24442
519.72246	-0.23843
520.20458	-0.22856
520.68669	-0.21533
521.16881	-0.19868
521.65093	-0.18011
522.13305	-0.16123
522.61516	-0.14421
523.09728	-0.13177
523.57940	-0.12577
524.06152	-0.12809
524.54363	-0.14013
525.02575	-0.16097
525.50787	-0.19020
525.98998	-0.22531
526.47210	-0.26286
526.95422	-0.29821
527.43634	-0.32758
527.91845	-0.34773
528.40057	-0.35722
528.88269	-0.35489
529.36481	-0.34190
529.84692	-0.32003
530.32904	-0.29241
530.81116	-0.26247
531.29328	-0.23327
531.77539	-0.20723
532.25751	-0.18576
532.73963	-0.16962
533.22174	-0.15877
533.70386	-0.15308
534.18598	-0.15220
534.66810	-0.15592
535.15021	-0.16406
535.63233	-0.17655
536.11445	-0.19341
536.59657	-0.21410
537.07868	-0.23825
537.56080	-0.26416
538.04292	-0.28955
538.52503	-0.31100
539.00715	-0.32618
539.48927	-0.33375
539.97139	-0.33432
540.45350	-0.32876
540.93562	-0.31947
541.41774	-0.30751
541.89986	-0.29383
542.38197	-0.27890
542.86409	-0.26357
543.34621	-0.24862
543.82833	-0.23508
544.31044	-0.22392
544.79256	-0.21610
545.27468	-0.21245
545.75679	-0.21360
546.23891	-0.22044
546.72103	-0.23243
547.20315	-0.24837
547.68526	-0.26604
548.16738	-0.28218
548.64950	-0.29204
549.13162	-0.29346
549.61373	-0.28743
550.09585	-0.27838
550.57797	-0.26960
551.06008	-0.26329
551.54220	-0.26053
552.02432	-0.26106
552.50644	-0.26274
552.98855	-0.26341
553.47067	-0.26063
553.95279	-0.25211
554.43491	-0.23637
554.91702	-0.21319
555.39914	-0.18378
555.88126	-0.15038
556.36338	-0.11606
556.84549	-0.08372
557.32761	-0.05562
557.80973	-0.03252
558.29184	-0.01528
558.77396	-0.00292
559.25608	0.00583
559.73820	0.01225
560.22031	0.01765
560.70243	0.02225
561.18455	0.02463
561.66667	0.02291
562.14878	0.01546
562.63090	0.00125
563.11302	-0.01936
563.59513	-0.04508
564.07725	-0.07507
564.55937	-0.10790
565.04149	-0.14202
565.52360	-0.17597
566.00572	-0.20875
566.48784	-0.24031
566.96996	-0.27134
567.45207	-0.30230
567.93419	-0.33593
568.41631	-0.37333
568.89843	-0.41411
569.38054	-0.45454
569.86266	-0.49059
570.34478	-0.51692
570.82689	-0.53034
571.30901	-0.52871
571.79113	-0.51570
572.27325	-0.49536
572.75536	-0.47268
573.23748	-0.45222
573.71960	-0.43869
574.20172	-0.43518
574.68383	-0.44367
575.16595	-0.46581
575.64807	-0.50064
576.13018	-0.54530
576.61230	-0.59416
577.09442	-0.63871
577.57654	-0.65914
578.05865	-0.64475
578.54077	-0.59996
579.02289	-0.54306
579.50501	-0.48211
579.98712	-0.42249
580.46924	-0.36654
580.95136	-0.31543
581.43348	-0.26589
581.91559	-0.21713
582.39771	-0.16945
582.87983	-0.12431
583.36194	-0.08310
583.84406	-0.04951
584.32618	-0.02733
584.80830	-0.02115
585.29041	-0.03324
585.77253	-0.06210
586.25465	-0.10275
586.73677	-0.15091
587.21888	-0.19869
587.70100	-0.24357
588.18312	-0.28398
588.66523	-0.32013
589.14735	-0.35183
589.62947	-0.37780
590.11159	-0.39401
590.59370	-0.39722
591.07582	-0.38600
591.55794	-0.36028
592.04006	-0.32311
592.52217	-0.27941
593.00429	-0.22926
593.48641	-0.17491
593.96853	-0.11842
594.45064	-0.06286
594.93276	-0.01049
595.41488	0.03597
595.89699	0.07396
596.37911	0.10292
596.86123	0.12014
597.34335	0.12353
597.82546	0.11005
598.30758	0.07389
598.78970	0.01315
599.27182	-0.06902
599.75393	-0.16650
600.23605	-0.27544
600.71817	-0.37453
601.20029	-0.44400
601.68240	-0.47666
602.16452	-0.48881
602.64664	-0.50341
603.12875	-0.54573
603.61087	-0.62908
604.09299	-0.74299
604.57511	-0.65892
605.05722	-0.40797
605.53934	-0.21420
606.02146	-0.13889
606.50358	-0.11405
606.98569	-0.11879
607.46781	-0.13965
607.94993	-0.17172
608.43204	-0.21398
608.91416	-0.26867
609.39628	-0.33767
609.87840	-0.42951
610.36051	-0.51348
610.84263	-0.54418
611.32475	-0.50619
611.80687	-0.43922
612.28898	-0.37769
612.77110	-0.33416
613.25322	-0.30957
613.73534	-0.29298
614.21745	-0.27676
614.69957	-0.25290
615.18169	-0.21706
615.66380	-0.17272
616.14592	-0.12752
616.62804	-0.09148
617.11016	-0.07380
617.59227	-0.08721
618.07439	-0.12699
618.55651	-0.13185
619.03863	-0.00626
619.52074	0.24772
620.00286	0.53648
620.48498	0.73298
620.96709	0.79235
621.44921	0.79094
621.93133	0.83477
622.41345	0.81852
622.89556	0.60753
623.37768	0.40925
623.85980	0.26205
624.34192	0.17563
624.82403	0.14287
625.30615	0.15186
625.78827	0.17353
626.27039	0.19583
626.75250	0.20851
627.23462	0.19968
627.71674	0.16582
628.19885	0.10977
628.68097	0.03839
629.16309	-0.05438
629.64521	-0.14881
630.12732	-0.21687
630.60944	-0.22920
631.09156	-0.18646
631.57368	-0.11564
632.05579	-0.04988
632.53791	-0.01092
633.02003	-0.00144
633.50214	-0.01193
633.98426	-0.03402
634.46638	-0.06041
634.94850	-0.08579
635.43061	-0.10626
635.91273	-0.11966
636.39485	-0.12613
636.87697	-0.12780
637.35908	-0.12968
637.84120	-0.13800
638.32332	-0.15940
638.80544	-0.20407
639.28755	-0.27971
639.76967	-0.39110
640.25179	-0.53320
640.73390	-0.64478
641.21602	-0.53903
641.69814	-0.31093
642.18026	-0.12171
642.66237	-0.00873
643.14449	0.06545
643.62661	0.10181
644.10873	0.10205
644.59084	0.06623
645.07296	-0.00082
645.55508	-0.07274
646.03719	-0.10574
646.51931	-0.05879
647.00143	0.07055
647.48355	0.23119
647.96566	0.37626
648.44778	0.48044
648.92990	0.56134
649.41202	0.64932
649.89413	0.77409
650.37625	0.91603
650.85837	0.85062
651.34049	0.56679
651.82260	0.30891
652.30472	0.13696
652.78684	-0.00997
653.26895	-0.13781
653.75107	-0.24981
654.23319	-0.35170
654.71531	-0.42976
655.19742	-0.47313
655.67954	-0.47824
656.16166	-0.46435
656.64378	-0.45252
657.12589	-0.44972
657.60801	-0.45582
658.09013	-0.45532
658.57224	-0.41122
659.05436	-0.33186
659.53648	-0.25512
660.01860	-0.20973
660.50071	-0.22098
660.98283	-0.26555
661.46495	-0.31183
661.94707	-0.34530
662.42918	-0.35553
662.91130	-0.34383
663.39342	-0.31998
663.87554	-0.29147
664.35765	-0.26655
664.83977	-0.24665
665.32189	-0.23512
665.80400	-0.22069
666.28612	-0.19430
666.76824	-0.13325
667.25036	-0.02597
667.73247	0.11760
668.21459	0.28314
668.69671	0.46982
669.17883	0.70259
669.66094	1.68448
670.14306	5.00000
670.62518	1.40944
671.10729	0.69177
671.58941	0.56856
672.07153	0.49352
672.55365	0.44742
673.03576	0.41992
673.51788	0.39161
674.00000	0.34931
674.48212	0.28858
674.96423	0.22177
675.44635	0.16364
675.92847	0.12313
676.41059	0.09892
676.89270	0.08900
677.37482	0.08737
677.85694	0.08437
678.33905	0.07438
678.82117	0.05641
679.30329	0.03386
679.78541	0.01080
680.26752	-0.00825
680.74964	-0.01991
681.23176	-0.02262
681.71388	-0.01688
682.19599	-0.00378
682.67811	0.01527
683.16023	0.03404
683.64234	0.05197
684.12446	0.06129
684.60658	0.05380
685.08870	0.03020
685.57081	-0.00276
686.05293	-0.00132
686.53505	0.05456
687.01717	0.13979
687.49928	0.20759
687.98140	0.23753
688.46352	0.22210
688.94564	0.16867
689.42775	0.08761
689.90987	-0.01408
690.39199	-0.13806
690.87410	-0.38610
691.35622	-0.70176
691.83834	-0.53028
692.32046	-0.04547
692.80257	0.27540
693.28469	0.38976
693.76681	0.29977
694.24893	0.22447
694.73104	0.16977
695.21316	0.14638
695.69528	0.15162
696.17740	0.19070
696.65951	0.32140
697.14163	0.58716
697.62375	0.87942
698.10586	0.71828
698.58798	0.40296
699.07010	0.15046
699.55222	-0.04068
700.03433	-0.18553
700.51645	-0.29080
700.99857	-0.36539
701.48069	-0.38135
701.96280	-0.32359
702.44492	-0.20516
702.92704	-0.06302
703.40915	0.05699
703.89127	0.10599
704.37339	0.08566
704.85551	0.03329
705.33762	-0.01889
705.81974	-0.05120
706.30186	-0.06013
706.78398	-0.04935
707.26609	-0.01439
707.74821	0.05797
708.23033	0.43022
708.71245	5.00000
709.19456	0.65032
709.67668	0.07908
710.15880	-0.01344
710.64091	-0.04439
711.12303	-0.05232
711.60515	-0.05359
712.08727	-0.05592
712.56938	-0.06036
713.05150	-0.06673
713.53362	-0.07455
714.01574	-0.08444
714.49785	-0.09085
714.97997	-0.09238
715.46209	-0.09029
715.94420	-0.08762
716.42632	-0.08754
716.90844	-0.09215
717.39056	-0.10203
717.87267	-0.11713
718.35479	-0.13628
718.83691	-0.15974
719.31903	-0.18851
719.80114	-0.22282
720.28326	-0.26283
720.76538	-0.30721
721.24750	-0.35604
721.72961	-0.41427
722.21173	-0.48835
722.69385	-0.58088
723.17596	-0.69391
723.65808	-0.76664
724.14020	-0.61647
724.62232	-0.32135
725.10443	-0.03717
725.58655	0.19813
726.06867	0.37929
726.55079	0.44155
727.03290	0.39805
727.51502	0.32748
727.99714	0.25546
728.47925	0.18918
728.96137	0.12927
729.44349	0.06674
729.92561	-0.00698
730.40772	-0.11151
730.88984	-0.30726
731.37196	-0.30726
731.85408	5.00000
732.33619	-0.05813
732.81831	0.26090
733.30043	0.27531
733.78255	0.24565
734.26466	0.19177
734.74678	0.12352
735.22890	0.04761
735.71101	-0.03531
736.19313	-0.12368
736.67525	-0.21652
737.15737	-0.31680
737.63948	-0.42333
738.12160	-0.53277
738.60372	-0.63799
739.08584	-0.69634
739.56795	-0.61963
740.05007	-0.43643
740.53219	-0.22687
741.01430	-0.03288
741.49642	0.15942
741.97854	0.27558
742.46066	0.26011
742.94277	0.16584
743.42489	0.06052
743.90701	-0.03970
744.38913	-0.12368
744.87124	-0.18058
745.35336	-0.20685
745.83548	-0.21201
746.31760	-0.22627
746.79971	-0.27346
747.28183	-0.34437
747.76395	-0.41524
748.24606	-0.46632
748.72818	-0.49545
749.21030	-0.50586
749.69242	-0.48575
750.17453	-0.40981
750.65665	-0.26800
751.13877	-0.10378
751.62089	0.04427
752.10300	0.14502
752.58512	0.19399
753.06724	0.21166
753.54935	0.21144
754.03147	0.19983
754.51359	0.17245
754.99571	0.12524
755.47782	0.05358
755.95994	-0.04633
756.44206	-0.18942
756.92418	-0.36447
757.40629	-0.52437
757.88841	-0.59980
758.37053	-0.58163
758.85265	-0.52529
759.33476	-0.47798
759.81688	-0.46056
760.29900	-0.47088
760.78111	-0.50586
761.26323	-0.56804
761.74535	-0.66309
762.22747	-0.81569
762.70958	-0.83657
763.19170	-0.60225
763.67382	-0.34103
764.15594	-0.18330
764.63805	-0.10919
765.12017	-0.09984
765.60229	-0.12497
766.08440	-0.15573
766.56652	-0.17107
767.04864	-0.14936
767.53076	-0.08349
768.01287	0.01660
768.49499	0.13511
768.97711	0.26752
769.45923	0.42713
769.94134	0.93937
770.42346	5.00000
770.90558	5.00000
771.38770	1.21844
771.86981	1.28017
772.35193	1.53095
772.83405	1.41136
773.31616	0.94904
773.79828	0.54153
774.28040	0.21509
774.76252	-0.10558
775.24463	-0.48731
775.72675	-1.59841
776.20887	-1.59841
776.69099	-0.89918
777.17310	-0.66208
777.65522	-0.63547
778.13734	-0.66298
778.61945	-0.72995
779.10157	-0.81654
779.58369	-0.81657
780.06581	-0.63534
780.54792	-0.40027
781.03004	-0.21777
781.51216	-0.06175
781.99428	0.06096
782.47639	0.11083
782.95851	0.05692
783.44063	-0.08662
783.92275	-0.27070
784.40486	-0.46126
784.88698	-0.60750
785.36910	-0.66102
785.85121	-0.63662
786.33333	-0.58414
786.81545	-0.54079
787.29757	-0.53087
787.77968	-0.52678
788.26180	-0.52153
788.74392	-0.50888
789.22604	-0.48233
789.70815	-0.43527
790.19027	-0.36739
790.67239	-0.28133
791.15451	-0.17242
791.63662	-0.04589
792.11874	0.08559
792.60086	0.19505
793.08297	0.25058
793.56509	0.24991
794.04721	0.22576
794.52933	0.21643
795.01144	0.23695
795.49356	0.27216
795.97568	0.29884
796.45780	0.30017
796.93991	0.27259
797.42203	0.22335
797.90415	0.16637
798.38626	0.11363
798.86838	0.07026
799.35050	0.03495
799.83262	0.00398
800.31473	-0.02841
800.79685	-0.06741
801.27897	-0.11636
801.76109	-0.17601
802.24320	-0.24722
802.72532	-0.32812
803.20744	-0.41065
803.68956	-0.48622
804.17167	-0.55225
804.65379	-0.60942
805.13591	-0.65599
805.61802	-0.68451
806.10014	-0.68268
806.58226	-0.64869
807.06438	-0.58373
807.54649	-0.49908
808.02861	-0.40886
808.51073	-0.31741
808.99285	-0.21638
809.47496	-0.09933
809.95708	0.03894
810.43920	0.20071
810.92131	0.39361
811.40343	0.62020
811.88555	0.88938
812.36767	1.29092
812.84978	1.36938
813.33190	1.12264
813.81402	0.98010
814.29614	0.96632
814.77825	1.02278
815.26037	1.02934
815.74249	0.88002
816.22461	0.67819
816.70672	0.51240
817.18884	0.39612
817.67096	0.33280
818.15307	0.30929
818.63519	0.30419
819.11731	0.29893
819.59943	0.27839
820.08154	0.23378
820.56366	0.16566
821.04578	0.07731
821.52790	-0.02538
822.01001	-0.13238
822.49213	-0.23869
822.97425	-0.33535
823.45636	-0.41282
823.93848	-0.46705
824.42060	-0.49264
824.90272	-0.48935
825.38483	-0.46068
825.86695	-0.41151
826.34907	-0.34456
826.83119	-0.26932
827.31330	-0.19601
827.79542	-0.13200
828.27754	-0.07817
828.75966	-0.03376
829.24177	0.00306
829.72389	0.02875
830.20601	0.04436
830.68812	0.05122
831.17024	0.05312
831.65236	0.05537
832.13448	0.06104
832.61659	0.07473
833.09871	0.10197
833.58083	0.14788
834.06295	0.20489
834.54506	0.23601
835.02718	0.21245
835.50930	0.14178
835.99141	0.05216
836.47353	-0.03247
836.95565	-0.08764
837.43777	-0.08369
837.91988	-0.00587
838.40200	0.11185
838.88412	0.21768
839.36624	0.27821
839.84835	0.30823
840.33047	0.32202
840.81259	0.33360
841.29471	0.35347
841.77682	0.38888
842.25894	0.44562
842.74106	0.52516
843.22317	0.42106
843.70529	-0.02896
844.18741	-0.62298
844.66953	-0.76667
845.15164	-0.52307
845.63376	-0.31265
846.11588	-0.16065
846.59800	-0.06039
847.08011	0.01157
847.56223	0.07241
848.04435	0.12828
848.52646	0.18479
849.00858	0.23922
849.49070	0.28968
849.97282	0.30941
850.45493	0.28356
850.93705	0.21810
851.41917	0.13793
851.90129	0.04218
852.38340	-0.08723
852.86552	-0.44953
853.34764	-0.44953
853.82976	0.13166
854.31187	0.44831
854.79399	0.41559
855.27611	0.35176
855.75822	0.29476
856.24034	0.24994
856.72246	0.21551
857.20458	0.17788
857.68669	0.13882
858.16881	0.10231
858.65093	0.09920
859.13305	0.18183
859.61516	0.22909
860.09728	-0.36832
860.57940	-0.36832
861.06151	-0.65960
861.54363	-0.34603
862.02575	-0.23687
862.50787	-0.19617
862.98998	-0.13295
863.47210	-0.04482
863.95422	0.06402
864.43634	0.15882
864.91845	0.09390
865.40057	-0.07960
865.88269	-0.21980
866.36481	-0.27633
866.84692	-0.28602
867.32904	-0.26396
867.81116	-0.22416
868.29327	-0.17118
868.77539	-0.11387
869.25751	-0.05540
869.73963	0.00035
870.22174	0.05140
870.70386	0.09134
871.18598	0.11667
871.66810	0.12786
872.15021	0.13448
872.63233	0.14713
873.11445	0.18121
873.59656	0.25304
874.07868	0.39156
874.56080	0.20554
875.04292	-0.27706
875.52503	-0.66427
876.00715	-0.79348
876.48927	-0.68055
876.97139	-0.51291
877.45350	-0.40427
877.93562	-0.31811
878.41774	-0.30619
878.89986	-0.34840
879.38197	-0.41283
879.86409	-0.46738
880.34621	-0.51534
880.82832	-0.54733
881.31044	-0.55955
881.79256	-0.56476
882.27468	-0.52782
882.75679	-0.41092
883.23891	-0.22675
883.72103	-0.05508
884.20315	0.08302
884.68526	0.15549
885.16738	0.15609
885.64950	0.10680
886.13161	0.04189
886.61373	-0.02418
887.09585	-0.08405
887.57797	-0.13694
888.06008	-0.17823
888.54220	-0.20936
889.02432	-0.23277
889.50644	-0.25150
889.98855	-0.27490
890.47067	-0.30860
890.95279	-0.35110
891.43491	-0.38933
891.91702	-0.40969
892.39914	-0.40251
892.88126	-0.36295
893.36337	-0.29115
893.84549	-0.19448
894.32761	-0.07978
894.80973	0.04528
895.29184	0.13277
895.77396	0.12122
896.25608	0.01956
896.73820	-0.09570
897.22031	-0.20268
897.70243	-0.29214
898.18455	-0.36486
898.66667	-0.42295
899.14878	-0.47131
899.63090	-0.51637
900.11302	-0.56620
900.59513	-0.62977
901.07725	-0.74459
901.55937	-0.94850
902.04149	-1.25892
902.52360	-1.52117
903.00572	-1.24618
903.48784	-0.84639
903.96996	-0.55925
904.45207	-0.36433
904.93419	-0.22140
905.41631	-0.09464
905.89842	0.01614
906.38054	0.10901
906.86266	0.18229
907.34478	0.20499
907.82689	0.15267
908.30901	0.04013
908.79113	-0.10491
909.27325	-0.25979
909.75536	-0.42189
910.23748	-0.59109
910.71960	-0.72747
911.20172	-0.78087
911.68383	-0.71545
912.16595	-0.60098
912.64807	-0.47155
913.13018	-0.33398
913.61230	-0.18421
914.09442	-0.02261
914.57654	0.13321
915.05865	0.28817
915.54077	0.39099
916.02289	0.40117
916.50501	0.33848
916.98712	0.25825
917.46924	0.18381
917.95136	0.12274
918.43347	0.06185
918.91559	0.00668
919.39771	-0.04614
919.87983	-0.09851
920.36194	-0.15278
920.84406	-0.20880
921.32618	-0.26757
921.80830	-0.33161
922.29041	-0.41383
922.77253	-0.53655
923.25465	-0.76627
923.73677	-1.19743
924.21888	-1.25217
924.70100	-0.97850
925.18312	-0.74163
925.66523	-0.57539
926.14735	-0.49720
926.62947	-0.43066
927.11159	-0.38234
927.59370	-0.35858
928.07582	-0.36662
928.55794	-0.41476
929.04006	-0.51739
929.52217	-0.70567
930.00429	-1.34350
930.48641	-1.34350
930.96852	-0.91192
931.45064	-0.57363
931.93276	-0.45901
932.41488	-0.40906
932.89699	-0.41179
933.37911	-0.45729
933.86123	-0.53468
934.34335	-0.61008
934.82546	-0.65375
935.30758	-0.64634
935.78970	-0.59018
936.27182	-0.50257
936.75393	-0.39519
937.23605	-0.27796
937.71817	-0.16347
938.20028	-0.05241
938.68240	0.04876
939.16452	0.13636
939.64664	0.21332
940.12875	0.28433
940.61087	0.35496
941.09299	0.43472
941.57511	0.53113
942.05722	0.58138
942.53934	0.52875
943.02146	0.41264
943.50357	0.30701
943.98569	0.21106
944.46781	0.11892
944.94993	0.02242
945.43204	-0.12469
945.91416	-0.40035
946.39628	-0.96354
946.87840	-0.96354
947.36051	-1.09696
947.84263	-0.43111
948.32475	-0.08640
948.80687	0.12604
949.28898	0.26925
949.77110	0.37743
950.25322	0.43081
950.73533	0.42578
951.21745	0.38663
951.69957	0.33334
952.18169	0.27828
952.66380	0.22908
953.14592	0.18185
953.62804	0.13576
954.11016	0.08951
954.59227	0.04231
955.07439	-0.01099
955.55651	-0.03667
956.03862	0.00073
956.52074	0.08277
957.00286	0.12171
957.48498	0.12079
957.96709	0.10260
958.44921	0.07788
958.93133	0.04163
959.41345	-0.00722
959.89556	-0.07185
960.37768	-0.15446
960.85980	-0.22420
961.34192	-0.22514
961.82403	-0.15476
962.30615	-0.08017
962.78827	-0.02914
963.27038	-0.01231
963.75250	-0.02142
964.23462	-0.04717
964.71674	-0.08437
965.19885	-0.12314
965.68097	-0.16116
966.16309	-0.19550
966.64521	-0.23549
967.12732	-0.35179
967.60944	-0.65468
968.09156	-1.07956
968.57367	-1.30154
969.05579	-1.18826
969.53791	-0.99945
970.02003	-0.83692
970.50214	-0.70899
970.98426	-0.58285
971.46638	-0.46804
971.94850	-0.37632
972.43061	-0.30790
972.91273	-0.29277
973.39485	-0.34359
973.87697	-0.50156
974.35908	-1.00165
974.84120	-0.69724
975.32332	0.20983
975.80543	0.64838
976.28755	0.67315
976.76967	0.61121
977.25179	0.54920
977.73390	0.50462
978.21602	0.47570
978.69814	0.45298
979.18026	0.43512
979.66237	0.42755
980.14449	0.45426
980.62661	0.54806
981.10872	0.72353
981.59084	0.96631
982.07296	0.96123
982.55508	0.59641
983.03719	0.30822
983.51931	0.14956
984.00143	0.09144
984.48355	0.06623
984.96566	0.06476
985.44778	0.08002
985.92990	0.09040
986.41202	0.08034
986.89413	0.04013
987.37625	-0.02275
987.85837	-0.11974
988.34048	-0.23305
988.82260	-0.30069
989.30472	-0.19806
989.78684	0.05919
990.26895	0.36108
990.75107	0.63194
991.23319	0.76773
991.71531	0.73193
992.19742	0.61886
992.67954	0.49894
993.16166	0.39494
993.64378	0.28799
994.12589	0.19032
994.60801	0.10159
995.09013	0.02380
995.57224	-0.01917
996.05436	-0.01108
996.53648	0.05843
997.01860	0.16522
997.50071	0.28090
997.98283	0.38880
998.46495	0.47100
998.94707	0.51302
999.42918	0.50796
