0.00000	0.87631
0.48212	0.88181
0.96423	0.89853
1.44635	0.92754
1.92847	0.97229
2.41059	1.03866
2.89270	1.15476
3.37482	1.24175
3.85694	1.16223
4.33906	0.95500
4.82117	0.72861
5.30329	0.51424
5.78541	0.32998
6.26753	0.17529
6.74964	0.05296
7.23176	-0.02948
7.71388	-0.07311
8.19599	-0.08739
8.67811	-0.08043
9.16023	-0.05689
9.64235	-0.01859
10.12446	0.03711
10.60658	0.12010
11.08870	0.24427
11.57082	0.42819
12.05293	0.61565
12.53505	0.67630
13.01717	0.52147
13.49928	0.34563
13.98140	0.15642
14.46352	-0.02117
14.94564	0.02780
15.42775	0.29345
15.90987	0.49993
16.39199	0.62442
16.87411	0.68496
17.35622	0.71928
17.83834	0.74311
18.32046	0.77077
18.80258	0.80358
19.28469	0.84150
19.76681	0.88363
20.24893	0.92847
20.73104	0.97426
21.21316	1.01918
21.69528	1.06150
22.17740	1.09977
22.65951	1.13301
23.14163	1.16079
23.62375	1.18329
24.10587	1.20116
24.58798	1.21535
25.07010	1.22687
25.55222	1.23666
26.03433	1.24543
26.51645	1.25381
26.99857	1.26246
27.48069	1.27163
27.96280	1.28247
28.44492	1.29594
28.92704	1.31304
29.40916	1.33418
29.89127	1.35980
30.37339	1.38835
30.85551	1.41686
31.33763	1.44131
31.81974	1.45712
32.30186	1.46153
32.78398	1.45495
33.26609	1.43885
33.74821	1.41833
34.23033	1.39582
34.71245	1.37370
35.19456	1.35382
35.67668	1.33715
36.15880	1.32421
36.64092	1.31499
37.12303	1.30884
37.60515	1.30540
38.08727	1.30396
38.56938	1.30395
39.05150	1.30497
39.53362	1.30677
40.01574	1.30921
40.49785	1.31222
40.97997	1.31574
41.46209	1.31965
41.94421	1.32381
42.42632	1.32799
42.90844	1.33194
43.39056	1.33543
43.87268	1.33823
44.35479	1.34019
44.83691	1.34123
45.31903	1.34140
45.80114	1.34087
46.28326	1.33990
46.76538	1.33892
47.24750	1.33831
47.72961	1.33841
48.21173	1.33937
48.69385	1.34106
49.17597	1.34312
49.65808	1.34508
50.14020	1.34650
50.62232	1.34714
51.10443	1.34693
51.58655	1.34603
52.06867	1.34475
52.55079	1.34348
53.03290	1.34259
53.51502	1.34239
53.99714	1.34307
54.47926	1.34467
54.96137	1.34702
55.44349	1.34980
55.92561	1.35263
56.40773	1.35514
56.88984	1.35704
57.37196	1.35825
57.85408	1.35880
58.33619	1.35888
58.81831	1.35867
59.30043	1.35838
59.78255	1.35815
60.26466	1.35802
60.74678	1.35800
61.22890	1.35800
61.71102	1.35790
62.19313	1.35761
62.67525	1.35704
63.15737	1.35618
63.63948	1.35509
64.12160	1.35389
64.60372	1.35274
65.08584	1.35178
65.56795	1.35113
66.05007	1.35085
66.53219	1.35092
67.01431	1.35125
67.49642	1.35174
67.97854	1.35225
68.46066	1.35269
68.94278	1.35298
69.42489	1.35313
69.90701	1.35320
70.38913	1.35330
70.87124	1.35354
71.35336	1.35399
71.83548	1.35465
72.31760	1.35543
72.79971	1.35619
73.28183	1.35678
73.76395	1.35707
74.24607	1.35701
74.72818	1.35663
75.21030	1.35605
75.69242	1.35545
76.17453	1.35500
76.65665	1.35485
77.13877	1.35506
77.62089	1.35556
78.10300	1.35621
78.58512	1.35678
79.06724	1.35707
79.54936	1.35696
80.03147	1.35638
80.51359	1.35540
80.99571	1.35413
81.47783	1.35276
81.95994	1.35147
82.44206	1.35040
82.92418	1.34966
83.40629	1.34930
83.88841	1.34925
84.37053	1.34940
84.85265	1.34959
85.33476	1.34968
85.81688	1.34960
86.29900	1.34932
86.78112	1.34891
87.26323	1.34847
87.74535	1.34809
88.22747	1.34788
88.70958	1.34786
89.19170	1.34804
89.67382	1.34836
90.15594	1.34872
90.63805	1.34902
91.12017	1.34918
91.60229	1.34916
92.08441	1.34897
92.56652	1.34869
93.04864	1.34842
93.53076	1.34826
94.01288	1.34828
94.49499	1.34849
94.97711	1.34886
95.45923	1.34930
95.94134	1.34973
96.42346	1.35009
96.90558	1.35034
97.38770	1.35050
97.86981	1.35062
98.35193	1.35077
98.83405	1.35104
99.31617	1.35147
99.79828	1.35206
100.28040	1.35277
100.76252	1.35349
101.24464	1.35413
101.72675	1.35460
102.20887	1.35487
102.69099	1.35496
103.17310	1.35492
103.65522	1.35482
104.13734	1.35475
104.61946	1.35476
105.10157	1.35489
105.58369	1.35511
106.06581	1.35536
106.54793	1.35560
107.03004	1.35573
107.51216	1.35574
107.99428	1.35564
108.47639	1.35550
108.95851	1.35538
109.44063	1.35537
109.92275	1.35553
110.40486	1.35585
110.88698	1.35630
111.36910	1.35680
111.85122	1.35727
112.33333	1.35764
112.81545	1.35785
113.29757	1.35789
113.77969	1.35779
114.26180	1.35763
114.74392	1.35748
115.22604	1.35743
115.70815	1.35753
116.19027	1.35777
116.67239	1.35811
117.15451	1.35849
117.63662	1.35883
118.11874	1.35907
118.60086	1.35916
119.08298	1.35911
119.56509	1.35891
120.04721	1.35862
120.52933	1.35824
121.01144	1.35782
121.49356	1.35736
121.97568	1.35687
122.45780	1.35635
122.93991	1.35581
123.42203	1.35524
123.90415	1.35467
124.38627	1.35413
124.86838	1.35361
125.35050	1.35313
125.83262	1.35267
126.31474	1.35221
126.79685	1.35173
127.27897	1.35119
127.76109	1.35059
128.24320	1.34995
128.72532	1.34931
129.20744	1.34871
129.68956	1.34821
130.17167	1.34786
130.65379	1.34765
131.13591	1.34757
131.61803	1.34757
132.10014	1.34756
132.58226	1.34748
133.06438	1.34729
133.54649	1.34697
134.02861	1.34656
134.51073	1.34612
134.99285	1.34571
135.47496	1.34542
135.95708	1.34529
136.43920	1.34533
136.92132	1.34550
137.40343	1.34572
137.88555	1.34588
138.36767	1.34588
138.84979	1.34566
139.33190	1.34521
139.81402	1.34457
140.29614	1.34382
140.77825	1.34306
141.26037	1.34239
141.74249	1.34190
142.22461	1.34164
142.70672	1.34163
143.18884	1.34185
143.67096	1.34225
144.15308	1.34272
144.63519	1.34318
145.11731	1.34355
145.59943	1.34376
146.08154	1.34381
146.56366	1.34371
147.04578	1.34351
147.52790	1.34326
148.01001	1.34303
148.49213	1.34287
148.97425	1.34283
149.45637	1.34292
149.93848	1.34313
150.42060	1.34343
150.90272	1.34377
151.38484	1.34407
151.86695	1.34428
152.34907	1.34433
152.83119	1.34422
153.31330	1.34395
153.79542	1.34360
154.27754	1.34321
154.75966	1.34286
155.24177	1.34262
155.72389	1.34253
156.20601	1.34260
156.68813	1.34280
157.17024	1.34310
157.65236	1.34342
158.13448	1.34369
158.61659	1.34387
159.09871	1.34392
159.58083	1.34385
160.06295	1.34371
160.54506	1.34355
161.02718	1.34346
161.50930	1.34346
161.99142	1.34359
162.47353	1.34383
162.95565	1.34412
163.43777	1.34438
163.91989	1.34453
164.40200	1.34450
164.88412	1.34424
165.36624	1.34377
165.84835	1.34314
166.33047	1.34245
166.81259	1.34181
167.29471	1.34136
167.77682	1.34119
168.25894	1.34134
168.74106	1.34181
169.22318	1.34255
169.70529	1.34344
170.18741	1.34438
170.66953	1.34525
171.15164	1.34597
171.63376	1.34648
172.11588	1.34680
172.59800	1.34698
173.08011	1.34711
173.56223	1.34728
174.04435	1.34757
174.52647	1.34802
175.00858	1.34861
175.49070	1.34930
175.97282	1.34999
176.45494	1.35055
176.93705	1.35088
177.41917	1.35091
177.90129	1.35062
178.38340	1.35002
178.86552	1.34921
179.34764	1.34827
179.82976	1.34733
180.31187	1.34649
180.79399	1.34580
181.27611	1.34529
181.75823	1.34491
182.24034	1.34462
182.72246	1.34434
183.20458	1.34402
183.68669	1.34362
184.16881	1.34315
184.65093	1.34267
185.13305	1.34226
185.61516	1.34201
186.09728	1.34201
186.57940	1.34232
187.06152	1.34296
187.54363	1.34389
188.02575	1.34503
188.50787	1.34626
188.98999	1.34744
189.47210	1.34847
189.95422	1.34925
190.43634	1.34976
190.91845	1.35001
191.40057	1.35008
191.88269	1.35005
192.36481	1.35000
192.84692	1.35001
193.32904	1.35011
193.81116	1.35028
194.29328	1.35045
194.77539	1.35053
195.25751	1.35040
195.73963	1.35001
196.22174	1.34930
196.70386	1.34833
197.18598	1.34716
197.66810	1.34595
198.15021	1.34484
198.63233	1.34399
199.11445	1.34350
199.59657	1.34342
200.07868	1.34374
200.56080	1.34436
201.04292	1.34516
201.52504	1.34597
202.00715	1.34664
202.48927	1.34706
202.97139	1.34719
203.45350	1.34707
203.93562	1.34681
204.41774	1.34656
204.89986	1.34647
205.38197	1.34668
205.86409	1.34724
206.34621	1.34815
206.82833	1.34931
207.31044	1.35057
207.79256	1.35171
208.27468	1.35253
208.75680	1.35284
209.23891	1.35254
209.72103	1.35161
210.20315	1.35015
210.68526	1.34833
211.16738	1.34639
211.64950	1.34453
212.13162	1.34296
212.61373	1.34180
213.09585	1.34108
213.57797	1.34079
214.06009	1.34084
214.54220	1.34110
215.02432	1.34143
215.50644	1.34169
215.98855	1.34178
216.47067	1.34165
216.95279	1.34130
217.43491	1.34079
217.91702	1.34020
218.39914	1.33960
218.88126	1.33907
219.36338	1.33867
219.84549	1.33843
220.32761	1.33835
220.80973	1.33845
221.29185	1.33869
221.77396	1.33906
222.25608	1.33952
222.73820	1.34006
223.22031	1.34062
223.70243	1.34119
224.18455	1.34171
224.66667	1.34214
225.14878	1.34242
225.63090	1.34249
226.11302	1.34230
226.59514	1.34180
227.07725	1.34100
227.55937	1.33992
228.04149	1.33861
228.52360	1.33717
229.00572	1.33571
229.48784	1.33435
229.96996	1.33318
230.45207	1.33227
230.93419	1.33165
231.41631	1.33130
231.89843	1.33118
232.38054	1.33120
232.86266	1.33125
233.34478	1.33125
233.82690	1.33111
234.30901	1.33082
234.79113	1.33037
235.27325	1.32982
235.75536	1.32927
236.23748	1.32883
236.71960	1.32863
237.20172	1.32876
237.68383	1.32922
238.16595	1.33000
238.64807	1.33099
239.13019	1.33200
239.61230	1.33284
240.09442	1.33331
240.57654	1.33325
241.05865	1.33260
241.54077	1.33138
242.02289	1.32968
242.50501	1.32766
242.98712	1.32551
243.46924	1.32339
243.95136	1.32144
244.43348	1.31970
244.91559	1.31817
245.39771	1.31680
245.87983	1.31547
246.36195	1.31411
246.84406	1.31264
247.32618	1.31106
247.80830	1.30939
248.29041	1.30772
248.77253	1.30613
249.25465	1.30473
249.73677	1.30357
250.21888	1.30268
250.70100	1.30205
251.18312	1.30165
251.66524	1.30141
252.14735	1.30125
252.62947	1.30113
253.11159	1.30100
253.59370	1.30085
254.07582	1.30067
254.55794	1.30046
255.04006	1.30019
255.52217	1.29980
256.00429	1.29921
256.48641	1.29829
256.96853	1.29691
257.45064	1.29496
257.93276	1.29238
258.41488	1.28915
258.89700	1.28537
259.37911	1.28117
259.86123	1.27680
260.34335	1.27249
260.82546	1.26849
261.30758	1.26498
261.78970	1.26204
262.27182	1.25969
262.75393	1.25783
263.23605	1.25632
263.71817	1.25497
264.20029	1.25358
264.68240	1.25199
265.16452	1.25010
265.64664	1.24786
266.12875	1.24532
266.61087	1.24257
267.09299	1.23974
267.57511	1.23699
268.05722	1.23443
268.53934	1.23216
269.02146	1.23022
269.50358	1.22859
269.98569	1.22720
270.46781	1.22593
270.94993	1.22467
271.43205	1.22332
271.91416	1.22178
272.39628	1.22002
272.87840	1.21804
273.36051	1.21583
273.84263	1.21336
274.32475	1.21053
274.80687	1.20718
275.28898	1.20306
275.77110	1.19788
276.25322	1.19136
276.73534	1.18328
277.21745	1.17362
277.69957	1.16255
278.18169	1.15045
278.66380	1.13790
279.14592	1.12559
279.62804	1.11423
280.11016	1.10444
280.59227	1.09668
281.07439	1.09120
281.55651	1.08797
282.03863	1.08669
282.52074	1.08684
283.00286	1.08774
283.48498	1.08874
283.96710	1.08939
284.44921	1.08952
284.93133	1.08929
285.41345	1.08910
285.89556	1.08950
286.37768	1.09095
286.85980	1.09369
287.34192	1.09772
287.82403	1.10265
288.30615	1.10767
288.78827	1.11164
289.27039	1.11329
289.75250	1.11155
290.23462	1.10575
290.71674	1.09599
291.19885	1.08307
291.68097	1.06835
292.16309	1.05308
292.64521	1.03842
293.12732	1.02525
293.60944	1.01407
294.09156	1.00504
294.57368	0.99807
295.05579	0.99285
295.53791	0.98896
296.02003	0.98575
296.50215	0.98257
296.98426	0.97881
297.46638	0.97399
297.94850	0.96786
298.43061	0.96044
298.91273	0.95204
299.39485	0.94317
299.87697	0.93436
300.35908	0.92617
300.84120	0.91911
301.32332	0.91348
301.80544	0.90945
302.28755	0.90697
302.76967	0.90585
303.25179	0.90585
303.73391	0.90671
304.21602	0.90831
304.69814	0.91069
305.18026	0.91402
305.66237	0.91855
306.14449	0.92439
306.62661	0.93141
307.10873	0.93919
307.59084	0.94653
308.07296	0.95179
308.55508	0.95331
309.03720	0.94975
309.51931	0.94063
310.00143	0.92663
310.48355	0.90939
310.96566	0.89115
311.44778	0.87381
311.92990	0.85902
312.41202	0.84792
312.89413	0.84108
313.37625	0.83856
313.85837	0.83995
314.34049	0.84454
314.82260	0.85139
315.30472	0.85968
315.78684	0.86866
316.26896	0.87779
316.75107	0.88664
317.23319	0.89499
317.71531	0.90256
318.19742	0.90905
318.67954	0.91411
319.16166	0.91735
319.64378	0.91855
320.12589	0.91782
320.60801	0.91569
321.09013	0.91300
321.57225	0.91071
322.05436	0.90964
322.53648	0.91027
323.01860	0.91256
323.50071	0.91605
323.98283	0.91994
324.46495	0.92325
324.94707	0.92505
325.42918	0.92485
325.91130	0.92277
326.39342	0.91945
326.87554	0.91620
327.35765	0.91430
327.83977	0.91471
328.32189	0.91778
328.80401	0.92293
329.28612	0.92844
329.76824	0.93220
330.25036	0.93250
330.73247	0.92897
331.21459	0.92244
331.69671	0.91495
332.17883	0.90858
332.66094	0.90398
333.14306	0.90108
333.62518	0.89981
334.10730	0.89987
334.58941	0.90094
335.07153	0.90312
335.55365	0.90669
336.03576	0.91215
336.51788	0.91898
337.00000	0.92601
337.48212	0.93189
337.96423	0.93482
338.44635	0.93322
338.92847	0.92670
339.41059	0.91587
339.89270	0.90206
340.37482	0.88657
340.85694	0.87061
341.33906	0.85517
341.82117	0.84089
342.30329	0.82815
342.78541	0.81713
343.26752	0.80782
343.74964	0.79993
344.23176	0.79313
344.71388	0.78706
345.19599	0.78150
345.67811	0.77651
346.16023	0.77234
346.64235	0.76947
347.12446	0.76852
347.60658	0.76996
348.08870	0.77420
348.57081	0.78136
349.05293	0.79140
349.53505	0.80400
350.01717	0.81849
350.49928	0.83375
350.98140	0.84817
351.46352	0.85986
351.94564	0.86589
352.42775	0.86401
352.90987	0.85337
353.39199	0.83498
353.87411	0.81134
354.35622	0.78553
354.83834	0.76045
355.32046	0.73835
355.80257	0.72016
356.28469	0.70640
356.76681	0.69713
357.24893	0.69216
357.73104	0.69115
358.21316	0.69370
358.69528	0.69946
359.17740	0.70809
359.65951	0.71920
360.14163	0.73231
360.62375	0.74676
361.10586	0.76164
361.58798	0.77580
362.07010	0.78787
362.55222	0.79651
363.03433	0.80065
363.51645	0.79998
363.99857	0.79477
364.48069	0.78605
364.96280	0.77568
365.44492	0.76544
365.92704	0.75727
366.40916	0.75285
366.89127	0.75344
367.37339	0.75957
367.85551	0.77119
368.33762	0.78739
368.81974	0.80667
369.30186	0.82628
369.78398	0.84302
370.26609	0.85371
370.74821	0.85572
371.23033	0.84787
371.71245	0.83130
372.19456	0.80884
372.67668	0.78385
373.15880	0.75919
373.64091	0.73679
374.12303	0.71757
374.60515	0.70166
375.08727	0.68866
375.56938	0.67801
376.05150	0.66928
376.53362	0.66242
377.01574	0.65768
377.49785	0.65552
377.97997	0.65648
378.46209	0.66076
378.94421	0.66844
379.42632	0.67932
379.90844	0.69320
380.39056	0.70963
380.87267	0.72860
381.35479	0.74998
381.83691	0.77364
382.31903	0.79938
382.80114	0.82606
383.28326	0.85133
383.76538	0.87204
384.24750	0.88451
384.72961	0.88485
385.21173	0.87183
385.69385	0.84711
386.17596	0.81485
386.65808	0.77887
387.14020	0.74268
387.62232	0.70909
388.10443	0.68004
388.58655	0.65624
389.06867	0.63801
389.55079	0.62517
390.03290	0.61722
390.51502	0.61351
390.99714	0.61335
391.47926	0.61622
391.96137	0.62180
392.44349	0.62998
392.92561	0.64082
393.40772	0.65447
393.88984	0.67102
394.37196	0.69060
394.85408	0.71320
395.33619	0.73882
395.81831	0.76738
396.30043	0.79880
396.78255	0.83290
397.26466	0.86931
397.74678	0.90721
398.22890	0.94426
398.71102	0.97675
399.19313	1.00114
399.67525	1.01420
400.15737	1.01567
400.63948	1.00833
401.12160	0.99632
401.60372	0.98250
402.08584	0.96799
402.56795	0.95197
403.05007	0.93267
403.53219	0.90814
404.01431	0.87845
404.49642	0.84473
404.97854	0.80956
405.46066	0.77635
405.94277	0.74740
406.42489	0.72440
406.90701	0.70801
407.38913	0.69778
407.87124	0.69247
408.35336	0.69036
408.83548	0.68960
409.31760	0.68856
409.79971	0.68641
410.28183	0.68314
410.76395	0.67962
411.24607	0.67737
411.72818	0.67810
412.21030	0.68323
412.69242	0.69358
413.17453	0.70895
413.65665	0.72836
414.13877	0.74992
414.62089	0.77111
415.10300	0.78924
415.58512	0.80205
416.06724	0.80872
416.54936	0.81031
417.03147	0.80788
417.51359	0.80608
417.99571	0.80828
418.47782	0.81724
418.95994	0.83364
419.44206	0.85515
419.92418	0.87123
420.40629	0.86949
420.88841	0.84264
421.37053	0.79366
421.85265	0.73378
422.33476	0.67609
422.81688	0.62873
423.29900	0.59146
423.78112	0.56375
424.26323	0.54470
424.74535	0.53174
425.22747	0.52238
425.70958	0.51382
426.19170	0.50369
426.67382	0.49042
427.15594	0.47342
427.63805	0.45317
428.12017	0.43104
428.60229	0.40838
429.08441	0.38753
429.56652	0.37055
430.04864	0.35982
430.53076	0.35779
431.01287	0.36643
431.49499	0.38656
431.97711	0.41784
432.45923	0.45905
432.94134	0.50579
433.42346	0.55354
433.90558	0.59786
434.38770	0.63517
434.86981	0.66479
435.35193	0.68621
435.83405	0.70055
436.31617	0.71039
436.79828	0.71653
437.28040	0.72083
437.76252	0.72507
438.24463	0.73048
438.72675	0.73741
439.20887	0.74462
439.69099	0.74947
440.17310	0.74901
440.65522	0.73742
441.13734	0.71161
441.61946	0.67213
442.10157	0.62286
442.58369	0.56997
443.06581	0.51946
443.54792	0.47593
444.03004	0.44244
444.51216	0.42017
444.99428	0.40933
445.47639	0.40915
445.95851	0.41827
446.44063	0.43500
446.92275	0.45768
447.40486	0.48505
447.88698	0.51578
448.36910	0.54994
448.85122	0.58714
449.33333	0.62712
449.81545	0.66971
450.29757	0.71420
450.77968	0.75949
451.26180	0.80392
451.74392	0.84153
452.22604	0.86643
452.70815	0.87278
453.19027	0.86113
453.67239	0.83848
454.15451	0.81078
454.63662	0.78275
455.11874	0.75773
455.60086	0.73375
456.08297	0.70932
456.56509	0.68015
457.04721	0.64412
457.52933	0.60148
458.01144	0.55459
458.49356	0.50811
458.97568	0.46722
459.45780	0.43435
459.93991	0.41415
460.42203	0.40811
460.90415	0.41759
461.38627	0.44498
461.86838	0.48955
462.35050	0.54719
462.83262	0.61184
463.31473	0.67625
463.79685	0.71943
464.27897	0.73605
464.76109	0.73825
465.24320	0.74032
465.72532	0.75594
466.20744	0.78845
466.68956	0.83733
467.17167	0.88842
467.65379	0.93837
468.13591	0.97633
468.61802	0.99460
469.10014	0.98401
469.58226	0.94702
470.06438	0.89167
470.54649	0.82843
471.02861	0.76790
471.51073	0.71363
471.99285	0.66867
472.47496	0.63481
472.95708	0.61282
473.43920	0.60165
473.92132	0.60083
474.40343	0.60949
474.88555	0.62461
475.36767	0.64400
475.84978	0.66305
476.33190	0.67579
476.81402	0.67576
477.29614	0.65933
477.77825	0.62665
478.26037	0.58190
478.74249	0.52966
479.22461	0.47716
479.70672	0.42911
480.18884	0.38859
480.67096	0.35549
481.15307	0.32933
481.63519	0.30752
482.11731	0.28742
482.59943	0.26928
483.08154	0.25392
483.56366	0.24534
484.04578	0.24806
484.52790	0.26446
485.01001	0.29438
485.49213	0.33348
485.97425	0.37628
486.45637	0.41355
486.93848	0.43950
487.42060	0.45539
487.90272	0.47032
488.38483	0.49162
488.86695	0.53442
489.34907	0.59952
489.83119	0.68842
490.31330	0.78829
490.79542	0.78912
491.27754	0.66183
491.75966	0.50859
492.24177	0.39842
492.72389	0.32036
493.20601	0.27154
493.68812	0.24872
494.17024	0.24443
494.65236	0.25479
495.13448	0.27495
495.61659	0.30031
496.09871	0.32670
496.58083	0.35163
497.06295	0.37278
497.54506	0.38923
498.02718	0.40109
498.50930	0.40959
498.99142	0.41651
499.47353	0.42397
499.95565	0.43417
500.43777	0.45000
500.91988	0.47386
501.40200	0.50793
501.88412	0.55496
502.36624	0.61596
502.84835	0.69075
503.33047	0.77811
503.81259	0.87823
504.29471	0.98034
504.77682	1.07105
505.25894	1.13448
505.74106	1.16381
506.22318	1.16230
506.70529	1.13650
507.18741	1.09703
507.66953	1.05334
508.15164	1.00943
508.63376	0.96874
509.11588	0.93325
509.59800	0.90117
510.08011	0.87165
510.56223	0.83854
511.04435	0.79615
511.52647	0.73619
512.00858	0.65674
512.49070	0.56141
512.97282	0.45887
513.45493	0.35947
513.93705	0.26704
514.41917	0.18504
514.90129	0.11682
515.38340	0.06311
515.86552	0.02361
516.34764	-0.00291
516.82976	-0.01771
517.31187	-0.02153
517.79399	-0.01533
518.27611	0.00059
518.75823	0.02626
519.24034	0.06266
519.72246	0.11067
520.20458	0.17269
520.68669	0.25335
521.16881	0.37206
521.65093	0.57734
522.13305	0.81102
522.61516	0.84017
523.09728	0.63801
523.57940	0.43021
524.06152	0.26243
524.54363	0.14120
525.02575	0.06511
525.50787	0.02061
525.98998	0.00807
526.47210	0.02731
526.95422	0.08713
527.43634	0.18794
527.91845	0.31862
528.40057	0.42989
528.88269	0.43472
529.36481	0.35949
529.84692	0.29373
530.32904	0.27500
530.81116	0.27442
531.29328	0.28879
531.77539	0.31422
532.25751	0.34928
532.73963	0.39494
533.22174	0.44881
533.70386	0.50725
534.18598	0.56615
534.66810	0.62152
535.15021	0.67243
535.63233	0.71892
536.11445	0.76257
536.59657	0.79615
537.07868	0.81644
537.56080	0.81324
538.04292	0.78640
538.52503	0.73371
539.00715	0.67113
539.48927	0.59917
539.97139	0.52206
540.45350	0.44808
540.93562	0.38574
541.41774	0.34874
541.89986	0.34595
542.38197	0.37396
542.86409	0.43056
543.34621	0.50878
543.82833	0.60272
544.31044	0.70536
544.79256	0.77094
545.27468	0.74501
545.75679	0.63883
546.23891	0.53267
546.72103	0.44055
547.20315	0.37288
547.68526	0.33456
548.16738	0.31778
548.64950	0.30081
549.13162	0.26517
549.61373	0.20440
550.09585	0.12311
550.57797	0.03727
551.06008	-0.04420
551.54220	-0.11304
552.02432	-0.15034
552.50644	-0.13823
552.98855	-0.05037
553.47067	0.10665
553.95279	0.26459
554.43491	0.34758
554.91702	0.33761
555.39914	0.29799
555.88126	0.26260
556.36338	0.22902
556.84549	0.19403
557.32761	0.15657
557.80973	0.11788
558.29184	0.08496
558.77396	0.06523
559.25608	0.06168
559.73820	0.06656
560.22031	0.07104
560.70243	0.07188
561.18455	0.06691
561.66667	0.05480
562.14878	0.03896
562.63090	0.02133
563.11302	0.00428
563.59513	-0.01012
564.07725	-0.02197
564.55937	-0.03060
565.04149	-0.03459
565.52360	-0.03186
566.00572	-0.02260
566.48784	-0.00536
566.96996	0.02050
567.45207	0.05431
567.93419	0.09316
568.41631	0.13479
568.89843	0.17651
569.38054	0.21313
569.86266	0.23804
570.34478	0.23777
570.82689	0.18962
571.30901	0.01884
571.79113	-0.29348
572.27325	-0.51439
572.75536	-0.32837
573.23748	-0.13233
573.71960	-0.00661
574.20172	0.05870
574.68383	0.08090
575.16595	0.07809
575.64807	0.06795
576.13018	0.06258
576.61230	0.07135
577.09442	0.09188
577.57654	0.11946
578.05865	0.13758
578.54077	0.12978
579.02289	0.09658
579.50501	0.04407
579.98712	-0.00964
580.46924	-0.05506
580.95136	-0.09133
581.43348	-0.12710
581.91559	-0.16542
582.39771	-0.20819
582.87983	-0.25444
583.36194	-0.30294
583.84406	-0.34192
584.32618	-0.35273
584.80830	-0.28804
585.29041	-0.11234
585.77253	0.20088
586.25465	0.76813
586.73677	1.45422
587.21888	0.44109
587.70100	0.02237
588.18312	-0.15743
588.66523	-0.23772
589.14735	-0.28431
589.62947	-0.29703
590.11159	-0.27493
590.59370	-0.22790
591.07582	-0.17152
591.55794	-0.12422
592.04006	-0.09450
592.52217	-0.08034
593.00429	-0.07500
593.48641	-0.07395
593.96853	-0.07415
594.45064	-0.07149
594.93276	-0.06241
595.41488	-0.04486
595.89699	-0.01887
596.37911	0.01638
596.86123	0.06019
597.34335	0.11541
597.82546	0.18350
598.30758	0.26163
598.78970	0.34843
599.27182	0.44100
599.75393	0.53778
600.23605	0.64902
600.71817	0.76219
601.20029	0.85634
601.68240	0.90233
602.16452	0.84229
602.64664	0.77732
603.12875	0.69675
603.61087	0.62196
604.09299	0.53172
604.57511	0.47615
605.05722	0.44937
605.53934	0.44487
606.02146	0.45610
606.50358	0.46286
606.98569	0.41505
607.46781	0.26036
607.94993	-0.14116
608.43204	-0.95221
608.91416	-0.65637
609.39628	-0.16476
609.87840	0.02141
610.36051	0.16212
610.84263	0.28334
611.32475	0.38556
611.80687	0.44721
612.28898	0.43282
612.77110	0.34983
613.25322	0.24395
613.73534	0.15195
614.21745	0.06974
614.69957	-0.00319
615.18169	-0.06808
615.66380	-0.12799
616.14592	-0.17665
616.62804	-0.18198
617.11016	-0.10591
617.59227	0.29144
618.07439	5.00000
618.55651	5.00000
619.03863	1.25876
619.52074	0.60176
620.00286	0.32059
620.48498	0.09025
620.96709	-0.14393
621.44921	-0.39831
621.93133	-0.40278
622.41345	-0.20115
622.89556	-0.04030
623.37768	0.04114
623.85980	0.08114
624.34192	0.08476
624.82403	0.05473
625.30615	0.00667
625.78827	-0.05156
626.27039	-0.10730
626.75250	-0.15303
627.23462	-0.18971
627.71674	-0.22725
628.19885	-0.27758
628.68097	-0.35165
629.16309	-0.51228
629.64521	-0.87079
630.12732	-1.46001
630.60944	-1.02734
631.09156	-0.55032
631.57368	-0.22567
632.05579	0.03657
632.53791	0.25966
633.02003	0.46112
633.50214	0.59021
633.98426	0.60454
634.46638	0.53167
634.94850	0.42258
635.43061	0.30007
635.91273	0.17004
636.39485	0.04236
636.87697	-0.07597
637.35908	-0.17851
637.84120	-0.26926
638.32332	-0.36390
638.80544	-0.58972
639.28755	-1.23967
639.76967	-1.23967
640.25179	-1.18399
640.73390	-0.62541
641.21602	-0.42832
641.69814	-0.38521
642.18026	-0.38416
642.66237	-0.31420
643.14449	-0.13557
643.62661	0.10794
644.10873	0.39307
644.59084	0.76255
645.07296	0.77470
645.55508	0.44138
646.03719	0.19897
646.51931	0.07580
647.00143	-0.01414
647.48355	-0.07549
647.96566	-0.11068
648.44778	-0.12321
648.92990	-0.11820
649.41202	-0.10068
649.89413	-0.07680
650.37625	-0.04873
650.85837	-0.02338
651.34049	-0.00501
651.82260	0.00187
652.30472	-0.01002
652.78684	-0.04182
653.26895	-0.08425
653.75107	-0.11506
654.23319	-0.10335
654.71531	-0.03100
655.19742	0.07939
655.67954	0.19442
656.16166	0.30027
656.64378	0.40253
657.12589	0.50414
657.60801	0.60849
658.09013	0.74082
658.57224	0.84635
659.05436	0.82588
659.53648	0.66610
660.01860	0.46906
660.50071	0.27112
660.98283	0.08174
661.46495	-0.09432
661.94707	-0.25160
662.42918	-0.36819
662.91130	-0.43321
663.39342	-0.46443
663.87554	-0.48611
664.35765	-0.52340
664.83977	-0.58485
665.32189	-0.68186
665.80400	-0.68176
666.28612	-0.56910
666.76824	-0.40429
667.25036	-0.27868
667.73247	-0.16347
668.21459	-0.06114
668.69671	0.03870
669.17883	0.14604
669.66094	0.26660
670.14306	0.40965
670.62518	0.50767
671.10729	0.51499
671.58941	0.47490
672.07153	0.46538
672.55365	0.37580
673.03576	0.09794
673.51788	-0.32293
674.00000	-0.54008
674.48212	-0.35329
674.96423	-0.24354
675.44635	-0.17575
675.92847	-0.13473
676.41059	-0.10498
676.89270	-0.07700
677.37482	-0.04522
677.85694	-0.00547
678.33905	0.04081
678.82117	0.08878
679.30329	0.13105
679.78541	0.16282
680.26752	0.17753
680.74964	0.16760
681.23176	0.12295
681.71388	0.04507
682.19599	-0.05443
682.67811	-0.15501
683.16023	-0.24257
683.64234	-0.30733
684.12446	-0.35178
684.60658	-0.38682
685.08870	-0.40024
685.57081	-0.37814
686.05293	-0.30398
686.53505	-0.20463
687.01717	-0.08314
687.49928	0.01072
687.98140	0.07447
688.46352	0.10038
688.94564	0.06844
689.42775	0.06854
689.90987	0.22897
690.39199	0.46399
690.87410	0.63757
691.35622	0.74805
691.83834	0.81093
692.32046	0.83424
692.80257	0.81689
693.28469	0.76598
693.76681	0.69562
694.24893	0.62656
694.73104	0.56840
695.21316	0.53490
695.69528	0.53287
696.17740	0.57028
696.65951	0.64350
697.14163	0.73696
697.62375	0.80172
698.10586	0.80556
698.58798	0.76214
699.07010	0.71744
699.55222	0.69873
700.03433	0.70864
700.51645	0.72213
700.99857	0.68069
701.48069	0.54564
701.96280	0.36022
702.44492	0.18443
702.92704	0.01334
703.40915	-0.15435
703.89127	-0.31942
704.37339	-0.46886
704.85551	-0.59390
705.33762	-0.66436
705.81974	-0.67321
706.30186	-0.62711
706.78398	-0.55358
707.26609	-0.46543
707.74821	-0.37563
708.23033	-0.29625
708.71245	-0.23971
709.19456	-0.21369
709.67668	-0.21938
710.15880	-0.25519
710.64091	-0.32189
711.12303	-0.42611
711.60515	-0.59737
712.08727	-0.96004
712.56938	-0.96049
713.05150	-0.42828
713.53362	-0.09344
714.01574	0.05502
714.49785	0.15403
714.97997	0.22530
715.46209	0.29157
715.94420	0.31465
716.42632	0.28702
716.90844	0.16431
717.39056	-0.00076
717.87267	-0.17891
718.35479	-0.28283
718.83691	-0.30251
719.31903	-0.26333
719.80114	-0.19222
720.28326	-0.09431
720.76538	0.03436
721.24750	0.20215
721.72961	0.49759
722.21173	0.81334
722.69385	0.75133
723.17596	0.51745
723.65808	0.38119
724.14020	0.29739
724.62232	0.24614
725.10443	0.21675
725.58655	0.20195
726.06867	0.20196
726.55079	0.21879
727.03290	0.24848
727.51502	0.27199
727.99714	0.27825
728.47925	0.27724
728.96137	0.27782
729.44349	0.27935
729.92561	0.28234
730.40772	0.28498
730.88984	0.28575
731.37196	0.27625
731.85408	0.25911
732.33619	0.22696
732.81831	0.17506
733.30043	0.10195
733.78255	0.01108
734.26466	-0.09266
734.74678	-0.20630
735.22890	-0.33386
735.71101	-0.44940
736.19313	-0.48569
736.67525	-0.40153
737.15737	-0.25036
737.63948	-0.08170
738.12160	0.07070
738.60372	0.17906
739.08584	0.22568
739.56795	0.22027
740.05007	0.17834
740.53219	0.11627
741.01430	0.04286
741.49642	-0.04625
741.97854	-0.15515
742.46066	-0.28992
742.94277	-0.48777
743.42489	-0.68728
743.90701	-0.73421
744.38913	-0.60851
744.87124	-0.52588
745.35336	-0.46825
745.83548	-0.36931
746.31760	-0.15609
746.79971	0.21817
747.28183	0.48536
747.76395	0.22921
748.24606	0.08522
748.72818	0.01474
749.21030	-0.01540
749.69242	-0.01214
750.17453	0.02671
750.65665	0.09614
751.13877	0.21089
751.62089	0.38248
752.10300	0.62729
752.58512	0.56718
753.06724	0.19969
753.54935	-0.07420
754.03147	-0.18620
754.51359	-0.24463
754.99571	-0.30084
755.47782	-0.37671
755.95994	-0.48965
756.44206	-0.74750
756.92418	-1.18974
757.40629	-1.18637
757.88841	-0.71453
758.37053	-0.44966
758.85265	-0.29860
759.33476	-0.25662
759.81688	-0.35771
760.29900	-1.13432
760.78111	-1.13432
761.26323	-0.44244
761.74535	-0.01992
762.22747	0.07630
762.70958	0.09594
763.19170	0.06829
763.67382	0.00634
764.15594	-0.11864
764.63805	-0.35555
765.12017	-0.88468
765.60229	5.00000
766.08440	5.00000
766.56652	-0.66396
767.04864	-0.17662
767.53076	0.02229
768.01287	0.11529
768.49499	0.21000
768.97711	0.30971
769.45923	0.40373
769.94134	0.46814
770.42346	0.36566
770.90558	0.18134
771.38770	0.04433
771.86981	-0.02804
772.35193	-0.07729
772.83405	-0.11526
773.31616	-0.14672
773.79828	-0.18365
774.28040	-0.20212
774.76252	-0.20288
775.24463	-0.18978
775.72675	-0.16621
776.20887	-0.12955
776.69099	-0.08712
777.17310	-0.04823
777.65522	-0.00796
778.13734	0.01757
778.61945	0.02420
779.10157	0.00565
779.58369	-0.06280
780.06581	-0.19539
780.54792	-0.21230
781.03004	0.03200
781.51216	0.31224
781.99428	0.44802
782.47639	0.43750
782.95851	0.39900
783.44063	0.33749
783.92275	0.29920
784.40486	0.26878
784.88698	0.22697
785.36910	0.09953
785.85121	-0.14696
786.33333	-0.49299
786.81545	-0.91048
787.29757	-1.31886
787.77968	-1.14159
788.26180	-0.87063
788.74392	-0.69498
789.22604	-0.58267
789.70815	-0.45521
790.19027	-0.31304
790.67239	-0.16721
791.15451	-0.03913
791.63662	0.07419
792.11874	0.15011
792.60086	0.17132
793.08297	0.14092
793.56509	0.07981
794.04721	0.00769
794.52933	-0.05998
795.01144	-0.11802
795.49356	-0.16399
795.97568	-0.19876
796.45780	-0.22654
796.93991	-0.25801
797.42203	-0.29413
797.90415	-0.33876
798.38626	-0.39568
798.86838	-0.45624
799.35050	-0.46772
799.83262	-0.39392
800.31473	-0.27609
800.79685	-0.15875
801.27897	-0.06767
801.76109	-0.00541
802.24320	0.02544
802.72532	0.02432
803.20744	-0.00735
803.68956	-0.06370
804.17167	-0.13460
804.65379	-0.20600
805.13591	-0.26439
805.61802	-0.29431
806.10014	-0.28739
806.58226	-0.24522
807.06438	-0.18043
807.54649	-0.10462
808.02861	-0.02637
808.51073	0.04553
808.99285	0.11255
809.47496	0.17319
809.95708	0.22756
810.43920	0.27757
810.92131	0.32676
811.40343	0.37709
811.88555	0.42936
812.36767	0.48132
812.84978	0.53054
813.33190	0.57116
813.81402	0.59855
814.29614	0.61396
814.77825	0.62068
815.26037	0.62276
815.74249	0.62593
816.22461	0.60094
816.70672	0.53050
817.18884	0.41927
817.67096	0.30787
818.15307	0.20583
818.63519	0.13463
819.11731	0.09327
819.59943	0.07916
820.08154	0.08810
820.56366	0.11998
821.04578	0.17064
821.52790	0.23655
822.01001	0.32584
822.49213	0.41397
822.97425	0.45896
823.45636	0.42605
823.93848	0.32732
824.42060	0.20131
824.90272	0.06472
825.38483	-0.07565
825.86695	-0.24022
826.34907	-0.43667
826.83119	-0.66826
827.31330	-0.86826
827.79542	-0.82269
828.27754	-0.55251
828.75966	-0.29903
829.24177	-0.12315
829.72389	-0.02331
830.20601	0.03122
830.68812	0.05876
831.17024	0.07337
831.65236	0.08537
832.13448	0.09737
832.61659	0.11618
833.09871	0.14761
833.58083	0.18550
834.06295	0.23575
834.54506	0.28282
835.02718	0.30882
835.50930	0.30267
835.99141	0.27007
836.47353	0.22738
836.95565	0.19166
837.43777	0.15922
837.91988	0.15378
838.40200	0.17489
838.88412	0.22165
839.36624	0.29229
839.84835	0.30069
840.33047	0.21227
840.81259	0.10734
841.29471	0.04887
841.77682	0.03937
842.25894	0.06952
842.74106	0.12894
843.22317	0.22028
843.70529	0.33830
844.18741	0.48636
844.66953	0.67836
845.15164	0.91521
845.63376	0.77999
846.11588	0.38252
846.59800	0.08981
847.08011	-0.01702
847.56223	0.01240
848.04435	0.09352
848.52646	0.15986
849.00858	0.19485
849.49070	0.20934
849.97282	0.21027
850.45493	0.21278
850.93705	0.22887
851.41917	0.27402
851.90129	0.27452
852.38340	0.22613
852.86552	0.15512
853.34764	0.10401
853.82976	0.06410
854.31187	0.03071
854.79399	0.00124
855.27611	-0.02414
855.75822	-0.04767
856.24034	-0.07144
856.72246	-0.09839
857.20458	-0.13227
857.68669	-0.17655
858.16881	-0.23281
858.65093	-0.29953
859.13305	-0.36541
859.61516	-0.40925
860.09728	-0.42290
860.57940	-0.41218
861.06151	-0.38810
861.54363	-0.36117
862.02575	-0.33783
862.50787	-0.31538
862.98998	-0.29248
863.47210	-0.25892
863.95422	-0.22105
864.43634	-0.18211
864.91845	-0.15322
865.40057	-0.13343
865.88269	-0.12493
866.36481	-0.13400
866.84692	-0.17343
867.32904	-0.25770
867.81116	-0.41842
868.29327	-0.92546
868.77539	-0.92546
869.25751	-0.78724
869.73963	-0.48071
870.22174	-0.45386
870.70386	-0.56354
871.18598	-0.64344
871.66810	-0.46913
872.15021	-0.23667
872.63233	-0.02986
873.11445	0.13808
873.59656	0.26625
874.07868	0.35704
874.56080	0.41027
875.04292	0.41297
875.52503	0.35708
876.00715	0.23227
876.48927	0.05182
876.97139	-0.15926
877.45350	-0.34620
877.93562	-0.40792
878.41774	-0.31397
878.89986	-0.17995
879.38197	-0.07715
879.86409	-0.01622
880.34621	0.02714
880.82832	0.05450
881.31044	0.06572
881.79256	0.05964
882.27468	0.03357
882.75679	-0.01632
883.23891	-0.09998
883.72103	-0.35941
884.20315	-0.92530
884.68526	-0.70967
885.16738	-0.06780
885.64950	0.32063
886.13161	0.61302
886.61373	0.71705
887.09585	0.66426
887.57797	0.59198
888.06008	0.53496
888.54220	0.49443
889.02432	0.46697
889.50644	0.44358
889.98855	0.43029
890.47067	0.43472
890.95279	0.46748
891.43491	0.56381
891.91702	0.75272
892.39914	0.99589
892.88126	1.10013
893.36337	0.89088
893.84549	0.59901
894.32761	0.35791
894.80973	0.18130
895.29184	0.04081
895.77396	-0.08176
896.25608	-0.18770
896.73820	-0.27634
897.22031	-0.34718
897.70243	-0.39984
898.18455	-0.43642
898.66667	-0.46129
899.14878	-0.48087
899.63090	-0.50228
900.11302	-0.53504
900.59513	-0.59199
901.07725	-0.72446
901.55937	-0.91958
902.04149	-0.90533
902.52360	-0.59282
903.00572	-0.32097
903.48784	-0.10293
903.96996	0.04395
904.45207	0.10093
904.93419	0.07749
905.41631	0.00595
905.89842	-0.08362
906.38054	-0.16780
906.86266	-0.24156
907.34478	-0.29971
907.82689	-0.34114
908.30901	-0.36853
908.79113	-0.37631
909.27325	-0.32082
909.75536	-0.15505
910.23748	0.09055
910.71960	0.21127
911.20172	0.16687
911.68383	0.08327
912.16595	0.03916
912.64807	-0.00548
913.13018	-0.05918
913.61230	-0.12581
914.09442	-0.19514
914.57654	-0.22830
915.05865	-0.19782
915.54077	-0.13549
916.02289	-0.07065
916.50501	-0.01385
916.98712	0.05417
917.46924	0.14583
917.95136	0.28123
918.43347	0.44387
918.91559	0.55690
919.39771	0.50684
919.87983	0.38336
920.36194	0.28336
920.84406	0.18849
921.32618	0.09763
921.80830	0.01458
922.29041	-0.06667
922.77253	-0.13681
923.25465	-0.19409
923.73677	-0.23485
924.21888	-0.25372
924.70100	-0.22960
925.18312	-0.13751
925.66523	0.02910
926.14735	0.22297
926.62947	0.37970
927.11159	0.53999
927.59370	0.75385
928.07582	0.95765
928.55794	0.85767
929.04006	0.58407
929.52217	0.38060
930.00429	0.28242
930.48641	0.20454
930.96852	0.14056
931.45064	0.08569
931.93276	0.02952
932.41488	-0.02894
932.89699	-0.08587
933.37911	-0.12536
933.86123	-0.11296
934.34335	-0.04242
934.82546	0.03834
935.30758	0.08891
935.78970	0.10073
936.27182	0.10058
936.75393	0.09201
937.23605	0.07346
937.71817	0.03985
938.20028	-0.02094
938.68240	-0.13282
939.16452	-0.35433
939.64664	-0.62370
940.12875	-0.33920
940.61087	0.07608
941.09299	0.30135
941.57511	0.43756
942.05722	0.53954
942.53934	0.60414
943.02146	0.61915
943.50357	0.57609
943.98569	0.48059
944.46781	0.35066
944.94993	0.20564
945.43204	0.05887
945.91416	-0.06989
946.39628	-0.16338
946.87840	-0.21409
947.36051	-0.22706
947.84263	-0.21356
948.32475	-0.18201
948.80687	-0.13690
949.28898	-0.07494
949.77110	0.00371
950.25322	0.09852
950.73533	0.20641
951.21745	0.32183
951.69957	0.41984
952.18169	0.48691
952.66380	0.52638
953.14592	0.55072
953.62804	0.57213
954.11016	0.59271
954.59227	0.60409
955.07439	0.59329
955.55651	0.52547
956.03862	0.38164
956.52074	0.16590
957.00286	-0.21089
957.48498	-0.95634
957.96709	-0.95634
958.44921	-0.62521
958.93133	-0.37850
959.41345	-0.24851
959.89556	-0.18110
960.37768	-0.15312
960.85980	-0.15511
961.34192	-0.17364
961.82403	-0.17306
962.30615	-0.11038
962.78827	0.04206
963.27038	0.25825
963.75250	0.47502
964.23462	0.61840
964.71674	0.63805
965.19885	0.58165
965.68097	0.51330
966.16309	0.46752
966.64521	0.43474
967.12732	0.40977
967.60944	0.38794
968.09156	0.36411
968.57367	0.34168
969.05579	0.33662
969.53791	0.39156
970.02003	0.47789
970.50214	0.54247
970.98426	0.54507
971.46638	0.50832
971.94850	0.45471
972.43061	0.37735
972.91273	0.29063
973.39485	0.23577
973.87697	0.25651
974.35908	0.34831
974.84120	0.47347
975.32332	0.57856
975.80543	0.61751
976.28755	0.58843
976.76967	0.51259
977.25179	0.41955
977.73390	0.32786
978.21602	0.20508
978.69814	0.04032
979.18026	-0.17542
979.66237	-0.43554
980.14449	-0.53593
980.62661	-0.33698
981.10872	-0.11081
981.59084	0.03643
982.07296	0.11131
982.55508	0.17072
983.03719	0.19917
983.51931	0.17074
984.00143	-0.01167
984.48355	-0.32466
984.96566	-0.37201
985.44778	-0.09080
985.92990	0.06015
986.41202	0.13312
986.89413	0.15944
987.37625	0.15980
987.85837	0.14464
988.34048	0.11889
988.82260	0.07856
989.30472	0.01593
989.78684	-0.09898
990.26895	-0.31089
990.75107	-0.40260
991.23319	-0.21474
991.71531	0.02279
992.19742	0.19720
992.67954	0.34196
993.16166	0.47558
993.64378	0.60051
994.12589	0.72157
994.60801	0.79753
995.09013	0.77398
995.57224	0.71379
996.05436	0.59907
996.53648	0.46285
997.01860	0.34475
997.50071	0.24650
997.98283	0.15749
998.46495	0.07758
998.94707	0.00077
999.42918	-0.08083
