0.00000	0.24952
0.48212	0.24701
0.96423	0.24020
1.44635	0.23064
1.92847	0.21962
2.41059	0.20653
2.89270	0.19068
3.37482	0.17025
3.85694	0.14299
4.33906	0.11033
4.82117	0.06541
5.30329	0.01404
5.78541	-0.03384
6.26753	-0.06493
6.74964	-0.08243
7.23176	-0.08506
7.71388	-0.07484
8.19599	-0.05471
8.67811	-0.02746
9.16023	0.00624
9.64235	0.04612
10.12446	0.08921
10.60658	0.13510
11.08870	0.17941
11.57082	0.21812
12.05293	0.24867
12.53505	0.27138
13.01717	0.28816
13.49928	0.30397
13.98140	0.30457
14.46352	0.30308
14.94564	0.13953
15.42775	-0.06489
15.90987	-0.08635
16.39199	-0.04269
16.87411	-0.00653
17.35622	0.00718
17.83834	0.00569
18.32046	0.00387
18.80258	0.00249
19.28469	0.00174
19.76681	0.00163
20.24893	0.00200
20.73104	0.00271
21.21316	0.00362
21.69528	0.00464
22.17740	0.00573
22.65951	0.00685
23.14163	0.00798
23.62375	0.00910
24.10587	0.01016
24.58798	0.01114
25.07010	0.01198
25.55222	0.01262
26.03433	0.01302
26.51645	0.01313
26.99857	0.01292
27.48069	0.01239
27.96280	0.01155
28.44492	0.01047
28.92704	0.00926
29.40916	0.00801
29.89127	0.00686
30.37339	0.00593
30.85551	0.00533
31.33763	0.00512
31.81974	0.00532
32.30186	0.00587
32.78398	0.00668
33.26609	0.00763
33.74821	0.00855
34.23033	0.00930
34.71245	0.00978
35.19456	0.00994
35.67668	0.00980
36.15880	0.00945
36.64092	0.00898
37.12303	0.00850
37.60515	0.00809
38.08727	0.00781
38.56938	0.00768
39.05150	0.00770
39.53362	0.00782
40.01574	0.00800
40.49785	0.00820
40.97997	0.00835
41.46209	0.00842
41.94421	0.00841
42.42632	0.00832
42.90844	0.00818
43.39056	0.00802
43.87268	0.00790
44.35479	0.00783
44.83691	0.00784
45.31903	0.00795
45.80114	0.00815
46.28326	0.00844
46.76538	0.00881
47.24750	0.00923
47.72961	0.00971
48.21173	0.01019
48.69385	0.01066
49.17597	0.01108
49.65808	0.01139
50.14020	0.01158
50.62232	0.01161
51.10443	0.01148
51.58655	0.01119
52.06867	0.01076
52.55079	0.01024
53.03290	0.00967
53.51502	0.00911
53.99714	0.00865
54.47926	0.00834
54.96137	0.00824
55.44349	0.00836
55.92561	0.00871
56.40773	0.00923
56.88984	0.00988
57.37196	0.01059
57.85408	0.01128
58.33619	0.01192
58.81831	0.01246
59.30043	0.01290
59.78255	0.01321
60.26466	0.01341
60.74678	0.01349
61.22890	0.01346
61.71102	0.01333
62.19313	0.01312
62.67525	0.01284
63.15737	0.01253
63.63948	0.01219
64.12160	0.01188
64.60372	0.01160
65.08584	0.01139
65.56795	0.01127
66.05007	0.01125
66.53219	0.01132
67.01431	0.01149
67.49642	0.01173
67.97854	0.01202
68.46066	0.01233
68.94278	0.01262
69.42489	0.01288
69.90701	0.01306
70.38913	0.01315
70.87124	0.01316
71.35336	0.01310
71.83548	0.01299
72.31760	0.01286
72.79971	0.01274
73.28183	0.01264
73.76395	0.01257
74.24607	0.01252
74.72818	0.01248
75.21030	0.01243
75.69242	0.01236
76.17453	0.01227
76.65665	0.01216
77.13877	0.01206
77.62089	0.01198
78.10300	0.01195
78.58512	0.01196
79.06724	0.01203
79.54936	0.01212
80.03147	0.01223
80.51359	0.01233
80.99571	0.01239
81.47783	0.01239
81.95994	0.01231
82.44206	0.01217
82.92418	0.01195
83.40629	0.01168
83.88841	0.01137
84.37053	0.01106
84.85265	0.01076
85.33476	0.01049
85.81688	0.01027
86.29900	0.01010
86.78112	0.00997
87.26323	0.00988
87.74535	0.00982
88.22747	0.00977
88.70958	0.00973
89.19170	0.00969
89.67382	0.00964
90.15594	0.00957
90.63805	0.00948
91.12017	0.00936
91.60229	0.00922
92.08441	0.00906
92.56652	0.00890
93.04864	0.00874
93.53076	0.00861
94.01288	0.00851
94.49499	0.00845
94.97711	0.00845
95.45923	0.00847
95.94134	0.00853
96.42346	0.00860
96.90558	0.00867
97.38770	0.00872
97.86981	0.00875
98.35193	0.00876
98.83405	0.00874
99.31617	0.00871
99.79828	0.00868
100.28040	0.00866
100.76252	0.00866
101.24464	0.00868
101.72675	0.00871
102.20887	0.00874
102.69099	0.00875
103.17310	0.00874
103.65522	0.00868
104.13734	0.00859
104.61946	0.00845
105.10157	0.00829
105.58369	0.00811
106.06581	0.00791
106.54793	0.00772
107.03004	0.00755
107.51216	0.00740
107.99428	0.00729
108.47639	0.00722
108.95851	0.00720
109.44063	0.00723
109.92275	0.00733
110.40486	0.00748
110.88698	0.00768
111.36910	0.00792
111.85122	0.00818
112.33333	0.00844
112.81545	0.00869
113.29757	0.00889
113.77969	0.00905
114.26180	0.00916
114.74392	0.00922
115.22604	0.00925
115.70815	0.00927
116.19027	0.00931
116.67239	0.00937
117.15451	0.00948
117.63662	0.00962
118.11874	0.00978
118.60086	0.00995
119.08298	0.01011
119.56509	0.01024
120.04721	0.01032
120.52933	0.01035
121.01144	0.01031
121.49356	0.01023
121.97568	0.01011
122.45780	0.00996
122.93991	0.00980
123.42203	0.00964
123.90415	0.00951
124.38627	0.00939
124.86838	0.00930
125.35050	0.00923
125.83262	0.00917
126.31474	0.00913
126.79685	0.00908
127.27897	0.00903
127.76109	0.00896
128.24320	0.00889
128.72532	0.00880
129.20744	0.00870
129.68956	0.00861
130.17167	0.00853
130.65379	0.00849
131.13591	0.00849
131.61803	0.00853
132.10014	0.00863
132.58226	0.00875
133.06438	0.00891
133.54649	0.00907
134.02861	0.00922
134.51073	0.00936
134.99285	0.00946
135.47496	0.00955
135.95708	0.00960
136.43920	0.00965
136.92132	0.00969
137.40343	0.00973
137.88555	0.00978
138.36767	0.00984
138.84979	0.00990
139.33190	0.00995
139.81402	0.01000
140.29614	0.01003
140.77825	0.01004
141.26037	0.01005
141.74249	0.01007
142.22461	0.01010
142.70672	0.01015
143.18884	0.01023
143.67096	0.01033
144.15308	0.01044
144.63519	0.01055
145.11731	0.01064
145.59943	0.01070
146.08154	0.01073
146.56366	0.01072
147.04578	0.01069
147.52790	0.01065
148.01001	0.01061
148.49213	0.01059
148.97425	0.01060
149.45637	0.01065
149.93848	0.01075
150.42060	0.01089
150.90272	0.01107
151.38484	0.01127
151.86695	0.01147
152.34907	0.01167
152.83119	0.01185
153.31330	0.01201
153.79542	0.01216
154.27754	0.01230
154.75966	0.01245
155.24177	0.01261
155.72389	0.01281
156.20601	0.01304
156.68813	0.01330
157.17024	0.01360
157.65236	0.01392
158.13448	0.01424
158.61659	0.01456
159.09871	0.01487
159.58083	0.01517
160.06295	0.01546
160.54506	0.01576
161.02718	0.01608
161.50930	0.01644
161.99142	0.01684
162.47353	0.01727
162.95565	0.01773
163.43777	0.01819
163.91989	0.01863
164.40200	0.01903
164.88412	0.01936
165.36624	0.01963
165.84835	0.01984
166.33047	0.02001
166.81259	0.02017
167.29471	0.02035
167.77682	0.02057
168.25894	0.02087
168.74106	0.02124
169.22318	0.02168
169.70529	0.02219
170.18741	0.02274
170.66953	0.02332
171.15164	0.02392
171.63376	0.02453
172.11588	0.02516
172.59800	0.02582
173.08011	0.02652
173.56223	0.02728
174.04435	0.02812
174.52647	0.02904
175.00858	0.03003
175.49070	0.03107
175.97282	0.03213
176.45494	0.03317
176.93705	0.03416
177.41917	0.03508
177.90129	0.03591
178.38340	0.03666
178.86552	0.03736
179.34764	0.03804
179.82976	0.03875
180.31187	0.03952
180.79399	0.04038
181.27611	0.04136
181.75823	0.04245
182.24034	0.04361
182.72246	0.04483
183.20458	0.04605
183.68669	0.04724
184.16881	0.04836
184.65093	0.04941
185.13305	0.05036
185.61516	0.05124
186.09728	0.05205
186.57940	0.05280
187.06152	0.05349
187.54363	0.05412
188.02575	0.05467
188.50787	0.05514
188.98999	0.05551
189.47210	0.05578
189.95422	0.05594
190.43634	0.05603
190.91845	0.05607
191.40057	0.05612
191.88269	0.05623
192.36481	0.05644
192.84692	0.05680
193.32904	0.05732
193.81116	0.05800
194.29328	0.05881
194.77539	0.05971
195.25751	0.06064
195.73963	0.06155
196.22174	0.06241
196.70386	0.06320
197.18598	0.06393
197.66810	0.06462
198.15021	0.06531
198.63233	0.06606
199.11445	0.06690
199.59657	0.06786
200.07868	0.06894
200.56080	0.07014
201.04292	0.07142
201.52504	0.07275
202.00715	0.07410
202.48927	0.07544
202.97139	0.07676
203.45350	0.07807
203.93562	0.07940
204.41774	0.08079
204.89986	0.08226
205.38197	0.08384
205.86409	0.08553
206.34621	0.08733
206.82833	0.08918
207.31044	0.09104
207.79256	0.09285
208.27468	0.09456
208.75680	0.09612
209.23891	0.09754
209.72103	0.09880
210.20315	0.09995
210.68526	0.10104
211.16738	0.10210
211.64950	0.10318
212.13162	0.10431
212.61373	0.10548
213.09585	0.10667
213.57797	0.10784
214.06009	0.10896
214.54220	0.10998
215.02432	0.11088
215.50644	0.11167
215.98855	0.11236
216.47067	0.11299
216.95279	0.11361
217.43491	0.11426
217.91702	0.11499
218.39914	0.11581
218.88126	0.11672
219.36338	0.11769
219.84549	0.11869
220.32761	0.11968
220.80973	0.12062
221.29185	0.12148
221.77396	0.12224
222.25608	0.12292
222.73820	0.12353
223.22031	0.12410
223.70243	0.12467
224.18455	0.12527
224.66667	0.12592
225.14878	0.12663
225.63090	0.12740
226.11302	0.12822
226.59514	0.12906
227.07725	0.12992
227.55937	0.13079
228.04149	0.13166
228.52360	0.13255
229.00572	0.13349
229.48784	0.13449
229.96996	0.13558
230.45207	0.13677
230.93419	0.13806
231.41631	0.13944
231.89843	0.14088
232.38054	0.14235
232.86266	0.14382
233.34478	0.14525
233.82690	0.14662
234.30901	0.14793
234.79113	0.14919
235.27325	0.15039
235.75536	0.15157
236.23748	0.15273
236.71960	0.15389
237.20172	0.15505
237.68383	0.15618
238.16595	0.15728
238.64807	0.15831
239.13019	0.15925
239.61230	0.16007
240.09442	0.16077
240.57654	0.16135
241.05865	0.16184
241.54077	0.16225
242.02289	0.16263
242.50501	0.16301
242.98712	0.16340
243.46924	0.16384
243.95136	0.16431
244.43348	0.16482
244.91559	0.16535
245.39771	0.16588
245.87983	0.16639
246.36195	0.16687
246.84406	0.16731
247.32618	0.16772
247.80830	0.16812
248.29041	0.16853
248.77253	0.16897
249.25465	0.16944
249.73677	0.16996
250.21888	0.17053
250.70100	0.17111
251.18312	0.17169
251.66524	0.17222
252.14735	0.17267
252.62947	0.17300
253.11159	0.17319
253.59370	0.17323
254.07582	0.17315
254.55794	0.17298
255.04006	0.17274
255.52217	0.17248
256.00429	0.17223
256.48641	0.17203
256.96853	0.17186
257.45064	0.17174
257.93276	0.17162
258.41488	0.17149
258.89700	0.17132
259.37911	0.17108
259.86123	0.17077
260.34335	0.17038
260.82546	0.16992
261.30758	0.16940
261.78970	0.16884
262.27182	0.16824
262.75393	0.16760
263.23605	0.16688
263.71817	0.16606
264.20029	0.16512
264.68240	0.16403
265.16452	0.16278
265.64664	0.16140
266.12875	0.15992
266.61087	0.15839
267.09299	0.15688
267.57511	0.15545
268.05722	0.15415
268.53934	0.15299
269.02146	0.15196
269.50358	0.15100
269.98569	0.15004
270.46781	0.14900
270.94993	0.14779
271.43205	0.14636
271.91416	0.14469
272.39628	0.14280
272.87840	0.14074
273.36051	0.13858
273.84263	0.13637
274.32475	0.13416
274.80687	0.13196
275.28898	0.12975
275.77110	0.12745
276.25322	0.12498
276.73534	0.12223
277.21745	0.11915
277.69957	0.11571
278.18169	0.11196
278.66380	0.10797
279.14592	0.10390
279.62804	0.09989
280.11016	0.09608
280.59227	0.09258
281.07439	0.08944
281.55651	0.08666
282.03863	0.08416
282.52074	0.08185
283.00286	0.07961
283.48498	0.07734
283.96710	0.07498
284.44921	0.07255
284.93133	0.07009
285.41345	0.06769
285.89556	0.06543
286.37768	0.06335
286.85980	0.06148
287.34192	0.05977
287.82403	0.05813
288.30615	0.05644
288.78827	0.05456
289.27039	0.05237
289.75250	0.04980
290.23462	0.04684
290.71674	0.04352
291.19885	0.03992
291.68097	0.03614
292.16309	0.03226
292.64521	0.02833
293.12732	0.02437
293.60944	0.02035
294.09156	0.01622
294.57368	0.01197
295.05579	0.00760
295.53791	0.00318
296.02003	-0.00114
296.50215	-0.00517
296.98426	-0.00871
297.46638	-0.01155
297.94850	-0.01358
298.43061	-0.01474
298.91273	-0.01507
299.39485	-0.01469
299.87697	-0.01376
300.35908	-0.01245
300.84120	-0.01088
301.32332	-0.00917
301.80544	-0.00735
302.28755	-0.00542
302.76967	-0.00337
303.25179	-0.00121
303.73391	0.00102
304.21602	0.00326
304.69814	0.00538
305.18026	0.00729
305.66237	0.00890
306.14449	0.01015
306.62661	0.01106
307.10873	0.01171
307.59084	0.01220
308.07296	0.01267
308.55508	0.01324
309.03720	0.01397
309.51931	0.01483
310.00143	0.01571
310.48355	0.01645
310.96566	0.01683
311.44778	0.01665
311.92990	0.01577
312.41202	0.01411
312.89413	0.01173
313.37625	0.00880
313.85837	0.00560
314.34049	0.00243
314.82260	-0.00039
315.30472	-0.00266
315.78684	-0.00427
316.26896	-0.00528
316.75107	-0.00587
317.23319	-0.00632
317.71531	-0.00690
318.19742	-0.00784
318.67954	-0.00929
319.16166	-0.01126
319.64378	-0.01363
320.12589	-0.01622
320.60801	-0.01878
321.09013	-0.02110
321.57225	-0.02300
322.05436	-0.02444
322.53648	-0.02542
323.01860	-0.02603
323.50071	-0.02637
323.98283	-0.02656
324.46495	-0.02668
324.94707	-0.02675
325.42918	-0.02681
325.91130	-0.02687
326.39342	-0.02698
326.87554	-0.02721
327.35765	-0.02767
327.83977	-0.02850
328.32189	-0.02981
328.80401	-0.03167
329.28612	-0.03406
329.76824	-0.03688
330.25036	-0.03991
330.73247	-0.04288
331.21459	-0.04553
331.69671	-0.04772
332.17883	-0.04947
332.66094	-0.05093
333.14306	-0.05237
333.62518	-0.05410
334.10730	-0.05636
334.58941	-0.05925
335.07153	-0.06270
335.55365	-0.06643
336.03576	-0.07003
336.51788	-0.07297
337.00000	-0.07484
337.48212	-0.07538
337.96423	-0.07466
338.44635	-0.07298
338.92847	-0.07086
339.41059	-0.06883
339.89270	-0.06743
340.37482	-0.06695
340.85694	-0.06754
341.33906	-0.06914
341.82117	-0.07151
342.30329	-0.07427
342.78541	-0.07698
343.26752	-0.07924
343.74964	-0.08076
344.23176	-0.08143
344.71388	-0.08139
345.19599	-0.08091
345.67811	-0.08038
346.16023	-0.08020
346.64235	-0.08071
347.12446	-0.08215
347.60658	-0.08460
348.08870	-0.08800
348.57081	-0.09209
349.05293	-0.09647
349.53505	-0.10067
350.01717	-0.10419
350.49928	-0.10662
350.98140	-0.10767
351.46352	-0.10724
351.94564	-0.10540
352.42775	-0.10238
352.90987	-0.09851
353.39199	-0.09422
353.87411	-0.08990
354.35622	-0.08590
354.83834	-0.08249
355.32046	-0.07977
355.80257	-0.07774
356.28469	-0.07628
356.76681	-0.07524
357.24893	-0.07445
357.73104	-0.07381
358.21316	-0.07321
358.69528	-0.07264
359.17740	-0.07211
359.65951	-0.07163
360.14163	-0.07122
360.62375	-0.07089
361.10586	-0.07068
361.58798	-0.07059
362.07010	-0.07069
362.55222	-0.07100
363.03433	-0.07161
363.51645	-0.07253
363.99857	-0.07374
364.48069	-0.07520
364.96280	-0.07679
365.44492	-0.07837
365.92704	-0.07978
366.40916	-0.08089
366.89127	-0.08159
367.37339	-0.08182
367.85551	-0.08159
368.33762	-0.08094
368.81974	-0.07995
369.30186	-0.07872
369.78398	-0.07732
370.26609	-0.07586
370.74821	-0.07440
371.23033	-0.07303
371.71245	-0.07185
372.19456	-0.07095
372.67668	-0.07045
373.15880	-0.07049
373.64091	-0.07121
374.12303	-0.07274
374.60515	-0.07523
375.08727	-0.07875
375.56938	-0.08333
376.05150	-0.08891
376.53362	-0.09533
377.01574	-0.10236
377.49785	-0.10971
377.97997	-0.11701
378.46209	-0.12398
378.94421	-0.13028
379.42632	-0.13565
379.90844	-0.13988
380.39056	-0.14281
380.87267	-0.14432
381.35479	-0.14434
381.83691	-0.14289
382.31903	-0.14009
382.80114	-0.13614
383.28326	-0.13135
383.76538	-0.12610
384.24750	-0.12078
384.72961	-0.11581
385.21173	-0.11153
385.69385	-0.10818
386.17596	-0.10592
386.65808	-0.10472
387.14020	-0.10442
387.62232	-0.10478
388.10443	-0.10552
388.58655	-0.10642
389.06867	-0.10744
389.55079	-0.10865
390.03290	-0.11032
390.51502	-0.11271
390.99714	-0.11607
391.47926	-0.12053
391.96137	-0.12600
392.44349	-0.13220
392.92561	-0.13865
393.40772	-0.14469
393.88984	-0.14965
394.37196	-0.15282
394.85408	-0.15375
395.33619	-0.15233
395.81831	-0.14880
396.30043	-0.14372
396.78255	-0.13787
397.26466	-0.13200
397.74678	-0.12680
398.22890	-0.12259
398.71102	-0.11951
399.19313	-0.11755
399.67525	-0.11657
400.15737	-0.11639
400.63948	-0.11686
401.12160	-0.11784
401.60372	-0.11925
402.08584	-0.12099
402.56795	-0.12294
403.05007	-0.12497
403.53219	-0.12697
404.01431	-0.12878
404.49642	-0.13027
404.97854	-0.13135
405.46066	-0.13195
405.94277	-0.13205
406.42489	-0.13163
406.90701	-0.13070
407.38913	-0.12929
407.87124	-0.12747
408.35336	-0.12530
408.83548	-0.12293
409.31760	-0.12049
409.79971	-0.11821
410.28183	-0.11630
410.76395	-0.11494
411.24607	-0.11428
411.72818	-0.11441
412.21030	-0.11530
412.69242	-0.11684
413.17453	-0.11880
413.65665	-0.12094
414.13877	-0.12304
414.62089	-0.12492
415.10300	-0.12658
415.58512	-0.12819
416.06724	-0.13000
416.54936	-0.13229
417.03147	-0.13530
417.51359	-0.13916
417.99571	-0.14384
418.47782	-0.14915
418.95994	-0.15474
419.44206	-0.16024
419.92418	-0.16525
420.40629	-0.16940
420.88841	-0.17249
421.37053	-0.17453
421.85265	-0.17572
422.33476	-0.17643
422.81688	-0.17709
423.29900	-0.17811
423.78112	-0.17976
424.26323	-0.18211
424.74535	-0.18502
425.22747	-0.18821
425.70958	-0.19125
426.19170	-0.19371
426.67382	-0.19515
427.15594	-0.19523
427.63805	-0.19369
428.12017	-0.19044
428.60229	-0.18553
429.08441	-0.17915
429.56652	-0.17165
430.04864	-0.16356
430.53076	-0.15537
431.01287	-0.14774
431.49499	-0.14120
431.97711	-0.13619
432.45923	-0.13301
432.94134	-0.13168
433.42346	-0.13195
433.90558	-0.13334
434.38770	-0.13517
434.86981	-0.13669
435.35193	-0.13724
435.83405	-0.13636
436.31617	-0.13394
436.79828	-0.13014
437.28040	-0.12540
437.76252	-0.12036
438.24463	-0.11572
438.72675	-0.11203
439.20887	-0.10979
439.69099	-0.10936
440.17310	-0.11086
440.65522	-0.11427
441.13734	-0.11931
441.61946	-0.12560
442.10157	-0.13260
442.58369	-0.13973
443.06581	-0.14647
443.54792	-0.15242
444.03004	-0.15732
444.51216	-0.16108
444.99428	-0.16385
445.47639	-0.16588
445.95851	-0.16753
446.44063	-0.16923
446.92275	-0.17134
447.40486	-0.17401
447.88698	-0.17714
448.36910	-0.18038
448.85122	-0.18311
449.33333	-0.18465
449.81545	-0.18440
450.29757	-0.18190
450.77968	-0.17709
451.26180	-0.17022
451.74392	-0.16182
452.22604	-0.15265
452.70815	-0.14348
453.19027	-0.13502
453.67239	-0.12775
454.15451	-0.12194
454.63662	-0.11768
455.11874	-0.11489
455.60086	-0.11350
456.08297	-0.11355
456.56509	-0.11521
457.04721	-0.11875
457.52933	-0.12455
458.01144	-0.13278
458.49356	-0.14337
458.97568	-0.15582
459.45780	-0.16923
459.93991	-0.18226
460.42203	-0.19355
460.90415	-0.20204
461.38627	-0.20727
461.86838	-0.20943
462.35050	-0.20936
462.83262	-0.20824
463.31473	-0.20730
463.79685	-0.20734
464.27897	-0.20874
464.76109	-0.21136
465.24320	-0.21450
465.72532	-0.21721
466.20744	-0.21836
466.68956	-0.21700
467.17167	-0.21245
467.65379	-0.20464
468.13591	-0.19393
468.61802	-0.18120
469.10014	-0.16749
469.58226	-0.15412
470.06438	-0.14221
470.54649	-0.13262
471.02861	-0.12586
471.51073	-0.12226
471.99285	-0.12176
472.47496	-0.12409
472.95708	-0.12883
473.43920	-0.13531
473.92132	-0.14275
474.40343	-0.15029
474.88555	-0.15698
475.36767	-0.16219
475.84978	-0.16542
476.33190	-0.16651
476.81402	-0.16578
477.29614	-0.16381
477.77825	-0.16142
478.26037	-0.15949
478.74249	-0.15876
479.22461	-0.15993
479.70672	-0.16329
480.18884	-0.16879
480.67096	-0.17607
481.15307	-0.18453
481.63519	-0.19333
482.11731	-0.20157
482.59943	-0.20825
483.08154	-0.21266
483.56366	-0.21416
484.04578	-0.21240
484.52790	-0.20743
485.01001	-0.19982
485.49213	-0.19058
485.97425	-0.18107
486.45637	-0.17281
486.93848	-0.16716
487.42060	-0.16516
487.90272	-0.16725
488.38483	-0.17339
488.86695	-0.18291
489.34907	-0.19470
489.83119	-0.20732
490.31330	-0.21929
490.79542	-0.22896
491.27754	-0.23510
491.75966	-0.23695
492.24177	-0.23437
492.72389	-0.22804
493.20601	-0.21916
493.68812	-0.20931
494.17024	-0.20017
494.65236	-0.19290
495.13448	-0.18822
495.61659	-0.18615
496.09871	-0.18594
496.58083	-0.18647
497.06295	-0.18628
497.54506	-0.18398
498.02718	-0.17836
498.50930	-0.16888
498.99142	-0.15569
499.47353	-0.13981
499.95565	-0.12278
500.43777	-0.10682
500.91988	-0.09429
501.40200	-0.08727
501.88412	-0.08706
502.36624	-0.09416
502.84835	-0.10783
503.33047	-0.12628
503.81259	-0.14674
504.29471	-0.16679
504.77682	-0.18398
505.25894	-0.19667
505.74106	-0.20413
506.22318	-0.20666
506.70529	-0.20536
507.18741	-0.20171
507.66953	-0.19667
508.15164	-0.19161
508.63376	-0.18715
509.11588	-0.18346
509.59800	-0.18057
510.08011	-0.17834
510.56223	-0.17676
511.04435	-0.17603
511.52647	-0.17617
512.00858	-0.17778
512.49070	-0.18123
512.97282	-0.18709
513.45493	-0.19585
513.93705	-0.20813
514.41917	-0.22412
514.90129	-0.24362
515.38340	-0.26561
515.86552	-0.28828
516.34764	-0.30911
516.82976	-0.32594
517.31187	-0.33728
517.79399	-0.34262
518.27611	-0.34241
518.75823	-0.33774
519.24034	-0.32958
519.72246	-0.31849
520.20458	-0.30439
520.68669	-0.28728
521.16881	-0.26731
521.65093	-0.24502
522.13305	-0.22164
522.61516	-0.19917
523.09728	-0.17933
523.57940	-0.16450
524.06152	-0.15628
524.54363	-0.15549
525.02575	-0.16230
525.50787	-0.17597
525.98998	-0.19523
526.47210	-0.21841
526.95422	-0.24316
527.43634	-0.26812
527.91845	-0.29148
528.40057	-0.31192
528.88269	-0.32872
529.36481	-0.34133
529.84692	-0.34952
530.32904	-0.35400
530.81116	-0.35377
531.29328	-0.35042
531.77539	-0.34574
532.25751	-0.34246
532.73963	-0.34330
533.22174	-0.35033
533.70386	-0.36461
534.18598	-0.38597
534.66810	-0.41234
535.15021	-0.44209
535.63233	-0.47223
536.11445	-0.50015
536.59657	-0.52208
537.07868	-0.53627
537.56080	-0.54018
538.04292	-0.53376
538.52503	-0.51910
539.00715	-0.50012
539.48927	-0.48057
539.97139	-0.46344
540.45350	-0.45058
540.93562	-0.44077
541.41774	-0.43181
541.89986	-0.42144
542.38197	-0.40764
542.86409	-0.38965
543.34621	-0.36805
543.82833	-0.34444
544.31044	-0.32080
544.79256	-0.29938
545.27468	-0.28239
545.75679	-0.27139
546.23891	-0.26580
546.72103	-0.26474
547.20315	-0.26577
547.68526	-0.26620
548.16738	-0.26365
548.64950	-0.25756
549.13162	-0.24803
549.61373	-0.23549
550.09585	-0.22093
550.57797	-0.20554
551.06008	-0.19029
551.54220	-0.17627
552.02432	-0.16448
552.50644	-0.15557
552.98855	-0.14962
553.47067	-0.14619
553.95279	-0.14303
554.43491	-0.13317
554.91702	-0.10608
555.39914	-0.05492
555.88126	0.01473
556.36338	0.09055
556.84549	0.15878
557.32761	0.20798
557.80973	0.23061
558.29184	0.23051
558.77396	0.20950
559.25608	0.16902
559.73820	0.11099
560.22031	0.03556
560.70243	-0.05801
561.18455	-0.17139
561.66667	-0.29394
562.14878	-0.42806
562.63090	-0.55486
563.11302	-0.65858
563.59513	-0.75976
564.07725	-0.82338
564.55937	-0.77101
565.04149	-0.61115
565.52360	-0.42705
566.00572	-0.26398
566.48784	-0.14025
566.96996	-0.06375
567.45207	-0.03328
567.93419	-0.03973
568.41631	-0.07329
568.89843	-0.12106
569.38054	-0.17227
569.86266	-0.21642
570.34478	-0.24841
570.82689	-0.26726
571.30901	-0.27420
571.79113	-0.27271
572.27325	-0.26571
572.75536	-0.25614
573.23748	-0.24650
573.71960	-0.23786
574.20172	-0.23023
574.68383	-0.22305
575.16595	-0.21685
575.64807	-0.21093
576.13018	-0.20739
576.61230	-0.20992
577.09442	-0.22264
577.57654	-0.24894
578.05865	-0.29090
578.54077	-0.34980
579.02289	-0.42195
579.50501	-0.50252
579.98712	-0.57758
580.46924	-0.62754
580.95136	-0.63871
581.43348	-0.61201
581.91559	-0.56174
582.39771	-0.50754
582.87983	-0.45290
583.36194	-0.40301
583.84406	-0.35779
584.32618	-0.31554
584.80830	-0.27391
585.29041	-0.23146
585.77253	-0.18811
586.25465	-0.14642
586.73677	-0.11130
587.21888	-0.08729
587.70100	-0.08000
588.18312	-0.09391
588.66523	-0.12963
589.14735	-0.18670
589.62947	-0.26243
590.11159	-0.35395
590.59370	-0.45150
591.07582	-0.55363
591.55794	-0.65908
592.04006	-0.77973
592.52217	-0.94636
593.00429	-1.10191
593.48641	-1.04720
593.96853	-0.85317
594.45064	-0.70496
594.93276	-0.58980
595.41488	-0.49948
595.89699	-0.42706
596.37911	-0.37195
596.86123	-0.32691
597.34335	-0.29380
597.82546	-0.27626
598.30758	-0.27660
598.78970	-0.29558
599.27182	-0.33031
599.75393	-0.37522
600.23605	-0.41143
600.71817	-0.43347
601.20029	-0.44263
601.68240	-0.45192
602.16452	-0.45823
602.64664	-0.47455
603.12875	-0.49842
603.61087	-0.52999
604.09299	-0.57245
604.57511	-0.63993
605.05722	-0.74900
605.53934	-0.92758
606.02146	-0.91751
606.50358	-0.64132
606.98569	-0.40049
607.46781	-0.29114
607.94993	-0.25586
608.43204	-0.26656
608.91416	-0.31961
609.39628	-0.41577
609.87840	-0.53726
610.36051	-0.74482
610.84263	-0.96010
611.32475	-1.03426
611.80687	-0.97002
612.28898	-0.89141
612.77110	-0.83379
613.25322	-0.78644
613.73534	-0.73920
614.21745	-0.69134
614.69957	-0.64883
615.18169	-0.62127
615.66380	-0.61863
616.14592	-0.64176
616.62804	-0.68369
617.11016	-0.73392
617.59227	-0.75683
618.07439	-0.68006
618.55651	-0.52441
619.03863	-0.36089
619.52074	-0.25120
620.00286	-0.18765
620.48498	-0.17358
620.96709	-0.20140
621.44921	-0.27038
621.93133	-0.37857
622.41345	-0.47684
622.89556	-0.49615
623.37768	-0.43572
623.85980	-0.37280
624.34192	-0.33875
624.82403	-0.33722
625.30615	-0.35931
625.78827	-0.39444
626.27039	-0.42504
626.75250	-0.43197
627.23462	-0.40316
627.71674	-0.34421
628.19885	-0.27753
628.68097	-0.22587
629.16309	-0.20364
629.64521	-0.19681
630.12732	-0.16987
630.60944	-0.10340
631.09156	-0.03368
631.57368	-0.00213
632.05579	-0.00900
632.53791	-0.04520
633.02003	-0.10467
633.50214	-0.17760
633.98426	-0.26189
634.46638	-0.35811
634.94850	-0.50003
635.43061	-0.59821
635.91273	-0.49917
636.39485	-0.21992
636.87697	0.23727
637.35908	0.85545
637.84120	0.68829
638.32332	0.34062
638.80544	0.19467
639.28755	0.12421
639.76967	0.09673
640.25179	0.09191
640.73390	0.09440
641.21602	0.09332
641.69814	0.08374
642.18026	0.06221
642.66237	0.02575
643.14449	-0.02655
643.62661	-0.09500
644.10873	-0.18165
644.59084	-0.31529
645.07296	-0.49030
645.55508	-0.68288
646.03719	-0.82051
646.51931	-0.84311
647.00143	-0.81911
647.48355	-0.79090
647.96566	-0.80475
648.44778	-0.66439
648.92990	-0.40455
649.41202	-0.17134
649.89413	-0.02502
650.37625	0.08434
650.85837	0.14591
651.34049	0.16227
651.82260	0.13963
652.30472	0.08453
652.78684	0.00326
653.26895	-0.10201
653.75107	-0.22924
654.23319	-0.30365
654.71531	-0.27540
655.19742	-0.15657
655.67954	-0.06819
656.16166	-0.01215
656.64378	0.00611
657.12589	0.00174
657.60801	-0.01148
658.09013	-0.04372
658.57224	-0.09740
659.05436	-0.16818
659.53648	-0.24288
660.01860	-0.30400
660.50071	-0.33284
660.98283	-0.32853
661.46495	-0.30695
661.94707	-0.28723
662.42918	-0.29699
662.91130	-0.37463
663.39342	-0.56030
663.87554	-0.99069
664.35765	-1.38218
664.83977	-1.01661
665.32189	-0.73195
665.80400	-0.62239
666.28612	-0.54537
666.76824	-0.48153
667.25036	-0.42473
667.73247	-0.37344
668.21459	-0.33561
668.69671	-0.32043
669.17883	-0.32299
669.66094	-0.31322
670.14306	-0.28128
670.62518	-0.23580
671.10729	-0.19046
671.58941	-0.16080
672.07153	-0.16415
672.55365	-0.19525
673.03576	-0.24094
673.51788	-0.29514
674.00000	-0.34063
674.48212	-0.37109
674.96423	-0.38291
675.44635	-0.38648
675.92847	-0.37800
676.41059	-0.38471
676.89270	-0.44358
677.37482	-0.54838
677.85694	-0.54520
678.33905	-0.39115
678.82117	-0.17191
679.30329	0.28975
679.78541	1.08522
680.26752	0.37168
680.74964	-0.10321
681.23176	-0.29933
681.71388	-0.45330
682.19599	-0.59349
682.67811	-0.74624
683.16023	-1.10341
683.64234	-1.10341
684.12446	-1.05213
684.60658	-0.62311
685.08870	-0.39664
685.57081	-0.23425
686.05293	-0.11051
686.53505	-0.01359
687.01717	0.05479
687.49928	0.08755
687.98140	0.08792
688.46352	0.06505
688.94564	0.02917
689.42775	-0.01746
689.90987	-0.07584
690.39199	-0.14582
690.87410	-0.22258
691.35622	-0.29784
691.83834	-0.34722
692.32046	-0.35237
692.80257	-0.31643
693.28469	-0.25248
693.76681	-0.17005
694.24893	-0.07291
694.73104	0.05154
695.21316	0.21139
695.69528	0.38270
696.17740	0.47755
696.65951	0.38041
697.14163	0.16721
697.62375	-0.03707
698.10586	-0.18544
698.58798	-0.28008
699.07010	-0.31452
699.55222	-0.28501
700.03433	-0.22053
700.51645	-0.14527
700.99857	-0.07228
701.48069	-0.00101
701.96280	0.07112
702.44492	0.15604
702.92704	0.24278
703.40915	0.29078
703.89127	0.24673
704.37339	0.11740
704.85551	-0.05174
705.33762	-0.23078
705.81974	-0.40632
706.30186	-0.59735
706.78398	-0.85114
707.26609	-1.04053
707.74821	-0.94744
708.23033	-0.67993
708.71245	-0.40005
709.19456	-0.19761
709.67668	-0.18424
710.15880	-0.30889
710.64091	-0.44508
711.12303	-0.58156
711.60515	-0.71895
712.08727	-0.83218
712.56938	-0.70898
713.05150	-0.31114
713.53362	0.21519
714.01574	0.82764
714.49785	0.46463
714.97997	0.13006
715.46209	0.00010
715.94420	-0.04591
716.42632	-0.07912
716.90844	-0.10955
717.39056	-0.14622
717.87267	-0.24020
718.35479	-0.34785
718.83691	-0.42922
719.31903	-0.46752
719.80114	-0.49737
720.28326	-0.63177
720.76538	-0.74756
721.24750	-0.71802
721.72961	-0.56393
722.21173	-0.41164
722.69385	-0.27773
723.17596	-0.15901
723.65808	0.00681
724.14020	0.22874
724.62232	0.46583
725.10443	0.39783
725.58655	-0.07145
726.06867	-0.59485
726.55079	-0.86157
727.03290	-0.80884
727.51502	-0.75338
727.99714	-0.81377
728.47925	-0.87802
728.96137	-0.65620
729.44349	-0.31809
729.92561	0.01432
730.40772	0.27823
730.88984	0.39327
731.37196	0.34866
731.85408	0.23030
732.33619	0.08505
732.81831	-0.07250
733.30043	-0.22952
733.78255	-0.38803
734.26466	-0.45584
734.74678	-0.40365
735.22890	-0.28850
735.71101	-0.17143
736.19313	-0.05248
736.67525	0.07784
737.15737	0.29375
737.63948	0.73318
738.12160	0.91837
738.60372	0.52781
739.08584	0.23131
739.56795	0.08496
740.05007	0.02162
740.53219	0.00585
741.01430	0.00753
741.49642	0.01911
741.97854	0.03703
742.46066	0.05740
742.94277	0.08563
743.42489	0.12528
743.90701	0.17686
744.38913	0.23778
744.87124	0.31100
745.35336	0.40907
745.83548	0.53274
746.31760	0.64524
746.79971	0.58775
747.28183	0.29234
747.76395	0.08425
748.24606	0.03977
748.72818	0.07846
749.21030	0.11032
749.69242	0.13461
750.17453	0.15129
750.65665	0.15975
751.13877	0.15930
751.62089	0.14893
752.10300	0.12746
752.58512	0.09500
753.06724	0.05093
753.54935	-0.00297
754.03147	-0.06329
754.51359	-0.12689
754.99571	-0.19186
755.47782	-0.25878
755.95994	-0.33070
756.44206	-0.41526
756.92418	-0.52296
757.40629	-0.68053
757.88841	-0.98062
758.37053	-1.33781
758.85265	-0.91052
759.33476	-0.35129
759.81688	-0.03404
760.29900	0.19647
760.78111	0.38609
761.26323	0.55143
761.74535	0.78966
762.22747	0.89256
762.70958	0.99475
763.19170	0.73388
763.67382	0.58364
764.15594	0.47046
764.63805	0.46337
765.12017	0.54895
765.60229	0.71015
766.08440	0.77107
766.56652	0.42410
767.04864	0.01728
767.53076	-0.29310
768.01287	-0.51969
768.49499	-0.61655
768.97711	-0.54367
769.45923	-0.43349
769.94134	-0.36075
770.42346	-0.32682
770.90558	-0.31873
771.38770	-0.32199
771.86981	-0.31813
772.35193	-0.29500
772.83405	-0.24899
773.31616	-0.18323
773.79828	-0.10258
774.28040	-0.01035
774.76252	0.07729
775.24463	0.13546
775.72675	0.11752
776.20887	-0.01000
776.69099	-0.21149
777.17310	-0.45019
777.65522	-0.69097
778.13734	-0.92702
778.61945	-1.01420
779.10157	-0.99233
779.58369	-1.11992
780.06581	-1.22907
780.54792	-0.97027
781.03004	-0.59705
781.51216	-0.35776
781.99428	-0.19179
782.47639	-0.09912
782.95851	-0.07843
783.44063	-0.10898
783.92275	-0.16293
784.40486	-0.21447
784.88698	-0.24640
785.36910	-0.25113
785.85121	-0.23430
786.33333	-0.19827
786.81545	-0.14502
787.29757	-0.07425
787.77968	0.01854
788.26180	0.13837
788.74392	0.29194
789.22604	0.47560
789.70815	0.66005
790.19027	0.71871
790.67239	0.65438
791.15451	0.57542
791.63662	0.51055
792.11874	0.45248
792.60086	0.39445
793.08297	0.33170
793.56509	0.25701
794.04721	0.16919
794.52933	0.07081
795.01144	-0.03100
795.49356	-0.13103
795.97568	-0.22029
796.45780	-0.29139
796.93991	-0.32692
797.42203	-0.31060
797.90415	-0.24513
798.38626	-0.17115
798.86838	-0.09178
799.35050	-0.04035
799.83262	-0.01010
800.31473	0.00768
800.79685	0.02080
801.27897	0.04538
801.76109	0.09372
802.24320	0.17118
802.72532	0.27420
803.20744	0.41164
803.68956	0.60105
804.17167	0.91409
804.65379	5.00000
805.13591	5.00000
805.61802	0.89897
806.10014	0.50633
806.58226	0.40588
807.06438	0.33973
807.54649	0.29689
808.02861	0.26742
808.51073	0.23735
808.99285	0.20057
809.47496	0.14996
809.95708	0.08640
810.43920	0.01509
810.92131	-0.04672
811.40343	-0.08343
811.88555	-0.08817
812.36767	-0.06782
812.84978	-0.03359
813.33190	0.00571
813.81402	0.04126
814.29614	0.06537
814.77825	0.07658
815.26037	0.07239
815.74249	0.05345
816.22461	0.01815
816.70672	-0.02777
817.18884	-0.07797
817.67096	-0.11577
818.15307	-0.12070
818.63519	-0.12979
819.11731	-0.18850
819.59943	-0.29196
820.08154	-0.34695
820.56366	-0.37285
821.04578	-0.36558
821.52790	-0.35002
822.01001	-0.30055
822.49213	-0.26878
822.97425	-0.24724
823.45636	-0.22923
823.93848	-0.19939
824.42060	-0.15135
824.90272	-0.08168
825.38483	0.00654
825.86695	0.11217
826.34907	0.23914
826.83119	0.39115
827.31330	0.57400
827.79542	0.78090
828.27754	1.03450
828.75966	1.32093
829.24177	1.53389
829.72389	1.33764
830.20601	0.95310
830.68812	0.63859
831.17024	0.38858
831.65236	0.16527
832.13448	-0.09414
832.61659	-0.47080
833.09871	-0.47080
833.58083	5.00000
834.06295	-0.75417
834.54506	-0.12205
835.02718	0.13832
835.50930	0.31245
835.99141	0.53214
836.47353	0.74002
836.95565	0.73791
837.43777	0.55259
837.91988	0.34871
838.40200	0.18092
838.88412	0.06165
839.36624	-0.02270
839.84835	-0.09351
840.33047	-0.16095
840.81259	-0.24178
841.29471	-0.39899
841.77682	-0.51592
842.25894	-0.30602
842.74106	0.01373
843.22317	0.23527
843.70529	0.41552
844.18741	0.54609
844.66953	0.59629
845.15164	0.55418
845.63376	0.46255
846.11588	0.37090
846.59800	0.30744
847.08011	0.25425
847.56223	0.22242
848.04435	0.21110
848.52646	0.22100
849.00858	0.25362
849.49070	0.31526
849.97282	0.42188
850.45493	0.61206
850.93705	0.74132
851.41917	0.66107
851.90129	0.43454
852.38340	0.33940
852.86552	0.35138
853.34764	0.37082
853.82976	0.36829
854.31187	0.34992
854.79399	0.34668
855.27611	0.35137
855.75822	0.36252
856.24034	0.37677
856.72246	0.37678
857.20458	0.35855
857.68669	0.31214
858.16881	0.23569
858.65093	0.12435
859.13305	-0.00768
859.61516	-0.14362
860.09728	-0.26062
860.57940	-0.34020
861.06151	-0.37872
861.54363	-0.40008
862.02575	-0.43544
862.50787	-0.52184
862.98998	-0.67223
863.47210	-0.74581
863.95422	-0.61767
864.43634	-0.39848
864.91845	-0.22004
865.40057	-0.09455
865.88269	-0.03285
866.36481	-0.03063
866.84692	-0.07912
867.32904	-0.15585
867.81116	-0.23967
868.29327	-0.31965
868.77539	-0.37683
869.25751	-0.39608
869.73963	-0.37949
870.22174	-0.34599
870.70386	-0.31278
871.18598	-0.29109
871.66810	-0.28561
872.15021	-0.29116
872.63233	-0.30489
873.11445	-0.31867
873.59656	-0.32650
874.07868	-0.32657
874.56080	-0.31635
875.04292	-0.29549
875.52503	-0.26506
876.00715	-0.22578
876.48927	-0.17478
876.97139	-0.10840
877.45350	-0.01572
877.93562	0.29275
878.41774	1.20904
878.89986	0.72886
879.38197	0.18925
879.86409	0.04823
880.34621	-0.00285
880.82832	-0.02121
881.31044	-0.03036
881.79256	-0.03431
882.27468	-0.03698
882.75679	-0.03874
883.23891	-0.03835
883.72103	-0.03412
884.20315	-0.02395
884.68526	-0.00274
885.16738	0.04329
885.64950	0.11954
886.13161	0.14925
886.61373	0.06492
887.09585	0.00791
887.57797	0.00512
888.06008	0.03554
888.54220	0.09601
889.02432	0.19421
889.50644	0.43030
889.98855	0.83592
890.47067	0.94293
890.95279	0.55738
891.43491	0.32513
891.91702	0.19358
892.39914	0.13029
892.88126	0.11076
893.36337	0.10966
893.84549	0.10466
894.32761	0.08537
894.80973	0.05635
895.29184	0.03639
895.77396	0.03427
896.25608	0.05769
896.73820	0.11361
897.22031	0.23690
897.70243	0.45671
898.18455	0.74964
898.66667	0.85768
899.14878	0.63848
899.63090	0.39154
900.11302	0.20789
900.59513	0.09180
901.07725	0.02805
901.55937	-0.00932
902.04149	-0.02214
902.52360	-0.01278
903.00572	0.01568
903.48784	0.05780
903.96996	0.11053
904.45207	0.17261
904.93419	0.25115
905.41631	0.34190
905.89842	0.43183
906.38054	0.49667
906.86266	0.49510
907.34478	0.43733
907.82689	0.38914
908.30901	0.39099
908.79113	0.43864
909.27325	0.52192
909.75536	0.64191
910.23748	0.80910
910.71960	1.16080
911.20172	1.61738
911.68383	1.32442
912.16595	0.91488
912.64807	0.70851
913.13018	0.55472
913.61230	0.42599
914.09442	0.30596
914.57654	0.19236
915.05865	0.08081
915.54077	-0.03036
916.02289	-0.14441
916.50501	-0.26698
916.98712	-0.40912
917.46924	-0.57063
917.95136	-0.72788
918.43347	-0.81438
918.91559	-0.74766
919.39771	-0.59896
919.87983	-0.45870
920.36194	-0.35423
920.84406	-0.26779
921.32618	-0.19738
921.80830	-0.14118
922.29041	-0.09813
922.77253	-0.05766
923.25465	0.00067
923.73677	0.09418
924.21888	0.23557
924.70100	0.42274
925.18312	0.63197
925.66523	0.84631
926.14735	1.07419
926.62947	0.96221
927.11159	0.66161
927.59370	0.42844
928.07582	0.27489
928.55794	0.16185
929.04006	0.07998
929.52217	0.02326
930.00429	-0.01676
930.48641	-0.04175
930.96852	-0.05606
931.45064	-0.06331
931.93276	-0.06579
932.41488	-0.06574
932.89699	-0.06397
933.37911	-0.06075
933.86123	-0.05352
934.34335	-0.03828
934.82546	-0.01252
935.30758	0.02336
935.78970	0.06843
936.27182	0.11793
936.75393	0.16865
937.23605	0.21737
937.71817	0.25573
938.20028	0.27519
938.68240	0.26754
939.16452	0.23275
939.64664	0.17732
940.12875	0.11486
940.61087	0.05436
941.09299	0.00328
941.57511	-0.03912
942.05722	-0.06588
942.53934	-0.06834
943.02146	-0.02685
943.50357	-0.08723
943.98569	-0.14257
944.46781	-0.12141
944.94993	-0.04674
945.43204	0.01384
945.91416	0.07988
946.39628	0.15111
946.87840	0.22725
947.36051	0.30263
947.84263	0.37869
948.32475	0.45189
948.80687	0.51834
949.28898	0.57234
949.77110	0.61033
950.25322	0.62893
950.73533	0.62537
951.21745	0.59289
951.69957	0.50666
952.18169	0.39056
952.66380	0.33225
953.14592	0.33230
953.62804	0.38760
954.11016	0.47772
954.59227	0.60268
955.07439	0.78462
955.55651	0.97956
956.03862	0.89162
956.52074	0.63216
957.00286	0.45066
957.48498	0.30502
957.96709	0.18502
958.44921	0.08533
958.93133	0.00461
959.41345	-0.06134
959.89556	-0.11088
960.37768	-0.14183
960.85980	-0.15206
961.34192	-0.14187
961.82403	-0.11232
962.30615	-0.06826
962.78827	-0.01784
963.27038	0.02932
963.75250	0.06442
964.23462	0.07997
964.71674	0.07080
965.19885	0.03424
965.68097	-0.02758
966.16309	-0.10745
966.64521	-0.18194
967.12732	-0.22802
967.60944	-0.22487
968.09156	-0.17707
968.57367	-0.08587
969.05579	0.02387
969.53791	0.08730
970.02003	0.03137
970.50214	-0.09826
970.98426	-0.22194
971.46638	-0.26534
971.94850	-0.20676
972.43061	-0.07851
972.91273	0.07377
973.39485	0.20950
973.87697	0.29471
974.35908	0.32990
974.84120	0.33416
975.32332	0.33162
975.80543	0.33822
976.28755	0.36417
976.76967	0.41332
977.25179	0.47837
977.73390	0.52500
978.21602	0.22532
978.69814	5.00000
979.18026	5.00000
979.66237	-0.81058
980.14449	-0.32920
980.62661	-0.15048
981.10872	-0.03775
981.59084	0.05076
982.07296	0.07088
982.55508	-0.00882
983.03719	-0.16142
983.51931	-0.31381
984.00143	-0.46805
984.48355	-0.60252
984.96566	-0.71424
985.44778	-0.79812
985.92990	-0.82509
986.41202	-0.81400
986.89413	-0.77687
987.37625	-0.69642
987.85837	-0.55540
988.34048	-0.35074
988.82260	-0.15451
989.30472	-0.02594
989.78684	0.06597
990.26895	0.12405
990.75107	0.14976
991.23319	0.13601
991.71531	0.08048
992.19742	-0.00711
992.67954	-0.11399
993.16166	-0.22797
993.64378	-0.30969
994.12589	-0.32041
994.60801	-0.24931
995.09013	-0.15471
995.57224	-0.05969
996.05436	0.01291
996.53648	0.06256
997.01860	0.08812
997.50071	0.08998
997.98283	0.06786
998.46495	0.02139
998.94707	-0.05142
999.42918	-0.16783
