0.00000	0.39467
0.48212	0.39250
0.96423	0.38612
1.44635	0.37583
1.92847	0.36189
2.41059	0.34321
2.89270	0.31937
3.37482	0.28825
3.85694	0.24775
4.33906	0.20139
4.82117	0.14037
5.30329	0.07056
5.78541	0.00388
6.26753	-0.03943
6.74964	-0.05746
7.23176	-0.05225
7.71388	-0.03246
8.19599	-0.00803
8.67811	0.01576
9.16023	0.03538
9.64235	0.04940
10.12446	0.05741
10.60658	0.06057
11.08870	0.06055
11.57082	0.05976
12.05293	0.05795
12.53505	0.05892
13.01717	0.06449
13.49928	0.07902
13.98140	0.20256
14.46352	0.66713
14.94564	0.62197
15.42775	0.03999
15.90987	-0.05439
16.39199	-0.05540
16.87411	-0.03980
17.35622	-0.02841
17.83834	-0.02300
18.32046	-0.01823
18.80258	-0.01452
19.28469	-0.01204
19.76681	-0.01072
20.24893	-0.01032
20.73104	-0.01053
21.21316	-0.01097
21.69528	-0.01127
22.17740	-0.01119
22.65951	-0.01056
23.14163	-0.00931
23.62375	-0.00752
24.10587	-0.00533
24.58798	-0.00296
25.07010	-0.00063
25.55222	0.00141
26.03433	0.00299
26.51645	0.00400
26.99857	0.00444
27.48069	0.00435
27.96280	0.00384
28.44492	0.00308
28.92704	0.00219
29.40916	0.00131
29.89127	0.00054
30.37339	-0.00006
30.85551	-0.00046
31.33763	-0.00064
31.81974	-0.00065
32.30186	-0.00053
32.78398	-0.00033
33.26609	-0.00012
33.74821	0.00004
34.23033	0.00011
34.71245	0.00005
35.19456	-0.00014
35.67668	-0.00044
36.15880	-0.00081
36.64092	-0.00120
37.12303	-0.00158
37.60515	-0.00190
38.08727	-0.00215
38.56938	-0.00232
39.05150	-0.00243
39.53362	-0.00249
40.01574	-0.00253
40.49785	-0.00259
40.97997	-0.00269
41.46209	-0.00284
41.94421	-0.00304
42.42632	-0.00327
42.90844	-0.00353
43.39056	-0.00376
43.87268	-0.00396
44.35479	-0.00410
44.83691	-0.00418
45.31903	-0.00419
45.80114	-0.00415
46.28326	-0.00406
46.76538	-0.00393
47.24750	-0.00376
47.72961	-0.00354
48.21173	-0.00329
48.69385	-0.00302
49.17597	-0.00275
49.65808	-0.00252
50.14020	-0.00236
50.62232	-0.00232
51.10443	-0.00243
51.58655	-0.00268
52.06867	-0.00308
52.55079	-0.00360
53.03290	-0.00420
53.51502	-0.00481
53.99714	-0.00535
54.47926	-0.00577
54.96137	-0.00599
55.44349	-0.00597
55.92561	-0.00571
56.40773	-0.00524
56.88984	-0.00462
57.37196	-0.00390
57.85408	-0.00318
58.33619	-0.00249
58.81831	-0.00189
59.30043	-0.00141
59.78255	-0.00106
60.26466	-0.00084
60.74678	-0.00075
61.22890	-0.00079
61.71102	-0.00093
62.19313	-0.00116
62.67525	-0.00145
63.15737	-0.00178
63.63948	-0.00212
64.12160	-0.00243
64.60372	-0.00270
65.08584	-0.00289
65.56795	-0.00300
66.05007	-0.00301
66.53219	-0.00294
67.01431	-0.00279
67.49642	-0.00258
67.97854	-0.00233
68.46066	-0.00207
68.94278	-0.00183
69.42489	-0.00163
69.90701	-0.00151
70.38913	-0.00146
70.87124	-0.00150
71.35336	-0.00159
71.83548	-0.00172
72.31760	-0.00186
72.79971	-0.00199
73.28183	-0.00208
73.76395	-0.00214
74.24607	-0.00218
74.72818	-0.00221
75.21030	-0.00226
75.69242	-0.00233
76.17453	-0.00243
76.65665	-0.00257
77.13877	-0.00271
77.62089	-0.00284
78.10300	-0.00293
78.58512	-0.00296
79.06724	-0.00292
79.54936	-0.00283
80.03147	-0.00270
80.51359	-0.00257
80.99571	-0.00246
81.47783	-0.00240
81.95994	-0.00240
82.44206	-0.00249
82.92418	-0.00267
83.40629	-0.00292
83.88841	-0.00324
84.37053	-0.00359
84.85265	-0.00394
85.33476	-0.00427
85.81688	-0.00455
86.29900	-0.00479
86.78112	-0.00497
87.26323	-0.00512
87.74535	-0.00523
88.22747	-0.00532
88.70958	-0.00540
89.19170	-0.00549
89.67382	-0.00560
90.15594	-0.00573
90.63805	-0.00588
91.12017	-0.00607
91.60229	-0.00627
92.08441	-0.00650
92.56652	-0.00672
93.04864	-0.00694
93.53076	-0.00712
94.01288	-0.00726
94.49499	-0.00735
94.97711	-0.00739
95.45923	-0.00739
95.94134	-0.00735
96.42346	-0.00730
96.90558	-0.00724
97.38770	-0.00720
97.86981	-0.00718
98.35193	-0.00720
98.83405	-0.00724
99.31617	-0.00729
99.79828	-0.00734
100.28040	-0.00739
100.76252	-0.00740
101.24464	-0.00740
101.72675	-0.00737
102.20887	-0.00734
102.69099	-0.00732
103.17310	-0.00733
103.65522	-0.00738
104.13734	-0.00747
104.61946	-0.00761
105.10157	-0.00780
105.58369	-0.00801
106.06581	-0.00824
106.54793	-0.00847
107.03004	-0.00868
107.51216	-0.00886
107.99428	-0.00899
108.47639	-0.00907
108.95851	-0.00909
109.44063	-0.00905
109.92275	-0.00896
110.40486	-0.00882
110.88698	-0.00863
111.36910	-0.00842
111.85122	-0.00818
112.33333	-0.00796
112.81545	-0.00775
113.29757	-0.00759
113.77969	-0.00747
114.26180	-0.00741
114.74392	-0.00739
115.22604	-0.00740
115.70815	-0.00742
116.19027	-0.00742
116.67239	-0.00739
117.15451	-0.00731
117.63662	-0.00719
118.11874	-0.00704
118.60086	-0.00688
119.08298	-0.00673
119.56509	-0.00661
120.04721	-0.00654
120.52933	-0.00653
121.01144	-0.00660
121.49356	-0.00673
121.97568	-0.00691
122.45780	-0.00713
122.93991	-0.00735
123.42203	-0.00758
123.90415	-0.00778
124.38627	-0.00796
124.86838	-0.00811
125.35050	-0.00823
125.83262	-0.00834
126.31474	-0.00842
126.79685	-0.00851
127.27897	-0.00860
127.76109	-0.00870
128.24320	-0.00881
128.72532	-0.00895
129.20744	-0.00910
129.68956	-0.00925
130.17167	-0.00940
130.65379	-0.00952
131.13591	-0.00961
131.61803	-0.00966
132.10014	-0.00965
132.58226	-0.00961
133.06438	-0.00952
133.54649	-0.00942
134.02861	-0.00931
134.51073	-0.00920
134.99285	-0.00912
135.47496	-0.00905
135.95708	-0.00902
136.43920	-0.00900
136.92132	-0.00899
137.40343	-0.00899
137.88555	-0.00897
138.36767	-0.00894
138.84979	-0.00890
139.33190	-0.00885
139.81402	-0.00881
140.29614	-0.00877
140.77825	-0.00874
141.26037	-0.00873
141.74249	-0.00873
142.22461	-0.00874
142.70672	-0.00875
143.18884	-0.00875
143.67096	-0.00874
144.15308	-0.00872
144.63519	-0.00870
145.11731	-0.00867
145.59943	-0.00864
146.08154	-0.00863
146.56366	-0.00863
147.04578	-0.00864
147.52790	-0.00866
148.01001	-0.00868
148.49213	-0.00870
148.97425	-0.00871
149.45637	-0.00871
149.93848	-0.00868
150.42060	-0.00863
150.90272	-0.00856
151.38484	-0.00847
151.86695	-0.00836
152.34907	-0.00825
152.83119	-0.00814
153.31330	-0.00804
153.79542	-0.00794
154.27754	-0.00784
154.75966	-0.00774
155.24177	-0.00763
155.72389	-0.00750
156.20601	-0.00736
156.68813	-0.00719
157.17024	-0.00700
157.65236	-0.00680
158.13448	-0.00659
158.61659	-0.00637
159.09871	-0.00616
159.58083	-0.00595
160.06295	-0.00574
160.54506	-0.00551
161.02718	-0.00527
161.50930	-0.00500
161.99142	-0.00470
162.47353	-0.00438
162.95565	-0.00404
163.43777	-0.00370
163.91989	-0.00337
164.40200	-0.00308
164.88412	-0.00284
165.36624	-0.00266
165.84835	-0.00253
166.33047	-0.00243
166.81259	-0.00236
167.29471	-0.00227
167.77682	-0.00216
168.25894	-0.00199
168.74106	-0.00177
169.22318	-0.00148
169.70529	-0.00114
170.18741	-0.00076
170.66953	-0.00034
171.15164	0.00009
171.63376	0.00054
172.11588	0.00100
172.59800	0.00149
173.08011	0.00202
173.56223	0.00259
174.04435	0.00323
174.52647	0.00393
175.00858	0.00470
175.49070	0.00552
175.97282	0.00637
176.45494	0.00723
176.93705	0.00806
177.41917	0.00886
177.90129	0.00960
178.38340	0.01028
178.86552	0.01091
179.34764	0.01153
179.82976	0.01216
180.31187	0.01283
180.79399	0.01359
181.27611	0.01444
181.75823	0.01540
182.24034	0.01646
182.72246	0.01760
183.20458	0.01878
183.68669	0.01997
184.16881	0.02113
184.65093	0.02223
185.13305	0.02324
185.61516	0.02417
186.09728	0.02499
186.57940	0.02571
187.06152	0.02632
187.54363	0.02683
188.02575	0.02723
188.50787	0.02753
188.98999	0.02771
189.47210	0.02779
189.95422	0.02778
190.43634	0.02769
190.91845	0.02755
191.40057	0.02741
191.88269	0.02729
192.36481	0.02725
192.84692	0.02733
193.32904	0.02753
193.81116	0.02789
194.29328	0.02838
194.77539	0.02898
195.25751	0.02967
195.73963	0.03039
196.22174	0.03112
196.70386	0.03182
197.18598	0.03249
197.66810	0.03314
198.15021	0.03378
198.63233	0.03444
199.11445	0.03515
199.59657	0.03594
200.07868	0.03681
200.56080	0.03778
201.04292	0.03881
201.52504	0.03990
202.00715	0.04101
202.48927	0.04212
202.97139	0.04322
203.45350	0.04432
203.93562	0.04543
204.41774	0.04659
204.89986	0.04782
205.38197	0.04914
205.86409	0.05057
206.34621	0.05210
206.82833	0.05371
207.31044	0.05535
207.79256	0.05699
208.27468	0.05857
208.75680	0.06005
209.23891	0.06142
209.72103	0.06268
210.20315	0.06384
210.68526	0.06495
211.16738	0.06604
211.64950	0.06717
212.13162	0.06834
212.61373	0.06958
213.09585	0.07085
213.57797	0.07214
214.06009	0.07339
214.54220	0.07459
215.02432	0.07568
215.50644	0.07668
215.98855	0.07757
216.47067	0.07840
216.95279	0.07919
217.43491	0.07999
217.91702	0.08082
218.39914	0.08171
218.88126	0.08265
219.36338	0.08362
219.84549	0.08461
220.32761	0.08556
220.80973	0.08647
221.29185	0.08729
221.77396	0.08804
222.25608	0.08871
222.73820	0.08933
223.22031	0.08993
223.70243	0.09055
224.18455	0.09120
224.66667	0.09192
225.14878	0.09270
225.63090	0.09354
226.11302	0.09443
226.59514	0.09535
227.07725	0.09629
227.55937	0.09726
228.04149	0.09824
228.52360	0.09926
229.00572	0.10033
229.48784	0.10148
229.96996	0.10274
230.45207	0.10411
230.93419	0.10561
231.41631	0.10721
231.89843	0.10889
232.38054	0.11064
232.86266	0.11242
233.34478	0.11419
233.82690	0.11595
234.30901	0.11769
234.79113	0.11939
235.27325	0.12107
235.75536	0.12274
236.23748	0.12440
236.71960	0.12606
237.20172	0.12772
237.68383	0.12935
238.16595	0.13096
238.64807	0.13250
239.13019	0.13398
239.61230	0.13538
240.09442	0.13669
240.57654	0.13792
241.05865	0.13909
241.54077	0.14022
242.02289	0.14133
242.50501	0.14245
242.98712	0.14359
243.46924	0.14475
243.95136	0.14592
244.43348	0.14709
244.91559	0.14825
245.39771	0.14936
245.87983	0.15041
246.36195	0.15138
246.84406	0.15227
247.32618	0.15308
247.80830	0.15384
248.29041	0.15456
248.77253	0.15528
249.25465	0.15601
249.73677	0.15676
250.21888	0.15753
250.70100	0.15833
251.18312	0.15912
251.66524	0.15990
252.14735	0.16063
252.62947	0.16130
253.11159	0.16188
253.59370	0.16237
254.07582	0.16277
254.55794	0.16308
255.04006	0.16332
255.52217	0.16351
256.00429	0.16366
256.48641	0.16378
256.96853	0.16388
257.45064	0.16395
257.93276	0.16400
258.41488	0.16401
258.89700	0.16400
259.37911	0.16394
259.86123	0.16386
260.34335	0.16375
260.82546	0.16363
261.30758	0.16350
261.78970	0.16335
262.27182	0.16319
262.75393	0.16299
263.23605	0.16273
263.71817	0.16238
264.20029	0.16192
264.68240	0.16130
265.16452	0.16053
265.64664	0.15960
266.12875	0.15852
266.61087	0.15733
267.09299	0.15607
267.57511	0.15479
268.05722	0.15354
268.53934	0.15234
269.02146	0.15121
269.50358	0.15013
269.98569	0.14907
270.46781	0.14797
270.94993	0.14679
271.43205	0.14547
271.91416	0.14398
272.39628	0.14228
272.87840	0.14039
273.36051	0.13832
273.84263	0.13609
274.32475	0.13374
274.80687	0.13130
275.28898	0.12878
275.77110	0.12618
276.25322	0.12348
276.73534	0.12064
277.21745	0.11762
277.69957	0.11441
278.18169	0.11098
278.66380	0.10735
279.14592	0.10356
279.62804	0.09969
280.11016	0.09583
280.59227	0.09207
281.07439	0.08848
281.55651	0.08513
282.03863	0.08201
282.52074	0.07913
283.00286	0.07641
283.48498	0.07380
283.96710	0.07123
284.44921	0.06864
284.93133	0.06602
285.41345	0.06340
285.89556	0.06080
286.37768	0.05828
286.85980	0.05587
287.34192	0.05359
287.82403	0.05142
288.30615	0.04930
288.78827	0.04712
289.27039	0.04476
289.75250	0.04211
290.23462	0.03908
290.71674	0.03563
291.19885	0.03177
291.68097	0.02758
292.16309	0.02319
292.64521	0.01872
293.12732	0.01431
293.60944	0.01008
294.09156	0.00609
294.57368	0.00239
295.05579	-0.00101
295.53791	-0.00409
296.02003	-0.00686
296.50215	-0.00929
296.98426	-0.01132
297.46638	-0.01290
297.94850	-0.01394
298.43061	-0.01439
298.91273	-0.01422
299.39485	-0.01346
299.87697	-0.01215
300.35908	-0.01038
300.84120	-0.00825
301.32332	-0.00585
301.80544	-0.00326
302.28755	-0.00051
302.76967	0.00237
303.25179	0.00542
303.73391	0.00864
304.21602	0.01202
304.69814	0.01553
305.18026	0.01907
305.66237	0.02252
306.14449	0.02573
306.62661	0.02858
307.10873	0.03095
307.59084	0.03280
308.07296	0.03417
308.55508	0.03514
309.03720	0.03586
309.51931	0.03648
310.00143	0.03714
310.48355	0.03793
310.96566	0.03886
311.44778	0.03988
311.92990	0.04086
312.41202	0.04167
312.89413	0.04216
313.37625	0.04226
313.85837	0.04195
314.34049	0.04134
314.82260	0.04058
315.30472	0.03989
315.78684	0.03947
316.26896	0.03948
316.75107	0.03997
317.23319	0.04089
317.71531	0.04210
318.19742	0.04338
318.67954	0.04453
319.16166	0.04534
319.64378	0.04572
320.12589	0.04565
320.60801	0.04521
321.09013	0.04452
321.57225	0.04368
322.05436	0.04273
322.53648	0.04159
323.01860	0.04010
323.50071	0.03803
323.98283	0.03515
324.46495	0.03137
324.94707	0.02675
325.42918	0.02152
325.91130	0.01612
326.39342	0.01103
326.87554	0.00674
327.35765	0.00362
327.83977	0.00183
328.32189	0.00134
328.80401	0.00196
329.28612	0.00335
329.76824	0.00508
330.25036	0.00674
330.73247	0.00794
331.21459	0.00843
331.69671	0.00808
332.17883	0.00689
332.66094	0.00497
333.14306	0.00246
333.62518	-0.00050
334.10730	-0.00377
334.58941	-0.00728
335.07153	-0.01093
335.55365	-0.01458
336.03576	-0.01808
336.51788	-0.02122
337.00000	-0.02381
337.48212	-0.02571
337.96423	-0.02687
338.44635	-0.02739
338.92847	-0.02744
339.41059	-0.02732
339.89270	-0.02728
340.37482	-0.02754
340.85694	-0.02821
341.33906	-0.02931
341.82117	-0.03072
342.30329	-0.03228
342.78541	-0.03375
343.26752	-0.03490
343.74964	-0.03558
344.23176	-0.03576
344.71388	-0.03559
345.19599	-0.03531
345.67811	-0.03521
346.16023	-0.03564
346.64235	-0.03681
347.12446	-0.03878
347.60658	-0.04145
348.08870	-0.04453
348.57081	-0.04762
349.05293	-0.05028
349.53505	-0.05215
350.01717	-0.05309
350.49928	-0.05314
350.98140	-0.05254
351.46352	-0.05168
351.94564	-0.05095
352.42775	-0.05067
352.90987	-0.05100
353.39199	-0.05192
353.87411	-0.05320
354.35622	-0.05452
354.83834	-0.05550
355.32046	-0.05581
355.80257	-0.05529
356.28469	-0.05399
356.76681	-0.05215
357.24893	-0.05015
357.73104	-0.04841
358.21316	-0.04731
358.69528	-0.04716
359.17740	-0.04810
359.65951	-0.05013
360.14163	-0.05309
360.62375	-0.05673
361.10586	-0.06070
361.58798	-0.06467
362.07010	-0.06840
362.55222	-0.07170
363.03433	-0.07447
363.51645	-0.07667
363.99857	-0.07833
364.48069	-0.07946
364.96280	-0.08010
365.44492	-0.08027
365.92704	-0.07999
366.40916	-0.07923
366.89127	-0.07801
367.37339	-0.07631
367.85551	-0.07417
368.33762	-0.07167
368.81974	-0.06895
369.30186	-0.06621
369.78398	-0.06368
370.26609	-0.06159
370.74821	-0.06006
371.23033	-0.05916
371.71245	-0.05880
372.19456	-0.05878
372.67668	-0.05889
373.15880	-0.05893
373.64091	-0.05879
374.12303	-0.05847
374.60515	-0.05809
375.08727	-0.05780
375.56938	-0.05781
376.05150	-0.05827
376.53362	-0.05925
377.01574	-0.06071
377.49785	-0.06253
377.97997	-0.06453
378.46209	-0.06654
378.94421	-0.06851
379.42632	-0.07042
379.90844	-0.07238
380.39056	-0.07452
380.87267	-0.07698
381.35479	-0.07981
381.83691	-0.08297
382.31903	-0.08627
382.80114	-0.08944
383.28326	-0.09215
383.76538	-0.09408
384.24750	-0.09505
384.72961	-0.09494
385.21173	-0.09382
385.69385	-0.09189
386.17596	-0.08940
386.65808	-0.08667
387.14020	-0.08406
387.62232	-0.08187
388.10443	-0.08034
388.58655	-0.07964
389.06867	-0.07987
389.55079	-0.08107
390.03290	-0.08328
390.51502	-0.08651
390.99714	-0.09077
391.47926	-0.09597
391.96137	-0.10197
392.44349	-0.10846
392.92561	-0.11498
393.40772	-0.12098
393.88984	-0.12585
394.37196	-0.12906
394.85408	-0.13029
395.33619	-0.12951
395.81831	-0.12698
396.30043	-0.12329
396.78255	-0.11916
397.26466	-0.11532
397.74678	-0.11242
398.22890	-0.11083
398.71102	-0.11063
399.19313	-0.11160
399.67525	-0.11331
400.15737	-0.11519
400.63948	-0.11670
401.12160	-0.11744
401.60372	-0.11725
402.08584	-0.11617
402.56795	-0.11449
403.05007	-0.11263
403.53219	-0.11103
404.01431	-0.11006
404.49642	-0.10992
404.97854	-0.11068
405.46066	-0.11224
405.94277	-0.11439
406.42489	-0.11684
406.90701	-0.11928
407.38913	-0.12141
407.87124	-0.12299
408.35336	-0.12383
408.83548	-0.12387
409.31760	-0.12311
409.79971	-0.12168
410.28183	-0.11973
410.76395	-0.11746
411.24607	-0.11510
411.72818	-0.11287
412.21030	-0.11098
412.69242	-0.10959
413.17453	-0.10883
413.65665	-0.10878
414.13877	-0.10942
414.62089	-0.11064
415.10300	-0.11229
415.58512	-0.11413
416.06724	-0.11594
416.54936	-0.11754
417.03147	-0.11882
417.51359	-0.11977
417.99571	-0.12045
418.47782	-0.12097
418.95994	-0.12148
419.44206	-0.12207
419.92418	-0.12283
420.40629	-0.12379
420.88841	-0.12493
421.37053	-0.12625
421.85265	-0.12775
422.33476	-0.12948
422.81688	-0.13151
423.29900	-0.13391
423.78112	-0.13674
424.26323	-0.13995
424.74535	-0.14339
425.22747	-0.14674
425.70958	-0.14958
426.19170	-0.15139
426.67382	-0.15172
427.15594	-0.15026
427.63805	-0.14698
428.12017	-0.14216
428.60229	-0.13633
429.08441	-0.13016
429.56652	-0.12435
430.04864	-0.11954
430.53076	-0.11629
431.01287	-0.11494
431.49499	-0.11568
431.97711	-0.11852
432.45923	-0.12337
432.94134	-0.12988
433.42346	-0.13760
433.90558	-0.14605
434.38770	-0.15476
434.86981	-0.16328
435.35193	-0.17132
435.83405	-0.17872
436.31617	-0.18549
436.79828	-0.19166
437.28040	-0.19730
437.76252	-0.20248
438.24463	-0.20723
438.72675	-0.21145
439.20887	-0.21499
439.69099	-0.21758
440.17310	-0.21887
440.65522	-0.21849
441.13734	-0.21612
441.61946	-0.21158
442.10157	-0.20487
442.58369	-0.19623
443.06581	-0.18606
443.54792	-0.17488
444.03004	-0.16330
444.51216	-0.15182
444.99428	-0.14087
445.47639	-0.13084
445.95851	-0.12199
446.44063	-0.11449
446.92275	-0.10841
447.40486	-0.10379
447.88698	-0.10060
448.36910	-0.09884
448.85122	-0.09851
449.33333	-0.09956
449.81545	-0.10190
450.29757	-0.10529
450.77968	-0.10938
451.26180	-0.11373
451.74392	-0.11784
452.22604	-0.12125
452.70815	-0.12361
453.19027	-0.12475
453.67239	-0.12476
454.15451	-0.12394
454.63662	-0.12277
455.11874	-0.12178
455.60086	-0.12146
456.08297	-0.12213
456.56509	-0.12392
457.04721	-0.12672
457.52933	-0.13020
458.01144	-0.13390
458.49356	-0.13730
458.97568	-0.13990
459.45780	-0.14136
459.93991	-0.14165
460.42203	-0.14104
460.90415	-0.14002
461.38627	-0.13914
461.86838	-0.13898
462.35050	-0.13987
462.83262	-0.14192
463.31473	-0.14499
463.79685	-0.14893
464.27897	-0.15345
464.76109	-0.15819
465.24320	-0.16270
465.72532	-0.16663
466.20744	-0.16959
466.68956	-0.17127
467.17167	-0.17142
467.65379	-0.17003
468.13591	-0.16719
468.61802	-0.16305
469.10014	-0.15788
469.58226	-0.15195
470.06438	-0.14547
470.54649	-0.13866
471.02861	-0.13166
471.51073	-0.12463
471.99285	-0.11770
472.47496	-0.11096
472.95708	-0.10448
473.43920	-0.09832
473.92132	-0.09246
474.40343	-0.08688
474.88555	-0.08158
475.36767	-0.07659
475.84978	-0.07204
476.33190	-0.06821
476.81402	-0.06549
477.29614	-0.06440
477.77825	-0.06544
478.26037	-0.06894
478.74249	-0.07496
479.22461	-0.08311
479.70672	-0.09258
480.18884	-0.10226
480.67096	-0.11089
481.15307	-0.11748
481.63519	-0.12144
482.11731	-0.12257
482.59943	-0.12111
483.08154	-0.11764
483.56366	-0.11286
484.04578	-0.10741
484.52790	-0.10182
485.01001	-0.09651
485.49213	-0.09174
485.97425	-0.08772
486.45637	-0.08464
486.93848	-0.08285
487.42060	-0.08272
487.90272	-0.08472
488.38483	-0.08927
488.86695	-0.09660
489.34907	-0.10666
489.83119	-0.11908
490.31330	-0.13314
490.79542	-0.14780
491.27754	-0.16186
491.75966	-0.17404
492.24177	-0.18324
492.72389	-0.18857
493.20601	-0.18963
493.68812	-0.18656
494.17024	-0.18006
494.65236	-0.17141
495.13448	-0.16213
495.61659	-0.15386
496.09871	-0.14810
496.58083	-0.14599
497.06295	-0.14827
497.54506	-0.15514
498.02718	-0.16630
498.50930	-0.18102
498.99142	-0.19814
499.47353	-0.21608
499.95565	-0.23306
500.43777	-0.24698
500.91988	-0.25590
501.40200	-0.25829
501.88412	-0.25339
502.36624	-0.24142
502.84835	-0.22361
503.33047	-0.20184
503.81259	-0.17823
504.29471	-0.15474
504.77682	-0.13302
505.25894	-0.11421
505.74106	-0.09903
506.22318	-0.08778
506.70529	-0.08041
507.18741	-0.07656
507.66953	-0.07577
508.15164	-0.07745
508.63376	-0.08106
509.11588	-0.08609
509.59800	-0.09219
510.08011	-0.09913
510.56223	-0.10682
511.04435	-0.11516
511.52647	-0.12407
512.00858	-0.13331
512.49070	-0.14247
512.97282	-0.15094
513.45493	-0.15801
513.93705	-0.16291
514.41917	-0.16494
514.90129	-0.16356
515.38340	-0.15861
515.86552	-0.15030
516.34764	-0.13932
516.82976	-0.12680
517.31187	-0.11444
517.79399	-0.10392
518.27611	-0.09694
518.75823	-0.09488
519.24034	-0.09841
519.72246	-0.10739
520.20458	-0.12096
520.68669	-0.13750
521.16881	-0.15514
521.65093	-0.17154
522.13305	-0.18462
522.61516	-0.19263
523.09728	-0.19453
523.57940	-0.19009
524.06152	-0.17990
524.54363	-0.16525
525.02575	-0.14806
525.50787	-0.13031
525.98998	-0.11392
526.47210	-0.10054
526.95422	-0.09130
527.43634	-0.08688
527.91845	-0.08718
528.40057	-0.09170
528.88269	-0.09952
529.36481	-0.10975
529.84692	-0.12173
530.32904	-0.13537
530.81116	-0.15099
531.29328	-0.16901
531.77539	-0.18949
532.25751	-0.21222
532.73963	-0.23488
533.22174	-0.25590
533.70386	-0.27226
534.18598	-0.28138
534.66810	-0.28204
535.15021	-0.27433
535.63233	-0.25949
536.11445	-0.23972
536.59657	-0.21653
537.07868	-0.19180
537.56080	-0.16702
538.04292	-0.14366
538.52503	-0.12308
539.00715	-0.10638
539.48927	-0.09438
539.97139	-0.08762
540.45350	-0.08657
540.93562	-0.09105
541.41774	-0.10084
541.89986	-0.11556
542.38197	-0.13438
542.86409	-0.15619
543.34621	-0.17946
543.82833	-0.20229
544.31044	-0.22251
544.79256	-0.23725
545.27468	-0.24394
545.75679	-0.24084
546.23891	-0.22795
546.72103	-0.20646
547.20315	-0.17976
547.68526	-0.15210
548.16738	-0.12743
548.64950	-0.10841
549.13162	-0.09623
549.61373	-0.09054
550.09585	-0.09011
550.57797	-0.09280
551.06008	-0.09647
551.54220	-0.09956
552.02432	-0.10054
552.50644	-0.09937
552.98855	-0.09626
553.47067	-0.09195
553.95279	-0.08769
554.43491	-0.08620
554.91702	-0.09065
555.39914	-0.10433
555.88126	-0.12894
556.36338	-0.16559
556.84549	-0.21143
557.32761	-0.26206
557.80973	-0.31216
558.29184	-0.35791
558.77396	-0.39619
559.25608	-0.42498
559.73820	-0.44320
560.22031	-0.45039
560.70243	-0.44666
561.18455	-0.43344
561.66667	-0.41305
562.14878	-0.38811
562.63090	-0.36153
563.11302	-0.33562
563.59513	-0.31097
564.07725	-0.28799
564.55937	-0.26622
565.04149	-0.24524
565.52360	-0.22518
566.00572	-0.20669
566.48784	-0.19078
566.96996	-0.17877
567.45207	-0.17168
567.93419	-0.17035
568.41631	-0.17617
568.89843	-0.19018
569.38054	-0.21321
569.86266	-0.24478
570.34478	-0.28332
570.82689	-0.32620
571.30901	-0.37022
571.79113	-0.41211
572.27325	-0.45013
572.75536	-0.48366
573.23748	-0.51102
573.71960	-0.53108
574.20172	-0.54057
574.68383	-0.53675
575.16595	-0.51769
575.64807	-0.48570
576.13018	-0.44520
576.61230	-0.40236
577.09442	-0.36133
577.57654	-0.32764
578.05865	-0.30325
578.54077	-0.28801
579.02289	-0.27989
579.50501	-0.27577
579.98712	-0.27149
580.46924	-0.26237
580.95136	-0.24464
581.43348	-0.21726
581.91559	-0.17971
582.39771	-0.13442
582.87983	-0.08671
583.36194	-0.03900
583.84406	0.00445
584.32618	0.03886
584.80830	0.06046
585.29041	0.06726
585.77253	0.05963
586.25465	0.03896
586.73677	0.00649
587.21888	-0.03603
587.70100	-0.08630
588.18312	-0.14327
588.66523	-0.20777
589.14735	-0.27341
589.62947	-0.33316
590.11159	-0.38139
590.59370	-0.41438
591.07582	-0.43476
591.55794	-0.45142
592.04006	-0.47396
592.52217	-0.50936
593.00429	-0.55832
593.48641	-0.61415
593.96853	-0.66196
594.45064	-0.68346
594.93276	-0.67501
595.41488	-0.64325
595.89699	-0.60710
596.37911	-0.56221
596.86123	-0.50281
597.34335	-0.40664
597.82546	-0.29869
598.30758	-0.20641
598.78970	-0.16695
599.27182	-0.17249
599.75393	-0.20650
600.23605	-0.25198
600.71817	-0.29854
601.20029	-0.33786
601.68240	-0.36590
602.16452	-0.38101
602.64664	-0.38500
603.12875	-0.38240
603.61087	-0.38093
604.09299	-0.39291
604.57511	-0.43107
605.05722	-0.49110
605.53934	-0.55044
606.02146	-0.55280
606.50358	-0.45750
606.98569	-0.31719
607.46781	-0.18617
607.94993	-0.08098
608.43204	0.02041
608.91416	0.12467
609.39628	0.23777
609.87840	0.37493
610.36051	0.53175
610.84263	0.68841
611.32475	0.81020
611.80687	0.87874
612.28898	0.92301
612.77110	0.92498
613.25322	0.87409
613.73534	0.74482
614.21745	0.56441
614.69957	0.39137
615.18169	0.25344
615.66380	0.13514
616.14592	0.03883
616.62804	-0.03817
617.11016	-0.09678
617.59227	-0.13783
618.07439	-0.16131
618.55651	-0.16792
619.03863	-0.15867
619.52074	-0.13472
620.00286	-0.09742
620.48498	-0.04912
620.96709	0.00759
621.44921	0.06943
621.93133	0.12915
622.41345	0.17810
622.89556	0.20684
623.37768	0.20874
623.85980	0.18252
624.34192	0.12772
624.82403	0.04800
625.30615	-0.05123
625.78827	-0.16642
626.27039	-0.29069
626.75250	-0.41440
627.23462	-0.52581
627.71674	-0.60596
628.19885	-0.64096
628.68097	-0.63089
629.16309	-0.59014
629.64521	-0.52967
630.12732	-0.45870
630.60944	-0.38341
631.09156	-0.30710
631.57368	-0.23203
632.05579	-0.15958
632.53791	-0.09047
633.02003	-0.02311
633.50214	0.04000
633.98426	0.09955
634.46638	0.15588
634.94850	0.20667
635.43061	0.25890
635.91273	0.31870
636.39485	0.38249
636.87697	0.43845
637.35908	0.45599
637.84120	0.42029
638.32332	0.34947
638.80544	0.26275
639.28755	0.18131
639.76967	0.10680
640.25179	0.03759
640.73390	-0.03041
641.21602	-0.09848
641.69814	-0.16287
642.18026	-0.21821
642.66237	-0.25519
643.14449	-0.26441
643.62661	-0.25330
644.10873	-0.23666
644.59084	-0.22525
645.07296	-0.21942
645.55508	-0.21367
646.03719	-0.20092
646.51931	-0.17570
647.00143	-0.14030
647.48355	-0.09616
647.96566	-0.04519
648.44778	0.01083
648.92990	0.07330
649.41202	0.13946
649.89413	0.20678
650.37625	0.27708
650.85837	0.35300
651.34049	0.43691
651.82260	0.53513
652.30472	0.63525
652.78684	0.71794
653.26895	0.73169
653.75107	0.66112
654.23319	0.53577
654.71531	0.38185
655.19742	0.20485
655.67954	-0.01167
656.16166	-0.21212
656.64378	-0.32609
657.12589	-0.34821
657.60801	-0.39716
658.09013	-0.52895
658.57224	-0.61174
659.05436	-0.55908
659.53648	-0.43124
660.01860	-0.32092
660.50071	-0.25040
660.98283	-0.22560
661.46495	-0.24039
661.94707	-0.25760
662.42918	-0.16080
662.91130	0.06117
663.39342	0.27784
663.87554	0.42075
664.35765	0.52776
664.83977	0.61421
665.32189	0.68885
665.80400	0.75687
666.28612	0.82854
666.76824	0.92139
667.25036	1.07999
667.73247	1.65947
668.21459	1.86187
668.69671	0.89695
669.17883	0.54790
669.66094	0.34567
670.14306	0.18429
670.62518	0.05053
671.10729	-0.06262
671.58941	-0.15503
672.07153	-0.22586
672.55365	-0.27358
673.03576	-0.30211
673.51788	-0.31936
674.00000	-0.33015
674.48212	-0.32404
674.96423	-0.27577
675.44635	-0.17619
675.92847	-0.03877
676.41059	0.07318
676.89270	0.10169
677.37482	0.02564
677.85694	-0.14074
678.33905	-0.38393
678.82117	-0.66246
679.30329	-0.79384
679.78541	-0.61528
680.26752	-0.40017
680.74964	-0.26544
681.23176	-0.19593
681.71388	-0.14682
682.19599	-0.11014
682.67811	-0.07907
683.16023	-0.03728
683.64234	0.02831
684.12446	0.12683
684.60658	0.25444
685.08870	0.27355
685.57081	-0.05505
686.05293	-0.43471
686.53505	-0.63344
687.01717	-0.64769
687.49928	-0.58276
687.98140	-0.49067
688.46352	-0.39898
688.94564	-0.31596
689.42775	-0.22974
689.90987	-0.14347
690.39199	-0.06241
690.87410	0.00951
691.35622	0.06565
691.83834	0.10426
692.32046	0.12590
692.80257	0.13203
693.28469	0.12535
693.76681	0.11060
694.24893	0.09139
694.73104	0.06480
695.21316	0.05820
695.69528	0.10361
696.17740	0.20867
696.65951	0.33714
697.14163	0.46367
697.62375	0.56416
698.10586	0.62885
698.58798	0.67128
699.07010	0.63685
699.55222	0.52998
700.03433	0.38805
700.51645	0.22877
700.99857	0.06729
701.48069	-0.09203
701.96280	-0.23979
702.44492	-0.35600
702.92704	-0.37264
703.40915	-0.28963
703.89127	-0.15729
704.37339	0.03440
704.85551	0.36554
705.33762	0.67147
705.81974	0.53996
706.30186	0.26471
706.78398	0.11146
707.26609	0.01785
707.74821	-0.03680
708.23033	-0.06772
708.71245	-0.04252
709.19456	0.04498
709.67668	0.13809
710.15880	0.20490
710.64091	0.23025
711.12303	0.23642
711.60515	0.24407
712.08727	0.25911
712.56938	0.31864
713.05150	0.45498
713.53362	0.75097
714.01574	1.37001
714.49785	0.83466
714.97997	0.37892
715.46209	0.17677
715.94420	0.08884
716.42632	0.00313
716.90844	-0.06912
717.39056	-0.09306
717.87267	0.00323
718.35479	0.28204
718.83691	0.59194
719.31903	0.80292
719.80114	0.91204
720.28326	1.02311
720.76538	1.17002
721.24750	1.43603
721.72961	2.01065
722.21173	1.62124
722.69385	1.13760
723.17596	0.90542
723.65808	0.81685
724.14020	0.74569
724.62232	0.64394
725.10443	0.51355
725.58655	0.40266
726.06867	0.31531
726.55079	0.26000
727.03290	0.23571
727.51502	0.23490
727.99714	0.24290
728.47925	0.24280
728.96137	0.22015
729.44349	0.17250
729.92561	0.10832
730.40772	0.03706
730.88984	-0.03177
731.37196	-0.09093
731.85408	-0.14218
732.33619	-0.18534
732.81831	-0.21964
733.30043	-0.24403
733.78255	-0.25740
734.26466	-0.25795
734.74678	-0.24460
735.22890	-0.21590
735.71101	-0.17445
736.19313	-0.12078
736.67525	-0.05739
737.15737	0.00828
737.63948	0.06906
738.12160	0.10838
738.60372	0.11802
739.08584	0.11235
739.56795	0.11457
740.05007	0.13270
740.53219	0.18146
741.01430	0.25662
741.49642	0.12429
741.97854	-0.30692
742.46066	-0.76708
742.94277	-0.87337
743.42489	-0.67651
743.90701	-0.49069
744.38913	-0.37935
744.87124	-0.30896
745.35336	-0.23483
745.83548	-0.15105
746.31760	-0.05425
746.79971	0.06432
747.28183	0.19119
747.76395	0.29962
748.24606	0.35431
748.72818	0.33699
749.21030	0.27248
749.69242	0.19919
750.17453	0.13742
750.65665	0.09361
751.13877	0.05929
751.62089	0.02854
752.10300	-0.00703
752.58512	-0.05669
753.06724	-0.13847
753.54935	-0.26268
754.03147	-0.43954
754.51359	-0.50595
754.99571	-0.23526
755.47782	0.10919
755.95994	0.38204
756.44206	0.68626
756.92418	0.89580
757.40629	0.78831
757.88841	0.55500
758.37053	0.34358
758.85265	0.15567
759.33476	-0.02017
759.81688	-0.18226
760.29900	-0.32745
760.78111	-0.45574
761.26323	-0.56461
761.74535	-0.65182
762.22747	-0.70031
762.70958	-0.70320
763.19170	-0.67257
763.67382	-0.63253
764.15594	-0.60563
764.63805	-0.60991
765.12017	-0.66479
765.60229	-0.80288
766.08440	-1.17609
766.56652	-1.18193
767.04864	-0.65136
767.53076	-0.35487
768.01287	-0.23770
768.49499	-0.18730
768.97711	-0.18120
769.45923	-0.20119
769.94134	-0.23394
770.42346	-0.25842
770.90558	-0.25636
771.38770	-0.22098
771.86981	-0.16234
772.35193	-0.09797
772.83405	-0.04346
773.31616	-0.00742
773.79828	0.00966
774.28040	0.01359
774.76252	0.00786
775.24463	-0.00212
775.72675	-0.02400
776.20887	-0.05614
776.69099	-0.11117
777.17310	-0.18703
777.65522	-0.27876
778.13734	-0.37116
778.61945	-0.47117
779.10157	-0.59966
779.58369	-0.81245
780.06581	-0.92105
780.54792	-0.63126
781.03004	-0.30600
781.51216	0.08649
781.99428	0.86223
782.47639	1.59980
782.95851	0.70068
783.44063	0.35411
783.92275	0.16397
784.40486	0.02065
784.88698	-0.09985
785.36910	-0.20253
785.85121	-0.27920
786.33333	-0.31958
786.81545	-0.31339
787.29757	-0.22488
787.77968	-0.00355
788.26180	0.52343
788.74392	5.00000
789.22604	5.00000
789.70815	0.42341
790.19027	-0.08110
790.67239	-0.27314
791.15451	-0.38084
791.63662	-0.48396
792.11874	-0.56446
792.60086	-0.60385
793.08297	-0.61024
793.56509	-0.61665
794.04721	-0.64171
794.52933	-0.69247
795.01144	-0.63549
795.49356	-0.47762
795.97568	-0.32024
796.45780	-0.33453
796.93991	-0.42915
797.42203	-0.87184
797.90415	-0.87184
798.38626	-0.89698
798.86838	-0.38727
799.35050	-0.03738
799.83262	0.22944
800.31473	0.39386
800.79685	0.43301
801.27897	0.39569
801.76109	0.32694
802.24320	0.25729
802.72532	0.18924
803.20744	0.11323
803.68956	0.02478
804.17167	-0.07780
804.65379	-0.14368
805.13591	-0.10269
805.61802	0.02946
806.10014	0.15780
806.58226	0.24561
807.06438	0.30565
807.54649	0.34597
808.02861	0.37653
808.51073	0.40659
808.99285	0.44874
809.47496	0.50987
809.95708	0.59367
810.43920	0.71553
810.92131	0.84297
811.40343	0.89856
811.88555	0.82965
812.36767	0.70064
812.84978	0.56176
813.33190	0.40338
813.81402	0.22473
814.29614	0.02566
814.77825	-0.14204
815.26037	-0.21706
815.74249	-0.19662
816.22461	-0.14203
816.70672	-0.06731
817.18884	0.01925
817.67096	0.11713
818.15307	0.24466
818.63519	0.41470
819.11731	0.63131
819.59943	0.88370
820.08154	0.97694
820.56366	0.67679
821.04578	0.35707
821.52790	0.14346
822.01001	0.02217
822.49213	-0.02322
822.97425	-0.00584
823.45636	0.03120
823.93848	0.04596
824.42060	0.02529
824.90272	-0.03716
825.38483	-0.13756
825.86695	-0.28743
826.34907	-0.46250
826.83119	-0.62674
827.31330	-0.72475
827.79542	-0.72248
828.27754	-0.65111
828.75966	-0.56810
829.24177	-0.44987
829.72389	-0.26905
830.20601	-0.07596
830.68812	0.11022
831.17024	0.28606
831.65236	0.48469
832.13448	0.73799
832.61659	1.14182
833.09871	5.00000
833.58083	5.00000
834.06295	5.00000
834.54506	1.33924
835.02718	1.24091
835.50930	1.33502
835.99141	1.01057
836.47353	0.66270
836.95565	0.43516
837.43777	0.31944
837.91988	0.23311
838.40200	0.16759
838.88412	0.11591
839.36624	0.07202
839.84835	0.03161
840.33047	-0.02325
840.81259	-0.14466
841.29471	-0.82752
841.77682	-0.43847
842.25894	0.02815
842.74106	0.06757
843.22317	0.04078
843.70529	0.01602
844.18741	-0.00607
844.66953	-0.02334
845.15164	-0.03617
845.63376	-0.04369
846.11588	-0.04592
846.59800	-0.04279
847.08011	-0.03614
847.56223	-0.02703
848.04435	-0.01771
848.52646	-0.00987
849.00858	-0.00311
849.49070	0.00596
849.97282	0.02494
850.45493	0.06494
850.93705	0.14295
851.41917	0.26557
851.90129	0.42280
852.38340	0.57122
852.86552	0.55576
853.34764	0.38712
853.82976	0.22090
854.31187	0.12555
854.79399	0.07254
855.27611	0.04675
855.75822	0.04294
856.24034	0.05668
856.72246	0.08856
857.20458	0.10817
857.68669	0.07946
858.16881	-0.00926
858.65093	-0.11906
859.13305	-0.22639
859.61516	-0.30111
860.09728	-0.33278
860.57940	-0.32284
861.06151	-0.29211
861.54363	-0.25731
862.02575	-0.23198
862.50787	-0.22687
862.98998	-0.24924
863.47210	-0.30240
863.95422	-0.38761
864.43634	-0.49517
864.91845	-0.65177
865.40057	-0.79771
865.88269	-0.85165
866.36481	-0.85747
866.84692	-0.97357
867.32904	-1.24976
867.81116	-1.24976
868.29327	-1.33414
868.77539	-0.61405
869.25751	-0.22696
869.73963	-0.03017
870.22174	0.03629
870.70386	0.03301
871.18598	-0.00491
871.66810	-0.04528
872.15021	-0.07983
872.63233	-0.08593
873.11445	-0.05503
873.59656	0.02118
874.07868	0.16865
874.56080	0.39581
875.04292	0.72517
875.52503	1.23318
876.00715	1.45846
876.48927	0.91723
876.97139	0.59976
877.45350	0.45244
877.93562	0.40439
878.41774	0.38192
878.89986	0.37306
879.38197	0.36367
879.86409	0.33237
880.34621	0.26489
880.82832	0.16275
881.31044	0.03794
881.79256	-0.10212
882.27468	-0.26002
882.75679	-0.35764
883.23891	-0.30659
883.72103	-0.17623
884.20315	0.00363
884.68526	0.17973
885.16738	0.28217
885.64950	0.20229
886.13161	0.06632
886.61373	-0.01519
887.09585	0.05889
887.57797	0.14379
888.06008	0.16858
888.54220	0.11373
889.02432	0.03263
889.50644	-0.08511
889.98855	-0.17822
890.47067	-0.21887
890.95279	-0.20845
891.43491	-0.18230
891.91702	-0.15555
892.39914	-0.14648
892.88126	-0.17206
893.36337	-0.35219
893.84549	-1.05922
894.32761	5.00000
894.80973	-1.12463
895.29184	-0.43307
895.77396	-0.16599
896.25608	-0.03098
896.73820	0.02188
897.22031	0.01379
897.70243	-0.03664
898.18455	-0.12538
898.66667	-0.24924
899.14878	-0.44029
899.63090	-0.65622
900.11302	-0.79075
900.59513	-0.76640
901.07725	-0.67538
901.55937	-0.59521
902.04149	-0.53337
902.52360	-0.49272
903.00572	-0.45674
903.48784	-0.42175
903.96996	-0.37796
904.45207	-0.31942
904.93419	-0.24611
905.41631	-0.16125
905.89842	-0.07084
906.38054	0.01972
906.86266	0.10703
907.34478	0.18998
907.82689	0.26861
908.30901	0.34521
908.79113	0.42577
909.27325	0.51662
909.75536	0.62349
910.23748	0.75003
910.71960	0.83024
911.20172	0.74182
911.68383	0.53998
912.16595	0.36364
912.64807	0.23858
913.13018	0.13556
913.61230	0.04720
914.09442	-0.03071
914.57654	-0.10475
915.05865	-0.17799
915.54077	-0.25371
916.02289	-0.33311
916.50501	-0.41646
916.98712	-0.49881
917.46924	-0.57376
917.95136	-0.63318
918.43347	-0.68584
918.91559	-0.73385
919.39771	-0.78563
919.87983	-0.85911
920.36194	-1.04737
920.84406	-1.13428
921.32618	-0.93366
921.80830	-0.72300
922.29041	-0.53088
922.77253	-0.39205
923.25465	-0.27877
923.73677	-0.17435
924.21888	-0.04652
924.70100	0.13413
925.18312	0.34031
925.66523	0.42317
926.14735	0.20813
926.62947	-0.14634
927.11159	-0.47969
927.59370	-0.68291
928.07582	-0.67036
928.55794	-0.54421
929.04006	-0.43410
929.52217	-0.38669
930.00429	-0.43626
930.48641	-0.54309
930.96852	-0.63732
931.45064	-0.60295
931.93276	-0.44423
932.41488	-0.26547
932.89699	-0.10408
933.37911	0.02417
933.86123	0.10960
934.34335	0.13938
934.82546	0.11537
935.30758	0.06193
935.78970	0.00831
936.27182	-0.02987
936.75393	-0.04169
937.23605	-0.02162
937.71817	0.05155
938.20028	0.16121
938.68240	0.23356
939.16452	0.19397
939.64664	0.10301
940.12875	0.02652
940.61087	-0.01799
941.09299	-0.03101
941.57511	-0.02221
942.05722	0.00097
942.53934	0.03681
943.02146	0.08462
943.50357	0.14100
943.98569	0.21203
944.46781	0.29302
944.94993	0.38207
945.43204	0.48894
945.91416	0.48790
946.39628	0.29126
946.87840	0.01097
947.36051	-0.31393
947.84263	-0.59255
948.32475	-0.67543
948.80687	-0.59173
949.28898	-0.49706
949.77110	-0.41609
950.25322	-0.34707
950.73533	-0.29190
951.21745	-0.25328
951.69957	-0.23317
952.18169	-0.23900
952.66380	-0.28097
953.14592	-0.37780
953.62804	-0.57809
954.11016	-0.86981
954.59227	-1.08663
955.07439	-0.95991
955.55651	-0.72582
956.03862	-0.56430
956.52074	-0.48559
957.00286	-0.45209
957.48498	-0.44603
957.96709	-0.46387
958.44921	-0.50413
958.93133	-0.54633
959.41345	-0.58480
959.89556	-0.58870
960.37768	-0.54511
960.85980	-0.45449
961.34192	-0.33358
961.82403	-0.17227
962.30615	0.05426
962.78827	0.43308
963.27038	0.35490
963.75250	-0.05976
964.23462	-0.30076
964.71674	-0.39924
965.19885	-0.42614
965.68097	-0.38107
966.16309	-0.26930
966.64521	-0.11249
967.12732	0.09274
967.60944	0.37033
968.09156	0.85459
968.57367	5.00000
969.05579	5.00000
969.53791	0.67280
970.02003	0.37493
970.50214	0.39908
970.98426	0.47328
971.46638	0.34994
971.94850	0.21164
972.43061	0.08239
972.91273	0.00936
973.39485	-0.04268
973.87697	-0.09033
974.35908	-0.14187
974.84120	-0.20315
975.32332	-0.28647
975.80543	-0.41717
976.28755	-1.17026
976.76967	5.00000
977.25179	-0.95969
977.73390	-0.23020
978.21602	-0.04502
978.69814	0.08588
979.18026	0.18842
979.66237	0.27761
980.14449	0.28082
980.62661	0.11859
981.10872	-0.30489
981.59084	-0.42007
982.07296	-0.15029
982.55508	0.05494
983.03719	0.17431
983.51931	0.22544
984.00143	0.23168
984.48355	0.20968
984.96566	0.16839
985.44778	0.11830
985.92990	0.07034
986.41202	0.03364
986.89413	0.01439
987.37625	0.01515
987.85837	0.03871
988.34048	0.08123
988.82260	0.14094
989.30472	0.22116
989.78684	0.46207
990.26895	1.27765
990.75107	5.00000
991.23319	1.31353
991.71531	0.67016
992.19742	0.45070
992.67954	0.34252
993.16166	0.28551
993.64378	0.25925
994.12589	0.24874
994.60801	0.24998
995.09013	0.26173
995.57224	0.28950
996.05436	0.31345
996.53648	0.31293
997.01860	0.27321
997.50071	0.20154
997.98283	0.11286
998.46495	0.02361
998.94707	-0.05156
999.42918	-0.09916
