0.00000	0.29880
0.48212	0.29371
0.96423	0.28058
1.44635	0.26418
1.92847	0.24902
2.41059	0.23492
2.89270	0.22215
3.37482	0.20938
3.85694	0.19523
4.33906	0.17782
4.82117	0.15458
5.30329	0.12431
5.78541	0.08894
6.26753	0.05580
6.74964	0.03263
7.23176	0.02204
7.71388	0.02005
8.19599	0.01740
8.67811	0.00983
9.16023	-0.00571
9.64235	-0.02936
10.12446	-0.05734
10.60658	-0.08515
11.08870	-0.10950
11.57082	-0.12997
12.05293	-0.14714
12.53505	-0.16494
13.01717	-0.18646
13.49928	-0.21583
13.98140	-0.23279
14.46352	-0.09781
14.94564	0.56898
15.42775	0.62839
15.90987	0.32838
16.39199	0.18379
16.87411	0.10670
17.35622	0.07002
17.83834	0.05536
18.32046	0.04551
18.80258	0.03803
19.28469	0.03175
19.76681	0.02619
20.24893	0.02123
20.73104	0.01693
21.21316	0.01339
21.69528	0.01071
22.17740	0.00890
22.65951	0.00792
23.14163	0.00770
23.62375	0.00809
24.10587	0.00896
24.58798	0.01014
25.07010	0.01147
25.55222	0.01279
26.03433	0.01395
26.51645	0.01481
26.99857	0.01529
27.48069	0.01533
27.96280	0.01496
28.44492	0.01423
28.92704	0.01327
29.40916	0.01221
29.89127	0.01121
30.37339	0.01043
30.85551	0.00997
31.33763	0.00990
31.81974	0.01023
32.30186	0.01092
32.78398	0.01186
33.26609	0.01293
33.74821	0.01397
34.23033	0.01488
34.71245	0.01557
35.19456	0.01600
35.67668	0.01621
36.15880	0.01624
36.64092	0.01619
37.12303	0.01611
37.60515	0.01608
38.08727	0.01610
38.56938	0.01620
39.05150	0.01635
39.53362	0.01653
40.01574	0.01669
40.49785	0.01680
40.97997	0.01684
41.46209	0.01680
41.94421	0.01669
42.42632	0.01654
42.90844	0.01638
43.39056	0.01625
43.87268	0.01619
44.35479	0.01621
44.83691	0.01633
45.31903	0.01655
45.80114	0.01686
46.28326	0.01725
46.76538	0.01772
47.24750	0.01825
47.72961	0.01883
48.21173	0.01945
48.69385	0.02006
49.17597	0.02062
49.65808	0.02107
50.14020	0.02137
50.62232	0.02149
51.10443	0.02143
51.58655	0.02117
52.06867	0.02076
52.55079	0.02024
53.03290	0.01967
53.51502	0.01912
53.99714	0.01867
54.47926	0.01840
54.96137	0.01834
55.44349	0.01854
55.92561	0.01897
56.40773	0.01958
56.88984	0.02032
57.37196	0.02110
57.85408	0.02185
58.33619	0.02254
58.81831	0.02312
59.30043	0.02359
59.78255	0.02393
60.26466	0.02416
60.74678	0.02427
61.22890	0.02429
61.71102	0.02422
62.19313	0.02408
62.67525	0.02387
63.15737	0.02361
63.63948	0.02334
64.12160	0.02306
64.60372	0.02282
65.08584	0.02263
65.56795	0.02252
66.05007	0.02250
66.53219	0.02258
67.01431	0.02275
67.49642	0.02300
67.97854	0.02330
68.46066	0.02363
68.94278	0.02395
69.42489	0.02423
69.90701	0.02445
70.38913	0.02458
70.87124	0.02463
71.35336	0.02462
71.83548	0.02457
72.31760	0.02451
72.79971	0.02447
73.28183	0.02446
73.76395	0.02447
74.24607	0.02450
74.72818	0.02452
75.21030	0.02452
75.69242	0.02449
76.17453	0.02442
76.65665	0.02433
77.13877	0.02424
77.62089	0.02418
78.10300	0.02416
78.58512	0.02421
79.06724	0.02430
79.54936	0.02443
80.03147	0.02458
80.51359	0.02471
80.99571	0.02479
81.47783	0.02482
81.95994	0.02479
82.44206	0.02469
82.92418	0.02453
83.40629	0.02433
83.88841	0.02412
84.37053	0.02391
84.85265	0.02372
85.33476	0.02357
85.81688	0.02344
86.29900	0.02335
86.78112	0.02329
87.26323	0.02325
87.74535	0.02322
88.22747	0.02321
88.70958	0.02321
89.19170	0.02321
89.67382	0.02321
90.15594	0.02320
90.63805	0.02318
91.12017	0.02314
91.60229	0.02308
92.08441	0.02301
92.56652	0.02292
93.04864	0.02283
93.53076	0.02277
94.01288	0.02274
94.49499	0.02276
94.97711	0.02282
95.45923	0.02292
95.94134	0.02305
96.42346	0.02320
96.90558	0.02334
97.38770	0.02347
97.86981	0.02357
98.35193	0.02365
98.83405	0.02370
99.31617	0.02375
99.79828	0.02380
100.28040	0.02386
100.76252	0.02395
101.24464	0.02404
101.72675	0.02415
102.20887	0.02424
102.69099	0.02431
103.17310	0.02434
103.65522	0.02434
104.13734	0.02430
104.61946	0.02422
105.10157	0.02413
105.58369	0.02403
106.06581	0.02393
106.54793	0.02384
107.03004	0.02377
107.51216	0.02373
107.99428	0.02373
108.47639	0.02376
108.95851	0.02384
109.44063	0.02397
109.92275	0.02415
110.40486	0.02439
110.88698	0.02468
111.36910	0.02500
111.85122	0.02535
112.33333	0.02570
112.81545	0.02603
113.29757	0.02632
113.77969	0.02656
114.26180	0.02675
114.74392	0.02689
115.22604	0.02701
115.70815	0.02712
116.19027	0.02726
116.67239	0.02742
117.15451	0.02762
117.63662	0.02784
118.11874	0.02809
118.60086	0.02833
119.08298	0.02856
119.56509	0.02875
120.04721	0.02889
120.52933	0.02899
121.01144	0.02903
121.49356	0.02904
121.97568	0.02901
122.45780	0.02896
122.93991	0.02891
123.42203	0.02886
123.90415	0.02882
124.38627	0.02880
124.86838	0.02879
125.35050	0.02880
125.83262	0.02881
126.31474	0.02883
126.79685	0.02886
127.27897	0.02888
127.76109	0.02889
128.24320	0.02889
128.72532	0.02889
129.20744	0.02888
129.68956	0.02887
130.17167	0.02889
130.65379	0.02894
131.13591	0.02903
131.61803	0.02916
132.10014	0.02933
132.58226	0.02953
133.06438	0.02976
133.54649	0.02998
134.02861	0.03020
134.51073	0.03040
134.99285	0.03058
135.47496	0.03075
135.95708	0.03090
136.43920	0.03104
136.92132	0.03119
137.40343	0.03135
137.88555	0.03150
138.36767	0.03165
138.84979	0.03179
139.33190	0.03190
139.81402	0.03198
140.29614	0.03203
140.77825	0.03207
141.26037	0.03210
141.74249	0.03215
142.22461	0.03223
142.70672	0.03235
143.18884	0.03251
143.67096	0.03272
144.15308	0.03295
144.63519	0.03320
145.11731	0.03343
145.59943	0.03364
146.08154	0.03381
146.56366	0.03394
147.04578	0.03404
147.52790	0.03412
148.01001	0.03420
148.49213	0.03431
148.97425	0.03445
149.45637	0.03463
149.93848	0.03487
150.42060	0.03516
150.90272	0.03548
151.38484	0.03582
151.86695	0.03617
152.34907	0.03650
152.83119	0.03682
153.31330	0.03711
153.79542	0.03738
154.27754	0.03765
154.75966	0.03793
155.24177	0.03824
155.72389	0.03858
156.20601	0.03896
156.68813	0.03938
157.17024	0.03985
157.65236	0.04033
158.13448	0.04082
158.61659	0.04130
159.09871	0.04177
159.58083	0.04223
160.06295	0.04268
160.54506	0.04313
161.02718	0.04362
161.50930	0.04413
161.99142	0.04468
162.47353	0.04527
162.95565	0.04587
163.43777	0.04647
163.91989	0.04703
164.40200	0.04754
164.88412	0.04797
165.36624	0.04834
165.84835	0.04865
166.33047	0.04892
166.81259	0.04920
167.29471	0.04952
167.77682	0.04990
168.25894	0.05037
168.74106	0.05092
169.22318	0.05154
169.70529	0.05223
170.18741	0.05296
170.66953	0.05371
171.15164	0.05447
171.63376	0.05525
172.11588	0.05606
172.59800	0.05692
173.08011	0.05784
173.56223	0.05886
174.04435	0.05998
174.52647	0.06120
175.00858	0.06249
175.49070	0.06383
175.97282	0.06516
176.45494	0.06645
176.93705	0.06766
177.41917	0.06875
177.90129	0.06972
178.38340	0.07059
178.86552	0.07139
179.34764	0.07217
179.82976	0.07299
180.31187	0.07389
180.79399	0.07491
181.27611	0.07605
181.75823	0.07729
182.24034	0.07862
182.72246	0.07997
183.20458	0.08131
183.68669	0.08259
184.16881	0.08379
184.65093	0.08490
185.13305	0.08593
185.61516	0.08689
186.09728	0.08780
186.57940	0.08868
187.06152	0.08953
187.54363	0.09035
188.02575	0.09111
188.50787	0.09181
188.98999	0.09240
189.47210	0.09290
189.95422	0.09329
190.43634	0.09362
190.91845	0.09392
191.40057	0.09425
191.88269	0.09466
192.36481	0.09521
192.84692	0.09591
193.32904	0.09679
193.81116	0.09781
194.29328	0.09895
194.77539	0.10014
195.25751	0.10132
195.73963	0.10245
196.22174	0.10349
196.70386	0.10443
197.18598	0.10530
197.66810	0.10612
198.15021	0.10697
198.63233	0.10789
199.11445	0.10892
199.59657	0.11008
200.07868	0.11137
200.56080	0.11278
201.04292	0.11427
201.52504	0.11579
202.00715	0.11732
202.48927	0.11882
202.97139	0.12029
203.45350	0.12175
203.93562	0.12323
204.41774	0.12477
204.89986	0.12640
205.38197	0.12814
205.86409	0.12999
206.34621	0.13192
206.82833	0.13390
207.31044	0.13586
207.79256	0.13775
208.27468	0.13951
208.75680	0.14111
209.23891	0.14252
209.72103	0.14377
210.20315	0.14488
210.68526	0.14591
211.16738	0.14691
211.64950	0.14791
212.13162	0.14895
212.61373	0.15002
213.09585	0.15111
213.57797	0.15218
214.06009	0.15319
214.54220	0.15410
215.02432	0.15490
215.50644	0.15559
215.98855	0.15619
216.47067	0.15675
216.95279	0.15730
217.43491	0.15790
217.91702	0.15859
218.39914	0.15936
218.88126	0.16022
219.36338	0.16114
219.84549	0.16208
220.32761	0.16300
220.80973	0.16387
221.29185	0.16467
221.77396	0.16539
222.25608	0.16604
222.73820	0.16664
223.22031	0.16723
223.70243	0.16783
224.18455	0.16846
224.66667	0.16915
225.14878	0.16988
225.63090	0.17064
226.11302	0.17141
226.59514	0.17217
227.07725	0.17292
227.55937	0.17365
228.04149	0.17437
228.52360	0.17511
229.00572	0.17589
229.48784	0.17674
229.96996	0.17768
230.45207	0.17872
230.93419	0.17985
231.41631	0.18105
231.89843	0.18229
232.38054	0.18351
232.86266	0.18470
233.34478	0.18581
233.82690	0.18685
234.30901	0.18780
234.79113	0.18869
235.27325	0.18953
235.75536	0.19036
236.23748	0.19118
236.71960	0.19201
237.20172	0.19284
237.68383	0.19365
238.16595	0.19443
238.64807	0.19515
239.13019	0.19577
239.61230	0.19629
240.09442	0.19669
240.57654	0.19699
241.05865	0.19720
241.54077	0.19735
242.02289	0.19747
242.50501	0.19760
242.98712	0.19777
243.46924	0.19798
243.95136	0.19824
244.43348	0.19856
244.91559	0.19890
245.39771	0.19925
245.87983	0.19959
246.36195	0.19990
246.84406	0.20016
247.32618	0.20039
247.80830	0.20060
248.29041	0.20080
248.77253	0.20103
249.25465	0.20130
249.73677	0.20161
250.21888	0.20197
250.70100	0.20235
251.18312	0.20272
251.66524	0.20304
252.14735	0.20327
252.62947	0.20337
253.11159	0.20332
253.59370	0.20314
254.07582	0.20283
254.55794	0.20243
255.04006	0.20199
255.52217	0.20156
256.00429	0.20116
256.48641	0.20082
256.96853	0.20053
257.45064	0.20028
257.93276	0.20004
258.41488	0.19979
258.89700	0.19951
259.37911	0.19916
259.86123	0.19876
260.34335	0.19832
260.82546	0.19785
261.30758	0.19738
261.78970	0.19691
262.27182	0.19645
262.75393	0.19596
263.23605	0.19543
263.71817	0.19479
264.20029	0.19399
264.68240	0.19301
265.16452	0.19180
265.64664	0.19038
266.12875	0.18879
266.61087	0.18709
267.09299	0.18536
267.57511	0.18371
268.05722	0.18219
268.53934	0.18087
269.02146	0.17973
269.50358	0.17875
269.98569	0.17785
270.46781	0.17693
270.94993	0.17588
271.43205	0.17462
271.91416	0.17310
272.39628	0.17131
272.87840	0.16928
273.36051	0.16707
273.84263	0.16474
274.32475	0.16236
274.80687	0.15996
275.28898	0.15753
275.77110	0.15501
276.25322	0.15234
276.73534	0.14943
277.21745	0.14621
277.69957	0.14264
278.18169	0.13876
278.66380	0.13464
279.14592	0.13042
279.62804	0.12625
280.11016	0.12229
280.59227	0.11867
281.07439	0.11548
281.55651	0.11275
282.03863	0.11047
282.52074	0.10857
283.00286	0.10694
283.48498	0.10550
283.96710	0.10414
284.44921	0.10279
284.93133	0.10140
285.41345	0.09994
285.89556	0.09837
286.37768	0.09666
286.85980	0.09478
287.34192	0.09268
287.82403	0.09031
288.30615	0.08760
288.78827	0.08451
289.27039	0.08104
289.75250	0.07718
290.23462	0.07298
290.71674	0.06849
291.19885	0.06381
291.68097	0.05897
292.16309	0.05405
292.64521	0.04906
293.12732	0.04402
293.60944	0.03896
294.09156	0.03388
294.57368	0.02884
295.05579	0.02392
295.53791	0.01921
296.02003	0.01485
296.50215	0.01097
296.98426	0.00770
297.46638	0.00511
297.94850	0.00320
298.43061	0.00196
298.91273	0.00130
299.39485	0.00112
299.87697	0.00134
300.35908	0.00188
300.84120	0.00269
301.32332	0.00378
301.80544	0.00515
302.28755	0.00680
302.76967	0.00874
303.25179	0.01089
303.73391	0.01312
304.21602	0.01526
304.69814	0.01713
305.18026	0.01853
305.66237	0.01936
306.14449	0.01954
306.62661	0.01915
307.10873	0.01831
307.59084	0.01727
308.07296	0.01625
308.55508	0.01550
309.03720	0.01517
309.51931	0.01532
310.00143	0.01589
310.48355	0.01672
310.96566	0.01763
311.44778	0.01839
311.92990	0.01884
312.41202	0.01888
312.89413	0.01852
313.37625	0.01783
313.85837	0.01694
314.34049	0.01601
314.82260	0.01514
315.30472	0.01439
315.78684	0.01373
316.26896	0.01308
316.75107	0.01231
317.23319	0.01131
317.71531	0.01001
318.19742	0.00841
318.67954	0.00656
319.16166	0.00460
319.64378	0.00268
320.12589	0.00094
320.60801	-0.00056
321.09013	-0.00183
321.57225	-0.00298
322.05436	-0.00419
322.53648	-0.00567
323.01860	-0.00763
323.50071	-0.01019
323.98283	-0.01339
324.46495	-0.01715
324.94707	-0.02127
325.42918	-0.02545
325.91130	-0.02939
326.39342	-0.03280
326.87554	-0.03546
327.35765	-0.03730
327.83977	-0.03838
328.32189	-0.03884
328.80401	-0.03891
329.28612	-0.03885
329.76824	-0.03887
330.25036	-0.03917
330.73247	-0.03984
331.21459	-0.04091
331.69671	-0.04234
332.17883	-0.04407
332.66094	-0.04605
333.14306	-0.04824
333.62518	-0.05061
334.10730	-0.05313
334.58941	-0.05574
335.07153	-0.05832
335.55365	-0.06069
336.03576	-0.06260
336.51788	-0.06381
337.00000	-0.06411
337.48212	-0.06339
337.96423	-0.06167
338.44635	-0.05914
338.92847	-0.05612
339.41059	-0.05299
339.89270	-0.05012
340.37482	-0.04786
340.85694	-0.04645
341.33906	-0.04605
341.82117	-0.04670
342.30329	-0.04840
342.78541	-0.05105
343.26752	-0.05454
343.74964	-0.05879
344.23176	-0.06369
344.71388	-0.06917
345.19599	-0.07516
345.67811	-0.08153
346.16023	-0.08809
346.64235	-0.09455
347.12446	-0.10056
347.60658	-0.10570
348.08870	-0.10959
348.57081	-0.11193
349.05293	-0.11257
349.53505	-0.11157
350.01717	-0.10914
350.49928	-0.10562
350.98140	-0.10138
351.46352	-0.09680
351.94564	-0.09222
352.42775	-0.08796
352.90987	-0.08429
353.39199	-0.08144
353.87411	-0.07965
354.35622	-0.07900
354.83834	-0.07952
355.32046	-0.08107
355.80257	-0.08337
356.28469	-0.08601
356.76681	-0.08855
357.24893	-0.09061
357.73104	-0.09191
358.21316	-0.09231
358.69528	-0.09182
359.17740	-0.09055
359.65951	-0.08869
360.14163	-0.08639
360.62375	-0.08379
361.10586	-0.08096
361.58798	-0.07799
362.07010	-0.07498
362.55222	-0.07213
363.03433	-0.06968
363.51645	-0.06797
363.99857	-0.06729
364.48069	-0.06789
364.96280	-0.06975
365.44492	-0.07274
365.92704	-0.07652
366.40916	-0.08057
366.89127	-0.08435
367.37339	-0.08735
367.85551	-0.08925
368.33762	-0.08990
368.81974	-0.08946
369.30186	-0.08832
369.78398	-0.08703
370.26609	-0.08613
370.74821	-0.08605
371.23033	-0.08702
371.71245	-0.08900
372.19456	-0.09180
372.67668	-0.09510
373.15880	-0.09857
373.64091	-0.10188
374.12303	-0.10472
374.60515	-0.10685
375.08727	-0.10805
375.56938	-0.10818
376.05150	-0.10719
376.53362	-0.10516
377.01574	-0.10232
377.49785	-0.09904
377.97997	-0.09577
378.46209	-0.09294
378.94421	-0.09087
379.42632	-0.08975
379.90844	-0.08949
380.39056	-0.08984
380.87267	-0.09033
381.35479	-0.09041
381.83691	-0.08960
382.31903	-0.08758
382.80114	-0.08432
383.28326	-0.08011
383.76538	-0.07546
384.24750	-0.07108
384.72961	-0.06769
385.21173	-0.06588
385.69385	-0.06607
386.17596	-0.06841
386.65808	-0.07281
387.14020	-0.07899
387.62232	-0.08655
388.10443	-0.09504
388.58655	-0.10407
389.06867	-0.11336
389.55079	-0.12267
390.03290	-0.13182
390.51502	-0.14064
390.99714	-0.14882
391.47926	-0.15597
391.96137	-0.16159
392.44349	-0.16515
392.92561	-0.16621
393.40772	-0.16461
393.88984	-0.16047
394.37196	-0.15424
394.85408	-0.14663
395.33619	-0.13844
395.81831	-0.13049
396.30043	-0.12330
396.78255	-0.11721
397.26466	-0.11236
397.74678	-0.10871
398.22890	-0.10607
398.71102	-0.10420
399.19313	-0.10288
399.67525	-0.10189
400.15737	-0.10103
400.63948	-0.10014
401.12160	-0.09915
401.60372	-0.09804
402.08584	-0.09683
402.56795	-0.09564
403.05007	-0.09469
403.53219	-0.09418
404.01431	-0.09438
404.49642	-0.09549
404.97854	-0.09767
405.46066	-0.10095
405.94277	-0.10527
406.42489	-0.11043
406.90701	-0.11612
407.38913	-0.12193
407.87124	-0.12742
408.35336	-0.13218
408.83548	-0.13583
409.31760	-0.13818
409.79971	-0.13913
410.28183	-0.13877
410.76395	-0.13730
411.24607	-0.13502
411.72818	-0.13231
412.21030	-0.12955
412.69242	-0.12706
413.17453	-0.12509
413.65665	-0.12374
414.13877	-0.12297
414.62089	-0.12266
415.10300	-0.12263
415.58512	-0.12272
416.06724	-0.12284
416.54936	-0.12305
417.03147	-0.12355
417.51359	-0.12456
417.99571	-0.12634
418.47782	-0.12915
418.95994	-0.13312
419.44206	-0.13823
419.92418	-0.14424
420.40629	-0.15075
420.88841	-0.15719
421.37053	-0.16287
421.85265	-0.16718
422.33476	-0.16977
422.81688	-0.17052
423.29900	-0.16963
423.78112	-0.16761
424.26323	-0.16506
424.74535	-0.16269
425.22747	-0.16096
425.70958	-0.16029
426.19170	-0.16093
426.67382	-0.16298
427.15594	-0.16639
427.63805	-0.17096
428.12017	-0.17630
428.60229	-0.18191
429.08441	-0.18707
429.56652	-0.19097
430.04864	-0.19286
430.53076	-0.19208
431.01287	-0.18816
431.49499	-0.18107
431.97711	-0.17119
432.45923	-0.15922
432.94134	-0.14623
433.42346	-0.13349
433.90558	-0.12235
434.38770	-0.11404
434.86981	-0.10941
435.35193	-0.10894
435.83405	-0.11261
436.31617	-0.11975
436.79828	-0.12952
437.28040	-0.14076
437.76252	-0.15219
438.24463	-0.16256
438.72675	-0.17076
439.20887	-0.17597
439.69099	-0.17770
440.17310	-0.17585
440.65522	-0.17087
441.13734	-0.16356
441.61946	-0.15493
442.10157	-0.14601
442.58369	-0.13760
443.06581	-0.13017
443.54792	-0.12388
444.03004	-0.11868
444.51216	-0.11436
444.99428	-0.11079
445.47639	-0.10789
445.95851	-0.10574
446.44063	-0.10447
446.92275	-0.10431
447.40486	-0.10542
447.88698	-0.10794
448.36910	-0.11182
448.85122	-0.11694
449.33333	-0.12303
449.81545	-0.12987
450.29757	-0.13722
450.77968	-0.14496
451.26180	-0.15311
451.74392	-0.16167
452.22604	-0.17064
452.70815	-0.17988
453.19027	-0.18895
453.67239	-0.19715
454.15451	-0.20374
454.63662	-0.20792
455.11874	-0.20908
455.60086	-0.20689
456.08297	-0.20150
456.56509	-0.19344
457.04721	-0.18359
457.52933	-0.17305
458.01144	-0.16297
458.49356	-0.15437
458.97568	-0.14798
459.45780	-0.14428
459.93991	-0.14331
460.42203	-0.14481
460.90415	-0.14823
461.38627	-0.15280
461.86838	-0.15774
462.35050	-0.16235
462.83262	-0.16610
463.31473	-0.16872
463.79685	-0.17020
464.27897	-0.17073
464.76109	-0.17074
465.24320	-0.17063
465.72532	-0.17087
466.20744	-0.17178
466.68956	-0.17359
467.17167	-0.17635
467.65379	-0.17993
468.13591	-0.18406
468.61802	-0.18840
469.10014	-0.19253
469.58226	-0.19614
470.06438	-0.19899
470.54649	-0.20102
471.02861	-0.20236
471.51073	-0.20329
471.99285	-0.20430
472.47496	-0.20601
472.95708	-0.20905
473.43920	-0.21390
473.92132	-0.22073
474.40343	-0.22927
474.88555	-0.23857
475.36767	-0.24752
475.84978	-0.25470
476.33190	-0.25886
476.81402	-0.25936
477.29614	-0.25604
477.77825	-0.24945
478.26037	-0.24055
478.74249	-0.22985
479.22461	-0.21855
479.70672	-0.20724
480.18884	-0.19633
480.67096	-0.18610
481.15307	-0.17682
481.63519	-0.16869
482.11731	-0.16197
482.59943	-0.15690
483.08154	-0.15384
483.56366	-0.15295
484.04578	-0.15430
484.52790	-0.15770
485.01001	-0.16276
485.49213	-0.16893
485.97425	-0.17557
486.45637	-0.18199
486.93848	-0.18755
487.42060	-0.19169
487.90272	-0.19400
488.38483	-0.19426
488.86695	-0.19253
489.34907	-0.18917
489.83119	-0.18490
490.31330	-0.18068
490.79542	-0.17757
491.27754	-0.17649
491.75966	-0.17820
492.24177	-0.18296
492.72389	-0.19051
493.20601	-0.20020
493.68812	-0.21100
494.17024	-0.22147
494.65236	-0.23032
495.13448	-0.23628
495.61659	-0.23852
496.09871	-0.23663
496.58083	-0.23093
497.06295	-0.22217
497.54506	-0.21147
498.02718	-0.19998
498.50930	-0.18886
498.99142	-0.17891
499.47353	-0.17064
499.95565	-0.16419
500.43777	-0.15949
500.91988	-0.15622
501.40200	-0.15415
501.88412	-0.15287
502.36624	-0.15222
502.84835	-0.15176
503.33047	-0.15085
503.81259	-0.14866
504.29471	-0.14392
504.77682	-0.13548
505.25894	-0.12271
505.74106	-0.10625
506.22318	-0.08824
506.70529	-0.07128
507.18741	-0.05847
507.66953	-0.05254
508.15164	-0.05380
508.63376	-0.06182
509.11588	-0.07544
509.59800	-0.09298
510.08011	-0.11283
510.56223	-0.13366
511.04435	-0.15458
511.52647	-0.17542
512.00858	-0.19576
512.49070	-0.21548
512.97282	-0.23488
513.45493	-0.25428
513.93705	-0.27356
514.41917	-0.29257
514.90129	-0.31113
515.38340	-0.32908
515.86552	-0.34588
516.34764	-0.36111
516.82976	-0.37431
517.31187	-0.38449
517.79399	-0.39094
518.27611	-0.39192
518.75823	-0.38610
519.24034	-0.37232
519.72246	-0.35049
520.20458	-0.32165
520.68669	-0.28821
521.16881	-0.25279
521.65093	-0.21951
522.13305	-0.19171
522.61516	-0.17231
523.09728	-0.16360
523.57940	-0.16708
524.06152	-0.18269
524.54363	-0.20917
525.02575	-0.24644
525.50787	-0.28486
525.98998	-0.31373
526.47210	-0.32358
526.95422	-0.31331
527.43634	-0.28944
527.91845	-0.26161
528.40057	-0.23942
528.88269	-0.22935
529.36481	-0.22740
529.84692	-0.23092
530.32904	-0.23718
530.81116	-0.24251
531.29328	-0.24459
531.77539	-0.24331
532.25751	-0.24071
532.73963	-0.24007
533.22174	-0.24329
533.70386	-0.25036
534.18598	-0.26078
534.66810	-0.27344
535.15021	-0.28370
535.63233	-0.28864
536.11445	-0.28667
536.59657	-0.27780
537.07868	-0.26302
537.56080	-0.24399
538.04292	-0.22240
538.52503	-0.19987
539.00715	-0.17749
539.48927	-0.15586
539.97139	-0.13524
540.45350	-0.11556
540.93562	-0.09680
541.41774	-0.07935
541.89986	-0.06373
542.38197	-0.05144
542.86409	-0.04415
543.34621	-0.04473
543.82833	-0.05592
544.31044	-0.08163
544.79256	-0.12310
545.27468	-0.17953
545.75679	-0.24638
546.23891	-0.31721
546.72103	-0.38425
547.20315	-0.44061
547.68526	-0.48090
548.16738	-0.50042
548.64950	-0.49604
549.13162	-0.47045
549.61373	-0.43218
550.09585	-0.38682
550.57797	-0.34476
551.06008	-0.30702
551.54220	-0.27273
552.02432	-0.23901
552.50644	-0.20389
552.98855	-0.16607
553.47067	-0.12683
553.95279	-0.08974
554.43491	-0.05996
554.91702	-0.04097
555.39914	-0.03442
555.88126	-0.04115
556.36338	-0.05752
556.84549	-0.08153
557.32761	-0.11066
557.80973	-0.13977
558.29184	-0.15542
558.77396	-0.14700
559.25608	-0.11474
559.73820	-0.06795
560.22031	-0.02056
560.70243	0.01869
561.18455	0.04177
561.66667	0.04111
562.14878	0.01038
562.63090	-0.05425
563.11302	-0.15629
563.59513	-0.32979
564.07725	-0.52437
564.55937	-0.62849
565.04149	-0.58037
565.52360	-0.48446
566.00572	-0.39584
566.48784	-0.32099
566.96996	-0.25850
567.45207	-0.19749
567.93419	-0.13283
568.41631	-0.06574
568.89843	-0.00262
569.38054	0.04753
569.86266	0.07129
570.34478	0.06555
570.82689	0.03751
571.30901	0.00515
571.79113	-0.02102
572.27325	-0.03573
572.75536	-0.04008
573.23748	-0.04171
573.71960	-0.04534
574.20172	-0.05562
574.68383	-0.07700
575.16595	-0.10934
575.64807	-0.15070
576.13018	-0.19512
576.61230	-0.23706
577.09442	-0.27333
577.57654	-0.30332
578.05865	-0.33015
578.54077	-0.35938
579.02289	-0.40208
579.50501	-0.46269
579.98712	-0.55066
580.46924	-0.68587
580.95136	-0.99047
581.43348	-1.25179
581.91559	-0.98902
582.39771	-0.71702
582.87983	-0.58952
583.36194	-0.51027
583.84406	-0.45503
584.32618	-0.41281
584.80830	-0.37694
585.29041	-0.34403
585.77253	-0.31518
586.25465	-0.29421
586.73677	-0.28324
587.21888	-0.28704
587.70100	-0.30149
588.18312	-0.31714
588.66523	-0.32461
589.14735	-0.32275
589.62947	-0.31385
590.11159	-0.30151
590.59370	-0.29174
591.07582	-0.28892
591.55794	-0.29387
592.04006	-0.30282
592.52217	-0.31720
593.00429	-0.33225
593.48641	-0.34803
593.96853	-0.36428
594.45064	-0.37771
594.93276	-0.38723
595.41488	-0.38891
595.89699	-0.37766
596.37911	-0.34880
596.86123	-0.29807
597.34335	-0.22326
597.82546	-0.12166
598.30758	0.02731
598.78970	0.19458
599.27182	0.28897
599.75393	0.24244
600.23605	0.15624
600.71817	0.08892
601.20029	0.04182
601.68240	0.01155
602.16452	-0.01293
602.64664	-0.04567
603.12875	-0.08932
603.61087	-0.14265
604.09299	-0.19985
604.57511	-0.25598
605.05722	-0.30840
605.53934	-0.35558
606.02146	-0.39835
606.50358	-0.43740
606.98569	-0.47094
607.46781	-0.49698
607.94993	-0.50757
608.43204	-0.49937
608.91416	-0.47368
609.39628	-0.43962
609.87840	-0.40481
610.36051	-0.37420
610.84263	-0.34928
611.32475	-0.33296
611.80687	-0.33091
612.28898	-0.34116
612.77110	-0.35399
613.25322	-0.35799
613.73534	-0.34591
614.21745	-0.31808
614.69957	-0.28540
615.18169	-0.25811
615.66380	-0.23486
616.14592	-0.21992
616.62804	-0.21266
617.11016	-0.21435
617.59227	-0.22824
618.07439	-0.25838
618.55651	-0.30835
619.03863	-0.38029
619.52074	-0.48537
620.00286	-0.58245
620.48498	-0.63009
620.96709	-0.62780
621.44921	-0.84850
621.93133	5.00000
622.41345	5.00000
622.89556	-0.58153
623.37768	-0.07744
623.85980	0.25211
624.34192	0.48764
624.82403	0.63328
625.30615	0.68818
625.78827	0.67107
626.27039	0.60849
626.75250	0.52284
627.23462	0.42670
627.71674	0.32802
628.19885	0.23200
628.68097	0.14189
629.16309	0.05784
629.64521	-0.01545
630.12732	-0.08112
630.60944	-0.14840
631.09156	-0.21080
631.57368	-0.27651
632.05579	-0.20113
632.53791	-0.00612
633.02003	0.24019
633.50214	0.32031
633.98426	0.22404
634.46638	0.02777
634.94850	-0.22324
635.43061	-0.50014
635.91273	-0.73995
636.39485	-0.89332
636.87697	-1.03025
637.35908	-1.31400
637.84120	-1.49519
638.32332	-0.94790
638.80544	-0.62235
639.28755	-0.36076
639.76967	-0.14438
640.25179	0.03863
640.73390	0.18183
641.21602	0.30745
641.69814	0.41196
642.18026	0.51090
642.66237	0.77240
643.14449	1.69455
643.62661	0.56157
644.10873	0.27881
644.59084	0.23576
645.07296	0.20694
645.55508	0.18048
646.03719	0.14951
646.51931	0.10759
647.00143	0.04439
647.48355	-0.05625
647.96566	-0.21922
648.44778	-0.46264
648.92990	-0.54973
649.41202	-0.43104
649.89413	-0.33228
650.37625	-0.34307
650.85837	-0.39724
651.34049	-0.50411
651.82260	-0.70579
652.30472	-0.96889
652.78684	-0.87031
653.26895	-0.49301
653.75107	-0.29972
654.23319	-0.18016
654.71531	-0.11949
655.19742	-0.10817
655.67954	-0.13842
656.16166	-0.21013
656.64378	-0.31706
657.12589	-0.43117
657.60801	-0.49662
658.09013	-0.44390
658.57224	-0.27590
659.05436	-0.06776
659.53648	0.13341
660.01860	0.31084
660.50071	0.44266
660.98283	0.47662
661.46495	0.42124
661.94707	0.33804
662.42918	0.24789
662.91130	0.15887
663.39342	0.07446
663.87554	-0.00028
664.35765	-0.06657
664.83977	-0.11139
665.32189	-0.11901
665.80400	-0.07615
666.28612	0.01911
666.76824	0.15909
667.25036	0.33260
667.73247	0.51562
668.21459	0.56879
668.69671	0.47112
669.17883	0.35293
669.66094	0.28097
670.14306	0.23341
670.62518	0.20452
671.10729	0.18973
671.58941	0.18333
672.07153	0.18257
672.55365	0.18499
673.03576	0.18918
673.51788	0.19015
674.00000	0.18632
674.48212	0.17189
674.96423	0.13840
675.44635	0.05953
675.92847	-0.03719
676.41059	-0.07358
676.89270	-0.00935
677.37482	0.07433
677.85694	0.14221
678.33905	0.19008
678.82117	0.22538
679.30329	0.26115
679.78541	0.29939
680.26752	0.33754
680.74964	0.36567
681.23176	0.33731
681.71388	0.23433
682.19599	0.08756
682.67811	-0.05068
683.16023	-0.16912
683.64234	-0.25386
684.12446	-0.29892
684.60658	-0.30784
685.08870	-0.29169
685.57081	-0.26066
686.05293	-0.21664
686.53505	-0.15666
687.01717	-0.05488
687.49928	0.11957
687.98140	0.38971
688.46352	0.69980
688.94564	0.43349
689.42775	-0.19699
689.90987	-0.84914
690.39199	-0.84914
690.87410	-1.39570
691.35622	-0.84731
691.83834	-0.58938
692.32046	-0.48508
692.80257	-0.47907
693.28469	-0.52468
693.76681	-0.62464
694.24893	-0.78217
694.73104	-0.94964
695.21316	-0.79291
695.69528	-0.48017
696.17740	-0.25665
696.65951	-0.13792
697.14163	-0.07006
697.62375	-0.04006
698.10586	-0.03034
698.58798	-0.02794
699.07010	-0.01038
699.55222	0.03569
700.03433	0.12917
700.51645	0.34287
700.99857	0.58236
701.48069	0.47763
701.96280	0.21648
702.44492	0.06526
702.92704	-0.03377
703.40915	-0.09851
703.89127	-0.14263
704.37339	-0.18317
704.85551	-0.22385
705.33762	-0.25247
705.81974	-0.24733
706.30186	-0.20352
706.78398	-0.13927
707.26609	-0.07836
707.74821	-0.03383
708.23033	-0.01366
708.71245	-0.01790
709.19456	-0.06368
709.67668	-0.18629
710.15880	-0.35580
710.64091	-0.39561
711.12303	-0.14640
711.60515	0.05286
712.08727	0.17473
712.56938	0.28025
713.05150	0.36109
713.53362	0.37111
714.01574	0.19649
714.49785	-0.14890
714.97997	-0.57360
715.46209	-1.03873
715.94420	-1.34126
716.42632	-1.10396
716.90844	-0.88444
717.39056	-0.77298
717.87267	-0.71750
718.35479	-0.66113
718.83691	-0.59956
719.31903	-0.53411
719.80114	-0.46707
720.28326	-0.39640
720.76538	-0.32809
721.24750	-0.27745
721.72961	-0.39738
722.21173	-0.84673
722.69385	-0.76744
723.17596	-0.65994
723.65808	-0.59577
724.14020	-0.57034
724.62232	-0.56385
725.10443	-0.56592
725.58655	-0.57072
726.06867	-0.57288
726.55079	-0.57224
727.03290	-0.57747
727.51502	-0.61907
727.99714	-0.70810
728.47925	-0.82728
728.96137	-0.88169
729.44349	-0.80332
729.92561	-0.67947
730.40772	-0.58731
730.88984	-0.55965
731.37196	-0.70153
731.85408	-1.29515
732.33619	-1.29515
732.81831	-0.77295
733.30043	-0.12073
733.78255	0.31625
734.26466	0.36330
734.74678	0.22496
735.22890	0.13996
735.71101	0.08555
736.19313	0.05250
736.67525	0.03816
737.15737	0.03998
737.63948	0.05549
738.12160	0.08363
738.60372	0.12600
739.08584	0.18195
739.56795	0.24939
740.05007	0.30012
740.53219	0.29754
741.01430	0.23036
741.49642	0.12220
741.97854	0.00474
742.46066	-0.09654
742.94277	-0.17007
743.42489	-0.22085
743.90701	-0.24913
744.38913	-0.25763
744.87124	-0.25252
745.35336	-0.23632
745.83548	-0.21173
746.31760	-0.18030
746.79971	-0.14316
747.28183	-0.10031
747.76395	-0.05154
748.24606	0.00435
748.72818	0.06708
749.21030	0.14277
749.69242	0.23856
750.17453	0.36585
750.65665	0.50128
751.13877	0.57148
751.62089	0.51544
752.10300	0.43823
752.58512	0.43715
753.06724	0.46144
753.54935	0.48130
754.03147	0.46976
754.51359	0.41425
754.99571	0.32219
755.47782	0.21397
755.95994	0.10972
756.44206	0.03147
756.92418	-0.01433
757.40629	-0.02560
757.88841	-0.01229
758.37053	0.01320
758.85265	0.04756
759.33476	0.09074
759.81688	0.14367
760.29900	0.21734
760.78111	0.31489
761.26323	0.44156
761.74535	0.60773
762.22747	0.91151
762.70958	1.21605
763.19170	1.11149
763.67382	0.86652
764.15594	0.73075
764.63805	0.65349
765.12017	0.63166
765.60229	0.74414
766.08440	0.23926
766.56652	-0.28309
767.04864	-0.03349
767.53076	0.14837
768.01287	0.20086
768.49499	0.24791
768.97711	0.29715
769.45923	0.35133
769.94134	0.41175
770.42346	0.48068
770.90558	0.55459
771.38770	0.62935
771.86981	0.72208
772.35193	0.80774
772.83405	0.88567
773.31616	0.96896
773.79828	1.03481
774.28040	1.13052
774.76252	1.24434
775.24463	1.36525
775.72675	1.38714
776.20887	1.34801
776.69099	1.25978
777.17310	1.16645
777.65522	1.05654
778.13734	0.94196
778.61945	0.82784
779.10157	0.72018
779.58369	0.61925
780.06581	0.52417
780.54792	0.43151
781.03004	0.34217
781.51216	0.26211
781.99428	0.19523
782.47639	0.14416
782.95851	0.10649
783.44063	0.07718
783.92275	0.05112
784.40486	0.02494
784.88698	-0.00440
785.36910	-0.03836
785.85121	-0.07695
786.33333	-0.11862
786.81545	-0.16045
787.29757	-0.19830
787.77968	-0.22630
788.26180	-0.23773
788.74392	-0.22583
789.22604	-0.18010
789.70815	-0.08866
790.19027	0.05464
790.67239	0.24224
791.15451	0.43901
791.63662	0.49328
792.11874	0.40511
792.60086	0.29779
793.08297	0.22720
793.56509	0.16987
794.04721	0.12229
794.52933	0.08213
795.01144	0.04855
795.49356	0.02143
795.97568	-0.00720
796.45780	-0.05242
796.93991	-0.13378
797.42203	-0.26005
797.90415	-0.39892
798.38626	-0.50939
798.86838	-0.56062
799.35050	-0.56250
799.83262	-0.52374
800.31473	-0.45560
800.79685	-0.35566
801.27897	-0.23664
801.76109	-0.10073
802.24320	0.05321
802.72532	0.19531
803.20744	0.27416
803.68956	0.21993
804.17167	0.09329
804.65379	-0.04899
805.13591	-0.20050
805.61802	-0.38953
806.10014	-0.69679
806.58226	-0.69679
807.06438	-0.69679
807.54649	-0.52564
808.02861	-0.13907
808.51073	0.00224
808.99285	0.10920
809.47496	0.18941
809.95708	0.24604
810.43920	0.27729
810.92131	0.27783
811.40343	0.24278
811.88555	0.17014
812.36767	0.04082
812.84978	-0.09690
813.33190	-0.14792
813.81402	-0.05979
814.29614	0.09027
814.77825	0.25313
815.26037	0.41311
815.74249	0.55478
816.22461	0.64203
816.70672	0.63958
817.18884	0.57642
817.67096	0.50584
818.15307	0.44815
818.63519	0.39960
819.11731	0.33629
819.59943	0.22679
820.08154	0.07029
820.56366	0.01185
821.04578	0.09480
821.52790	0.23824
822.01001	0.36342
822.49213	0.40752
822.97425	0.33518
823.45636	0.21480
823.93848	0.13608
824.42060	0.07251
824.90272	0.02919
825.38483	0.00917
825.86695	0.01528
826.34907	0.04924
826.83119	0.10913
827.31330	0.18437
827.79542	0.24278
828.27754	0.21162
828.75966	0.09784
829.24177	-0.02259
829.72389	-0.09627
830.20601	-0.13012
830.68812	-0.12826
831.17024	-0.09916
831.65236	-0.05881
832.13448	-0.01274
832.61659	0.03125
833.09871	0.06565
833.58083	0.08620
834.06295	0.08611
834.54506	0.05843
835.02718	-0.00583
835.50930	-0.16857
835.99141	-0.51746
836.47353	-0.66900
836.95565	-0.38113
837.43777	-0.19715
837.91988	-0.11233
838.40200	-0.08077
838.88412	-0.08467
839.36624	-0.13653
839.84835	-0.23041
840.33047	-0.30806
840.81259	-0.25174
841.29471	-0.06245
841.77682	0.15041
842.25894	0.30941
842.74106	0.38913
843.22317	0.39800
843.70529	0.36577
844.18741	0.30292
844.66953	0.21918
845.15164	0.11997
845.63376	0.00937
846.11588	-0.11030
846.59800	-0.23612
847.08011	-0.36782
847.56223	-0.43114
848.04435	-0.37032
848.52646	-0.22511
849.00858	-0.07644
849.49070	0.06647
849.97282	0.19781
850.45493	0.31418
850.93705	0.41422
851.41917	0.50093
851.90129	0.58059
852.38340	0.66959
852.86552	0.73732
853.34764	0.71589
853.82976	0.53365
854.31187	0.34878
854.79399	0.16365
855.27611	0.03070
855.75822	-0.06045
856.24034	-0.11714
856.72246	-0.14128
857.20458	-0.12974
857.68669	-0.08978
858.16881	-0.02963
858.65093	0.05013
859.13305	0.15165
859.61516	0.27420
860.09728	0.40842
860.57940	0.52411
861.06151	0.48551
861.54363	0.34944
862.02575	0.25927
862.50787	0.21292
862.98998	0.20920
863.47210	0.22803
863.95422	0.24854
864.43634	0.28943
864.91845	0.40028
865.40057	0.58963
865.88269	0.79956
866.36481	0.96606
866.84692	0.83539
867.32904	0.57697
867.81116	0.35497
868.29327	0.17498
868.77539	-0.00687
869.25751	-0.17093
869.73963	-0.27316
870.22174	-0.27108
870.70386	-0.18443
871.18598	-0.08161
871.66810	0.00096
872.15021	0.06362
872.63233	0.11754
873.11445	0.16923
873.59656	0.22561
874.07868	0.29789
874.56080	0.38514
875.04292	0.48352
875.52503	0.57700
876.00715	0.63593
876.48927	0.63872
876.97139	0.58442
877.45350	0.50143
877.93562	0.41198
878.41774	0.31390
878.89986	0.22367
879.38197	0.15756
879.86409	0.11742
880.34621	0.11636
880.82832	0.12364
881.31044	0.08711
881.79256	-0.04401
882.27468	-0.24378
882.75679	-0.41922
883.23891	-0.52668
883.72103	-0.57362
884.20315	-0.58510
884.68526	-0.56539
885.16738	-0.51835
885.64950	-0.44366
886.13161	-0.33790
886.61373	-0.20661
887.09585	-0.06295
887.57797	0.06842
888.06008	0.15377
888.54220	0.18861
889.02432	0.19928
889.50644	0.23591
889.98855	0.27111
890.47067	0.28309
890.95279	0.25394
891.43491	0.17743
891.91702	0.06926
892.39914	-0.04025
892.88126	-0.12764
893.36337	-0.19156
893.84549	-0.22883
894.32761	-0.24517
894.80973	-0.24886
895.29184	-0.26216
895.77396	-0.32561
896.25608	-0.45936
896.73820	-0.65299
897.22031	-0.77475
897.70243	-0.55284
898.18455	-0.26392
898.66667	-0.11206
899.14878	-0.05686
899.63090	-0.06520
900.11302	-0.09481
900.59513	-0.11914
901.07725	-0.13800
901.55937	-0.14390
902.04149	-0.13631
902.52360	-0.11570
903.00572	-0.08607
903.48784	-0.04545
903.96996	0.00908
904.45207	0.07997
904.93419	0.17802
905.41631	0.29690
905.89842	0.39865
906.38054	0.44917
906.86266	0.45994
907.34478	0.43818
907.82689	0.39686
908.30901	0.34381
908.79113	0.28208
909.27325	0.21401
909.75536	0.14214
910.23748	0.06792
910.71960	-0.00906
911.20172	-0.08360
911.68383	-0.15006
912.16595	-0.19570
912.64807	-0.19923
913.13018	-0.15407
913.61230	-0.07188
914.09442	0.02065
914.57654	0.10249
915.05865	0.17077
915.54077	0.23082
916.02289	0.29113
916.50501	0.36126
916.98712	0.45828
917.46924	0.60113
917.95136	0.83415
918.43347	1.21693
918.91559	0.99948
919.39771	0.54919
919.87983	0.31042
920.36194	0.23833
920.84406	0.22342
921.32618	0.24015
921.80830	0.26715
922.29041	0.28862
922.77253	0.30374
923.25465	0.31327
923.73677	0.32148
924.21888	0.33312
924.70100	0.35703
925.18312	0.39425
925.66523	0.44590
926.14735	0.43478
926.62947	0.28680
927.11159	0.09280
927.59370	-0.02337
928.07582	-0.06391
928.55794	-0.03407
929.04006	0.04528
929.52217	0.15756
930.00429	0.31027
930.48641	0.47784
930.96852	0.61030
931.45064	0.64734
931.93276	0.59256
932.41488	0.50172
932.89699	0.39427
933.37911	0.27975
933.86123	0.14897
934.34335	-0.00728
934.82546	-0.19586
935.30758	-0.43252
935.78970	-0.81439
936.27182	-1.41724
936.75393	-0.99036
937.23605	-0.66018
937.71817	-0.48570
938.20028	-0.33873
938.68240	-0.19353
939.16452	-0.03969
939.64664	0.15570
940.12875	0.33083
940.61087	0.36442
941.09299	0.24408
941.57511	0.09614
942.05722	-0.04150
942.53934	-0.13966
943.02146	-0.16624
943.50357	-0.09675
943.98569	0.02761
944.46781	0.11517
944.94993	0.09059
945.43204	0.00186
945.91416	-0.11327
946.39628	-0.24440
946.87840	-0.39616
947.36051	-0.73595
947.84263	-1.55320
948.32475	-0.87680
948.80687	-0.43908
949.28898	-0.14410
949.77110	0.08408
950.25322	0.27761
950.73533	0.44596
951.21745	0.59283
951.69957	0.72251
952.18169	0.83466
952.66380	0.92900
953.14592	0.96483
953.62804	0.85452
954.11016	0.58554
954.59227	0.13600
955.07439	5.00000
955.55651	-0.16974
956.03862	0.30864
956.52074	0.33449
957.00286	0.22727
957.48498	0.13495
957.96709	0.05216
958.44921	-0.02456
958.93133	-0.14145
959.41345	-0.26745
959.89556	-0.28902
960.37768	-0.18064
960.85980	-0.08661
961.34192	-0.01731
961.82403	0.05205
962.30615	0.13241
962.78827	0.22359
963.27038	0.33169
963.75250	0.45305
964.23462	0.57663
964.71674	0.68586
965.19885	0.71406
965.68097	0.65460
966.16309	0.56397
966.64521	0.49077
967.12732	0.45180
967.60944	0.46594
968.09156	0.54788
968.57367	0.64505
969.05579	0.69722
969.53791	0.67517
970.02003	0.63796
970.50214	0.61174
970.98426	0.61459
971.46638	0.64098
971.94850	0.68337
972.43061	0.71850
972.91273	0.74083
973.39485	0.73955
973.87697	0.71649
974.35908	0.68225
974.84120	0.62381
975.32332	0.52807
975.80543	0.39434
976.28755	0.23205
976.76967	0.05354
977.25179	-0.13847
977.73390	-0.35498
978.21602	-0.64185
978.69814	-1.21381
979.18026	-1.14556
979.66237	-0.84038
980.14449	-0.62647
980.62661	-0.50305
981.10872	-0.39792
981.59084	-0.27951
982.07296	-0.15055
982.55508	-0.02222
983.03719	0.09356
983.51931	0.18902
984.00143	0.26304
984.48355	0.32548
984.96566	0.38270
985.44778	0.44224
985.92990	0.50834
986.41202	0.59925
986.89413	0.72534
987.37625	0.90389
987.85837	0.82635
988.34048	0.39847
988.82260	0.06673
989.30472	0.00137
989.78684	0.08549
990.26895	0.24089
990.75107	0.44306
991.23319	0.68233
991.71531	0.84968
992.19742	0.64726
992.67954	0.36566
993.16166	0.18607
993.64378	0.09891
994.12589	0.04623
994.60801	0.01981
995.09013	0.01409
995.57224	0.02429
996.05436	0.04812
996.53648	0.08440
997.01860	0.13206
997.50071	0.19529
997.98283	0.27294
998.46495	0.36057
998.94707	0.44729
999.42918	0.50462
