0.00000	0.48458
0.48212	0.45843
0.96423	0.39711
1.44635	0.33129
1.92847	0.28080
2.41059	0.24571
2.89270	0.22032
3.37482	0.20264
3.85694	0.19149
4.33906	0.18171
4.82117	0.17776
5.30329	0.17937
5.78541	0.18380
6.26753	0.18875
6.74964	0.18420
7.23176	0.16888
7.71388	0.14571
8.19599	0.11827
8.67811	0.09012
9.16023	0.06364
9.64235	0.04092
10.12446	0.02409
10.60658	0.01567
11.08870	0.01757
11.57082	0.03018
12.05293	0.05080
12.53505	0.07974
13.01717	0.11625
13.49928	0.16568
13.98140	0.23091
14.46352	0.27394
14.94564	0.14298
15.42775	0.01253
15.90987	-0.03002
16.39199	-0.03239
16.87411	-0.02470
17.35622	-0.01908
17.83834	-0.01879
18.32046	-0.01802
18.80258	-0.01697
19.28469	-0.01580
19.76681	-0.01450
20.24893	-0.01302
20.73104	-0.01136
21.21316	-0.00946
21.69528	-0.00731
22.17740	-0.00492
22.65951	-0.00233
23.14163	0.00037
23.62375	0.00305
24.10587	0.00557
24.58798	0.00775
25.07010	0.00948
25.55222	0.01063
26.03433	0.01117
26.51645	0.01109
26.99857	0.01049
27.48069	0.00946
27.96280	0.00815
28.44492	0.00673
28.92704	0.00535
29.40916	0.00414
29.89127	0.00321
30.37339	0.00266
30.85551	0.00251
31.33763	0.00278
31.81974	0.00341
32.30186	0.00432
32.78398	0.00539
33.26609	0.00647
33.74821	0.00742
34.23033	0.00811
34.71245	0.00848
35.19456	0.00850
35.67668	0.00822
36.15880	0.00772
36.64092	0.00712
37.12303	0.00651
37.60515	0.00598
38.08727	0.00557
38.56938	0.00530
39.05150	0.00516
39.53362	0.00512
40.01574	0.00512
40.49785	0.00513
40.97997	0.00510
41.46209	0.00501
41.94421	0.00485
42.42632	0.00465
42.90844	0.00442
43.39056	0.00422
43.87268	0.00408
44.35479	0.00402
44.83691	0.00406
45.31903	0.00419
45.80114	0.00440
46.28326	0.00469
46.76538	0.00503
47.24750	0.00540
47.72961	0.00580
48.21173	0.00620
48.69385	0.00658
49.17597	0.00692
49.65808	0.00720
50.14020	0.00737
50.62232	0.00742
51.10443	0.00732
51.58655	0.00707
52.06867	0.00668
52.55079	0.00619
53.03290	0.00564
53.51502	0.00509
53.99714	0.00461
54.47926	0.00427
54.96137	0.00413
55.44349	0.00422
55.92561	0.00453
56.40773	0.00505
56.88984	0.00569
57.37196	0.00641
57.85408	0.00712
58.33619	0.00778
58.81831	0.00834
59.30043	0.00878
59.78255	0.00909
60.26466	0.00926
60.74678	0.00931
61.22890	0.00923
61.71102	0.00905
62.19313	0.00879
62.67525	0.00847
63.15737	0.00811
63.63948	0.00774
64.12160	0.00740
64.60372	0.00711
65.08584	0.00690
65.56795	0.00678
66.05007	0.00676
66.53219	0.00685
67.01431	0.00702
67.49642	0.00727
67.97854	0.00756
68.46066	0.00788
68.94278	0.00818
69.42489	0.00843
69.90701	0.00860
70.38913	0.00869
70.87124	0.00868
71.35336	0.00860
71.83548	0.00847
72.31760	0.00832
72.79971	0.00818
73.28183	0.00807
73.76395	0.00799
74.24607	0.00794
74.72818	0.00790
75.21030	0.00784
75.69242	0.00777
76.17453	0.00767
76.65665	0.00754
77.13877	0.00741
77.62089	0.00729
78.10300	0.00721
78.58512	0.00719
79.06724	0.00722
79.54936	0.00730
80.03147	0.00741
80.51359	0.00751
80.99571	0.00758
81.47783	0.00760
81.95994	0.00755
82.44206	0.00742
82.92418	0.00721
83.40629	0.00693
83.88841	0.00661
84.37053	0.00626
84.85265	0.00593
85.33476	0.00562
85.81688	0.00536
86.29900	0.00515
86.78112	0.00498
87.26323	0.00486
87.74535	0.00476
88.22747	0.00468
88.70958	0.00460
89.19170	0.00452
89.67382	0.00444
90.15594	0.00433
90.63805	0.00420
91.12017	0.00405
91.60229	0.00388
92.08441	0.00369
92.56652	0.00350
93.04864	0.00332
93.53076	0.00317
94.01288	0.00305
94.49499	0.00298
94.97711	0.00295
95.45923	0.00296
95.94134	0.00301
96.42346	0.00307
96.90558	0.00313
97.38770	0.00318
97.86981	0.00321
98.35193	0.00320
98.83405	0.00317
99.31617	0.00312
99.79828	0.00307
100.28040	0.00303
100.76252	0.00300
101.24464	0.00299
101.72675	0.00300
102.20887	0.00301
102.69099	0.00301
103.17310	0.00298
103.65522	0.00292
104.13734	0.00280
104.61946	0.00265
105.10157	0.00246
105.58369	0.00223
106.06581	0.00200
106.54793	0.00177
107.03004	0.00156
107.51216	0.00138
107.99428	0.00124
108.47639	0.00116
108.95851	0.00113
109.44063	0.00117
109.92275	0.00127
110.40486	0.00142
110.88698	0.00162
111.36910	0.00185
111.85122	0.00210
112.33333	0.00234
112.81545	0.00256
113.29757	0.00274
113.77969	0.00286
114.26180	0.00293
114.74392	0.00295
115.22604	0.00294
115.70815	0.00292
116.19027	0.00293
116.67239	0.00297
117.15451	0.00305
117.63662	0.00317
118.11874	0.00332
118.60086	0.00349
119.08298	0.00364
119.56509	0.00376
120.04721	0.00383
120.52933	0.00383
121.01144	0.00377
121.49356	0.00365
121.97568	0.00347
122.45780	0.00327
122.93991	0.00306
123.42203	0.00285
123.90415	0.00267
124.38627	0.00251
124.86838	0.00238
125.35050	0.00228
125.83262	0.00220
126.31474	0.00213
126.79685	0.00207
127.27897	0.00199
127.76109	0.00190
128.24320	0.00179
128.72532	0.00166
129.20744	0.00151
129.68956	0.00137
130.17167	0.00123
130.65379	0.00113
131.13591	0.00107
131.61803	0.00106
132.10014	0.00110
132.58226	0.00119
133.06438	0.00132
133.54649	0.00146
134.02861	0.00161
134.51073	0.00174
134.99285	0.00185
135.47496	0.00193
135.95708	0.00198
136.43920	0.00202
136.92132	0.00203
137.40343	0.00205
137.88555	0.00207
138.36767	0.00210
138.84979	0.00214
139.33190	0.00217
139.81402	0.00220
140.29614	0.00223
140.77825	0.00224
141.26037	0.00224
141.74249	0.00223
142.22461	0.00223
142.70672	0.00225
143.18884	0.00227
143.67096	0.00231
144.15308	0.00237
144.63519	0.00242
145.11731	0.00247
145.59943	0.00251
146.08154	0.00252
146.56366	0.00251
147.04578	0.00248
147.52790	0.00243
148.01001	0.00238
148.49213	0.00234
148.97425	0.00232
149.45637	0.00232
149.93848	0.00236
150.42060	0.00243
150.90272	0.00252
151.38484	0.00264
151.86695	0.00277
152.34907	0.00291
152.83119	0.00304
153.31330	0.00316
153.79542	0.00327
154.27754	0.00338
154.75966	0.00350
155.24177	0.00363
155.72389	0.00379
156.20601	0.00397
156.68813	0.00418
157.17024	0.00441
157.65236	0.00467
158.13448	0.00493
158.61659	0.00519
159.09871	0.00544
159.58083	0.00569
160.06295	0.00593
160.54506	0.00618
161.02718	0.00645
161.50930	0.00674
161.99142	0.00707
162.47353	0.00742
162.95565	0.00780
163.43777	0.00818
163.91989	0.00854
164.40200	0.00886
164.88412	0.00914
165.36624	0.00935
165.84835	0.00951
166.33047	0.00964
166.81259	0.00975
167.29471	0.00987
167.77682	0.01002
168.25894	0.01024
168.74106	0.01051
169.22318	0.01085
169.70529	0.01125
170.18741	0.01169
170.66953	0.01215
171.15164	0.01263
171.63376	0.01312
172.11588	0.01363
172.59800	0.01416
173.08011	0.01473
173.56223	0.01536
174.04435	0.01606
174.52647	0.01683
175.00858	0.01767
175.49070	0.01856
175.97282	0.01948
176.45494	0.02039
176.93705	0.02127
177.41917	0.02209
177.90129	0.02284
178.38340	0.02353
178.86552	0.02417
179.34764	0.02480
179.82976	0.02545
180.31187	0.02616
180.79399	0.02697
181.27611	0.02789
181.75823	0.02892
182.24034	0.03005
182.72246	0.03123
183.20458	0.03244
183.68669	0.03362
184.16881	0.03474
184.65093	0.03578
185.13305	0.03673
185.61516	0.03759
186.09728	0.03836
186.57940	0.03905
187.06152	0.03967
187.54363	0.04022
188.02575	0.04069
188.50787	0.04106
188.98999	0.04134
189.47210	0.04150
189.95422	0.04156
190.43634	0.04153
190.91845	0.04143
191.40057	0.04133
191.88269	0.04126
192.36481	0.04128
192.84692	0.04142
193.32904	0.04173
193.81116	0.04220
194.29328	0.04282
194.77539	0.04355
195.25751	0.04436
195.73963	0.04519
196.22174	0.04599
196.70386	0.04674
197.18598	0.04744
197.66810	0.04809
198.15021	0.04873
198.63233	0.04940
199.11445	0.05012
199.59657	0.05093
200.07868	0.05184
200.56080	0.05284
201.04292	0.05392
201.52504	0.05506
202.00715	0.05622
202.48927	0.05738
202.97139	0.05854
203.45350	0.05970
203.93562	0.06089
204.41774	0.06213
204.89986	0.06345
205.38197	0.06487
205.86409	0.06640
206.34621	0.06801
206.82833	0.06969
207.31044	0.07138
207.79256	0.07305
208.27468	0.07465
208.75680	0.07614
209.23891	0.07751
209.72103	0.07878
210.20315	0.07996
210.68526	0.08109
211.16738	0.08222
211.64950	0.08338
212.13162	0.08459
212.61373	0.08583
213.09585	0.08710
213.57797	0.08835
214.06009	0.08955
214.54220	0.09066
215.02432	0.09165
215.50644	0.09254
215.98855	0.09333
216.47067	0.09405
216.95279	0.09475
217.43491	0.09546
217.91702	0.09623
218.39914	0.09707
218.88126	0.09798
219.36338	0.09894
219.84549	0.09992
220.32761	0.10089
220.80973	0.10181
221.29185	0.10267
221.77396	0.10344
222.25608	0.10414
222.73820	0.10479
223.22031	0.10541
223.70243	0.10605
224.18455	0.10671
224.66667	0.10744
225.14878	0.10823
225.63090	0.10909
226.11302	0.10999
226.59514	0.11093
227.07725	0.11189
227.55937	0.11286
228.04149	0.11384
228.52360	0.11483
229.00572	0.11587
229.48784	0.11697
229.96996	0.11817
230.45207	0.11947
230.93419	0.12090
231.41631	0.12245
231.89843	0.12409
232.38054	0.12579
232.86266	0.12753
233.34478	0.12927
233.82690	0.13097
234.30901	0.13264
234.79113	0.13425
235.27325	0.13582
235.75536	0.13735
236.23748	0.13886
236.71960	0.14036
237.20172	0.14184
237.68383	0.14329
238.16595	0.14471
238.64807	0.14608
239.13019	0.14738
239.61230	0.14859
240.09442	0.14972
240.57654	0.15076
241.05865	0.15172
241.54077	0.15263
242.02289	0.15350
242.50501	0.15434
242.98712	0.15518
243.46924	0.15603
243.95136	0.15687
244.43348	0.15773
244.91559	0.15857
245.39771	0.15940
245.87983	0.16021
246.36195	0.16098
246.84406	0.16170
247.32618	0.16237
247.80830	0.16299
248.29041	0.16358
248.77253	0.16413
249.25465	0.16466
249.73677	0.16518
250.21888	0.16570
250.70100	0.16622
251.18312	0.16673
251.66524	0.16724
252.14735	0.16771
252.62947	0.16814
253.11159	0.16852
253.59370	0.16881
254.07582	0.16904
254.55794	0.16919
255.04006	0.16929
255.52217	0.16936
256.00429	0.16942
256.48641	0.16948
256.96853	0.16956
257.45064	0.16966
257.93276	0.16976
258.41488	0.16986
258.89700	0.16991
259.37911	0.16989
259.86123	0.16980
260.34335	0.16960
260.82546	0.16932
261.30758	0.16895
261.78970	0.16852
262.27182	0.16803
262.75393	0.16750
263.23605	0.16691
263.71817	0.16626
264.20029	0.16552
264.68240	0.16466
265.16452	0.16368
265.64664	0.16257
266.12875	0.16134
266.61087	0.16004
267.09299	0.15871
267.57511	0.15741
268.05722	0.15620
268.53934	0.15508
269.02146	0.15407
269.50358	0.15313
269.98569	0.15219
270.46781	0.15117
270.94993	0.15000
271.43205	0.14861
271.91416	0.14696
272.39628	0.14504
272.87840	0.14290
273.36051	0.14058
273.84263	0.13816
274.32475	0.13569
274.80687	0.13320
275.28898	0.13070
275.77110	0.12815
276.25322	0.12549
276.73534	0.12267
277.21745	0.11963
277.69957	0.11634
278.18169	0.11283
278.66380	0.10916
279.14592	0.10541
279.62804	0.10169
280.11016	0.09811
280.59227	0.09475
281.07439	0.09164
281.55651	0.08879
282.03863	0.08617
282.52074	0.08369
283.00286	0.08130
283.48498	0.07891
283.96710	0.07650
284.44921	0.07407
284.93133	0.07165
285.41345	0.06930
285.89556	0.06708
286.37768	0.06501
286.85980	0.06311
287.34192	0.06133
287.82403	0.05958
288.30615	0.05775
288.78827	0.05569
289.27039	0.05330
289.75250	0.05047
290.23462	0.04720
290.71674	0.04351
291.19885	0.03949
291.68097	0.03529
292.16309	0.03101
292.64521	0.02677
293.12732	0.02265
293.60944	0.01870
294.09156	0.01491
294.57368	0.01129
295.05579	0.00781
295.53791	0.00449
296.02003	0.00134
296.50215	-0.00154
296.98426	-0.00409
297.46638	-0.00619
297.94850	-0.00777
298.43061	-0.00879
298.91273	-0.00924
299.39485	-0.00919
299.87697	-0.00870
300.35908	-0.00787
300.84120	-0.00677
301.32332	-0.00547
301.80544	-0.00398
302.28755	-0.00228
302.76967	-0.00032
303.25179	0.00195
303.73391	0.00453
304.21602	0.00743
304.69814	0.01055
305.18026	0.01379
305.66237	0.01701
306.14449	0.02008
306.62661	0.02287
307.10873	0.02531
307.59084	0.02739
308.07296	0.02915
308.55508	0.03066
309.03720	0.03203
309.51931	0.03338
310.00143	0.03476
310.48355	0.03619
310.96566	0.03763
311.44778	0.03898
311.92990	0.04010
312.41202	0.04086
312.89413	0.04117
313.37625	0.04096
313.85837	0.04024
314.34049	0.03909
314.82260	0.03766
315.30472	0.03608
315.78684	0.03450
316.26896	0.03298
316.75107	0.03154
317.23319	0.03011
317.71531	0.02860
318.19742	0.02688
318.67954	0.02489
319.16166	0.02261
319.64378	0.02015
320.12589	0.01769
320.60801	0.01544
321.09013	0.01363
321.57225	0.01239
322.05436	0.01173
322.53648	0.01153
323.01860	0.01159
323.50071	0.01164
323.98283	0.01139
324.46495	0.01066
324.94707	0.00934
325.42918	0.00747
325.91130	0.00521
326.39342	0.00277
326.87554	0.00039
327.35765	-0.00176
327.83977	-0.00360
328.32189	-0.00517
328.80401	-0.00661
329.28612	-0.00806
329.76824	-0.00970
330.25036	-0.01160
330.73247	-0.01371
331.21459	-0.01589
331.69671	-0.01791
332.17883	-0.01953
332.66094	-0.02061
333.14306	-0.02111
333.62518	-0.02112
334.10730	-0.02086
334.58941	-0.02054
335.07153	-0.02039
335.55365	-0.02059
336.03576	-0.02122
336.51788	-0.02228
337.00000	-0.02367
337.48212	-0.02521
337.96423	-0.02673
338.44635	-0.02808
338.92847	-0.02921
339.41059	-0.03016
339.89270	-0.03103
340.37482	-0.03199
340.85694	-0.03320
341.33906	-0.03478
341.82117	-0.03674
342.30329	-0.03906
342.78541	-0.04161
343.26752	-0.04422
343.74964	-0.04669
344.23176	-0.04889
344.71388	-0.05076
345.19599	-0.05230
345.67811	-0.05358
346.16023	-0.05471
346.64235	-0.05578
347.12446	-0.05685
347.60658	-0.05792
348.08870	-0.05892
348.57081	-0.05975
349.05293	-0.06031
349.53505	-0.06056
350.01717	-0.06052
350.49928	-0.06032
350.98140	-0.06015
351.46352	-0.06024
351.94564	-0.06076
352.42775	-0.06180
352.90987	-0.06338
353.39199	-0.06538
353.87411	-0.06760
354.35622	-0.06976
354.83834	-0.07159
355.32046	-0.07286
355.80257	-0.07339
356.28469	-0.07316
356.76681	-0.07220
357.24893	-0.07065
357.73104	-0.06869
358.21316	-0.06646
358.69528	-0.06412
359.17740	-0.06177
359.65951	-0.05948
360.14163	-0.05730
360.62375	-0.05528
361.10586	-0.05347
361.58798	-0.05197
362.07010	-0.05089
362.55222	-0.05034
363.03433	-0.05039
363.51645	-0.05108
363.99857	-0.05237
364.48069	-0.05412
364.96280	-0.05612
365.44492	-0.05813
365.92704	-0.05991
366.40916	-0.06129
366.89127	-0.06216
367.37339	-0.06256
367.85551	-0.06257
368.33762	-0.06231
368.81974	-0.06190
369.30186	-0.06146
369.78398	-0.06102
370.26609	-0.06062
370.74821	-0.06028
371.23033	-0.06005
371.71245	-0.06000
372.19456	-0.06022
372.67668	-0.06082
373.15880	-0.06185
373.64091	-0.06336
374.12303	-0.06536
374.60515	-0.06782
375.08727	-0.07068
375.56938	-0.07386
376.05150	-0.07721
376.53362	-0.08059
377.01574	-0.08381
377.49785	-0.08677
377.97997	-0.08939
378.46209	-0.09170
378.94421	-0.09376
379.42632	-0.09569
379.90844	-0.09757
380.39056	-0.09950
380.87267	-0.10152
381.35479	-0.10360
381.83691	-0.10565
382.31903	-0.10749
382.80114	-0.10893
383.28326	-0.10973
383.76538	-0.10976
384.24750	-0.10898
384.72961	-0.10755
385.21173	-0.10578
385.69385	-0.10408
386.17596	-0.10291
386.65808	-0.10268
387.14020	-0.10366
387.62232	-0.10594
388.10443	-0.10935
388.58655	-0.11366
389.06867	-0.11850
389.55079	-0.12355
390.03290	-0.12859
390.51502	-0.13351
390.99714	-0.13832
391.47926	-0.14303
391.96137	-0.14757
392.44349	-0.15176
392.92561	-0.15530
393.40772	-0.15778
393.88984	-0.15884
394.37196	-0.15824
394.85408	-0.15595
395.33619	-0.15220
395.81831	-0.14738
396.30043	-0.14206
396.78255	-0.13677
397.26466	-0.13204
397.74678	-0.12817
398.22890	-0.12527
398.71102	-0.12320
399.19313	-0.12158
399.67525	-0.11993
400.15737	-0.11773
400.63948	-0.11460
401.12160	-0.11037
401.60372	-0.10514
402.08584	-0.09922
402.56795	-0.09312
403.05007	-0.08745
403.53219	-0.08282
404.01431	-0.07975
404.49642	-0.07860
404.97854	-0.07956
405.46066	-0.08259
405.94277	-0.08747
406.42489	-0.09383
406.90701	-0.10120
407.38913	-0.10906
407.87124	-0.11686
408.35336	-0.12414
408.83548	-0.13050
409.31760	-0.13569
409.79971	-0.13957
410.28183	-0.14219
410.76395	-0.14367
411.24607	-0.14420
411.72818	-0.14403
412.21030	-0.14335
412.69242	-0.14230
413.17453	-0.14099
413.65665	-0.13949
414.13877	-0.13785
414.62089	-0.13615
415.10300	-0.13451
415.58512	-0.13308
416.06724	-0.13201
416.54936	-0.13145
417.03147	-0.13153
417.51359	-0.13227
417.99571	-0.13367
418.47782	-0.13565
418.95994	-0.13806
419.44206	-0.14073
419.92418	-0.14347
420.40629	-0.14612
420.88841	-0.14857
421.37053	-0.15075
421.85265	-0.15269
422.33476	-0.15449
422.81688	-0.15619
423.29900	-0.15789
423.78112	-0.15960
424.26323	-0.16124
424.74535	-0.16269
425.22747	-0.16373
425.70958	-0.16414
426.19170	-0.16374
426.67382	-0.16236
427.15594	-0.16001
427.63805	-0.15681
428.12017	-0.15300
428.60229	-0.14886
429.08441	-0.14474
429.56652	-0.14088
430.04864	-0.13745
430.53076	-0.13444
431.01287	-0.13180
431.49499	-0.12943
431.97711	-0.12716
432.45923	-0.12481
432.94134	-0.12227
433.42346	-0.11941
433.90558	-0.11622
434.38770	-0.11277
434.86981	-0.10926
435.35193	-0.10603
435.83405	-0.10345
436.31617	-0.10189
436.79828	-0.10171
437.28040	-0.10315
437.76252	-0.10628
438.24463	-0.11105
438.72675	-0.11726
439.20887	-0.12458
439.69099	-0.13261
440.17310	-0.14088
440.65522	-0.14900
441.13734	-0.15662
441.61946	-0.16348
442.10157	-0.16947
442.58369	-0.17450
443.06581	-0.17854
443.54792	-0.18152
444.03004	-0.18331
444.51216	-0.18372
444.99428	-0.18253
445.47639	-0.17962
445.95851	-0.17496
446.44063	-0.16883
446.92275	-0.16173
447.40486	-0.15441
447.88698	-0.14773
448.36910	-0.14247
448.85122	-0.13926
449.33333	-0.13834
449.81545	-0.13963
450.29757	-0.14272
450.77968	-0.14693
451.26180	-0.15145
451.74392	-0.15553
452.22604	-0.15849
452.70815	-0.15993
453.19027	-0.15976
453.67239	-0.15819
454.15451	-0.15563
454.63662	-0.15256
455.11874	-0.14940
455.60086	-0.14646
456.08297	-0.14385
456.56509	-0.14160
457.04721	-0.13969
457.52933	-0.13806
458.01144	-0.13670
458.49356	-0.13559
458.97568	-0.13470
459.45780	-0.13396
459.93991	-0.13331
460.42203	-0.13262
460.90415	-0.13180
461.38627	-0.13068
461.86838	-0.12928
462.35050	-0.12764
462.83262	-0.12595
463.31473	-0.12448
463.79685	-0.12358
464.27897	-0.12355
464.76109	-0.12460
465.24320	-0.12687
465.72532	-0.13025
466.20744	-0.13450
466.68956	-0.13920
467.17167	-0.14389
467.65379	-0.14805
468.13591	-0.15125
468.61802	-0.15317
469.10014	-0.15369
469.58226	-0.15279
470.06438	-0.15059
470.54649	-0.14728
471.02861	-0.14308
471.51073	-0.13824
471.99285	-0.13302
472.47496	-0.12770
472.95708	-0.12249
473.43920	-0.11758
473.92132	-0.11311
474.40343	-0.10910
474.88555	-0.10554
475.36767	-0.10242
475.84978	-0.09977
476.33190	-0.09771
476.81402	-0.09650
477.29614	-0.09647
477.77825	-0.09798
478.26037	-0.10131
478.74249	-0.10648
479.22461	-0.11323
479.70672	-0.12097
480.18884	-0.12878
480.67096	-0.13566
481.15307	-0.14061
481.63519	-0.14293
482.11731	-0.14233
482.59943	-0.13906
483.08154	-0.13380
483.56366	-0.12759
484.04578	-0.12152
484.52790	-0.11656
485.01001	-0.11327
485.49213	-0.11166
485.97425	-0.11116
486.45637	-0.11073
486.93848	-0.10899
487.42060	-0.10469
487.90272	-0.09705
488.38483	-0.08600
488.86695	-0.07229
489.34907	-0.05731
489.83119	-0.04283
490.31330	-0.03085
490.79542	-0.02305
491.27754	-0.02078
491.75966	-0.02474
492.24177	-0.03497
492.72389	-0.05092
493.20601	-0.07161
493.68812	-0.09578
494.17024	-0.12208
494.65236	-0.14928
495.13448	-0.17610
495.61659	-0.20122
496.09871	-0.22330
496.58083	-0.24073
497.06295	-0.25197
497.54506	-0.25577
498.02718	-0.25157
498.50930	-0.23954
498.99142	-0.22094
499.47353	-0.19768
499.95565	-0.17198
500.43777	-0.14587
500.91988	-0.12109
501.40200	-0.09898
501.88412	-0.08058
502.36624	-0.06652
502.84835	-0.05727
503.33047	-0.05310
503.81259	-0.05393
504.29471	-0.05947
504.77682	-0.06903
505.25894	-0.08138
505.74106	-0.09488
506.22318	-0.10756
506.70529	-0.11745
507.18741	-0.12309
507.66953	-0.12375
508.15164	-0.11984
508.63376	-0.11273
509.11588	-0.10438
509.59800	-0.09689
510.08011	-0.09215
510.56223	-0.09137
511.04435	-0.09488
511.52647	-0.10221
512.00858	-0.11199
512.49070	-0.12244
512.97282	-0.13183
513.45493	-0.13908
513.93705	-0.14388
514.41917	-0.14662
514.90129	-0.14817
515.38340	-0.14955
515.86552	-0.15132
516.34764	-0.15383
516.82976	-0.15711
517.31187	-0.16089
517.79399	-0.16471
518.27611	-0.16806
518.75823	-0.17051
519.24034	-0.17184
519.72246	-0.17210
520.20458	-0.17169
520.68669	-0.17104
521.16881	-0.17062
521.65093	-0.17075
522.13305	-0.17142
522.61516	-0.17241
523.09728	-0.17312
523.57940	-0.17279
524.06152	-0.17056
524.54363	-0.16576
525.02575	-0.15791
525.50787	-0.14727
525.98998	-0.13471
526.47210	-0.12160
526.95422	-0.10938
527.43634	-0.09968
527.91845	-0.09356
528.40057	-0.09147
528.88269	-0.09331
529.36481	-0.09892
529.84692	-0.10770
530.32904	-0.11893
530.81116	-0.13192
531.29328	-0.14574
531.77539	-0.15938
532.25751	-0.17188
532.73963	-0.18229
533.22174	-0.19010
533.70386	-0.19488
534.18598	-0.19663
534.66810	-0.19568
535.15021	-0.19234
535.63233	-0.18713
536.11445	-0.18052
536.59657	-0.17283
537.07868	-0.16435
537.56080	-0.15498
538.04292	-0.14442
538.52503	-0.13253
539.00715	-0.11949
539.48927	-0.10613
539.97139	-0.09399
540.45350	-0.08527
540.93562	-0.08171
541.41774	-0.08461
541.89986	-0.09510
542.38197	-0.11374
542.86409	-0.14022
543.34621	-0.17424
543.82833	-0.21515
544.31044	-0.26253
544.79256	-0.31471
545.27468	-0.36892
545.75679	-0.42134
546.23891	-0.46814
546.72103	-0.49969
547.20315	-0.51008
547.68526	-0.49890
548.16738	-0.47210
548.64950	-0.43861
549.13162	-0.40709
549.61373	-0.38335
550.09585	-0.37058
550.57797	-0.36814
551.06008	-0.37443
551.54220	-0.38641
552.02432	-0.40037
552.50644	-0.41322
552.98855	-0.42252
553.47067	-0.42737
553.95279	-0.42843
554.43491	-0.42733
554.91702	-0.42635
555.39914	-0.42849
555.88126	-0.43683
556.36338	-0.45429
556.84549	-0.48247
557.32761	-0.52170
557.80973	-0.57287
558.29184	-0.62641
558.77396	-0.66844
559.25608	-0.68380
559.73820	-0.66439
560.22031	-0.61504
560.70243	-0.54926
561.18455	-0.48041
561.66667	-0.41779
562.14878	-0.36341
562.63090	-0.31863
563.11302	-0.28316
563.59513	-0.25561
564.07725	-0.23487
564.55937	-0.21948
565.04149	-0.20874
565.52360	-0.20323
566.00572	-0.20404
566.48784	-0.21258
566.96996	-0.22938
567.45207	-0.25359
567.93419	-0.28373
568.41631	-0.31776
568.89843	-0.35315
569.38054	-0.38781
569.86266	-0.42001
570.34478	-0.44843
570.82689	-0.47261
571.30901	-0.49131
571.79113	-0.50533
572.27325	-0.51615
572.75536	-0.52712
573.23748	-0.54376
573.71960	-0.57266
574.20172	-0.61643
574.68383	-0.67313
575.16595	-0.73537
575.64807	-0.78846
576.13018	-0.81939
576.61230	-0.82356
577.09442	-0.80618
577.57654	-0.77593
578.05865	-0.73635
578.54077	-0.69367
579.02289	-0.65414
579.50501	-0.62839
579.98712	-0.62106
580.46924	-0.63588
580.95136	-0.68150
581.43348	-0.72365
581.91559	-0.71114
582.39771	-0.62958
582.87983	-0.52197
583.36194	-0.42372
583.84406	-0.34758
584.32618	-0.29765
584.80830	-0.27296
585.29041	-0.26826
585.77253	-0.27700
586.25465	-0.29158
586.73677	-0.30262
587.21888	-0.30561
587.70100	-0.29954
588.18312	-0.28725
588.66523	-0.27382
589.14735	-0.26223
589.62947	-0.25578
590.11159	-0.25688
590.59370	-0.26668
591.07582	-0.28528
591.55794	-0.31047
592.04006	-0.33678
592.52217	-0.35638
593.00429	-0.36121
593.48641	-0.34832
593.96853	-0.32065
594.45064	-0.29116
594.93276	-0.25760
595.41488	-0.21701
595.89699	-0.16866
596.37911	-0.10175
596.86123	0.01279
597.34335	0.11786
597.82546	0.11726
598.30758	0.00699
598.78970	-0.15314
599.27182	-0.33060
599.75393	-0.52223
600.23605	-0.74928
600.71817	-0.93611
601.20029	-0.94686
601.68240	-0.81938
602.16452	-0.69626
602.64664	-0.58524
603.12875	-0.48747
603.61087	-0.40061
604.09299	-0.32259
604.57511	-0.24834
605.05722	-0.17800
605.53934	-0.11288
606.02146	-0.05586
606.50358	-0.01120
606.98569	0.01672
607.46781	0.02432
607.94993	0.01444
608.43204	-0.01059
608.91416	-0.04675
609.39628	-0.08972
609.87840	-0.13667
610.36051	-0.18477
610.84263	-0.23126
611.32475	-0.27565
611.80687	-0.31896
612.28898	-0.35906
612.77110	-0.39588
613.25322	-0.42854
613.73534	-0.45578
614.21745	-0.47626
614.69957	-0.48961
615.18169	-0.49637
615.66380	-0.49911
616.14592	-0.49746
616.62804	-0.49132
617.11016	-0.48126
617.59227	-0.46725
618.07439	-0.45005
618.55651	-0.43185
619.03863	-0.41519
619.52074	-0.39808
620.00286	-0.38329
620.48498	-0.37086
620.96709	-0.36488
621.44921	-0.37256
621.93133	-0.38580
622.41345	-0.37631
622.89556	-0.31698
623.37768	-0.18704
623.85980	-0.01524
624.34192	0.17507
624.82403	0.38417
625.30615	0.73520
625.78827	1.39029
626.27039	1.32185
626.75250	0.78998
627.23462	0.57934
627.71674	0.44029
628.19885	0.33912
628.68097	0.26733
629.16309	0.19250
629.64521	0.10901
630.12732	0.02038
630.60944	-0.06031
631.09156	-0.13956
631.57368	-0.21461
632.05579	-0.28792
632.53791	-0.35837
633.02003	-0.42209
633.50214	-0.47059
633.98426	-0.49308
634.46638	-0.47917
634.94850	-0.42324
635.43061	-0.33593
635.91273	-0.22978
636.39485	-0.11998
636.87697	-0.02076
637.35908	0.05827
637.84120	0.11382
638.32332	0.14735
638.80544	0.16275
639.28755	0.16162
639.76967	0.14533
640.25179	0.11504
640.73390	0.07425
641.21602	0.02785
641.69814	-0.01587
642.18026	-0.04806
642.66237	-0.06175
643.14449	-0.05543
643.62661	-0.03134
644.10873	0.00439
644.59084	0.05245
645.07296	0.09883
645.55508	0.14289
646.03719	0.18556
646.51931	0.23266
647.00143	0.27979
647.48355	0.31493
647.96566	0.32879
648.44778	0.32763
648.92990	0.31473
649.41202	0.29299
649.89413	0.26406
650.37625	0.23179
650.85837	0.18697
651.34049	0.12050
651.82260	0.02000
652.30472	-0.12787
652.78684	-0.33127
653.26895	-0.53310
653.75107	-0.64906
654.23319	-0.67150
654.71531	-0.64609
655.19742	-0.60772
655.67954	-0.56400
656.16166	-0.51999
656.64378	-0.47120
657.12589	-0.42493
657.60801	-0.38873
658.09013	-0.35196
658.57224	-0.32297
659.05436	-0.30061
659.53648	-0.28432
660.01860	-0.27392
660.50071	-0.27233
660.98283	-0.28229
661.46495	-0.31321
661.94707	-0.51047
662.42918	-1.06096
662.91130	-1.33686
663.39342	-0.68658
663.87554	-0.42549
664.35765	-0.26716
664.83977	-0.14459
665.32189	-0.03866
665.80400	0.05741
666.28612	0.15720
666.76824	0.26735
667.25036	0.39701
667.73247	0.64781
668.21459	1.01349
668.69671	1.05356
669.17883	0.71368
669.66094	0.50214
670.14306	0.39563
670.62518	0.36564
671.10729	0.39130
671.58941	0.43632
672.07153	0.52706
672.55365	0.66263
673.03576	0.84187
673.51788	0.93375
674.00000	0.65979
674.48212	0.34282
674.96423	0.16289
675.44635	0.09390
675.92847	0.06876
676.41059	0.06141
676.89270	0.06110
677.37482	0.07346
677.85694	0.09999
678.33905	0.13919
678.82117	0.18662
679.30329	0.23534
679.78541	0.26769
680.26752	0.28091
680.74964	0.28107
681.23176	0.27829
681.71388	0.27485
682.19599	0.27143
682.67811	0.26636
683.16023	0.25724
683.64234	0.24037
684.12446	0.21342
684.60658	0.17567
685.08870	0.12784
685.57081	0.07194
686.05293	0.01072
686.53505	-0.05280
687.01717	-0.11768
687.49928	-0.17846
687.98140	-0.23150
688.46352	-0.27565
688.94564	-0.31081
689.42775	-0.34125
689.90987	-0.37339
690.39199	-0.41388
690.87410	-0.47162
691.35622	-0.52581
691.83834	-0.53245
692.32046	-0.46632
692.80257	-0.36215
693.28469	-0.25242
693.76681	-0.14565
694.24893	-0.04533
694.73104	0.04855
695.21316	0.14121
695.69528	0.23380
696.17740	0.32512
696.65951	0.41949
697.14163	0.51455
697.62375	0.61169
698.10586	0.71806
698.58798	0.81586
699.07010	0.71230
699.55222	0.38511
700.03433	0.05968
700.51645	-0.18612
700.99857	-0.43303
701.48069	-0.54057
701.96280	-0.42223
702.44492	-0.20294
702.92704	-0.04091
703.40915	0.03021
703.89127	0.01479
704.37339	-0.04504
704.85551	-0.12570
705.33762	-0.21595
705.81974	-0.30946
706.30186	-0.40814
706.78398	-0.51086
707.26609	-0.61975
707.74821	-0.73745
708.23033	-0.87759
708.71245	-1.01948
709.19456	-1.12825
709.67668	-1.16996
710.15880	-1.10812
710.64091	-0.96975
711.12303	-0.79977
711.60515	-0.63394
712.08727	-0.49659
712.56938	-0.35710
713.05150	-0.21114
713.53362	-0.05174
714.01574	0.24226
714.49785	0.93967
714.97997	5.00000
715.46209	1.30837
715.94420	0.64690
716.42632	0.39873
716.90844	0.25447
717.39056	0.15837
717.87267	0.07886
718.35479	-0.00287
718.83691	-0.09924
719.31903	-0.22715
719.80114	-0.39299
720.28326	-0.46672
720.76538	-0.30136
721.24750	-0.10369
721.72961	0.04544
722.21173	0.14757
722.69385	0.21217
723.17596	0.24472
723.65808	0.25040
724.14020	0.23256
724.62232	0.19155
725.10443	0.12675
725.58655	0.04038
726.06867	-0.07619
726.55079	-0.21811
727.03290	-0.37569
727.51502	-0.45666
727.99714	-0.37771
728.47925	-0.22955
728.96137	-0.11624
729.44349	-0.04403
729.92561	-0.00020
730.40772	0.01911
730.88984	0.01769
731.37196	-0.00099
731.85408	-0.02543
732.33619	-0.03937
732.81831	-0.02475
733.30043	0.03429
733.78255	0.11676
734.26466	0.19221
734.74678	0.24351
735.22890	0.26093
735.71101	0.24370
736.19313	0.19669
736.67525	0.12890
737.15737	0.05160
737.63948	-0.02010
738.12160	-0.06838
738.60372	-0.08146
739.08584	-0.06279
739.56795	-0.02756
740.05007	0.01062
740.53219	0.03914
741.01430	0.04454
741.49642	0.01709
741.97854	-0.05143
742.46066	-0.16545
742.94277	-0.47686
743.42489	-0.47686
743.90701	5.00000
744.38913	-1.09752
744.87124	-0.63998
745.35336	-0.42808
745.83548	-0.28924
746.31760	-0.18315
746.79971	-0.08042
747.28183	0.02190
747.76395	0.11984
748.24606	0.20506
748.72818	0.25459
749.21030	0.26504
749.69242	0.24767
750.17453	0.20716
750.65665	0.13941
751.13877	0.03788
751.62089	-0.09144
752.10300	-0.23175
752.58512	-0.36005
753.06724	-0.47879
753.54935	-0.57272
754.03147	-0.62335
754.51359	-0.62155
754.99571	-0.56875
755.47782	-0.48306
755.95994	-0.38673
756.44206	-0.29016
756.92418	-0.21625
757.40629	-0.18179
757.88841	-0.19467
758.37053	-0.21160
758.85265	-0.18542
759.33476	-0.11413
759.81688	-0.04237
760.29900	0.02353
760.78111	0.07187
761.26323	0.10667
761.74535	0.13033
762.22747	0.14638
762.70958	0.15637
763.19170	0.16205
763.67382	0.16363
764.15594	0.16589
764.63805	0.15278
765.12017	0.10090
765.60229	-0.01845
766.08440	-0.19191
766.56652	-0.25951
767.04864	-0.17090
767.53076	-0.06042
768.01287	0.03073
768.49499	0.10665
768.97711	0.15882
769.45923	0.17783
769.94134	0.16212
770.42346	0.12245
770.90558	0.07022
771.38770	0.01621
771.86981	-0.02972
772.35193	-0.06647
772.83405	-0.09093
773.31616	-0.10532
773.79828	-0.14399
774.28040	-0.26521
774.76252	-0.35360
775.24463	-0.26494
775.72675	-0.15149
776.20887	-0.05252
776.69099	0.04709
777.17310	0.14856
777.65522	0.25016
778.13734	0.34349
778.61945	0.41410
779.10157	0.44692
779.58369	0.43378
780.06581	0.39323
780.54792	0.33545
781.03004	0.27079
781.51216	0.20643
781.99428	0.14861
782.47639	0.09996
782.95851	0.06135
783.44063	0.03161
783.92275	0.00899
784.40486	-0.01145
784.88698	-0.03503
785.36910	-0.06624
785.85121	-0.10757
786.33333	-0.15765
786.81545	-0.21309
787.29757	-0.27041
787.77968	-0.32216
788.26180	-0.36070
788.74392	-0.37930
789.22604	-0.37499
789.70815	-0.34937
790.19027	-0.31058
790.67239	-0.26776
791.15451	-0.22873
791.63662	-0.20346
792.11874	-0.19508
792.60086	-0.20145
793.08297	-0.20936
793.56509	-0.20753
794.04721	-0.19325
794.52933	-0.17776
795.01144	-0.16907
795.49356	-0.16406
795.97568	-0.12394
796.45780	-0.00066
796.93991	0.20224
797.42203	0.46687
797.90415	0.79130
798.38626	1.23249
798.86838	2.15738
799.35050	1.55063
799.83262	1.09250
800.31473	0.91797
800.79685	0.82154
801.27897	0.69333
801.76109	0.46057
802.24320	-0.02006
802.72532	5.00000
803.20744	-0.55111
803.68956	0.07897
804.17167	0.20266
804.65379	0.18029
805.13591	0.11252
805.61802	0.02376
806.10014	-0.04370
806.58226	-0.07708
807.06438	-0.07941
807.54649	-0.06676
808.02861	-0.05325
808.51073	-0.03927
808.99285	-0.02004
809.47496	0.00827
809.95708	0.04715
810.43920	0.09634
810.92131	0.15381
811.40343	0.21272
811.88555	0.26177
812.36767	0.28733
812.84978	0.28087
813.33190	0.24024
813.81402	0.17503
814.29614	0.09677
814.77825	0.01870
815.26037	-0.05237
815.74249	-0.11254
816.22461	-0.16038
816.70672	-0.19656
817.18884	-0.22148
817.67096	-0.23653
818.15307	-0.24156
818.63519	-0.23500
819.11731	-0.21360
819.59943	-0.17115
820.08154	-0.09193
820.56366	0.04447
821.04578	0.24039
821.52790	0.47094
822.01001	0.49247
822.49213	0.28234
822.97425	0.12222
823.45636	0.05101
823.93848	0.02780
824.42060	-0.00235
824.90272	-0.05351
825.38483	-0.12846
825.86695	-0.22836
826.34907	-0.34401
826.83119	-0.43446
827.31330	-0.43889
827.79542	-0.34724
828.27754	-0.20026
828.75966	-0.04167
829.24177	0.10315
829.72389	0.22386
830.20601	0.32140
830.68812	0.38995
831.17024	0.43506
831.65236	0.48374
832.13448	0.54776
832.61659	0.62226
833.09871	0.69018
833.58083	0.72329
834.06295	0.68394
834.54506	0.59680
835.02718	0.49854
835.50930	0.40848
835.99141	0.32244
836.47353	0.23919
836.95565	0.15799
837.43777	0.08043
837.91988	0.00753
838.40200	-0.05749
838.88412	-0.11102
839.36624	-0.14741
839.84835	-0.16384
840.33047	-0.15963
840.81259	-0.13769
841.29471	-0.09886
841.77682	-0.05357
842.25894	-0.01053
842.74106	0.02062
843.22317	0.03038
843.70529	0.01602
844.18741	-0.01356
844.66953	-0.04313
845.15164	-0.05713
845.63376	-0.04169
846.11588	0.01484
846.59800	0.12205
847.08011	0.33770
847.56223	0.63487
848.04435	0.75073
848.52646	0.56690
849.00858	0.39805
849.49070	0.27733
849.97282	0.18616
850.45493	0.11509
850.93705	0.05385
851.41917	-0.00485
851.90129	-0.06205
852.38340	-0.11628
852.86552	-0.16501
853.34764	-0.20372
853.82976	-0.23236
854.31187	-0.25765
854.79399	-0.28494
855.27611	-0.32966
855.75822	-0.26301
856.24034	-0.08671
856.72246	0.06425
857.20458	0.11926
857.68669	0.14178
858.16881	0.16745
858.65093	0.20651
859.13305	0.25454
859.61516	0.30447
860.09728	0.34435
860.57940	0.36626
861.06151	0.38024
861.54363	0.39229
862.02575	0.41309
862.50787	0.41135
862.98998	0.37493
863.47210	0.29178
863.95422	0.18569
864.43634	0.06280
864.91845	-0.05084
865.40057	-0.15349
865.88269	-0.24391
866.36481	-0.31617
866.84692	-0.35140
867.32904	-0.31445
867.81116	-0.19853
868.29327	-0.02673
868.77539	0.17468
869.25751	0.36378
869.73963	0.48131
870.22174	0.49431
870.70386	0.43134
871.18598	0.34483
871.66810	0.26861
872.15021	0.20967
872.63233	0.15291
873.11445	0.08891
873.59656	0.00771
874.07868	-0.10886
874.56080	-0.29328
875.04292	-0.52437
875.52503	-0.71035
876.00715	-0.72460
876.48927	-0.60790
876.97139	-0.47701
877.45350	-0.37784
877.93562	-0.30165
878.41774	-0.23642
878.89986	-0.19356
879.38197	-0.18493
879.86409	-0.23965
880.34621	-0.37841
880.82832	-0.60587
881.31044	-0.87311
881.79256	-0.84392
882.27468	-0.52062
882.75679	-0.28868
883.23891	-0.18886
883.72103	-0.17663
884.20315	-0.18819
884.68526	-0.21246
885.16738	-0.24054
885.64950	-0.26732
886.13161	-0.28806
886.61373	-0.29895
887.09585	-0.29724
887.57797	-0.28478
888.06008	-0.26121
888.54220	-0.22983
889.02432	-0.19393
889.50644	-0.15436
889.98855	-0.11032
890.47067	-0.06114
890.95279	-0.00833
891.43491	0.04734
891.91702	0.10270
892.39914	0.15099
892.88126	0.18329
893.36337	0.19121
893.84549	0.14677
894.32761	0.04258
894.80973	-0.09870
895.29184	-0.22515
895.77396	-0.29341
896.25608	-0.30327
896.73820	-0.28864
897.22031	-0.26771
897.70243	-0.24351
898.18455	-0.20916
898.66667	-0.15998
899.14878	-0.10344
899.63090	-0.04543
900.11302	-0.01041
900.59513	-0.00091
901.07725	-0.00905
901.55937	-0.01011
902.04149	-0.00184
902.52360	0.01811
903.00572	0.05421
903.48784	0.10481
903.96996	0.16850
904.45207	0.24195
904.93419	0.19170
905.41631	-0.16496
905.89842	5.00000
906.38054	0.16288
906.86266	0.55921
907.34478	0.61561
907.82689	0.57992
908.30901	0.51653
908.79113	0.44836
909.27325	0.37887
909.75536	0.30608
910.23748	0.22696
910.71960	0.14358
911.20172	0.05428
911.68383	-0.03226
912.16595	-0.10527
912.64807	-0.15441
913.13018	-0.17423
913.61230	-0.17116
914.09442	-0.15770
914.57654	-0.15002
915.05865	-0.16006
915.54077	-0.20302
916.02289	-0.29286
916.50501	-0.55241
916.98712	-1.04603
917.46924	-1.05489
917.95136	-0.52396
918.43347	-0.22348
918.91559	-0.00297
919.39771	0.16559
919.87983	0.29043
920.36194	0.38505
920.84406	0.47144
921.32618	0.55155
921.80830	0.62356
922.29041	0.67184
922.77253	0.63961
923.25465	0.52830
923.73677	0.38415
924.21888	0.25385
924.70100	0.13524
925.18312	0.03803
925.66523	-0.02732
926.14735	-0.05343
926.62947	-0.04105
927.11159	0.00230
927.59370	0.06669
928.07582	0.16086
928.55794	0.25497
929.04006	0.28961
929.52217	0.18939
930.00429	-0.51921
930.48641	5.00000
930.96852	-0.30035
931.45064	0.53601
931.93276	0.74782
932.41488	0.56087
932.89699	0.33461
933.37911	0.19995
933.86123	0.14146
934.34335	0.09827
934.82546	0.05777
935.30758	0.00399
935.78970	-0.10434
936.27182	-0.28917
936.75393	-0.41423
937.23605	-0.27249
937.71817	-0.05101
938.20028	0.13777
938.68240	0.28037
939.16452	0.38471
939.64664	0.46166
940.12875	0.53776
940.61087	0.61352
941.09299	0.67522
941.57511	0.68548
942.05722	0.60960
942.53934	0.47685
943.02146	0.34225
943.50357	0.24240
943.98569	0.17442
944.46781	0.15104
944.94993	0.18043
945.43204	0.29635
945.91416	0.50958
946.39628	0.83865
946.87840	1.18181
947.36051	0.95280
947.84263	0.47361
948.32475	0.17862
948.80687	0.23982
949.28898	0.32387
949.77110	0.38856
950.25322	0.38557
950.73533	0.38812
951.21745	0.38248
951.69957	0.48423
952.18169	0.71306
952.66380	0.99957
953.14592	0.97528
953.62804	0.73265
954.11016	0.56937
954.59227	0.50627
955.07439	0.47925
955.55651	0.46004
956.03862	0.44020
956.52074	0.41593
957.00286	0.38686
957.48498	0.35668
957.96709	0.32928
958.44921	0.30990
958.93133	0.28825
959.41345	0.26402
959.89556	0.23409
960.37768	0.19782
960.85980	0.16098
961.34192	0.11923
961.82403	0.07313
962.30615	0.02080
962.78827	-0.03930
963.27038	-0.11176
963.75250	-0.19558
964.23462	-0.28260
964.71674	-0.34803
965.19885	-0.37322
965.68097	-0.35598
966.16309	-0.31679
966.64521	-0.25216
967.12732	-0.17852
967.60944	-0.09992
968.09156	-0.02221
968.57367	0.04668
969.05579	0.10176
969.53791	0.14039
970.02003	0.16361
970.50214	0.17019
970.98426	0.14628
971.46638	0.07154
971.94850	-0.05448
972.43061	-0.20422
972.91273	-0.35383
973.39485	-0.49799
973.87697	-0.64191
974.35908	-0.81616
974.84120	-0.98501
975.32332	-1.01674
975.80543	-0.87080
976.28755	-0.70641
976.76967	-0.61076
977.25179	-0.63656
977.73390	-0.79296
978.21602	-1.06465
978.69814	-1.13529
979.18026	-0.87375
979.66237	-0.62297
980.14449	-0.45849
980.62661	-0.31212
981.10872	-0.17273
981.59084	-0.03505
982.07296	0.07836
982.55508	0.15512
983.03719	0.16345
983.51931	0.12020
984.00143	0.05189
984.48355	-0.00976
984.96566	-0.05783
985.44778	-0.08745
985.92990	-0.09415
986.41202	-0.07795
986.89413	-0.04113
987.37625	0.01189
987.85837	0.08352
988.34048	0.16147
988.82260	0.22251
989.30472	0.22978
989.78684	0.14444
990.26895	-0.04136
990.75107	-0.29099
991.23319	-0.58396
991.71531	-0.80831
992.19742	-0.68846
992.67954	-0.45348
993.16166	-0.31134
993.64378	-0.21728
994.12589	-0.13855
994.60801	-0.06110
995.09013	0.03341
995.57224	0.44729
996.05436	5.00000
996.53648	0.82410
997.01860	-0.01491
997.50071	-0.08645
997.98283	-0.08142
998.46495	-0.05513
998.94707	-0.03139
999.42918	-0.01418
